8.427700e+03 3.300252e+07 1.276793e+06 
7.969750e+03 3.284266e+07 1.361913e+06 
6.218200e+03 2.552515e+07 2.383347e+06 
9.209550e+03 3.752767e+07 1.021435e+06 
9.105700e+03 3.620047e+07 1.057574e+06 
6.240250e+03 2.583795e+07 2.213108e+06 
6.508700e+03 2.628744e+07 1.872630e+06 
6.526900e+03 2.656725e+07 1.787511e+06 
6.437350e+03 2.633480e+07 1.915190e+06 
1.089320e+04 4.155656e+07 8.721289e+05 
6.105800e+03 2.477342e+07 2.553587e+06 
8.182250e+03 3.313321e+07 1.329992e+06 
6.468800e+03 2.655728e+07 1.830070e+06 
8.723350e+03 3.464650e+07 1.106554e+06 
8.252350e+03 3.329334e+07 1.276793e+06 
6.488650e+03 2.655550e+07 1.830070e+06 
6.295350e+03 2.604332e+07 2.127989e+06 
6.802700e+03 2.864267e+07 1.574712e+06 
6.108850e+03 2.476875e+07 2.553587e+06 
6.502250e+03 2.685668e+07 1.744951e+06 
9.137700e+03 3.597049e+07 1.057574e+06 
8.806250e+03 3.417283e+07 1.208656e+06 
6.372700e+03 2.611597e+07 2.042869e+06 
6.443400e+03 2.626915e+07 1.915190e+06 
9.331650e+03 3.799910e+07 9.568890e+05 
6.496350e+03 2.692612e+07 1.787511e+06 
6.369150e+03 2.590636e+07 2.127989e+06 
6.278550e+03 2.609507e+07 2.127989e+06 
8.079550e+03 3.206057e+07 1.489592e+06 
8.553250e+03 3.433357e+07 1.191674e+06 
6.220000e+03 2.545131e+07 2.383347e+06 
8.043750e+03 3.336557e+07 1.359738e+06 
8.988200e+03 3.543618e+07 1.063994e+06 
6.367050e+03 2.640220e+07 2.042869e+06 
9.404000e+03 3.788051e+07 9.568890e+05 
8.861350e+03 3.414096e+07 1.234234e+06 
1.045815e+04 3.986655e+07 9.073666e+05 
7.944450e+03 3.309151e+07 1.361913e+06 
6.249900e+03 2.569600e+07 2.298228e+06 
6.116400e+03 2.489371e+07 2.468467e+06 
6.096150e+03 2.482553e+07 2.553587e+06 
6.506250e+03 2.622866e+07 1.957750e+06 
6.572400e+03 2.703611e+07 1.617271e+06 
6.541950e+03 2.686156e+07 1.702391e+06 
9.217300e+03 3.678272e+07 9.820330e+05 
6.249650e+03 2.578495e+07 2.213108e+06 
6.410250e+03 2.654873e+07 1.957750e+06 
1.007345e+04 4.002861e+07 9.363151e+05 
6.870100e+03 2.887314e+07 1.532152e+06 
6.443950e+03 2.676265e+07 1.872630e+06 

8.445750e+03 3.387000e+07 1.276793e+06 
7.687500e+03 3.157408e+07 1.447032e+06 
6.824650e+03 2.787434e+07 1.787511e+06 
6.830850e+03 2.780170e+07 1.787511e+06 
6.353700e+03 2.604321e+07 2.127989e+06 
6.742350e+03 2.756264e+07 1.872630e+06 
8.431100e+03 3.418204e+07 1.276793e+06 
6.345100e+03 2.583491e+07 2.213108e+06 
8.548200e+03 3.444298e+07 1.191674e+06 
6.123000e+03 2.488486e+07 2.468467e+06 
6.938200e+03 2.827743e+07 1.702391e+06 
6.722050e+03 2.780309e+07 1.872630e+06 
8.656000e+03 3.436570e+07 1.191674e+06 
6.193650e+03 2.530883e+07 2.298228e+06 
1.022590e+04 3.845680e+07 8.987604e+05 
8.643450e+03 3.562604e+07 1.037375e+06 
6.908900e+03 2.838380e+07 1.617271e+06 
6.796750e+03 2.834517e+07 1.755590e+06 
6.142950e+03 2.479087e+07 2.468467e+06 
8.398650e+03 3.336888e+07 1.319353e+06 
6.200600e+03 2.530252e+07 2.298228e+06 
7.888550e+03 3.201958e+07 1.361913e+06 
1.005105e+04 3.780659e+07 1.021435e+06 
6.348200e+03 2.572915e+07 2.213108e+06 
8.572050e+03 3.368110e+07 1.234234e+06 
6.122000e+03 2.506396e+07 2.468467e+06 
7.925350e+03 3.196165e+07 1.361913e+06 
6.574600e+03 2.700087e+07 1.957750e+06 
6.788350e+03 2.753545e+07 1.872630e+06 
6.131750e+03 2.486313e+07 2.383347e+06 
6.373700e+03 2.590155e+07 2.127989e+06 
7.154450e+03 2.901258e+07 1.532152e+06 
9.789250e+03 4.077714e+07 9.518172e+05 
9.656000e+03 4.050815e+07 1.027358e+06 
6.782750e+03 2.798788e+07 1.840710e+06 
6.160700e+03 2.485480e+07 2.468467e+06 
6.814300e+03 2.789717e+07 1.787511e+06 
6.341100e+03 2.618286e+07 2.213108e+06 
8.486050e+03 3.374782e+07 1.276793e+06 
6.501300e+03 2.677231e+07 2.042869e+06 
6.354050e+03 2.592704e+07 2.127989e+06 
7.878550e+03 3.190609e+07 1.415112e+06 
6.871700e+03 2.779976e+07 1.787511e+06 
6.124950e+03 2.483547e+07 2.468467e+06 
9.880700e+03 4.097691e+07 9.043945e+05 
6.816350e+03 2.832253e+07 1.702391e+06 
8.680150e+03 3.497571e+07 1.074634e+06 
7.120250e+03 2.911977e+07 1.532152e+06 
8.323550e+03 3.405766e+07 1.319353e+06 
9.656750e+03 4.091254e+07 9.895141e+05 

6.322450e+03 2.555979e+07 2.213108e+06 
6.769400e+03 2.746273e+07 1.702391e+06 
6.147000e+03 2.484149e+07 2.468467e+06 
8.459300e+03 3.250508e+07 1.208656e+06 
9.251800e+03 3.811234e+07 9.895141e+05 
8.831850e+03 3.464416e+07 1.133115e+06 
6.574650e+03 2.691552e+07 1.840710e+06 
6.489750e+03 2.616549e+07 2.042869e+06 
6.427900e+03 2.602359e+07 2.127989e+06 
7.286300e+03 2.909219e+07 1.447032e+06 
1.014380e+04 4.556422e+07 9.363151e+05 
6.167350e+03 2.481825e+07 2.553587e+06 
7.206300e+03 2.887548e+07 1.532152e+06 
9.166950e+03 3.895182e+07 1.021435e+06 
6.564150e+03 2.675065e+07 1.872630e+06 
6.578500e+03 2.689859e+07 1.787511e+06 
8.084150e+03 3.129841e+07 1.284197e+06 
6.218100e+03 2.517627e+07 2.298228e+06 
1.062620e+04 4.449637e+07 9.064920e+05 
1.143500e+04 4.619781e+07 9.029603e+05 
9.655400e+03 3.726217e+07 9.479465e+05 
6.511050e+03 2.652549e+07 1.957750e+06 
6.900200e+03 2.738689e+07 1.617271e+06 
6.460850e+03 2.634215e+07 2.010949e+06 
8.912150e+03 3.532920e+07 1.106554e+06 
9.001650e+03 3.742946e+07 1.035103e+06 
6.154750e+03 2.483246e+07 2.383347e+06 
6.597950e+03 2.682997e+07 1.840710e+06 
7.240800e+03 2.873295e+07 1.532152e+06 
8.823650e+03 3.461740e+07 1.191674e+06 
9.724150e+03 3.688742e+07 9.479465e+05 
9.293200e+03 3.811259e+07 9.820330e+05 
7.992250e+03 3.120962e+07 1.329992e+06 
6.154650e+03 2.488723e+07 2.383347e+06 
6.155600e+03 2.482625e+07 2.468467e+06 
1.136030e+04 4.732429e+07 9.029603e+05 
6.606600e+03 2.670827e+07 1.872630e+06 
6.146350e+03 2.493530e+07 2.553587e+06 
6.894100e+03 2.780849e+07 1.670470e+06 
7.818150e+03 3.061238e+07 1.361913e+06 
6.402050e+03 2.612778e+07 2.127989e+06 
1.037860e+04 4.336968e+07 9.363151e+05 
6.475050e+03 2.625849e+07 2.042869e+06 
6.418000e+03 2.606079e+07 2.127989e+06 
8.057750e+03 3.111862e+07 1.359738e+06 
6.144200e+03 2.504669e+07 2.468467e+06 
6.208500e+03 2.527490e+07 2.298228e+06 
6.294900e+03 2.566600e+07 2.213108e+06 
6.775750e+03 2.726821e+07 1.702391e+06 
9.507450e+03 3.669949e+07 1.021435e+06 

6.251650e+03 2.546108e+07 2.468467e+06 
7.521950e+03 3.129450e+07 1.361913e+06 
7.093850e+03 2.918808e+07 1.787511e+06 
8.052400e+03 3.446928e+07 1.106554e+06 
7.963650e+03 3.280984e+07 1.276793e+06 
6.628850e+03 2.731893e+07 1.957750e+06 
6.245600e+03 2.546296e+07 2.468467e+06 
8.384550e+03 3.532950e+07 9.121750e+05 
7.933100e+03 3.291499e+07 1.276793e+06 
6.259950e+03 2.545635e+07 2.468467e+06 
6.533700e+03 2.709407e+07 2.213108e+06 
7.027100e+03 2.928891e+07 1.617271e+06 
6.967050e+03 2.917548e+07 1.702391e+06 
8.242500e+03 3.377862e+07 1.021435e+06 
6.243150e+03 2.566581e+07 2.298228e+06 
8.001850e+03 3.326125e+07 1.191674e+06 
8.146850e+03 3.511016e+07 9.820330e+05 
6.553700e+03 2.714392e+07 2.042869e+06 
7.464700e+03 3.237192e+07 1.361913e+06 
8.315150e+03 3.578465e+07 9.121750e+05 
6.220950e+03 2.555165e+07 2.468467e+06 
8.227250e+03 3.405048e+07 9.820330e+05 
6.643650e+03 2.692105e+07 2.127989e+06 
6.221650e+03 2.547028e+07 2.553587e+06 
7.338700e+03 3.218544e+07 1.617271e+06 
8.134450e+03 3.370162e+07 1.106554e+06 
8.146400e+03 3.358387e+07 1.074634e+06 
7.362600e+03 3.110642e+07 1.447032e+06 
6.622750e+03 2.702096e+07 2.127989e+06 
7.202050e+03 3.164483e+07 1.447032e+06 
7.278200e+03 3.153305e+07 1.447032e+06 
6.851050e+03 2.840451e+07 1.872630e+06 
7.037950e+03 2.932354e+07 1.532152e+06 
8.048300e+03 3.452397e+07 1.159753e+06 
6.266050e+03 2.553005e+07 2.468467e+06 
6.924250e+03 2.859804e+07 1.787511e+06 
6.603100e+03 2.695961e+07 2.213108e+06 
6.969750e+03 2.884918e+07 1.702391e+06 
6.226250e+03 2.546515e+07 2.468467e+06 
7.424050e+03 3.248019e+07 1.404473e+06 
8.337800e+03 3.536534e+07 9.121750e+05 
6.244000e+03 2.565102e+07 2.553587e+06 
6.625150e+03 2.747919e+07 1.957750e+06 
7.477450e+03 3.154981e+07 1.361913e+06 
7.048300e+03 2.922632e+07 1.617271e+06 
8.109050e+03 3.484937e+07 1.021435e+06 
8.112200e+03 3.306161e+07 1.191674e+06 
6.208450e+03 2.552366e+07 2.553587e+06 
7.961700e+03 3.440386e+07 1.244873e+06 
6.233750e+03 2.582121e+07 2.383347e+06 

7.367150e+03 3.053567e+07 1.435279e+06 
6.293950e+03 2.560781e+07 2.383347e+06 
7.806150e+03 3.281986e+07 1.244873e+06 
6.148950e+03 2.501327e+07 2.553587e+06 
6.301900e+03 2.550113e+07 2.383347e+06 
6.148000e+03 2.513452e+07 2.553587e+06 
6.294700e+03 2.558313e+07 2.383347e+06 
7.832350e+03 3.231380e+07 1.244873e+06 
8.453950e+03 3.405009e+07 1.021435e+06 
7.128350e+03 2.935764e+07 1.532152e+06 
6.805100e+03 2.785692e+07 1.787511e+06 
6.796200e+03 2.796601e+07 1.702391e+06 
7.818550e+03 3.241006e+07 1.057574e+06 
7.076950e+03 2.936729e+07 1.586361e+06 
6.380200e+03 2.601253e+07 2.213108e+06 
9.318350e+03 3.834150e+07 9.363151e+05 
7.806400e+03 3.240392e+07 1.208656e+06 
9.224500e+03 3.840902e+07 9.363151e+05 
9.347150e+03 3.876655e+07 8.511955e+05 
6.297900e+03 2.553457e+07 2.383347e+06 
9.382750e+03 3.870511e+07 8.511955e+05 
8.666300e+03 3.509161e+07 9.426021e+05 
7.092650e+03 2.905772e+07 1.586361e+06 
6.525700e+03 2.662887e+07 2.042869e+06 
7.760400e+03 3.192652e+07 1.276793e+06 
7.487950e+03 3.147902e+07 1.361913e+06 
7.526850e+03 3.172507e+07 1.359738e+06 
6.292850e+03 2.563553e+07 2.383347e+06 
7.027750e+03 2.884644e+07 1.617271e+06 
7.828700e+03 3.236755e+07 1.057574e+06 
9.392850e+03 3.851027e+07 9.064920e+05 
6.575250e+03 2.667871e+07 1.957750e+06 
7.082850e+03 2.936387e+07 1.532152e+06 
7.136900e+03 2.912586e+07 1.532152e+06 
7.042250e+03 2.951086e+07 1.510820e+06 
8.644500e+03 3.470388e+07 9.820330e+05 
9.342700e+03 3.946714e+07 8.788104e+05 
6.300550e+03 2.551342e+07 2.383347e+06 
6.211050e+03 2.540579e+07 2.468467e+06 
6.409000e+03 2.613833e+07 2.127989e+06 
6.547700e+03 2.677076e+07 1.957750e+06 
6.785350e+03 2.800636e+07 1.787511e+06 
7.287150e+03 2.945478e+07 1.510820e+06 
7.815000e+03 3.251210e+07 1.191674e+06 
6.300350e+03 2.552534e+07 2.383347e+06 
6.316700e+03 2.556498e+07 2.298228e+06 
7.741550e+03 3.238715e+07 1.276793e+06 
9.183350e+03 3.889133e+07 9.363151e+05 
6.590400e+03 2.690691e+07 1.872630e+06 
9.200450e+03 3.859319e+07 9.363151e+05 

9.837350e+03 4.154413e+07 8.809373e+05 
8.664050e+03 3.551063e+07 9.820330e+05 
6.871450e+03 2.841790e+07 1.702391e+06 
9.051800e+03 3.746341e+07 9.211174e+05 
6.579600e+03 2.682248e+07 1.872630e+06 
6.570100e+03 2.691953e+07 1.915190e+06 
7.376750e+03 2.996536e+07 1.435279e+06 
7.707000e+03 3.094188e+07 1.276793e+06 
7.475850e+03 3.040422e+07 1.359738e+06 
6.160100e+03 2.493986e+07 2.468467e+06 
6.377650e+03 2.606910e+07 2.213108e+06 
7.887050e+03 3.188730e+07 1.133115e+06 
6.348100e+03 2.616688e+07 2.213108e+06 
6.518450e+03 2.674307e+07 2.000309e+06 
6.160250e+03 2.502878e+07 2.383347e+06 
6.121250e+03 2.484688e+07 2.553587e+06 
6.952650e+03 2.815180e+07 1.510820e+06 
7.507000e+03 3.045309e+07 1.284197e+06 
7.387100e+03 2.986132e+07 1.361913e+06 
9.741550e+03 4.019681e+07 8.987604e+05 
6.958350e+03 2.811223e+07 1.659831e+06 
6.545050e+03 2.673638e+07 2.000309e+06 
9.043950e+03 3.724372e+07 9.568890e+05 
6.570300e+03 2.688915e+07 1.915190e+06 
8.904000e+03 3.729099e+07 9.568890e+05 
8.728150e+03 3.515503e+07 1.057574e+06 
6.368950e+03 2.625814e+07 2.127989e+06 
6.402850e+03 2.638434e+07 2.042869e+06 
6.114050e+03 2.483274e+07 2.553587e+06 
6.558500e+03 2.667118e+07 2.000309e+06 
8.698550e+03 3.485893e+07 1.074634e+06 
6.155250e+03 2.504029e+07 2.468467e+06 
7.406900e+03 2.967888e+07 1.361913e+06 
6.881400e+03 2.811590e+07 1.532152e+06 
7.068650e+03 2.855682e+07 1.447032e+06 
6.182500e+03 2.501372e+07 2.383347e+06 
7.583600e+03 3.027210e+07 1.329992e+06 
8.715750e+03 3.530118e+07 1.032074e+06 
9.657400e+03 4.033334e+07 8.987604e+05 
6.344100e+03 2.622383e+07 2.213108e+06 
6.735500e+03 2.769006e+07 1.787511e+06 
6.387650e+03 2.619873e+07 2.127989e+06 
6.262800e+03 2.554709e+07 2.298228e+06 
8.717100e+03 3.522141e+07 1.057574e+06 
8.963550e+03 3.756652e+07 9.211174e+05 
7.488650e+03 3.075826e+07 1.329992e+06 
6.929000e+03 2.802233e+07 1.744951e+06 
6.350900e+03 2.609277e+07 2.213108e+06 
8.642000e+03 3.520908e+07 1.057574e+06 
7.956550e+03 3.171914e+07 1.244873e+06 

9.113100e+03 3.749132e+07 9.895141e+05 
6.222400e+03 2.545946e+07 2.383347e+06 
9.700150e+03 4.001226e+07 9.064920e+05 
6.653550e+03 2.739144e+07 1.872630e+06 
9.384300e+03 3.910279e+07 1.021435e+06 
6.564350e+03 2.698863e+07 2.127989e+06 
6.560050e+03 2.700716e+07 2.042869e+06 
6.668850e+03 2.727947e+07 1.957750e+06 
9.546450e+03 3.970695e+07 8.511955e+05 
6.674950e+03 2.729626e+07 1.872630e+06 
6.233600e+03 2.542614e+07 2.298228e+06 
7.691050e+03 3.180690e+07 1.359738e+06 
6.227600e+03 2.534989e+07 2.468467e+06 
7.101600e+03 2.947201e+07 1.702391e+06 
6.231550e+03 2.533983e+07 2.468467e+06 
9.613600e+03 3.964043e+07 8.511955e+05 
7.133150e+03 2.971136e+07 1.617271e+06 
7.177850e+03 2.987337e+07 1.532152e+06 
6.231000e+03 2.535542e+07 2.468467e+06 
7.714250e+03 3.200773e+07 1.276793e+06 
6.213600e+03 2.533605e+07 2.553587e+06 
7.084450e+03 2.922077e+07 1.744951e+06 
9.144850e+03 3.737123e+07 1.057574e+06 
7.918500e+03 3.339307e+07 1.133115e+06 
7.716900e+03 3.196708e+07 1.276793e+06 
6.226300e+03 2.538133e+07 2.468467e+06 
9.388450e+03 3.981962e+07 9.064920e+05 
6.564900e+03 2.698382e+07 2.127989e+06 
8.796100e+03 3.838990e+07 1.057574e+06 
6.654950e+03 2.736746e+07 1.957750e+06 
6.642800e+03 2.744389e+07 1.957750e+06 
7.879550e+03 3.315639e+07 1.191674e+06 
6.223050e+03 2.539301e+07 2.383347e+06 
6.241200e+03 2.538314e+07 2.383347e+06 
7.119750e+03 2.939289e+07 1.702391e+06 
6.208700e+03 2.543072e+07 2.468467e+06 
9.153150e+03 3.816491e+07 9.820330e+05 
9.430550e+03 3.919898e+07 9.363151e+05 
7.284100e+03 3.021442e+07 1.447032e+06 
8.699350e+03 3.746096e+07 1.106554e+06 
6.211550e+03 2.542394e+07 2.553587e+06 
7.136000e+03 2.943026e+07 1.617271e+06 
7.480400e+03 3.090924e+07 1.361913e+06 
6.218100e+03 2.547705e+07 2.383347e+06 
9.515600e+03 3.971050e+07 9.064920e+05 
6.232000e+03 2.551482e+07 2.298228e+06 
6.542050e+03 2.702479e+07 2.127989e+06 
7.060100e+03 2.910477e+07 1.787511e+06 
9.371100e+03 3.924430e+07 9.363151e+05 
7.771850e+03 3.246396e+07 1.208656e+06 

7.029300e+03 2.950076e+07 1.361913e+06 
6.815150e+03 2.783777e+07 1.617271e+06 
9.210900e+03 3.905698e+07 9.820330e+05 
6.330300e+03 2.565808e+07 2.127989e+06 
9.082350e+03 3.896260e+07 1.021435e+06 
6.834300e+03 2.834237e+07 1.586361e+06 
6.822600e+03 2.783155e+07 1.617271e+06 
1.086120e+04 4.380644e+07 9.064920e+05 
6.312650e+03 2.576518e+07 2.213108e+06 
6.564900e+03 2.729854e+07 1.872630e+06 
6.965200e+03 2.912312e+07 1.447032e+06 
8.823650e+03 3.519935e+07 1.057574e+06 
9.164400e+03 3.860489e+07 1.021435e+06 
6.910500e+03 2.878473e+07 1.532152e+06 
6.983350e+03 2.911589e+07 1.500231e+06 
6.570000e+03 2.706940e+07 1.787511e+06 
7.785600e+03 3.291519e+07 1.276793e+06 
7.824000e+03 3.290718e+07 1.208656e+06 
6.581300e+03 2.700248e+07 1.872630e+06 
8.560850e+03 3.483104e+07 1.191674e+06 
6.305900e+03 2.586182e+07 2.213108e+06 
6.574750e+03 2.700330e+07 1.872630e+06 
6.908950e+03 2.885161e+07 1.532152e+06 
6.243550e+03 2.551956e+07 2.298228e+06 
6.209050e+03 2.531861e+07 2.468467e+06 
6.245050e+03 2.546746e+07 2.383347e+06 
6.227900e+03 2.551562e+07 2.383347e+06 
7.027950e+03 2.941854e+07 1.415112e+06 
6.938000e+03 2.897379e+07 1.510820e+06 
8.606750e+03 3.427056e+07 1.191674e+06 
6.197700e+03 2.528851e+07 2.553587e+06 
7.364350e+03 3.064911e+07 1.359738e+06 
7.413450e+03 3.144684e+07 1.284197e+06 
6.189600e+03 2.535544e+07 2.553587e+06 
7.386350e+03 3.120541e+07 1.329992e+06 
6.326450e+03 2.574610e+07 2.127989e+06 
6.590100e+03 2.701589e+07 1.702391e+06 
6.975950e+03 2.911694e+07 1.447032e+06 
6.569050e+03 2.712831e+07 1.702391e+06 
6.949050e+03 2.887435e+07 1.510820e+06 
7.451300e+03 3.116861e+07 1.329992e+06 
7.016150e+03 2.915114e+07 1.435279e+06 
6.271350e+03 2.544157e+07 2.383347e+06 
6.199200e+03 2.544985e+07 2.468467e+06 
8.564700e+03 3.448772e+07 1.106554e+06 
6.471650e+03 2.616232e+07 2.042869e+06 
9.378450e+03 4.045713e+07 9.363151e+05 
6.320750e+03 2.562058e+07 2.213108e+06 
7.275750e+03 3.106750e+07 1.359738e+06 
6.996250e+03 2.919181e+07 1.435279e+06 

7.545700e+03 3.103064e+07 1.359738e+06 
6.404200e+03 2.625231e+07 2.213108e+06 
6.940850e+03 2.822264e+07 1.617271e+06 
6.177800e+03 2.510615e+07 2.553587e+06 
7.430800e+03 3.024358e+07 1.447032e+06 
7.688550e+03 3.171267e+07 1.284197e+06 
8.642250e+03 3.382081e+07 1.074634e+06 
1.038590e+04 4.396717e+07 8.922064e+05 
6.218150e+03 2.531960e+07 2.383347e+06 
6.465350e+03 2.646005e+07 1.957750e+06 
6.438650e+03 2.637226e+07 2.042869e+06 
8.198650e+03 3.299241e+07 1.133115e+06 
7.184200e+03 2.978316e+07 1.510820e+06 
9.006800e+03 3.657670e+07 9.143481e+05 
7.020000e+03 2.846410e+07 1.532152e+06 
6.841050e+03 2.794249e+07 1.702391e+06 
8.595750e+03 3.395394e+07 1.070340e+06 
6.876350e+03 2.824098e+07 1.617271e+06 
8.007450e+03 3.220426e+07 1.208656e+06 
8.974700e+03 3.637254e+07 9.363151e+05 
6.185500e+03 2.504041e+07 2.468467e+06 
8.842250e+03 3.539514e+07 1.057574e+06 
6.828650e+03 2.812326e+07 1.702391e+06 
7.426000e+03 3.065038e+07 1.404473e+06 
6.483400e+03 2.643381e+07 1.957750e+06 
9.196250e+03 3.635915e+07 9.363151e+05 
9.041650e+03 3.621899e+07 9.820330e+05 
6.225900e+03 2.551789e+07 2.298228e+06 
6.809250e+03 2.771216e+07 1.787511e+06 
6.181550e+03 2.502081e+07 2.553587e+06 
6.824850e+03 2.751587e+07 1.872630e+06 
8.779500e+03 3.633577e+07 1.021435e+06 
6.205900e+03 2.542697e+07 2.383347e+06 
7.219700e+03 2.974093e+07 1.510820e+06 
7.648350e+03 3.186782e+07 1.284197e+06 
6.411700e+03 2.597417e+07 2.213108e+06 
6.283250e+03 2.533123e+07 2.298228e+06 
6.778000e+03 2.753243e+07 1.872630e+06 
6.257050e+03 2.513809e+07 2.383347e+06 
8.509850e+03 3.389080e+07 1.074634e+06 
6.181850e+03 2.501971e+07 2.553587e+06 
7.368350e+03 3.115387e+07 1.447032e+06 
6.421750e+03 2.611783e+07 2.127989e+06 
7.557400e+03 3.102398e+07 1.319353e+06 
6.448250e+03 2.624039e+07 2.042869e+06 
6.873200e+03 2.787499e+07 1.702391e+06 
6.857250e+03 2.767752e+07 1.787511e+06 
9.053450e+03 3.658747e+07 9.064920e+05 
7.182100e+03 3.020261e+07 1.510820e+06 
6.943100e+03 2.852019e+07 1.532152e+06 

6.161300e+03 2.490856e+07 2.468467e+06 
9.068550e+03 3.621370e+07 1.021435e+06 
6.517350e+03 2.649058e+07 1.957750e+06 
7.243700e+03 2.937101e+07 1.532152e+06 
6.433450e+03 2.597317e+07 2.042869e+06 
8.606950e+03 3.401210e+07 1.057574e+06 
6.959500e+03 2.881713e+07 1.586361e+06 
6.193550e+03 2.487430e+07 2.383347e+06 
6.411050e+03 2.600786e+07 2.042869e+06 
6.743350e+03 2.760239e+07 1.617271e+06 
8.391650e+03 3.381563e+07 1.106554e+06 
8.423050e+03 3.344455e+07 1.106554e+06 
7.370150e+03 2.952023e+07 1.276793e+06 
7.963850e+03 3.186621e+07 1.133115e+06 
7.254600e+03 2.938594e+07 1.447032e+06 
6.143700e+03 2.488182e+07 2.553587e+06 
6.251350e+03 2.494726e+07 2.213108e+06 
8.550750e+03 3.411558e+07 1.030698e+06 
6.517000e+03 2.651541e+07 1.787511e+06 
7.339450e+03 2.981611e+07 1.276793e+06 
6.229500e+03 2.491951e+07 2.298228e+06 
6.230200e+03 2.510484e+07 2.213108e+06 
6.176400e+03 2.480804e+07 2.468467e+06 
7.407800e+03 3.022093e+07 1.208656e+06 
6.173200e+03 2.481382e+07 2.553587e+06 
6.175400e+03 2.487977e+07 2.383347e+06 
7.306100e+03 2.948853e+07 1.404473e+06 
6.190050e+03 2.491873e+07 2.383347e+06 
7.301900e+03 2.966987e+07 1.361913e+06 
6.572950e+03 2.678852e+07 1.702391e+06 
8.531150e+03 3.425198e+07 1.057574e+06 
9.332050e+03 3.825618e+07 9.820330e+05 
6.174200e+03 2.494480e+07 2.383347e+06 
6.529350e+03 2.643742e+07 1.957750e+06 
7.381550e+03 2.980523e+07 1.234234e+06 
7.352000e+03 2.947405e+07 1.284197e+06 
7.456650e+03 3.008347e+07 1.208656e+06 
9.356750e+03 3.769473e+07 9.479465e+05 
6.215150e+03 2.487120e+07 2.383347e+06 
7.792500e+03 3.153528e+07 1.149114e+06 
9.519900e+03 3.719912e+07 9.954608e+05 
7.261950e+03 2.931051e+07 1.532152e+06 
7.320800e+03 2.955428e+07 1.361913e+06 
7.316500e+03 2.968808e+07 1.284197e+06 
6.271250e+03 2.534893e+07 2.127989e+06 
6.310850e+03 2.513781e+07 2.127989e+06 
7.252950e+03 2.977235e+07 1.447032e+06 
6.427100e+03 2.599338e+07 2.042869e+06 
6.284200e+03 2.514249e+07 2.127989e+06 
6.150550e+03 2.483680e+07 2.553587e+06 

