3.072729e+02 4.328548e+07 5.822795e+06 
2.417623e+02 4.520725e+07 5.822795e+06 
2.250733e+02 4.642992e+07 5.822795e+06 
2.619301e+02 4.453673e+07 5.822795e+06 
2.905860e+02 4.369405e+07 5.822795e+06 
2.866177e+02 4.380290e+07 5.822795e+06 
2.650574e+02 4.434761e+07 5.822795e+06 
2.496892e+02 4.517031e+07 5.822795e+06 
2.921874e+02 4.356386e+07 5.822795e+06 
2.111248e+02 4.810902e+07 5.822795e+06 
2.111248e+02 4.810902e+07 5.822795e+06 
2.111248e+02 4.810902e+07 5.822795e+06 
2.111248e+02 4.810902e+07 5.822795e+06 
2.111248e+02 4.810902e+07 5.822795e+06 
2.111248e+02 4.810902e+07 5.822795e+06 
2.111248e+02 4.810902e+07 5.822795e+06 
2.111248e+02 4.810902e+07 5.822795e+06 
2.111248e+02 4.810902e+07 5.822795e+06 
2.111248e+02 4.810902e+07 5.822795e+06 
2.111248e+02 4.810902e+07 5.822795e+06 
2.111248e+02 4.810902e+07 5.822795e+06 
2.111248e+02 4.810902e+07 5.822795e+06 
2.111248e+02 4.810902e+07 5.822795e+06 
2.111248e+02 4.810902e+07 5.822795e+06 
2.111248e+02 4.810902e+07 5.822795e+06 
2.111248e+02 4.810902e+07 5.822795e+06 
2.111248e+02 4.810902e+07 5.822795e+06 
2.111248e+02 4.810902e+07 5.822795e+06 
2.111248e+02 4.810902e+07 5.822795e+06 
2.111248e+02 4.810902e+07 5.822795e+06 
2.111248e+02 4.810902e+07 5.822795e+06 
2.111248e+02 4.810902e+07 5.822795e+06 
2.111248e+02 4.810902e+07 5.822795e+06 
2.111248e+02 4.810902e+07 5.822795e+06 
2.111248e+02 4.810902e+07 5.822795e+06 
2.111248e+02 4.810902e+07 5.822795e+06 
2.111248e+02 4.810902e+07 5.822795e+06 
2.111248e+02 4.810902e+07 5.822795e+06 
2.111248e+02 4.810902e+07 5.822795e+06 
2.111248e+02 4.810902e+07 5.822795e+06 
2.111248e+02 4.810902e+07 5.822795e+06 
2.111248e+02 4.810902e+07 5.822795e+06 
2.111248e+02 4.810902e+07 5.822795e+06 
2.695736e+02 4.430279e+07 5.822795e+06 
2.791390e+02 4.414485e+07 5.822795e+06 
2.576605e+02 4.488747e+07 5.822795e+06 
2.898000e+02 4.370408e+07 5.822795e+06 
2.621492e+02 4.448348e+07 5.822795e+06 
2.580625e+02 4.477898e+07 5.822795e+06 
2.835171e+02 4.392342e+07 5.822795e+06 
2.577954e+02 4.482385e+07 5.822795e+06 
2.318695e+02 4.598570e+07 5.822795e+06 
2.232610e+02 4.664752e+07 5.822795e+06 
3.082763e+02 4.313376e+07 5.822795e+06 
2.167703e+02 4.710450e+07 5.822795e+06 
2.201946e+02 4.667535e+07 5.822795e+06 
2.730524e+02 4.415598e+07 5.822795e+06 
2.131505e+02 4.763372e+07 5.822795e+06 
2.411852e+02 4.538629e+07 5.822795e+06 
2.342357e+02 4.589567e+07 5.822795e+06 
2.136716e+02 4.725795e+07 5.822795e+06 
2.864690e+02 4.384619e+07 5.822795e+06 
2.842243e+02 4.384881e+07 5.822795e+06 
2.273457e+02 4.620687e+07 5.822795e+06 
2.806270e+02 4.393089e+07 5.822795e+06 
2.132482e+02 4.758369e+07 5.822795e+06 
2.362828e+02 4.573888e+07 5.822795e+06 
2.592748e+02 4.474946e+07 5.822795e+06 
2.616992e+02 4.474592e+07 5.822795e+06 
2.240294e+02 4.653494e+07 5.822795e+06 
2.153393e+02 4.718398e+07 5.822795e+06 
2.318845e+02 4.598486e+07 5.822795e+06 
2.281366e+02 4.619003e+07 5.822795e+06 
2.908981e+02 4.367447e+07 5.822795e+06 
2.255285e+02 4.639723e+07 5.822795e+06 
2.341182e+02 4.593204e+07 5.822795e+06 
2.172430e+02 4.691717e+07 5.822795e+06 
2.242250e+02 4.643488e+07 5.822795e+06 
2.179136e+02 4.685462e+07 5.822795e+06 
2.168842e+02 4.699166e+07 5.822795e+06 
2.370927e+02 4.570270e+07 5.822795e+06 
2.199175e+02 4.676262e+07 5.822795e+06 
2.357733e+02 4.579827e+07 5.822795e+06 
2.240456e+02 4.647213e+07 5.822795e+06 
2.948763e+02 4.349170e+07 5.822795e+06 
2.957898e+02 4.331519e+07 5.822795e+06 
2.409130e+02 4.549565e+07 5.822795e+06 
2.303408e+02 4.611520e+07 5.822795e+06 
2.211101e+02 4.665114e+07 5.822795e+06 
2.519666e+02 4.498499e+07 5.822795e+06 
2.795874e+02 4.405418e+07 5.822795e+06 
2.396390e+02 4.552526e+07 5.822795e+06 
2.255932e+02 4.633569e+07 5.822795e+06 
2.309136e+02 4.610268e+07 5.822795e+06 
2.619256e+02 4.467035e+07 5.822795e+06 
2.239317e+02 4.658497e+07 5.822795e+06 
2.349520e+02 4.589506e+07 5.822795e+06 
2.879610e+02 4.376487e+07 5.822795e+06 
2.566328e+02 4.495809e+07 5.822795e+06 
2.377064e+02 4.558995e+07 5.822795e+06 

2.441596e+02 4.510344e+07 5.822795e+06 
2.747883e+02 4.362168e+07 5.822795e+06 
2.528487e+02 4.472014e+07 5.822795e+06 
2.151761e+02 4.715842e+07 5.822795e+06 
2.210608e+02 4.651274e+07 5.822795e+06 
2.375552e+02 4.528643e+07 5.822795e+06 
2.327622e+02 4.579534e+07 5.822795e+06 
2.943440e+02 4.348861e+07 5.822795e+06 
2.472549e+02 4.475854e+07 5.822795e+06 
2.111248e+02 4.810902e+07 5.822795e+06 
2.111248e+02 4.810902e+07 5.822795e+06 
2.111248e+02 4.810902e+07 5.822795e+06 
2.111248e+02 4.810902e+07 5.822795e+06 
2.111248e+02 4.810902e+07 5.822795e+06 
2.111248e+02 4.810902e+07 5.822795e+06 
2.111248e+02 4.810902e+07 5.822795e+06 
2.111248e+02 4.810902e+07 5.822795e+06 
2.111248e+02 4.810902e+07 5.822795e+06 
2.111248e+02 4.810902e+07 5.822795e+06 
2.111248e+02 4.810902e+07 5.822795e+06 
2.111248e+02 4.810902e+07 5.822795e+06 
2.111248e+02 4.810902e+07 5.822795e+06 
2.111248e+02 4.810902e+07 5.822795e+06 
2.111248e+02 4.810902e+07 5.822795e+06 
2.111248e+02 4.810902e+07 5.822795e+06 
2.111248e+02 4.810902e+07 5.822795e+06 
2.111248e+02 4.810902e+07 5.822795e+06 
2.111248e+02 4.810902e+07 5.822795e+06 
2.111248e+02 4.810902e+07 5.822795e+06 
2.111248e+02 4.810902e+07 5.822795e+06 
2.111248e+02 4.810902e+07 5.822795e+06 
2.111248e+02 4.810902e+07 5.822795e+06 
2.111248e+02 4.810902e+07 5.822795e+06 
2.111248e+02 4.810902e+07 5.822795e+06 
2.111248e+02 4.810902e+07 5.822795e+06 
2.111248e+02 4.810902e+07 5.822795e+06 
2.111248e+02 4.810902e+07 5.822795e+06 
2.111248e+02 4.810902e+07 5.822795e+06 
2.111248e+02 4.810902e+07 5.822795e+06 
2.111248e+02 4.810902e+07 5.822795e+06 
2.111248e+02 4.810902e+07 5.822795e+06 
2.111248e+02 4.810902e+07 5.822795e+06 
2.111248e+02 4.810902e+07 5.822795e+06 
3.137432e+02 4.293699e+07 5.822795e+06 
2.351210e+02 4.561589e+07 5.822795e+06 
2.206374e+02 4.683848e+07 5.822795e+06 
2.184865e+02 4.684210e+07 5.822795e+06 
2.637072e+02 4.417153e+07 5.822795e+06 
2.665572e+02 4.403526e+07 5.822795e+06 
2.177181e+02 4.695468e+07 5.822795e+06 
2.594551e+02 4.434357e+07 5.822795e+06 
2.244767e+02 4.621094e+07 5.822795e+06 
2.741055e+02 4.374094e+07 5.822795e+06 
2.961979e+02 4.320723e+07 5.822795e+06 
2.130204e+02 4.780937e+07 5.822795e+06 
3.038190e+02 4.298096e+07 5.822795e+06 
3.203904e+02 4.274135e+07 5.822795e+06 
2.161732e+02 4.714699e+07 5.822795e+06 
2.721766e+02 4.379886e+07 5.822795e+06 
2.171452e+02 4.696720e+07 5.822795e+06 
2.422744e+02 4.501128e+07 5.822795e+06 
2.135738e+02 4.730798e+07 5.822795e+06 
2.133460e+02 4.753366e+07 5.822795e+06 
2.232279e+02 4.644631e+07 5.822795e+06 
2.284779e+02 4.606121e+07 5.822795e+06 
2.631459e+02 4.427443e+07 5.822795e+06 
2.956336e+02 4.343203e+07 5.822795e+06 
2.206536e+02 4.677567e+07 5.822795e+06 
2.165329e+02 4.713909e+07 5.822795e+06 
2.671533e+02 4.429882e+07 5.822795e+06 
2.150703e+02 4.730410e+07 5.822795e+06 
2.305534e+02 4.597876e+07 5.822795e+06 
2.488127e+02 4.473983e+07 5.822795e+06 
2.627273e+02 4.429098e+07 5.822795e+06 
2.626023e+02 4.429140e+07 5.822795e+06 
2.571276e+02 4.444248e+07 5.822795e+06 
2.685564e+02 4.388521e+07 5.822795e+06 
2.960131e+02 4.340244e+07 5.822795e+06 
2.890252e+02 4.351723e+07 5.822795e+06 
2.272582e+02 4.620584e+07 5.822795e+06 
2.133621e+02 4.747085e+07 5.822795e+06 
2.648124e+02 4.409931e+07 5.822795e+06 
2.602304e+02 4.429505e+07 5.822795e+06 
2.682614e+02 4.400269e+07 5.822795e+06 
2.582785e+02 4.436574e+07 5.822795e+06 
2.312473e+02 4.585981e+07 5.822795e+06 
2.559020e+02 4.457112e+07 5.822795e+06 
3.043345e+02 4.305210e+07 5.822795e+06 
2.309703e+02 4.591403e+07 5.822795e+06 
2.894799e+02 4.373177e+07 5.822795e+06 
2.183071e+02 4.687935e+07 5.822795e+06 
2.533615e+02 4.447823e+07 5.822795e+06 
2.457710e+02 4.496823e+07 5.822795e+06 
2.886254e+02 4.353291e+07 5.822795e+06 
2.284336e+02 4.621903e+07 5.822795e+06 
2.339507e+02 4.567082e+07 5.822795e+06 
2.411340e+02 4.506479e+07 5.822795e+06 
2.374880e+02 4.561441e+07 5.822795e+06 
2.147366e+02 4.754696e+07 5.822795e+06 
2.314995e+02 4.583686e+07 5.822795e+06 

3.021470e+02 4.334464e+07 5.822795e+06 
2.890925e+02 4.358195e+07 5.822795e+06 
2.662226e+02 4.423316e+07 5.822795e+06 
2.764126e+02 4.398082e+07 5.822795e+06 
2.111248e+02 4.810902e+07 5.822795e+06 
2.111248e+02 4.810902e+07 5.822795e+06 
2.111248e+02 4.810902e+07 5.822795e+06 
2.111248e+02 4.810902e+07 5.822795e+06 
2.111248e+02 4.810902e+07 5.822795e+06 
2.111248e+02 4.810902e+07 5.822795e+06 
2.111248e+02 4.810902e+07 5.822795e+06 
2.111248e+02 4.810902e+07 5.822795e+06 
2.111248e+02 4.810902e+07 5.822795e+06 
2.111248e+02 4.810902e+07 5.822795e+06 
2.111248e+02 4.810902e+07 5.822795e+06 
2.111248e+02 4.810902e+07 5.822795e+06 
2.111248e+02 4.810902e+07 5.822795e+06 
2.111248e+02 4.810902e+07 5.822795e+06 
2.111248e+02 4.810902e+07 5.822795e+06 
2.111248e+02 4.810902e+07 5.822795e+06 
2.111248e+02 4.810902e+07 5.822795e+06 
2.111248e+02 4.810902e+07 5.822795e+06 
2.111248e+02 4.810902e+07 5.822795e+06 
2.111248e+02 4.810902e+07 5.822795e+06 
2.111248e+02 4.810902e+07 5.822795e+06 
2.111248e+02 4.810902e+07 5.822795e+06 
2.111248e+02 4.810902e+07 5.822795e+06 
2.111248e+02 4.810902e+07 5.822795e+06 
2.111248e+02 4.810902e+07 5.822795e+06 
2.111248e+02 4.810902e+07 5.822795e+06 
2.111248e+02 4.810902e+07 5.822795e+06 
2.111248e+02 4.810902e+07 5.822795e+06 
2.111248e+02 4.810902e+07 5.822795e+06 
2.111248e+02 4.810902e+07 5.822795e+06 
2.111248e+02 4.810902e+07 5.822795e+06 
2.111248e+02 4.810902e+07 5.822795e+06 
2.111248e+02 4.810902e+07 5.822795e+06 
2.111248e+02 4.810902e+07 5.822795e+06 
2.111248e+02 4.810902e+07 5.822795e+06 
2.111248e+02 4.810902e+07 5.822795e+06 
2.111248e+02 4.810902e+07 5.822795e+06 
2.111248e+02 4.810902e+07 5.822795e+06 
2.111248e+02 4.810902e+07 5.822795e+06 
2.111248e+02 4.810902e+07 5.822795e+06 
2.111248e+02 4.810902e+07 5.822795e+06 
2.111248e+02 4.810902e+07 5.822795e+06 
2.111248e+02 4.810902e+07 5.822795e+06 
2.111248e+02 4.810902e+07 5.822795e+06 
2.111248e+02 4.810902e+07 5.822795e+06 
2.111248e+02 4.810902e+07 5.822795e+06 
2.875955e+02 4.358511e+07 5.822795e+06 
2.337522e+02 4.630053e+07 5.822795e+06 
2.212240e+02 4.653830e+07 5.822795e+06 
3.125963e+02 4.339281e+07 5.822795e+06 
2.802817e+02 4.379079e+07 5.822795e+06 
2.194585e+02 4.666230e+07 5.822795e+06 
2.198852e+02 4.688824e+07 5.822795e+06 
2.365059e+02 4.593392e+07 5.822795e+06 
2.233095e+02 4.645909e+07 5.822795e+06 
2.950666e+02 4.353791e+07 5.822795e+06 
2.982167e+02 4.352515e+07 5.822795e+06 
2.660788e+02 4.448471e+07 5.822795e+06 
2.516976e+02 4.502207e+07 5.822795e+06 
2.744942e+02 4.402329e+07 5.822795e+06 
2.614307e+02 4.455441e+07 5.822795e+06 
2.591174e+02 4.457737e+07 5.822795e+06 
2.404465e+02 4.564784e+07 5.822795e+06 
2.143754e+02 4.739662e+07 5.822795e+06 
2.714740e+02 4.412744e+07 5.822795e+06 
2.137534e+02 4.808628e+07 5.822795e+06 
2.266522e+02 4.601715e+07 5.822795e+06 
2.586683e+02 4.478786e+07 5.822795e+06 
2.569182e+02 4.483840e+07 5.822795e+06 
2.603136e+02 4.474407e+07 5.822795e+06 
2.327195e+02 4.588590e+07 5.822795e+06 
2.565447e+02 4.497284e+07 5.822795e+06 
2.218211e+02 4.649581e+07 5.822795e+06 
3.004236e+02 4.343631e+07 5.822795e+06 
2.161078e+02 4.707140e+07 5.822795e+06 
2.318776e+02 4.589005e+07 5.822795e+06 
2.297347e+02 4.592651e+07 5.822795e+06 
2.851576e+02 4.365658e+07 5.822795e+06 
2.767948e+02 4.396031e+07 5.822795e+06 
2.396369e+02 4.565485e+07 5.822795e+06 
2.255582e+02 4.640543e+07 5.822795e+06 
2.428818e+02 4.526294e+07 5.822795e+06 
2.134599e+02 4.742082e+07 5.822795e+06 
2.178975e+02 4.691743e+07 5.822795e+06 
2.153797e+02 4.709120e+07 5.822795e+06 
2.335534e+02 4.584891e+07 5.822795e+06 
2.778665e+02 4.378889e+07 5.822795e+06 
2.264898e+02 4.631842e+07 5.822795e+06 
2.163113e+02 4.700418e+07 5.822795e+06 
2.359976e+02 4.569520e+07 5.822795e+06 
2.496148e+02 4.525908e+07 5.822795e+06 
2.711040e+02 4.419732e+07 5.822795e+06 
2.126915e+02 4.753340e+07 5.822795e+06 
2.179298e+02 4.679181e+07 5.822795e+06 
2.411001e+02 4.544976e+07 5.822795e+06 
2.536272e+02 4.499886e+07 5.822795e+06 

2.447528e+02 4.529589e+07 5.822795e+06 
2.623406e+02 4.441130e+07 5.822795e+06 
2.598198e+02 4.447424e+07 5.822795e+06 
2.655335e+02 4.438408e+07 5.822795e+06 
2.111248e+02 4.810902e+07 5.822795e+06 
2.111248e+02 4.810902e+07 5.822795e+06 
2.111248e+02 4.810902e+07 5.822795e+06 
2.111248e+02 4.810902e+07 5.822795e+06 
2.111248e+02 4.810902e+07 5.822795e+06 
2.111248e+02 4.810902e+07 5.822795e+06 
2.111248e+02 4.810902e+07 5.822795e+06 
2.111248e+02 4.810902e+07 5.822795e+06 
2.111248e+02 4.810902e+07 5.822795e+06 
2.111248e+02 4.810902e+07 5.822795e+06 
2.111248e+02 4.810902e+07 5.822795e+06 
2.111248e+02 4.810902e+07 5.822795e+06 
2.111248e+02 4.810902e+07 5.822795e+06 
2.111248e+02 4.810902e+07 5.822795e+06 
2.111248e+02 4.810902e+07 5.822795e+06 
2.111248e+02 4.810902e+07 5.822795e+06 
2.111248e+02 4.810902e+07 5.822795e+06 
2.111248e+02 4.810902e+07 5.822795e+06 
2.111248e+02 4.810902e+07 5.822795e+06 
2.111248e+02 4.810902e+07 5.822795e+06 
2.111248e+02 4.810902e+07 5.822795e+06 
2.111248e+02 4.810902e+07 5.822795e+06 
2.111248e+02 4.810902e+07 5.822795e+06 
2.111248e+02 4.810902e+07 5.822795e+06 
2.111248e+02 4.810902e+07 5.822795e+06 
2.111248e+02 4.810902e+07 5.822795e+06 
2.111248e+02 4.810902e+07 5.822795e+06 
2.111248e+02 4.810902e+07 5.822795e+06 
2.111248e+02 4.810902e+07 5.822795e+06 
2.111248e+02 4.810902e+07 5.822795e+06 
2.111248e+02 4.810902e+07 5.822795e+06 
2.111248e+02 4.810902e+07 5.822795e+06 
2.111248e+02 4.810902e+07 5.822795e+06 
2.479228e+02 4.500901e+07 5.822795e+06 
2.997570e+02 4.329604e+07 5.822795e+06 
2.262700e+02 4.644845e+07 5.822795e+06 
2.531652e+02 4.476516e+07 5.822795e+06 
2.584025e+02 4.458474e+07 5.822795e+06 
2.761792e+02 4.402036e+07 5.822795e+06 
2.507223e+02 4.475899e+07 5.822795e+06 
2.775502e+02 4.401837e+07 5.822795e+06 
2.623243e+02 4.445084e+07 5.822795e+06 
2.154936e+02 4.697836e+07 5.822795e+06 
2.281979e+02 4.615167e+07 5.822795e+06 
2.474774e+02 4.507013e+07 5.822795e+06 
2.890150e+02 4.355533e+07 5.822795e+06 
2.133460e+02 4.753366e+07 5.822795e+06 
2.184380e+02 4.703053e+07 5.822795e+06 
2.569538e+02 4.462587e+07 5.822795e+06 
2.176365e+02 4.694190e+07 5.822795e+06 
2.306422e+02 4.586947e+07 5.822795e+06 
2.404456e+02 4.544950e+07 5.822795e+06 
2.743170e+02 4.408543e+07 5.822795e+06 
2.904353e+02 4.348473e+07 5.822795e+06 
2.447493e+02 4.534945e+07 5.822795e+06 
2.150299e+02 4.739688e+07 5.822795e+06 
2.187062e+02 4.671207e+07 5.822795e+06 
2.385212e+02 4.548738e+07 5.822795e+06 
2.459723e+02 4.514823e+07 5.822795e+06 
2.133298e+02 4.759647e+07 5.822795e+06 
2.730660e+02 4.421873e+07 5.822795e+06 
2.366745e+02 4.570347e+07 5.822795e+06 
2.427874e+02 4.538947e+07 5.822795e+06 
2.403636e+02 4.548017e+07 5.822795e+06 
2.426701e+02 4.542581e+07 5.822795e+06 
2.195401e+02 4.667509e+07 5.822795e+06 
2.373611e+02 4.568457e+07 5.822795e+06 
2.589322e+02 4.450580e+07 5.822795e+06 
2.205202e+02 4.639964e+07 5.822795e+06 
2.132975e+02 4.772209e+07 5.822795e+06 
2.933425e+02 4.350852e+07 5.822795e+06 
2.942067e+02 4.339610e+07 5.822795e+06 
2.289170e+02 4.590069e+07 5.822795e+06 
2.365824e+02 4.573928e+07 5.822795e+06 
2.276181e+02 4.623521e+07 5.822795e+06 
2.134599e+02 4.742082e+07 5.822795e+06 
2.664937e+02 4.409709e+07 5.822795e+06 
2.350660e+02 4.578222e+07 5.822795e+06 
2.184704e+02 4.690491e+07 5.822795e+06 
2.203740e+02 4.663810e+07 5.822795e+06 
2.501548e+02 4.497866e+07 5.822795e+06 
2.897874e+02 4.354595e+07 5.822795e+06 
2.784683e+02 4.380236e+07 5.822795e+06 
2.836936e+02 4.364758e+07 5.822795e+06 
2.279127e+02 4.620610e+07 5.822795e+06 
2.755452e+02 4.403961e+07 5.822795e+06 
2.205525e+02 4.627402e+07 5.822795e+06 
2.150703e+02 4.730410e+07 5.822795e+06 
2.556364e+02 4.471029e+07 5.822795e+06 
2.393895e+02 4.545243e+07 5.822795e+06 
2.544563e+02 4.471473e+07 5.822795e+06 
2.365543e+02 4.574549e+07 5.822795e+06 
2.446943e+02 4.537337e+07 5.822795e+06 
2.184865e+02 4.684210e+07 5.822795e+06 
2.265059e+02 4.625561e+07 5.822795e+06 
2.376612e+02 4.559754e+07 5.822795e+06 

2.341576e+02 4.531448e+07 5.822795e+06 
2.523710e+02 4.452239e+07 5.822795e+06 
2.933018e+02 4.331167e+07 5.822795e+06 
2.136554e+02 4.732076e+07 5.822795e+06 
2.169165e+02 4.686604e+07 5.822795e+06 
2.358109e+02 4.527274e+07 5.822795e+06 
2.798186e+02 4.361735e+07 5.822795e+06 
2.282000e+02 4.553597e+07 5.822795e+06 
2.111248e+02 4.810902e+07 5.822795e+06 
2.111248e+02 4.810902e+07 5.822795e+06 
2.111248e+02 4.810902e+07 5.822795e+06 
2.111248e+02 4.810902e+07 5.822795e+06 
2.111248e+02 4.810902e+07 5.822795e+06 
2.111248e+02 4.810902e+07 5.822795e+06 
2.111248e+02 4.810902e+07 5.822795e+06 
2.111248e+02 4.810902e+07 5.822795e+06 
2.111248e+02 4.810902e+07 5.822795e+06 
2.111248e+02 4.810902e+07 5.822795e+06 
2.111248e+02 4.810902e+07 5.822795e+06 
2.111248e+02 4.810902e+07 5.822795e+06 
2.111248e+02 4.810902e+07 5.822795e+06 
2.111248e+02 4.810902e+07 5.822795e+06 
2.111248e+02 4.810902e+07 5.822795e+06 
2.111248e+02 4.810902e+07 5.822795e+06 
2.111248e+02 4.810902e+07 5.822795e+06 
2.111248e+02 4.810902e+07 5.822795e+06 
2.111248e+02 4.810902e+07 5.822795e+06 
2.111248e+02 4.810902e+07 5.822795e+06 
2.111248e+02 4.810902e+07 5.822795e+06 
2.111248e+02 4.810902e+07 5.822795e+06 
2.111248e+02 4.810902e+07 5.822795e+06 
2.111248e+02 4.810902e+07 5.822795e+06 
2.111248e+02 4.810902e+07 5.822795e+06 
2.111248e+02 4.810902e+07 5.822795e+06 
2.111248e+02 4.810902e+07 5.822795e+06 
2.111248e+02 4.810902e+07 5.822795e+06 
2.111248e+02 4.810902e+07 5.822795e+06 
2.111248e+02 4.810902e+07 5.822795e+06 
2.111248e+02 4.810902e+07 5.822795e+06 
2.111248e+02 4.810902e+07 5.822795e+06 
2.111248e+02 4.810902e+07 5.822795e+06 
2.111248e+02 4.810902e+07 5.822795e+06 
2.111248e+02 4.810902e+07 5.822795e+06 
2.111248e+02 4.810902e+07 5.822795e+06 
2.111248e+02 4.810902e+07 5.822795e+06 
2.111248e+02 4.810902e+07 5.822795e+06 
2.111248e+02 4.810902e+07 5.822795e+06 
2.111248e+02 4.810902e+07 5.822795e+06 
2.111248e+02 4.810902e+07 5.822795e+06 
2.111248e+02 4.810902e+07 5.822795e+06 
2.111248e+02 4.810902e+07 5.822795e+06 
2.111248e+02 4.810902e+07 5.822795e+06 
2.111248e+02 4.810902e+07 5.822795e+06 
2.111248e+02 4.810902e+07 5.822795e+06 
2.277940e+02 4.581140e+07 5.822795e+06 
2.360295e+02 4.522451e+07 5.822795e+06 
2.461357e+02 4.490179e+07 5.822795e+06 
2.378718e+02 4.513800e+07 5.822795e+06 
2.386949e+02 4.511707e+07 5.822795e+06 
2.911478e+02 4.333181e+07 5.822795e+06 
2.736289e+02 4.390000e+07 5.822795e+06 
2.185269e+02 4.674932e+07 5.822795e+06 
2.203901e+02 4.657529e+07 5.822795e+06 
2.360225e+02 4.525579e+07 5.822795e+06 
3.000170e+02 4.310921e+07 5.822795e+06 
3.107084e+02 4.299793e+07 5.822795e+06 
2.751639e+02 4.376374e+07 5.822795e+06 
2.995275e+02 4.317382e+07 5.822795e+06 
2.542916e+02 4.451155e+07 5.822795e+06 
2.738108e+02 4.379490e+07 5.822795e+06 
2.595363e+02 4.411473e+07 5.822795e+06 
2.328874e+02 4.533337e+07 5.822795e+06 
2.370613e+02 4.517305e+07 5.822795e+06 
2.167865e+02 4.704169e+07 5.822795e+06 
2.409181e+02 4.490421e+07 5.822795e+06 
2.791634e+02 4.373459e+07 5.822795e+06 
2.254457e+02 4.583736e+07 5.822795e+06 
2.986916e+02 4.320152e+07 5.822795e+06 
2.566416e+02 4.448175e+07 5.822795e+06 
2.281899e+02 4.565887e+07 5.822795e+06 
2.483044e+02 4.460562e+07 5.822795e+06 
2.575254e+02 4.427597e+07 5.822795e+06 
2.145216e+02 4.715816e+07 5.822795e+06 
2.966217e+02 4.326301e+07 5.822795e+06 
2.357003e+02 4.530238e+07 5.822795e+06 
2.201130e+02 4.666257e+07 5.822795e+06 
2.188897e+02 4.672038e+07 5.822795e+06 
2.838005e+02 4.341923e+07 5.822795e+06 
2.236835e+02 4.599495e+07 5.822795e+06 
2.161894e+02 4.708418e+07 5.822795e+06 
2.270225e+02 4.581957e+07 5.822795e+06 
2.566959e+02 4.440565e+07 5.822795e+06 
2.467382e+02 4.470425e+07 5.822795e+06 
2.663607e+02 4.398395e+07 5.822795e+06 
2.119748e+02 4.800922e+07 5.822795e+06 
3.024145e+02 4.309615e+07 5.822795e+06 
2.217252e+02 4.615633e+07 5.822795e+06 
2.726761e+02 4.398259e+07 5.822795e+06 
2.311430e+02 4.538972e+07 5.822795e+06 
2.209952e+02 4.636746e+07 5.822795e+06 

2.489663e+02 4.451772e+07 5.822795e+06 
2.192468e+02 4.682517e+07 5.822795e+06 
2.111248e+02 4.810902e+07 5.822795e+06 
2.111248e+02 4.810902e+07 5.822795e+06 
2.111248e+02 4.810902e+07 5.822795e+06 
2.111248e+02 4.810902e+07 5.822795e+06 
2.111248e+02 4.810902e+07 5.822795e+06 
2.111248e+02 4.810902e+07 5.822795e+06 
2.111248e+02 4.810902e+07 5.822795e+06 
2.111248e+02 4.810902e+07 5.822795e+06 
2.111248e+02 4.810902e+07 5.822795e+06 
2.111248e+02 4.810902e+07 5.822795e+06 
2.111248e+02 4.810902e+07 5.822795e+06 
2.111248e+02 4.810902e+07 5.822795e+06 
2.111248e+02 4.810902e+07 5.822795e+06 
2.111248e+02 4.810902e+07 5.822795e+06 
2.111248e+02 4.810902e+07 5.822795e+06 
2.111248e+02 4.810902e+07 5.822795e+06 
2.111248e+02 4.810902e+07 5.822795e+06 
2.111248e+02 4.810902e+07 5.822795e+06 
2.111248e+02 4.810902e+07 5.822795e+06 
2.111248e+02 4.810902e+07 5.822795e+06 
2.111248e+02 4.810902e+07 5.822795e+06 
2.111248e+02 4.810902e+07 5.822795e+06 
2.111248e+02 4.810902e+07 5.822795e+06 
2.111248e+02 4.810902e+07 5.822795e+06 
2.111248e+02 4.810902e+07 5.822795e+06 
2.111248e+02 4.810902e+07 5.822795e+06 
2.111248e+02 4.810902e+07 5.822795e+06 
2.111248e+02 4.810902e+07 5.822795e+06 
2.111248e+02 4.810902e+07 5.822795e+06 
2.111248e+02 4.810902e+07 5.822795e+06 
2.111248e+02 4.810902e+07 5.822795e+06 
2.111248e+02 4.810902e+07 5.822795e+06 
2.111248e+02 4.810902e+07 5.822795e+06 
2.111248e+02 4.810902e+07 5.822795e+06 
2.111248e+02 4.810902e+07 5.822795e+06 
2.111248e+02 4.810902e+07 5.822795e+06 
2.111248e+02 4.810902e+07 5.822795e+06 
2.111248e+02 4.810902e+07 5.822795e+06 
2.111248e+02 4.810902e+07 5.822795e+06 
2.111248e+02 4.810902e+07 5.822795e+06 
2.111248e+02 4.810902e+07 5.822795e+06 
2.111248e+02 4.810902e+07 5.822795e+06 
2.111248e+02 4.810902e+07 5.822795e+06 
2.111248e+02 4.810902e+07 5.822795e+06 
2.111248e+02 4.810902e+07 5.822795e+06 
2.111248e+02 4.810902e+07 5.822795e+06 
2.111248e+02 4.810902e+07 5.822795e+06 
2.111248e+02 4.810902e+07 5.822795e+06 
2.111248e+02 4.810902e+07 5.822795e+06 
2.111248e+02 4.810902e+07 5.822795e+06 
2.111248e+02 4.810902e+07 5.822795e+06 
2.111248e+02 4.810902e+07 5.822795e+06 
2.656012e+02 4.408042e+07 5.822795e+06 
2.302395e+02 4.603248e+07 5.822795e+06 
2.361853e+02 4.565444e+07 5.822795e+06 
2.317879e+02 4.597292e+07 5.822795e+06 
2.367916e+02 4.544601e+07 5.822795e+06 
2.299477e+02 4.614090e+07 5.822795e+06 
2.342895e+02 4.586196e+07 5.822795e+06 
2.823455e+02 4.369578e+07 5.822795e+06 
2.764042e+02 4.376812e+07 5.822795e+06 
2.128377e+02 4.729494e+07 5.822795e+06 
3.030370e+02 4.324054e+07 5.822795e+06 
2.772240e+02 4.403789e+07 5.822795e+06 
2.487759e+02 4.476205e+07 5.822795e+06 
2.146720e+02 4.779820e+07 5.822795e+06 
2.209792e+02 4.649996e+07 5.822795e+06 
2.359160e+02 4.568242e+07 5.822795e+06 
2.563936e+02 4.436751e+07 5.822795e+06 
2.388513e+02 4.531579e+07 5.822795e+06 
2.198286e+02 4.704383e+07 5.822795e+06 
2.589068e+02 4.412078e+07 5.822795e+06 
2.425411e+02 4.495470e+07 5.822795e+06 
2.682683e+02 4.383352e+07 5.822795e+06 
2.193114e+02 4.657393e+07 5.822795e+06 
2.130656e+02 4.706926e+07 5.822795e+06 
2.360029e+02 4.567206e+07 5.822795e+06 
2.354254e+02 4.569130e+07 5.822795e+06 
2.702884e+02 4.382977e+07 5.822795e+06 
2.347530e+02 4.580480e+07 5.822795e+06 
3.018093e+02 4.330204e+07 5.822795e+06 
2.836766e+02 4.353938e+07 5.822795e+06 
2.436215e+02 4.480354e+07 5.822795e+06 
2.167865e+02 4.704169e+07 5.822795e+06 
2.543950e+02 4.446150e+07 5.822795e+06 
2.253314e+02 4.618352e+07 5.822795e+06 
3.123531e+02 4.337786e+07 5.822795e+06 
2.267015e+02 4.615555e+07 5.822795e+06 
2.184865e+02 4.684210e+07 5.822795e+06 
2.754983e+02 4.378245e+07 5.822795e+06 
2.333074e+02 4.588538e+07 5.822795e+06 
2.406129e+02 4.513253e+07 5.822795e+06 
2.241595e+02 4.635929e+07 5.822795e+06 
2.402219e+02 4.527490e+07 5.822795e+06 
2.886734e+02 4.346433e+07 5.822795e+06 
2.169004e+02 4.692885e+07 5.822795e+06 
2.368384e+02 4.538474e+07 5.822795e+06 
2.305014e+02 4.599773e+07 5.822795e+06 

2.660411e+02 4.419371e+07 5.822795e+06 
2.414581e+02 4.561951e+07 5.822795e+06 
2.498860e+02 4.518684e+07 5.822795e+06 
2.778086e+02 4.382558e+07 5.822795e+06 
2.686223e+02 4.418144e+07 5.822795e+06 
2.553213e+02 4.477487e+07 5.822795e+06 
2.111248e+02 4.810902e+07 5.822795e+06 
2.111248e+02 4.810902e+07 5.822795e+06 
2.111248e+02 4.810902e+07 5.822795e+06 
2.111248e+02 4.810902e+07 5.822795e+06 
2.111248e+02 4.810902e+07 5.822795e+06 
2.111248e+02 4.810902e+07 5.822795e+06 
2.111248e+02 4.810902e+07 5.822795e+06 
2.111248e+02 4.810902e+07 5.822795e+06 
2.111248e+02 4.810902e+07 5.822795e+06 
2.111248e+02 4.810902e+07 5.822795e+06 
2.111248e+02 4.810902e+07 5.822795e+06 
2.111248e+02 4.810902e+07 5.822795e+06 
2.111248e+02 4.810902e+07 5.822795e+06 
2.111248e+02 4.810902e+07 5.822795e+06 
2.111248e+02 4.810902e+07 5.822795e+06 
2.111248e+02 4.810902e+07 5.822795e+06 
2.111248e+02 4.810902e+07 5.822795e+06 
2.111248e+02 4.810902e+07 5.822795e+06 
2.111248e+02 4.810902e+07 5.822795e+06 
2.111248e+02 4.810902e+07 5.822795e+06 
2.111248e+02 4.810902e+07 5.822795e+06 
2.111248e+02 4.810902e+07 5.822795e+06 
2.111248e+02 4.810902e+07 5.822795e+06 
2.111248e+02 4.810902e+07 5.822795e+06 
2.111248e+02 4.810902e+07 5.822795e+06 
2.111248e+02 4.810902e+07 5.822795e+06 
2.111248e+02 4.810902e+07 5.822795e+06 
2.111248e+02 4.810902e+07 5.822795e+06 
2.111248e+02 4.810902e+07 5.822795e+06 
2.111248e+02 4.810902e+07 5.822795e+06 
2.111248e+02 4.810902e+07 5.822795e+06 
2.111248e+02 4.810902e+07 5.822795e+06 
2.111248e+02 4.810902e+07 5.822795e+06 
2.111248e+02 4.810902e+07 5.822795e+06 
2.111248e+02 4.810902e+07 5.822795e+06 
2.111248e+02 4.810902e+07 5.822795e+06 
2.111248e+02 4.810902e+07 5.822795e+06 
2.111248e+02 4.810902e+07 5.822795e+06 
2.111248e+02 4.810902e+07 5.822795e+06 
2.111248e+02 4.810902e+07 5.822795e+06 
2.111248e+02 4.810902e+07 5.822795e+06 
2.111248e+02 4.810902e+07 5.822795e+06 
2.111248e+02 4.810902e+07 5.822795e+06 
2.111248e+02 4.810902e+07 5.822795e+06 
2.111248e+02 4.810902e+07 5.822795e+06 
2.150299e+02 4.739688e+07 5.822795e+06 
2.690133e+02 4.414753e+07 5.822795e+06 
2.556582e+02 4.473075e+07 5.822795e+06 
2.248140e+02 4.635955e+07 5.822795e+06 
2.161974e+02 4.711702e+07 5.822795e+06 
2.828974e+02 4.373656e+07 5.822795e+06 
2.150945e+02 4.714564e+07 5.822795e+06 
2.434666e+02 4.526890e+07 5.822795e+06 
2.816095e+02 4.376590e+07 5.822795e+06 
2.134438e+02 4.748363e+07 5.822795e+06 
2.713601e+02 4.398850e+07 5.822795e+06 
2.335534e+02 4.584891e+07 5.822795e+06 
2.403568e+02 4.573071e+07 5.822795e+06 
2.202269e+02 4.654973e+07 5.822795e+06 
2.318758e+02 4.606353e+07 5.822795e+06 
2.257295e+02 4.633535e+07 5.822795e+06 
2.579703e+02 4.470692e+07 5.822795e+06 
2.164414e+02 4.682854e+07 5.822795e+06 
2.319511e+02 4.599848e+07 5.822795e+06 
2.234072e+02 4.640906e+07 5.822795e+06 
2.468260e+02 4.523016e+07 5.822795e+06 
2.545185e+02 4.492481e+07 5.822795e+06 
2.794920e+02 4.377659e+07 5.822795e+06 
2.372743e+02 4.582135e+07 5.822795e+06 
2.601970e+02 4.438270e+07 5.822795e+06 
2.897807e+02 4.353356e+07 5.822795e+06 
2.829111e+02 4.373453e+07 5.822795e+06 
2.134599e+02 4.742082e+07 5.822795e+06 
2.703617e+02 4.410936e+07 5.822795e+06 
2.294147e+02 4.609009e+07 5.822795e+06 
2.586307e+02 4.463030e+07 5.822795e+06 
2.599294e+02 4.449122e+07 5.822795e+06 
2.901642e+02 4.340344e+07 5.822795e+06 
2.427194e+02 4.556421e+07 5.822795e+06 
2.699094e+02 4.414215e+07 5.822795e+06 
2.603451e+02 4.435874e+07 5.822795e+06 
2.258515e+02 4.625535e+07 5.822795e+06 
2.187960e+02 4.662920e+07 5.822795e+06 
2.372904e+02 4.575854e+07 5.822795e+06 
2.979404e+02 4.298915e+07 5.822795e+06 
2.186085e+02 4.676210e+07 5.822795e+06 
2.906600e+02 4.327563e+07 5.822795e+06 
2.320650e+02 4.588564e+07 5.822795e+06 
2.837596e+02 4.353575e+07 5.822795e+06 
2.836328e+02 4.359791e+07 5.822795e+06 
2.266199e+02 4.614277e+07 5.822795e+06 
2.730975e+02 4.390486e+07 5.822795e+06 
2.501884e+02 4.499371e+07 5.822795e+06 
2.635855e+02 4.427390e+07 5.822795e+06 

2.249429e+02 4.630447e+07 5.822795e+06 
2.299551e+02 4.622839e+07 5.822795e+06 
2.173742e+02 4.708301e+07 5.822795e+06 
3.050522e+02 4.322591e+07 5.822795e+06 
2.333417e+02 4.601178e+07 5.822795e+06 
2.193204e+02 4.680511e+07 5.822795e+06 
2.800983e+02 4.375718e+07 5.822795e+06 
2.548674e+02 4.475377e+07 5.822795e+06 
3.055389e+02 4.306291e+07 5.822795e+06 
2.111248e+02 4.810902e+07 5.822795e+06 
2.111248e+02 4.810902e+07 5.822795e+06 
2.111248e+02 4.810902e+07 5.822795e+06 
2.111248e+02 4.810902e+07 5.822795e+06 
2.111248e+02 4.810902e+07 5.822795e+06 
2.111248e+02 4.810902e+07 5.822795e+06 
2.111248e+02 4.810902e+07 5.822795e+06 
2.111248e+02 4.810902e+07 5.822795e+06 
2.111248e+02 4.810902e+07 5.822795e+06 
2.111248e+02 4.810902e+07 5.822795e+06 
2.111248e+02 4.810902e+07 5.822795e+06 
2.111248e+02 4.810902e+07 5.822795e+06 
2.111248e+02 4.810902e+07 5.822795e+06 
2.111248e+02 4.810902e+07 5.822795e+06 
2.111248e+02 4.810902e+07 5.822795e+06 
2.111248e+02 4.810902e+07 5.822795e+06 
2.111248e+02 4.810902e+07 5.822795e+06 
2.111248e+02 4.810902e+07 5.822795e+06 
2.111248e+02 4.810902e+07 5.822795e+06 
2.111248e+02 4.810902e+07 5.822795e+06 
2.111248e+02 4.810902e+07 5.822795e+06 
2.111248e+02 4.810902e+07 5.822795e+06 
2.111248e+02 4.810902e+07 5.822795e+06 
2.111248e+02 4.810902e+07 5.822795e+06 
2.111248e+02 4.810902e+07 5.822795e+06 
2.111248e+02 4.810902e+07 5.822795e+06 
2.111248e+02 4.810902e+07 5.822795e+06 
2.111248e+02 4.810902e+07 5.822795e+06 
2.111248e+02 4.810902e+07 5.822795e+06 
2.111248e+02 4.810902e+07 5.822795e+06 
2.111248e+02 4.810902e+07 5.822795e+06 
2.111248e+02 4.810902e+07 5.822795e+06 
2.111248e+02 4.810902e+07 5.822795e+06 
2.111248e+02 4.810902e+07 5.822795e+06 
2.111248e+02 4.810902e+07 5.822795e+06 
2.492961e+02 4.490372e+07 5.822795e+06 
2.143261e+02 4.725821e+07 5.822795e+06 
2.149983e+02 4.713802e+07 5.822795e+06 
2.707402e+02 4.402860e+07 5.822795e+06 
2.186379e+02 4.663993e+07 5.822795e+06 
2.726594e+02 4.378753e+07 5.822795e+06 
3.132282e+02 4.290551e+07 5.822795e+06 
2.699145e+02 4.408097e+07 5.822795e+06 
2.429316e+02 4.550030e+07 5.822795e+06 
3.105299e+02 4.288473e+07 5.822795e+06 
2.306903e+02 4.602852e+07 5.822795e+06 
2.852730e+02 4.373197e+07 5.822795e+06 
2.905692e+02 4.333127e+07 5.822795e+06 
2.475415e+02 4.514506e+07 5.822795e+06 
2.961645e+02 4.329239e+07 5.822795e+06 
2.605386e+02 4.439046e+07 5.822795e+06 
3.048315e+02 4.328818e+07 5.822795e+06 
2.239065e+02 4.640074e+07 5.822795e+06 
3.214089e+02 4.259279e+07 5.822795e+06 
2.555405e+02 4.471586e+07 5.822795e+06 
2.445217e+02 4.542635e+07 5.822795e+06 
2.356371e+02 4.570065e+07 5.822795e+06 
2.568553e+02 4.460467e+07 5.822795e+06 
2.386369e+02 4.568756e+07 5.822795e+06 
2.646505e+02 4.417383e+07 5.822795e+06 
2.339434e+02 4.574739e+07 5.822795e+06 
2.600966e+02 4.455152e+07 5.822795e+06 
2.293205e+02 4.624536e+07 5.822795e+06 
2.216256e+02 4.659587e+07 5.822795e+06 
2.486311e+02 4.500505e+07 5.822795e+06 
2.864205e+02 4.358656e+07 5.822795e+06 
2.116459e+02 4.773325e+07 5.822795e+06 
2.442320e+02 4.549752e+07 5.822795e+06 
2.132975e+02 4.772209e+07 5.822795e+06 
2.421305e+02 4.557745e+07 5.822795e+06 
2.601088e+02 4.432380e+07 5.822795e+06 
2.459399e+02 4.532387e+07 5.822795e+06 
2.412378e+02 4.564535e+07 5.822795e+06 
2.364404e+02 4.585833e+07 5.822795e+06 
3.087978e+02 4.293043e+07 5.822795e+06 
2.137011e+02 4.795381e+07 5.822795e+06 
2.566080e+02 4.470897e+07 5.822795e+06 
3.152184e+02 4.281131e+07 5.822795e+06 
2.744853e+02 4.410623e+07 5.822795e+06 
2.455994e+02 4.534033e+07 5.822795e+06 
2.274223e+02 4.625604e+07 5.822795e+06 
2.537503e+02 4.483285e+07 5.822795e+06 
2.494542e+02 4.507152e+07 5.822795e+06 
2.419414e+02 4.561361e+07 5.822795e+06 
2.265177e+02 4.630435e+07 5.822795e+06 
2.182587e+02 4.706778e+07 5.822795e+06 
2.471789e+02 4.530572e+07 5.822795e+06 
2.910458e+02 4.345803e+07 5.822795e+06 
3.134285e+02 4.286656e+07 5.822795e+06 
2.449415e+02 4.536880e+07 5.822795e+06 
2.547739e+02 4.480268e+07 5.822795e+06 

2.158880e+02 4.732992e+07 5.822795e+06 
3.298948e+02 4.296220e+07 5.822795e+06 
2.170636e+02 4.695442e+07 5.822795e+06 
3.117525e+02 4.332505e+07 5.822795e+06 
2.347760e+02 4.584667e+07 5.822795e+06 
2.502135e+02 4.512404e+07 5.822795e+06 
3.429592e+02 4.303251e+07 5.822795e+06 
2.111248e+02 4.810902e+07 5.822795e+06 
2.111248e+02 4.810902e+07 5.822795e+06 
2.111248e+02 4.810902e+07 5.822795e+06 
2.111248e+02 4.810902e+07 5.822795e+06 
2.111248e+02 4.810902e+07 5.822795e+06 
2.111248e+02 4.810902e+07 5.822795e+06 
2.111248e+02 4.810902e+07 5.822795e+06 
2.111248e+02 4.810902e+07 5.822795e+06 
2.111248e+02 4.810902e+07 5.822795e+06 
2.111248e+02 4.810902e+07 5.822795e+06 
2.111248e+02 4.810902e+07 5.822795e+06 
2.111248e+02 4.810902e+07 5.822795e+06 
2.111248e+02 4.810902e+07 5.822795e+06 
2.111248e+02 4.810902e+07 5.822795e+06 
2.111248e+02 4.810902e+07 5.822795e+06 
2.111248e+02 4.810902e+07 5.822795e+06 
2.111248e+02 4.810902e+07 5.822795e+06 
2.111248e+02 4.810902e+07 5.822795e+06 
2.111248e+02 4.810902e+07 5.822795e+06 
2.111248e+02 4.810902e+07 5.822795e+06 
2.111248e+02 4.810902e+07 5.822795e+06 
2.111248e+02 4.810902e+07 5.822795e+06 
2.111248e+02 4.810902e+07 5.822795e+06 
2.111248e+02 4.810902e+07 5.822795e+06 
2.111248e+02 4.810902e+07 5.822795e+06 
2.111248e+02 4.810902e+07 5.822795e+06 
2.111248e+02 4.810902e+07 5.822795e+06 
2.111248e+02 4.810902e+07 5.822795e+06 
2.111248e+02 4.810902e+07 5.822795e+06 
2.111248e+02 4.810902e+07 5.822795e+06 
2.111248e+02 4.810902e+07 5.822795e+06 
2.111248e+02 4.810902e+07 5.822795e+06 
2.111248e+02 4.810902e+07 5.822795e+06 
2.111248e+02 4.810902e+07 5.822795e+06 
2.111248e+02 4.810902e+07 5.822795e+06 
2.111248e+02 4.810902e+07 5.822795e+06 
2.111248e+02 4.810902e+07 5.822795e+06 
2.111248e+02 4.810902e+07 5.822795e+06 
2.111248e+02 4.810902e+07 5.822795e+06 
3.290530e+02 4.303797e+07 5.822795e+06 
2.662472e+02 4.445891e+07 5.822795e+06 
2.302221e+02 4.598206e+07 5.822795e+06 
2.560491e+02 4.481981e+07 5.822795e+06 
2.250163e+02 4.645738e+07 5.822795e+06 
2.366033e+02 4.554627e+07 5.822795e+06 
2.351991e+02 4.568828e+07 5.822795e+06 
2.132482e+02 4.758369e+07 5.822795e+06 
2.756579e+02 4.386516e+07 5.822795e+06 
2.244399e+02 4.682369e+07 5.822795e+06 
2.282189e+02 4.616840e+07 5.822795e+06 
2.530081e+02 4.498157e+07 5.822795e+06 
2.168842e+02 4.699166e+07 5.822795e+06 
2.159041e+02 4.726711e+07 5.822795e+06 
2.346500e+02 4.587098e+07 5.822795e+06 
2.282284e+02 4.604769e+07 5.822795e+06 
2.135868e+02 4.802328e+07 5.822795e+06 
2.214139e+02 4.675874e+07 5.822795e+06 
3.085682e+02 4.338219e+07 5.822795e+06 
2.533713e+02 4.494093e+07 5.822795e+06 
2.254128e+02 4.644052e+07 5.822795e+06 
2.224756e+02 4.649607e+07 5.822795e+06 
2.679952e+02 4.421679e+07 5.822795e+06 
3.127276e+02 4.320119e+07 5.822795e+06 
3.250115e+02 4.315958e+07 5.822795e+06 
2.413319e+02 4.529407e+07 5.822795e+06 
2.593523e+02 4.452365e+07 5.822795e+06 
2.378363e+02 4.552126e+07 5.822795e+06 
2.934090e+02 4.362870e+07 5.822795e+06 
2.354788e+02 4.568240e+07 5.822795e+06 
2.242271e+02 4.648285e+07 5.822795e+06 
2.992775e+02 4.340999e+07 5.822795e+06 
2.160180e+02 4.715427e+07 5.822795e+06 
2.510680e+02 4.511664e+07 5.822795e+06 
2.330486e+02 4.593692e+07 5.822795e+06 
2.517500e+02 4.504708e+07 5.822795e+06 
2.142938e+02 4.738383e+07 5.822795e+06 
2.280843e+02 4.620889e+07 5.822795e+06 
2.334556e+02 4.589894e+07 5.822795e+06 
2.222559e+02 4.662610e+07 5.822795e+06 
2.178482e+02 4.677903e+07 5.822795e+06 
2.255339e+02 4.643541e+07 5.822795e+06 
2.255449e+02 4.628832e+07 5.822795e+06 
3.102963e+02 4.335581e+07 5.822795e+06 
2.433113e+02 4.515052e+07 5.822795e+06 
2.429190e+02 4.524548e+07 5.822795e+06 
2.193446e+02 4.677514e+07 5.822795e+06 
3.237890e+02 4.350043e+07 5.822795e+06 
2.665430e+02 4.435748e+07 5.822795e+06 
2.678525e+02 4.428606e+07 5.822795e+06 
2.142776e+02 4.744664e+07 5.822795e+06 
2.633479e+02 4.446877e+07 5.822795e+06 
2.193446e+02 4.677514e+07 5.822795e+06 
2.161158e+02 4.710424e+07 5.822795e+06 

2.673424e+02 4.457017e+07 5.822795e+06 
2.185391e+02 4.753218e+07 5.822795e+06 
2.351581e+02 4.552552e+07 5.822795e+06 
2.171121e+02 4.676599e+07 5.822795e+06 
2.827457e+02 4.415762e+07 5.822795e+06 
2.858047e+02 4.388650e+07 5.822795e+06 
2.282719e+02 4.606690e+07 5.822795e+06 
2.111248e+02 4.810902e+07 5.822795e+06 
2.111248e+02 4.810902e+07 5.822795e+06 
2.111248e+02 4.810902e+07 5.822795e+06 
2.111248e+02 4.810902e+07 5.822795e+06 
2.111248e+02 4.810902e+07 5.822795e+06 
2.111248e+02 4.810902e+07 5.822795e+06 
2.111248e+02 4.810902e+07 5.822795e+06 
2.111248e+02 4.810902e+07 5.822795e+06 
2.111248e+02 4.810902e+07 5.822795e+06 
2.111248e+02 4.810902e+07 5.822795e+06 
2.111248e+02 4.810902e+07 5.822795e+06 
2.111248e+02 4.810902e+07 5.822795e+06 
2.111248e+02 4.810902e+07 5.822795e+06 
2.111248e+02 4.810902e+07 5.822795e+06 
2.111248e+02 4.810902e+07 5.822795e+06 
2.111248e+02 4.810902e+07 5.822795e+06 
2.111248e+02 4.810902e+07 5.822795e+06 
2.111248e+02 4.810902e+07 5.822795e+06 
2.111248e+02 4.810902e+07 5.822795e+06 
2.111248e+02 4.810902e+07 5.822795e+06 
2.111248e+02 4.810902e+07 5.822795e+06 
2.111248e+02 4.810902e+07 5.822795e+06 
2.111248e+02 4.810902e+07 5.822795e+06 
2.111248e+02 4.810902e+07 5.822795e+06 
2.111248e+02 4.810902e+07 5.822795e+06 
2.111248e+02 4.810902e+07 5.822795e+06 
2.111248e+02 4.810902e+07 5.822795e+06 
2.111248e+02 4.810902e+07 5.822795e+06 
2.111248e+02 4.810902e+07 5.822795e+06 
2.111248e+02 4.810902e+07 5.822795e+06 
2.111248e+02 4.810902e+07 5.822795e+06 
2.111248e+02 4.810902e+07 5.822795e+06 
2.111248e+02 4.810902e+07 5.822795e+06 
2.111248e+02 4.810902e+07 5.822795e+06 
2.111248e+02 4.810902e+07 5.822795e+06 
2.111248e+02 4.810902e+07 5.822795e+06 
2.111248e+02 4.810902e+07 5.822795e+06 
2.111248e+02 4.810902e+07 5.822795e+06 
2.111248e+02 4.810902e+07 5.822795e+06 
2.111248e+02 4.810902e+07 5.822795e+06 
2.111248e+02 4.810902e+07 5.822795e+06 
2.111248e+02 4.810902e+07 5.822795e+06 
2.111248e+02 4.810902e+07 5.822795e+06 
2.111248e+02 4.810902e+07 5.822795e+06 
2.111248e+02 4.810902e+07 5.822795e+06 
2.111248e+02 4.810902e+07 5.822795e+06 
2.111248e+02 4.810902e+07 5.822795e+06 
2.111248e+02 4.810902e+07 5.822795e+06 
2.111248e+02 4.810902e+07 5.822795e+06 
2.111248e+02 4.810902e+07 5.822795e+06 
2.668076e+02 4.462370e+07 5.822795e+06 
2.679839e+02 4.444119e+07 5.822795e+06 
2.334556e+02 4.589894e+07 5.822795e+06 
2.692809e+02 4.439351e+07 5.822795e+06 
2.168842e+02 4.699166e+07 5.822795e+06 
2.528361e+02 4.498623e+07 5.822795e+06 
2.556695e+02 4.490323e+07 5.822795e+06 
2.420972e+02 4.543833e+07 5.822795e+06 
2.859570e+02 4.422523e+07 5.822795e+06 
2.613534e+02 4.462654e+07 5.822795e+06 
2.422703e+02 4.543820e+07 5.822795e+06 
2.828972e+02 4.404675e+07 5.822795e+06 
2.919681e+02 4.388291e+07 5.822795e+06 
2.133621e+02 4.747085e+07 5.822795e+06 
2.159777e+02 4.724705e+07 5.822795e+06 
2.483235e+02 4.505612e+07 5.822795e+06 
2.135415e+02 4.743360e+07 5.822795e+06 
2.736626e+02 4.416001e+07 5.822795e+06 
2.446733e+02 4.527334e+07 5.822795e+06 
2.158225e+02 4.725433e+07 5.822795e+06 
2.846680e+02 4.400133e+07 5.822795e+06 
2.481928e+02 4.521618e+07 5.822795e+06 
3.056836e+02 4.377169e+07 5.822795e+06 
2.311253e+02 4.593981e+07 5.822795e+06 
2.142938e+02 4.738383e+07 5.822795e+06 
2.607754e+02 4.467018e+07 5.822795e+06 
2.569602e+02 4.471133e+07 5.822795e+06 
2.170143e+02 4.681602e+07 5.822795e+06 
2.730300e+02 4.423129e+07 5.822795e+06 
2.674965e+02 4.446789e+07 5.822795e+06 
2.539812e+02 4.491320e+07 5.822795e+06 
2.297681e+02 4.598409e+07 5.822795e+06 
2.609279e+02 4.464544e+07 5.822795e+06 
2.162136e+02 4.705421e+07 5.822795e+06 
2.693966e+02 4.423566e+07 5.822795e+06 
2.627781e+02 4.462647e+07 5.822795e+06 
2.403479e+02 4.549952e+07 5.822795e+06 
2.342159e+02 4.588201e+07 5.822795e+06 
2.347170e+02 4.581145e+07 5.822795e+06 
2.143261e+02 4.725821e+07 5.822795e+06 
2.189753e+02 4.659196e+07 5.822795e+06 
2.222059e+02 4.623827e+07 5.822795e+06 
2.926423e+02 4.371793e+07 5.822795e+06 

