8.828350e+03 3.544221e+07 9.121750e+05 
8.750850e+03 3.558119e+07 9.363151e+05 
8.395400e+03 3.437702e+07 9.820330e+05 
8.915850e+03 3.437678e+07 9.363151e+05 
8.307450e+03 3.388402e+07 9.895141e+05 
8.780550e+03 3.458408e+07 9.363151e+05 
7.268850e+03 3.034469e+07 1.872630e+06 
8.884050e+03 3.502628e+07 9.064920e+05 
7.299950e+03 3.029865e+07 1.872630e+06 
8.048050e+03 3.307428e+07 1.276793e+06 
8.017700e+03 3.302946e+07 1.361913e+06 
8.020200e+03 3.276536e+07 1.532152e+06 
7.966600e+03 3.306594e+07 1.447032e+06 
7.210200e+03 2.988802e+07 1.957750e+06 
8.240700e+03 3.408161e+07 1.244873e+06 
7.363150e+03 3.048628e+07 1.787511e+06 
6.919500e+03 2.889578e+07 2.298228e+06 
7.975250e+03 3.309491e+07 1.361913e+06 
8.247250e+03 3.382315e+07 1.057574e+06 
6.957300e+03 2.937541e+07 2.127989e+06 
6.975600e+03 2.928855e+07 2.127989e+06 
8.022300e+03 3.307891e+07 1.284197e+06 
6.995850e+03 2.878996e+07 2.298228e+06 
7.226150e+03 2.951203e+07 1.957750e+06 
6.961800e+03 2.888403e+07 2.213108e+06 

8.412600e+03 3.416669e+07 1.021435e+06 
7.041350e+03 2.935088e+07 2.213108e+06 
7.637500e+03 3.136560e+07 1.447032e+06 
7.032650e+03 2.961669e+07 2.213108e+06 
8.621250e+03 3.468453e+07 9.121750e+05 
7.029850e+03 2.967994e+07 2.127989e+06 
7.145150e+03 3.003309e+07 1.957750e+06 
8.422100e+03 3.411217e+07 1.021435e+06 
7.634250e+03 3.166113e+07 1.532152e+06 
8.396500e+03 3.456080e+07 1.106554e+06 
8.383950e+03 3.449877e+07 1.159753e+06 
7.325550e+03 3.087662e+07 1.787511e+06 
7.026600e+03 2.956753e+07 2.298228e+06 
7.326450e+03 3.062668e+07 1.925829e+06 
7.574600e+03 3.147835e+07 1.585351e+06 
7.323100e+03 3.103171e+07 1.787511e+06 
7.017600e+03 2.971368e+07 2.383347e+06 
8.074900e+03 3.348407e+07 1.361913e+06 
7.550300e+03 3.166143e+07 1.670470e+06 
7.334950e+03 3.064566e+07 1.702391e+06 
7.270100e+03 3.072845e+07 1.872630e+06 
7.579050e+03 3.108279e+07 1.585351e+06 
8.465300e+03 3.405117e+07 9.363151e+05 
8.097650e+03 3.340730e+07 1.276793e+06 
7.576600e+03 3.131012e+07 1.617271e+06 

6.925350e+03 2.878095e+07 2.127989e+06 
6.961650e+03 2.909743e+07 1.872630e+06 
6.888150e+03 2.889078e+07 1.957750e+06 
6.958750e+03 2.915179e+07 1.872630e+06 
6.991150e+03 2.903548e+07 1.872630e+06 
7.729450e+03 3.156432e+07 1.532152e+06 
6.969550e+03 2.872339e+07 2.181188e+06 
6.922350e+03 2.886901e+07 2.042869e+06 
7.686350e+03 3.148570e+07 1.840710e+06 
8.386550e+03 3.396122e+07 1.057574e+06 
6.540000e+03 2.674955e+07 2.298228e+06 
7.711150e+03 3.137382e+07 1.585351e+06 
7.733450e+03 3.255221e+07 1.659831e+06 
6.634150e+03 2.731736e+07 2.213108e+06 
6.523550e+03 2.675855e+07 2.468467e+06 
7.738800e+03 3.182824e+07 1.702391e+06 
8.479350e+03 3.460125e+07 1.361913e+06 
7.727100e+03 3.223372e+07 1.532152e+06 
7.855700e+03 3.208415e+07 1.447032e+06 
7.632000e+03 3.168904e+07 1.702391e+06 
8.496500e+03 3.452221e+07 9.820330e+05 
6.534450e+03 2.682255e+07 2.383347e+06 
6.573500e+03 2.670189e+07 2.383347e+06 
7.004650e+03 2.900677e+07 2.127989e+06 
7.697300e+03 3.154158e+07 1.617271e+06 

8.163150e+03 3.406077e+07 9.479465e+05 
8.149500e+03 3.388779e+07 9.658323e+05 
7.998100e+03 3.317551e+07 1.106554e+06 
7.995550e+03 3.318162e+07 9.837181e+05 
7.849750e+03 3.273038e+07 1.276793e+06 
6.906300e+03 2.838058e+07 2.127989e+06 
7.304800e+03 3.153438e+07 1.532152e+06 
7.138100e+03 3.039843e+07 1.702391e+06 
8.126250e+03 3.421386e+07 9.363151e+05 
6.830500e+03 2.857370e+07 2.042869e+06 
6.992300e+03 2.970352e+07 1.872630e+06 
7.183050e+03 3.072762e+07 1.617271e+06 
7.306200e+03 3.145713e+07 1.361913e+06 
7.790200e+03 3.285772e+07 1.191674e+06 
7.909950e+03 3.322106e+07 1.106554e+06 
6.876050e+03 2.854079e+07 2.127989e+06 
7.123500e+03 3.047425e+07 1.787511e+06 
6.646900e+03 2.752700e+07 2.468467e+06 
8.568900e+03 3.505714e+07 8.987604e+05 
7.486900e+03 3.207135e+07 1.284197e+06 
6.744650e+03 2.760670e+07 2.213108e+06 
7.830700e+03 3.281166e+07 1.276793e+06 
8.174950e+03 3.411574e+07 9.820330e+05 
6.696300e+03 2.763497e+07 2.298228e+06 
7.317450e+03 3.113390e+07 1.361913e+06 

8.641350e+03 3.590908e+07 8.765331e+05 
8.598000e+03 3.635316e+07 9.043945e+05 
8.327950e+03 3.411952e+07 9.064920e+05 
7.611100e+03 3.147926e+07 1.361913e+06 
7.062850e+03 2.982554e+07 1.617271e+06 
7.581550e+03 3.160197e+07 1.361913e+06 
6.776900e+03 2.795697e+07 1.872630e+06 
8.622900e+03 3.604216e+07 8.764034e+05 
6.662750e+03 2.792473e+07 2.383347e+06 
7.461300e+03 3.116731e+07 1.532152e+06 
7.865950e+03 3.237951e+07 9.820330e+05 
6.770400e+03 2.806741e+07 1.872630e+06 
7.042850e+03 2.974666e+07 1.702391e+06 
7.682000e+03 3.168642e+07 1.276793e+06 
7.627900e+03 3.122695e+07 1.361913e+06 
6.819000e+03 2.837203e+07 1.787511e+06 
6.689700e+03 2.779753e+07 2.213108e+06 
7.958800e+03 3.290585e+07 9.363151e+05 
6.740550e+03 2.812693e+07 1.957750e+06 
7.075950e+03 2.991154e+07 1.585351e+06 
8.123250e+03 3.316270e+07 9.121750e+05 
7.468100e+03 3.118563e+07 1.447032e+06 
7.054950e+03 2.985027e+07 1.617271e+06 
8.615350e+03 3.628573e+07 8.765331e+05 
6.753600e+03 2.788537e+07 2.042869e+06 

8.642950e+03 3.728889e+07 9.895141e+05 
8.429850e+03 3.544369e+07 1.057574e+06 
8.625550e+03 3.530397e+07 9.558168e+05 
8.406700e+03 3.444132e+07 1.276793e+06 
7.523700e+03 3.093908e+07 1.702391e+06 
8.098600e+03 3.397348e+07 1.329522e+06 
7.432900e+03 3.070699e+07 1.787511e+06 
8.252000e+03 3.414242e+07 1.284197e+06 
6.685450e+03 2.780335e+07 2.468467e+06 
8.017350e+03 3.323620e+07 1.405063e+06 
8.193850e+03 3.484657e+07 1.191674e+06 
8.304450e+03 3.474357e+07 1.074634e+06 
7.937100e+03 3.314668e+07 1.500231e+06 
8.650650e+03 3.603531e+07 9.166462e+05 
8.475200e+03 3.544347e+07 9.820330e+05 
7.420650e+03 3.067224e+07 1.957750e+06 
7.485750e+03 3.068819e+07 1.872630e+06 
7.929050e+03 3.312683e+07 1.585351e+06 
7.432450e+03 3.065895e+07 1.957750e+06 
7.404400e+03 3.111820e+07 1.872630e+06 
7.982850e+03 3.369736e+07 1.447032e+06 
7.980450e+03 3.384909e+07 1.361913e+06 
7.875650e+03 3.307543e+07 1.670470e+06 
7.927650e+03 3.327869e+07 1.585351e+06 
7.406400e+03 3.093308e+07 2.042869e+06 

8.335850e+03 3.404100e+07 9.363151e+05 
8.262950e+03 3.414407e+07 9.363151e+05 
8.222250e+03 3.376736e+07 9.820330e+05 
8.495500e+03 3.522647e+07 8.764034e+05 
6.455450e+03 2.700687e+07 2.213108e+06 
8.089500e+03 3.415550e+07 1.106554e+06 
7.032650e+03 2.936127e+07 1.915190e+06 
6.935500e+03 2.954088e+07 1.915190e+06 
8.360500e+03 3.460497e+07 8.764034e+05 
7.420350e+03 3.085625e+07 1.319353e+06 
8.122900e+03 3.317675e+07 1.106554e+06 
7.963750e+03 3.365396e+07 1.276793e+06 
7.030900e+03 2.985695e+07 1.787511e+06 
6.963000e+03 2.944997e+07 1.830070e+06 
7.028100e+03 2.939232e+07 1.915190e+06 
6.857100e+03 2.910348e+07 1.957750e+06 
7.373150e+03 3.099434e+07 1.319353e+06 
6.587100e+03 2.762073e+07 2.127989e+06 
6.964500e+03 2.943266e+07 1.915190e+06 
7.305750e+03 3.060450e+07 1.574712e+06 
7.049000e+03 2.987334e+07 1.744951e+06 
6.544300e+03 2.787369e+07 2.042869e+06 
7.098900e+03 3.011886e+07 1.702391e+06 
8.006850e+03 3.296776e+07 1.191674e+06 
7.338600e+03 3.082591e+07 1.489592e+06 

8.625450e+03 3.567107e+07 9.363151e+05 
8.591600e+03 3.535647e+07 9.820330e+05 
8.573450e+03 3.533310e+07 9.895141e+05 
8.598900e+03 3.572454e+07 9.043945e+05 
8.528900e+03 3.548044e+07 9.820330e+05 
8.524450e+03 3.520322e+07 9.895141e+05 
6.935950e+03 2.911642e+07 2.042869e+06 
7.400050e+03 3.175554e+07 1.702391e+06 
7.441300e+03 3.171554e+07 1.702391e+06 
6.943400e+03 2.911261e+07 1.872630e+06 
8.401650e+03 3.459817e+07 1.074634e+06 
8.445250e+03 3.476915e+07 1.057574e+06 
8.431550e+03 3.480321e+07 1.057574e+06 
6.860300e+03 2.878262e+07 2.127989e+06 
8.394900e+03 3.472471e+07 1.133115e+06 
7.548050e+03 3.230951e+07 1.617271e+06 
7.611450e+03 3.222680e+07 1.617271e+06 
8.330450e+03 3.423602e+07 1.284197e+06 
8.409850e+03 3.457428e+07 1.191674e+06 
6.980450e+03 2.908554e+07 2.042869e+06 
7.561550e+03 3.229873e+07 1.617271e+06 
7.693700e+03 3.225475e+07 1.532152e+06 
8.094000e+03 3.359157e+07 1.359738e+06 
7.715350e+03 3.208320e+07 1.532152e+06 
7.811500e+03 3.281385e+07 1.447032e+06 

8.429700e+03 3.565442e+07 1.276793e+06 
8.693100e+03 3.656911e+07 9.064920e+05 
8.654400e+03 3.619534e+07 9.363151e+05 
6.597500e+03 2.742270e+07 2.042869e+06 
7.783150e+03 3.226629e+07 1.617271e+06 
7.908800e+03 3.249657e+07 1.447032e+06 
6.557900e+03 2.694911e+07 2.298228e+06 
7.802650e+03 3.194800e+07 1.617271e+06 
7.989950e+03 3.233178e+07 1.532152e+06 
7.869500e+03 3.275251e+07 1.532152e+06 
7.878250e+03 3.238146e+07 1.532152e+06 
7.975550e+03 3.273873e+07 1.435279e+06 
6.577700e+03 2.688845e+07 2.468467e+06 
7.593950e+03 3.213795e+07 1.787511e+06 
8.517450e+03 3.555641e+07 1.191674e+06 
7.897400e+03 3.274093e+07 1.361913e+06 
7.628850e+03 3.173000e+07 1.755590e+06 
7.640350e+03 3.224825e+07 1.702391e+06 
7.617550e+03 3.202018e+07 1.787511e+06 
8.495500e+03 3.563281e+07 9.820330e+05 
7.588000e+03 3.206396e+07 1.925829e+06 
7.605850e+03 3.187724e+07 2.010949e+06 
7.716500e+03 3.126188e+07 1.787511e+06 
8.179350e+03 3.449955e+07 1.329992e+06 
7.650100e+03 3.132006e+07 1.702391e+06 

8.345700e+03 3.297237e+07 1.159753e+06 
7.284850e+03 3.062917e+07 1.883269e+06 
7.312000e+03 2.993204e+07 2.000309e+06 
7.307100e+03 3.009712e+07 1.659831e+06 
7.159600e+03 3.031375e+07 1.968389e+06 
8.349000e+03 3.318026e+07 9.954608e+05 
7.273650e+03 3.023625e+07 1.702391e+06 
8.254350e+03 3.286681e+07 1.191674e+06 
7.239100e+03 3.030623e+07 1.830070e+06 
7.248350e+03 3.015519e+07 2.042869e+06 
7.263450e+03 3.009628e+07 2.010949e+06 
7.347400e+03 3.066990e+07 1.574712e+06 
7.234500e+03 3.010307e+07 2.042869e+06 
8.230450e+03 3.284513e+07 1.447032e+06 
8.182900e+03 3.270232e+07 1.361913e+06 
7.276650e+03 2.993703e+07 2.181188e+06 
8.356950e+03 3.315710e+07 1.106554e+06 
7.229900e+03 3.016038e+07 2.096068e+06 
7.255150e+03 3.067983e+07 1.755590e+06 
7.215200e+03 2.976000e+07 2.127989e+06 
8.430600e+03 3.350258e+07 1.191674e+06 
7.243400e+03 3.055228e+07 1.798150e+06 
7.278550e+03 2.999485e+07 1.617271e+06 
8.247850e+03 3.262162e+07 1.361913e+06 
7.354850e+03 3.026243e+07 1.627911e+06 

