1.541804e+02 3.412926e+07 3.814935e+06 
1.590312e+02 3.362181e+07 3.814935e+06 
1.523260e+02 3.453448e+07 3.814935e+06 
1.873981e+02 3.220180e+07 3.814935e+06 
1.488936e+02 3.505928e+07 3.814935e+06 
1.953492e+02 3.189657e+07 3.814935e+06 
1.786890e+02 3.261996e+07 3.814935e+06 
1.498899e+02 3.472103e+07 3.814935e+06 
1.497921e+02 3.477106e+07 3.814935e+06 
1.764409e+02 3.275813e+07 3.814935e+06 
1.482747e+02 3.548508e+07 3.814935e+06 
1.482747e+02 3.548508e+07 3.814935e+06 
1.482747e+02 3.548508e+07 3.814935e+06 
1.482747e+02 3.548508e+07 3.814935e+06 
1.482747e+02 3.548508e+07 3.814935e+06 
1.482747e+02 3.548508e+07 3.814935e+06 
1.482747e+02 3.548508e+07 3.814935e+06 
1.482747e+02 3.548508e+07 3.814935e+06 
1.482747e+02 3.548508e+07 3.814935e+06 
1.482747e+02 3.548508e+07 3.814935e+06 
1.482747e+02 3.548508e+07 3.814935e+06 
1.482747e+02 3.548508e+07 3.814935e+06 
1.482747e+02 3.548508e+07 3.814935e+06 
1.482747e+02 3.548508e+07 3.814935e+06 
1.482747e+02 3.548508e+07 3.814935e+06 
1.482747e+02 3.548508e+07 3.814935e+06 
1.482747e+02 3.548508e+07 3.814935e+06 
1.482747e+02 3.548508e+07 3.814935e+06 
1.482747e+02 3.548508e+07 3.814935e+06 
1.482747e+02 3.548508e+07 3.814935e+06 
1.482747e+02 3.548508e+07 3.814935e+06 
1.482747e+02 3.548508e+07 3.814935e+06 
1.482747e+02 3.548508e+07 3.814935e+06 
1.482747e+02 3.548508e+07 3.814935e+06 
1.482747e+02 3.548508e+07 3.814935e+06 
1.482747e+02 3.548508e+07 3.814935e+06 
1.482747e+02 3.548508e+07 3.814935e+06 
1.482747e+02 3.548508e+07 3.814935e+06 
1.482747e+02 3.548508e+07 3.814935e+06 
1.482747e+02 3.548508e+07 3.814935e+06 
1.482747e+02 3.548508e+07 3.814935e+06 
1.482747e+02 3.548508e+07 3.814935e+06 
1.482747e+02 3.548508e+07 3.814935e+06 
1.482747e+02 3.548508e+07 3.814935e+06 
1.482747e+02 3.548508e+07 3.814935e+06 
1.482747e+02 3.548508e+07 3.814935e+06 
1.482747e+02 3.548508e+07 3.814935e+06 
1.482747e+02 3.548508e+07 3.814935e+06 
1.482747e+02 3.548508e+07 3.814935e+06 
1.482747e+02 3.548508e+07 3.814935e+06 
1.482747e+02 3.548508e+07 3.814935e+06 
1.482747e+02 3.548508e+07 3.814935e+06 
1.482747e+02 3.548508e+07 3.814935e+06 
1.482747e+02 3.548508e+07 3.814935e+06 
1.482747e+02 3.548508e+07 3.814935e+06 
1.482747e+02 3.548508e+07 3.814935e+06 
1.482747e+02 3.548508e+07 3.814935e+06 
1.482747e+02 3.548508e+07 3.814935e+06 
1.482747e+02 3.548508e+07 3.814935e+06 
1.482747e+02 3.548508e+07 3.814935e+06 
1.482747e+02 3.548508e+07 3.814935e+06 
1.482747e+02 3.548508e+07 3.814935e+06 
1.482747e+02 3.548508e+07 3.814935e+06 
1.482747e+02 3.548508e+07 3.814935e+06 
1.583895e+02 3.382856e+07 3.814935e+06 
1.660151e+02 3.347608e+07 3.814935e+06 
1.488120e+02 3.504650e+07 3.814935e+06 
1.694758e+02 3.316675e+07 3.814935e+06 
1.786380e+02 3.264327e+07 3.814935e+06 
1.515738e+02 3.458424e+07 3.814935e+06 
1.985226e+02 3.191119e+07 3.814935e+06 
1.941855e+02 3.190018e+07 3.814935e+06 
1.618185e+02 3.347687e+07 3.814935e+06 
1.497598e+02 3.489668e+07 3.814935e+06 
1.667577e+02 3.338776e+07 3.814935e+06 
1.496459e+02 3.500952e+07 3.814935e+06 
1.524488e+02 3.445884e+07 3.814935e+06 
1.537388e+02 3.430271e+07 3.814935e+06 
1.845794e+02 3.237438e+07 3.814935e+06 
1.744325e+02 3.285981e+07 3.814935e+06 
1.523140e+02 3.453575e+07 3.814935e+06 
1.931763e+02 3.200257e+07 3.814935e+06 
1.488120e+02 3.504650e+07 3.814935e+06 
2.016545e+02 3.189302e+07 3.814935e+06 
1.700092e+02 3.302928e+07 3.814935e+06 
1.534568e+02 3.443542e+07 3.814935e+06 
1.682894e+02 3.316743e+07 3.814935e+06 
1.860022e+02 3.219221e+07 3.814935e+06 
1.576250e+02 3.451580e+07 3.814935e+06 
1.780345e+02 3.272091e+07 3.814935e+06 
1.553410e+02 3.391587e+07 3.814935e+06 
1.894722e+02 3.216480e+07 3.814935e+06 
1.913275e+02 3.203879e+07 3.814935e+06 
1.674776e+02 3.330357e+07 3.814935e+06 
1.815574e+02 3.260352e+07 3.814935e+06 
1.752027e+02 3.284576e+07 3.814935e+06 
1.538586e+02 3.422213e+07 3.814935e+06 
1.819183e+02 3.246116e+07 3.814935e+06 
1.497759e+02 3.483387e+07 3.814935e+06 
1.781758e+02 3.264883e+07 3.814935e+06 

1.573086e+02 3.371048e+07 3.814935e+06 
1.504798e+02 3.497253e+07 3.814935e+06 
1.482747e+02 3.548508e+07 3.814935e+06 
1.482747e+02 3.548508e+07 3.814935e+06 
1.482747e+02 3.548508e+07 3.814935e+06 
1.482747e+02 3.548508e+07 3.814935e+06 
1.482747e+02 3.548508e+07 3.814935e+06 
1.482747e+02 3.548508e+07 3.814935e+06 
1.482747e+02 3.548508e+07 3.814935e+06 
1.482747e+02 3.548508e+07 3.814935e+06 
1.482747e+02 3.548508e+07 3.814935e+06 
1.482747e+02 3.548508e+07 3.814935e+06 
1.482747e+02 3.548508e+07 3.814935e+06 
1.482747e+02 3.548508e+07 3.814935e+06 
1.482747e+02 3.548508e+07 3.814935e+06 
1.482747e+02 3.548508e+07 3.814935e+06 
1.482747e+02 3.548508e+07 3.814935e+06 
1.482747e+02 3.548508e+07 3.814935e+06 
1.482747e+02 3.548508e+07 3.814935e+06 
1.482747e+02 3.548508e+07 3.814935e+06 
1.482747e+02 3.548508e+07 3.814935e+06 
1.482747e+02 3.548508e+07 3.814935e+06 
1.482747e+02 3.548508e+07 3.814935e+06 
1.482747e+02 3.548508e+07 3.814935e+06 
1.482747e+02 3.548508e+07 3.814935e+06 
1.482747e+02 3.548508e+07 3.814935e+06 
1.482747e+02 3.548508e+07 3.814935e+06 
1.482747e+02 3.548508e+07 3.814935e+06 
1.482747e+02 3.548508e+07 3.814935e+06 
1.482747e+02 3.548508e+07 3.814935e+06 
1.482747e+02 3.548508e+07 3.814935e+06 
1.482747e+02 3.548508e+07 3.814935e+06 
1.482747e+02 3.548508e+07 3.814935e+06 
1.482747e+02 3.548508e+07 3.814935e+06 
1.482747e+02 3.548508e+07 3.814935e+06 
1.482747e+02 3.548508e+07 3.814935e+06 
1.482747e+02 3.548508e+07 3.814935e+06 
1.482747e+02 3.548508e+07 3.814935e+06 
1.482747e+02 3.548508e+07 3.814935e+06 
1.482747e+02 3.548508e+07 3.814935e+06 
1.482747e+02 3.548508e+07 3.814935e+06 
1.482747e+02 3.548508e+07 3.814935e+06 
1.482747e+02 3.548508e+07 3.814935e+06 
1.482747e+02 3.548508e+07 3.814935e+06 
1.482747e+02 3.548508e+07 3.814935e+06 
1.482747e+02 3.548508e+07 3.814935e+06 
1.482747e+02 3.548508e+07 3.814935e+06 
1.482747e+02 3.548508e+07 3.814935e+06 
1.482747e+02 3.548508e+07 3.814935e+06 
1.482747e+02 3.548508e+07 3.814935e+06 
1.482747e+02 3.548508e+07 3.814935e+06 
1.482747e+02 3.548508e+07 3.814935e+06 
1.482747e+02 3.548508e+07 3.814935e+06 
1.482747e+02 3.548508e+07 3.814935e+06 
1.482747e+02 3.548508e+07 3.814935e+06 
1.482747e+02 3.548508e+07 3.814935e+06 
1.482747e+02 3.548508e+07 3.814935e+06 
1.482747e+02 3.548508e+07 3.814935e+06 
1.482747e+02 3.548508e+07 3.814935e+06 
1.482747e+02 3.548508e+07 3.814935e+06 
1.482747e+02 3.548508e+07 3.814935e+06 
1.482747e+02 3.548508e+07 3.814935e+06 
1.482747e+02 3.548508e+07 3.814935e+06 
1.541804e+02 3.412926e+07 3.814935e+06 
1.822709e+02 3.264842e+07 3.814935e+06 
1.950971e+02 3.215818e+07 3.814935e+06 
1.685375e+02 3.308542e+07 3.814935e+06 
1.754045e+02 3.280833e+07 3.814935e+06 
1.830816e+02 3.252539e+07 3.814935e+06 
1.617737e+02 3.335462e+07 3.814935e+06 
1.495643e+02 3.503226e+07 3.814935e+06 
1.576744e+02 3.378727e+07 3.814935e+06 
1.566900e+02 3.405114e+07 3.814935e+06 
1.699423e+02 3.303101e+07 3.814935e+06 
1.488120e+02 3.504650e+07 3.814935e+06 
1.995870e+02 3.224000e+07 3.814935e+06 
1.662404e+02 3.324106e+07 3.814935e+06 
1.814464e+02 3.265446e+07 3.814935e+06 
1.714856e+02 3.295640e+07 3.814935e+06 
1.719785e+02 3.280884e+07 3.814935e+06 
1.756525e+02 3.291521e+07 3.814935e+06 
1.497759e+02 3.483387e+07 3.814935e+06 
1.502155e+02 3.444532e+07 3.814935e+06 
1.567592e+02 3.402478e+07 3.814935e+06 
1.497921e+02 3.477106e+07 3.814935e+06 
1.496782e+02 3.488390e+07 3.814935e+06 
1.880751e+02 3.245491e+07 3.814935e+06 
1.500693e+02 3.468378e+07 3.814935e+06 
1.778041e+02 3.280461e+07 3.814935e+06 
1.532164e+02 3.434190e+07 3.814935e+06 
1.496620e+02 3.494671e+07 3.814935e+06 
1.606855e+02 3.353839e+07 3.814935e+06 
1.809874e+02 3.270217e+07 3.814935e+06 
1.883511e+02 3.222922e+07 3.814935e+06 
1.858094e+02 3.247387e+07 3.814935e+06 
1.597760e+02 3.362324e+07 3.814935e+06 
1.788962e+02 3.271700e+07 3.814935e+06 
1.492225e+02 3.533525e+07 3.814935e+06 
1.540503e+02 3.430491e+07 3.814935e+06 
1.675196e+02 3.309143e+07 3.814935e+06 

1.938104e+02 3.227783e+07 3.814935e+06 
2.001099e+02 3.182765e+07 3.814935e+06 
1.650991e+02 3.352685e+07 3.814935e+06 
1.711624e+02 3.304772e+07 3.814935e+06 
1.531154e+02 3.402459e+07 3.814935e+06 
1.704401e+02 3.308519e+07 3.814935e+06 
1.925513e+02 3.231937e+07 3.814935e+06 
1.643868e+02 3.356779e+07 3.814935e+06 
1.482747e+02 3.548508e+07 3.814935e+06 
1.482747e+02 3.548508e+07 3.814935e+06 
1.482747e+02 3.548508e+07 3.814935e+06 
1.482747e+02 3.548508e+07 3.814935e+06 
1.482747e+02 3.548508e+07 3.814935e+06 
1.482747e+02 3.548508e+07 3.814935e+06 
1.482747e+02 3.548508e+07 3.814935e+06 
1.482747e+02 3.548508e+07 3.814935e+06 
1.482747e+02 3.548508e+07 3.814935e+06 
1.482747e+02 3.548508e+07 3.814935e+06 
1.482747e+02 3.548508e+07 3.814935e+06 
1.482747e+02 3.548508e+07 3.814935e+06 
1.482747e+02 3.548508e+07 3.814935e+06 
1.482747e+02 3.548508e+07 3.814935e+06 
1.482747e+02 3.548508e+07 3.814935e+06 
1.482747e+02 3.548508e+07 3.814935e+06 
1.482747e+02 3.548508e+07 3.814935e+06 
1.482747e+02 3.548508e+07 3.814935e+06 
1.482747e+02 3.548508e+07 3.814935e+06 
1.482747e+02 3.548508e+07 3.814935e+06 
1.482747e+02 3.548508e+07 3.814935e+06 
1.482747e+02 3.548508e+07 3.814935e+06 
1.482747e+02 3.548508e+07 3.814935e+06 
1.482747e+02 3.548508e+07 3.814935e+06 
1.482747e+02 3.548508e+07 3.814935e+06 
1.482747e+02 3.548508e+07 3.814935e+06 
1.482747e+02 3.548508e+07 3.814935e+06 
1.482747e+02 3.548508e+07 3.814935e+06 
1.482747e+02 3.548508e+07 3.814935e+06 
1.482747e+02 3.548508e+07 3.814935e+06 
1.482747e+02 3.548508e+07 3.814935e+06 
1.482747e+02 3.548508e+07 3.814935e+06 
1.482747e+02 3.548508e+07 3.814935e+06 
1.482747e+02 3.548508e+07 3.814935e+06 
1.482747e+02 3.548508e+07 3.814935e+06 
1.482747e+02 3.548508e+07 3.814935e+06 
1.482747e+02 3.548508e+07 3.814935e+06 
1.482747e+02 3.548508e+07 3.814935e+06 
1.482747e+02 3.548508e+07 3.814935e+06 
1.482747e+02 3.548508e+07 3.814935e+06 
1.482747e+02 3.548508e+07 3.814935e+06 
1.482747e+02 3.548508e+07 3.814935e+06 
1.482747e+02 3.548508e+07 3.814935e+06 
1.482747e+02 3.548508e+07 3.814935e+06 
1.482747e+02 3.548508e+07 3.814935e+06 
1.482747e+02 3.548508e+07 3.814935e+06 
1.482747e+02 3.548508e+07 3.814935e+06 
1.482747e+02 3.548508e+07 3.814935e+06 
1.482747e+02 3.548508e+07 3.814935e+06 
1.482747e+02 3.548508e+07 3.814935e+06 
1.982198e+02 3.189639e+07 3.814935e+06 
2.027536e+02 3.175852e+07 3.814935e+06 
1.673575e+02 3.345083e+07 3.814935e+06 
1.877821e+02 3.249451e+07 3.814935e+06 
1.902703e+02 3.235326e+07 3.814935e+06 
1.854010e+02 3.271836e+07 3.814935e+06 
1.492515e+02 3.465796e+07 3.814935e+06 
2.047394e+02 3.171722e+07 3.814935e+06 
1.588243e+02 3.378375e+07 3.814935e+06 
1.485842e+02 3.527218e+07 3.814935e+06 
2.155038e+02 3.138557e+07 3.814935e+06 
1.490398e+02 3.482082e+07 3.814935e+06 
1.692956e+02 3.322735e+07 3.814935e+06 
1.517693e+02 3.448419e+07 3.814935e+06 
1.605240e+02 3.358391e+07 3.814935e+06 
1.517715e+02 3.520667e+07 3.814935e+06 
1.967806e+02 3.200433e+07 3.814935e+06 
1.744810e+02 3.290525e+07 3.814935e+06 
1.881276e+02 3.244485e+07 3.814935e+06 
1.683319e+02 3.336136e+07 3.814935e+06 
2.154956e+02 3.139251e+07 3.814935e+06 
1.928340e+02 3.227994e+07 3.814935e+06 
1.647233e+02 3.353675e+07 3.814935e+06 
1.489098e+02 3.499647e+07 3.814935e+06 
1.881588e+02 3.240198e+07 3.814935e+06 
1.957099e+02 3.208519e+07 3.814935e+06 
1.517855e+02 3.442138e+07 3.814935e+06 
1.944915e+02 3.214593e+07 3.814935e+06 
2.183106e+02 3.141746e+07 3.814935e+06 
1.762948e+02 3.286194e+07 3.814935e+06 
1.856007e+02 3.270711e+07 3.814935e+06 
1.859399e+02 3.261184e+07 3.814935e+06 
1.526859e+02 3.424181e+07 3.814935e+06 
2.068730e+02 3.152874e+07 3.814935e+06 
1.724446e+02 3.295294e+07 3.814935e+06 
1.545424e+02 3.460644e+07 3.814935e+06 
1.955614e+02 3.213290e+07 3.814935e+06 
1.495448e+02 3.450787e+07 3.814935e+06 
1.491376e+02 3.477079e+07 3.814935e+06 
1.542209e+02 3.393869e+07 3.814935e+06 
1.490237e+02 3.488363e+07 3.814935e+06 
1.782319e+02 3.273403e+07 3.814935e+06 

1.715055e+02 3.303279e+07 3.814935e+06 
1.513338e+02 3.422424e+07 3.814935e+06 
1.552944e+02 3.409585e+07 3.814935e+06 
1.498899e+02 3.472103e+07 3.814935e+06 
1.482747e+02 3.548508e+07 3.814935e+06 
1.482747e+02 3.548508e+07 3.814935e+06 
1.482747e+02 3.548508e+07 3.814935e+06 
1.482747e+02 3.548508e+07 3.814935e+06 
1.482747e+02 3.548508e+07 3.814935e+06 
1.482747e+02 3.548508e+07 3.814935e+06 
1.482747e+02 3.548508e+07 3.814935e+06 
1.482747e+02 3.548508e+07 3.814935e+06 
1.482747e+02 3.548508e+07 3.814935e+06 
1.482747e+02 3.548508e+07 3.814935e+06 
1.482747e+02 3.548508e+07 3.814935e+06 
1.482747e+02 3.548508e+07 3.814935e+06 
1.482747e+02 3.548508e+07 3.814935e+06 
1.482747e+02 3.548508e+07 3.814935e+06 
1.482747e+02 3.548508e+07 3.814935e+06 
1.482747e+02 3.548508e+07 3.814935e+06 
1.482747e+02 3.548508e+07 3.814935e+06 
1.482747e+02 3.548508e+07 3.814935e+06 
1.482747e+02 3.548508e+07 3.814935e+06 
1.482747e+02 3.548508e+07 3.814935e+06 
1.482747e+02 3.548508e+07 3.814935e+06 
1.482747e+02 3.548508e+07 3.814935e+06 
1.482747e+02 3.548508e+07 3.814935e+06 
1.482747e+02 3.548508e+07 3.814935e+06 
1.482747e+02 3.548508e+07 3.814935e+06 
1.482747e+02 3.548508e+07 3.814935e+06 
1.482747e+02 3.548508e+07 3.814935e+06 
1.482747e+02 3.548508e+07 3.814935e+06 
1.482747e+02 3.548508e+07 3.814935e+06 
1.482747e+02 3.548508e+07 3.814935e+06 
1.482747e+02 3.548508e+07 3.814935e+06 
1.482747e+02 3.548508e+07 3.814935e+06 
1.482747e+02 3.548508e+07 3.814935e+06 
1.482747e+02 3.548508e+07 3.814935e+06 
1.482747e+02 3.548508e+07 3.814935e+06 
1.482747e+02 3.548508e+07 3.814935e+06 
1.482747e+02 3.548508e+07 3.814935e+06 
1.482747e+02 3.548508e+07 3.814935e+06 
1.482747e+02 3.548508e+07 3.814935e+06 
1.482747e+02 3.548508e+07 3.814935e+06 
1.482747e+02 3.548508e+07 3.814935e+06 
1.482747e+02 3.548508e+07 3.814935e+06 
1.482747e+02 3.548508e+07 3.814935e+06 
1.482747e+02 3.548508e+07 3.814935e+06 
1.482747e+02 3.548508e+07 3.814935e+06 
1.482747e+02 3.548508e+07 3.814935e+06 
1.482747e+02 3.548508e+07 3.814935e+06 
1.482747e+02 3.548508e+07 3.814935e+06 
1.482747e+02 3.548508e+07 3.814935e+06 
1.482747e+02 3.548508e+07 3.814935e+06 
1.482747e+02 3.548508e+07 3.814935e+06 
1.482747e+02 3.548508e+07 3.814935e+06 
1.482747e+02 3.548508e+07 3.814935e+06 
1.482747e+02 3.548508e+07 3.814935e+06 
1.482747e+02 3.548508e+07 3.814935e+06 
1.482747e+02 3.548508e+07 3.814935e+06 
1.482747e+02 3.548508e+07 3.814935e+06 
1.482747e+02 3.548508e+07 3.814935e+06 
1.482747e+02 3.548508e+07 3.814935e+06 
1.482747e+02 3.548508e+07 3.814935e+06 
1.815604e+02 3.252909e+07 3.814935e+06 
1.620916e+02 3.341357e+07 3.814935e+06 
1.564589e+02 3.397499e+07 3.814935e+06 
1.962569e+02 3.196690e+07 3.814935e+06 
1.612780e+02 3.357447e+07 3.814935e+06 
1.610333e+02 3.358216e+07 3.814935e+06 
1.536545e+02 3.421329e+07 3.814935e+06 
1.590358e+02 3.366718e+07 3.814935e+06 
1.491215e+02 3.483360e+07 3.814935e+06 
1.927523e+02 3.205005e+07 3.814935e+06 
1.566569e+02 3.384993e+07 3.814935e+06 
1.616345e+02 3.357143e+07 3.814935e+06 
1.938238e+02 3.210274e+07 3.814935e+06 
1.497921e+02 3.477106e+07 3.814935e+06 
1.722925e+02 3.287299e+07 3.814935e+06 
1.576561e+02 3.373335e+07 3.814935e+06 
1.811750e+02 3.256719e+07 3.814935e+06 
1.560232e+02 3.405062e+07 3.814935e+06 
1.502316e+02 3.438251e+07 3.814935e+06 
1.667218e+02 3.340891e+07 3.814935e+06 
1.507237e+02 3.468404e+07 3.814935e+06 
1.537067e+02 3.414420e+07 3.814935e+06 
1.677215e+02 3.309945e+07 3.814935e+06 
2.052782e+02 3.186911e+07 3.814935e+06 
1.617568e+02 3.347952e+07 3.814935e+06 
1.561040e+02 3.450524e+07 3.814935e+06 
2.065751e+02 3.168123e+07 3.814935e+06 
1.715182e+02 3.288430e+07 3.814935e+06 
1.671369e+02 3.333332e+07 3.814935e+06 
1.489914e+02 3.500925e+07 3.814935e+06 
1.767340e+02 3.279167e+07 3.814935e+06 
1.494503e+02 3.510957e+07 3.814935e+06 
1.498899e+02 3.472103e+07 3.814935e+06 
1.768263e+02 3.260148e+07 3.814935e+06 
1.832842e+02 3.238224e+07 3.814935e+06 
1.860626e+02 3.220971e+07 3.814935e+06 

1.859258e+02 3.222574e+07 3.814935e+06 
1.763907e+02 3.291285e+07 3.814935e+06 
2.038761e+02 3.218821e+07 3.814935e+06 
1.696357e+02 3.330490e+07 3.814935e+06 
1.482747e+02 3.548508e+07 3.814935e+06 
1.482747e+02 3.548508e+07 3.814935e+06 
1.482747e+02 3.548508e+07 3.814935e+06 
1.482747e+02 3.548508e+07 3.814935e+06 
1.482747e+02 3.548508e+07 3.814935e+06 
1.482747e+02 3.548508e+07 3.814935e+06 
1.482747e+02 3.548508e+07 3.814935e+06 
1.482747e+02 3.548508e+07 3.814935e+06 
1.482747e+02 3.548508e+07 3.814935e+06 
1.482747e+02 3.548508e+07 3.814935e+06 
1.482747e+02 3.548508e+07 3.814935e+06 
1.482747e+02 3.548508e+07 3.814935e+06 
1.482747e+02 3.548508e+07 3.814935e+06 
1.482747e+02 3.548508e+07 3.814935e+06 
1.482747e+02 3.548508e+07 3.814935e+06 
1.482747e+02 3.548508e+07 3.814935e+06 
1.482747e+02 3.548508e+07 3.814935e+06 
1.482747e+02 3.548508e+07 3.814935e+06 
1.482747e+02 3.548508e+07 3.814935e+06 
1.482747e+02 3.548508e+07 3.814935e+06 
1.482747e+02 3.548508e+07 3.814935e+06 
1.482747e+02 3.548508e+07 3.814935e+06 
1.482747e+02 3.548508e+07 3.814935e+06 
1.482747e+02 3.548508e+07 3.814935e+06 
1.482747e+02 3.548508e+07 3.814935e+06 
1.482747e+02 3.548508e+07 3.814935e+06 
1.482747e+02 3.548508e+07 3.814935e+06 
1.482747e+02 3.548508e+07 3.814935e+06 
1.482747e+02 3.548508e+07 3.814935e+06 
1.482747e+02 3.548508e+07 3.814935e+06 
1.482747e+02 3.548508e+07 3.814935e+06 
1.482747e+02 3.548508e+07 3.814935e+06 
1.482747e+02 3.548508e+07 3.814935e+06 
1.482747e+02 3.548508e+07 3.814935e+06 
1.482747e+02 3.548508e+07 3.814935e+06 
1.482747e+02 3.548508e+07 3.814935e+06 
1.482747e+02 3.548508e+07 3.814935e+06 
1.482747e+02 3.548508e+07 3.814935e+06 
1.482747e+02 3.548508e+07 3.814935e+06 
1.482747e+02 3.548508e+07 3.814935e+06 
1.482747e+02 3.548508e+07 3.814935e+06 
1.482747e+02 3.548508e+07 3.814935e+06 
1.482747e+02 3.548508e+07 3.814935e+06 
1.482747e+02 3.548508e+07 3.814935e+06 
1.482747e+02 3.548508e+07 3.814935e+06 
1.482747e+02 3.548508e+07 3.814935e+06 
1.482747e+02 3.548508e+07 3.814935e+06 
1.482747e+02 3.548508e+07 3.814935e+06 
1.482747e+02 3.548508e+07 3.814935e+06 
1.482747e+02 3.548508e+07 3.814935e+06 
1.482747e+02 3.548508e+07 3.814935e+06 
1.482747e+02 3.548508e+07 3.814935e+06 
1.482747e+02 3.548508e+07 3.814935e+06 
1.482747e+02 3.548508e+07 3.814935e+06 
1.482747e+02 3.548508e+07 3.814935e+06 
1.482747e+02 3.548508e+07 3.814935e+06 
1.773736e+02 3.289774e+07 3.814935e+06 
2.064599e+02 3.206884e+07 3.814935e+06 
1.519810e+02 3.432132e+07 3.814935e+06 
1.625645e+02 3.374140e+07 3.814935e+06 
1.654192e+02 3.347328e+07 3.814935e+06 
1.805265e+02 3.267628e+07 3.814935e+06 
1.487304e+02 3.503372e+07 3.814935e+06 
1.608104e+02 3.382933e+07 3.814935e+06 
1.724516e+02 3.299988e+07 3.814935e+06 
2.158746e+02 3.191216e+07 3.814935e+06 
2.031609e+02 3.220432e+07 3.814935e+06 
1.626933e+02 3.362589e+07 3.814935e+06 
1.490560e+02 3.475801e+07 3.814935e+06 
1.886882e+02 3.235294e+07 3.814935e+06 
1.766731e+02 3.287865e+07 3.814935e+06 
1.691342e+02 3.331237e+07 3.814935e+06 
1.786366e+02 3.277803e+07 3.814935e+06 
1.715226e+02 3.313908e+07 3.814935e+06 
1.534119e+02 3.424184e+07 3.814935e+06 
1.491538e+02 3.470798e+07 3.814935e+06 
1.587236e+02 3.384803e+07 3.814935e+06 
1.701605e+02 3.315847e+07 3.814935e+06 
2.028510e+02 3.221859e+07 3.814935e+06 
1.609208e+02 3.375597e+07 3.814935e+06 
1.705894e+02 3.324453e+07 3.814935e+06 
1.722294e+02 3.312098e+07 3.814935e+06 
1.549981e+02 3.415509e+07 3.814935e+06 
1.667384e+02 3.354103e+07 3.814935e+06 
2.054495e+02 3.211556e+07 3.814935e+06 
1.557907e+02 3.401254e+07 3.814935e+06 
1.498737e+02 3.478384e+07 3.814935e+06 
1.769524e+02 3.280622e+07 3.814935e+06 
1.660199e+02 3.334035e+07 3.814935e+06 
1.660792e+02 3.331290e+07 3.814935e+06 
1.509516e+02 3.445836e+07 3.814935e+06 
2.120701e+02 3.210699e+07 3.814935e+06 
1.813323e+02 3.262133e+07 3.814935e+06 
1.493654e+02 3.454512e+07 3.814935e+06 
1.699557e+02 3.327188e+07 3.814935e+06 
1.549165e+02 3.414231e+07 3.814935e+06 

1.526256e+02 3.439507e+07 3.814935e+06 
1.498737e+02 3.478384e+07 3.814935e+06 
1.834663e+02 3.252776e+07 3.814935e+06 
1.619362e+02 3.359178e+07 3.814935e+06 
1.491086e+02 3.544809e+07 3.814935e+06 
1.582913e+02 3.379554e+07 3.814935e+06 
1.495804e+02 3.493392e+07 3.814935e+06 
1.844669e+02 3.258113e+07 3.814935e+06 
2.164995e+02 3.184318e+07 3.814935e+06 
1.482747e+02 3.548508e+07 3.814935e+06 
1.482747e+02 3.548508e+07 3.814935e+06 
1.482747e+02 3.548508e+07 3.814935e+06 
1.482747e+02 3.548508e+07 3.814935e+06 
1.482747e+02 3.548508e+07 3.814935e+06 
1.482747e+02 3.548508e+07 3.814935e+06 
1.482747e+02 3.548508e+07 3.814935e+06 
1.482747e+02 3.548508e+07 3.814935e+06 
1.482747e+02 3.548508e+07 3.814935e+06 
1.482747e+02 3.548508e+07 3.814935e+06 
1.482747e+02 3.548508e+07 3.814935e+06 
1.482747e+02 3.548508e+07 3.814935e+06 
1.482747e+02 3.548508e+07 3.814935e+06 
1.482747e+02 3.548508e+07 3.814935e+06 
1.482747e+02 3.548508e+07 3.814935e+06 
1.482747e+02 3.548508e+07 3.814935e+06 
1.482747e+02 3.548508e+07 3.814935e+06 
1.482747e+02 3.548508e+07 3.814935e+06 
1.482747e+02 3.548508e+07 3.814935e+06 
1.482747e+02 3.548508e+07 3.814935e+06 
1.482747e+02 3.548508e+07 3.814935e+06 
1.482747e+02 3.548508e+07 3.814935e+06 
1.482747e+02 3.548508e+07 3.814935e+06 
1.482747e+02 3.548508e+07 3.814935e+06 
1.482747e+02 3.548508e+07 3.814935e+06 
1.482747e+02 3.548508e+07 3.814935e+06 
1.482747e+02 3.548508e+07 3.814935e+06 
1.482747e+02 3.548508e+07 3.814935e+06 
1.482747e+02 3.548508e+07 3.814935e+06 
1.482747e+02 3.548508e+07 3.814935e+06 
1.482747e+02 3.548508e+07 3.814935e+06 
1.482747e+02 3.548508e+07 3.814935e+06 
1.482747e+02 3.548508e+07 3.814935e+06 
1.482747e+02 3.548508e+07 3.814935e+06 
1.482747e+02 3.548508e+07 3.814935e+06 
1.482747e+02 3.548508e+07 3.814935e+06 
1.482747e+02 3.548508e+07 3.814935e+06 
1.482747e+02 3.548508e+07 3.814935e+06 
1.482747e+02 3.548508e+07 3.814935e+06 
1.482747e+02 3.548508e+07 3.814935e+06 
1.482747e+02 3.548508e+07 3.814935e+06 
1.482747e+02 3.548508e+07 3.814935e+06 
1.482747e+02 3.548508e+07 3.814935e+06 
1.482747e+02 3.548508e+07 3.814935e+06 
1.482747e+02 3.548508e+07 3.814935e+06 
1.482747e+02 3.548508e+07 3.814935e+06 
1.482747e+02 3.548508e+07 3.814935e+06 
1.482747e+02 3.548508e+07 3.814935e+06 
1.482747e+02 3.548508e+07 3.814935e+06 
1.482747e+02 3.548508e+07 3.814935e+06 
1.882782e+02 3.243386e+07 3.814935e+06 
1.814319e+02 3.273739e+07 3.814935e+06 
1.499060e+02 3.465822e+07 3.814935e+06 
1.798383e+02 3.284317e+07 3.814935e+06 
1.526027e+02 3.425249e+07 3.814935e+06 
1.508377e+02 3.457120e+07 3.814935e+06 
1.836017e+02 3.246362e+07 3.814935e+06 
2.006279e+02 3.216128e+07 3.814935e+06 
1.958418e+02 3.235512e+07 3.814935e+06 
1.878349e+02 3.241991e+07 3.814935e+06 
1.784790e+02 3.287771e+07 3.814935e+06 
1.741717e+02 3.287199e+07 3.814935e+06 
1.935741e+02 3.237891e+07 3.814935e+06 
1.495481e+02 3.505954e+07 3.814935e+06 
1.616214e+02 3.362894e+07 3.814935e+06 
1.648951e+02 3.340891e+07 3.814935e+06 
1.591980e+02 3.387878e+07 3.814935e+06 
1.741667e+02 3.307684e+07 3.814935e+06 
1.722944e+02 3.312978e+07 3.814935e+06 
1.536568e+02 3.422022e+07 3.814935e+06 
2.181208e+02 3.177037e+07 3.814935e+06 
1.666521e+02 3.319383e+07 3.814935e+06 
1.493203e+02 3.528522e+07 3.814935e+06 
1.549966e+02 3.420950e+07 3.814935e+06 
1.678823e+02 3.325295e+07 3.814935e+06 
1.504871e+02 3.466082e+07 3.814935e+06 
1.557951e+02 3.401091e+07 3.814935e+06 
2.071965e+02 3.200569e+07 3.814935e+06 
1.559510e+02 3.401154e+07 3.814935e+06 
1.507399e+02 3.462123e+07 3.814935e+06 
1.742985e+02 3.297677e+07 3.814935e+06 
1.581946e+02 3.395161e+07 3.814935e+06 
2.001045e+02 3.219555e+07 3.814935e+06 
1.592561e+02 3.374801e+07 3.814935e+06 
1.565186e+02 3.396113e+07 3.814935e+06 
1.623961e+02 3.363100e+07 3.814935e+06 
1.960103e+02 3.216555e+07 3.814935e+06 
1.508538e+02 3.450839e+07 3.814935e+06 
1.496459e+02 3.500952e+07 3.814935e+06 
2.060990e+02 3.179167e+07 3.814935e+06 
1.697164e+02 3.314368e+07 3.814935e+06 

1.622348e+02 3.369599e+07 3.814935e+06 
1.572933e+02 3.401549e+07 3.814935e+06 
1.493642e+02 3.468113e+07 3.814935e+06 
1.984940e+02 3.207145e+07 3.814935e+06 
1.800712e+02 3.247772e+07 3.814935e+06 
2.091647e+02 3.224199e+07 3.814935e+06 
1.482747e+02 3.548508e+07 3.814935e+06 
1.482747e+02 3.548508e+07 3.814935e+06 
1.482747e+02 3.548508e+07 3.814935e+06 
1.482747e+02 3.548508e+07 3.814935e+06 
1.482747e+02 3.548508e+07 3.814935e+06 
1.482747e+02 3.548508e+07 3.814935e+06 
1.482747e+02 3.548508e+07 3.814935e+06 
1.482747e+02 3.548508e+07 3.814935e+06 
1.482747e+02 3.548508e+07 3.814935e+06 
1.482747e+02 3.548508e+07 3.814935e+06 
1.482747e+02 3.548508e+07 3.814935e+06 
1.482747e+02 3.548508e+07 3.814935e+06 
1.482747e+02 3.548508e+07 3.814935e+06 
1.482747e+02 3.548508e+07 3.814935e+06 
1.482747e+02 3.548508e+07 3.814935e+06 
1.482747e+02 3.548508e+07 3.814935e+06 
1.482747e+02 3.548508e+07 3.814935e+06 
1.482747e+02 3.548508e+07 3.814935e+06 
1.482747e+02 3.548508e+07 3.814935e+06 
1.482747e+02 3.548508e+07 3.814935e+06 
1.482747e+02 3.548508e+07 3.814935e+06 
1.482747e+02 3.548508e+07 3.814935e+06 
1.482747e+02 3.548508e+07 3.814935e+06 
1.482747e+02 3.548508e+07 3.814935e+06 
1.482747e+02 3.548508e+07 3.814935e+06 
1.482747e+02 3.548508e+07 3.814935e+06 
1.482747e+02 3.548508e+07 3.814935e+06 
1.482747e+02 3.548508e+07 3.814935e+06 
1.482747e+02 3.548508e+07 3.814935e+06 
1.482747e+02 3.548508e+07 3.814935e+06 
1.482747e+02 3.548508e+07 3.814935e+06 
1.482747e+02 3.548508e+07 3.814935e+06 
1.482747e+02 3.548508e+07 3.814935e+06 
1.482747e+02 3.548508e+07 3.814935e+06 
1.482747e+02 3.548508e+07 3.814935e+06 
1.482747e+02 3.548508e+07 3.814935e+06 
1.482747e+02 3.548508e+07 3.814935e+06 
1.482747e+02 3.548508e+07 3.814935e+06 
1.482747e+02 3.548508e+07 3.814935e+06 
1.482747e+02 3.548508e+07 3.814935e+06 
1.482747e+02 3.548508e+07 3.814935e+06 
1.482747e+02 3.548508e+07 3.814935e+06 
1.482747e+02 3.548508e+07 3.814935e+06 
1.482747e+02 3.548508e+07 3.814935e+06 
1.482747e+02 3.548508e+07 3.814935e+06 
1.482747e+02 3.548508e+07 3.814935e+06 
1.482747e+02 3.548508e+07 3.814935e+06 
1.482747e+02 3.548508e+07 3.814935e+06 
1.482747e+02 3.548508e+07 3.814935e+06 
1.482747e+02 3.548508e+07 3.814935e+06 
1.482747e+02 3.548508e+07 3.814935e+06 
1.482747e+02 3.548508e+07 3.814935e+06 
1.482747e+02 3.548508e+07 3.814935e+06 
1.482747e+02 3.548508e+07 3.814935e+06 
1.482747e+02 3.548508e+07 3.814935e+06 
1.564290e+02 3.407561e+07 3.814935e+06 
1.490883e+02 3.473896e+07 3.814935e+06 
1.734384e+02 3.280518e+07 3.814935e+06 
1.712341e+02 3.309272e+07 3.814935e+06 
2.102448e+02 3.181046e+07 3.814935e+06 
2.107964e+02 3.176240e+07 3.814935e+06 
1.845208e+02 3.211845e+07 3.814935e+06 
1.541642e+02 3.419207e+07 3.814935e+06 
1.583408e+02 3.371315e+07 3.814935e+06 
1.776188e+02 3.262662e+07 3.814935e+06 
1.814643e+02 3.241532e+07 3.814935e+06 
1.550999e+02 3.411471e+07 3.814935e+06 
1.508700e+02 3.444558e+07 3.814935e+06 
1.715591e+02 3.308738e+07 3.814935e+06 
1.706948e+02 3.317100e+07 3.814935e+06 
1.559088e+02 3.477821e+07 3.814935e+06 
1.753537e+02 3.276785e+07 3.814935e+06 
1.549403e+02 3.418553e+07 3.814935e+06 
1.630644e+02 3.356349e+07 3.814935e+06 
1.672638e+02 3.329619e+07 3.814935e+06 
1.488120e+02 3.504650e+07 3.814935e+06 
1.659549e+02 3.344475e+07 3.814935e+06 
2.063131e+02 3.187298e+07 3.814935e+06 
1.495320e+02 3.512235e+07 3.814935e+06 
1.599971e+02 3.371022e+07 3.814935e+06 
2.108149e+02 3.175057e+07 3.814935e+06 
2.151453e+02 3.176890e+07 3.814935e+06 
1.515468e+02 3.422034e+07 3.814935e+06 
1.729746e+02 3.299683e+07 3.814935e+06 
1.770106e+02 3.263344e+07 3.814935e+06 
1.491538e+02 3.470798e+07 3.814935e+06 
1.510493e+02 3.440833e+07 3.814935e+06 
2.031414e+02 3.187921e+07 3.814935e+06 
1.661083e+02 3.330078e+07 3.814935e+06 
1.564290e+02 3.407561e+07 3.814935e+06 
1.488282e+02 3.498369e+07 3.814935e+06 
1.566084e+02 3.403836e+07 3.814935e+06 
2.029698e+02 3.198616e+07 3.814935e+06 
1.672659e+02 3.319586e+07 3.814935e+06 

1.570420e+02 3.394563e+07 3.814935e+06 
1.632510e+02 3.356258e+07 3.814935e+06 
1.884474e+02 3.249720e+07 3.814935e+06 
2.060238e+02 3.188480e+07 3.814935e+06 
1.482747e+02 3.548508e+07 3.814935e+06 
1.482747e+02 3.548508e+07 3.814935e+06 
1.482747e+02 3.548508e+07 3.814935e+06 
1.482747e+02 3.548508e+07 3.814935e+06 
1.482747e+02 3.548508e+07 3.814935e+06 
1.482747e+02 3.548508e+07 3.814935e+06 
1.482747e+02 3.548508e+07 3.814935e+06 
1.482747e+02 3.548508e+07 3.814935e+06 
1.482747e+02 3.548508e+07 3.814935e+06 
1.482747e+02 3.548508e+07 3.814935e+06 
1.482747e+02 3.548508e+07 3.814935e+06 
1.482747e+02 3.548508e+07 3.814935e+06 
1.482747e+02 3.548508e+07 3.814935e+06 
1.482747e+02 3.548508e+07 3.814935e+06 
1.482747e+02 3.548508e+07 3.814935e+06 
1.482747e+02 3.548508e+07 3.814935e+06 
1.482747e+02 3.548508e+07 3.814935e+06 
1.482747e+02 3.548508e+07 3.814935e+06 
1.482747e+02 3.548508e+07 3.814935e+06 
1.482747e+02 3.548508e+07 3.814935e+06 
1.482747e+02 3.548508e+07 3.814935e+06 
1.482747e+02 3.548508e+07 3.814935e+06 
1.482747e+02 3.548508e+07 3.814935e+06 
1.482747e+02 3.548508e+07 3.814935e+06 
1.482747e+02 3.548508e+07 3.814935e+06 
1.482747e+02 3.548508e+07 3.814935e+06 
1.482747e+02 3.548508e+07 3.814935e+06 
1.482747e+02 3.548508e+07 3.814935e+06 
1.482747e+02 3.548508e+07 3.814935e+06 
1.482747e+02 3.548508e+07 3.814935e+06 
1.482747e+02 3.548508e+07 3.814935e+06 
1.482747e+02 3.548508e+07 3.814935e+06 
1.482747e+02 3.548508e+07 3.814935e+06 
1.482747e+02 3.548508e+07 3.814935e+06 
1.482747e+02 3.548508e+07 3.814935e+06 
1.482747e+02 3.548508e+07 3.814935e+06 
1.482747e+02 3.548508e+07 3.814935e+06 
1.482747e+02 3.548508e+07 3.814935e+06 
1.482747e+02 3.548508e+07 3.814935e+06 
1.482747e+02 3.548508e+07 3.814935e+06 
1.482747e+02 3.548508e+07 3.814935e+06 
1.482747e+02 3.548508e+07 3.814935e+06 
1.482747e+02 3.548508e+07 3.814935e+06 
1.482747e+02 3.548508e+07 3.814935e+06 
1.482747e+02 3.548508e+07 3.814935e+06 
1.482747e+02 3.548508e+07 3.814935e+06 
1.482747e+02 3.548508e+07 3.814935e+06 
1.482747e+02 3.548508e+07 3.814935e+06 
1.482747e+02 3.548508e+07 3.814935e+06 
1.482747e+02 3.548508e+07 3.814935e+06 
1.482747e+02 3.548508e+07 3.814935e+06 
1.482747e+02 3.548508e+07 3.814935e+06 
1.482747e+02 3.548508e+07 3.814935e+06 
1.482747e+02 3.548508e+07 3.814935e+06 
1.773352e+02 3.279033e+07 3.814935e+06 
1.606726e+02 3.377562e+07 3.814935e+06 
1.491376e+02 3.477079e+07 3.814935e+06 
1.860052e+02 3.257959e+07 3.814935e+06 
1.846722e+02 3.259574e+07 3.814935e+06 
1.704993e+02 3.318589e+07 3.814935e+06 
1.754625e+02 3.293771e+07 3.814935e+06 
1.589056e+02 3.379628e+07 3.814935e+06 
1.920784e+02 3.220272e+07 3.814935e+06 
1.794628e+02 3.276829e+07 3.814935e+06 
1.887513e+02 3.234709e+07 3.814935e+06 
1.575866e+02 3.384217e+07 3.814935e+06 
1.865671e+02 3.254575e+07 3.814935e+06 
1.947466e+02 3.265468e+07 3.814935e+06 
1.942456e+02 3.216677e+07 3.814935e+06 
1.489259e+02 3.493366e+07 3.814935e+06 
1.879295e+02 3.250997e+07 3.814935e+06 
1.505937e+02 3.485969e+07 3.814935e+06 
1.670354e+02 3.330566e+07 3.814935e+06 
1.638350e+02 3.344789e+07 3.814935e+06 
1.540503e+02 3.430491e+07 3.814935e+06 
1.493170e+02 3.473355e+07 3.814935e+06 
1.652494e+02 3.331600e+07 3.814935e+06 
1.960282e+02 3.202428e+07 3.814935e+06 
1.574825e+02 3.385872e+07 3.814935e+06 
1.551031e+02 3.395632e+07 3.814935e+06 
1.716209e+02 3.305635e+07 3.814935e+06 
1.569282e+02 3.395609e+07 3.814935e+06 
1.511849e+02 3.439854e+07 3.814935e+06 
1.627991e+02 3.363928e+07 3.814935e+06 
1.912343e+02 3.231500e+07 3.814935e+06 
1.606433e+02 3.378509e+07 3.814935e+06 
1.540664e+02 3.424210e+07 3.814935e+06 
1.996665e+02 3.205110e+07 3.814935e+06 
1.538800e+02 3.435062e+07 3.814935e+06 
1.617310e+02 3.371522e+07 3.814935e+06 
1.867772e+02 3.253829e+07 3.814935e+06 
1.802188e+02 3.259630e+07 3.814935e+06 
1.675812e+02 3.326484e+07 3.814935e+06 
1.500038e+02 3.460819e+07 3.814935e+06 
1.762891e+02 3.288992e+07 3.814935e+06 
1.501016e+02 3.455816e+07 3.814935e+06 

1.709890e+02 3.298473e+07 3.814935e+06 
1.721102e+02 3.287225e+07 3.814935e+06 
1.800448e+02 3.241765e+07 3.814935e+06 
1.531841e+02 3.446752e+07 3.814935e+06 
1.594599e+02 3.378278e+07 3.814935e+06 
1.486981e+02 3.515934e+07 3.814935e+06 
1.623667e+02 3.345940e+07 3.814935e+06 
1.904387e+02 3.224697e+07 3.814935e+06 
1.482747e+02 3.548508e+07 3.814935e+06 
1.482747e+02 3.548508e+07 3.814935e+06 
1.482747e+02 3.548508e+07 3.814935e+06 
1.482747e+02 3.548508e+07 3.814935e+06 
1.482747e+02 3.548508e+07 3.814935e+06 
1.482747e+02 3.548508e+07 3.814935e+06 
1.482747e+02 3.548508e+07 3.814935e+06 
1.482747e+02 3.548508e+07 3.814935e+06 
1.482747e+02 3.548508e+07 3.814935e+06 
1.482747e+02 3.548508e+07 3.814935e+06 
1.482747e+02 3.548508e+07 3.814935e+06 
1.482747e+02 3.548508e+07 3.814935e+06 
1.482747e+02 3.548508e+07 3.814935e+06 
1.482747e+02 3.548508e+07 3.814935e+06 
1.482747e+02 3.548508e+07 3.814935e+06 
1.482747e+02 3.548508e+07 3.814935e+06 
1.482747e+02 3.548508e+07 3.814935e+06 
1.482747e+02 3.548508e+07 3.814935e+06 
1.482747e+02 3.548508e+07 3.814935e+06 
1.482747e+02 3.548508e+07 3.814935e+06 
1.482747e+02 3.548508e+07 3.814935e+06 
1.482747e+02 3.548508e+07 3.814935e+06 
1.482747e+02 3.548508e+07 3.814935e+06 
1.482747e+02 3.548508e+07 3.814935e+06 
1.482747e+02 3.548508e+07 3.814935e+06 
1.482747e+02 3.548508e+07 3.814935e+06 
1.482747e+02 3.548508e+07 3.814935e+06 
1.482747e+02 3.548508e+07 3.814935e+06 
1.482747e+02 3.548508e+07 3.814935e+06 
1.482747e+02 3.548508e+07 3.814935e+06 
1.482747e+02 3.548508e+07 3.814935e+06 
1.482747e+02 3.548508e+07 3.814935e+06 
1.482747e+02 3.548508e+07 3.814935e+06 
1.482747e+02 3.548508e+07 3.814935e+06 
1.482747e+02 3.548508e+07 3.814935e+06 
1.482747e+02 3.548508e+07 3.814935e+06 
1.482747e+02 3.548508e+07 3.814935e+06 
1.482747e+02 3.548508e+07 3.814935e+06 
1.482747e+02 3.548508e+07 3.814935e+06 
1.482747e+02 3.548508e+07 3.814935e+06 
1.482747e+02 3.548508e+07 3.814935e+06 
1.482747e+02 3.548508e+07 3.814935e+06 
1.482747e+02 3.548508e+07 3.814935e+06 
1.482747e+02 3.548508e+07 3.814935e+06 
1.482747e+02 3.548508e+07 3.814935e+06 
1.482747e+02 3.548508e+07 3.814935e+06 
1.482747e+02 3.548508e+07 3.814935e+06 
1.482747e+02 3.548508e+07 3.814935e+06 
1.482747e+02 3.548508e+07 3.814935e+06 
1.482747e+02 3.548508e+07 3.814935e+06 
1.482747e+02 3.548508e+07 3.814935e+06 
1.482747e+02 3.548508e+07 3.814935e+06 
1.482747e+02 3.548508e+07 3.814935e+06 
1.482747e+02 3.548508e+07 3.814935e+06 
1.523099e+02 3.459729e+07 3.814935e+06 
1.491538e+02 3.470798e+07 3.814935e+06 
1.564290e+02 3.407561e+07 3.814935e+06 
1.754144e+02 3.273134e+07 3.814935e+06 
1.676124e+02 3.313769e+07 3.814935e+06 
1.754304e+02 3.271295e+07 3.814935e+06 
1.760157e+02 3.270325e+07 3.814935e+06 
1.883564e+02 3.232976e+07 3.814935e+06 
1.534119e+02 3.424184e+07 3.814935e+06 
1.778620e+02 3.264929e+07 3.814935e+06 
1.672682e+02 3.329304e+07 3.814935e+06 
1.814271e+02 3.250190e+07 3.814935e+06 
1.527252e+02 3.436720e+07 3.814935e+06 
1.617513e+02 3.355535e+07 3.814935e+06 
1.670040e+02 3.339841e+07 3.814935e+06 
1.714361e+02 3.299390e+07 3.814935e+06 
2.003952e+02 3.203074e+07 3.814935e+06 
1.489098e+02 3.499647e+07 3.814935e+06 
1.616481e+02 3.364155e+07 3.814935e+06 
1.725225e+02 3.275476e+07 3.814935e+06 
1.947813e+02 3.203496e+07 3.814935e+06 
1.515738e+02 3.458424e+07 3.814935e+06 
1.564290e+02 3.407561e+07 3.814935e+06 
1.587548e+02 3.367377e+07 3.814935e+06 
1.735856e+02 3.281600e+07 3.814935e+06 
1.652743e+02 3.341929e+07 3.814935e+06 
1.542458e+02 3.420486e+07 3.814935e+06 
1.624009e+02 3.355386e+07 3.814935e+06 
2.101135e+02 3.202794e+07 3.814935e+06 
1.995535e+02 3.200113e+07 3.814935e+06 
1.930475e+02 3.222711e+07 3.814935e+06 
1.643689e+02 3.345554e+07 3.814935e+06 
1.520303e+02 3.445972e+07 3.814935e+06 
1.492192e+02 3.478358e+07 3.814935e+06 
1.778418e+02 3.258084e+07 3.814935e+06 
1.911217e+02 3.217672e+07 3.814935e+06 
1.880199e+02 3.232240e+07 3.814935e+06 
1.674055e+02 3.309623e+07 3.814935e+06 

1.518832e+02 3.437135e+07 3.814935e+06 
1.849698e+02 3.262182e+07 3.814935e+06 
1.482747e+02 3.548508e+07 3.814935e+06 
1.482747e+02 3.548508e+07 3.814935e+06 
1.482747e+02 3.548508e+07 3.814935e+06 
1.482747e+02 3.548508e+07 3.814935e+06 
1.482747e+02 3.548508e+07 3.814935e+06 
1.482747e+02 3.548508e+07 3.814935e+06 
1.482747e+02 3.548508e+07 3.814935e+06 
1.482747e+02 3.548508e+07 3.814935e+06 
1.482747e+02 3.548508e+07 3.814935e+06 
1.482747e+02 3.548508e+07 3.814935e+06 
1.482747e+02 3.548508e+07 3.814935e+06 
1.482747e+02 3.548508e+07 3.814935e+06 
1.482747e+02 3.548508e+07 3.814935e+06 
1.482747e+02 3.548508e+07 3.814935e+06 
1.482747e+02 3.548508e+07 3.814935e+06 
1.482747e+02 3.548508e+07 3.814935e+06 
1.482747e+02 3.548508e+07 3.814935e+06 
1.482747e+02 3.548508e+07 3.814935e+06 
1.482747e+02 3.548508e+07 3.814935e+06 
1.482747e+02 3.548508e+07 3.814935e+06 
1.482747e+02 3.548508e+07 3.814935e+06 
1.482747e+02 3.548508e+07 3.814935e+06 
1.482747e+02 3.548508e+07 3.814935e+06 
1.482747e+02 3.548508e+07 3.814935e+06 
1.482747e+02 3.548508e+07 3.814935e+06 
1.482747e+02 3.548508e+07 3.814935e+06 
1.482747e+02 3.548508e+07 3.814935e+06 
1.482747e+02 3.548508e+07 3.814935e+06 
1.482747e+02 3.548508e+07 3.814935e+06 
1.482747e+02 3.548508e+07 3.814935e+06 
1.482747e+02 3.548508e+07 3.814935e+06 
1.482747e+02 3.548508e+07 3.814935e+06 
1.482747e+02 3.548508e+07 3.814935e+06 
1.482747e+02 3.548508e+07 3.814935e+06 
1.482747e+02 3.548508e+07 3.814935e+06 
1.482747e+02 3.548508e+07 3.814935e+06 
1.482747e+02 3.548508e+07 3.814935e+06 
1.482747e+02 3.548508e+07 3.814935e+06 
1.482747e+02 3.548508e+07 3.814935e+06 
1.482747e+02 3.548508e+07 3.814935e+06 
1.482747e+02 3.548508e+07 3.814935e+06 
1.482747e+02 3.548508e+07 3.814935e+06 
1.482747e+02 3.548508e+07 3.814935e+06 
1.482747e+02 3.548508e+07 3.814935e+06 
1.482747e+02 3.548508e+07 3.814935e+06 
1.482747e+02 3.548508e+07 3.814935e+06 
1.482747e+02 3.548508e+07 3.814935e+06 
1.482747e+02 3.548508e+07 3.814935e+06 
1.482747e+02 3.548508e+07 3.814935e+06 
1.482747e+02 3.548508e+07 3.814935e+06 
1.482747e+02 3.548508e+07 3.814935e+06 
1.482747e+02 3.548508e+07 3.814935e+06 
1.482747e+02 3.548508e+07 3.814935e+06 
1.482747e+02 3.548508e+07 3.814935e+06 
1.482747e+02 3.548508e+07 3.814935e+06 
1.482747e+02 3.548508e+07 3.814935e+06 
1.482747e+02 3.548508e+07 3.814935e+06 
1.482747e+02 3.548508e+07 3.814935e+06 
1.482747e+02 3.548508e+07 3.814935e+06 
1.482747e+02 3.548508e+07 3.814935e+06 
2.040743e+02 3.239176e+07 3.814935e+06 
1.775871e+02 3.284672e+07 3.814935e+06 
1.628704e+02 3.357209e+07 3.814935e+06 
1.800738e+02 3.280891e+07 3.814935e+06 
1.533958e+02 3.430465e+07 3.814935e+06 
1.514794e+02 3.449042e+07 3.814935e+06 
1.513723e+02 3.449215e+07 3.814935e+06 
1.508377e+02 3.457120e+07 3.814935e+06 
1.793411e+02 3.282234e+07 3.814935e+06 
1.490398e+02 3.482082e+07 3.814935e+06 
1.619664e+02 3.360094e+07 3.814935e+06 
1.732653e+02 3.298975e+07 3.814935e+06 
2.184929e+02 3.212964e+07 3.814935e+06 
1.566407e+02 3.391274e+07 3.814935e+06 
1.594884e+02 3.387427e+07 3.814935e+06 
1.719989e+02 3.308466e+07 3.814935e+06 
1.500531e+02 3.474659e+07 3.814935e+06 
1.666324e+02 3.346628e+07 3.814935e+06 
1.923583e+02 3.241265e+07 3.814935e+06 
1.697152e+02 3.324681e+07 3.814935e+06 
1.535097e+02 3.419181e+07 3.814935e+06 
1.727716e+02 3.306118e+07 3.814935e+06 
1.487797e+02 3.517212e+07 3.814935e+06 
1.500854e+02 3.462097e+07 3.814935e+06 
1.844514e+02 3.264918e+07 3.814935e+06 
1.535259e+02 3.412900e+07 3.814935e+06 
1.765471e+02 3.295265e+07 3.814935e+06 
1.498737e+02 3.478384e+07 3.814935e+06 
1.865321e+02 3.245682e+07 3.814935e+06 
1.525619e+02 3.434164e+07 3.814935e+06 
1.809778e+02 3.267847e+07 3.814935e+06 
1.645924e+02 3.356558e+07 3.814935e+06 
1.673951e+02 3.340384e+07 3.814935e+06 
2.109839e+02 3.213914e+07 3.814935e+06 
1.659207e+02 3.351520e+07 3.814935e+06 
1.516061e+02 3.445862e+07 3.814935e+06 
1.557907e+02 3.401254e+07 3.814935e+06 
1.595173e+02 3.368727e+07 3.814935e+06 

