8.061950e+03 3.418717e+07 9.121750e+05 
7.407600e+03 3.161407e+07 1.208656e+06 
6.664900e+03 2.724772e+07 1.957750e+06 
6.769450e+03 2.769977e+07 1.702391e+06 
8.936700e+03 3.612823e+07 8.764034e+05 
7.239850e+03 3.029515e+07 1.447032e+06 
6.897350e+03 2.830628e+07 1.617271e+06 
6.533200e+03 2.674200e+07 2.383347e+06 
7.374800e+03 3.164148e+07 1.208656e+06 
7.313200e+03 2.993328e+07 1.435279e+06 
6.481850e+03 2.685039e+07 2.436546e+06 
7.398800e+03 3.135430e+07 1.284197e+06 
6.737550e+03 2.762356e+07 1.787511e+06 
6.434750e+03 2.638298e+07 2.553587e+06 
8.849350e+03 3.738076e+07 8.764034e+05 
7.339250e+03 2.954056e+07 1.447032e+06 
7.470250e+03 3.033282e+07 1.359738e+06 
6.596950e+03 2.670287e+07 2.213108e+06 
7.329050e+03 3.089784e+07 1.359738e+06 
7.593900e+03 3.113475e+07 1.276793e+06 
6.635050e+03 2.695576e+07 2.127989e+06 
7.504600e+03 3.072634e+07 1.284197e+06 
8.439350e+03 3.532522e+07 8.942892e+05 
6.547800e+03 2.721920e+07 2.351427e+06 
7.405600e+03 3.119011e+07 1.276793e+06 
7.323650e+03 3.082818e+07 1.415112e+06 
8.044050e+03 3.457418e+07 9.064920e+05 
7.794150e+03 3.261299e+07 1.106554e+06 
6.751550e+03 2.762170e+07 1.787511e+06 
6.768250e+03 2.743583e+07 1.872630e+06 
6.759050e+03 2.757405e+07 1.787511e+06 
7.423750e+03 3.200753e+07 1.191674e+06 
6.423750e+03 2.647803e+07 2.553587e+06 
7.367250e+03 3.163445e+07 1.244873e+06 
7.936350e+03 3.416343e+07 9.363151e+05 
6.623000e+03 2.718278e+07 2.042869e+06 
6.511550e+03 2.644382e+07 2.383347e+06 
6.459700e+03 2.646950e+07 2.468467e+06 
6.926150e+03 2.821171e+07 1.617271e+06 
6.535800e+03 2.723748e+07 2.351427e+06 
7.331900e+03 3.013442e+07 1.500231e+06 
6.708750e+03 2.762805e+07 1.872630e+06 
8.749950e+03 3.621942e+07 8.764034e+05 
7.290750e+03 2.939381e+07 1.447032e+06 
6.582750e+03 2.724262e+07 2.266307e+06 
8.963450e+03 3.568152e+07 8.987604e+05 
7.956650e+03 3.373132e+07 9.586246e+05 
7.652000e+03 3.283702e+07 1.057574e+06 
6.855750e+03 2.790253e+07 1.957750e+06 
8.084950e+03 3.459509e+07 9.064920e+05 
6.446500e+03 2.638272e+07 2.553587e+06 
6.491500e+03 2.645077e+07 2.383347e+06 
6.877050e+03 2.831492e+07 1.617271e+06 
6.726750e+03 2.748359e+07 1.872630e+06 
7.400300e+03 3.138913e+07 1.276793e+06 
6.646750e+03 2.692661e+07 2.127989e+06 
6.612900e+03 2.660889e+07 2.298228e+06 
7.638900e+03 3.300087e+07 9.820330e+05 
7.489900e+03 3.076704e+07 1.435279e+06 
7.433550e+03 3.183062e+07 1.106554e+06 
9.102400e+03 3.577036e+07 8.764034e+05 
7.569400e+03 3.268718e+07 1.021435e+06 
6.786650e+03 2.754626e+07 1.787511e+06 
7.438400e+03 3.148988e+07 1.133115e+06 
7.361950e+03 3.067919e+07 1.361913e+06 
7.410250e+03 3.142052e+07 1.435279e+06 
6.940100e+03 2.827790e+07 1.532152e+06 
7.324450e+03 3.119500e+07 1.359738e+06 
6.624750e+03 2.717927e+07 2.042869e+06 
6.585400e+03 2.714395e+07 2.213108e+06 
6.658700e+03 2.711171e+07 2.042869e+06 
7.344400e+03 3.007585e+07 1.415112e+06 
6.637650e+03 2.714937e+07 2.042869e+06 
7.396750e+03 3.017841e+07 1.361913e+06 
8.993750e+03 3.545741e+07 8.764034e+05 
6.774250e+03 2.769866e+07 1.702391e+06 
6.556500e+03 2.711685e+07 2.351427e+06 
7.344850e+03 3.191890e+07 1.191674e+06 
8.958850e+03 3.648561e+07 8.764034e+05 
7.322200e+03 3.102573e+07 1.361913e+06 
8.858500e+03 3.690441e+07 8.764034e+05 
6.454450e+03 2.675689e+07 2.521666e+06 
7.326150e+03 3.074783e+07 1.361913e+06 
6.441700e+03 2.639885e+07 2.553587e+06 
7.002900e+03 2.869176e+07 1.510820e+06 
7.964100e+03 3.351384e+07 9.363151e+05 
8.023400e+03 3.364635e+07 9.586246e+05 
7.006100e+03 2.879127e+07 1.532152e+06 
6.649400e+03 2.741760e+07 2.042869e+06 
6.662450e+03 2.727648e+07 1.957750e+06 
7.954050e+03 3.389637e+07 9.479465e+05 
6.833900e+03 2.825391e+07 1.872630e+06 
6.925900e+03 2.821211e+07 1.617271e+06 
6.577950e+03 2.738010e+07 2.266307e+06 
7.397250e+03 3.162282e+07 1.329992e+06 
7.267900e+03 3.025034e+07 1.435279e+06 
6.436000e+03 2.649463e+07 2.553587e+06 
7.952750e+03 3.407658e+07 9.363151e+05 
7.381000e+03 3.022960e+07 1.361913e+06 
7.430400e+03 3.194606e+07 1.057574e+06 

9.570400e+03 4.011565e+07 8.280808e+05 
6.394850e+03 2.646181e+07 2.468467e+06 
7.778200e+03 3.336373e+07 1.057574e+06 
6.430350e+03 2.640192e+07 2.553587e+06 
7.878200e+03 3.371734e+07 1.208656e+06 
7.479800e+03 3.194569e+07 1.276793e+06 
7.523150e+03 2.992826e+07 1.447032e+06 
6.417950e+03 2.637264e+07 2.553587e+06 
7.552700e+03 3.059664e+07 1.361913e+06 
7.522100e+03 3.075322e+07 1.447032e+06 
9.350050e+03 3.884167e+07 8.406318e+05 
7.160150e+03 3.001182e+07 1.617271e+06 
7.348000e+03 3.173454e+07 1.284197e+06 
6.958050e+03 2.849899e+07 1.702391e+06 
7.926750e+03 3.252276e+07 1.191674e+06 
6.969600e+03 2.858668e+07 1.702391e+06 
7.456700e+03 3.119747e+07 1.361913e+06 
9.404100e+03 3.898018e+07 8.309510e+05 
8.276700e+03 3.579344e+07 9.121750e+05 
8.039350e+03 3.324310e+07 1.106554e+06 
7.516450e+03 3.110145e+07 1.359738e+06 
6.749400e+03 2.775043e+07 1.872630e+06 
9.458750e+03 3.931787e+07 8.309510e+05 
9.354850e+03 3.858271e+07 8.764034e+05 
8.147400e+03 3.384830e+07 9.363151e+05 
6.533250e+03 2.707272e+07 2.213108e+06 
7.648000e+03 3.252492e+07 1.191674e+06 
7.668550e+03 3.150599e+07 1.284197e+06 
7.691500e+03 3.294374e+07 1.159753e+06 
7.364800e+03 3.150063e+07 1.435279e+06 
6.441750e+03 2.633067e+07 2.468467e+06 
6.568000e+03 2.700938e+07 2.042869e+06 
6.419350e+03 2.637865e+07 2.383347e+06 
7.128500e+03 2.976313e+07 1.532152e+06 
9.565600e+03 3.939697e+07 8.048603e+05 
6.645100e+03 2.721672e+07 1.957750e+06 
6.974200e+03 2.830969e+07 1.702391e+06 
7.491900e+03 3.111486e+07 1.361913e+06 
7.623350e+03 3.110041e+07 1.359738e+06 
7.494550e+03 3.196956e+07 1.208656e+06 
6.427550e+03 2.628673e+07 2.468467e+06 
8.874850e+03 3.644102e+07 8.987604e+05 
7.950800e+03 3.272344e+07 1.133115e+06 
7.250350e+03 3.153847e+07 1.447032e+06 
9.561650e+03 3.957483e+07 8.280808e+05 
6.864500e+03 2.804857e+07 1.787511e+06 
6.702600e+03 2.778115e+07 1.872630e+06 
8.054600e+03 3.465303e+07 9.363151e+05 
8.291750e+03 3.445158e+07 9.064920e+05 
7.300550e+03 3.173274e+07 1.361913e+06 
6.737300e+03 2.746254e+07 1.872630e+06 
7.804300e+03 3.166011e+07 1.276793e+06 
9.428100e+03 3.906249e+07 8.511955e+05 
7.123300e+03 3.005629e+07 1.617271e+06 
7.526950e+03 3.076831e+07 1.361913e+06 
7.762600e+03 3.177316e+07 1.208656e+06 
8.884850e+03 3.671479e+07 8.987604e+05 
9.667650e+03 3.971931e+07 8.280808e+05 
7.205100e+03 2.910975e+07 1.617271e+06 
7.610100e+03 3.258243e+07 1.191674e+06 
7.211750e+03 3.022375e+07 1.532152e+06 
7.591700e+03 3.274178e+07 1.276793e+06 
9.402000e+03 3.955386e+07 8.309510e+05 
8.010150e+03 3.304155e+07 9.788749e+05 
7.228500e+03 2.902819e+07 1.617271e+06 
7.260450e+03 2.941493e+07 1.532152e+06 
8.010400e+03 3.497794e+07 9.363151e+05 
7.362100e+03 3.072188e+07 1.435279e+06 
7.447500e+03 3.168527e+07 1.284197e+06 
7.984700e+03 3.486238e+07 9.586246e+05 
8.336050e+03 3.463255e+07 9.895141e+05 
7.429750e+03 3.092246e+07 1.435279e+06 
6.780500e+03 2.771668e+07 1.872630e+06 
6.559250e+03 2.687045e+07 2.213108e+06 
8.022550e+03 3.487155e+07 9.363151e+05 
8.193100e+03 3.381287e+07 9.363151e+05 
7.925650e+03 3.467942e+07 1.021435e+06 
8.001050e+03 3.480718e+07 9.820330e+05 
7.370350e+03 3.065590e+07 1.447032e+06 
7.350250e+03 3.241852e+07 1.500231e+06 
6.403150e+03 2.638756e+07 2.383347e+06 
6.868250e+03 2.820108e+07 1.787511e+06 
6.599550e+03 2.694732e+07 2.042869e+06 
7.723650e+03 3.135716e+07 1.284197e+06 
9.723500e+03 4.131433e+07 8.104619e+05 
7.729300e+03 3.310413e+07 1.133115e+06 
7.240250e+03 2.915172e+07 1.617271e+06 
7.992350e+03 3.286805e+07 1.106554e+06 
7.411250e+03 3.194840e+07 1.361913e+06 
7.935600e+03 3.426087e+07 1.021435e+06 
8.009600e+03 3.477440e+07 9.820330e+05 
8.028400e+03 3.519983e+07 9.363151e+05 
6.580300e+03 2.685994e+07 1.957750e+06 
7.362050e+03 3.075058e+07 1.447032e+06 
8.009750e+03 3.453075e+07 9.820330e+05 
7.990850e+03 3.423427e+07 1.074634e+06 
6.432350e+03 2.642631e+07 2.298228e+06 
7.229200e+03 3.156781e+07 1.447032e+06 
6.453200e+03 2.656982e+07 2.298228e+06 
6.410650e+03 2.650544e+07 2.383347e+06 

9.660900e+03 3.929756e+07 7.869745e+05 
7.852150e+03 3.392038e+07 1.021435e+06 
7.777300e+03 3.288617e+07 1.133115e+06 
7.537000e+03 3.145748e+07 1.284197e+06 
7.699650e+03 3.073604e+07 1.284197e+06 
7.229000e+03 3.047835e+07 1.532152e+06 
7.885150e+03 3.159999e+07 1.208656e+06 
6.610850e+03 2.732718e+07 2.127989e+06 
6.419900e+03 2.635894e+07 2.553587e+06 
7.953550e+03 3.147685e+07 1.191674e+06 
7.546900e+03 3.248962e+07 1.361913e+06 
9.665100e+03 3.906399e+07 7.907881e+05 
7.703300e+03 3.222795e+07 1.191674e+06 
7.647350e+03 3.065687e+07 1.361913e+06 
6.417300e+03 2.637786e+07 2.553587e+06 
7.417450e+03 3.090185e+07 1.447032e+06 
7.977150e+03 3.139324e+07 1.191674e+06 
6.527600e+03 2.691793e+07 2.298228e+06 
9.143900e+03 3.603661e+07 8.309510e+05 
8.018050e+03 3.141179e+07 1.133115e+06 
7.565400e+03 3.132196e+07 1.284197e+06 
7.677400e+03 3.232110e+07 1.133115e+06 
8.325950e+03 3.529050e+07 9.064920e+05 
7.529300e+03 3.135854e+07 1.329992e+06 
7.640200e+03 3.178010e+07 1.208656e+06 
7.247300e+03 3.101421e+07 1.447032e+06 
7.680000e+03 3.055369e+07 1.447032e+06 
9.230900e+03 3.796278e+07 8.305760e+05 
6.725850e+03 2.757906e+07 1.702391e+06 
6.422300e+03 2.630332e+07 2.468467e+06 
6.514850e+03 2.656539e+07 2.298228e+06 
6.410750e+03 2.633268e+07 2.553587e+06 
7.753400e+03 3.303255e+07 1.106554e+06 
7.695350e+03 3.061187e+07 1.435279e+06 
7.600100e+03 3.180446e+07 1.208656e+06 
7.895950e+03 3.154976e+07 1.208656e+06 
7.936550e+03 3.147917e+07 1.191674e+06 
6.661400e+03 2.746049e+07 1.872630e+06 
6.664800e+03 2.757150e+07 1.787511e+06 
8.544900e+03 3.720319e+07 8.942892e+05 
7.679300e+03 3.237488e+07 1.191674e+06 
6.674750e+03 2.733131e+07 1.872630e+06 
6.617050e+03 2.730321e+07 2.042869e+06 
7.982200e+03 3.149538e+07 1.133115e+06 
6.964950e+03 2.892131e+07 1.617271e+06 
7.854850e+03 3.370852e+07 1.021435e+06 
9.088000e+03 3.837726e+07 8.511955e+05 
6.692550e+03 2.762822e+07 2.042869e+06 
9.192350e+03 3.616852e+07 9.043945e+05 
7.972550e+03 3.419649e+07 9.363151e+05 
7.931000e+03 3.149466e+07 1.191674e+06 
6.493550e+03 2.641139e+07 2.383347e+06 
7.383900e+03 3.099048e+07 1.447032e+06 
9.616650e+03 3.943366e+07 7.869745e+05 
7.582100e+03 3.185845e+07 1.276793e+06 
7.621700e+03 3.171581e+07 1.361913e+06 
6.418950e+03 2.630378e+07 2.468467e+06 
8.586200e+03 3.683486e+07 8.942892e+05 
7.883400e+03 3.398619e+07 9.820330e+05 
7.965050e+03 3.351738e+07 1.059532e+06 
6.621250e+03 2.725023e+07 1.957750e+06 
7.589200e+03 3.162599e+07 1.244873e+06 
6.964850e+03 2.876392e+07 1.617271e+06 
7.771950e+03 3.322569e+07 1.106554e+06 
7.668700e+03 3.064326e+07 1.447032e+06 
7.628750e+03 3.069999e+07 1.447032e+06 
8.249050e+03 3.564689e+07 9.121750e+05 
6.816100e+03 2.798749e+07 1.702391e+06 
7.802050e+03 3.369052e+07 1.057574e+06 
6.612100e+03 2.733004e+07 2.042869e+06 
9.162400e+03 3.781732e+07 8.511955e+05 
7.795400e+03 3.358149e+07 1.057574e+06 
8.514500e+03 3.707053e+07 9.064920e+05 
7.936000e+03 3.411529e+07 9.820330e+05 
7.388650e+03 3.094843e+07 1.447032e+06 
9.231750e+03 3.664885e+07 8.192750e+05 
9.089500e+03 3.853879e+07 8.511955e+05 
9.116700e+03 3.793261e+07 8.511955e+05 
7.325150e+03 3.044518e+07 1.532152e+06 
6.394400e+03 2.642619e+07 2.553587e+06 
6.497900e+03 2.665724e+07 2.213108e+06 
9.515700e+03 3.887683e+07 7.869745e+05 
6.664700e+03 2.736025e+07 1.872630e+06 
7.966700e+03 3.113152e+07 1.329992e+06 
6.473600e+03 2.659061e+07 2.383347e+06 
6.409150e+03 2.649273e+07 2.553587e+06 
7.380250e+03 3.100402e+07 1.447032e+06 
7.693750e+03 3.228938e+07 1.133115e+06 
6.725800e+03 2.734475e+07 1.872630e+06 
7.327400e+03 3.132171e+07 1.361913e+06 
7.904500e+03 3.125211e+07 1.208656e+06 
6.682250e+03 2.746418e+07 1.787511e+06 
9.360900e+03 3.752341e+07 8.309510e+05 
7.278200e+03 3.050439e+07 1.532152e+06 
7.638300e+03 3.100317e+07 1.276793e+06 
7.680750e+03 3.085722e+07 1.447032e+06 
6.625500e+03 2.721330e+07 2.127989e+06 
8.207000e+03 3.553169e+07 9.121750e+05 
9.096300e+03 3.828991e+07 8.511955e+05 
7.739200e+03 3.336307e+07 1.106554e+06 

7.021550e+03 2.946683e+07 1.787511e+06 
1.019105e+04 4.061280e+07 8.406318e+05 
6.776550e+03 2.823101e+07 2.042869e+06 
6.761350e+03 2.810577e+07 2.213108e+06 
7.215300e+03 3.066191e+07 1.532152e+06 
7.040150e+03 2.938103e+07 1.787511e+06 
7.301450e+03 2.947664e+07 1.702391e+06 
7.661900e+03 3.364964e+07 1.074634e+06 
7.181250e+03 3.111395e+07 1.447032e+06 
7.243450e+03 3.153914e+07 1.361913e+06 
7.130200e+03 2.978039e+07 1.787511e+06 
6.731200e+03 2.791268e+07 2.298228e+06 
7.188100e+03 2.903220e+07 1.617271e+06 
6.778300e+03 2.844461e+07 2.213108e+06 
6.778700e+03 2.844887e+07 1.957750e+06 
9.989250e+03 4.069021e+07 8.618347e+05 
6.707400e+03 2.825157e+07 2.298228e+06 
7.246400e+03 3.109618e+07 1.361913e+06 
7.073300e+03 2.909264e+07 1.787511e+06 
1.000525e+04 4.030231e+07 8.511955e+05 
6.690950e+03 2.808438e+07 2.468467e+06 
7.291450e+03 3.128527e+07 1.276793e+06 
8.087100e+03 3.427431e+07 9.479465e+05 
7.988350e+03 3.508416e+07 9.064920e+05 
6.673350e+03 2.809981e+07 2.553587e+06 
6.794300e+03 2.822461e+07 2.042869e+06 
7.325050e+03 2.973248e+07 1.447032e+06 
7.213350e+03 2.957710e+07 1.586361e+06 
7.683500e+03 3.293146e+07 1.106554e+06 
7.167000e+03 3.054893e+07 1.532152e+06 
7.382450e+03 3.047065e+07 1.532152e+06 
6.714800e+03 2.795710e+07 2.298228e+06 
7.714700e+03 3.298982e+07 1.057574e+06 
6.765400e+03 2.810457e+07 2.266307e+06 
1.019920e+04 3.977855e+07 8.937553e+05 
6.743500e+03 2.786612e+07 2.298228e+06 
6.801900e+03 2.868219e+07 1.957750e+06 
6.739350e+03 2.836195e+07 2.213108e+06 
7.956550e+03 3.494715e+07 9.363151e+05 
7.678700e+03 3.296582e+07 1.106554e+06 
7.214600e+03 3.088050e+07 1.447032e+06 
7.846450e+03 3.334936e+07 1.057574e+06 
6.742200e+03 2.815499e+07 2.298228e+06 
7.653000e+03 3.252373e+07 1.133115e+06 
6.772850e+03 2.826892e+07 2.042869e+06 
7.589300e+03 3.217936e+07 1.208656e+06 
7.692200e+03 3.301217e+07 1.057574e+06 
7.978550e+03 3.462132e+07 9.064920e+05 
7.798150e+03 3.293970e+07 1.106554e+06 
7.923450e+03 3.439473e+07 9.820330e+05 
6.816850e+03 2.832498e+07 1.957750e+06 
7.865750e+03 3.388200e+07 1.021435e+06 
7.092050e+03 2.946791e+07 1.702391e+06 
1.004075e+04 4.018995e+07 8.406318e+05 
9.916800e+03 4.021129e+07 8.764034e+05 
6.747550e+03 2.812265e+07 2.127989e+06 
7.262800e+03 3.147320e+07 1.361913e+06 
7.971000e+03 3.479073e+07 9.121750e+05 
7.189150e+03 3.067330e+07 1.447032e+06 
7.847150e+03 3.397985e+07 9.820330e+05 
6.816000e+03 2.840442e+07 1.957750e+06 
7.213300e+03 3.144917e+07 1.532152e+06 
1.000850e+04 4.072223e+07 8.724740e+05 
7.603150e+03 3.319481e+07 1.159753e+06 
8.715800e+03 3.350001e+07 1.019490e+06 
1.000585e+04 4.006046e+07 9.043945e+05 
7.396600e+03 3.165541e+07 1.191674e+06 
7.309650e+03 2.991444e+07 1.532152e+06 
6.707200e+03 2.787855e+07 2.468467e+06 
1.012760e+04 4.039977e+07 8.764034e+05 
7.472450e+03 3.036387e+07 1.435279e+06 
1.003805e+04 3.958443e+07 8.937553e+05 
6.690850e+03 2.803057e+07 2.553587e+06 
1.023395e+04 4.044226e+07 8.618347e+05 
6.679100e+03 2.821713e+07 2.553587e+06 
7.165300e+03 2.921149e+07 1.872630e+06 
7.571100e+03 3.319939e+07 1.159753e+06 
7.964450e+03 3.451721e+07 9.121750e+05 
7.085050e+03 2.979021e+07 1.702391e+06 
6.685000e+03 2.808905e+07 2.553587e+06 
7.333300e+03 3.094343e+07 1.361913e+06 
7.095100e+03 2.945207e+07 1.702391e+06 
8.190600e+03 3.496063e+07 8.942892e+05 
6.702600e+03 2.783464e+07 2.383347e+06 
7.110150e+03 2.902018e+07 1.702391e+06 
6.701800e+03 2.828935e+07 2.383347e+06 
7.613900e+03 3.249375e+07 1.133115e+06 
6.887000e+03 2.860836e+07 1.872630e+06 
7.837400e+03 3.334482e+07 1.021435e+06 
7.611900e+03 3.348959e+07 1.106554e+06 
9.951750e+03 3.999202e+07 8.764034e+05 
7.007150e+03 2.988425e+07 1.617271e+06 
7.169800e+03 2.898066e+07 1.787511e+06 
7.702950e+03 3.266627e+07 1.106554e+06 
7.879750e+03 3.348964e+07 1.021435e+06 
9.900050e+03 4.065230e+07 8.764034e+05 
7.311850e+03 2.954455e+07 1.532152e+06 
7.143650e+03 3.020058e+07 1.574712e+06 
7.163150e+03 2.900667e+07 1.787511e+06 
7.109450e+03 2.904865e+07 1.787511e+06 

6.303900e+03 2.565454e+07 2.468467e+06 
8.623550e+03 3.568855e+07 8.937553e+05 
6.312200e+03 2.558131e+07 2.383347e+06 
7.031650e+03 2.941855e+07 1.415112e+06 
7.163950e+03 2.967022e+07 1.361913e+06 
8.697950e+03 3.644555e+07 8.764034e+05 
7.042100e+03 2.951812e+07 1.415112e+06 
7.141300e+03 2.973761e+07 1.361913e+06 
7.480300e+03 3.097032e+07 1.191674e+06 
6.997000e+03 2.913739e+07 1.500231e+06 
6.635750e+03 2.753163e+07 1.617271e+06 
7.675650e+03 3.419233e+07 1.057574e+06 
6.296050e+03 2.566929e+07 2.468467e+06 
7.701850e+03 3.413770e+07 1.057574e+06 
8.194450e+03 3.430656e+07 9.788749e+05 
6.978150e+03 2.937687e+07 1.500231e+06 
7.778800e+03 3.388501e+07 1.021435e+06 
6.365500e+03 2.607969e+07 2.127989e+06 
7.584550e+03 3.271735e+07 1.106554e+06 
6.407250e+03 2.594105e+07 2.127989e+06 
8.713300e+03 3.623516e+07 8.764034e+05 
6.807900e+03 2.846198e+07 1.532152e+06 
7.440800e+03 3.120466e+07 1.133115e+06 
8.711000e+03 3.605213e+07 8.937553e+05 
8.610200e+03 3.555332e+07 8.987604e+05 
7.728250e+03 3.413575e+07 1.021435e+06 
7.279450e+03 3.027212e+07 1.276793e+06 
7.558400e+03 3.282876e+07 1.106554e+06 
7.963700e+03 3.498246e+07 9.064920e+05 
6.681450e+03 2.755271e+07 1.702391e+06 
8.252450e+03 3.427150e+07 9.345320e+05 
6.322600e+03 2.561352e+07 2.383347e+06 
7.711350e+03 3.398755e+07 1.057574e+06 
7.755850e+03 3.432443e+07 9.820330e+05 
7.200800e+03 3.001899e+07 1.329992e+06 
8.599100e+03 3.564990e+07 8.987604e+05 
6.335450e+03 2.590431e+07 2.213108e+06 
7.357500e+03 3.037248e+07 1.276793e+06 
7.435350e+03 3.084764e+07 1.133115e+06 
7.255750e+03 3.019250e+07 1.284197e+06 
6.308600e+03 2.566637e+07 2.468467e+06 
6.418700e+03 2.619669e+07 2.127989e+06 
7.758250e+03 3.368487e+07 1.057574e+06 
8.337400e+03 3.730569e+07 8.942892e+05 
8.250500e+03 3.740225e+07 8.942892e+05 
7.197700e+03 2.989301e+07 1.359738e+06 
6.855200e+03 2.871726e+07 1.532152e+06 
6.609700e+03 2.737994e+07 1.787511e+06 
7.855950e+03 3.391453e+07 9.820330e+05 
7.174700e+03 2.965552e+07 1.359738e+06 
6.566800e+03 2.688060e+07 1.957750e+06 
7.298850e+03 3.032993e+07 1.208656e+06 
6.587100e+03 2.704742e+07 1.872630e+06 
8.238850e+03 3.649491e+07 9.043945e+05 
6.991600e+03 2.934900e+07 1.500231e+06 
6.503250e+03 2.637704e+07 2.042869e+06 
6.420900e+03 2.604894e+07 2.042869e+06 
7.027900e+03 2.946706e+07 1.415112e+06 
6.289800e+03 2.565918e+07 2.468467e+06 
6.368050e+03 2.595175e+07 2.213108e+06 
6.309500e+03 2.560393e+07 2.468467e+06 
6.327900e+03 2.578335e+07 2.298228e+06 
7.166250e+03 3.000528e+07 1.359738e+06 
8.642800e+03 3.548313e+07 8.987604e+05 
8.643250e+03 3.670405e+07 8.937553e+05 
7.533450e+03 3.237560e+07 1.074634e+06 
7.323600e+03 3.065973e+07 1.208656e+06 
6.356350e+03 2.602296e+07 2.298228e+06 
6.606700e+03 2.726168e+07 1.787511e+06 
6.607750e+03 2.710983e+07 1.872630e+06 
6.576000e+03 2.707644e+07 1.872630e+06 
8.218900e+03 3.370153e+07 1.063994e+06 
8.310450e+03 3.491453e+07 9.345320e+05 
6.310850e+03 2.579285e+07 2.383347e+06 
8.258600e+03 3.400745e+07 9.345320e+05 
6.979750e+03 2.919537e+07 1.500231e+06 
8.172400e+03 3.430299e+07 9.788749e+05 
6.628850e+03 2.721338e+07 1.787511e+06 
7.949650e+03 3.508304e+07 9.820330e+05 
7.008600e+03 2.900970e+07 1.500231e+06 
6.341850e+03 2.577421e+07 2.298228e+06 
7.426350e+03 3.084003e+07 1.191674e+06 
8.609900e+03 3.602167e+07 8.764034e+05 
8.298300e+03 3.713216e+07 8.942892e+05 
6.735200e+03 2.811982e+07 1.617271e+06 
7.155300e+03 3.005935e+07 1.361913e+06 
7.761800e+03 3.458740e+07 1.021435e+06 
6.405500e+03 2.601076e+07 2.127989e+06 
6.475400e+03 2.696726e+07 1.957750e+06 
8.333350e+03 3.473143e+07 9.064920e+05 
8.319350e+03 3.472717e+07 9.568890e+05 
6.602150e+03 2.743359e+07 1.787511e+06 
6.356100e+03 2.580413e+07 2.213108e+06 
6.991600e+03 2.914298e+07 1.447032e+06 
7.895150e+03 3.392176e+07 1.021435e+06 
6.565750e+03 2.715851e+07 1.872630e+06 
6.502450e+03 2.687054e+07 1.957750e+06 
8.600150e+03 3.598172e+07 8.987604e+05 
8.508500e+03 3.541920e+07 9.064920e+05 
8.042400e+03 3.466143e+07 9.121750e+05 

6.462550e+03 2.629574e+07 2.298228e+06 
6.662800e+03 2.743334e+07 1.957750e+06 
8.371650e+03 3.446205e+07 9.064920e+05 
7.310900e+03 3.118795e+07 1.284197e+06 
7.899750e+03 3.387096e+07 9.820330e+05 
7.883200e+03 3.426936e+07 9.820330e+05 
6.497650e+03 2.629722e+07 2.351427e+06 
6.680000e+03 2.785880e+07 1.787511e+06 
7.684100e+03 3.303414e+07 1.106554e+06 
7.800700e+03 3.259940e+07 1.159753e+06 
6.525950e+03 2.629187e+07 2.351427e+06 
6.889300e+03 2.942071e+07 1.447032e+06 
7.669750e+03 3.306395e+07 1.159753e+06 
7.312050e+03 3.118997e+07 1.284197e+06 
7.625750e+03 3.311222e+07 1.133115e+06 
8.539600e+03 3.491305e+07 8.987604e+05 
7.631850e+03 3.161863e+07 1.276793e+06 
7.498650e+03 3.268909e+07 1.208656e+06 
6.738850e+03 2.846520e+07 1.532152e+06 
6.760650e+03 2.859916e+07 1.532152e+06 
7.443750e+03 3.201875e+07 1.276793e+06 
6.630450e+03 2.722519e+07 2.042869e+06 
6.264850e+03 2.542271e+07 2.468467e+06 
6.286100e+03 2.568109e+07 2.383347e+06 
7.560350e+03 3.176074e+07 1.208656e+06 
6.595850e+03 2.711306e+07 2.127989e+06 
7.308400e+03 3.132529e+07 1.284197e+06 
6.686800e+03 2.815319e+07 1.617271e+06 
6.476200e+03 2.660826e+07 2.213108e+06 
7.858050e+03 3.392057e+07 9.820330e+05 
7.933400e+03 3.370431e+07 9.820330e+05 
6.456900e+03 2.642669e+07 2.213108e+06 
6.646050e+03 2.812249e+07 1.787511e+06 
6.866400e+03 2.889351e+07 1.510820e+06 
6.690800e+03 2.836259e+07 1.617271e+06 
7.312250e+03 3.047458e+07 1.359738e+06 
6.780700e+03 2.796318e+07 1.787511e+06 
6.843750e+03 2.912664e+07 1.510820e+06 
6.634750e+03 2.735579e+07 2.042869e+06 
6.763300e+03 2.844523e+07 1.532152e+06 
7.473100e+03 3.241265e+07 1.208656e+06 
6.829400e+03 2.881810e+07 1.447032e+06 
6.653900e+03 2.748862e+07 1.957750e+06 
7.686450e+03 3.284247e+07 1.191674e+06 
6.658700e+03 2.752165e+07 1.872630e+06 
6.449100e+03 2.643723e+07 2.213108e+06 
8.445800e+03 3.446209e+07 9.363151e+05 
6.272400e+03 2.539091e+07 2.553587e+06 
7.708950e+03 3.357389e+07 1.021435e+06 
7.847300e+03 3.177148e+07 1.276793e+06 
6.445650e+03 2.646100e+07 2.298228e+06 
6.665550e+03 2.797393e+07 1.787511e+06 
7.255300e+03 3.061084e+07 1.329992e+06 
7.728950e+03 3.326761e+07 1.057574e+06 
7.307450e+03 3.128631e+07 1.284197e+06 
7.673100e+03 3.292250e+07 1.057574e+06 
6.578350e+03 2.732996e+07 2.127989e+06 
7.245850e+03 3.042915e+07 1.415112e+06 
7.226150e+03 3.052337e+07 1.329992e+06 
6.614750e+03 2.733966e+07 2.042869e+06 
8.378400e+03 3.428684e+07 9.703035e+05 
6.648500e+03 2.780297e+07 1.957750e+06 
7.729650e+03 3.319775e+07 1.021435e+06 
6.674800e+03 2.819293e+07 1.702391e+06 
6.267750e+03 2.538642e+07 2.553587e+06 
6.617600e+03 2.763806e+07 1.957750e+06 
6.581800e+03 2.725969e+07 2.127989e+06 
6.274050e+03 2.537370e+07 2.553587e+06 
6.608150e+03 2.741165e+07 2.042869e+06 
7.492950e+03 3.224971e+07 1.208656e+06 
7.904050e+03 3.381274e+07 9.820330e+05 
7.683400e+03 3.283474e+07 1.074634e+06 
7.620550e+03 3.228194e+07 1.276793e+06 
6.653050e+03 2.706550e+07 2.127989e+06 
6.647400e+03 2.748850e+07 1.957750e+06 
6.269550e+03 2.545079e+07 2.468467e+06 
7.860700e+03 3.377063e+07 9.586246e+05 
7.632450e+03 3.192265e+07 1.191674e+06 
6.680200e+03 2.778150e+07 1.787511e+06 
7.262050e+03 3.054356e+07 1.415112e+06 
6.732800e+03 2.822150e+07 1.702391e+06 
7.278250e+03 3.050263e+07 1.329992e+06 
7.703300e+03 3.248627e+07 1.133115e+06 
6.617050e+03 2.727102e+07 2.042869e+06 
6.814450e+03 2.901804e+07 1.510820e+06 
6.283400e+03 2.556811e+07 2.383347e+06 
7.709850e+03 3.343347e+07 1.057574e+06 
6.277000e+03 2.564838e+07 2.383347e+06 
7.645150e+03 3.208702e+07 1.276793e+06 
6.714450e+03 2.809670e+07 1.787511e+06 
7.768950e+03 3.343019e+07 1.021435e+06 
6.655200e+03 2.721443e+07 2.127989e+06 
7.653650e+03 3.195343e+07 1.244873e+06 
6.438800e+03 2.637256e+07 2.298228e+06 
6.705500e+03 2.766900e+07 1.872630e+06 
7.237650e+03 3.048997e+07 1.415112e+06 
6.679900e+03 2.822333e+07 1.617271e+06 
6.268600e+03 2.543901e+07 2.553587e+06 
8.462150e+03 3.468730e+07 8.987604e+05 
6.281300e+03 2.564487e+07 2.383347e+06 

6.859200e+03 2.832062e+07 1.532152e+06 
6.810350e+03 2.832413e+07 1.532152e+06 
7.501050e+03 3.042965e+07 1.191674e+06 
6.444700e+03 2.649067e+07 2.383347e+06 
6.576850e+03 2.705095e+07 2.127989e+06 
7.926550e+03 3.199993e+07 1.057574e+06 
7.839750e+03 3.194468e+07 1.106554e+06 
6.604150e+03 2.727347e+07 1.957750e+06 
7.670800e+03 3.381668e+07 1.057574e+06 
7.539650e+03 3.112950e+07 1.159753e+06 
6.466650e+03 2.671578e+07 2.213108e+06 
7.465550e+03 3.043448e+07 1.191674e+06 
6.519900e+03 2.636139e+07 2.298228e+06 
8.826250e+03 3.639646e+07 8.987604e+05 
6.718650e+03 2.819099e+07 1.787511e+06 
7.423250e+03 3.071578e+07 1.191674e+06 
6.765400e+03 2.835057e+07 1.617271e+06 
6.580200e+03 2.757846e+07 2.042869e+06 
7.211450e+03 3.001221e+07 1.208656e+06 
6.803200e+03 2.841447e+07 1.532152e+06 
6.584200e+03 2.745888e+07 2.042869e+06 
6.736900e+03 2.830319e+07 1.702391e+06 
7.908700e+03 3.528130e+07 9.064920e+05 
7.011750e+03 2.914423e+07 1.361913e+06 
7.529800e+03 3.047689e+07 1.191674e+06 
6.504900e+03 2.634182e+07 2.298228e+06 
7.577200e+03 3.114300e+07 1.106554e+06 
7.712900e+03 3.469568e+07 1.021435e+06 
6.716250e+03 2.824227e+07 1.787511e+06 
6.634500e+03 2.761321e+07 1.872630e+06 
6.731150e+03 2.814333e+07 1.787511e+06 
7.479400e+03 3.130500e+07 1.133115e+06 
6.967200e+03 2.903988e+07 1.447032e+06 
6.832550e+03 2.818701e+07 1.787511e+06 
6.574650e+03 2.716306e+07 2.127989e+06 
6.798950e+03 2.825526e+07 1.617271e+06 
6.501350e+03 2.670499e+07 2.213108e+06 
6.780350e+03 2.826287e+07 1.702391e+06 
7.551550e+03 3.105299e+07 1.159753e+06 
6.802200e+03 2.814556e+07 1.702391e+06 
7.474400e+03 3.068641e+07 1.191674e+06 
7.135850e+03 2.988986e+07 1.276793e+06 
7.168200e+03 2.909265e+07 1.447032e+06 
6.427600e+03 2.640111e+07 2.468467e+06 
7.713650e+03 3.338811e+07 1.057574e+06 
8.049350e+03 3.475632e+07 9.363151e+05 
7.959100e+03 3.257061e+07 1.057574e+06 
7.839400e+03 3.209184e+07 1.106554e+06 
7.618250e+03 3.291785e+07 1.106554e+06 
8.874250e+03 3.579667e+07 8.987604e+05 
7.589200e+03 3.295548e+07 1.106554e+06 
6.602600e+03 2.776363e+07 1.957750e+06 
6.510800e+03 2.644329e+07 2.298228e+06 
6.614600e+03 2.741285e+07 1.957750e+06 
6.531950e+03 2.659433e+07 2.213108e+06 
6.781700e+03 2.840080e+07 1.617271e+06 
6.789550e+03 2.841421e+07 1.532152e+06 
7.179500e+03 2.965456e+07 1.276793e+06 
7.749800e+03 3.452404e+07 9.820330e+05 
6.616250e+03 2.733495e+07 2.042869e+06 
7.756500e+03 3.450262e+07 9.820330e+05 
7.759100e+03 3.439943e+07 9.820330e+05 
7.631500e+03 3.138148e+07 1.133115e+06 
7.718500e+03 3.135101e+07 1.133115e+06 
6.550700e+03 2.644974e+07 2.213108e+06 
7.127250e+03 2.935796e+07 1.276793e+06 
6.720300e+03 2.831091e+07 1.702391e+06 
6.453500e+03 2.649469e+07 2.298228e+06 
6.480250e+03 2.679978e+07 2.213108e+06 
6.790800e+03 2.817071e+07 1.702391e+06 
7.074150e+03 2.943193e+07 1.361913e+06 
6.502600e+03 2.652237e+07 2.383347e+06 
6.611400e+03 2.720938e+07 2.042869e+06 
7.717100e+03 3.413994e+07 1.021435e+06 
8.845100e+03 3.599887e+07 8.987604e+05 
7.201600e+03 2.986411e+07 1.208656e+06 
7.960850e+03 3.231148e+07 1.057574e+06 
6.537750e+03 2.655234e+07 2.213108e+06 
7.739850e+03 3.491094e+07 9.820330e+05 
6.753350e+03 2.826703e+07 1.702391e+06 
6.485950e+03 2.671330e+07 2.213108e+06 
7.547600e+03 3.087360e+07 1.133115e+06 
7.825650e+03 3.515514e+07 9.363151e+05 
6.465650e+03 2.656804e+07 2.298228e+06 
7.714100e+03 3.456954e+07 9.064920e+05 
7.435200e+03 3.057480e+07 1.191674e+06 
6.429900e+03 2.648753e+07 2.468467e+06 
6.596050e+03 2.664136e+07 2.213108e+06 
6.612050e+03 2.786265e+07 1.957750e+06 
7.666450e+03 3.317964e+07 1.057574e+06 
6.820850e+03 2.829590e+07 1.787511e+06 
6.536150e+03 2.692342e+07 2.127989e+06 
6.681700e+03 2.776428e+07 1.872630e+06 
7.019050e+03 2.928755e+07 1.447032e+06 
7.750650e+03 3.418441e+07 9.820330e+05 
6.479350e+03 2.641319e+07 2.298228e+06 
8.788200e+03 3.548419e+07 8.987604e+05 
6.468200e+03 2.646237e+07 2.383347e+06 
7.690650e+03 3.349015e+07 1.057574e+06 
6.769200e+03 2.832592e+07 1.617271e+06 

8.345500e+03 3.613685e+07 8.942892e+05 
7.601400e+03 3.253311e+07 1.009079e+06 
6.601350e+03 2.797421e+07 1.702391e+06 
6.322350e+03 2.591031e+07 2.468467e+06 
6.940200e+03 2.857612e+07 1.670470e+06 
7.469700e+03 3.199628e+07 1.109986e+06 
7.245700e+03 2.982301e+07 1.361913e+06 
8.052650e+03 3.626963e+07 9.586246e+05 
7.488550e+03 3.236614e+07 1.106554e+06 
7.307050e+03 3.001829e+07 1.284197e+06 
8.160300e+03 3.615202e+07 9.064920e+05 
7.639600e+03 3.314740e+07 1.057574e+06 
6.308900e+03 2.578004e+07 2.553587e+06 
7.466200e+03 3.137067e+07 1.208656e+06 
6.583450e+03 2.739837e+07 1.872630e+06 
6.479750e+03 2.629892e+07 2.213108e+06 
7.449400e+03 3.206345e+07 1.244873e+06 
7.562650e+03 3.210774e+07 1.021435e+06 
6.496900e+03 2.630556e+07 2.127989e+06 
8.110250e+03 3.610838e+07 9.363151e+05 
7.555250e+03 3.253318e+07 1.191674e+06 
7.401900e+03 3.129442e+07 1.208656e+06 
8.112850e+03 3.564216e+07 9.363151e+05 
8.216650e+03 3.570905e+07 9.064920e+05 
6.458500e+03 2.641581e+07 2.127989e+06 
8.286150e+03 3.673466e+07 8.942892e+05 
6.312700e+03 2.587340e+07 2.553587e+06 
7.540700e+03 3.188377e+07 1.106554e+06 
7.454200e+03 3.145431e+07 1.244873e+06 
7.683200e+03 3.279101e+07 1.021435e+06 
6.962200e+03 2.862776e+07 1.532152e+06 
7.592900e+03 3.223786e+07 1.133115e+06 
6.456250e+03 2.638890e+07 2.213108e+06 
7.716100e+03 3.301691e+07 9.820330e+05 
6.960000e+03 2.846855e+07 1.532152e+06 
7.224700e+03 2.965388e+07 1.359738e+06 
6.465900e+03 2.630334e+07 2.213108e+06 
6.549350e+03 2.674722e+07 2.042869e+06 
7.610200e+03 3.262988e+07 9.895141e+05 
7.410700e+03 3.166727e+07 1.159753e+06 
7.262100e+03 2.993668e+07 1.329992e+06 
6.471350e+03 2.614051e+07 2.298228e+06 
6.371500e+03 2.578991e+07 2.468467e+06 
7.156400e+03 2.928236e+07 1.435279e+06 
8.173900e+03 3.535987e+07 9.363151e+05 
7.396950e+03 3.166940e+07 1.208656e+06 
7.582000e+03 3.177724e+07 1.159753e+06 
6.502850e+03 2.701178e+07 2.042869e+06 
6.589750e+03 2.760357e+07 1.787511e+06 
7.488250e+03 3.081405e+07 1.208656e+06 
7.161550e+03 2.956857e+07 1.361913e+06 
7.432050e+03 3.083769e+07 1.208656e+06 
8.198700e+03 3.578936e+07 8.942892e+05 
7.306050e+03 3.017182e+07 1.276793e+06 
6.883400e+03 2.828768e+07 1.617271e+06 
8.158550e+03 3.663287e+07 9.064920e+05 
7.414950e+03 3.205308e+07 1.133115e+06 
8.783300e+03 3.604831e+07 8.987604e+05 
7.279350e+03 2.958517e+07 1.329992e+06 
8.130800e+03 3.555649e+07 9.043945e+05 
7.207250e+03 2.945429e+07 1.447032e+06 
6.362900e+03 2.596741e+07 2.383347e+06 
8.067250e+03 3.647004e+07 9.064920e+05 
6.419550e+03 2.650473e+07 2.298228e+06 
8.135550e+03 3.547467e+07 9.363151e+05 
7.451200e+03 3.076826e+07 1.191674e+06 
6.540800e+03 2.691690e+07 2.042869e+06 
7.536050e+03 3.225187e+07 1.106554e+06 
7.220800e+03 2.949916e+07 1.361913e+06 
7.518250e+03 3.226158e+07 1.074634e+06 
6.547300e+03 2.713254e+07 1.872630e+06 
8.159050e+03 3.540071e+07 9.363151e+05 
6.567900e+03 2.731754e+07 1.957750e+06 
6.575800e+03 2.743934e+07 1.787511e+06 
6.610950e+03 2.770309e+07 1.702391e+06 
6.972500e+03 2.872976e+07 1.447032e+06 
7.432300e+03 3.198586e+07 1.133115e+06 
7.174650e+03 2.924954e+07 1.435279e+06 
7.621250e+03 3.259979e+07 9.820330e+05 
6.634200e+03 2.797642e+07 1.702391e+06 
7.192400e+03 2.955201e+07 1.361913e+06 
7.273550e+03 2.982205e+07 1.244873e+06 
6.452250e+03 2.616272e+07 2.298228e+06 
6.518700e+03 2.705395e+07 1.957750e+06 
8.143900e+03 3.539657e+07 9.064920e+05 
6.973600e+03 2.865322e+07 1.510820e+06 
6.358500e+03 2.611439e+07 2.468467e+06 
6.313850e+03 2.578955e+07 2.553587e+06 
8.150300e+03 3.632136e+07 8.942892e+05 
6.577700e+03 2.675544e+07 2.042869e+06 
6.497850e+03 2.659546e+07 2.127989e+06 
7.519200e+03 3.196378e+07 1.133115e+06 
6.390750e+03 2.596189e+07 2.383347e+06 
6.469400e+03 2.632687e+07 2.213108e+06 
6.421900e+03 2.644507e+07 2.298228e+06 
6.441550e+03 2.620893e+07 2.298228e+06 
7.224000e+03 2.949842e+07 1.415112e+06 
6.315550e+03 2.578123e+07 2.553587e+06 
7.076050e+03 2.929863e+07 1.435279e+06 
7.538250e+03 3.222258e+07 1.106554e+06 

6.264900e+03 2.564570e+07 2.383347e+06 
6.245500e+03 2.541346e+07 2.553587e+06 
8.575650e+03 3.520303e+07 9.788749e+05 
9.499100e+03 3.947249e+07 8.764034e+05 
7.012200e+03 2.954435e+07 1.532152e+06 
7.009750e+03 2.928312e+07 1.617271e+06 
7.720600e+03 3.308811e+07 1.057574e+06 
7.797200e+03 3.373200e+07 9.820330e+05 
7.235800e+03 3.123149e+07 1.415112e+06 
7.338600e+03 3.139147e+07 1.244873e+06 
9.481200e+03 3.973266e+07 8.762762e+05 
7.548750e+03 3.215171e+07 1.133115e+06 
9.510900e+03 3.952902e+07 8.511955e+05 
7.067000e+03 3.005339e+07 1.447032e+06 
6.347650e+03 2.601758e+07 2.298228e+06 
9.632700e+03 4.038537e+07 8.406318e+05 
6.980850e+03 2.946618e+07 1.617271e+06 
6.259100e+03 2.548867e+07 2.553587e+06 
6.459950e+03 2.680578e+07 2.042869e+06 
7.270800e+03 3.074759e+07 1.435279e+06 
7.277000e+03 3.102492e+07 1.284197e+06 
7.002150e+03 3.002780e+07 1.532152e+06 
9.530250e+03 3.927588e+07 8.511955e+05 
6.434500e+03 2.643274e+07 2.127989e+06 
7.271500e+03 3.099007e+07 1.329992e+06 
7.737700e+03 3.363138e+07 1.057574e+06 
7.986850e+03 3.287362e+07 1.106554e+06 
6.992550e+03 2.929238e+07 1.702391e+06 
7.269150e+03 3.111748e+07 1.329992e+06 
6.703100e+03 2.770361e+07 1.787511e+06 
7.559150e+03 3.224631e+07 1.133115e+06 
7.398050e+03 3.115585e+07 1.276793e+06 
8.584300e+03 3.568844e+07 9.345320e+05 
7.274450e+03 3.138120e+07 1.284197e+06 
1.016625e+04 4.060827e+07 8.406318e+05 
6.611100e+03 2.731504e+07 1.872630e+06 
6.339800e+03 2.605858e+07 2.298228e+06 
6.279800e+03 2.544380e+07 2.553587e+06 
6.476300e+03 2.674141e+07 2.042869e+06 
7.795700e+03 3.325679e+07 1.106554e+06 
8.499000e+03 3.543635e+07 9.363151e+05 
6.358600e+03 2.617885e+07 2.213108e+06 
1.006100e+04 4.031269e+07 8.406318e+05 
6.970000e+03 2.942318e+07 1.617271e+06 
7.803350e+03 3.345929e+07 1.021435e+06 
8.128100e+03 3.445786e+07 9.820330e+05 
7.286050e+03 3.100990e+07 1.361913e+06 
6.693800e+03 2.736820e+07 1.872630e+06 
6.382650e+03 2.623377e+07 2.213108e+06 
7.330150e+03 3.130044e+07 1.329992e+06 
9.536600e+03 3.961489e+07 8.762762e+05 
6.277900e+03 2.565588e+07 2.383347e+06 
8.568850e+03 3.570961e+07 8.987604e+05 
8.562250e+03 3.796358e+07 8.942892e+05 
6.505600e+03 2.686333e+07 1.957750e+06 
6.374600e+03 2.635855e+07 2.213108e+06 
6.275000e+03 2.564652e+07 2.468467e+06 
6.688250e+03 2.756217e+07 1.787511e+06 
7.543750e+03 3.217231e+07 1.133115e+06 
7.355550e+03 3.151453e+07 1.159753e+06 
7.779850e+03 3.333289e+07 1.021435e+06 
9.504650e+03 3.986624e+07 8.511955e+05 
7.019400e+03 2.969221e+07 1.532152e+06 
6.277100e+03 2.552550e+07 2.468467e+06 
6.468350e+03 2.676500e+07 2.042869e+06 
6.437850e+03 2.657330e+07 2.127989e+06 
8.631800e+03 3.536269e+07 9.363151e+05 
9.496100e+03 3.957443e+07 8.511955e+05 
7.007400e+03 2.911496e+07 1.702391e+06 
6.470600e+03 2.673381e+07 2.042869e+06 
9.560750e+03 3.946054e+07 8.764034e+05 
8.563750e+03 3.559340e+07 8.987604e+05 
8.047600e+03 3.312317e+07 1.106554e+06 
7.610650e+03 3.221854e+07 1.133115e+06 
8.344900e+03 3.423999e+07 9.820330e+05 
7.848500e+03 3.386435e+07 9.895141e+05 
6.340600e+03 2.595524e+07 2.298228e+06 
6.987950e+03 2.906256e+07 1.702391e+06 
7.311050e+03 3.117625e+07 1.191674e+06 
7.978400e+03 3.466532e+07 9.820330e+05 
6.632800e+03 2.746483e+07 1.872630e+06 
7.081950e+03 3.016566e+07 1.447032e+06 
9.595150e+03 3.983726e+07 8.525681e+05 
6.268400e+03 2.571829e+07 2.468467e+06 
7.646800e+03 3.313380e+07 1.106554e+06 
6.722900e+03 2.762919e+07 1.787511e+06 
6.943250e+03 2.913003e+07 1.702391e+06 
6.486550e+03 2.666744e+07 2.042869e+06 
7.556050e+03 3.211196e+07 1.133115e+06 
7.343700e+03 3.113618e+07 1.329992e+06 
7.344800e+03 3.154842e+07 1.191674e+06 
7.037900e+03 2.936164e+07 1.617271e+06 
8.140250e+03 3.365271e+07 9.363151e+05 
7.709800e+03 3.325118e+07 1.057574e+06 
6.924450e+03 2.934252e+07 1.702391e+06 
7.263800e+03 3.130385e+07 1.383191e+06 
9.784450e+03 4.096622e+07 8.406318e+05 
8.244150e+03 3.402229e+07 9.064920e+05 
6.511850e+03 2.690536e+07 1.957750e+06 
8.787750e+03 3.832270e+07 8.942892e+05 

6.522200e+03 2.681803e+07 1.957750e+06 
7.205550e+03 3.079336e+07 1.359738e+06 
7.680300e+03 3.298312e+07 1.021435e+06 
6.388250e+03 2.616550e+07 2.383347e+06 
6.395300e+03 2.610240e+07 2.298228e+06 
7.792650e+03 3.335398e+07 9.895141e+05 
6.413800e+03 2.650531e+07 2.213108e+06 
8.945750e+03 3.749032e+07 8.764034e+05 
6.320500e+03 2.600543e+07 2.553587e+06 
7.456550e+03 3.025942e+07 1.361913e+06 
7.169350e+03 3.100469e+07 1.359738e+06 
7.683550e+03 3.248575e+07 1.057574e+06 
7.049450e+03 3.019254e+07 1.447032e+06 
6.396600e+03 2.604459e+07 2.468467e+06 
8.048800e+03 3.512846e+07 9.064920e+05 
7.790800e+03 3.313644e+07 1.001604e+06 
6.694600e+03 2.752490e+07 1.872630e+06 
6.464150e+03 2.644631e+07 2.127989e+06 
7.623000e+03 3.252101e+07 1.106554e+06 
7.579800e+03 3.239422e+07 1.106554e+06 
7.233750e+03 3.118997e+07 1.276793e+06 
7.086650e+03 3.061041e+07 1.435279e+06 
7.795550e+03 3.304120e+07 9.820330e+05 
6.433050e+03 2.620490e+07 2.213108e+06 
8.416950e+03 3.613013e+07 8.942892e+05 
6.422950e+03 2.627071e+07 2.213108e+06 
6.422200e+03 2.623906e+07 2.468467e+06 
7.850250e+03 3.404906e+07 9.820330e+05 
7.686700e+03 3.290432e+07 1.057574e+06 
6.375600e+03 2.608947e+07 2.468467e+06 
7.108400e+03 2.974333e+07 1.574712e+06 
6.505950e+03 2.700779e+07 2.042869e+06 
6.493950e+03 2.675793e+07 2.042869e+06 
8.016500e+03 3.420061e+07 9.363151e+05 
7.184350e+03 2.896022e+07 1.532152e+06 
7.234750e+03 2.936859e+07 1.447032e+06 
6.794500e+03 2.792712e+07 1.702391e+06 
6.347550e+03 2.593903e+07 2.553587e+06 
8.011000e+03 3.473361e+07 9.363151e+05 
7.124250e+03 3.075723e+07 1.447032e+06 
7.721950e+03 3.239004e+07 1.106554e+06 
6.736050e+03 2.772323e+07 1.787511e+06 
7.654950e+03 3.269406e+07 1.074634e+06 
6.718400e+03 2.754911e+07 1.872630e+06 
6.848550e+03 2.831571e+07 1.617271e+06 
7.921100e+03 3.362297e+07 1.001604e+06 
6.322600e+03 2.610887e+07 2.553587e+06 
7.182300e+03 3.087616e+07 1.359738e+06 
6.501500e+03 2.665833e+07 2.042869e+06 
7.542300e+03 3.001897e+07 1.361913e+06 
8.058750e+03 3.449927e+07 9.363151e+05 
6.347400e+03 2.591734e+07 2.553587e+06 
8.008050e+03 3.459567e+07 9.363151e+05 
7.191850e+03 2.894341e+07 1.532152e+06 
8.944750e+03 3.722701e+07 8.764034e+05 
7.529950e+03 3.193773e+07 1.133115e+06 
8.487400e+03 3.559320e+07 8.942892e+05 
7.265800e+03 3.107367e+07 1.359738e+06 
6.787650e+03 2.860065e+07 1.702391e+06 
6.807200e+03 2.794288e+07 1.702391e+06 
7.809200e+03 3.343730e+07 9.658323e+05 
6.794900e+03 2.807468e+07 1.702391e+06 
6.346550e+03 2.593176e+07 2.553587e+06 
7.517950e+03 3.013281e+07 1.435279e+06 
8.041600e+03 3.466665e+07 9.064920e+05 
6.389900e+03 2.622422e+07 2.298228e+06 
7.170400e+03 2.905009e+07 1.532152e+06 
7.678550e+03 3.279326e+07 1.057574e+06 
7.325800e+03 3.148442e+07 1.208656e+06 
6.728150e+03 2.749247e+07 1.957750e+06 
7.179900e+03 2.911232e+07 1.532152e+06 
6.881050e+03 2.842494e+07 1.617271e+06 
7.146500e+03 3.057323e+07 1.435279e+06 
7.415350e+03 3.172448e+07 1.191674e+06 
6.926550e+03 2.926884e+07 1.532152e+06 
7.774150e+03 3.342517e+07 1.021435e+06 
7.606250e+03 3.101287e+07 1.284197e+06 
7.586950e+03 3.227439e+07 1.106554e+06 
7.681100e+03 3.267940e+07 1.021435e+06 
7.309350e+03 2.927528e+07 1.447032e+06 
7.486400e+03 3.024216e+07 1.435279e+06 
7.616950e+03 3.291781e+07 1.057574e+06 
6.408250e+03 2.639129e+07 2.298228e+06 
7.780150e+03 3.320708e+07 1.009079e+06 
6.326250e+03 2.595111e+07 2.553587e+06 
7.253550e+03 3.136184e+07 1.361913e+06 
7.416500e+03 3.193380e+07 1.159753e+06 
7.448150e+03 3.015979e+07 1.435279e+06 
8.541750e+03 3.568768e+07 8.942892e+05 
7.427350e+03 3.175895e+07 1.159753e+06 
7.221350e+03 3.115875e+07 1.284197e+06 
7.665950e+03 3.285694e+07 1.057574e+06 
6.399200e+03 2.596972e+07 2.468467e+06 
6.786700e+03 2.863224e+07 1.702391e+06 
7.709700e+03 3.290710e+07 1.009079e+06 
7.287000e+03 2.959479e+07 1.447032e+06 
6.816600e+03 2.833422e+07 1.617271e+06 
6.386900e+03 2.605560e+07 2.468467e+06 
8.024750e+03 3.524668e+07 9.064920e+05 
7.452400e+03 3.184111e+07 1.133115e+06 

