8.463600e+03 3.447683e+07 1.057574e+06 
9.083200e+03 3.546517e+07 9.064920e+05 
8.915850e+03 3.437678e+07 9.363151e+05 
8.864150e+03 3.468545e+07 9.363151e+05 
8.956950e+03 3.606464e+07 9.121750e+05 
8.471600e+03 3.450389e+07 9.820330e+05 
8.888750e+03 3.613285e+07 9.121750e+05 
7.809500e+03 3.279869e+07 1.447032e+06 
7.662650e+03 3.182009e+07 1.744951e+06 
7.122350e+03 2.954203e+07 2.127989e+06 
8.920450e+03 3.645233e+07 9.064920e+05 
7.647200e+03 3.189772e+07 1.489592e+06 
8.342700e+03 3.416468e+07 1.191674e+06 
7.597000e+03 3.203515e+07 1.617271e+06 
7.681700e+03 3.146552e+07 1.574712e+06 
7.615950e+03 3.202303e+07 1.574712e+06 
7.047700e+03 2.938902e+07 2.298228e+06 
8.120950e+03 3.326449e+07 1.361913e+06 
7.063050e+03 2.959169e+07 2.213108e+06 
8.174050e+03 3.330030e+07 1.284197e+06 
8.399700e+03 3.409639e+07 1.133115e+06 
7.078400e+03 2.957712e+07 2.213108e+06 
7.612050e+03 3.168949e+07 2.000309e+06 
8.180600e+03 3.269423e+07 1.284197e+06 
7.587550e+03 3.185614e+07 2.042869e+06 

9.009900e+03 3.645830e+07 9.820330e+05 
9.101600e+03 3.671239e+07 9.363151e+05 
8.757450e+03 3.583382e+07 1.057574e+06 
6.975300e+03 2.909492e+07 2.127989e+06 
8.889400e+03 3.640163e+07 1.021435e+06 
8.057600e+03 3.251069e+07 1.276793e+06 
8.106850e+03 3.240693e+07 1.276793e+06 
8.657300e+03 3.577501e+07 1.133115e+06 
6.516950e+03 2.704427e+07 2.553587e+06 
8.083250e+03 3.233191e+07 1.361913e+06 
8.822800e+03 3.579997e+07 1.057574e+06 
8.861250e+03 3.581124e+07 1.191674e+06 
8.008550e+03 3.180599e+07 1.447032e+06 
6.637450e+03 2.731480e+07 2.383347e+06 
6.532050e+03 2.722821e+07 2.468467e+06 
8.741050e+03 3.559072e+07 1.208656e+06 
7.944750e+03 3.178406e+07 1.532152e+06 
7.997900e+03 3.197964e+07 1.617271e+06 
7.959400e+03 3.170880e+07 1.532152e+06 
7.118950e+03 2.963309e+07 1.787511e+06 
7.149150e+03 2.997137e+07 1.617271e+06 
6.588200e+03 2.739519e+07 2.383347e+06 
8.782900e+03 3.567975e+07 1.191674e+06 
9.122050e+03 3.635591e+07 9.121750e+05 
7.248000e+03 2.993883e+07 1.702391e+06 

6.705200e+03 2.787504e+07 2.298228e+06 
6.758750e+03 2.804908e+07 2.127989e+06 
6.637350e+03 2.768216e+07 2.383347e+06 
6.842550e+03 2.820832e+07 2.042869e+06 
8.398250e+03 3.466066e+07 1.191674e+06 
8.770200e+03 3.475350e+07 1.021435e+06 
8.362800e+03 3.475892e+07 1.208656e+06 
7.066200e+03 2.974757e+07 1.872630e+06 
6.745250e+03 2.784850e+07 2.213108e+06 
7.291550e+03 3.085795e+07 1.702391e+06 
6.664850e+03 2.763989e+07 2.383347e+06 
8.432000e+03 3.449470e+07 1.276793e+06 
7.035600e+03 2.946076e+07 1.957750e+06 
6.630050e+03 2.775116e+07 2.383347e+06 
6.742750e+03 2.808032e+07 2.213108e+06 
6.599400e+03 2.749838e+07 2.511027e+06 
8.741600e+03 3.504250e+07 9.820330e+05 
7.013450e+03 2.966993e+07 1.957750e+06 
8.305500e+03 3.435397e+07 1.284197e+06 
8.169450e+03 3.380988e+07 1.361913e+06 
7.033100e+03 2.952227e+07 1.957750e+06 
8.143000e+03 3.405634e+07 1.532152e+06 
7.083750e+03 2.994490e+07 1.787511e+06 
6.593950e+03 2.751685e+07 2.425907e+06 
8.514250e+03 3.419096e+07 1.191674e+06 

8.335600e+03 3.550422e+07 1.074634e+06 
8.333200e+03 3.584913e+07 1.106554e+06 
7.981000e+03 3.253217e+07 1.532152e+06 
8.586650e+03 3.526020e+07 9.064920e+05 
8.520850e+03 3.485444e+07 9.363151e+05 
8.353350e+03 3.544714e+07 9.820330e+05 
7.985300e+03 3.251017e+07 1.191674e+06 
6.872600e+03 2.875435e+07 2.383347e+06 
8.428200e+03 3.612568e+07 9.586246e+05 
8.338400e+03 3.532609e+07 1.106554e+06 
7.087000e+03 2.991619e+07 1.957750e+06 
7.105900e+03 2.973357e+07 2.127989e+06 
7.352250e+03 3.096647e+07 1.872630e+06 
7.300000e+03 3.120950e+07 1.872630e+06 
7.358950e+03 3.090086e+07 1.872630e+06 
6.885800e+03 2.867522e+07 2.383347e+06 
7.945200e+03 3.257746e+07 1.361913e+06 
7.311150e+03 3.099412e+07 1.702391e+06 
8.407850e+03 3.461875e+07 1.021435e+06 
7.389750e+03 3.085659e+07 1.872630e+06 
7.099900e+03 2.990093e+07 2.127989e+06 
7.335600e+03 3.096710e+07 1.872630e+06 
6.914050e+03 2.886396e+07 2.298228e+06 
7.403650e+03 3.115385e+07 1.617271e+06 
8.661800e+03 3.555033e+07 8.987604e+05 

8.659500e+03 3.611068e+07 8.764034e+05 
8.414550e+03 3.480371e+07 9.895141e+05 
8.442600e+03 3.529955e+07 9.064920e+05 
7.031150e+03 2.837066e+07 1.957750e+06 
6.972200e+03 2.849850e+07 1.957750e+06 
7.320450e+03 3.049173e+07 1.755590e+06 
7.620200e+03 3.135459e+07 1.447032e+06 
6.874900e+03 2.810235e+07 2.127989e+06 
7.348250e+03 3.029953e+07 1.787511e+06 
7.817600e+03 3.224626e+07 1.106554e+06 
7.865950e+03 3.237951e+07 9.820330e+05 
6.854650e+03 2.810117e+07 2.213108e+06 
7.498400e+03 3.133169e+07 1.585351e+06 
6.916850e+03 2.820749e+07 2.042869e+06 
7.756300e+03 3.268803e+07 1.276793e+06 
7.310100e+03 3.030497e+07 1.893909e+06 
7.330600e+03 3.028124e+07 1.925829e+06 
7.328850e+03 3.032751e+07 1.702391e+06 
7.958800e+03 3.290585e+07 9.363151e+05 
7.667100e+03 3.207188e+07 1.361913e+06 
8.226550e+03 3.390136e+07 9.121750e+05 
7.396550e+03 3.061770e+07 1.617271e+06 
7.506350e+03 3.093621e+07 1.585351e+06 
7.512600e+03 3.077907e+07 1.532152e+06 
7.859150e+03 3.210336e+07 1.191674e+06 

8.814000e+03 3.667302e+07 9.381979e+05 
8.695550e+03 3.616029e+07 9.895141e+05 
8.588400e+03 3.587412e+07 1.021435e+06 
7.907150e+03 3.369047e+07 1.212952e+06 
6.652500e+03 2.760117e+07 2.468467e+06 
6.698250e+03 2.774282e+07 2.383347e+06 
7.064950e+03 2.912535e+07 1.957750e+06 
7.002400e+03 2.920704e+07 2.042869e+06 
7.836550e+03 3.309487e+07 1.415112e+06 
7.887850e+03 3.331541e+07 1.244873e+06 
7.806050e+03 3.348450e+07 1.329992e+06 
7.865850e+03 3.370324e+07 1.298072e+06 
7.757350e+03 3.340054e+07 1.500231e+06 
7.358300e+03 3.096024e+07 1.872630e+06 
7.417450e+03 3.122798e+07 1.787511e+06 
7.768900e+03 3.315065e+07 1.415112e+06 
7.347100e+03 3.107517e+07 1.872630e+06 
8.451650e+03 3.584258e+07 1.159753e+06 
7.685600e+03 3.198604e+07 1.532152e+06 
6.969550e+03 2.899497e+07 2.127989e+06 
7.437100e+03 3.120277e+07 1.702391e+06 
6.683500e+03 2.781991e+07 2.383347e+06 
8.575500e+03 3.547516e+07 1.191674e+06 
6.960650e+03 2.904729e+07 2.127989e+06 
7.510150e+03 3.132874e+07 1.617271e+06 

8.454200e+03 3.485765e+07 9.064920e+05 
8.410650e+03 3.456912e+07 9.363151e+05 
8.243350e+03 3.363689e+07 9.820330e+05 
8.205650e+03 3.360734e+07 1.276793e+06 
7.135600e+03 2.942748e+07 1.702391e+06 
6.934500e+03 2.946694e+07 1.957750e+06 
7.056250e+03 2.928967e+07 1.872630e+06 
6.966750e+03 2.897402e+07 1.957750e+06 
8.497350e+03 3.550727e+07 8.853436e+05 
6.703050e+03 2.779781e+07 2.383347e+06 
6.973600e+03 2.941318e+07 1.787511e+06 
6.848200e+03 2.823672e+07 2.298228e+06 
8.070350e+03 3.271867e+07 1.532152e+06 
6.845500e+03 2.856408e+07 2.213108e+06 
6.771250e+03 2.827487e+07 2.298228e+06 
7.097550e+03 2.965089e+07 1.702391e+06 
7.018050e+03 2.937180e+07 1.872630e+06 
8.316000e+03 3.411051e+07 9.363151e+05 
6.779650e+03 2.830204e+07 2.383347e+06 
8.127250e+03 3.322587e+07 1.447032e+06 
6.925200e+03 2.884885e+07 2.127989e+06 
6.991250e+03 2.889470e+07 2.042869e+06 
6.843150e+03 2.855627e+07 2.298228e+06 
8.047250e+03 3.364195e+07 1.532152e+06 
6.934050e+03 2.890084e+07 2.213108e+06 

8.746350e+03 3.613706e+07 9.064920e+05 
8.043250e+03 3.372476e+07 1.500231e+06 
7.189150e+03 2.982291e+07 2.298228e+06 
7.061850e+03 2.933645e+07 2.511027e+06 
7.134300e+03 2.989150e+07 2.383347e+06 
7.260800e+03 3.065016e+07 2.042869e+06 
7.056000e+03 2.951367e+07 2.564226e+06 
8.084550e+03 3.412959e+07 1.361913e+06 
7.145450e+03 2.989443e+07 2.255668e+06 
7.831650e+03 3.380810e+07 1.872630e+06 
8.013750e+03 3.361338e+07 1.532152e+06 
8.084900e+03 3.398196e+07 1.755590e+06 
7.300900e+03 3.122319e+07 1.957750e+06 
7.137400e+03 3.009577e+07 2.127989e+06 
7.929100e+03 3.368592e+07 1.787511e+06 
7.890050e+03 3.344661e+07 1.872630e+06 
7.919450e+03 3.386626e+07 1.787511e+06 
8.592850e+03 3.536634e+07 1.329992e+06 
7.102250e+03 2.960838e+07 2.425907e+06 
8.679150e+03 3.614448e+07 1.106554e+06 
8.500650e+03 3.545301e+07 1.074634e+06 
7.974450e+03 3.353613e+07 1.702391e+06 
7.076350e+03 2.963394e+07 2.479106e+06 
7.194800e+03 2.977977e+07 2.383347e+06 
7.954050e+03 3.334144e+07 1.925829e+06 

8.733800e+03 3.677470e+07 9.343980e+05 
8.743500e+03 3.639020e+07 9.363151e+05 
7.148800e+03 2.957646e+07 1.702391e+06 
7.148550e+03 2.922328e+07 1.787511e+06 
7.480400e+03 3.086048e+07 1.617271e+06 
6.594550e+03 2.725057e+07 2.127989e+06 
8.106850e+03 3.327540e+07 1.361913e+06 
7.416300e+03 3.088005e+07 1.532152e+06 
8.311600e+03 3.479999e+07 1.133115e+06 
8.205400e+03 3.426683e+07 1.244873e+06 
8.013150e+03 3.330287e+07 1.361913e+06 
6.803150e+03 2.832553e+07 1.957750e+06 
7.943000e+03 3.328506e+07 1.415112e+06 
8.124150e+03 3.369683e+07 1.329992e+06 
8.058300e+03 3.379537e+07 1.284197e+06 
7.117750e+03 2.923977e+07 1.787511e+06 
8.337400e+03 3.463549e+07 1.191674e+06 
7.156400e+03 2.917150e+07 1.787511e+06 
8.495500e+03 3.563281e+07 9.820330e+05 
7.099350e+03 2.922544e+07 1.872630e+06 
7.137250e+03 2.904213e+07 1.872630e+06 
6.572100e+03 2.716709e+07 2.383347e+06 
7.133900e+03 2.917985e+07 1.872630e+06 
8.003450e+03 3.344216e+07 1.359738e+06 
6.763050e+03 2.784052e+07 2.042869e+06 

7.077100e+03 2.930154e+07 2.042869e+06 
6.548900e+03 2.657889e+07 2.383347e+06 
6.526400e+03 2.669646e+07 2.298228e+06 
6.532500e+03 2.661204e+07 2.383347e+06 
6.595150e+03 2.688456e+07 2.213108e+06 
7.132950e+03 2.944365e+07 1.957750e+06 
7.449850e+03 3.063141e+07 1.574712e+06 
8.220350e+03 3.242362e+07 1.276793e+06 
7.588850e+03 3.102682e+07 1.447032e+06 
6.582400e+03 2.719501e+07 2.213108e+06 
8.335400e+03 3.311356e+07 1.074634e+06 
7.414050e+03 3.051970e+07 1.659831e+06 
8.180650e+03 3.288376e+07 1.106554e+06 
7.165400e+03 2.958739e+07 1.957750e+06 
8.433800e+03 3.356771e+07 9.954608e+05 
7.455650e+03 3.022943e+07 1.532152e+06 
8.309000e+03 3.278747e+07 1.133115e+06 
8.195700e+03 3.248657e+07 1.447032e+06 
6.627350e+03 2.680253e+07 2.298228e+06 
7.544600e+03 3.065312e+07 1.510820e+06 
8.204700e+03 3.288120e+07 1.276793e+06 
7.547600e+03 3.051915e+07 1.617271e+06 
8.162700e+03 3.213209e+07 1.361913e+06 
8.223800e+03 3.262024e+07 1.415112e+06 
8.379600e+03 3.313132e+07 1.057574e+06 

