8.091050e+03 2.968314e+07 2.127989e+06 
1.084955e+04 3.994043e+07 1.057574e+06 
9.673900e+03 3.662730e+07 1.361913e+06 
9.157400e+03 3.443272e+07 1.586361e+06 
9.683000e+03 3.632600e+07 1.361913e+06 
1.081680e+04 3.998084e+07 1.105578e+06 
8.667100e+03 3.283944e+07 1.787511e+06 
8.335900e+03 3.104463e+07 1.957750e+06 
8.952950e+03 3.336713e+07 1.661902e+06 
1.044250e+04 3.909650e+07 1.359738e+06 
1.077410e+04 3.968524e+07 1.117193e+06 
1.063795e+04 3.971847e+07 1.149114e+06 
1.076475e+04 3.876442e+07 1.276793e+06 
8.121250e+03 2.963164e+07 2.213108e+06 
1.096060e+04 4.071311e+07 1.035103e+06 
1.064165e+04 3.943114e+07 1.191674e+06 
1.126775e+04 4.173809e+07 9.998649e+05 
8.688750e+03 3.236476e+07 1.787511e+06 
8.049750e+03 2.957533e+07 2.298228e+06 
9.200650e+03 3.523616e+07 1.489592e+06 
8.945450e+03 3.357167e+07 1.661902e+06 
1.062775e+04 3.960507e+07 1.191674e+06 
8.052950e+03 2.942485e+07 2.383347e+06 
8.359000e+03 3.103542e+07 1.872630e+06 
1.058745e+04 3.818307e+07 1.284197e+06 
1.060680e+04 3.957676e+07 1.234234e+06 
9.605600e+03 3.653572e+07 1.404473e+06 
1.069110e+04 3.954327e+07 1.133115e+06 
1.050090e+04 3.918643e+07 1.276793e+06 
9.159150e+03 3.433949e+07 1.617271e+06 
8.053050e+03 2.943810e+07 2.298228e+06 
1.114580e+04 4.151911e+07 1.017484e+06 
8.329700e+03 3.108485e+07 1.872630e+06 
9.007000e+03 3.461571e+07 1.586361e+06 
8.099450e+03 2.967094e+07 2.127989e+06 
9.307950e+03 3.573652e+07 1.435279e+06 
8.228600e+03 3.038807e+07 2.042869e+06 
1.114230e+04 4.166951e+07 1.021435e+06 
8.040100e+03 2.952509e+07 2.383347e+06 
9.010000e+03 3.449823e+07 1.659831e+06 
8.043050e+03 2.944840e+07 2.383347e+06 
8.379800e+03 3.099214e+07 1.872630e+06 
1.073460e+04 3.941127e+07 1.208656e+06 
8.046500e+03 2.959808e+07 2.298228e+06 
8.080550e+03 2.973894e+07 2.213108e+06 
9.065900e+03 3.468925e+07 1.510820e+06 
8.419300e+03 3.127855e+07 1.812984e+06 
8.401550e+03 3.135139e+07 1.812984e+06 
8.872100e+03 3.305642e+07 1.702391e+06 
8.356300e+03 3.094327e+07 1.957750e+06 

9.884550e+03 3.777259e+07 1.361913e+06 
1.193275e+04 4.242615e+07 1.055261e+06 
8.908250e+03 3.291058e+07 1.812984e+06 
7.976250e+03 2.932473e+07 2.298228e+06 
8.211550e+03 3.056841e+07 2.127989e+06 
9.815700e+03 3.784634e+07 1.415112e+06 
9.594850e+03 3.583968e+07 1.510820e+06 
8.967600e+03 3.287517e+07 1.737443e+06 
9.566950e+03 3.562194e+07 1.510820e+06 
1.008020e+04 3.790761e+07 1.359738e+06 
9.483400e+03 3.529142e+07 1.586361e+06 
8.895900e+03 3.280147e+07 1.830070e+06 
8.304500e+03 3.113252e+07 2.042869e+06 
1.033800e+04 3.929211e+07 1.208656e+06 
9.457000e+03 3.532759e+07 1.532152e+06 
8.087700e+03 3.007166e+07 2.213108e+06 
8.688750e+03 3.285797e+07 1.888525e+06 
8.614850e+03 3.257889e+07 1.957750e+06 
9.563400e+03 3.562812e+07 1.510820e+06 
9.687850e+03 3.638347e+07 1.500231e+06 
1.053280e+04 3.962112e+07 1.159753e+06 
9.920600e+03 3.763390e+07 1.415112e+06 
8.831850e+03 3.238082e+07 1.872630e+06 
8.098800e+03 3.002796e+07 2.213108e+06 
1.008740e+04 3.812652e+07 1.329992e+06 
1.056300e+04 3.918842e+07 1.208656e+06 
8.705100e+03 3.280369e+07 1.915190e+06 
7.950850e+03 2.918369e+07 2.383347e+06 
7.996100e+03 2.927630e+07 2.298228e+06 
1.004615e+04 3.869550e+07 1.329992e+06 
8.170200e+03 3.037468e+07 2.127989e+06 
1.039740e+04 3.878474e+07 1.244873e+06 
9.384850e+03 3.557685e+07 1.586361e+06 
9.378750e+03 3.473358e+07 1.617271e+06 
9.237800e+03 3.404287e+07 1.702391e+06 
8.757350e+03 3.194114e+07 1.888525e+06 
9.002250e+03 3.304220e+07 1.744951e+06 
7.901300e+03 2.902055e+07 2.383347e+06 
1.204580e+04 4.236439e+07 1.073147e+06 
9.692850e+03 3.638746e+07 1.435279e+06 
9.264350e+03 3.414320e+07 1.661902e+06 
9.247000e+03 3.444583e+07 1.659831e+06 
1.009320e+04 3.815523e+07 1.284197e+06 
1.185085e+04 4.244148e+07 1.057574e+06 
8.929600e+03 3.296908e+07 1.744951e+06 
9.572450e+03 3.520933e+07 1.586361e+06 
8.705550e+03 3.202431e+07 1.957750e+06 
1.072210e+04 3.990633e+07 1.133115e+06 
8.310350e+03 3.098750e+07 2.042869e+06 
1.071750e+04 3.999536e+07 1.244873e+06 

9.109200e+03 3.410782e+07 1.586361e+06 
1.033705e+04 3.846746e+07 1.284197e+06 
1.018555e+04 3.667027e+07 1.361913e+06 
1.011095e+04 3.747519e+07 1.359738e+06 
9.948900e+03 3.708434e+07 1.404473e+06 
1.067195e+04 3.960896e+07 1.208656e+06 
9.996550e+03 3.707607e+07 1.361913e+06 
1.178930e+04 4.356465e+07 1.178440e+06 
9.078200e+03 3.453842e+07 1.617271e+06 
9.922100e+03 3.596214e+07 1.435279e+06 
1.109475e+04 4.168980e+07 1.159753e+06 
7.954400e+03 2.956999e+07 2.298228e+06 
7.970900e+03 2.939000e+07 2.298228e+06 
8.137100e+03 3.028612e+07 1.872630e+06 
8.125300e+03 3.029261e+07 1.888525e+06 
8.078100e+03 2.978749e+07 2.042869e+06 
7.963050e+03 2.952268e+07 2.298228e+06 
8.210350e+03 3.014634e+07 1.888525e+06 
7.968400e+03 2.935273e+07 2.383347e+06 
1.166790e+04 4.273592e+07 1.046086e+06 
7.933000e+03 2.936858e+07 2.383347e+06 
9.621050e+03 3.530180e+07 1.489592e+06 
8.057100e+03 2.989024e+07 2.127989e+06 
8.874600e+03 3.305052e+07 1.737443e+06 
8.112950e+03 3.008130e+07 1.957750e+06 
9.866900e+03 3.836676e+07 1.435279e+06 
1.291785e+04 4.609520e+07 9.998649e+05 
1.138050e+04 4.253541e+07 1.074744e+06 
9.708400e+03 3.539798e+07 1.447032e+06 
8.665800e+03 3.264804e+07 1.787511e+06 
7.970100e+03 2.938933e+07 2.383347e+06 
8.100550e+03 2.960909e+07 2.042869e+06 
1.022145e+04 3.809613e+07 1.319353e+06 
1.016795e+04 3.813077e+07 1.319353e+06 
8.045750e+03 2.999414e+07 2.170549e+06 
8.016850e+03 2.942751e+07 2.213108e+06 
9.216100e+03 3.443747e+07 1.510820e+06 
8.008050e+03 2.958273e+07 2.213108e+06 
9.169950e+03 3.399705e+07 1.586361e+06 
1.174775e+04 4.309338e+07 1.039507e+06 
1.003770e+04 3.646632e+07 1.404473e+06 
1.018070e+04 3.846809e+07 1.287433e+06 
8.118700e+03 2.990079e+07 1.957750e+06 
9.043900e+03 3.337831e+07 1.661902e+06 
1.058340e+04 3.878920e+07 1.244873e+06 
8.809800e+03 3.327042e+07 1.737443e+06 
7.970950e+03 2.926023e+07 2.298228e+06 
1.116930e+04 4.123397e+07 1.133115e+06 
1.018535e+04 3.827876e+07 1.284197e+06 
9.658050e+03 3.509490e+07 1.489592e+06 

8.054200e+03 2.967964e+07 2.213108e+06 
9.806700e+03 3.606583e+07 1.468311e+06 
8.055300e+03 2.942250e+07 2.042869e+06 
9.019600e+03 3.323493e+07 1.670470e+06 
1.079105e+04 4.098355e+07 1.106554e+06 
9.831500e+03 3.609483e+07 1.435279e+06 
9.122400e+03 3.350034e+07 1.617271e+06 
9.856950e+03 3.697968e+07 1.361913e+06 
8.865450e+03 3.253987e+07 1.744951e+06 
8.381950e+03 3.130143e+07 1.787511e+06 
8.914550e+03 3.252560e+07 1.737443e+06 
9.556950e+03 3.525263e+07 1.532152e+06 
8.192850e+03 3.050526e+07 1.888525e+06 
8.854150e+03 3.260825e+07 1.755590e+06 
1.061815e+04 4.035755e+07 1.133115e+06 
9.941600e+03 3.742997e+07 1.284197e+06 
9.955200e+03 3.723094e+07 1.435279e+06 
9.025650e+03 3.324748e+07 1.661902e+06 
8.193300e+03 3.037377e+07 1.957750e+06 
9.066700e+03 3.336978e+07 1.659831e+06 
8.870750e+03 3.258057e+07 1.702391e+06 
8.053000e+03 2.964620e+07 2.298228e+06 
8.299400e+03 3.097163e+07 1.812984e+06 
1.079875e+04 4.050063e+07 1.057574e+06 
1.038520e+04 3.936093e+07 1.276793e+06 
9.429900e+03 3.485236e+07 1.586361e+06 
9.888050e+03 3.713680e+07 1.359738e+06 
9.499750e+03 3.530336e+07 1.532152e+06 
9.098350e+03 3.317313e+07 1.661902e+06 
9.674850e+03 3.543108e+07 1.510820e+06 
8.167250e+03 3.056471e+07 1.957750e+06 
8.350250e+03 3.058474e+07 1.872630e+06 
8.287850e+03 3.079267e+07 1.840710e+06 
1.049545e+04 3.956322e+07 1.208656e+06 
8.199550e+03 3.021440e+07 1.957750e+06 
8.171100e+03 3.038485e+07 1.957750e+06 
8.248800e+03 3.061056e+07 1.872630e+06 
9.509750e+03 3.486091e+07 1.574712e+06 
8.305900e+03 3.085241e+07 1.812984e+06 
9.771250e+03 3.686373e+07 1.415112e+06 
8.218500e+03 3.044540e+07 1.888525e+06 
9.022850e+03 3.312795e+07 1.670470e+06 
1.064895e+04 4.000602e+07 1.133115e+06 
9.584700e+03 3.578039e+07 1.510820e+06 
8.062050e+03 2.941701e+07 2.127989e+06 
9.673750e+03 3.558823e+07 1.500231e+06 
9.902200e+03 3.693075e+07 1.361913e+06 
8.062150e+03 2.948386e+07 2.127989e+06 
8.270400e+03 3.082570e+07 1.840710e+06 
9.855250e+03 3.655641e+07 1.415112e+06 

8.043850e+03 2.988546e+07 2.127989e+06 
8.933450e+03 3.347873e+07 1.661902e+06 
1.068940e+04 4.085318e+07 1.108919e+06 
1.028805e+04 3.822955e+07 1.276793e+06 
9.870950e+03 3.697430e+07 1.359738e+06 
8.465350e+03 3.186993e+07 1.888525e+06 
8.006200e+03 2.994156e+07 2.042869e+06 
8.996050e+03 3.415614e+07 1.532152e+06 
7.929050e+03 2.931420e+07 2.298228e+06 
9.905700e+03 3.686068e+07 1.359738e+06 
8.966950e+03 3.368822e+07 1.617271e+06 
8.868350e+03 3.391810e+07 1.661902e+06 
1.189715e+04 4.398915e+07 9.558189e+05 
1.036990e+04 3.861830e+07 1.208656e+06 
8.030250e+03 3.018020e+07 1.957750e+06 
9.521750e+03 3.515300e+07 1.447032e+06 
8.559350e+03 3.236792e+07 1.812984e+06 
1.171010e+04 4.359216e+07 1.021435e+06 
1.190030e+04 4.369534e+07 1.021435e+06 
9.705050e+03 3.583159e+07 1.361913e+06 
1.034645e+04 3.966948e+07 1.133115e+06 
1.013120e+04 3.872088e+07 1.191674e+06 
8.031850e+03 3.009091e+07 1.957750e+06 
1.015660e+04 3.783511e+07 1.284197e+06 
9.928800e+03 3.688643e+07 1.329992e+06 
7.940150e+03 2.933762e+07 2.298228e+06 
1.076215e+04 4.040321e+07 1.108919e+06 
8.819100e+03 3.360572e+07 1.702391e+06 
9.935000e+03 3.677706e+07 1.359738e+06 
9.501900e+03 3.539196e+07 1.489592e+06 
7.948400e+03 2.942075e+07 2.213108e+06 
8.551400e+03 3.237497e+07 1.737443e+06 
8.514050e+03 3.203717e+07 1.872630e+06 
8.812650e+03 3.363841e+07 1.670470e+06 
8.510150e+03 3.211743e+07 1.872630e+06 
8.538850e+03 3.231923e+07 1.830070e+06 
1.026885e+04 3.843373e+07 1.244873e+06 
8.600350e+03 3.216759e+07 1.812984e+06 
9.508550e+03 3.525262e+07 1.435279e+06 
8.488150e+03 3.181982e+07 1.888525e+06 
8.560450e+03 3.226262e+07 1.812984e+06 
1.094905e+04 4.121853e+07 1.133115e+06 
8.845100e+03 3.349132e+07 1.702391e+06 
8.852500e+03 3.317334e+07 1.702391e+06 
9.762500e+03 3.620905e+07 1.361913e+06 
9.057300e+03 3.410672e+07 1.586361e+06 
8.930300e+03 3.312467e+07 1.702391e+06 
1.031220e+04 3.832518e+07 1.244873e+06 
8.037650e+03 3.005140e+07 1.957750e+06 
8.043000e+03 2.988956e+07 2.127989e+06 

9.666650e+03 3.617512e+07 1.447032e+06 
8.313200e+03 3.124357e+07 2.000309e+06 
8.060800e+03 2.979266e+07 2.298228e+06 
8.691400e+03 3.259843e+07 1.787511e+06 
9.557900e+03 3.583083e+07 1.447032e+06 
1.159995e+04 4.224540e+07 1.021435e+06 
8.054200e+03 3.006676e+07 2.213108e+06 
1.100170e+04 4.022981e+07 1.159753e+06 
8.034300e+03 2.978592e+07 2.340788e+06 
1.110270e+04 4.020943e+07 1.074634e+06 
8.654500e+03 3.263241e+07 1.830070e+06 
8.322250e+03 3.083606e+07 2.042869e+06 
1.108310e+04 4.100394e+07 1.106554e+06 
8.087750e+03 2.998721e+07 2.213108e+06 
1.069775e+04 3.992991e+07 1.133115e+06 
8.276600e+03 3.092671e+07 2.127989e+06 
8.699500e+03 3.302629e+07 1.702391e+06 
8.059600e+03 2.974647e+07 2.383347e+06 
8.044200e+03 2.985314e+07 2.298228e+06 
8.333200e+03 3.108642e+07 1.872630e+06 
9.774200e+03 3.690106e+07 1.435279e+06 
8.040050e+03 2.972168e+07 2.383347e+06 
9.514000e+03 3.540380e+07 1.532152e+06 
8.630450e+03 3.276756e+07 1.830070e+06 
8.792150e+03 3.326743e+07 1.702391e+06 
8.922750e+03 3.417656e+07 1.586361e+06 
1.014295e+04 3.766153e+07 1.284197e+06 
8.747000e+03 3.294496e+07 1.737443e+06 
1.046270e+04 3.803764e+07 1.284197e+06 
8.292200e+03 3.102646e+07 2.042869e+06 
8.302550e+03 3.086123e+07 2.042869e+06 
8.335100e+03 3.114022e+07 1.872630e+06 
1.068720e+04 4.006242e+07 1.191674e+06 
8.287500e+03 3.087916e+07 2.127989e+06 
8.065700e+03 2.979251e+07 2.298228e+06 
8.086500e+03 3.017620e+07 2.213108e+06 
8.664500e+03 3.268587e+07 1.787511e+06 
1.145385e+04 4.180937e+07 9.837181e+05 
8.656650e+03 3.281396e+07 1.787511e+06 
1.050950e+04 3.863038e+07 1.208656e+06 
9.008600e+03 3.434580e+07 1.586361e+06 
9.493600e+03 3.592135e+07 1.532152e+06 
8.303050e+03 3.085178e+07 2.042869e+06 
8.872800e+03 3.413437e+07 1.617271e+06 
8.047400e+03 2.979649e+07 2.298228e+06 
8.328450e+03 3.098654e+07 1.957750e+06 
8.085750e+03 3.003705e+07 2.213108e+06 
8.327750e+03 3.106511e+07 1.957750e+06 
1.111340e+04 4.123315e+07 1.057574e+06 
9.556600e+03 3.572605e+07 1.510820e+06 

7.935050e+03 2.908546e+07 2.383347e+06 
9.347250e+03 3.439852e+07 1.510820e+06 
8.004550e+03 2.929580e+07 2.085429e+06 
1.168880e+04 4.592260e+07 9.820330e+05 
7.950250e+03 2.908435e+07 2.298228e+06 
9.279850e+03 3.456793e+07 1.532152e+06 
9.019200e+03 3.378109e+07 1.659831e+06 
8.228000e+03 2.988378e+07 1.872630e+06 
8.034200e+03 2.915087e+07 1.915190e+06 
9.271150e+03 3.417379e+07 1.574712e+06 
7.997750e+03 2.937126e+07 2.085429e+06 
1.127990e+04 4.181780e+07 1.133115e+06 
9.490250e+03 3.496634e+07 1.447032e+06 
8.017600e+03 2.943255e+07 2.042869e+06 
7.995150e+03 2.920836e+07 2.255668e+06 
8.944800e+03 3.340193e+07 1.661902e+06 
9.147600e+03 3.449035e+07 1.574712e+06 
9.593900e+03 3.657674e+07 1.415112e+06 
1.062675e+04 3.968093e+07 1.208656e+06 
7.996250e+03 2.944102e+07 2.170549e+06 
9.032900e+03 3.459717e+07 1.586361e+06 
9.299150e+03 3.436352e+07 1.532152e+06 
9.075300e+03 3.397937e+07 1.617271e+06 
9.056450e+03 3.428493e+07 1.586361e+06 
9.326850e+03 3.424449e+07 1.532152e+06 
1.035855e+04 3.894512e+07 1.284197e+06 
8.714200e+03 3.228022e+07 1.702391e+06 
8.032600e+03 2.922188e+07 1.888525e+06 
8.184050e+03 2.991754e+07 1.872630e+06 
1.062065e+04 3.977132e+07 1.244873e+06 
1.101825e+04 4.066762e+07 1.149114e+06 
1.196205e+04 4.053476e+07 1.095504e+06 
9.331200e+03 3.463720e+07 1.489592e+06 
8.028800e+03 2.923037e+07 1.888525e+06 
9.083900e+03 3.391976e+07 1.617271e+06 
1.171550e+04 4.514409e+07 9.820330e+05 
1.198285e+04 4.102666e+07 1.073147e+06 
9.066450e+03 3.409937e+07 1.586361e+06 
8.230850e+03 2.998579e+07 1.812984e+06 
1.135175e+04 4.253390e+07 1.057574e+06 
1.212150e+04 4.086689e+07 1.085273e+06 
9.694350e+03 3.656875e+07 1.435279e+06 
8.026150e+03 2.963939e+07 2.000309e+06 
8.891050e+03 3.344088e+07 1.661902e+06 
8.448600e+03 3.108277e+07 1.737443e+06 
7.939750e+03 2.911385e+07 2.298228e+06 
7.987300e+03 2.942524e+07 2.213108e+06 
1.138925e+04 4.205289e+07 1.057574e+06 
9.690450e+03 3.693815e+07 1.359738e+06 
9.307000e+03 3.451870e+07 1.510820e+06 

1.144360e+04 4.304648e+07 9.658323e+05 
1.107615e+04 4.177039e+07 1.026292e+06 
8.413750e+03 3.159482e+07 1.872630e+06 
1.149115e+04 4.297802e+07 9.658323e+05 
8.673500e+03 3.249167e+07 1.737443e+06 
1.119280e+04 4.141731e+07 9.910544e+05 
9.037950e+03 3.412805e+07 1.617271e+06 
1.066900e+04 3.966445e+07 1.276793e+06 
1.067675e+04 4.036202e+07 1.244873e+06 
9.340700e+03 3.488653e+07 1.510820e+06 
1.119205e+04 4.185771e+07 1.008673e+06 
1.079030e+04 4.004730e+07 1.133115e+06 
7.909750e+03 2.899747e+07 2.383347e+06 
8.307300e+03 3.067222e+07 1.888525e+06 
8.421250e+03 3.143385e+07 1.872630e+06 
1.110510e+04 4.120950e+07 1.057574e+06 
9.248000e+03 3.494527e+07 1.510820e+06 
1.176230e+04 4.424558e+07 9.469543e+05 
7.898850e+03 2.916749e+07 2.298228e+06 
1.014370e+04 3.701733e+07 1.359738e+06 
8.836300e+03 3.333585e+07 1.661902e+06 
7.919250e+03 2.902871e+07 2.383347e+06 
7.948150e+03 2.911356e+07 2.213108e+06 
9.022500e+03 3.428962e+07 1.617271e+06 
9.594200e+03 3.576789e+07 1.532152e+06 
8.682100e+03 3.245550e+07 1.737443e+06 
8.663700e+03 3.248074e+07 1.787511e+06 
1.123350e+04 4.179786e+07 9.820330e+05 
1.143440e+04 4.280860e+07 9.820330e+05 
1.188790e+04 4.476162e+07 9.300607e+05 
8.233500e+03 3.032434e+07 1.957750e+06 
8.611350e+03 3.227676e+07 1.812984e+06 
1.070135e+04 3.978031e+07 1.234234e+06 
9.562700e+03 3.634371e+07 1.361913e+06 
1.017880e+04 3.767554e+07 1.284197e+06 
7.919850e+03 2.906313e+07 2.298228e+06 
1.161810e+04 4.369872e+07 9.575935e+05 
1.071100e+04 3.981364e+07 1.208656e+06 
9.062200e+03 3.453001e+07 1.586361e+06 
9.339450e+03 3.510527e+07 1.435279e+06 
7.983200e+03 2.924249e+07 2.127989e+06 
9.036700e+03 3.423718e+07 1.617271e+06 
9.334500e+03 3.472485e+07 1.532152e+06 
9.248500e+03 3.478637e+07 1.532152e+06 
8.687850e+03 3.235246e+07 1.787511e+06 
7.897850e+03 2.902406e+07 2.383347e+06 
7.908550e+03 2.910731e+07 2.298228e+06 
7.999300e+03 2.938565e+07 2.127989e+06 
1.161190e+04 4.441053e+07 9.381979e+05 
9.066200e+03 3.420316e+07 1.586361e+06 

1.150720e+04 4.291758e+07 1.074634e+06 
8.597400e+03 3.218791e+07 1.702391e+06 
8.074800e+03 2.998511e+07 2.127989e+06 
9.654400e+03 3.570625e+07 1.269891e+06 
8.638350e+03 3.221902e+07 1.661902e+06 
9.231100e+03 3.329167e+07 1.532152e+06 
9.899850e+03 3.632271e+07 1.252005e+06 
9.125450e+03 3.368513e+07 1.510820e+06 
9.214100e+03 3.406247e+07 1.329992e+06 
1.084985e+04 3.905030e+07 1.191674e+06 
8.984000e+03 3.286226e+07 1.617271e+06 
9.258650e+03 3.408463e+07 1.310133e+06 
1.105385e+04 4.181308e+07 1.105580e+06 
9.036050e+03 3.280045e+07 1.586361e+06 
9.945650e+03 3.571074e+07 1.252005e+06 
8.714650e+03 3.194725e+07 1.661902e+06 
1.176810e+04 4.425338e+07 1.057574e+06 
8.212250e+03 3.027541e+07 1.957750e+06 
9.545400e+03 3.530967e+07 1.276793e+06 
1.090145e+04 4.108315e+07 1.159753e+06 
8.080800e+03 2.983303e+07 2.127989e+06 
1.098300e+04 3.895163e+07 1.133115e+06 
8.071150e+03 3.005159e+07 2.213108e+06 
8.029900e+03 2.972094e+07 2.383347e+06 
8.321750e+03 3.096616e+07 1.812984e+06 
1.117690e+04 4.015628e+07 1.108919e+06 
1.071245e+04 3.848550e+07 1.208656e+06 
8.165250e+03 3.039071e+07 2.042869e+06 
8.586250e+03 3.165756e+07 1.737443e+06 
8.673300e+03 3.187704e+07 1.702391e+06 
9.184100e+03 3.371226e+07 1.359738e+06 
1.119740e+04 4.169303e+07 1.091033e+06 
1.011725e+04 3.634942e+07 1.216233e+06 
1.182220e+04 4.467223e+07 1.055261e+06 
8.049550e+03 2.958808e+07 2.383347e+06 
8.033250e+03 2.966626e+07 2.383347e+06 
9.056650e+03 3.344390e+07 1.532152e+06 
8.349550e+03 3.095316e+07 1.812984e+06 
8.196300e+03 3.057640e+07 1.957750e+06 
8.049700e+03 2.993924e+07 2.298228e+06 
1.092645e+04 4.120150e+07 1.133115e+06 
8.091650e+03 2.983161e+07 2.298228e+06 
9.262500e+03 3.340164e+07 1.510820e+06 
9.161150e+03 3.253979e+07 1.586361e+06 
9.163950e+03 3.389988e+07 1.415112e+06 
8.217550e+03 3.023608e+07 2.042869e+06 
1.133495e+04 4.238158e+07 1.087961e+06 
9.467350e+03 3.476491e+07 1.284197e+06 
8.274700e+03 3.054606e+07 1.872630e+06 
8.537850e+03 3.175658e+07 1.787511e+06 

8.915550e+03 3.313764e+07 1.702391e+06 
7.922850e+03 2.882891e+07 2.213108e+06 
7.915650e+03 2.886470e+07 2.298228e+06 
8.762750e+03 3.210700e+07 1.787511e+06 
1.281255e+04 4.734871e+07 9.895141e+05 
9.138200e+03 3.347330e+07 1.661902e+06 
9.980700e+03 3.823243e+07 1.149114e+06 
9.966200e+03 3.651001e+07 1.361913e+06 
1.203725e+04 4.696891e+07 1.030698e+06 
7.986550e+03 2.938759e+07 2.127989e+06 
9.672350e+03 3.726678e+07 1.234234e+06 
7.910250e+03 2.885999e+07 2.213108e+06 
9.597450e+03 3.669778e+07 1.361913e+06 
9.684250e+03 3.749849e+07 1.191674e+06 
1.071715e+04 4.086351e+07 1.057574e+06 
9.634000e+03 3.683202e+07 1.276793e+06 
1.071530e+04 4.085336e+07 1.059732e+06 
9.128600e+03 3.368690e+07 1.586361e+06 
9.062450e+03 3.349263e+07 1.661902e+06 
9.958650e+03 3.638823e+07 1.415112e+06 
9.158300e+03 3.430902e+07 1.532152e+06 
8.010300e+03 2.950272e+07 2.042869e+06 
7.897550e+03 2.887993e+07 2.298228e+06 
9.093500e+03 3.389879e+07 1.617271e+06 
9.739300e+03 3.733849e+07 1.276793e+06 
8.441050e+03 3.127883e+07 1.872630e+06 
8.449950e+03 3.123015e+07 1.872630e+06 
9.007100e+03 3.351101e+07 1.661902e+06 
1.067205e+04 4.152131e+07 1.055261e+06 
9.536350e+03 3.567943e+07 1.435279e+06 
9.926000e+03 3.647037e+07 1.415112e+06 
8.359650e+03 3.060123e+07 1.957750e+06 
8.453350e+03 3.121645e+07 1.872630e+06 
8.443800e+03 3.126633e+07 1.872630e+06 
9.999550e+03 3.828990e+07 1.133115e+06 
9.204200e+03 3.429022e+07 1.532152e+06 
9.598550e+03 3.690779e+07 1.276793e+06 
9.584450e+03 3.682417e+07 1.329992e+06 
9.220950e+03 3.460583e+07 1.447032e+06 
7.903700e+03 2.885087e+07 2.298228e+06 
9.759950e+03 3.716199e+07 1.208656e+06 
7.908900e+03 2.886896e+07 2.213108e+06 
1.076775e+04 4.152558e+07 1.037375e+06 
1.219310e+04 4.716095e+07 1.000604e+06 
8.456650e+03 3.100164e+07 1.872630e+06 
1.003910e+04 3.663477e+07 1.359738e+06 
9.656250e+03 3.676004e+07 1.276793e+06 
7.897100e+03 2.893364e+07 2.213108e+06 
8.553300e+03 3.148265e+07 1.812984e+06 
1.008085e+04 3.860956e+07 1.106554e+06 

