6.448700e+03 2.659502e+07 2.213108e+06 
8.045200e+03 3.249062e+07 1.404473e+06 
8.236450e+03 3.283876e+07 1.057574e+06 
8.026250e+03 3.207950e+07 1.447032e+06 
6.298700e+03 2.608529e+07 2.298228e+06 
7.110250e+03 2.925216e+07 2.000309e+06 
7.994000e+03 3.249334e+07 1.276793e+06 
6.273900e+03 2.581058e+07 2.383347e+06 
6.279300e+03 2.563593e+07 2.468467e+06 
6.270000e+03 2.577372e+07 2.468467e+06 
7.256300e+03 2.985004e+07 1.830070e+06 
6.267550e+03 2.562854e+07 2.553587e+06 
7.184900e+03 2.929723e+07 1.872630e+06 
7.086100e+03 2.932986e+07 2.085429e+06 
7.155600e+03 2.948035e+07 1.872630e+06 
6.478650e+03 2.677899e+07 2.127989e+06 
7.114400e+03 2.928068e+07 1.957750e+06 
6.464450e+03 2.714846e+07 2.127989e+06 
6.271850e+03 2.591127e+07 2.383347e+06 
7.127250e+03 2.924424e+07 1.915190e+06 
8.255800e+03 3.333716e+07 1.159753e+06 
8.033150e+03 3.267587e+07 1.744951e+06 
8.010900e+03 3.228934e+07 1.447032e+06 
8.073850e+03 3.244722e+07 1.276793e+06 
7.884050e+03 3.137508e+07 1.489592e+06 

7.836550e+03 3.230439e+07 1.106554e+06 
7.819350e+03 3.231302e+07 1.106554e+06 
6.568600e+03 2.733765e+07 2.383347e+06 
7.515950e+03 3.195397e+07 1.284197e+06 
7.675750e+03 3.185333e+07 1.276793e+06 
7.665000e+03 3.185775e+07 1.276793e+06 
6.630700e+03 2.738042e+07 2.213108e+06 
6.756900e+03 2.815833e+07 1.957750e+06 
7.056500e+03 2.949768e+07 1.617271e+06 
7.021750e+03 2.896573e+07 1.787511e+06 
7.093950e+03 2.921899e+07 1.617271e+06 
6.976650e+03 2.903303e+07 1.787511e+06 
7.035050e+03 2.890127e+07 1.787511e+06 
7.160700e+03 2.967433e+07 1.532152e+06 
7.489500e+03 3.183975e+07 1.447032e+06 
7.942150e+03 3.225204e+07 1.037375e+06 
6.680200e+03 2.773058e+07 2.127989e+06 
6.959950e+03 2.934225e+07 1.787511e+06 
6.982250e+03 2.897602e+07 1.787511e+06 
6.785800e+03 2.880078e+07 1.872630e+06 
6.703200e+03 2.764880e+07 2.127989e+06 
6.988850e+03 2.908805e+07 1.702391e+06 
6.629550e+03 2.754181e+07 2.213108e+06 
8.003250e+03 3.213762e+07 1.208656e+06 
6.757900e+03 2.789465e+07 2.042869e+06 

8.105200e+03 3.276660e+07 1.133115e+06 
8.282050e+03 3.339461e+07 1.133115e+06 
6.821250e+03 2.855008e+07 1.957750e+06 
7.051400e+03 2.940572e+07 1.586361e+06 
7.081050e+03 2.943242e+07 1.957750e+06 
6.872450e+03 2.823614e+07 2.298228e+06 
6.892900e+03 2.851398e+07 2.127989e+06 
6.814550e+03 2.833836e+07 2.298228e+06 
7.040200e+03 2.951054e+07 1.787511e+06 
6.816050e+03 2.810799e+07 2.298228e+06 
8.306950e+03 3.326403e+07 1.191674e+06 
7.589100e+03 3.122278e+07 1.617271e+06 
6.984400e+03 2.927667e+07 2.127989e+06 
8.072200e+03 3.300303e+07 1.133115e+06 
7.697350e+03 3.148629e+07 1.276793e+06 
7.872900e+03 3.198171e+07 1.208656e+06 
8.573650e+03 3.489177e+07 1.057574e+06 
7.693650e+03 3.175023e+07 1.415112e+06 
7.534350e+03 3.099380e+07 1.447032e+06 
6.833750e+03 2.803487e+07 2.213108e+06 
6.936900e+03 2.890129e+07 1.872630e+06 
6.904000e+03 2.828470e+07 2.127989e+06 
6.818450e+03 2.814087e+07 2.213108e+06 
8.019250e+03 3.246729e+07 1.361913e+06 
8.169700e+03 3.302964e+07 1.284197e+06 

8.041000e+03 3.329910e+07 1.021435e+06 
7.736550e+03 3.223780e+07 1.191674e+06 
7.460300e+03 3.149333e+07 1.617271e+06 
7.929400e+03 3.281120e+07 1.106554e+06 
7.400350e+03 3.157134e+07 1.532152e+06 
7.744900e+03 3.226471e+07 1.133115e+06 
6.569100e+03 2.693504e+07 2.298228e+06 
7.717000e+03 3.215836e+07 1.276793e+06 
6.494900e+03 2.683556e+07 2.468467e+06 
6.574950e+03 2.700455e+07 2.127989e+06 
7.396950e+03 3.168587e+07 1.447032e+06 
6.570950e+03 2.746346e+07 2.042869e+06 
7.803100e+03 3.215414e+07 1.191674e+06 
7.739100e+03 3.218626e+07 1.208656e+06 
7.704600e+03 3.199703e+07 1.329992e+06 
7.380050e+03 3.149331e+07 1.702391e+06 
7.725800e+03 3.188464e+07 1.276793e+06 
6.592200e+03 2.757456e+07 1.872630e+06 
7.519600e+03 3.140964e+07 1.702391e+06 
7.703700e+03 3.221319e+07 1.284197e+06 
6.521250e+03 2.698561e+07 2.383347e+06 
6.589200e+03 2.743394e+07 1.957750e+06 
7.720100e+03 3.198520e+07 1.276793e+06 
6.546250e+03 2.712120e+07 2.213108e+06 
7.660650e+03 3.196290e+07 1.361913e+06 

8.292250e+03 3.395801e+07 1.106554e+06 
8.230400e+03 3.353527e+07 1.159753e+06 
6.455700e+03 2.676416e+07 2.298228e+06 
8.313650e+03 3.414863e+07 1.057574e+06 
8.318450e+03 3.417321e+07 9.820330e+05 
6.473400e+03 2.678035e+07 2.213108e+06 
6.423600e+03 2.639011e+07 2.468467e+06 
7.916450e+03 3.218210e+07 1.361913e+06 
7.975700e+03 3.242566e+07 1.276793e+06 
7.345700e+03 3.025607e+07 1.617271e+06 
8.027850e+03 3.228600e+07 1.276793e+06 
7.105750e+03 2.933797e+07 1.872630e+06 
6.467800e+03 2.656284e+07 2.383347e+06 
7.219250e+03 2.972855e+07 1.702391e+06 
6.583700e+03 2.716730e+07 2.042869e+06 
6.432050e+03 2.627974e+07 2.468467e+06 
6.662900e+03 2.761821e+07 1.957750e+06 
8.403200e+03 3.402134e+07 1.057574e+06 
7.884050e+03 3.160809e+07 1.447032e+06 
7.134900e+03 2.937060e+07 1.787511e+06 
7.156050e+03 2.933403e+07 1.872630e+06 
8.097450e+03 3.280324e+07 1.191674e+06 
8.279050e+03 3.407349e+07 1.021435e+06 
7.975450e+03 3.263543e+07 1.208656e+06 
7.921050e+03 3.224307e+07 1.361913e+06 

8.402900e+03 3.476468e+07 1.021435e+06 
8.479250e+03 3.619653e+07 1.106554e+06 
8.206000e+03 3.449390e+07 1.191674e+06 
7.354650e+03 3.039347e+07 1.617271e+06 
6.561550e+03 2.658959e+07 2.468467e+06 
7.627250e+03 3.226407e+07 1.500231e+06 
7.313050e+03 3.029225e+07 1.840710e+06 
7.314200e+03 3.058703e+07 1.617271e+06 
6.989100e+03 2.966933e+07 1.957750e+06 
7.263750e+03 3.026273e+07 1.872630e+06 
8.307350e+03 3.487861e+07 1.021435e+06 
7.053400e+03 2.931391e+07 1.957750e+06 
8.217800e+03 3.478529e+07 1.106554e+06 
7.327450e+03 3.055675e+07 1.510820e+06 
6.910150e+03 2.885271e+07 2.127989e+06 
6.995550e+03 2.935914e+07 1.957750e+06 
7.623000e+03 3.233389e+07 1.447032e+06 
7.918800e+03 3.328473e+07 1.276793e+06 
6.946550e+03 2.900774e+07 2.127989e+06 
6.955150e+03 2.890790e+07 2.000309e+06 
6.903400e+03 2.908274e+07 2.213108e+06 
6.952650e+03 2.916520e+07 2.042869e+06 
6.916150e+03 2.893257e+07 2.085429e+06 
6.944500e+03 2.932666e+07 2.340788e+06 
7.291650e+03 3.044200e+07 1.787511e+06 

6.709950e+03 2.772974e+07 1.925829e+06 
7.424400e+03 3.106172e+07 1.435279e+06 
7.356650e+03 3.043691e+07 1.489592e+06 
7.234250e+03 3.055716e+07 1.659831e+06 
6.523400e+03 2.725923e+07 2.213108e+06 
6.564050e+03 2.756207e+07 2.042869e+06 
7.452900e+03 3.092774e+07 1.435279e+06 
7.329650e+03 3.040797e+07 1.659831e+06 
7.285350e+03 3.014373e+07 1.787511e+06 
6.530650e+03 2.699193e+07 2.383347e+06 
6.619050e+03 2.733968e+07 2.042869e+06 
7.344950e+03 3.059360e+07 1.617271e+06 
6.786000e+03 2.818018e+07 1.872630e+06 
6.813850e+03 2.811018e+07 1.840710e+06 
7.372700e+03 3.032928e+07 1.702391e+06 
8.116150e+03 3.384593e+07 1.133115e+06 
6.500350e+03 2.701611e+07 2.298228e+06 
7.581050e+03 3.213315e+07 1.361913e+06 
6.562400e+03 2.711494e+07 2.213108e+06 
7.676450e+03 3.265812e+07 1.359738e+06 
7.339450e+03 3.020665e+07 1.744951e+06 
6.659700e+03 2.749008e+07 1.957750e+06 
6.540450e+03 2.686910e+07 2.383347e+06 
6.599450e+03 2.739911e+07 2.127989e+06 
7.327500e+03 3.011798e+07 1.787511e+06 

7.003850e+03 2.932966e+07 1.787511e+06 
6.707300e+03 2.756132e+07 2.213108e+06 
6.499900e+03 2.690327e+07 2.298228e+06 
6.487000e+03 2.697152e+07 2.383347e+06 
6.680150e+03 2.761623e+07 2.127989e+06 
6.677450e+03 2.779428e+07 2.127989e+06 
7.099550e+03 2.998756e+07 1.617271e+06 
7.008750e+03 2.941185e+07 1.744951e+06 
7.076550e+03 2.923869e+07 1.787511e+06 
7.791050e+03 3.178171e+07 1.276793e+06 
6.904050e+03 2.899679e+07 1.872630e+06 
6.501100e+03 2.686234e+07 2.383347e+06 
8.197050e+03 3.377058e+07 1.057574e+06 
7.138100e+03 2.995564e+07 1.617271e+06 
6.689100e+03 2.756861e+07 2.127989e+06 
6.493800e+03 2.695051e+07 2.383347e+06 
7.081750e+03 3.003331e+07 1.617271e+06 
6.491400e+03 2.695600e+07 2.383347e+06 
7.022950e+03 2.930489e+07 1.659831e+06 
6.726350e+03 2.779608e+07 1.957750e+06 
6.737250e+03 2.768986e+07 2.042869e+06 
6.774150e+03 2.768182e+07 2.042869e+06 
7.037850e+03 2.929068e+07 1.787511e+06 
6.998050e+03 2.933750e+07 1.787511e+06 
6.723750e+03 2.772582e+07 2.042869e+06 

7.134950e+03 2.981349e+07 1.617271e+06 
6.996100e+03 2.967856e+07 1.787511e+06 
7.264600e+03 2.992515e+07 1.447032e+06 
7.709400e+03 3.197592e+07 1.208656e+06 
7.020250e+03 2.947483e+07 1.872630e+06 
6.732100e+03 2.854434e+07 2.383347e+06 
6.729900e+03 2.854928e+07 2.298228e+06 
7.135050e+03 2.995520e+07 1.447032e+06 
7.096250e+03 2.978255e+07 1.702391e+06 
7.206800e+03 3.000720e+07 1.361913e+06 
7.027800e+03 2.937617e+07 1.787511e+06 
6.741750e+03 2.836696e+07 2.127989e+06 
8.216950e+03 3.437568e+07 1.074634e+06 
6.758650e+03 2.873678e+07 2.127989e+06 
7.108450e+03 2.959681e+07 1.702391e+06 
7.244550e+03 2.976692e+07 1.532152e+06 
6.987950e+03 2.988451e+07 1.872630e+06 
6.831000e+03 2.867157e+07 1.957750e+06 
7.100000e+03 2.967991e+07 1.702391e+06 
6.787450e+03 2.871536e+07 2.042869e+06 
7.162150e+03 2.983443e+07 1.532152e+06 
6.822650e+03 2.863923e+07 2.042869e+06 
7.120800e+03 3.009983e+07 1.447032e+06 
8.187650e+03 3.381659e+07 1.244873e+06 
6.732350e+03 2.867103e+07 2.213108e+06 

7.574650e+03 3.040446e+07 1.276793e+06 
7.678900e+03 3.098188e+07 1.133115e+06 
7.700150e+03 3.078185e+07 1.133115e+06 
7.548500e+03 3.053730e+07 1.234234e+06 
8.136050e+03 3.296946e+07 1.030698e+06 
7.563600e+03 3.045223e+07 1.208656e+06 
6.468550e+03 2.640381e+07 2.298228e+06 
6.583150e+03 2.686059e+07 2.127989e+06 
6.829100e+03 2.850274e+07 1.617271e+06 
7.800050e+03 3.159976e+07 1.133115e+06 
7.429200e+03 3.016131e+07 1.284197e+06 
6.792350e+03 2.843985e+07 1.787511e+06 
6.905700e+03 2.903695e+07 1.872630e+06 
6.523050e+03 2.650788e+07 2.213108e+06 
7.663400e+03 3.078736e+07 1.191674e+06 
6.637950e+03 2.718456e+07 2.298228e+06 
6.678750e+03 2.682673e+07 2.127989e+06 
7.686500e+03 3.104877e+07 1.276793e+06 
7.675500e+03 3.112644e+07 1.361913e+06 
6.942200e+03 2.898891e+07 1.532152e+06 
6.503000e+03 2.687452e+07 2.127989e+06 
7.507350e+03 3.065812e+07 1.404473e+06 
7.411100e+03 3.050181e+07 1.319353e+06 
6.658450e+03 2.732513e+07 2.042869e+06 
7.278750e+03 2.973916e+07 1.361913e+06 

