8.427700e+03 3.300252e+07 1.276793e+06 
6.121400e+03 2.491067e+07 2.468467e+06 
6.426950e+03 2.636591e+07 2.042869e+06 
6.908000e+03 2.915275e+07 1.574712e+06 
6.346600e+03 2.627171e+07 2.127989e+06 
9.209550e+03 3.752767e+07 1.021435e+06 
6.255150e+03 2.592958e+07 2.213108e+06 
6.133550e+03 2.478200e+07 2.553587e+06 
8.522200e+03 3.295013e+07 1.404473e+06 
8.125250e+03 3.301868e+07 1.361913e+06 
6.245250e+03 2.554546e+07 2.383347e+06 
6.405850e+03 2.617942e+07 2.127989e+06 
6.558250e+03 2.680945e+07 1.787511e+06 
1.089320e+04 4.155656e+07 8.721289e+05 
6.528400e+03 2.697857e+07 1.744951e+06 
6.235300e+03 2.560803e+07 2.383347e+06 
6.182300e+03 2.504446e+07 2.553587e+06 
8.723350e+03 3.464650e+07 1.106554e+06 
8.252350e+03 3.329334e+07 1.276793e+06 
6.415350e+03 2.652073e+07 1.957750e+06 
8.203200e+03 3.286360e+07 1.415112e+06 
6.581750e+03 2.685924e+07 1.744951e+06 
6.533500e+03 2.659075e+07 1.915190e+06 
9.137700e+03 3.597049e+07 1.057574e+06 
6.929200e+03 2.912433e+07 1.574712e+06 
6.435950e+03 2.626187e+07 2.042869e+06 
6.354300e+03 2.626018e+07 2.127989e+06 
6.260650e+03 2.578153e+07 2.298228e+06 
6.511350e+03 2.661850e+07 1.915190e+06 
9.331650e+03 3.799910e+07 9.568890e+05 
6.973850e+03 2.945441e+07 1.532152e+06 
8.079550e+03 3.206057e+07 1.489592e+06 
6.540750e+03 2.664726e+07 1.830070e+06 
8.553250e+03 3.433357e+07 1.191674e+06 
6.318650e+03 2.636738e+07 2.127989e+06 
6.507050e+03 2.667348e+07 1.830070e+06 
6.110500e+03 2.483162e+07 2.553587e+06 
8.988200e+03 3.543618e+07 1.063994e+06 
7.954350e+03 3.312266e+07 1.361913e+06 
9.404000e+03 3.788051e+07 9.568890e+05 
8.861350e+03 3.414096e+07 1.234234e+06 
1.045815e+04 3.986655e+07 9.073666e+05 
6.445050e+03 2.684662e+07 1.872630e+06 
6.400800e+03 2.639295e+07 2.042869e+06 
6.572400e+03 2.703611e+07 1.617271e+06 
6.541950e+03 2.686156e+07 1.702391e+06 
9.217300e+03 3.678272e+07 9.820330e+05 
6.410250e+03 2.654873e+07 1.957750e+06 
1.007345e+04 4.002861e+07 9.363151e+05 
8.316950e+03 3.320543e+07 1.329992e+06 

8.445750e+03 3.387000e+07 1.276793e+06 
9.859950e+03 4.084278e+07 9.518172e+05 
6.192900e+03 2.502042e+07 2.553587e+06 
9.817500e+03 4.047467e+07 1.027358e+06 
6.197150e+03 2.521204e+07 2.383347e+06 
7.797150e+03 3.174613e+07 1.500231e+06 
9.999900e+03 4.077560e+07 9.895141e+05 
6.859250e+03 2.832809e+07 1.755590e+06 
6.188100e+03 2.512997e+07 2.468467e+06 
6.867650e+03 2.791390e+07 1.787511e+06 
8.548200e+03 3.444298e+07 1.191674e+06 
8.742450e+03 3.573463e+07 1.106554e+06 
6.938200e+03 2.827743e+07 1.702391e+06 
6.467150e+03 2.660590e+07 2.127989e+06 
8.656000e+03 3.436570e+07 1.191674e+06 
1.022590e+04 3.845680e+07 8.987604e+05 
6.183950e+03 2.517027e+07 2.468467e+06 
6.908900e+03 2.838380e+07 1.617271e+06 
6.853100e+03 2.790274e+07 1.872630e+06 
8.751550e+03 3.584305e+07 1.037375e+06 
8.398650e+03 3.336888e+07 1.319353e+06 
6.794550e+03 2.795417e+07 1.840710e+06 
6.200600e+03 2.530252e+07 2.298228e+06 
6.822650e+03 2.794225e+07 1.787511e+06 
6.467600e+03 2.654691e+07 2.127989e+06 
1.005105e+04 3.780659e+07 1.021435e+06 
8.572050e+03 3.368110e+07 1.234234e+06 
7.925350e+03 3.196165e+07 1.361913e+06 
6.872850e+03 2.788900e+07 1.872630e+06 
6.518500e+03 2.651264e+07 2.127989e+06 
8.790400e+03 3.501065e+07 1.149114e+06 
7.154450e+03 2.901258e+07 1.532152e+06 
9.656000e+03 4.050815e+07 1.027358e+06 
6.782750e+03 2.798788e+07 1.840710e+06 
6.479550e+03 2.642207e+07 2.213108e+06 
6.885150e+03 2.842347e+07 1.702391e+06 
6.200250e+03 2.543381e+07 2.298228e+06 
8.070400e+03 3.173245e+07 1.447032e+06 
6.196950e+03 2.536700e+07 2.383347e+06 
6.630050e+03 2.727127e+07 1.957750e+06 
6.501300e+03 2.677231e+07 2.042869e+06 
6.206200e+03 2.519190e+07 2.383347e+06 
7.878550e+03 3.190609e+07 1.415112e+06 
6.460400e+03 2.651196e+07 2.213108e+06 
9.880700e+03 4.097691e+07 9.043945e+05 
6.468200e+03 2.647485e+07 2.213108e+06 
6.171000e+03 2.525832e+07 2.468467e+06 
7.120250e+03 2.911977e+07 1.532152e+06 
8.323550e+03 3.405766e+07 1.319353e+06 
9.656750e+03 4.091254e+07 9.895141e+05 

6.322450e+03 2.555979e+07 2.213108e+06 
6.282750e+03 2.567934e+07 2.298228e+06 
6.570050e+03 2.675207e+07 2.064148e+06 
8.459300e+03 3.250508e+07 1.208656e+06 
7.142300e+03 2.893656e+07 1.670470e+06 
6.216800e+03 2.506698e+07 2.553587e+06 
9.251800e+03 3.811234e+07 9.895141e+05 
6.666150e+03 2.713156e+07 1.840710e+06 
6.587900e+03 2.683585e+07 1.872630e+06 
6.281300e+03 2.526987e+07 2.383347e+06 
7.286300e+03 2.909219e+07 1.447032e+06 
1.014380e+04 4.556422e+07 9.363151e+05 
7.270200e+03 2.884979e+07 1.532152e+06 
6.869500e+03 2.739281e+07 1.755590e+06 
9.166950e+03 3.895182e+07 1.021435e+06 
6.571200e+03 2.670666e+07 2.042869e+06 
8.084150e+03 3.129841e+07 1.284197e+06 
1.062620e+04 4.449637e+07 9.064920e+05 
1.143500e+04 4.619781e+07 9.029603e+05 
7.883300e+03 3.077192e+07 1.435279e+06 
7.207400e+03 2.891532e+07 1.532152e+06 
6.896150e+03 2.749965e+07 1.702391e+06 
6.295700e+03 2.538368e+07 2.298228e+06 
9.001650e+03 3.742946e+07 1.035103e+06 
7.883850e+03 3.129559e+07 1.361913e+06 
6.807400e+03 2.770161e+07 1.702391e+06 
8.823650e+03 3.461740e+07 1.191674e+06 
9.724150e+03 3.688742e+07 9.479465e+05 
6.714250e+03 2.709832e+07 1.787511e+06 
9.293200e+03 3.811259e+07 9.820330e+05 
7.167000e+03 2.885445e+07 1.617271e+06 
1.136030e+04 4.732429e+07 9.029603e+05 
8.944650e+03 3.557128e+07 1.106554e+06 
7.966150e+03 3.101995e+07 1.361913e+06 
6.573350e+03 2.643340e+07 2.127989e+06 
6.685450e+03 2.654193e+07 1.957750e+06 
6.591100e+03 2.674060e+07 1.925829e+06 
6.255400e+03 2.548344e+07 2.383347e+06 
6.215450e+03 2.509271e+07 2.468467e+06 
1.037860e+04 4.336968e+07 9.363151e+05 
6.202700e+03 2.506765e+07 2.553587e+06 
8.057750e+03 3.111862e+07 1.359738e+06 
6.764900e+03 2.703044e+07 1.787511e+06 
6.582100e+03 2.661204e+07 2.010949e+06 
6.551800e+03 2.669184e+07 2.096068e+06 
6.526700e+03 2.634741e+07 2.181188e+06 
6.195400e+03 2.518328e+07 2.553587e+06 
6.294900e+03 2.566600e+07 2.213108e+06 
7.197500e+03 2.878523e+07 1.617271e+06 
6.668800e+03 2.720420e+07 1.787511e+06 

7.521950e+03 3.129450e+07 1.361913e+06 
6.338800e+03 2.579184e+07 2.383347e+06 
7.003250e+03 2.958176e+07 1.840710e+06 
7.435700e+03 3.274158e+07 1.404473e+06 
8.052400e+03 3.446928e+07 1.106554e+06 
8.053350e+03 3.444734e+07 1.106554e+06 
7.985850e+03 3.307154e+07 1.276793e+06 
6.263800e+03 2.563892e+07 2.468467e+06 
7.517900e+03 3.145051e+07 1.361913e+06 
6.843200e+03 2.845924e+07 1.957750e+06 
7.080450e+03 2.990572e+07 1.532152e+06 
7.962050e+03 3.325604e+07 1.329992e+06 
8.203600e+03 3.324023e+07 1.191674e+06 
7.064400e+03 2.972113e+07 1.617271e+06 
6.757600e+03 2.785095e+07 2.042869e+06 
8.001850e+03 3.326125e+07 1.191674e+06 
6.848250e+03 2.843489e+07 1.957750e+06 
8.146850e+03 3.511016e+07 9.820330e+05 
7.379800e+03 3.220902e+07 1.489592e+06 
6.320500e+03 2.591373e+07 2.383347e+06 
8.315150e+03 3.578465e+07 9.121750e+05 
7.037050e+03 2.994735e+07 1.617271e+06 
6.634700e+03 2.756882e+07 2.127989e+06 
7.016250e+03 2.950451e+07 1.702391e+06 
6.346250e+03 2.587411e+07 2.298228e+06 
8.134450e+03 3.370162e+07 1.106554e+06 
6.590500e+03 2.726041e+07 2.213108e+06 
7.438200e+03 3.115070e+07 1.447032e+06 
6.851050e+03 2.840451e+07 1.872630e+06 
8.155250e+03 3.475470e+07 1.074634e+06 
8.048300e+03 3.452397e+07 1.159753e+06 
6.841700e+03 2.856553e+07 1.957750e+06 
6.333400e+03 2.585414e+07 2.383347e+06 
7.008300e+03 2.936816e+07 1.787511e+06 
8.163500e+03 3.502010e+07 9.820330e+05 
6.269500e+03 2.563041e+07 2.468467e+06 
7.439350e+03 3.259463e+07 1.404473e+06 
7.004750e+03 2.940103e+07 1.787511e+06 
8.337800e+03 3.536534e+07 9.121750e+05 
6.862150e+03 2.832945e+07 1.957750e+06 
7.041500e+03 2.980294e+07 1.617271e+06 
7.089350e+03 2.981517e+07 1.532152e+06 
8.225950e+03 3.457057e+07 1.057574e+06 
8.109050e+03 3.484937e+07 1.021435e+06 
6.254300e+03 2.563418e+07 2.468467e+06 
6.296850e+03 2.562229e+07 2.468467e+06 
6.336150e+03 2.593620e+07 2.298228e+06 
8.262550e+03 3.434066e+07 1.021435e+06 
7.961700e+03 3.440386e+07 1.244873e+06 
7.033050e+03 2.941065e+07 1.702391e+06 

7.367150e+03 3.053567e+07 1.435279e+06 
6.609900e+03 2.703046e+07 1.872630e+06 
6.203350e+03 2.541203e+07 2.553587e+06 
7.526400e+03 3.150431e+07 1.361913e+06 
6.301600e+03 2.555531e+07 2.383347e+06 
6.895600e+03 2.821309e+07 1.702391e+06 
6.569650e+03 2.668529e+07 2.042869e+06 
8.453950e+03 3.405009e+07 1.021435e+06 
7.128350e+03 2.935764e+07 1.532152e+06 
7.101950e+03 2.907796e+07 1.586361e+06 
8.357350e+03 3.381404e+07 1.057574e+06 
6.391750e+03 2.611101e+07 2.213108e+06 
7.076950e+03 2.936729e+07 1.586361e+06 
7.868800e+03 3.294365e+07 1.133115e+06 
6.219950e+03 2.544572e+07 2.468467e+06 
7.890400e+03 3.247148e+07 1.208656e+06 
9.224500e+03 3.840902e+07 9.363151e+05 
6.839450e+03 2.808146e+07 1.787511e+06 
9.382750e+03 3.870511e+07 8.511955e+05 
8.666300e+03 3.509161e+07 9.426021e+05 
8.052500e+03 3.337679e+07 1.106554e+06 
7.887600e+03 3.272466e+07 1.244873e+06 
7.511100e+03 3.163951e+07 1.361913e+06 
7.027750e+03 2.884644e+07 1.617271e+06 
6.811300e+03 2.810293e+07 1.787511e+06 
7.580150e+03 3.177707e+07 1.359738e+06 
6.904050e+03 2.820002e+07 1.702391e+06 
7.215150e+03 2.956398e+07 1.510820e+06 
7.082850e+03 2.936387e+07 1.532152e+06 
7.314850e+03 2.945959e+07 1.510820e+06 
6.628900e+03 2.697949e+07 1.872630e+06 
8.644500e+03 3.470388e+07 9.820330e+05 
9.342700e+03 3.946714e+07 8.788104e+05 
6.611200e+03 2.702758e+07 1.872630e+06 
7.165250e+03 2.906222e+07 1.586361e+06 
6.210600e+03 2.534654e+07 2.553587e+06 
6.386300e+03 2.613557e+07 2.213108e+06 
7.943300e+03 3.287420e+07 1.191674e+06 
6.409000e+03 2.613833e+07 2.127989e+06 
6.547700e+03 2.677076e+07 1.957750e+06 
6.865400e+03 2.821677e+07 1.702391e+06 
6.614850e+03 2.702546e+07 1.872630e+06 
6.208050e+03 2.541081e+07 2.553587e+06 
6.316700e+03 2.556498e+07 2.298228e+06 
8.058500e+03 3.278965e+07 1.106554e+06 
7.165150e+03 2.976239e+07 1.510820e+06 
7.052900e+03 2.956185e+07 1.586361e+06 
6.299350e+03 2.555593e+07 2.383347e+06 
7.564800e+03 3.189623e+07 1.359738e+06 
7.218300e+03 2.932757e+07 1.532152e+06 

9.837350e+03 4.154413e+07 8.809373e+05 
7.475400e+03 3.018720e+07 1.361913e+06 
8.783900e+03 3.511620e+07 1.117193e+06 
6.871450e+03 2.841790e+07 1.702391e+06 
7.442500e+03 2.976965e+07 1.435279e+06 
9.051800e+03 3.746341e+07 9.211174e+05 
7.376750e+03 2.996536e+07 1.435279e+06 
7.707000e+03 3.094188e+07 1.276793e+06 
6.946150e+03 2.815630e+07 1.659831e+06 
6.618650e+03 2.727506e+07 1.957750e+06 
6.177800e+03 2.523851e+07 2.468467e+06 
6.377650e+03 2.606910e+07 2.213108e+06 
6.177750e+03 2.537413e+07 2.553587e+06 
7.887050e+03 3.188730e+07 1.133115e+06 
7.553300e+03 3.059233e+07 1.359738e+06 
6.380500e+03 2.632117e+07 2.127989e+06 
7.567450e+03 3.075705e+07 1.329992e+06 
6.952650e+03 2.815180e+07 1.510820e+06 
6.178650e+03 2.521374e+07 2.553587e+06 
8.975200e+03 3.775083e+07 9.363151e+05 
6.356150e+03 2.627008e+07 2.213108e+06 
6.718850e+03 2.746478e+07 1.872630e+06 
7.578850e+03 3.067884e+07 1.284197e+06 
7.434900e+03 2.994261e+07 1.404473e+06 
9.741550e+03 4.019681e+07 8.987604e+05 
9.043950e+03 3.724372e+07 9.568890e+05 
8.904000e+03 3.729099e+07 9.568890e+05 
8.728150e+03 3.515503e+07 1.057574e+06 
6.884650e+03 2.816676e+07 1.744951e+06 
6.274900e+03 2.557344e+07 2.298228e+06 
7.482350e+03 2.993187e+07 1.361913e+06 
6.209550e+03 2.516167e+07 2.468467e+06 
6.274250e+03 2.566146e+07 2.298228e+06 
7.572500e+03 3.058793e+07 1.329992e+06 
7.068650e+03 2.855682e+07 1.447032e+06 
6.197650e+03 2.518280e+07 2.468467e+06 
8.715750e+03 3.530118e+07 1.032074e+06 
9.657400e+03 4.033334e+07 8.987604e+05 
6.223800e+03 2.526659e+07 2.383347e+06 
6.357200e+03 2.610310e+07 2.213108e+06 
6.655800e+03 2.722793e+07 1.957750e+06 
6.735500e+03 2.769006e+07 1.787511e+06 
6.387650e+03 2.619873e+07 2.127989e+06 
6.466850e+03 2.641566e+07 2.042869e+06 
6.409250e+03 2.643480e+07 2.042869e+06 
7.581600e+03 3.034309e+07 1.359738e+06 
6.183950e+03 2.518839e+07 2.553587e+06 
6.929000e+03 2.802233e+07 1.744951e+06 
8.693250e+03 3.556400e+07 9.820330e+05 
7.956550e+03 3.171914e+07 1.244873e+06 

6.237100e+03 2.539663e+07 2.468467e+06 
7.919000e+03 3.236238e+07 1.447032e+06 
7.926850e+03 3.319984e+07 1.361913e+06 
8.002250e+03 3.388136e+07 1.133115e+06 
7.885100e+03 3.384125e+07 1.319353e+06 
9.299550e+03 3.801698e+07 1.021435e+06 
7.269700e+03 3.003093e+07 1.702391e+06 
6.696550e+03 2.754140e+07 1.957750e+06 
6.217650e+03 2.539428e+07 2.553587e+06 
7.901150e+03 3.357907e+07 1.234234e+06 
7.722850e+03 3.130451e+07 1.532152e+06 
8.501050e+03 3.362017e+07 1.191674e+06 
8.046000e+03 3.261784e+07 1.361913e+06 
6.594300e+03 2.722872e+07 2.042869e+06 
8.019800e+03 3.275707e+07 1.361913e+06 
6.233600e+03 2.542614e+07 2.298228e+06 
6.212900e+03 2.544545e+07 2.553587e+06 
6.227600e+03 2.534989e+07 2.468467e+06 
8.292000e+03 3.261179e+07 1.361913e+06 
9.370750e+03 3.883963e+07 9.820330e+05 
6.593300e+03 2.725935e+07 2.213108e+06 
9.613600e+03 3.964043e+07 8.511955e+05 
9.298150e+03 3.878863e+07 1.021435e+06 
8.100750e+03 3.178259e+07 1.500231e+06 
6.689500e+03 2.770405e+07 1.957750e+06 
8.012450e+03 3.192384e+07 1.447032e+06 
7.105750e+03 2.918230e+07 1.787511e+06 
6.711750e+03 2.753570e+07 1.957750e+06 
8.159150e+03 3.187869e+07 1.447032e+06 
8.203850e+03 3.207520e+07 1.361913e+06 
9.388450e+03 3.981962e+07 9.064920e+05 
7.428450e+03 3.039878e+07 1.617271e+06 
8.136650e+03 3.207901e+07 1.361913e+06 
9.241750e+03 3.825567e+07 1.057574e+06 
7.323200e+03 3.000995e+07 1.702391e+06 
8.157000e+03 3.303090e+07 1.284197e+06 
6.241200e+03 2.538314e+07 2.383347e+06 
8.144950e+03 3.251581e+07 1.359738e+06 
8.093400e+03 3.307355e+07 1.276793e+06 
8.981250e+03 3.895444e+07 1.057574e+06 
8.060950e+03 3.233759e+07 1.415112e+06 
8.699350e+03 3.746096e+07 1.106554e+06 
7.073500e+03 2.919454e+07 1.787511e+06 
7.866400e+03 3.359357e+07 1.404473e+06 
6.746650e+03 2.761193e+07 1.957750e+06 
6.218100e+03 2.547705e+07 2.383347e+06 
8.098350e+03 3.293023e+07 1.359738e+06 
9.671800e+03 4.000591e+07 9.820330e+05 
6.767800e+03 2.783580e+07 1.872630e+06 
6.217700e+03 2.551392e+07 2.468467e+06 

7.029300e+03 2.950076e+07 1.361913e+06 
6.242500e+03 2.539506e+07 2.468467e+06 
6.815150e+03 2.783777e+07 1.617271e+06 
9.210900e+03 3.905698e+07 9.820330e+05 
6.330300e+03 2.565808e+07 2.127989e+06 
9.082350e+03 3.896260e+07 1.021435e+06 
1.086120e+04 4.380644e+07 9.064920e+05 
6.312650e+03 2.576518e+07 2.213108e+06 
6.949700e+03 2.879860e+07 1.585351e+06 
6.242250e+03 2.548121e+07 2.468467e+06 
6.965200e+03 2.912312e+07 1.447032e+06 
8.823650e+03 3.519935e+07 1.057574e+06 
9.164400e+03 3.860489e+07 1.021435e+06 
6.942200e+03 2.854139e+07 1.586361e+06 
7.124500e+03 2.968946e+07 1.361913e+06 
6.320950e+03 2.554780e+07 2.383347e+06 
6.915100e+03 2.881117e+07 1.586361e+06 
6.214600e+03 2.536914e+07 2.553587e+06 
6.570000e+03 2.706940e+07 1.787511e+06 
6.931000e+03 2.871856e+07 1.586361e+06 
6.225000e+03 2.543201e+07 2.468467e+06 
6.654300e+03 2.732535e+07 1.702391e+06 
7.846500e+03 3.296881e+07 1.208656e+06 
6.624800e+03 2.718695e+07 1.702391e+06 
8.560850e+03 3.483104e+07 1.191674e+06 
6.216850e+03 2.540964e+07 2.553587e+06 
6.305900e+03 2.586182e+07 2.213108e+06 
9.181350e+03 3.894777e+07 1.133115e+06 
6.908950e+03 2.885161e+07 1.532152e+06 
6.996800e+03 2.920455e+07 1.435279e+06 
6.938000e+03 2.897379e+07 1.510820e+06 
8.606750e+03 3.427056e+07 1.191674e+06 
6.622050e+03 2.729754e+07 1.702391e+06 
6.322500e+03 2.557454e+07 2.298228e+06 
6.285950e+03 2.557830e+07 2.298228e+06 
7.364350e+03 3.064911e+07 1.359738e+06 
6.275500e+03 2.569038e+07 2.383347e+06 
7.413450e+03 3.144684e+07 1.284197e+06 
6.282750e+03 2.569862e+07 2.298228e+06 
6.573300e+03 2.705446e+07 1.872630e+06 
7.386350e+03 3.120541e+07 1.329992e+06 
6.949050e+03 2.887435e+07 1.510820e+06 
7.451300e+03 3.116861e+07 1.329992e+06 
6.638850e+03 2.701996e+07 1.872630e+06 
8.564700e+03 3.448772e+07 1.106554e+06 
6.471650e+03 2.616232e+07 2.042869e+06 
9.378450e+03 4.045713e+07 9.363151e+05 
6.320750e+03 2.562058e+07 2.213108e+06 
7.275750e+03 3.106750e+07 1.359738e+06 
6.214000e+03 2.545046e+07 2.553587e+06 

7.386750e+03 3.034620e+07 1.447032e+06 
7.607100e+03 3.074373e+07 1.435279e+06 
6.430150e+03 2.616064e+07 2.213108e+06 
6.412050e+03 2.635243e+07 2.213108e+06 
6.276050e+03 2.566592e+07 2.298228e+06 
7.762700e+03 3.181198e+07 1.359738e+06 
9.163050e+03 3.721536e+07 9.064920e+05 
8.931450e+03 3.665368e+07 9.895141e+05 
8.642250e+03 3.382081e+07 1.074634e+06 
1.038590e+04 4.396717e+07 8.922064e+05 
7.517850e+03 3.100327e+07 1.435279e+06 
6.229650e+03 2.524634e+07 2.468467e+06 
9.006800e+03 3.657670e+07 9.143481e+05 
7.020000e+03 2.846410e+07 1.532152e+06 
6.288700e+03 2.558468e+07 2.298228e+06 
8.595750e+03 3.395394e+07 1.070340e+06 
6.203500e+03 2.517731e+07 2.553587e+06 
8.007450e+03 3.220426e+07 1.208656e+06 
8.974700e+03 3.637254e+07 9.363151e+05 
6.455750e+03 2.614590e+07 2.213108e+06 
6.829800e+03 2.788486e+07 1.787511e+06 
6.980600e+03 2.848503e+07 1.617271e+06 
7.730950e+03 3.229202e+07 1.359738e+06 
6.309050e+03 2.535986e+07 2.383347e+06 
8.842250e+03 3.539514e+07 1.057574e+06 
8.274900e+03 3.354946e+07 1.191674e+06 
6.221700e+03 2.531463e+07 2.468467e+06 
6.483400e+03 2.643381e+07 1.957750e+06 
9.196250e+03 3.635915e+07 9.363151e+05 
8.298650e+03 3.355750e+07 1.149114e+06 
8.568350e+03 3.387605e+07 1.106554e+06 
7.746300e+03 3.210064e+07 1.284197e+06 
6.426950e+03 2.626432e+07 2.127989e+06 
6.248850e+03 2.565995e+07 2.383347e+06 
6.444900e+03 2.633685e+07 2.042869e+06 
6.824850e+03 2.751587e+07 1.872630e+06 
6.473000e+03 2.655143e+07 1.957750e+06 
8.322050e+03 3.325399e+07 1.133115e+06 
6.251700e+03 2.543854e+07 2.383347e+06 
7.246800e+03 3.010168e+07 1.510820e+06 
7.362250e+03 2.976715e+07 1.510820e+06 
8.779500e+03 3.633577e+07 1.021435e+06 
6.260850e+03 2.519410e+07 2.468467e+06 
6.313700e+03 2.553772e+07 2.298228e+06 
6.852500e+03 2.794111e+07 1.702391e+06 
6.778000e+03 2.753243e+07 1.872630e+06 
7.445800e+03 3.025556e+07 1.447032e+06 
7.628300e+03 3.150468e+07 1.361913e+06 
6.857250e+03 2.767752e+07 1.787511e+06 
6.451300e+03 2.629490e+07 2.042869e+06 

6.738100e+03 2.758871e+07 1.702391e+06 
9.068550e+03 3.621370e+07 1.021435e+06 
7.336450e+03 2.950064e+07 1.404473e+06 
7.306350e+03 2.971674e+07 1.361913e+06 
8.606950e+03 3.401210e+07 1.057574e+06 
6.959500e+03 2.881713e+07 1.586361e+06 
6.660950e+03 2.745729e+07 1.787511e+06 
6.216250e+03 2.491178e+07 2.468467e+06 
8.391650e+03 3.381563e+07 1.106554e+06 
8.423050e+03 3.344455e+07 1.106554e+06 
6.165600e+03 2.517327e+07 2.553587e+06 
7.370150e+03 2.952023e+07 1.276793e+06 
7.963850e+03 3.186621e+07 1.133115e+06 
7.440750e+03 3.018139e+07 1.208656e+06 
7.254600e+03 2.938594e+07 1.447032e+06 
6.169500e+03 2.489420e+07 2.553587e+06 
6.170250e+03 2.488385e+07 2.553587e+06 
6.823150e+03 2.734905e+07 1.787511e+06 
6.171600e+03 2.496612e+07 2.468467e+06 
8.550750e+03 3.411558e+07 1.030698e+06 
7.349100e+03 2.966504e+07 1.284197e+06 
7.339450e+03 2.981611e+07 1.276793e+06 
6.189350e+03 2.503581e+07 2.383347e+06 
7.335700e+03 2.989097e+07 1.319353e+06 
6.824950e+03 2.725621e+07 1.787511e+06 
6.173200e+03 2.485000e+07 2.468467e+06 
6.172200e+03 2.483910e+07 2.553587e+06 
6.240950e+03 2.533019e+07 2.298228e+06 
6.702950e+03 2.767178e+07 1.702391e+06 
6.448200e+03 2.607780e+07 2.042869e+06 
6.311150e+03 2.547493e+07 2.127989e+06 
6.294950e+03 2.534349e+07 2.213108e+06 
6.227050e+03 2.497176e+07 2.383347e+06 
8.531150e+03 3.425198e+07 1.057574e+06 
6.259600e+03 2.522622e+07 2.298228e+06 
9.332050e+03 3.825618e+07 9.820330e+05 
6.567450e+03 2.652638e+07 1.957750e+06 
6.629250e+03 2.722028e+07 1.872630e+06 
7.381550e+03 2.980523e+07 1.234234e+06 
7.352000e+03 2.947405e+07 1.284197e+06 
6.748850e+03 2.774581e+07 1.617271e+06 
6.682400e+03 2.709562e+07 1.872630e+06 
7.322900e+03 2.962619e+07 1.361913e+06 
9.356750e+03 3.769473e+07 9.479465e+05 
7.792500e+03 3.153528e+07 1.149114e+06 
9.519900e+03 3.719912e+07 9.954608e+05 
6.168200e+03 2.499977e+07 2.468467e+06 
6.620450e+03 2.746870e+07 1.872630e+06 
7.252950e+03 2.977235e+07 1.447032e+06 
7.450150e+03 3.016920e+07 1.208656e+06 

