1.603599e+02 3.178882e+07 2.159498e+06 
1.526138e+02 3.958921e+07 3.413363e+06 
1.536577e+02 3.281182e+07 2.208646e+06 
1.650864e+02 3.550280e+07 1.832641e+06 
1.576214e+02 3.212832e+07 2.208646e+06 
1.568013e+02 3.206907e+07 2.208646e+06 
1.640548e+02 3.276526e+07 1.951854e+06 
1.588097e+02 3.402206e+07 2.007860e+06 
1.586866e+02 3.204498e+07 2.159498e+06 
1.615702e+02 3.417713e+07 1.848032e+06 
1.545505e+02 3.266369e+07 2.208646e+06 
1.528690e+02 3.327146e+07 2.409432e+06 
1.526549e+02 3.866100e+07 3.614149e+06 
1.615184e+02 3.437272e+07 1.848032e+06 
1.660351e+02 3.492322e+07 1.832641e+06 
1.530813e+02 3.310432e+07 2.409432e+06 
1.707577e+02 3.245060e+07 1.951854e+06 
1.603248e+02 3.310935e+07 2.007860e+06 
1.549603e+02 3.272648e+07 2.055676e+06 
1.602297e+02 3.424407e+07 1.848032e+06 
1.604231e+02 3.170738e+07 2.159498e+06 
1.589921e+02 3.381103e+07 2.007860e+06 
1.580981e+02 3.206457e+07 2.055676e+06 
1.527434e+02 3.832589e+07 3.212577e+06 
1.536197e+02 3.348350e+07 2.208646e+06 
1.545780e+02 3.253278e+07 2.159498e+06 
1.572293e+02 3.221570e+07 2.055676e+06 
1.533119e+02 3.280842e+07 2.208646e+06 
1.523986e+02 3.877420e+07 3.814935e+06 
1.527910e+02 3.330470e+07 2.409432e+06 
1.718069e+02 3.262669e+07 1.848032e+06 
1.578213e+02 3.212115e+07 2.055676e+06 
1.712179e+02 3.162424e+07 2.159498e+06 
1.579801e+02 3.481547e+07 1.848032e+06 
1.533684e+02 3.288893e+07 2.409432e+06 
1.524952e+02 3.378186e+07 2.409432e+06 
1.586538e+02 3.566415e+07 1.848032e+06 
1.718527e+02 3.536564e+07 1.736186e+06 
1.742188e+02 3.147445e+07 2.159498e+06 
1.594272e+02 3.362825e+07 2.007860e+06 
1.530800e+02 3.313968e+07 2.208646e+06 
1.663068e+02 3.500222e+07 1.744210e+06 
1.701856e+02 3.259243e+07 1.951854e+06 
1.548798e+02 3.230891e+07 2.159498e+06 
1.556106e+02 3.222994e+07 2.159498e+06 
1.796242e+02 3.155313e+07 2.159498e+06 
1.733666e+02 3.251810e+07 1.848032e+06 
1.585378e+02 3.196020e+07 2.159498e+06 
1.729547e+02 3.297555e+07 1.848032e+06 
1.526278e+02 3.359844e+07 2.409432e+06 
1.555661e+02 3.211833e+07 2.159498e+06 
1.532849e+02 3.290315e+07 2.409432e+06 
1.572572e+02 3.508925e+07 2.007860e+06 
1.572719e+02 3.481284e+07 2.007860e+06 
1.529379e+02 3.407062e+07 2.610219e+06 
1.522848e+02 3.901447e+07 3.614149e+06 
1.579014e+02 3.566483e+07 2.007860e+06 
1.591101e+02 3.457514e+07 1.848032e+06 
1.704732e+02 3.149587e+07 2.208646e+06 
1.596224e+02 3.336399e+07 2.007860e+06 
1.571105e+02 3.518034e+07 2.007860e+06 
1.712729e+02 3.150293e+07 2.159498e+06 
1.641220e+02 3.160345e+07 2.055676e+06 
1.681119e+02 3.418425e+07 1.807074e+06 
1.596401e+02 3.199886e+07 2.159498e+06 
1.582684e+02 3.436227e+07 2.007860e+06 
1.725312e+02 3.373403e+07 1.744210e+06 
1.661366e+02 3.431823e+07 1.744210e+06 
1.578640e+02 3.201178e+07 2.055676e+06 
1.585127e+02 3.416437e+07 1.951854e+06 
1.549364e+02 3.523213e+07 2.055676e+06 
1.552459e+02 3.222603e+07 2.055676e+06 
1.659305e+02 3.556245e+07 1.807074e+06 
1.704156e+02 3.390959e+07 1.744210e+06 
1.666313e+02 3.263752e+07 2.007860e+06 
1.621586e+02 3.301374e+07 1.848032e+06 
1.599800e+02 3.165670e+07 2.055676e+06 
1.521974e+02 3.879634e+07 3.614149e+06 
1.600195e+02 3.393060e+07 1.951854e+06 
1.532991e+02 3.324708e+07 2.409432e+06 
1.529134e+02 3.429658e+07 2.610219e+06 
1.586434e+02 3.408282e+07 2.007860e+06 
1.589570e+02 3.406550e+07 2.007860e+06 
1.689738e+02 3.284455e+07 1.848032e+06 
1.705186e+02 3.155692e+07 2.159498e+06 
1.592514e+02 3.374802e+07 2.007860e+06 
1.539160e+02 3.272561e+07 2.208646e+06 
1.655810e+02 3.168851e+07 2.055676e+06 
1.547851e+02 3.216082e+07 2.159498e+06 
1.642377e+02 3.354005e+07 1.848032e+06 
1.737659e+02 3.382735e+07 1.744210e+06 
1.683848e+02 3.164695e+07 2.208646e+06 
1.663476e+02 3.250011e+07 1.951854e+06 
1.529831e+02 3.320755e+07 2.409432e+06 
1.668766e+02 3.158603e+07 2.055676e+06 
1.554402e+02 3.272027e+07 2.055676e+06 
1.530375e+02 3.351410e+07 2.409432e+06 
1.579564e+02 3.511505e+07 1.951854e+06 
1.666205e+02 3.403398e+07 1.744210e+06 
1.549695e+02 3.262685e+07 2.055676e+06 

1.565211e+02 3.441379e+07 2.409432e+06 
1.637345e+02 3.178528e+07 2.076440e+06 
1.580137e+02 3.280770e+07 2.610219e+06 
1.679767e+02 3.370717e+07 1.868796e+06 
1.647884e+02 3.548569e+07 1.807074e+06 
1.601473e+02 3.213114e+07 2.076440e+06 
1.521553e+02 3.546914e+07 3.413363e+06 
1.781208e+02 3.315094e+07 2.007860e+06 
1.787880e+02 3.307949e+07 2.007860e+06 
1.746108e+02 3.134089e+07 2.076440e+06 
1.661055e+02 3.452055e+07 1.764974e+06 
1.635249e+02 3.174762e+07 2.076440e+06 
1.569493e+02 3.301955e+07 2.610219e+06 
1.608893e+02 3.197482e+07 2.076440e+06 
1.657814e+02 3.160539e+07 2.076440e+06 
1.790003e+02 3.290007e+07 1.972618e+06 
1.540096e+02 3.409356e+07 3.011791e+06 
1.615484e+02 3.406264e+07 1.972618e+06 
1.571626e+02 3.319225e+07 2.811005e+06 
1.576716e+02 3.320989e+07 2.076440e+06 
1.581049e+02 3.241500e+07 2.076440e+06 
1.574224e+02 3.292459e+07 2.811005e+06 
1.569764e+02 3.348720e+07 2.208646e+06 
1.656948e+02 3.409235e+07 1.868796e+06 
1.548234e+02 3.382333e+07 2.811005e+06 
1.747029e+02 3.150321e+07 2.076440e+06 
1.547930e+02 3.371229e+07 3.011791e+06 
1.657202e+02 3.485884e+07 1.764974e+06 
1.552279e+02 3.381652e+07 3.011791e+06 
1.694422e+02 3.337206e+07 1.972618e+06 
1.703663e+02 3.315125e+07 1.972618e+06 
1.566219e+02 3.327388e+07 2.409432e+06 
1.518212e+02 3.564178e+07 3.614149e+06 
1.568234e+02 3.348337e+07 2.208646e+06 
1.655952e+02 3.425960e+07 1.868796e+06 
1.580604e+02 3.288018e+07 2.076440e+06 
1.598013e+02 3.192007e+07 2.076440e+06 
1.649301e+02 3.436592e+07 1.868796e+06 
1.826823e+02 3.287758e+07 1.972618e+06 
1.521009e+02 3.422312e+07 3.011791e+06 
1.638862e+02 3.498720e+07 1.807074e+06 
1.514936e+02 3.565977e+07 3.614149e+06 
1.576528e+02 3.334833e+07 2.076440e+06 
1.539682e+02 3.397316e+07 3.011791e+06 
1.619177e+02 3.414168e+07 1.972618e+06 
1.524964e+02 3.444070e+07 3.413363e+06 
1.615069e+02 3.475641e+07 1.972618e+06 
1.595724e+02 3.234518e+07 2.076440e+06 
1.639862e+02 3.448842e+07 1.807074e+06 
1.596929e+02 3.208903e+07 2.076440e+06 
1.824233e+02 3.131074e+07 2.076440e+06 
1.668792e+02 3.360619e+07 2.007860e+06 
1.566472e+02 3.333494e+07 2.409432e+06 
1.512333e+02 3.662886e+07 3.814935e+06 
1.538504e+02 3.405127e+07 3.212577e+06 
1.540515e+02 3.375954e+07 3.011791e+06 
1.626564e+02 3.186979e+07 2.076440e+06 
1.535792e+02 3.413270e+07 3.011791e+06 
1.571978e+02 3.350918e+07 2.076440e+06 
1.638009e+02 3.497152e+07 1.868796e+06 
1.577181e+02 3.305533e+07 2.208646e+06 
1.674054e+02 3.348276e+07 1.972618e+06 
1.835891e+02 3.303302e+07 1.972618e+06 
1.548861e+02 3.373054e+07 2.811005e+06 
1.554725e+02 3.336542e+07 2.610219e+06 
1.554757e+02 3.350116e+07 2.811005e+06 
1.596769e+02 3.223238e+07 2.076440e+06 
1.635272e+02 3.156238e+07 2.076440e+06 
1.518603e+02 3.567011e+07 3.614149e+06 
1.607530e+02 3.390802e+07 2.007860e+06 
1.542394e+02 3.388043e+07 2.811005e+06 
1.681714e+02 3.159249e+07 2.076440e+06 
1.536078e+02 3.426278e+07 2.811005e+06 
1.794412e+02 3.123327e+07 2.076440e+06 
1.577786e+02 3.309383e+07 2.076440e+06 
1.627177e+02 3.365028e+07 1.972618e+06 
1.520845e+02 3.440064e+07 3.212577e+06 
1.556063e+02 3.372120e+07 2.610219e+06 
1.663712e+02 3.408991e+07 1.868796e+06 
1.576233e+02 3.299315e+07 2.811005e+06 
1.573567e+02 3.323331e+07 2.208646e+06 
1.658690e+02 3.560716e+07 1.764974e+06 
1.547501e+02 3.461993e+07 2.811005e+06 
1.672154e+02 3.453717e+07 1.807074e+06 
1.759062e+02 3.133430e+07 2.076440e+06 
1.698522e+02 3.327470e+07 1.972618e+06 
1.531939e+02 3.437349e+07 3.212577e+06 
1.575911e+02 3.345178e+07 2.076440e+06 
1.562324e+02 3.318213e+07 2.811005e+06 
1.570637e+02 3.323621e+07 2.208646e+06 
1.564433e+02 3.333659e+07 2.610219e+06 
1.590123e+02 3.225224e+07 2.076440e+06 
1.566227e+02 3.407492e+07 2.208646e+06 
1.526032e+02 3.487978e+07 3.011791e+06 
1.538165e+02 3.407935e+07 3.011791e+06 
1.647391e+02 3.429612e+07 1.807074e+06 
1.581429e+02 3.259403e+07 2.076440e+06 
1.747110e+02 3.340060e+07 1.972618e+06 
1.585539e+02 3.252139e+07 2.076440e+06 
1.698991e+02 3.456350e+07 1.764974e+06 

1.603278e+02 3.540158e+07 1.764974e+06 
1.550450e+02 3.318798e+07 1.972618e+06 
1.690887e+02 3.134029e+07 2.076440e+06 
1.551052e+02 3.479550e+07 2.208646e+06 
1.685036e+02 3.927764e+07 1.639732e+06 
1.769027e+02 3.335478e+07 1.807074e+06 
1.711554e+02 3.361197e+07 1.807074e+06 
1.747316e+02 3.237695e+07 1.868796e+06 
1.739454e+02 3.108286e+07 2.076440e+06 
1.710777e+02 3.117304e+07 1.972618e+06 
1.661183e+02 3.256972e+07 1.868796e+06 
1.760107e+02 3.092132e+07 1.972618e+06 
1.603419e+02 3.575192e+07 1.807074e+06 
1.714794e+02 3.758393e+07 1.639732e+06 
1.615823e+02 3.401344e+07 1.764974e+06 
1.691414e+02 3.374345e+07 1.807074e+06 
1.705534e+02 3.372115e+07 1.807074e+06 
1.586491e+02 3.373052e+07 1.868796e+06 
1.596126e+02 3.312544e+07 2.208646e+06 
1.781878e+02 3.091508e+07 1.972618e+06 
1.682884e+02 3.136626e+07 2.076440e+06 
1.604550e+02 3.237980e+07 2.007860e+06 
1.589712e+02 3.438960e+07 1.832641e+06 
1.707569e+02 3.819273e+07 1.639732e+06 
1.547323e+02 3.447617e+07 2.208646e+06 
1.729949e+02 3.221378e+07 1.868796e+06 
1.670932e+02 3.701116e+07 1.661152e+06 
1.545981e+02 3.427661e+07 2.409432e+06 
1.702268e+02 3.776655e+07 1.661152e+06 
1.583851e+02 3.458644e+07 1.832641e+06 
1.676367e+02 3.140645e+07 2.076440e+06 
1.603235e+02 3.419320e+07 1.832641e+06 
1.554198e+02 3.383128e+07 1.929096e+06 
1.578451e+02 3.514657e+07 1.832641e+06 
1.670040e+02 3.421423e+07 1.764974e+06 
1.806021e+02 3.339259e+07 1.807074e+06 
1.737587e+02 3.062976e+07 2.076440e+06 
1.553582e+02 3.355411e+07 2.076440e+06 
1.644615e+02 3.152069e+07 2.076440e+06 
1.669304e+02 3.890545e+07 1.661152e+06 
1.701305e+02 3.124390e+07 2.076440e+06 
1.631311e+02 3.189859e+07 1.972618e+06 
1.768389e+02 3.082073e+07 2.076440e+06 
1.729700e+02 3.226727e+07 1.868796e+06 
1.748999e+02 3.785710e+07 1.639732e+06 
1.737566e+02 3.205409e+07 1.868796e+06 
1.547376e+02 3.446332e+07 2.409432e+06 
1.662934e+02 3.814202e+07 1.736186e+06 
1.713060e+02 3.111635e+07 2.076440e+06 
1.602900e+02 3.494459e+07 1.807074e+06 
1.611316e+02 3.488683e+07 1.764974e+06 
1.761409e+02 3.739363e+07 1.639732e+06 
1.742869e+02 3.092227e+07 2.076440e+06 
1.576125e+02 3.379940e+07 1.868796e+06 
1.711641e+02 3.687274e+07 1.736186e+06 
1.566502e+02 3.307875e+07 1.972618e+06 
1.748143e+02 3.378406e+07 1.807074e+06 
1.683151e+02 3.688668e+07 1.736186e+06 
1.579616e+02 3.561692e+07 1.832641e+06 
1.756538e+02 3.347112e+07 1.807074e+06 
1.730689e+02 3.104076e+07 2.076440e+06 
1.816189e+02 3.158356e+07 1.868796e+06 
1.604575e+02 3.445489e+07 1.807074e+06 
1.735341e+02 3.657728e+07 1.736186e+06 
1.587623e+02 3.338465e+07 1.868796e+06 
1.623219e+02 3.226379e+07 1.972618e+06 
1.581011e+02 3.497893e+07 1.807074e+06 
1.705257e+02 3.701342e+07 1.661152e+06 
1.805460e+02 3.102712e+07 1.972618e+06 
1.603759e+02 3.235732e+07 2.007860e+06 
1.640640e+02 3.178815e+07 2.007860e+06 
1.548410e+02 3.428293e+07 2.208646e+06 
1.618376e+02 3.182647e+07 2.007860e+06 
1.548935e+02 3.413177e+07 2.007860e+06 
1.827592e+02 3.212364e+07 1.868796e+06 
1.620312e+02 3.253678e+07 1.972618e+06 
1.626681e+02 3.269820e+07 1.868796e+06 
1.729111e+02 3.126640e+07 2.076440e+06 
1.694467e+02 3.901369e+07 1.639732e+06 
1.707922e+02 3.237272e+07 1.868796e+06 
1.773404e+02 3.324056e+07 1.807074e+06 
1.666223e+02 3.396550e+07 1.764974e+06 
1.592247e+02 3.269262e+07 2.208646e+06 
1.554607e+02 3.322061e+07 1.972618e+06 
1.620007e+02 3.194279e+07 2.007860e+06 
1.669876e+02 3.723161e+07 1.661152e+06 
1.642847e+02 3.138895e+07 1.972618e+06 
1.621091e+02 3.236815e+07 1.972618e+06 
1.697555e+02 3.841551e+07 1.639732e+06 
1.686807e+02 3.137865e+07 1.972618e+06 
1.608598e+02 3.427495e+07 1.764974e+06 
1.564794e+02 3.382242e+07 1.868796e+06 
1.623723e+02 3.182915e+07 1.972618e+06 
1.704522e+02 3.239775e+07 1.868796e+06 
1.581569e+02 3.365052e+07 1.868796e+06 
1.794849e+02 3.202682e+07 1.868796e+06 
1.606585e+02 3.218410e+07 2.007860e+06 
1.623585e+02 3.306030e+07 1.868796e+06 
1.707379e+02 3.783944e+07 1.606288e+06 
1.572205e+02 3.293634e+07 2.007860e+06 

1.665392e+02 3.519714e+07 1.606288e+06 
1.516130e+02 3.495086e+07 3.413363e+06 
1.575070e+02 3.233315e+07 1.764974e+06 
1.518081e+02 3.366213e+07 2.409432e+06 
1.516636e+02 3.507476e+07 3.212577e+06 
1.568348e+02 3.198566e+07 1.832641e+06 
1.511745e+02 3.442903e+07 3.212577e+06 
1.663864e+02 3.477444e+07 1.606288e+06 
1.574882e+02 3.416214e+07 1.736186e+06 
1.554457e+02 3.194779e+07 1.972618e+06 
1.583713e+02 3.162242e+07 1.868796e+06 
1.535227e+02 3.348115e+07 2.208646e+06 
1.574760e+02 3.170995e+07 1.972618e+06 
1.593368e+02 3.355829e+07 1.661152e+06 
1.543282e+02 3.354607e+07 2.007860e+06 
1.559158e+02 3.253055e+07 1.764974e+06 
1.557360e+02 3.308997e+07 1.807074e+06 
1.582085e+02 3.338098e+07 1.736186e+06 
1.553439e+02 3.298734e+07 1.868796e+06 
1.538245e+02 3.350857e+07 2.208646e+06 
1.538179e+02 3.345440e+07 2.007860e+06 
1.634375e+02 3.160650e+07 1.832641e+06 
1.553393e+02 3.245470e+07 2.007860e+06 
1.507847e+02 3.480739e+07 3.413363e+06 
1.599488e+02 3.312562e+07 1.736186e+06 
1.584925e+02 3.199284e+07 1.764974e+06 
1.611428e+02 3.305155e+07 1.661152e+06 
1.700758e+02 3.395983e+07 1.639732e+06 
1.672725e+02 3.404304e+07 1.639732e+06 
1.724884e+02 3.407831e+07 1.606288e+06 
1.589793e+02 3.178204e+07 1.868796e+06 
1.625774e+02 3.449282e+07 1.639732e+06 
1.560034e+02 3.228297e+07 1.868796e+06 
1.556876e+02 3.229112e+07 1.868796e+06 
1.555401e+02 3.291037e+07 1.832641e+06 
1.613596e+02 3.198763e+07 1.764974e+06 
1.551485e+02 3.295330e+07 1.972618e+06 
1.564465e+02 3.235490e+07 1.832641e+06 
1.532069e+02 3.371280e+07 2.811005e+06 
1.575692e+02 3.432563e+07 1.736186e+06 
1.587483e+02 3.332045e+07 1.736186e+06 
1.578387e+02 3.181019e+07 1.972618e+06 
1.559903e+02 3.362103e+07 1.807074e+06 
1.558547e+02 3.286568e+07 1.764974e+06 
1.581018e+02 3.215369e+07 1.764974e+06 
1.541171e+02 3.346824e+07 2.409432e+06 
1.630255e+02 3.170910e+07 1.832641e+06 
1.542630e+02 3.325485e+07 2.409432e+06 
1.523064e+02 3.394974e+07 2.610219e+06 
1.649202e+02 3.302888e+07 1.661152e+06 
1.628413e+02 3.162924e+07 1.868796e+06 
1.565838e+02 3.192298e+07 1.832641e+06 
1.618182e+02 3.417052e+07 1.639732e+06 
1.520848e+02 3.426197e+07 3.011791e+06 
1.565669e+02 3.319688e+07 1.764974e+06 
1.537197e+02 3.361416e+07 2.208646e+06 
1.676383e+02 3.431571e+07 1.606288e+06 
1.598667e+02 3.331770e+07 1.661152e+06 
1.545156e+02 3.246318e+07 2.007860e+06 
1.554001e+02 3.268124e+07 1.832641e+06 
1.541426e+02 3.330229e+07 2.208646e+06 
1.546323e+02 3.250769e+07 2.007860e+06 
1.541555e+02 3.341445e+07 2.007860e+06 
1.622915e+02 3.194590e+07 1.764974e+06 
1.692886e+02 3.418476e+07 1.606288e+06 
1.584389e+02 3.172506e+07 1.832641e+06 
1.541676e+02 3.314856e+07 2.208646e+06 
1.545121e+02 3.304145e+07 2.007860e+06 
1.581436e+02 3.363205e+07 1.736186e+06 
1.553329e+02 3.247730e+07 1.972618e+06 
1.577575e+02 3.411378e+07 1.736186e+06 
1.698824e+02 3.412109e+07 1.606288e+06 
1.573209e+02 3.245080e+07 1.764974e+06 
1.579727e+02 3.176055e+07 1.868796e+06 
1.595477e+02 3.166969e+07 1.868796e+06 
1.564646e+02 3.209107e+07 1.832641e+06 
1.643459e+02 3.169022e+07 1.832641e+06 
1.577148e+02 3.188006e+07 1.832641e+06 
1.693778e+02 3.146692e+07 1.972618e+06 
1.626946e+02 3.161683e+07 1.868796e+06 
1.558515e+02 3.233929e+07 1.868796e+06 
1.528779e+02 3.438380e+07 2.208646e+06 
1.704385e+02 3.392112e+07 1.606288e+06 
1.688990e+02 3.392269e+07 1.639732e+06 
1.554674e+02 3.246254e+07 2.007860e+06 
1.571964e+02 3.185231e+07 1.832641e+06 
1.554256e+02 3.235878e+07 1.972618e+06 
1.556760e+02 3.237578e+07 1.832641e+06 
1.525226e+02 3.442539e+07 2.409432e+06 
1.528485e+02 3.352390e+07 2.409432e+06 
1.585141e+02 3.201787e+07 1.764974e+06 
1.666262e+02 3.414499e+07 1.639732e+06 
1.559552e+02 3.202824e+07 1.972618e+06 
1.595210e+02 3.349897e+07 1.661152e+06 
1.592105e+02 3.351108e+07 1.661152e+06 
1.589878e+02 3.394366e+07 1.661152e+06 
1.580322e+02 3.405354e+07 1.736186e+06 
1.567978e+02 3.191292e+07 1.832641e+06 
1.551928e+02 3.264422e+07 1.868796e+06 
1.620771e+02 3.301578e+07 1.661152e+06 

1.585389e+02 3.186463e+07 1.972618e+06 
1.622004e+02 3.329072e+07 1.832641e+06 
1.624983e+02 3.132047e+07 1.972618e+06 
1.609923e+02 3.227422e+07 1.868796e+06 
1.828733e+02 3.713513e+07 1.661152e+06 
1.636490e+02 3.342362e+07 1.807074e+06 
1.638183e+02 3.334441e+07 1.807074e+06 
1.627224e+02 3.343062e+07 1.807074e+06 
1.740388e+02 3.059719e+07 2.076440e+06 
1.585479e+02 3.185659e+07 1.972618e+06 
1.657320e+02 3.329250e+07 1.807074e+06 
1.594994e+02 3.184558e+07 1.972618e+06 
1.566820e+02 3.199679e+07 2.076440e+06 
1.582500e+02 3.395805e+07 1.868796e+06 
1.627685e+02 3.317697e+07 1.832641e+06 
1.732086e+02 3.445866e+07 1.736186e+06 
1.555482e+02 3.217492e+07 2.076440e+06 
1.607161e+02 3.122681e+07 2.076440e+06 
1.734793e+02 3.957570e+07 1.639732e+06 
1.650014e+02 3.194476e+07 1.868796e+06 
1.672196e+02 3.323691e+07 1.764974e+06 
1.580537e+02 3.158650e+07 2.076440e+06 
1.750797e+02 3.910407e+07 1.639732e+06 
1.698147e+02 3.188097e+07 1.868796e+06 
1.678298e+02 3.270302e+07 1.764974e+06 
1.806388e+02 3.729987e+07 1.639732e+06 
1.669128e+02 3.292315e+07 1.807074e+06 
1.638163e+02 3.339119e+07 1.807074e+06 
1.663295e+02 3.303472e+07 1.832641e+06 
1.778722e+02 3.245239e+07 1.807074e+06 
1.666574e+02 3.314394e+07 1.807074e+06 
1.609270e+02 3.157023e+07 1.972618e+06 
1.531157e+02 3.437727e+07 2.610219e+06 
1.593987e+02 3.184097e+07 2.007860e+06 
1.587119e+02 3.362167e+07 1.868796e+06 
1.602329e+02 3.340584e+07 1.868796e+06 
1.556006e+02 3.213941e+07 1.972618e+06 
1.861637e+02 3.763728e+07 1.639732e+06 
1.673540e+02 3.320391e+07 1.764974e+06 
1.553855e+02 3.263712e+07 2.208646e+06 
1.632155e+02 3.307924e+07 1.832641e+06 
1.538776e+02 3.397312e+07 2.409432e+06 
1.547008e+02 3.269492e+07 2.007860e+06 
1.520881e+02 3.503635e+07 2.811005e+06 
1.789858e+02 3.833231e+07 1.639732e+06 
1.602436e+02 3.173738e+07 1.972618e+06 
1.750246e+02 3.954284e+07 1.639732e+06 
1.650701e+02 3.371665e+07 1.764974e+06 
1.708508e+02 3.864310e+07 1.736186e+06 
1.546254e+02 3.295454e+07 2.007860e+06 
1.768558e+02 3.246826e+07 1.764974e+06 
1.626700e+02 3.365898e+07 1.807074e+06 
1.627014e+02 3.105485e+07 2.076440e+06 
1.652319e+02 3.124263e+07 1.972618e+06 
1.597554e+02 3.180996e+07 1.972618e+06 
1.610374e+02 3.347212e+07 1.832641e+06 
1.756142e+02 3.257316e+07 1.764974e+06 
1.606093e+02 3.163010e+07 1.972618e+06 
1.679724e+02 3.112001e+07 1.972618e+06 
1.557763e+02 3.210255e+07 1.972618e+06 
1.622840e+02 3.222026e+07 1.868796e+06 
1.697275e+02 3.100587e+07 1.972618e+06 
1.539780e+02 3.367792e+07 2.409432e+06 
1.736426e+02 3.435779e+07 1.736186e+06 
1.740237e+02 3.180966e+07 1.868796e+06 
1.651181e+02 3.335201e+07 1.764974e+06 
1.595861e+02 3.155479e+07 2.076440e+06 
1.701123e+02 3.098444e+07 2.076440e+06 
1.582824e+02 3.204658e+07 1.972618e+06 
1.655783e+02 3.334028e+07 1.807074e+06 
1.716292e+02 3.058966e+07 2.076440e+06 
1.796888e+02 3.772724e+07 1.639732e+06 
1.611700e+02 3.151898e+07 1.972618e+06 
1.537526e+02 3.426388e+07 2.409432e+06 
1.812939e+02 3.713823e+07 1.661152e+06 
1.601045e+02 3.177177e+07 1.972618e+06 
1.634203e+02 3.204960e+07 1.868796e+06 
1.770636e+02 3.742727e+07 1.661152e+06 
1.605561e+02 3.246665e+07 1.868796e+06 
1.686140e+02 3.102413e+07 2.076440e+06 
1.614993e+02 3.450073e+07 1.807074e+06 
1.731064e+02 3.782967e+07 1.661152e+06 
1.528181e+02 3.497541e+07 2.811005e+06 
1.545210e+02 3.345167e+07 2.610219e+06 
1.727665e+02 3.043447e+07 2.076440e+06 
1.544070e+02 3.362587e+07 2.208646e+06 
1.536320e+02 3.397533e+07 2.610219e+06 
1.710029e+02 3.070687e+07 2.076440e+06 
1.754955e+02 3.248894e+07 1.807074e+06 
1.545948e+02 3.354412e+07 2.409432e+06 
1.716980e+02 3.822688e+07 1.736186e+06 
1.599053e+02 3.178819e+07 1.972618e+06 
1.715153e+02 3.264837e+07 1.764974e+06 
1.619663e+02 3.331195e+07 1.832641e+06 
1.704243e+02 3.081990e+07 2.076440e+06 
1.752417e+02 3.774746e+07 1.661152e+06 
1.530118e+02 3.444661e+07 2.610219e+06 
1.731734e+02 3.448473e+07 1.736186e+06 
1.533437e+02 3.428050e+07 3.011791e+06 
1.554795e+02 3.263659e+07 2.007860e+06 

1.596396e+02 3.302421e+07 2.007860e+06 
1.639003e+02 3.350706e+07 1.868796e+06 
1.619761e+02 3.279221e+07 1.972618e+06 
1.710718e+02 3.519677e+07 1.764974e+06 
1.624601e+02 3.235835e+07 2.076440e+06 
1.738506e+02 3.483290e+07 1.832641e+06 
1.585456e+02 3.317284e+07 2.076440e+06 
1.744848e+02 3.274607e+07 1.868796e+06 
1.557290e+02 3.729899e+07 3.212577e+06 
1.669723e+02 3.586934e+07 1.764974e+06 
1.551752e+02 3.702693e+07 3.413363e+06 
1.597566e+02 3.292897e+07 1.972618e+06 
1.564412e+02 3.436553e+07 2.811005e+06 
1.803577e+02 3.199874e+07 1.972618e+06 
1.887589e+02 3.678540e+07 1.736186e+06 
1.926318e+02 3.711295e+07 1.736186e+06 
1.711297e+02 3.486896e+07 1.832641e+06 
1.785975e+02 3.288572e+07 1.868796e+06 
1.680852e+02 3.559926e+07 1.807074e+06 
1.572535e+02 3.407681e+07 2.610219e+06 
1.710487e+02 3.218947e+07 2.076440e+06 
1.581983e+02 3.422820e+07 2.208646e+06 
1.622066e+02 3.374757e+07 1.868796e+06 
1.798972e+02 3.191974e+07 2.076440e+06 
1.805238e+02 3.775970e+07 1.736186e+06 
1.732144e+02 3.504290e+07 1.807074e+06 
1.783170e+02 3.191326e+07 1.972618e+06 
1.747848e+02 3.210592e+07 2.076440e+06 
1.707860e+02 3.222230e+07 1.972618e+06 
1.551820e+02 3.721293e+07 3.413363e+06 
1.698670e+02 3.506730e+07 1.764974e+06 
1.677350e+02 3.578566e+07 1.764974e+06 
1.757074e+02 3.196690e+07 2.076440e+06 
1.629110e+02 3.255412e+07 1.972618e+06 
1.662971e+02 3.232909e+07 2.076440e+06 
1.597925e+02 3.286273e+07 2.076440e+06 
1.731998e+02 3.488076e+07 1.832641e+06 
1.650839e+02 3.335323e+07 1.868796e+06 
1.590733e+02 3.329214e+07 2.055676e+06 
1.652079e+02 3.604672e+07 1.832641e+06 
1.565256e+02 3.470442e+07 2.811005e+06 
1.564089e+02 3.654911e+07 3.413363e+06 
1.687582e+02 3.488767e+07 1.832641e+06 
1.717379e+02 3.504020e+07 1.764974e+06 
1.744987e+02 3.211024e+07 2.076440e+06 
1.727441e+02 3.215883e+07 1.972618e+06 
1.710929e+02 3.488457e+07 1.832641e+06 
1.549229e+02 3.760158e+07 3.413363e+06 
1.568967e+02 3.441366e+07 2.610219e+06 
1.689094e+02 3.226326e+07 1.972618e+06 
1.657710e+02 3.669425e+07 1.807074e+06 
1.633650e+02 3.365081e+07 1.868796e+06 
1.663239e+02 3.591973e+07 1.807074e+06 
1.578571e+02 3.408770e+07 2.409432e+06 
1.656239e+02 3.233922e+07 2.076440e+06 
1.665379e+02 3.324877e+07 1.868796e+06 
1.634273e+02 3.360706e+07 1.868796e+06 
1.663259e+02 3.253387e+07 1.972618e+06 
1.583308e+02 3.372313e+07 2.409432e+06 
1.875793e+02 3.720891e+07 1.736186e+06 
1.604585e+02 3.262743e+07 2.076440e+06 
1.670537e+02 3.576721e+07 1.832641e+06 
1.598375e+02 3.289444e+07 1.972618e+06 
1.612828e+02 3.419842e+07 1.868796e+06 
1.594095e+02 3.347869e+07 2.007860e+06 
1.785666e+02 3.189790e+07 2.076440e+06 
1.594684e+02 3.330155e+07 2.007860e+06 
1.584370e+02 3.326177e+07 2.208646e+06 
1.688563e+02 3.225726e+07 2.076440e+06 
1.629510e+02 3.256623e+07 2.076440e+06 
1.664362e+02 3.591527e+07 1.807074e+06 
1.694196e+02 3.227679e+07 2.076440e+06 
1.585612e+02 3.345464e+07 2.208646e+06 
1.754625e+02 3.202230e+07 2.076440e+06 
1.561381e+02 3.676930e+07 3.413363e+06 
1.575909e+02 3.417550e+07 2.409432e+06 
1.608329e+02 3.414261e+07 1.868796e+06 
1.694286e+02 3.224562e+07 2.076440e+06 
1.559793e+02 3.708750e+07 3.212577e+06 
1.784928e+02 3.190736e+07 1.972618e+06 
1.582188e+02 3.379901e+07 2.409432e+06 
1.572910e+02 3.406440e+07 2.811005e+06 
1.617670e+02 3.386074e+07 1.868796e+06 
1.684097e+02 3.250819e+07 1.972618e+06 
1.578720e+02 3.406555e+07 2.409432e+06 
1.719173e+02 3.213856e+07 2.076440e+06 
1.687218e+02 3.540002e+07 1.807074e+06 
1.802333e+02 3.822290e+07 1.736186e+06 
1.686624e+02 3.298524e+07 1.868796e+06 
1.801223e+02 3.851257e+07 1.736186e+06 
1.616209e+02 3.279939e+07 1.972618e+06 
1.594680e+02 3.336337e+07 2.007860e+06 
1.684721e+02 3.531061e+07 1.832641e+06 
1.557975e+02 3.722435e+07 3.212577e+06 
1.579650e+02 3.387784e+07 2.409432e+06 
1.768827e+02 3.191547e+07 2.076440e+06 
1.756228e+02 3.199434e+07 1.972618e+06 
1.605038e+02 3.287151e+07 2.007860e+06 
1.679682e+02 3.565505e+07 1.764974e+06 
1.595836e+02 3.328412e+07 1.972618e+06 

1.656088e+02 3.577292e+07 1.661152e+06 
1.666588e+02 3.573280e+07 1.661152e+06 
1.596181e+02 3.198952e+07 1.972618e+06 
1.636092e+02 3.615961e+07 1.639732e+06 
1.539320e+02 3.306518e+07 2.076440e+06 
1.538593e+02 3.338269e+07 2.007860e+06 
1.594037e+02 3.408799e+07 1.807074e+06 
1.642806e+02 3.586136e+07 1.736186e+06 
1.598222e+02 3.400114e+07 1.764974e+06 
1.621160e+02 3.204410e+07 1.972618e+06 
1.650722e+02 3.577252e+07 1.736186e+06 
1.576811e+02 3.361046e+07 1.868796e+06 
1.610005e+02 3.639308e+07 1.661152e+06 
1.682689e+02 3.560883e+07 1.661152e+06 
1.600379e+02 3.214875e+07 1.972618e+06 
1.680508e+02 3.243632e+07 1.972618e+06 
1.516944e+02 3.418191e+07 3.011791e+06 
1.539271e+02 3.334563e+07 2.007860e+06 
1.618908e+02 3.602965e+07 1.661152e+06 
1.575118e+02 3.390902e+07 1.868796e+06 
1.526971e+02 3.448142e+07 2.409432e+06 
1.555536e+02 3.289364e+07 1.972618e+06 
1.654668e+02 3.395748e+07 1.764974e+06 
1.545925e+02 3.265678e+07 2.076440e+06 
1.655694e+02 4.051753e+07 1.606288e+06 
1.524327e+02 3.416771e+07 2.409432e+06 
1.512906e+02 3.611066e+07 3.413363e+06 
1.617288e+02 3.680484e+07 1.661152e+06 
1.580364e+02 3.272120e+07 1.868796e+06 
1.675500e+02 3.556597e+07 1.661152e+06 
1.552086e+02 3.444129e+07 1.972618e+06 
1.519944e+02 3.420571e+07 2.811005e+06 
1.598913e+02 3.477705e+07 1.764974e+06 
1.573021e+02 3.266251e+07 1.972618e+06 
1.661388e+02 3.630524e+07 1.639732e+06 
1.645916e+02 3.997694e+07 1.606288e+06 
1.536618e+02 3.384589e+07 2.007860e+06 
1.572425e+02 3.383074e+07 1.868796e+06 
1.516476e+02 3.459730e+07 3.011791e+06 
1.584429e+02 3.463815e+07 1.807074e+06 
1.531485e+02 3.406456e+07 2.208646e+06 
1.667139e+02 3.381090e+07 1.764974e+06 
1.594489e+02 3.226630e+07 1.972618e+06 
1.528587e+02 3.387581e+07 2.409432e+06 
1.522628e+02 3.453164e+07 2.610219e+06 
1.530806e+02 3.345589e+07 2.076440e+06 
1.532767e+02 3.382541e+07 2.007860e+06 
1.552790e+02 3.359690e+07 1.972618e+06 
1.673520e+02 3.568354e+07 1.736186e+06 
1.528681e+02 3.370468e+07 2.076440e+06 
1.516860e+02 3.569344e+07 3.413363e+06 
1.580808e+02 3.231448e+07 1.972618e+06 
1.582343e+02 3.434845e+07 1.807074e+06 
1.570354e+02 3.227882e+07 1.972618e+06 
1.669281e+02 3.370868e+07 1.764974e+06 
1.515838e+02 3.611015e+07 3.413363e+06 
1.525888e+02 3.448883e+07 2.610219e+06 
1.540225e+02 3.309379e+07 2.076440e+06 
1.544854e+02 3.259899e+07 2.076440e+06 
1.625609e+02 4.030460e+07 1.606288e+06 
1.597424e+02 3.433584e+07 1.764974e+06 
1.721529e+02 3.381516e+07 1.764974e+06 
1.617993e+02 3.400386e+07 1.764974e+06 
1.527929e+02 3.353695e+07 2.208646e+06 
1.658211e+02 3.180922e+07 1.972618e+06 
1.553314e+02 3.277673e+07 2.007860e+06 
1.543862e+02 3.295339e+07 2.007860e+06 
1.716718e+02 3.827831e+07 1.606288e+06 
1.513240e+02 3.503227e+07 3.212577e+06 
1.634787e+02 3.199817e+07 1.972618e+06 
1.536130e+02 3.310749e+07 2.208646e+06 
1.521713e+02 3.426718e+07 2.811005e+06 
1.562860e+02 3.273736e+07 1.972618e+06 
1.518717e+02 3.501230e+07 3.011791e+06 
1.557877e+02 3.247514e+07 2.076440e+06 
1.638825e+02 3.931008e+07 1.639732e+06 
1.509395e+02 3.594439e+07 3.614149e+06 
1.545341e+02 3.368913e+07 1.972618e+06 
1.676386e+02 3.191430e+07 1.972618e+06 
1.632317e+02 3.606363e+07 1.661152e+06 
1.734772e+02 3.548410e+07 1.661152e+06 
1.658667e+02 3.575210e+07 1.661152e+06 
1.674561e+02 3.570884e+07 1.661152e+06 
1.514934e+02 3.596059e+07 3.614149e+06 
1.598719e+02 3.192246e+07 1.972618e+06 
1.628715e+02 3.594000e+07 1.661152e+06 
1.644318e+02 3.586084e+07 1.661152e+06 
1.533021e+02 3.344764e+07 2.076440e+06 
1.531548e+02 3.313154e+07 2.076440e+06 
1.656564e+02 3.733596e+07 1.606288e+06 
1.586680e+02 3.218146e+07 1.972618e+06 
1.680955e+02 3.541146e+07 1.661152e+06 
1.553611e+02 3.259659e+07 2.076440e+06 
1.533054e+02 3.329886e+07 2.208646e+06 
1.600056e+02 3.285132e+07 1.868796e+06 
1.543798e+02 3.287113e+07 2.076440e+06 
1.631209e+02 3.276663e+07 1.868796e+06 
1.571401e+02 3.244064e+07 2.076440e+06 
1.542224e+02 3.285473e+07 2.208646e+06 
1.683217e+02 3.185342e+07 1.972618e+06 

1.682771e+02 3.248514e+07 1.832641e+06 
1.900826e+02 3.491769e+07 1.661152e+06 
1.851402e+02 3.202921e+07 1.764974e+06 
1.642449e+02 3.315911e+07 1.832641e+06 
1.636888e+02 3.455931e+07 1.807074e+06 
1.639780e+02 3.221834e+07 1.972618e+06 
1.674534e+02 3.242121e+07 1.868796e+06 
1.706219e+02 3.299187e+07 1.764974e+06 
1.787273e+02 3.535241e+07 1.661152e+06 
1.585251e+02 3.432507e+07 2.610219e+06 
1.681773e+02 3.534558e+07 1.736186e+06 
1.652906e+02 3.262423e+07 1.868796e+06 
1.648172e+02 3.414777e+07 1.764974e+06 
1.688147e+02 3.220402e+07 1.868796e+06 
1.611966e+02 3.377630e+07 2.007860e+06 
1.693174e+02 3.210135e+07 1.972618e+06 
1.627523e+02 3.314107e+07 1.972618e+06 
1.660013e+02 3.261228e+07 1.868796e+06 
1.898644e+02 3.466240e+07 1.661152e+06 
1.644063e+02 3.292112e+07 1.832641e+06 
1.719887e+02 3.202273e+07 1.764974e+06 
1.670208e+02 3.246120e+07 1.868796e+06 
1.620515e+02 3.355866e+07 1.868796e+06 
1.661893e+02 3.315332e+07 1.764974e+06 
1.660141e+02 3.254447e+07 1.868796e+06 
1.625297e+02 3.324948e+07 1.972618e+06 
1.684896e+02 3.250131e+07 1.764974e+06 
1.589409e+02 3.554655e+07 2.409432e+06 
1.706016e+02 3.170479e+07 1.972618e+06 
1.659444e+02 3.340691e+07 1.764974e+06 
1.631118e+02 3.277743e+07 1.972618e+06 
1.636845e+02 3.456748e+07 1.764974e+06 
1.676467e+02 3.212925e+07 1.972618e+06 
1.605685e+02 3.469525e+07 2.007860e+06 
1.621633e+02 3.326431e+07 1.868796e+06 
1.715185e+02 3.229666e+07 1.764974e+06 
1.627876e+02 3.362889e+07 1.832641e+06 
1.575458e+02 3.546332e+07 2.610219e+06 
1.616292e+02 3.485942e+07 1.832641e+06 
1.646228e+02 3.282157e+07 1.868796e+06 
1.891114e+02 3.489954e+07 1.661152e+06 
1.641998e+02 3.319047e+07 1.832641e+06 
1.688205e+02 3.232789e+07 1.764974e+06 
1.706396e+02 3.212827e+07 1.868796e+06 
1.638105e+02 3.320928e+07 1.832641e+06 
1.682758e+02 3.224326e+07 1.868796e+06 
1.755011e+02 3.484635e+07 1.736186e+06 
1.636674e+02 3.304140e+07 1.868796e+06 
1.592339e+02 4.202863e+07 2.208646e+06 
1.647327e+02 3.425945e+07 1.764974e+06 
1.634337e+02 3.270810e+07 1.972618e+06 
1.626599e+02 3.314302e+07 1.868796e+06 
1.632866e+02 3.469220e+07 1.807074e+06 
1.650979e+02 3.279430e+07 1.832641e+06 
1.663837e+02 3.254323e+07 1.868796e+06 
1.684535e+02 3.274210e+07 1.764974e+06 
1.601337e+02 4.201966e+07 2.208646e+06 
1.637025e+02 3.300138e+07 1.868796e+06 
1.595242e+02 3.448538e+07 2.409432e+06 
1.845625e+02 3.467302e+07 1.736186e+06 
1.617182e+02 3.355984e+07 1.868796e+06 
1.651741e+02 3.377174e+07 1.764974e+06 
1.605394e+02 3.412073e+07 2.208646e+06 
1.748044e+02 3.522265e+07 1.736186e+06 
1.629543e+02 3.345396e+07 1.832641e+06 
1.604790e+02 3.508225e+07 2.208646e+06 
1.673914e+02 3.285987e+07 1.764974e+06 
1.753986e+02 3.522227e+07 1.736186e+06 
1.672181e+02 3.303725e+07 1.764974e+06 
1.622570e+02 3.298079e+07 2.007860e+06 
1.724101e+02 3.195950e+07 1.972618e+06 
1.619962e+02 3.334357e+07 2.208646e+06 
1.642588e+02 3.283645e+07 1.868796e+06 
1.633932e+02 3.331656e+07 1.832641e+06 
1.575251e+02 3.589102e+07 3.011791e+06 
1.629642e+02 3.287773e+07 1.972618e+06 
1.613263e+02 3.373973e+07 1.868796e+06 
1.617340e+02 3.372255e+07 1.832641e+06 
1.681892e+02 3.259971e+07 1.832641e+06 
1.754560e+02 3.185846e+07 1.764974e+06 
1.644261e+02 3.428381e+07 1.764974e+06 
1.687153e+02 3.529235e+07 1.736186e+06 
1.610659e+02 3.508305e+07 1.848032e+06 
1.684737e+02 3.257919e+07 1.764974e+06 
1.640674e+02 3.416565e+07 1.807074e+06 
1.577452e+02 3.500210e+07 2.610219e+06 
1.642395e+02 3.286865e+07 1.868796e+06 
1.651448e+02 3.265893e+07 1.868796e+06 
1.806197e+02 3.184757e+07 2.076440e+06 
1.679948e+02 3.291092e+07 1.868796e+06 
1.652867e+02 3.267235e+07 1.832641e+06 
1.608830e+02 3.444093e+07 1.868796e+06 
1.641178e+02 3.292284e+07 1.868796e+06 
1.626474e+02 3.320407e+07 1.868796e+06 
1.792665e+02 3.464662e+07 1.736186e+06 
1.636232e+02 3.305675e+07 1.868796e+06 
1.644280e+02 3.372110e+07 1.807074e+06 
1.819525e+02 3.492404e+07 1.661152e+06 
1.637844e+02 3.432941e+07 1.807074e+06 
1.641826e+02 3.291650e+07 1.868796e+06 

1.680979e+02 3.337785e+07 1.868796e+06 
1.590123e+02 3.261288e+07 2.208646e+06 
1.605648e+02 3.215223e+07 2.409432e+06 
1.749782e+02 3.218317e+07 1.972618e+06 
1.600655e+02 3.243378e+07 2.409432e+06 
1.539659e+02 3.487973e+07 3.011791e+06 
1.968181e+02 3.235658e+07 1.868796e+06 
1.587030e+02 3.286571e+07 2.208646e+06 
1.804061e+02 3.178083e+07 1.972618e+06 
1.792744e+02 3.230290e+07 1.868796e+06 
1.716597e+02 3.332065e+07 1.868796e+06 
1.611859e+02 3.260526e+07 1.972618e+06 
1.818263e+02 3.173394e+07 2.076440e+06 
1.539538e+02 3.484372e+07 3.212577e+06 
1.588302e+02 3.361557e+07 2.208646e+06 
1.528478e+02 3.463519e+07 3.212577e+06 
1.547715e+02 3.477108e+07 3.011791e+06 
1.844734e+02 3.168490e+07 1.972618e+06 
1.693013e+02 3.198208e+07 1.972618e+06 
1.555727e+02 3.462644e+07 3.011791e+06 
1.831453e+02 3.170537e+07 2.208646e+06 
1.537587e+02 3.489885e+07 3.011791e+06 
1.638342e+02 3.207047e+07 2.208646e+06 
1.534757e+02 3.495738e+07 3.212577e+06 
1.604577e+02 3.237845e+07 2.208646e+06 
1.569378e+02 3.320525e+07 2.610219e+06 
1.575747e+02 3.293525e+07 2.409432e+06 
1.725382e+02 3.210794e+07 2.076440e+06 
1.685812e+02 3.191639e+07 2.208646e+06 
1.540992e+02 3.487593e+07 3.011791e+06 
1.744938e+02 3.194519e+07 1.972618e+06 
1.812180e+02 3.165700e+07 1.972618e+06 
1.610124e+02 3.218441e+07 1.972618e+06 
1.579744e+02 3.299171e+07 2.610219e+06 
1.787911e+02 3.179928e+07 2.076440e+06 
1.669156e+02 3.470343e+07 1.832641e+06 
1.586690e+02 3.363206e+07 2.208646e+06 
1.673862e+02 3.497372e+07 1.832641e+06 
1.869937e+02 3.416461e+07 1.807074e+06 
1.591927e+02 3.259023e+07 2.409432e+06 
1.746963e+02 3.189492e+07 1.972618e+06 
1.587255e+02 3.286685e+07 2.409432e+06 
1.760201e+02 3.280071e+07 1.868796e+06 
1.544802e+02 3.486607e+07 3.011791e+06 
1.549068e+02 3.460535e+07 3.011791e+06 
1.702393e+02 3.413907e+07 1.807074e+06 
1.615779e+02 3.226188e+07 2.208646e+06 
1.584988e+02 3.291775e+07 2.610219e+06 
1.673749e+02 3.199435e+07 2.076440e+06 
1.556915e+02 3.456433e+07 3.011791e+06 
1.606636e+02 3.238081e+07 2.208646e+06 
1.615175e+02 3.215355e+07 2.208646e+06 
1.850626e+02 3.245400e+07 1.868796e+06 
1.545134e+02 3.475774e+07 3.011791e+06 
1.835990e+02 3.154794e+07 2.076440e+06 
1.748410e+02 3.187879e+07 2.076440e+06 
1.559853e+02 3.303896e+07 2.610219e+06 
1.703050e+02 3.490304e+07 1.807074e+06 
1.716928e+02 3.315254e+07 1.868796e+06 
1.719142e+02 3.187688e+07 2.208646e+06 
1.656062e+02 3.432721e+07 1.868796e+06 
1.565260e+02 3.327275e+07 2.610219e+06 
1.941080e+02 3.165792e+07 1.972618e+06 
1.585512e+02 3.287775e+07 2.409432e+06 
1.534425e+02 3.515448e+07 3.212577e+06 
1.762369e+02 3.180714e+07 1.972618e+06 
1.546012e+02 3.510576e+07 3.011791e+06 
1.683446e+02 3.199462e+07 1.972618e+06 
1.636730e+02 3.194067e+07 2.208646e+06 
1.675308e+02 3.352357e+07 1.868796e+06 
1.721207e+02 3.283132e+07 1.868796e+06 
1.666916e+02 3.194210e+07 2.208646e+06 
1.557993e+02 3.352136e+07 2.610219e+06 
1.671510e+02 3.358711e+07 1.868796e+06 
1.586888e+02 3.273896e+07 2.409432e+06 
1.896212e+02 3.156070e+07 2.076440e+06 
1.696364e+02 3.462096e+07 1.832641e+06 
1.591006e+02 3.240331e+07 2.208646e+06 
1.809782e+02 3.178167e+07 2.076440e+06 
1.705087e+02 3.414168e+07 1.832641e+06 
1.558614e+02 3.359250e+07 2.610219e+06 
1.624397e+02 3.220545e+07 2.208646e+06 
1.822922e+02 3.159048e+07 1.972618e+06 
1.557791e+02 3.371162e+07 2.811005e+06 
1.710138e+02 3.337481e+07 1.868796e+06 
1.601127e+02 3.239811e+07 2.208646e+06 
1.745261e+02 3.276952e+07 1.868796e+06 
1.570881e+02 3.296670e+07 2.610219e+06 
1.786855e+02 3.272834e+07 1.868796e+06 
1.655992e+02 3.358715e+07 1.868796e+06 
1.742862e+02 3.193851e+07 2.076440e+06 
1.662874e+02 3.188716e+07 2.208646e+06 
1.745210e+02 3.173953e+07 2.076440e+06 
1.564143e+02 3.331128e+07 2.409432e+06 
1.569307e+02 3.331329e+07 2.409432e+06 
1.779291e+02 3.273196e+07 1.868796e+06 
1.573850e+02 3.312599e+07 2.610219e+06 
1.559117e+02 3.352419e+07 2.811005e+06 
1.666535e+02 3.524926e+07 1.832641e+06 
1.769773e+02 3.185785e+07 1.972618e+06 

1.535821e+02 3.592147e+07 3.011791e+06 
1.697072e+02 3.128034e+07 1.972618e+06 
1.549366e+02 3.401152e+07 2.811005e+06 
1.685412e+02 3.355804e+07 1.832641e+06 
1.665984e+02 3.389913e+07 1.807074e+06 
1.635969e+02 3.134394e+07 1.972618e+06 
1.558112e+02 3.327000e+07 2.409432e+06 
1.632355e+02 3.156060e+07 1.868796e+06 
1.560705e+02 3.359066e+07 2.007860e+06 
1.611075e+02 3.194374e+07 1.868796e+06 
1.824927e+02 3.121194e+07 1.868796e+06 
1.686964e+02 3.383201e+07 1.807074e+06 
1.650944e+02 3.436905e+07 1.807074e+06 
1.537791e+02 3.535915e+07 3.011791e+06 
1.724127e+02 3.317708e+07 1.807074e+06 
1.599585e+02 3.170083e+07 1.972618e+06 
1.656613e+02 3.388460e+07 1.832641e+06 
1.654654e+02 3.129582e+07 1.972618e+06 
1.585463e+02 3.267613e+07 2.007860e+06 
1.624253e+02 3.157309e+07 1.868796e+06 
1.547747e+02 3.403894e+07 2.610219e+06 
1.586181e+02 3.228230e+07 2.007860e+06 
1.664114e+02 3.375317e+07 1.832641e+06 
1.589186e+02 3.188703e+07 1.972618e+06 
1.686159e+02 3.125530e+07 1.972618e+06 
1.702874e+02 3.450435e+07 1.764974e+06 
1.769340e+02 3.332863e+07 1.807074e+06 
1.562760e+02 3.306015e+07 2.409432e+06 
1.710522e+02 3.112917e+07 1.868796e+06 
1.708913e+02 3.126618e+07 1.868796e+06 
1.536721e+02 3.557858e+07 2.811005e+06 
1.606044e+02 3.200030e+07 1.868796e+06 
1.527889e+02 3.550026e+07 3.212577e+06 
1.591908e+02 3.191122e+07 2.076440e+06 
1.683861e+02 3.363956e+07 1.832641e+06 
1.635508e+02 3.145215e+07 1.972618e+06 
1.645067e+02 3.414141e+07 1.832641e+06 
1.554720e+02 3.358011e+07 2.409432e+06 
1.616131e+02 3.179493e+07 1.868796e+06 
1.628534e+02 3.152350e+07 1.972618e+06 
1.745997e+02 3.380241e+07 1.764974e+06 
1.723468e+02 3.372038e+07 1.764974e+06 
1.555464e+02 3.330725e+07 2.409432e+06 
1.705228e+02 3.123969e+07 1.972618e+06 
1.578946e+02 3.248026e+07 2.208646e+06 
1.835777e+02 3.087419e+07 1.972618e+06 
1.585639e+02 3.214957e+07 2.076440e+06 
1.553875e+02 3.323071e+07 2.610219e+06 
1.632191e+02 3.148561e+07 1.972618e+06 
1.732086e+02 3.327749e+07 1.832641e+06 
1.539366e+02 3.503699e+07 3.212577e+06 
1.562988e+02 3.261102e+07 2.208646e+06 
1.605302e+02 3.206372e+07 1.868796e+06 
1.711237e+02 3.336949e+07 1.807074e+06 
1.849152e+02 3.098408e+07 1.972618e+06 
1.619753e+02 3.164780e+07 1.868796e+06 
1.575057e+02 3.367871e+07 1.972618e+06 
1.643980e+02 3.458543e+07 1.832641e+06 
1.537225e+02 3.589222e+07 3.011791e+06 
1.646692e+02 3.154756e+07 1.868796e+06 
1.539647e+02 3.504389e+07 2.811005e+06 
1.650670e+02 3.146866e+07 1.868796e+06 
1.577393e+02 3.236105e+07 2.076440e+06 
1.799611e+02 3.111494e+07 1.972618e+06 
1.570542e+02 3.355899e+07 2.007860e+06 
1.676520e+02 3.126934e+07 1.972618e+06 
1.694400e+02 3.351142e+07 1.832641e+06 
1.812603e+02 3.109738e+07 1.972618e+06 
1.544696e+02 3.423830e+07 2.811005e+06 
1.563799e+02 3.294471e+07 2.208646e+06 
1.601452e+02 3.160587e+07 1.972618e+06 
1.623510e+02 3.163299e+07 1.868796e+06 
1.786093e+02 3.306822e+07 1.807074e+06 
1.639280e+02 3.134589e+07 1.972618e+06 
1.661714e+02 3.130343e+07 1.868796e+06 
1.535265e+02 3.599513e+07 3.212577e+06 
1.604305e+02 3.164877e+07 1.972618e+06 
1.642526e+02 3.155862e+07 1.868796e+06 
1.634403e+02 3.474802e+07 1.832641e+06 
1.560723e+02 3.366171e+07 2.007860e+06 
1.547147e+02 3.448710e+07 2.811005e+06 
1.540991e+02 3.542551e+07 2.811005e+06 
1.598436e+02 3.166289e+07 1.972618e+06 
1.633718e+02 3.481102e+07 1.832641e+06 
1.666405e+02 3.464383e+07 1.807074e+06 
1.661747e+02 3.436822e+07 1.807074e+06 
1.576880e+02 3.316172e+07 1.972618e+06 
1.697273e+02 3.343175e+07 1.807074e+06 
1.536431e+02 3.566369e+07 3.011791e+06 
1.554058e+02 3.411410e+07 2.208646e+06 
1.556507e+02 3.309524e+07 2.208646e+06 
1.573191e+02 3.382186e+07 1.972618e+06 
1.555152e+02 3.384520e+07 2.409432e+06 
1.594077e+02 3.185375e+07 1.972618e+06 
1.594311e+02 3.209171e+07 1.868796e+06 
1.553270e+02 3.431767e+07 2.409432e+06 
1.689763e+02 3.357875e+07 1.807074e+06 
1.762080e+02 3.113330e+07 1.972618e+06 
1.595046e+02 3.390754e+07 1.868796e+06 
1.594104e+02 3.270645e+07 1.868796e+06 

