1.495158e+02 3.518516e+07 3.814935e+06 
1.492031e+02 3.484639e+07 3.814935e+06 
2.095903e+02 3.135976e+07 3.814935e+06 
1.786110e+02 3.229321e+07 3.814935e+06 
1.769256e+02 3.222367e+07 3.814935e+06 
1.667365e+02 3.306532e+07 3.814935e+06 
1.977339e+02 3.160874e+07 3.814935e+06 
1.701293e+02 3.275028e+07 3.814935e+06 
1.767673e+02 3.251036e+07 3.814935e+06 
1.762654e+02 3.259646e+07 3.814935e+06 
1.482747e+02 3.548508e+07 3.814935e+06 
1.482747e+02 3.548508e+07 3.814935e+06 
1.482747e+02 3.548508e+07 3.814935e+06 
1.482747e+02 3.548508e+07 3.814935e+06 
1.482747e+02 3.548508e+07 3.814935e+06 
1.482747e+02 3.548508e+07 3.814935e+06 
1.482747e+02 3.548508e+07 3.814935e+06 
1.482747e+02 3.548508e+07 3.814935e+06 
1.482747e+02 3.548508e+07 3.814935e+06 
1.482747e+02 3.548508e+07 3.814935e+06 
1.482747e+02 3.548508e+07 3.814935e+06 
1.482747e+02 3.548508e+07 3.814935e+06 
1.482747e+02 3.548508e+07 3.814935e+06 
1.482747e+02 3.548508e+07 3.814935e+06 
1.482747e+02 3.548508e+07 3.814935e+06 
1.482747e+02 3.548508e+07 3.814935e+06 
1.482747e+02 3.548508e+07 3.814935e+06 
1.482747e+02 3.548508e+07 3.814935e+06 
1.482747e+02 3.548508e+07 3.814935e+06 
1.482747e+02 3.548508e+07 3.814935e+06 
1.482747e+02 3.548508e+07 3.814935e+06 
1.482747e+02 3.548508e+07 3.814935e+06 
1.482747e+02 3.548508e+07 3.814935e+06 
1.482747e+02 3.548508e+07 3.814935e+06 
1.482747e+02 3.548508e+07 3.814935e+06 
1.482747e+02 3.548508e+07 3.814935e+06 
1.482747e+02 3.548508e+07 3.814935e+06 
1.482747e+02 3.548508e+07 3.814935e+06 
1.482747e+02 3.548508e+07 3.814935e+06 
1.482747e+02 3.548508e+07 3.814935e+06 
1.482747e+02 3.548508e+07 3.814935e+06 
1.482747e+02 3.548508e+07 3.814935e+06 
1.482747e+02 3.548508e+07 3.814935e+06 
1.482747e+02 3.548508e+07 3.814935e+06 
1.482747e+02 3.548508e+07 3.814935e+06 
1.482747e+02 3.548508e+07 3.814935e+06 
1.482747e+02 3.548508e+07 3.814935e+06 
1.482747e+02 3.548508e+07 3.814935e+06 
1.482747e+02 3.548508e+07 3.814935e+06 
1.482747e+02 3.548508e+07 3.814935e+06 
1.482747e+02 3.548508e+07 3.814935e+06 
1.482747e+02 3.548508e+07 3.814935e+06 
1.482747e+02 3.548508e+07 3.814935e+06 
1.482747e+02 3.548508e+07 3.814935e+06 
1.482747e+02 3.548508e+07 3.814935e+06 
1.482747e+02 3.548508e+07 3.814935e+06 
1.482747e+02 3.548508e+07 3.814935e+06 
1.482747e+02 3.548508e+07 3.814935e+06 
1.482747e+02 3.548508e+07 3.814935e+06 
1.728591e+02 3.267319e+07 3.814935e+06 
2.027152e+02 3.154726e+07 3.814935e+06 
2.034255e+02 3.147021e+07 3.814935e+06 
1.859679e+02 3.190327e+07 3.814935e+06 
1.515091e+02 3.432283e+07 3.814935e+06 
1.556384e+02 3.383255e+07 3.814935e+06 
2.022928e+02 3.158791e+07 3.814935e+06 
1.746841e+02 3.259820e+07 3.814935e+06 
1.646708e+02 3.314363e+07 3.814935e+06 
1.511872e+02 3.412014e+07 3.814935e+06 
1.977399e+02 3.161606e+07 3.814935e+06 
1.493493e+02 3.460793e+07 3.814935e+06 
2.056326e+02 3.150200e+07 3.814935e+06 
1.535439e+02 3.391703e+07 3.814935e+06 
1.667100e+02 3.282369e+07 3.814935e+06 
1.575825e+02 3.354541e+07 3.814935e+06 
1.860902e+02 3.201727e+07 3.814935e+06 
2.092607e+02 3.125057e+07 3.814935e+06 
1.725850e+02 3.262477e+07 3.814935e+06 
1.823174e+02 3.214349e+07 3.814935e+06 
1.565239e+02 3.373314e+07 3.814935e+06 
1.623472e+02 3.324490e+07 3.814935e+06 
1.706836e+02 3.274488e+07 3.814935e+06 
1.604755e+02 3.327016e+07 3.814935e+06 
1.906887e+02 3.189321e+07 3.814935e+06 
2.120045e+02 3.114228e+07 3.814935e+06 
1.488120e+02 3.504650e+07 3.814935e+06 
2.094711e+02 3.119283e+07 3.814935e+06 
1.604539e+02 3.340013e+07 3.814935e+06 
1.966386e+02 3.166776e+07 3.814935e+06 
2.083456e+02 3.135446e+07 3.814935e+06 
1.762790e+02 3.251334e+07 3.814935e+06 
2.279289e+02 3.107574e+07 3.814935e+06 
2.196451e+02 3.118637e+07 3.814935e+06 
1.654748e+02 3.313313e+07 3.814935e+06 
1.553410e+02 3.391587e+07 3.814935e+06 
1.929556e+02 3.167901e+07 3.814935e+06 
2.070656e+02 3.136540e+07 3.814935e+06 
1.725776e+02 3.264461e+07 3.814935e+06 
1.990786e+02 3.159110e+07 3.814935e+06 
1.567606e+02 3.348272e+07 3.814935e+06 

1.705933e+02 3.273151e+07 3.814935e+06 
1.812330e+02 3.247970e+07 3.814935e+06 
1.916709e+02 3.220246e+07 3.814935e+06 
1.538386e+02 3.446778e+07 3.814935e+06 
1.499876e+02 3.467100e+07 3.814935e+06 
1.855640e+02 3.237114e+07 3.814935e+06 
1.482747e+02 3.548508e+07 3.814935e+06 
1.482747e+02 3.548508e+07 3.814935e+06 
1.482747e+02 3.548508e+07 3.814935e+06 
1.482747e+02 3.548508e+07 3.814935e+06 
1.482747e+02 3.548508e+07 3.814935e+06 
1.482747e+02 3.548508e+07 3.814935e+06 
1.482747e+02 3.548508e+07 3.814935e+06 
1.482747e+02 3.548508e+07 3.814935e+06 
1.482747e+02 3.548508e+07 3.814935e+06 
1.482747e+02 3.548508e+07 3.814935e+06 
1.482747e+02 3.548508e+07 3.814935e+06 
1.482747e+02 3.548508e+07 3.814935e+06 
1.482747e+02 3.548508e+07 3.814935e+06 
1.482747e+02 3.548508e+07 3.814935e+06 
1.482747e+02 3.548508e+07 3.814935e+06 
1.482747e+02 3.548508e+07 3.814935e+06 
1.482747e+02 3.548508e+07 3.814935e+06 
1.482747e+02 3.548508e+07 3.814935e+06 
1.482747e+02 3.548508e+07 3.814935e+06 
1.482747e+02 3.548508e+07 3.814935e+06 
1.482747e+02 3.548508e+07 3.814935e+06 
1.482747e+02 3.548508e+07 3.814935e+06 
1.482747e+02 3.548508e+07 3.814935e+06 
1.482747e+02 3.548508e+07 3.814935e+06 
1.482747e+02 3.548508e+07 3.814935e+06 
1.482747e+02 3.548508e+07 3.814935e+06 
1.482747e+02 3.548508e+07 3.814935e+06 
1.482747e+02 3.548508e+07 3.814935e+06 
1.482747e+02 3.548508e+07 3.814935e+06 
1.482747e+02 3.548508e+07 3.814935e+06 
1.482747e+02 3.548508e+07 3.814935e+06 
1.482747e+02 3.548508e+07 3.814935e+06 
1.482747e+02 3.548508e+07 3.814935e+06 
1.482747e+02 3.548508e+07 3.814935e+06 
1.482747e+02 3.548508e+07 3.814935e+06 
1.482747e+02 3.548508e+07 3.814935e+06 
1.482747e+02 3.548508e+07 3.814935e+06 
1.482747e+02 3.548508e+07 3.814935e+06 
1.482747e+02 3.548508e+07 3.814935e+06 
1.482747e+02 3.548508e+07 3.814935e+06 
1.482747e+02 3.548508e+07 3.814935e+06 
1.482747e+02 3.548508e+07 3.814935e+06 
1.482747e+02 3.548508e+07 3.814935e+06 
1.482747e+02 3.548508e+07 3.814935e+06 
1.482747e+02 3.548508e+07 3.814935e+06 
1.482747e+02 3.548508e+07 3.814935e+06 
1.482747e+02 3.548508e+07 3.814935e+06 
1.482747e+02 3.548508e+07 3.814935e+06 
1.482747e+02 3.548508e+07 3.814935e+06 
1.719092e+02 3.270814e+07 3.814935e+06 
1.496459e+02 3.500952e+07 3.814935e+06 
1.705409e+02 3.274937e+07 3.814935e+06 
1.488120e+02 3.504650e+07 3.814935e+06 
1.642811e+02 3.302384e+07 3.814935e+06 
2.049731e+02 3.169511e+07 3.814935e+06 
1.641486e+02 3.316107e+07 3.814935e+06 
1.541804e+02 3.412926e+07 3.814935e+06 
1.629599e+02 3.317211e+07 3.814935e+06 
1.804938e+02 3.240961e+07 3.814935e+06 
1.610489e+02 3.331352e+07 3.814935e+06 
1.594185e+02 3.343858e+07 3.814935e+06 
1.664473e+02 3.293801e+07 3.814935e+06 
1.496126e+02 3.578627e+07 3.814935e+06 
1.671606e+02 3.285206e+07 3.814935e+06 
1.998184e+02 3.190437e+07 3.814935e+06 
1.914025e+02 3.204667e+07 3.814935e+06 
1.745402e+02 3.275168e+07 3.814935e+06 
1.560678e+02 3.357289e+07 3.814935e+06 
2.170058e+02 3.131755e+07 3.814935e+06 
1.775135e+02 3.247529e+07 3.814935e+06 
1.865060e+02 3.225819e+07 3.814935e+06 
1.861154e+02 3.228246e+07 3.814935e+06 
1.977825e+02 3.202716e+07 3.814935e+06 
1.488120e+02 3.504650e+07 3.814935e+06 
1.635050e+02 3.317005e+07 3.814935e+06 
2.250596e+02 3.146425e+07 3.814935e+06 
1.617516e+02 3.327602e+07 3.814935e+06 
1.491215e+02 3.483360e+07 3.814935e+06 
1.509677e+02 3.439555e+07 3.814935e+06 
1.502155e+02 3.444532e+07 3.814935e+06 
1.497921e+02 3.477106e+07 3.814935e+06 
1.489098e+02 3.499647e+07 3.814935e+06 
1.601113e+02 3.339878e+07 3.814935e+06 
1.589767e+02 3.349911e+07 3.814935e+06 
1.532164e+02 3.434190e+07 3.814935e+06 
1.526435e+02 3.435442e+07 3.814935e+06 
2.032545e+02 3.152316e+07 3.814935e+06 
1.501016e+02 3.455816e+07 3.814935e+06 
1.596366e+02 3.365561e+07 3.814935e+06 
1.883511e+02 3.222922e+07 3.814935e+06 
1.742474e+02 3.254167e+07 3.814935e+06 
1.648686e+02 3.307276e+07 3.814935e+06 
1.533958e+02 3.430465e+07 3.814935e+06 
1.980419e+02 3.197593e+07 3.814935e+06 

2.096773e+02 3.148527e+07 3.814935e+06 
2.128848e+02 3.142812e+07 3.814935e+06 
1.531154e+02 3.402459e+07 3.814935e+06 
1.704401e+02 3.308519e+07 3.814935e+06 
1.572812e+02 3.366508e+07 3.814935e+06 
1.645886e+02 3.337072e+07 3.814935e+06 
1.555224e+02 3.400818e+07 3.814935e+06 
2.047308e+02 3.161367e+07 3.814935e+06 
1.482747e+02 3.548508e+07 3.814935e+06 
1.482747e+02 3.548508e+07 3.814935e+06 
1.482747e+02 3.548508e+07 3.814935e+06 
1.482747e+02 3.548508e+07 3.814935e+06 
1.482747e+02 3.548508e+07 3.814935e+06 
1.482747e+02 3.548508e+07 3.814935e+06 
1.482747e+02 3.548508e+07 3.814935e+06 
1.482747e+02 3.548508e+07 3.814935e+06 
1.482747e+02 3.548508e+07 3.814935e+06 
1.482747e+02 3.548508e+07 3.814935e+06 
1.482747e+02 3.548508e+07 3.814935e+06 
1.482747e+02 3.548508e+07 3.814935e+06 
1.482747e+02 3.548508e+07 3.814935e+06 
1.482747e+02 3.548508e+07 3.814935e+06 
1.482747e+02 3.548508e+07 3.814935e+06 
1.482747e+02 3.548508e+07 3.814935e+06 
1.482747e+02 3.548508e+07 3.814935e+06 
1.482747e+02 3.548508e+07 3.814935e+06 
1.482747e+02 3.548508e+07 3.814935e+06 
1.482747e+02 3.548508e+07 3.814935e+06 
1.482747e+02 3.548508e+07 3.814935e+06 
1.482747e+02 3.548508e+07 3.814935e+06 
1.482747e+02 3.548508e+07 3.814935e+06 
1.482747e+02 3.548508e+07 3.814935e+06 
1.482747e+02 3.548508e+07 3.814935e+06 
1.482747e+02 3.548508e+07 3.814935e+06 
1.482747e+02 3.548508e+07 3.814935e+06 
1.482747e+02 3.548508e+07 3.814935e+06 
1.482747e+02 3.548508e+07 3.814935e+06 
1.482747e+02 3.548508e+07 3.814935e+06 
1.482747e+02 3.548508e+07 3.814935e+06 
1.482747e+02 3.548508e+07 3.814935e+06 
1.482747e+02 3.548508e+07 3.814935e+06 
1.482747e+02 3.548508e+07 3.814935e+06 
1.482747e+02 3.548508e+07 3.814935e+06 
1.922224e+02 3.214334e+07 3.814935e+06 
1.603707e+02 3.356309e+07 3.814935e+06 
1.690037e+02 3.310482e+07 3.814935e+06 
2.156970e+02 3.133198e+07 3.814935e+06 
1.962619e+02 3.180888e+07 3.814935e+06 
2.082484e+02 3.152694e+07 3.814935e+06 
2.220722e+02 3.118434e+07 3.814935e+06 
1.826157e+02 3.228811e+07 3.814935e+06 
1.963122e+02 3.206845e+07 3.814935e+06 
1.540706e+02 3.512061e+07 3.814935e+06 
1.950986e+02 3.209484e+07 3.814935e+06 
1.996946e+02 3.178482e+07 3.814935e+06 
2.213524e+02 3.131256e+07 3.814935e+06 
1.492515e+02 3.465796e+07 3.814935e+06 
1.796605e+02 3.244231e+07 3.814935e+06 
1.794335e+02 3.273334e+07 3.814935e+06 
1.626098e+02 3.342002e+07 3.814935e+06 
1.639141e+02 3.340110e+07 3.814935e+06 
1.485842e+02 3.527218e+07 3.814935e+06 
1.722387e+02 3.289371e+07 3.814935e+06 
1.710632e+02 3.302749e+07 3.814935e+06 
1.811550e+02 3.242658e+07 3.814935e+06 
1.490398e+02 3.482082e+07 3.814935e+06 
2.134592e+02 3.138468e+07 3.814935e+06 
1.517693e+02 3.448419e+07 3.814935e+06 
1.905143e+02 3.219211e+07 3.814935e+06 
1.700412e+02 3.308895e+07 3.814935e+06 
2.016109e+02 3.168475e+07 3.814935e+06 
2.301907e+02 3.098971e+07 3.814935e+06 
1.742981e+02 3.281829e+07 3.814935e+06 
2.142766e+02 3.133245e+07 3.814935e+06 
1.951601e+02 3.206184e+07 3.814935e+06 
1.933331e+02 3.210912e+07 3.814935e+06 
1.560584e+02 3.375000e+07 3.814935e+06 
1.489098e+02 3.499647e+07 3.814935e+06 
1.781140e+02 3.279520e+07 3.814935e+06 
1.507925e+02 3.531131e+07 3.814935e+06 
1.665974e+02 3.329421e+07 3.814935e+06 
1.517855e+02 3.442138e+07 3.814935e+06 
2.324534e+02 3.102718e+07 3.814935e+06 
1.683185e+02 3.320175e+07 3.814935e+06 
2.210990e+02 3.131409e+07 3.814935e+06 
1.648770e+02 3.336461e+07 3.814935e+06 
1.526859e+02 3.424181e+07 3.814935e+06 
2.068730e+02 3.152874e+07 3.814935e+06 
2.066943e+02 3.153186e+07 3.814935e+06 
1.724446e+02 3.295294e+07 3.814935e+06 
1.954591e+02 3.193225e+07 3.814935e+06 
2.201852e+02 3.131987e+07 3.814935e+06 
2.144817e+02 3.154140e+07 3.814935e+06 
1.495448e+02 3.450787e+07 3.814935e+06 
1.644839e+02 3.338784e+07 3.814935e+06 
1.491376e+02 3.477079e+07 3.814935e+06 
1.542209e+02 3.393869e+07 3.814935e+06 
1.490237e+02 3.488363e+07 3.814935e+06 
1.607883e+02 3.355410e+07 3.814935e+06 
1.782319e+02 3.273403e+07 3.814935e+06 

1.819817e+02 3.203863e+07 3.814935e+06 
1.636644e+02 3.321311e+07 3.814935e+06 
1.736435e+02 3.249197e+07 3.814935e+06 
1.498899e+02 3.472103e+07 3.814935e+06 
1.486819e+02 3.522215e+07 3.814935e+06 
1.792716e+02 3.225091e+07 3.814935e+06 
1.529137e+02 3.389530e+07 3.814935e+06 
1.572106e+02 3.367386e+07 3.814935e+06 
1.899677e+02 3.172505e+07 3.814935e+06 
1.482747e+02 3.548508e+07 3.814935e+06 
1.482747e+02 3.548508e+07 3.814935e+06 
1.482747e+02 3.548508e+07 3.814935e+06 
1.482747e+02 3.548508e+07 3.814935e+06 
1.482747e+02 3.548508e+07 3.814935e+06 
1.482747e+02 3.548508e+07 3.814935e+06 
1.482747e+02 3.548508e+07 3.814935e+06 
1.482747e+02 3.548508e+07 3.814935e+06 
1.482747e+02 3.548508e+07 3.814935e+06 
1.482747e+02 3.548508e+07 3.814935e+06 
1.482747e+02 3.548508e+07 3.814935e+06 
1.482747e+02 3.548508e+07 3.814935e+06 
1.482747e+02 3.548508e+07 3.814935e+06 
1.482747e+02 3.548508e+07 3.814935e+06 
1.482747e+02 3.548508e+07 3.814935e+06 
1.482747e+02 3.548508e+07 3.814935e+06 
1.482747e+02 3.548508e+07 3.814935e+06 
1.482747e+02 3.548508e+07 3.814935e+06 
1.482747e+02 3.548508e+07 3.814935e+06 
1.482747e+02 3.548508e+07 3.814935e+06 
1.482747e+02 3.548508e+07 3.814935e+06 
1.482747e+02 3.548508e+07 3.814935e+06 
1.482747e+02 3.548508e+07 3.814935e+06 
1.482747e+02 3.548508e+07 3.814935e+06 
1.482747e+02 3.548508e+07 3.814935e+06 
1.482747e+02 3.548508e+07 3.814935e+06 
1.482747e+02 3.548508e+07 3.814935e+06 
1.482747e+02 3.548508e+07 3.814935e+06 
1.482747e+02 3.548508e+07 3.814935e+06 
1.482747e+02 3.548508e+07 3.814935e+06 
1.482747e+02 3.548508e+07 3.814935e+06 
1.482747e+02 3.548508e+07 3.814935e+06 
1.482747e+02 3.548508e+07 3.814935e+06 
1.482747e+02 3.548508e+07 3.814935e+06 
1.482747e+02 3.548508e+07 3.814935e+06 
1.482747e+02 3.548508e+07 3.814935e+06 
1.482747e+02 3.548508e+07 3.814935e+06 
1.482747e+02 3.548508e+07 3.814935e+06 
1.482747e+02 3.548508e+07 3.814935e+06 
1.482747e+02 3.548508e+07 3.814935e+06 
1.482747e+02 3.548508e+07 3.814935e+06 
1.482747e+02 3.548508e+07 3.814935e+06 
1.482747e+02 3.548508e+07 3.814935e+06 
1.482747e+02 3.548508e+07 3.814935e+06 
1.482747e+02 3.548508e+07 3.814935e+06 
1.482747e+02 3.548508e+07 3.814935e+06 
1.482747e+02 3.548508e+07 3.814935e+06 
1.482747e+02 3.548508e+07 3.814935e+06 
1.482747e+02 3.548508e+07 3.814935e+06 
1.482747e+02 3.548508e+07 3.814935e+06 
1.482747e+02 3.548508e+07 3.814935e+06 
1.482747e+02 3.548508e+07 3.814935e+06 
1.677445e+02 3.290897e+07 3.814935e+06 
1.859293e+02 3.188815e+07 3.814935e+06 
1.542160e+02 3.390651e+07 3.814935e+06 
1.653201e+02 3.305409e+07 3.814935e+06 
1.766258e+02 3.233734e+07 3.814935e+06 
1.551094e+02 3.388106e+07 3.814935e+06 
2.148466e+02 3.129354e+07 3.814935e+06 
1.689923e+02 3.278513e+07 3.814935e+06 
1.924454e+02 3.170778e+07 3.814935e+06 
1.507344e+02 3.427374e+07 3.814935e+06 
1.868506e+02 3.191337e+07 3.814935e+06 
1.768651e+02 3.237882e+07 3.814935e+06 
1.491215e+02 3.483360e+07 3.814935e+06 
1.564151e+02 3.367812e+07 3.814935e+06 
1.875119e+02 3.181382e+07 3.814935e+06 
1.797301e+02 3.224776e+07 3.814935e+06 
1.497921e+02 3.477106e+07 3.814935e+06 
1.583942e+02 3.347790e+07 3.814935e+06 
1.609840e+02 3.326072e+07 3.814935e+06 
1.595680e+02 3.358068e+07 3.814935e+06 
1.502316e+02 3.438251e+07 3.814935e+06 
1.762752e+02 3.242687e+07 3.814935e+06 
1.486981e+02 3.515934e+07 3.814935e+06 
2.061235e+02 3.127418e+07 3.814935e+06 
1.726336e+02 3.277746e+07 3.814935e+06 
1.982481e+02 3.132510e+07 3.814935e+06 
1.637146e+02 3.314843e+07 3.814935e+06 
1.553903e+02 3.376704e+07 3.814935e+06 
1.783345e+02 3.227530e+07 3.814935e+06 
1.512058e+02 3.400671e+07 3.814935e+06 
1.677657e+02 3.303481e+07 3.814935e+06 
1.489914e+02 3.500925e+07 3.814935e+06 
1.517612e+02 3.429241e+07 3.814935e+06 
1.496297e+02 3.507233e+07 3.814935e+06 
1.964649e+02 3.166427e+07 3.814935e+06 
1.763498e+02 3.234538e+07 3.814935e+06 
1.841336e+02 3.195829e+07 3.814935e+06 
1.579619e+02 3.364347e+07 3.814935e+06 
2.027923e+02 3.134566e+07 3.814935e+06 

1.706657e+02 3.255702e+07 3.814935e+06 
1.593539e+02 3.362342e+07 3.814935e+06 
1.740078e+02 3.252219e+07 3.814935e+06 
1.731593e+02 3.254608e+07 3.814935e+06 
1.666919e+02 3.289818e+07 3.814935e+06 
1.490237e+02 3.488363e+07 3.814935e+06 
1.976310e+02 3.159444e+07 3.814935e+06 
1.482747e+02 3.548508e+07 3.814935e+06 
1.482747e+02 3.548508e+07 3.814935e+06 
1.482747e+02 3.548508e+07 3.814935e+06 
1.482747e+02 3.548508e+07 3.814935e+06 
1.482747e+02 3.548508e+07 3.814935e+06 
1.482747e+02 3.548508e+07 3.814935e+06 
1.482747e+02 3.548508e+07 3.814935e+06 
1.482747e+02 3.548508e+07 3.814935e+06 
1.482747e+02 3.548508e+07 3.814935e+06 
1.482747e+02 3.548508e+07 3.814935e+06 
1.482747e+02 3.548508e+07 3.814935e+06 
1.482747e+02 3.548508e+07 3.814935e+06 
1.482747e+02 3.548508e+07 3.814935e+06 
1.482747e+02 3.548508e+07 3.814935e+06 
1.482747e+02 3.548508e+07 3.814935e+06 
1.482747e+02 3.548508e+07 3.814935e+06 
1.482747e+02 3.548508e+07 3.814935e+06 
1.482747e+02 3.548508e+07 3.814935e+06 
1.482747e+02 3.548508e+07 3.814935e+06 
1.482747e+02 3.548508e+07 3.814935e+06 
1.482747e+02 3.548508e+07 3.814935e+06 
1.482747e+02 3.548508e+07 3.814935e+06 
1.482747e+02 3.548508e+07 3.814935e+06 
1.482747e+02 3.548508e+07 3.814935e+06 
1.482747e+02 3.548508e+07 3.814935e+06 
1.482747e+02 3.548508e+07 3.814935e+06 
1.482747e+02 3.548508e+07 3.814935e+06 
1.482747e+02 3.548508e+07 3.814935e+06 
1.482747e+02 3.548508e+07 3.814935e+06 
1.482747e+02 3.548508e+07 3.814935e+06 
1.482747e+02 3.548508e+07 3.814935e+06 
1.482747e+02 3.548508e+07 3.814935e+06 
1.482747e+02 3.548508e+07 3.814935e+06 
1.482747e+02 3.548508e+07 3.814935e+06 
1.482747e+02 3.548508e+07 3.814935e+06 
1.482747e+02 3.548508e+07 3.814935e+06 
1.482747e+02 3.548508e+07 3.814935e+06 
1.482747e+02 3.548508e+07 3.814935e+06 
1.482747e+02 3.548508e+07 3.814935e+06 
1.482747e+02 3.548508e+07 3.814935e+06 
1.482747e+02 3.548508e+07 3.814935e+06 
1.482747e+02 3.548508e+07 3.814935e+06 
1.482747e+02 3.548508e+07 3.814935e+06 
1.482747e+02 3.548508e+07 3.814935e+06 
1.482747e+02 3.548508e+07 3.814935e+06 
1.482747e+02 3.548508e+07 3.814935e+06 
1.482747e+02 3.548508e+07 3.814935e+06 
1.482747e+02 3.548508e+07 3.814935e+06 
1.482747e+02 3.548508e+07 3.814935e+06 
1.482747e+02 3.548508e+07 3.814935e+06 
1.482747e+02 3.548508e+07 3.814935e+06 
1.482747e+02 3.548508e+07 3.814935e+06 
1.482747e+02 3.548508e+07 3.814935e+06 
1.482747e+02 3.548508e+07 3.814935e+06 
1.482747e+02 3.548508e+07 3.814935e+06 
2.004693e+02 3.154524e+07 3.814935e+06 
1.578141e+02 3.370122e+07 3.814935e+06 
1.673732e+02 3.283780e+07 3.814935e+06 
1.519810e+02 3.432132e+07 3.814935e+06 
1.594825e+02 3.361803e+07 3.814935e+06 
1.672417e+02 3.284310e+07 3.814935e+06 
1.643774e+02 3.290686e+07 3.814935e+06 
1.487304e+02 3.503372e+07 3.814935e+06 
1.744466e+02 3.244692e+07 3.814935e+06 
1.517038e+02 3.440860e+07 3.814935e+06 
1.673984e+02 3.278655e+07 3.814935e+06 
1.704320e+02 3.271076e+07 3.814935e+06 
1.897128e+02 3.197980e+07 3.814935e+06 
1.490560e+02 3.475801e+07 3.814935e+06 
1.527736e+02 3.417877e+07 3.814935e+06 
2.135885e+02 3.147977e+07 3.814935e+06 
1.932461e+02 3.192614e+07 3.814935e+06 
1.640806e+02 3.306176e+07 3.814935e+06 
1.675244e+02 3.272127e+07 3.814935e+06 
1.778909e+02 3.233099e+07 3.814935e+06 
1.590541e+02 3.368139e+07 3.814935e+06 
1.600766e+02 3.347078e+07 3.814935e+06 
1.542112e+02 3.380692e+07 3.814935e+06 
1.491538e+02 3.470798e+07 3.814935e+06 
2.023860e+02 3.153425e+07 3.814935e+06 
1.631699e+02 3.316198e+07 3.814935e+06 
2.087534e+02 3.144583e+07 3.814935e+06 
1.903799e+02 3.197609e+07 3.814935e+06 
1.541804e+02 3.412926e+07 3.814935e+06 
1.766100e+02 3.240426e+07 3.814935e+06 
1.748442e+02 3.241263e+07 3.814935e+06 
1.612072e+02 3.327139e+07 3.814935e+06 
1.941162e+02 3.174215e+07 3.814935e+06 
1.603737e+02 3.339634e+07 3.814935e+06 
1.509516e+02 3.445836e+07 3.814935e+06 
1.782033e+02 3.201671e+07 3.814935e+06 
1.493654e+02 3.454512e+07 3.814935e+06 
1.629730e+02 3.324606e+07 3.814935e+06 

1.498737e+02 3.478384e+07 3.814935e+06 
1.491086e+02 3.544809e+07 3.814935e+06 
1.556482e+02 3.383791e+07 3.814935e+06 
1.565373e+02 3.374084e+07 3.814935e+06 
1.495804e+02 3.493392e+07 3.814935e+06 
1.576614e+02 3.382923e+07 3.814935e+06 
1.696542e+02 3.288029e+07 3.814935e+06 
1.500290e+02 3.527526e+07 3.814935e+06 
1.494342e+02 3.517238e+07 3.814935e+06 
1.605640e+02 3.355300e+07 3.814935e+06 
1.861097e+02 3.194163e+07 3.814935e+06 
1.613346e+02 3.336883e+07 3.814935e+06 
1.482747e+02 3.548508e+07 3.814935e+06 
1.482747e+02 3.548508e+07 3.814935e+06 
1.482747e+02 3.548508e+07 3.814935e+06 
1.482747e+02 3.548508e+07 3.814935e+06 
1.482747e+02 3.548508e+07 3.814935e+06 
1.482747e+02 3.548508e+07 3.814935e+06 
1.482747e+02 3.548508e+07 3.814935e+06 
1.482747e+02 3.548508e+07 3.814935e+06 
1.482747e+02 3.548508e+07 3.814935e+06 
1.482747e+02 3.548508e+07 3.814935e+06 
1.482747e+02 3.548508e+07 3.814935e+06 
1.482747e+02 3.548508e+07 3.814935e+06 
1.482747e+02 3.548508e+07 3.814935e+06 
1.482747e+02 3.548508e+07 3.814935e+06 
1.482747e+02 3.548508e+07 3.814935e+06 
1.482747e+02 3.548508e+07 3.814935e+06 
1.482747e+02 3.548508e+07 3.814935e+06 
1.482747e+02 3.548508e+07 3.814935e+06 
1.482747e+02 3.548508e+07 3.814935e+06 
1.482747e+02 3.548508e+07 3.814935e+06 
1.482747e+02 3.548508e+07 3.814935e+06 
1.482747e+02 3.548508e+07 3.814935e+06 
1.482747e+02 3.548508e+07 3.814935e+06 
1.482747e+02 3.548508e+07 3.814935e+06 
1.482747e+02 3.548508e+07 3.814935e+06 
1.482747e+02 3.548508e+07 3.814935e+06 
1.482747e+02 3.548508e+07 3.814935e+06 
1.482747e+02 3.548508e+07 3.814935e+06 
1.482747e+02 3.548508e+07 3.814935e+06 
1.482747e+02 3.548508e+07 3.814935e+06 
1.482747e+02 3.548508e+07 3.814935e+06 
1.482747e+02 3.548508e+07 3.814935e+06 
1.646688e+02 3.319977e+07 3.814935e+06 
1.543601e+02 3.385456e+07 3.814935e+06 
1.499060e+02 3.465822e+07 3.814935e+06 
1.740116e+02 3.228135e+07 3.814935e+06 
2.024166e+02 3.173949e+07 3.814935e+06 
1.526027e+02 3.425249e+07 3.814935e+06 
1.508377e+02 3.457120e+07 3.814935e+06 
1.941032e+02 3.190525e+07 3.814935e+06 
1.953222e+02 3.172133e+07 3.814935e+06 
1.582783e+02 3.369800e+07 3.814935e+06 
1.698773e+02 3.280355e+07 3.814935e+06 
1.525781e+02 3.427883e+07 3.814935e+06 
1.579540e+02 3.371480e+07 3.814935e+06 
1.698848e+02 3.259850e+07 3.814935e+06 
1.810505e+02 3.230918e+07 3.814935e+06 
1.495481e+02 3.505954e+07 3.814935e+06 
1.518832e+02 3.437135e+07 3.814935e+06 
1.562188e+02 3.378015e+07 3.814935e+06 
1.684382e+02 3.285209e+07 3.814935e+06 
1.584555e+02 3.366909e+07 3.814935e+06 
1.526626e+02 3.421514e+07 3.814935e+06 
1.910291e+02 3.204761e+07 3.814935e+06 
1.672751e+02 3.297691e+07 3.814935e+06 
1.528504e+02 3.471039e+07 3.814935e+06 
1.536063e+02 3.439165e+07 3.814935e+06 
2.221228e+02 3.169200e+07 3.814935e+06 
1.834449e+02 3.227216e+07 3.814935e+06 
1.562238e+02 3.377824e+07 3.814935e+06 
1.592909e+02 3.343056e+07 3.814935e+06 
1.637109e+02 3.323618e+07 3.814935e+06 
1.493203e+02 3.528522e+07 3.814935e+06 
1.521950e+02 3.428548e+07 3.814935e+06 
1.753689e+02 3.239662e+07 3.814935e+06 
1.849283e+02 3.217505e+07 3.814935e+06 
1.551578e+02 3.401940e+07 3.814935e+06 
1.693251e+02 3.283393e+07 3.814935e+06 
1.495643e+02 3.499673e+07 3.814935e+06 
1.835457e+02 3.216119e+07 3.814935e+06 
1.494503e+02 3.510957e+07 3.814935e+06 
1.534039e+02 3.418508e+07 3.814935e+06 
1.588547e+02 3.345276e+07 3.814935e+06 
1.566599e+02 3.371764e+07 3.814935e+06 
1.657066e+02 3.303370e+07 3.814935e+06 
1.507399e+02 3.462123e+07 3.814935e+06 
1.610640e+02 3.323948e+07 3.814935e+06 
1.516027e+02 3.512834e+07 3.814935e+06 
1.679035e+02 3.295202e+07 3.814935e+06 
1.858958e+02 3.214429e+07 3.814935e+06 
1.539980e+02 3.412630e+07 3.814935e+06 
1.745040e+02 3.250112e+07 3.814935e+06 
1.540379e+02 3.407622e+07 3.814935e+06 
1.916740e+02 3.192118e+07 3.814935e+06 
1.508538e+02 3.450839e+07 3.814935e+06 
1.719219e+02 3.266147e+07 3.814935e+06 
1.652277e+02 3.309874e+07 3.814935e+06 
1.643862e+02 3.316498e+07 3.814935e+06 

1.845065e+02 3.232180e+07 3.814935e+06 
1.670071e+02 3.296231e+07 3.814935e+06 
1.932172e+02 3.206460e+07 3.814935e+06 
1.705903e+02 3.294204e+07 3.814935e+06 
1.781665e+02 3.251504e+07 3.814935e+06 
1.822068e+02 3.236471e+07 3.814935e+06 
1.493642e+02 3.468113e+07 3.814935e+06 
1.800712e+02 3.247772e+07 3.814935e+06 
1.482747e+02 3.548508e+07 3.814935e+06 
1.482747e+02 3.548508e+07 3.814935e+06 
1.482747e+02 3.548508e+07 3.814935e+06 
1.482747e+02 3.548508e+07 3.814935e+06 
1.482747e+02 3.548508e+07 3.814935e+06 
1.482747e+02 3.548508e+07 3.814935e+06 
1.482747e+02 3.548508e+07 3.814935e+06 
1.482747e+02 3.548508e+07 3.814935e+06 
1.482747e+02 3.548508e+07 3.814935e+06 
1.482747e+02 3.548508e+07 3.814935e+06 
1.482747e+02 3.548508e+07 3.814935e+06 
1.482747e+02 3.548508e+07 3.814935e+06 
1.482747e+02 3.548508e+07 3.814935e+06 
1.482747e+02 3.548508e+07 3.814935e+06 
1.482747e+02 3.548508e+07 3.814935e+06 
1.482747e+02 3.548508e+07 3.814935e+06 
1.482747e+02 3.548508e+07 3.814935e+06 
1.482747e+02 3.548508e+07 3.814935e+06 
1.482747e+02 3.548508e+07 3.814935e+06 
1.482747e+02 3.548508e+07 3.814935e+06 
1.482747e+02 3.548508e+07 3.814935e+06 
1.482747e+02 3.548508e+07 3.814935e+06 
1.482747e+02 3.548508e+07 3.814935e+06 
1.482747e+02 3.548508e+07 3.814935e+06 
1.482747e+02 3.548508e+07 3.814935e+06 
1.482747e+02 3.548508e+07 3.814935e+06 
1.482747e+02 3.548508e+07 3.814935e+06 
1.482747e+02 3.548508e+07 3.814935e+06 
1.482747e+02 3.548508e+07 3.814935e+06 
1.482747e+02 3.548508e+07 3.814935e+06 
1.482747e+02 3.548508e+07 3.814935e+06 
1.482747e+02 3.548508e+07 3.814935e+06 
1.482747e+02 3.548508e+07 3.814935e+06 
1.482747e+02 3.548508e+07 3.814935e+06 
1.482747e+02 3.548508e+07 3.814935e+06 
1.482747e+02 3.548508e+07 3.814935e+06 
1.482747e+02 3.548508e+07 3.814935e+06 
1.482747e+02 3.548508e+07 3.814935e+06 
1.482747e+02 3.548508e+07 3.814935e+06 
1.482747e+02 3.548508e+07 3.814935e+06 
1.482747e+02 3.548508e+07 3.814935e+06 
1.482747e+02 3.548508e+07 3.814935e+06 
1.482747e+02 3.548508e+07 3.814935e+06 
1.482747e+02 3.548508e+07 3.814935e+06 
1.482747e+02 3.548508e+07 3.814935e+06 
1.482747e+02 3.548508e+07 3.814935e+06 
1.482747e+02 3.548508e+07 3.814935e+06 
1.482747e+02 3.548508e+07 3.814935e+06 
1.482747e+02 3.548508e+07 3.814935e+06 
1.482747e+02 3.548508e+07 3.814935e+06 
1.482747e+02 3.548508e+07 3.814935e+06 
1.801148e+02 3.243152e+07 3.814935e+06 
1.981295e+02 3.187275e+07 3.814935e+06 
1.759725e+02 3.261860e+07 3.814935e+06 
1.490883e+02 3.473896e+07 3.814935e+06 
1.525821e+02 3.412105e+07 3.814935e+06 
1.718985e+02 3.275430e+07 3.814935e+06 
2.071533e+02 3.166223e+07 3.814935e+06 
1.755546e+02 3.265662e+07 3.814935e+06 
2.038841e+02 3.172797e+07 3.814935e+06 
2.019299e+02 3.179743e+07 3.814935e+06 
1.656808e+02 3.324764e+07 3.814935e+06 
1.845208e+02 3.211845e+07 3.814935e+06 
1.663686e+02 3.323711e+07 3.814935e+06 
1.583408e+02 3.371315e+07 3.814935e+06 
1.837994e+02 3.235071e+07 3.814935e+06 
1.642837e+02 3.328654e+07 3.814935e+06 
1.814643e+02 3.241532e+07 3.814935e+06 
1.744866e+02 3.275061e+07 3.814935e+06 
1.520572e+02 3.415132e+07 3.814935e+06 
2.071892e+02 3.156759e+07 3.814935e+06 
1.620591e+02 3.344792e+07 3.814935e+06 
1.771651e+02 3.258444e+07 3.814935e+06 
1.657586e+02 3.324410e+07 3.814935e+06 
1.488120e+02 3.504650e+07 3.814935e+06 
1.622356e+02 3.331333e+07 3.814935e+06 
2.078876e+02 3.143596e+07 3.814935e+06 
1.715871e+02 3.290602e+07 3.814935e+06 
1.971400e+02 3.198504e+07 3.814935e+06 
1.504926e+02 3.435804e+07 3.814935e+06 
1.562282e+02 3.390387e+07 3.814935e+06 
1.515468e+02 3.422034e+07 3.814935e+06 
2.011606e+02 3.183368e+07 3.814935e+06 
1.553665e+02 3.394299e+07 3.814935e+06 
1.491538e+02 3.470798e+07 3.814935e+06 
1.538424e+02 3.404272e+07 3.814935e+06 
2.064031e+02 3.167588e+07 3.814935e+06 
1.753078e+02 3.274224e+07 3.814935e+06 
1.588553e+02 3.355586e+07 3.814935e+06 
1.571223e+02 3.373686e+07 3.814935e+06 
1.488282e+02 3.498369e+07 3.814935e+06 
1.601943e+02 3.350047e+07 3.814935e+06 

1.692675e+02 3.321196e+07 3.814935e+06 
1.823640e+02 3.256053e+07 3.814935e+06 
1.763359e+02 3.285087e+07 3.814935e+06 
1.504110e+02 3.434526e+07 3.814935e+06 
1.947208e+02 3.224454e+07 3.814935e+06 
1.898787e+02 3.225884e+07 3.814935e+06 
1.487959e+02 3.510931e+07 3.814935e+06 
2.060238e+02 3.188480e+07 3.814935e+06 
1.482747e+02 3.548508e+07 3.814935e+06 
1.482747e+02 3.548508e+07 3.814935e+06 
1.482747e+02 3.548508e+07 3.814935e+06 
1.482747e+02 3.548508e+07 3.814935e+06 
1.482747e+02 3.548508e+07 3.814935e+06 
1.482747e+02 3.548508e+07 3.814935e+06 
1.482747e+02 3.548508e+07 3.814935e+06 
1.482747e+02 3.548508e+07 3.814935e+06 
1.482747e+02 3.548508e+07 3.814935e+06 
1.482747e+02 3.548508e+07 3.814935e+06 
1.482747e+02 3.548508e+07 3.814935e+06 
1.482747e+02 3.548508e+07 3.814935e+06 
1.482747e+02 3.548508e+07 3.814935e+06 
1.482747e+02 3.548508e+07 3.814935e+06 
1.482747e+02 3.548508e+07 3.814935e+06 
1.482747e+02 3.548508e+07 3.814935e+06 
1.482747e+02 3.548508e+07 3.814935e+06 
1.482747e+02 3.548508e+07 3.814935e+06 
1.482747e+02 3.548508e+07 3.814935e+06 
1.482747e+02 3.548508e+07 3.814935e+06 
1.482747e+02 3.548508e+07 3.814935e+06 
1.482747e+02 3.548508e+07 3.814935e+06 
1.482747e+02 3.548508e+07 3.814935e+06 
1.482747e+02 3.548508e+07 3.814935e+06 
1.482747e+02 3.548508e+07 3.814935e+06 
1.482747e+02 3.548508e+07 3.814935e+06 
1.482747e+02 3.548508e+07 3.814935e+06 
1.482747e+02 3.548508e+07 3.814935e+06 
1.482747e+02 3.548508e+07 3.814935e+06 
1.482747e+02 3.548508e+07 3.814935e+06 
1.482747e+02 3.548508e+07 3.814935e+06 
1.482747e+02 3.548508e+07 3.814935e+06 
1.482747e+02 3.548508e+07 3.814935e+06 
1.482747e+02 3.548508e+07 3.814935e+06 
1.482747e+02 3.548508e+07 3.814935e+06 
1.482747e+02 3.548508e+07 3.814935e+06 
1.482747e+02 3.548508e+07 3.814935e+06 
1.482747e+02 3.548508e+07 3.814935e+06 
1.482747e+02 3.548508e+07 3.814935e+06 
1.482747e+02 3.548508e+07 3.814935e+06 
1.482747e+02 3.548508e+07 3.814935e+06 
1.482747e+02 3.548508e+07 3.814935e+06 
1.482747e+02 3.548508e+07 3.814935e+06 
1.482747e+02 3.548508e+07 3.814935e+06 
1.482747e+02 3.548508e+07 3.814935e+06 
1.482747e+02 3.548508e+07 3.814935e+06 
1.482747e+02 3.548508e+07 3.814935e+06 
1.482747e+02 3.548508e+07 3.814935e+06 
1.546725e+02 3.443079e+07 3.814935e+06 
1.560112e+02 3.390995e+07 3.814935e+06 
1.837650e+02 3.247508e+07 3.814935e+06 
1.773352e+02 3.279033e+07 3.814935e+06 
1.751450e+02 3.298101e+07 3.814935e+06 
1.491376e+02 3.477079e+07 3.814935e+06 
2.161689e+02 3.166470e+07 3.814935e+06 
1.605203e+02 3.348891e+07 3.814935e+06 
1.985669e+02 3.193445e+07 3.814935e+06 
1.712533e+02 3.303016e+07 3.814935e+06 
1.828817e+02 3.237232e+07 3.814935e+06 
1.754625e+02 3.293771e+07 3.814935e+06 
2.052206e+02 3.175840e+07 3.814935e+06 
2.151172e+02 3.160793e+07 3.814935e+06 
1.793283e+02 3.264692e+07 3.814935e+06 
1.586031e+02 3.368736e+07 3.814935e+06 
1.575866e+02 3.384217e+07 3.814935e+06 
1.915097e+02 3.212220e+07 3.814935e+06 
1.489259e+02 3.493366e+07 3.814935e+06 
1.704175e+02 3.317580e+07 3.814935e+06 
1.649867e+02 3.339190e+07 3.814935e+06 
1.666604e+02 3.330071e+07 3.814935e+06 
1.642533e+02 3.343534e+07 3.814935e+06 
1.904035e+02 3.219895e+07 3.814935e+06 
2.003057e+02 3.188771e+07 3.814935e+06 
1.708513e+02 3.299355e+07 3.814935e+06 
1.680233e+02 3.321818e+07 3.814935e+06 
1.638350e+02 3.344789e+07 3.814935e+06 
1.493170e+02 3.473355e+07 3.814935e+06 
1.652494e+02 3.331600e+07 3.814935e+06 
1.960282e+02 3.202428e+07 3.814935e+06 
1.658753e+02 3.326173e+07 3.814935e+06 
1.869924e+02 3.231282e+07 3.814935e+06 
1.551031e+02 3.395632e+07 3.814935e+06 
1.571250e+02 3.374736e+07 3.814935e+06 
2.101424e+02 3.172498e+07 3.814935e+06 
1.536461e+02 3.408228e+07 3.814935e+06 
2.242076e+02 3.152431e+07 3.814935e+06 
1.789089e+02 3.267392e+07 3.814935e+06 
1.802188e+02 3.259630e+07 3.814935e+06 
1.500038e+02 3.460819e+07 3.814935e+06 
1.762891e+02 3.288992e+07 3.814935e+06 
1.494503e+02 3.510957e+07 3.814935e+06 
1.501016e+02 3.455816e+07 3.814935e+06 

2.070186e+02 3.145895e+07 3.814935e+06 
1.800448e+02 3.241765e+07 3.814935e+06 
2.074259e+02 3.137699e+07 3.814935e+06 
1.564129e+02 3.413842e+07 3.814935e+06 
1.486981e+02 3.515934e+07 3.814935e+06 
1.714992e+02 3.272548e+07 3.814935e+06 
1.482747e+02 3.548508e+07 3.814935e+06 
1.482747e+02 3.548508e+07 3.814935e+06 
1.482747e+02 3.548508e+07 3.814935e+06 
1.482747e+02 3.548508e+07 3.814935e+06 
1.482747e+02 3.548508e+07 3.814935e+06 
1.482747e+02 3.548508e+07 3.814935e+06 
1.482747e+02 3.548508e+07 3.814935e+06 
1.482747e+02 3.548508e+07 3.814935e+06 
1.482747e+02 3.548508e+07 3.814935e+06 
1.482747e+02 3.548508e+07 3.814935e+06 
1.482747e+02 3.548508e+07 3.814935e+06 
1.482747e+02 3.548508e+07 3.814935e+06 
1.482747e+02 3.548508e+07 3.814935e+06 
1.482747e+02 3.548508e+07 3.814935e+06 
1.482747e+02 3.548508e+07 3.814935e+06 
1.482747e+02 3.548508e+07 3.814935e+06 
1.482747e+02 3.548508e+07 3.814935e+06 
1.482747e+02 3.548508e+07 3.814935e+06 
1.482747e+02 3.548508e+07 3.814935e+06 
1.482747e+02 3.548508e+07 3.814935e+06 
1.482747e+02 3.548508e+07 3.814935e+06 
1.482747e+02 3.548508e+07 3.814935e+06 
1.482747e+02 3.548508e+07 3.814935e+06 
1.482747e+02 3.548508e+07 3.814935e+06 
1.482747e+02 3.548508e+07 3.814935e+06 
1.482747e+02 3.548508e+07 3.814935e+06 
1.482747e+02 3.548508e+07 3.814935e+06 
1.482747e+02 3.548508e+07 3.814935e+06 
1.482747e+02 3.548508e+07 3.814935e+06 
1.482747e+02 3.548508e+07 3.814935e+06 
1.482747e+02 3.548508e+07 3.814935e+06 
1.482747e+02 3.548508e+07 3.814935e+06 
1.482747e+02 3.548508e+07 3.814935e+06 
1.482747e+02 3.548508e+07 3.814935e+06 
1.482747e+02 3.548508e+07 3.814935e+06 
1.482747e+02 3.548508e+07 3.814935e+06 
1.482747e+02 3.548508e+07 3.814935e+06 
1.482747e+02 3.548508e+07 3.814935e+06 
1.482747e+02 3.548508e+07 3.814935e+06 
1.482747e+02 3.548508e+07 3.814935e+06 
1.482747e+02 3.548508e+07 3.814935e+06 
1.482747e+02 3.548508e+07 3.814935e+06 
1.482747e+02 3.548508e+07 3.814935e+06 
1.482747e+02 3.548508e+07 3.814935e+06 
1.482747e+02 3.548508e+07 3.814935e+06 
1.482747e+02 3.548508e+07 3.814935e+06 
1.482747e+02 3.548508e+07 3.814935e+06 
1.482747e+02 3.548508e+07 3.814935e+06 
1.482747e+02 3.548508e+07 3.814935e+06 
1.638920e+02 3.322608e+07 3.814935e+06 
1.602777e+02 3.358500e+07 3.814935e+06 
1.491538e+02 3.470798e+07 3.814935e+06 
2.013193e+02 3.177264e+07 3.814935e+06 
1.808155e+02 3.237266e+07 3.814935e+06 
1.729553e+02 3.266676e+07 3.814935e+06 
2.135521e+02 3.133160e+07 3.814935e+06 
2.045750e+02 3.153332e+07 3.814935e+06 
1.619888e+02 3.342234e+07 3.814935e+06 
1.691473e+02 3.292216e+07 3.814935e+06 
1.534119e+02 3.424184e+07 3.814935e+06 
1.725584e+02 3.271857e+07 3.814935e+06 
1.527252e+02 3.436720e+07 3.814935e+06 
1.569519e+02 3.375339e+07 3.814935e+06 
1.576399e+02 3.366757e+07 3.814935e+06 
2.247582e+02 3.112605e+07 3.814935e+06 
1.763028e+02 3.251766e+07 3.814935e+06 
1.687353e+02 3.306142e+07 3.814935e+06 
1.837468e+02 3.225764e+07 3.814935e+06 
1.489098e+02 3.499647e+07 3.814935e+06 
2.020872e+02 3.171580e+07 3.814935e+06 
1.773696e+02 3.245108e+07 3.814935e+06 
1.647869e+02 3.315385e+07 3.814935e+06 
2.187303e+02 3.122450e+07 3.814935e+06 
1.957910e+02 3.179023e+07 3.814935e+06 
1.564290e+02 3.407561e+07 3.814935e+06 
1.909763e+02 3.212483e+07 3.814935e+06 
1.745184e+02 3.255382e+07 3.814935e+06 
1.501509e+02 3.469656e+07 3.814935e+06 
1.542458e+02 3.420486e+07 3.814935e+06 
2.244626e+02 3.109319e+07 3.814935e+06 
1.665784e+02 3.314728e+07 3.814935e+06 
1.483725e+02 3.543505e+07 3.814935e+06 
1.508377e+02 3.457120e+07 3.814935e+06 
1.520303e+02 3.445972e+07 3.814935e+06 
1.532980e+02 3.435468e+07 3.814935e+06 
2.023002e+02 3.167141e+07 3.814935e+06 
1.491053e+02 3.489641e+07 3.814935e+06 
1.671179e+02 3.311719e+07 3.814935e+06 
1.931515e+02 3.195475e+07 3.814935e+06 
1.846731e+02 3.219111e+07 3.814935e+06 
1.869836e+02 3.212565e+07 3.814935e+06 
1.625348e+02 3.330137e+07 3.814935e+06 
1.613294e+02 3.349506e+07 3.814935e+06 
1.674055e+02 3.309623e+07 3.814935e+06 

1.662917e+02 3.322424e+07 3.814935e+06 
1.518832e+02 3.437135e+07 3.814935e+06 
1.572690e+02 3.381691e+07 3.814935e+06 
1.667878e+02 3.308704e+07 3.814935e+06 
1.933894e+02 3.237711e+07 3.814935e+06 
1.739360e+02 3.286077e+07 3.814935e+06 
1.482747e+02 3.548508e+07 3.814935e+06 
1.482747e+02 3.548508e+07 3.814935e+06 
1.482747e+02 3.548508e+07 3.814935e+06 
1.482747e+02 3.548508e+07 3.814935e+06 
1.482747e+02 3.548508e+07 3.814935e+06 
1.482747e+02 3.548508e+07 3.814935e+06 
1.482747e+02 3.548508e+07 3.814935e+06 
1.482747e+02 3.548508e+07 3.814935e+06 
1.482747e+02 3.548508e+07 3.814935e+06 
1.482747e+02 3.548508e+07 3.814935e+06 
1.482747e+02 3.548508e+07 3.814935e+06 
1.482747e+02 3.548508e+07 3.814935e+06 
1.482747e+02 3.548508e+07 3.814935e+06 
1.482747e+02 3.548508e+07 3.814935e+06 
1.482747e+02 3.548508e+07 3.814935e+06 
1.482747e+02 3.548508e+07 3.814935e+06 
1.482747e+02 3.548508e+07 3.814935e+06 
1.482747e+02 3.548508e+07 3.814935e+06 
1.482747e+02 3.548508e+07 3.814935e+06 
1.482747e+02 3.548508e+07 3.814935e+06 
1.482747e+02 3.548508e+07 3.814935e+06 
1.482747e+02 3.548508e+07 3.814935e+06 
1.482747e+02 3.548508e+07 3.814935e+06 
1.482747e+02 3.548508e+07 3.814935e+06 
1.482747e+02 3.548508e+07 3.814935e+06 
1.482747e+02 3.548508e+07 3.814935e+06 
1.482747e+02 3.548508e+07 3.814935e+06 
1.482747e+02 3.548508e+07 3.814935e+06 
1.482747e+02 3.548508e+07 3.814935e+06 
1.482747e+02 3.548508e+07 3.814935e+06 
1.482747e+02 3.548508e+07 3.814935e+06 
1.482747e+02 3.548508e+07 3.814935e+06 
1.482747e+02 3.548508e+07 3.814935e+06 
1.482747e+02 3.548508e+07 3.814935e+06 
1.482747e+02 3.548508e+07 3.814935e+06 
1.482747e+02 3.548508e+07 3.814935e+06 
1.482747e+02 3.548508e+07 3.814935e+06 
1.482747e+02 3.548508e+07 3.814935e+06 
1.482747e+02 3.548508e+07 3.814935e+06 
1.482747e+02 3.548508e+07 3.814935e+06 
1.482747e+02 3.548508e+07 3.814935e+06 
1.482747e+02 3.548508e+07 3.814935e+06 
1.482747e+02 3.548508e+07 3.814935e+06 
1.482747e+02 3.548508e+07 3.814935e+06 
1.482747e+02 3.548508e+07 3.814935e+06 
1.482747e+02 3.548508e+07 3.814935e+06 
1.482747e+02 3.548508e+07 3.814935e+06 
1.482747e+02 3.548508e+07 3.814935e+06 
1.482747e+02 3.548508e+07 3.814935e+06 
1.621834e+02 3.352710e+07 3.814935e+06 
2.043515e+02 3.189255e+07 3.814935e+06 
1.514794e+02 3.449042e+07 3.814935e+06 
1.513723e+02 3.449215e+07 3.814935e+06 
1.508377e+02 3.457120e+07 3.814935e+06 
1.701814e+02 3.302300e+07 3.814935e+06 
1.552503e+02 3.399982e+07 3.814935e+06 
1.490398e+02 3.482082e+07 3.814935e+06 
1.488936e+02 3.505928e+07 3.814935e+06 
1.650211e+02 3.324132e+07 3.814935e+06 
1.630610e+02 3.328346e+07 3.814935e+06 
1.725757e+02 3.293566e+07 3.814935e+06 
1.712877e+02 3.296571e+07 3.814935e+06 
1.492192e+02 3.478358e+07 3.814935e+06 
1.629423e+02 3.337772e+07 3.814935e+06 
1.607889e+02 3.360373e+07 3.814935e+06 
1.941438e+02 3.232904e+07 3.814935e+06 
1.618973e+02 3.353837e+07 3.814935e+06 
1.566407e+02 3.391274e+07 3.814935e+06 
1.628637e+02 3.351496e+07 3.814935e+06 
1.821233e+02 3.239030e+07 3.814935e+06 
1.585633e+02 3.373378e+07 3.814935e+06 
1.500531e+02 3.474659e+07 3.814935e+06 
1.681555e+02 3.303962e+07 3.814935e+06 
1.591216e+02 3.364049e+07 3.814935e+06 
1.803236e+02 3.266291e+07 3.814935e+06 
1.776674e+02 3.274504e+07 3.814935e+06 
1.535097e+02 3.419181e+07 3.814935e+06 
1.509892e+02 3.450601e+07 3.814935e+06 
1.572624e+02 3.389823e+07 3.814935e+06 
1.923663e+02 3.238361e+07 3.814935e+06 
1.487797e+02 3.517212e+07 3.814935e+06 
1.500854e+02 3.462097e+07 3.814935e+06 
1.525942e+02 3.421602e+07 3.814935e+06 
2.008890e+02 3.192930e+07 3.814935e+06 
1.535259e+02 3.412900e+07 3.814935e+06 
1.962904e+02 3.200980e+07 3.814935e+06 
1.942261e+02 3.208900e+07 3.814935e+06 
1.937492e+02 3.237538e+07 3.814935e+06 
1.813000e+02 3.256768e+07 3.814935e+06 
1.518935e+02 3.432494e+07 3.814935e+06 
1.750318e+02 3.281970e+07 3.814935e+06 
1.516061e+02 3.445862e+07 3.814935e+06 
1.664551e+02 3.311094e+07 3.814935e+06 
1.488762e+02 3.511602e+07 3.814935e+06 

