8.828350e+03 3.544221e+07 9.121750e+05 
8.992100e+03 3.502186e+07 9.064920e+05 
8.759950e+03 3.555996e+07 9.479465e+05 
8.915850e+03 3.437678e+07 9.363151e+05 
8.324950e+03 3.380740e+07 1.159753e+06 
7.386500e+03 3.078919e+07 1.872630e+06 
6.987700e+03 2.915100e+07 1.957750e+06 
6.805950e+03 2.833252e+07 2.213108e+06 
7.894900e+03 3.304276e+07 1.361913e+06 
7.569400e+03 3.097256e+07 1.670470e+06 
8.115150e+03 3.342954e+07 1.208656e+06 
6.781200e+03 2.850779e+07 2.298228e+06 
8.476250e+03 3.461659e+07 9.820330e+05 
7.959050e+03 3.292270e+07 1.284197e+06 
8.330400e+03 3.402227e+07 9.895141e+05 
6.973550e+03 2.889656e+07 2.127989e+06 
8.095500e+03 3.435354e+07 1.276793e+06 
7.483500e+03 3.062627e+07 1.787511e+06 
8.098150e+03 3.332620e+07 1.276793e+06 
7.844100e+03 3.259458e+07 1.532152e+06 
7.832550e+03 3.271087e+07 1.532152e+06 
7.457400e+03 3.052651e+07 1.872630e+06 
6.970400e+03 2.898573e+07 2.042869e+06 
7.396750e+03 3.077001e+07 1.787511e+06 
6.950100e+03 2.891869e+07 2.127989e+06 

8.743800e+03 3.497038e+07 9.121750e+05 
8.688050e+03 3.539870e+07 9.121750e+05 
8.714050e+03 3.491200e+07 9.363151e+05 
7.944900e+03 3.249619e+07 1.447032e+06 
6.860150e+03 2.893459e+07 2.127989e+06 
7.936300e+03 3.264854e+07 1.500231e+06 
6.673600e+03 2.781018e+07 2.553587e+06 
6.749300e+03 2.822021e+07 2.213108e+06 
8.652800e+03 3.441170e+07 9.479465e+05 
7.066950e+03 2.940195e+07 1.787511e+06 
7.083300e+03 2.926356e+07 1.872630e+06 
7.723100e+03 3.177448e+07 1.532152e+06 
6.720850e+03 2.815297e+07 2.298228e+06 
6.683750e+03 2.793141e+07 2.383347e+06 
7.027900e+03 2.932904e+07 1.872630e+06 
6.665450e+03 2.786675e+07 2.468467e+06 
6.712050e+03 2.787894e+07 2.383347e+06 
8.446350e+03 3.397056e+07 9.895141e+05 
6.723250e+03 2.802225e+07 2.298228e+06 
6.796000e+03 2.811682e+07 2.553587e+06 
8.606700e+03 3.496387e+07 9.363151e+05 
6.939200e+03 2.899036e+07 2.042869e+06 
6.996350e+03 2.943659e+07 1.872630e+06 
6.730250e+03 2.833971e+07 2.213108e+06 
6.906900e+03 2.908537e+07 1.957750e+06 

7.167550e+03 2.994198e+07 2.127989e+06 
6.429000e+03 2.653367e+07 2.213108e+06 
7.093250e+03 3.001260e+07 2.042869e+06 
8.257850e+03 3.405024e+07 1.234234e+06 
7.525900e+03 3.101198e+07 1.627911e+06 
8.360100e+03 3.411605e+07 1.202313e+06 
7.582100e+03 3.095260e+07 1.659831e+06 
8.314550e+03 3.434440e+07 1.208656e+06 
7.498500e+03 3.059622e+07 1.744951e+06 
7.488600e+03 3.049780e+07 1.787511e+06 
8.158500e+03 3.298050e+07 1.287433e+06 
7.147950e+03 3.039353e+07 1.872630e+06 
7.118900e+03 2.999230e+07 2.170549e+06 
8.581550e+03 3.463435e+07 9.820330e+05 
8.447250e+03 3.506133e+07 1.133115e+06 
7.486150e+03 3.085221e+07 1.702391e+06 
7.621750e+03 3.108772e+07 1.532152e+06 
7.192150e+03 3.058103e+07 2.000309e+06 
8.503150e+03 3.464786e+07 1.159753e+06 
8.085350e+03 3.350726e+07 1.447032e+06 
8.259350e+03 3.419476e+07 1.359738e+06 
7.077050e+03 3.013581e+07 2.000309e+06 
8.341600e+03 3.393931e+07 1.208656e+06 
8.120850e+03 3.335984e+07 1.447032e+06 
8.526500e+03 3.479634e+07 1.133115e+06 

8.225250e+03 3.466132e+07 9.363151e+05 
8.219650e+03 3.470399e+07 9.363151e+05 
7.083400e+03 2.983172e+07 1.872630e+06 
8.145050e+03 3.428153e+07 9.658323e+05 
7.199600e+03 3.024880e+07 1.787511e+06 
8.183400e+03 3.323111e+07 1.021435e+06 
6.716250e+03 2.729465e+07 2.468467e+06 
7.225900e+03 2.997058e+07 1.787511e+06 
8.079300e+03 3.397327e+07 9.895141e+05 
6.733300e+03 2.813383e+07 2.213108e+06 
7.621700e+03 3.214779e+07 1.447032e+06 
6.670250e+03 2.742748e+07 2.383347e+06 
6.735750e+03 2.823411e+07 2.127989e+06 
6.639350e+03 2.765624e+07 2.468467e+06 
7.444250e+03 3.145029e+07 1.617271e+06 
8.183500e+03 3.308841e+07 1.133115e+06 
7.450150e+03 3.159645e+07 1.532152e+06 
8.568900e+03 3.505714e+07 8.987604e+05 
8.052900e+03 3.368909e+07 1.021435e+06 
6.715450e+03 2.845604e+07 2.213108e+06 
7.442300e+03 3.170904e+07 1.617271e+06 
7.857550e+03 3.247210e+07 1.191674e+06 
8.225500e+03 3.461423e+07 9.363151e+05 
7.223900e+03 3.000237e+07 1.787511e+06 
6.829000e+03 2.859162e+07 2.042869e+06 

8.641350e+03 3.590908e+07 8.765331e+05 
8.327950e+03 3.411952e+07 9.064920e+05 
7.158400e+03 2.957464e+07 1.787511e+06 
7.582800e+03 3.126777e+07 1.404473e+06 
7.107100e+03 3.012271e+07 1.957750e+06 
7.149400e+03 3.030897e+07 1.840710e+06 
6.754250e+03 2.770726e+07 2.213108e+06 
6.675000e+03 2.756787e+07 2.298228e+06 
7.108950e+03 2.981269e+07 1.957750e+06 
6.535100e+03 2.697380e+07 2.468467e+06 
7.865950e+03 3.237951e+07 9.820330e+05 
6.866900e+03 2.797557e+07 2.127989e+06 
7.414500e+03 3.110360e+07 1.659831e+06 
7.219400e+03 3.038793e+07 1.755590e+06 
7.434900e+03 3.114721e+07 1.585351e+06 
6.853000e+03 2.814357e+07 2.127989e+06 
7.360550e+03 3.093888e+07 1.670470e+06 
6.699600e+03 2.734934e+07 2.383347e+06 
7.958800e+03 3.290585e+07 9.363151e+05 
8.123250e+03 3.316270e+07 9.121750e+05 
7.463950e+03 3.137879e+07 1.532152e+06 
7.486150e+03 3.085679e+07 1.659831e+06 
7.797150e+03 3.266611e+07 1.191674e+06 
7.135150e+03 2.956549e+07 2.010949e+06 
7.386300e+03 3.080521e+07 1.744951e+06 

6.867900e+03 2.826543e+07 2.042869e+06 
8.625550e+03 3.530397e+07 9.558168e+05 
7.519400e+03 3.190228e+07 1.617271e+06 
6.909250e+03 2.823424e+07 2.127989e+06 
8.107900e+03 3.358184e+07 1.415112e+06 
8.150650e+03 3.360802e+07 1.276793e+06 
8.117250e+03 3.376777e+07 1.276793e+06 
8.404100e+03 3.451247e+07 1.106554e+06 
6.833400e+03 2.834909e+07 2.127989e+06 
6.735850e+03 2.778894e+07 2.213108e+06 
7.520850e+03 3.144273e+07 1.617271e+06 
7.362900e+03 3.084495e+07 1.787511e+06 
8.688850e+03 3.615247e+07 9.363151e+05 
6.827600e+03 2.848124e+07 2.127989e+06 
7.291550e+03 3.070406e+07 1.957750e+06 
8.504950e+03 3.506069e+07 1.057574e+06 
7.317050e+03 3.069959e+07 1.872630e+06 
7.321450e+03 3.067124e+07 1.872630e+06 
8.101750e+03 3.364268e+07 1.447032e+06 
7.326600e+03 3.060826e+07 1.872630e+06 
7.302050e+03 3.088404e+07 1.787511e+06 
8.138050e+03 3.352641e+07 1.585351e+06 
7.339150e+03 3.084616e+07 1.702391e+06 
6.564500e+03 2.703509e+07 2.468467e+06 
6.710250e+03 2.776645e+07 2.383347e+06 

8.395800e+03 3.460707e+07 9.064920e+05 
8.335850e+03 3.404100e+07 9.363151e+05 
8.262950e+03 3.414407e+07 9.363151e+05 
8.222250e+03 3.376736e+07 9.820330e+05 
7.119200e+03 2.996292e+07 1.744951e+06 
7.034900e+03 3.010608e+07 2.042869e+06 
7.115200e+03 3.026969e+07 1.872630e+06 
7.268400e+03 3.012519e+07 1.659831e+06 
8.497350e+03 3.550727e+07 8.853436e+05 
8.025800e+03 3.294647e+07 1.191674e+06 
7.580800e+03 3.150222e+07 1.447032e+06 
7.013550e+03 2.949166e+07 2.213108e+06 
7.985100e+03 3.364948e+07 1.276793e+06 
7.605200e+03 3.135839e+07 1.532152e+06 
7.044750e+03 3.008617e+07 2.042869e+06 
7.558900e+03 3.151602e+07 1.447032e+06 
7.536300e+03 3.168444e+07 1.489592e+06 
7.214050e+03 3.018906e+07 1.659831e+06 
7.075800e+03 2.976072e+07 2.127989e+06 
6.980550e+03 2.973097e+07 2.383347e+06 
7.692900e+03 3.187753e+07 1.404473e+06 
7.153450e+03 2.975927e+07 1.744951e+06 
6.976750e+03 2.977118e+07 2.127989e+06 
7.028600e+03 3.014992e+07 1.957750e+06 
7.190600e+03 2.996238e+07 1.702391e+06 

8.579900e+03 3.589636e+07 1.159753e+06 
8.746350e+03 3.613706e+07 9.064920e+05 
8.670650e+03 3.583308e+07 9.820330e+05 
8.585000e+03 3.552964e+07 9.895141e+05 
7.482650e+03 3.176339e+07 1.435279e+06 
7.434850e+03 3.153547e+07 1.532152e+06 
7.589500e+03 3.122422e+07 1.510820e+06 
8.125550e+03 3.415414e+07 1.359738e+06 
7.438150e+03 3.131754e+07 1.532152e+06 
7.477750e+03 3.116207e+07 1.532152e+06 
7.201850e+03 3.014845e+07 1.585351e+06 
7.542300e+03 3.138236e+07 1.435279e+06 
6.565650e+03 2.697810e+07 2.298228e+06 
7.529800e+03 3.108403e+07 1.532152e+06 
6.649850e+03 2.717981e+07 2.213108e+06 
8.135750e+03 3.448469e+07 1.284197e+06 
7.352750e+03 3.161558e+07 1.500231e+06 
7.078400e+03 2.985170e+07 1.840710e+06 
7.062000e+03 2.970063e+07 1.925829e+06 
6.636450e+03 2.746873e+07 2.127989e+06 
8.118500e+03 3.440146e+07 1.359738e+06 
6.578800e+03 2.723806e+07 2.213108e+06 
8.630850e+03 3.529290e+07 1.159753e+06 
7.078000e+03 2.995577e+07 1.755590e+06 
8.597200e+03 3.545658e+07 1.159753e+06 

8.465550e+03 3.565928e+07 1.191674e+06 
8.693100e+03 3.656911e+07 9.064920e+05 
8.654400e+03 3.619534e+07 9.363151e+05 
8.091600e+03 3.304205e+07 1.532152e+06 
6.689300e+03 2.741442e+07 2.127989e+06 
8.152650e+03 3.315673e+07 1.361913e+06 
7.245700e+03 3.036426e+07 1.617271e+06 
8.199550e+03 3.298610e+07 1.447032e+06 
8.282750e+03 3.322563e+07 1.284197e+06 
8.347800e+03 3.308000e+07 1.361913e+06 
7.217750e+03 3.039696e+07 1.702391e+06 
8.206750e+03 3.286964e+07 1.415112e+06 
8.540900e+03 3.534169e+07 1.208656e+06 
8.300350e+03 3.485968e+07 1.244873e+06 
8.557350e+03 3.555573e+07 1.133115e+06 
8.136450e+03 3.373493e+07 1.361913e+06 
7.222700e+03 3.041868e+07 1.617271e+06 
6.649200e+03 2.737390e+07 2.468467e+06 
8.495500e+03 3.563281e+07 9.820330e+05 
8.192650e+03 3.314125e+07 1.435279e+06 
6.671050e+03 2.740747e+07 2.383347e+06 
8.056900e+03 3.346049e+07 1.447032e+06 
6.660650e+03 2.741447e+07 2.383347e+06 
6.690600e+03 2.739763e+07 2.383347e+06 
6.692450e+03 2.723264e+07 2.383347e+06 

7.558150e+03 3.074415e+07 1.361913e+06 
7.494000e+03 3.070605e+07 1.404473e+06 
7.015900e+03 2.902122e+07 1.957750e+06 
8.349000e+03 3.318026e+07 9.954608e+05 
8.002000e+03 3.286248e+07 1.361913e+06 
6.868700e+03 2.843794e+07 1.872630e+06 
7.956750e+03 3.317459e+07 1.361913e+06 
6.659800e+03 2.749591e+07 2.127989e+06 
8.041000e+03 3.316835e+07 1.276793e+06 
6.993100e+03 2.848240e+07 1.702391e+06 
8.123950e+03 3.291869e+07 1.191674e+06 
8.243100e+03 3.265882e+07 1.159753e+06 
6.944750e+03 2.833393e+07 1.787511e+06 
6.637900e+03 2.728624e+07 2.127989e+06 
8.216550e+03 3.315334e+07 1.106554e+06 
6.873850e+03 2.852529e+07 1.787511e+06 
7.459900e+03 3.086113e+07 1.532152e+06 
8.275350e+03 3.292791e+07 1.106554e+06 
7.438750e+03 3.046702e+07 1.574712e+06 
6.693650e+03 2.763471e+07 1.957750e+06 
6.888950e+03 2.841300e+07 1.787511e+06 
6.969850e+03 2.856947e+07 1.702391e+06 
7.539750e+03 3.070034e+07 1.404473e+06 
7.574300e+03 3.073733e+07 1.361913e+06 
6.612000e+03 2.729682e+07 2.042869e+06 

