6.830900e+03 2.794732e+07 1.702391e+06 
6.232550e+03 2.526439e+07 2.298228e+06 
6.228500e+03 2.534584e+07 2.298228e+06 
6.793800e+03 2.747597e+07 1.787511e+06 
6.259650e+03 2.539216e+07 2.213108e+06 
6.852300e+03 2.858739e+07 1.510820e+06 
7.291150e+03 2.981787e+07 1.361913e+06 
6.791450e+03 2.846301e+07 1.702391e+06 
8.100900e+03 3.285441e+07 1.106554e+06 
1.069335e+04 4.004391e+07 8.525681e+05 
6.872250e+03 2.835944e+07 1.586361e+06 
6.380750e+03 2.599952e+07 2.042869e+06 
6.333950e+03 2.591734e+07 2.042869e+06 
7.362000e+03 3.025910e+07 1.359738e+06 
7.407900e+03 3.034135e+07 1.284197e+06 
6.979550e+03 2.929564e+07 1.435279e+06 
8.199350e+03 3.327199e+07 1.074634e+06 
6.839250e+03 2.819612e+07 1.617271e+06 
7.841450e+03 3.167720e+07 1.191674e+06 
7.309300e+03 2.974938e+07 1.361913e+06 
6.884700e+03 2.854988e+07 1.510820e+06 
6.840100e+03 2.781633e+07 1.702391e+06 
8.254000e+03 3.328473e+07 1.057574e+06 
6.332300e+03 2.553307e+07 2.127989e+06 
7.395800e+03 3.012467e+07 1.329992e+06 
8.347550e+03 3.403599e+07 9.926605e+05 
6.215000e+03 2.516769e+07 2.383347e+06 
1.027500e+04 3.980714e+07 8.853436e+05 
7.366650e+03 3.008155e+07 1.276793e+06 
8.627400e+03 3.418819e+07 9.820330e+05 
8.220450e+03 3.323969e+07 1.057574e+06 
6.349350e+03 2.543432e+07 2.127989e+06 
6.330700e+03 2.556365e+07 2.127989e+06 
6.197500e+03 2.543586e+07 2.553587e+06 
6.988050e+03 2.934401e+07 1.435279e+06 
6.820750e+03 2.847836e+07 1.702391e+06 
8.189400e+03 3.333301e+07 1.057574e+06 
6.829350e+03 2.831828e+07 1.586361e+06 
6.248000e+03 2.556012e+07 2.213108e+06 
8.903900e+03 3.544978e+07 9.117708e+05 
6.581300e+03 2.713410e+07 1.957750e+06 
6.822750e+03 2.806336e+07 1.617271e+06 
6.365200e+03 2.549361e+07 2.127989e+06 
8.805650e+03 3.524917e+07 9.211174e+05 
1.025850e+04 3.954689e+07 8.853436e+05 
8.751550e+03 3.517171e+07 9.211174e+05 
6.248400e+03 2.539298e+07 2.213108e+06 
6.980550e+03 2.923053e+07 1.447032e+06 
6.189500e+03 2.536053e+07 2.468467e+06 
6.206950e+03 2.542847e+07 2.383347e+06 
9.027600e+03 3.608682e+07 9.064920e+05 
6.773450e+03 2.740577e+07 1.787511e+06 
8.459600e+03 3.391403e+07 9.895141e+05 
1.042545e+04 3.982842e+07 8.525681e+05 
6.879950e+03 2.780115e+07 1.702391e+06 
6.197100e+03 2.525189e+07 2.553587e+06 
6.962150e+03 2.847674e+07 1.510820e+06 
8.104700e+03 3.286958e+07 1.133115e+06 
6.613550e+03 2.708062e+07 1.957750e+06 
6.693450e+03 2.733006e+07 1.872630e+06 
6.244000e+03 2.518129e+07 2.298228e+06 
6.222750e+03 2.551806e+07 2.468467e+06 
6.312350e+03 2.557989e+07 2.127989e+06 
6.902000e+03 2.776612e+07 1.702391e+06 
6.640150e+03 2.726730e+07 1.872630e+06 
8.582150e+03 3.451210e+07 9.363151e+05 
7.482900e+03 3.025911e+07 1.208656e+06 
6.344350e+03 2.550898e+07 2.127989e+06 
6.271700e+03 2.536811e+07 2.213108e+06 
6.769050e+03 2.754528e+07 1.787511e+06 
7.467050e+03 3.077987e+07 1.276793e+06 
6.967450e+03 2.918024e+07 1.447032e+06 
8.769100e+03 3.501043e+07 9.568890e+05 
6.795250e+03 2.811133e+07 1.702391e+06 
6.211200e+03 2.518349e+07 2.468467e+06 
6.894350e+03 2.845113e+07 1.532152e+06 
8.444700e+03 3.389345e+07 9.895141e+05 
6.801850e+03 2.793863e+07 1.702391e+06 
6.871150e+03 2.855638e+07 1.510820e+06 
6.894250e+03 2.862701e+07 1.510820e+06 
7.470800e+03 3.020789e+07 1.208656e+06 
6.900500e+03 2.854656e+07 1.532152e+06 
8.320150e+03 3.377005e+07 1.021435e+06 
6.286750e+03 2.536709e+07 2.213108e+06 
6.925100e+03 2.851450e+07 1.510820e+06 
6.831850e+03 2.791561e+07 1.702391e+06 
7.338200e+03 2.983684e+07 1.361913e+06 
7.831000e+03 3.167660e+07 1.191674e+06 
6.309750e+03 2.561417e+07 2.127989e+06 
6.230450e+03 2.532564e+07 2.553587e+06 
7.373450e+03 3.007666e+07 1.329992e+06 
9.151700e+03 3.645715e+07 9.117708e+05 
8.069300e+03 3.257556e+07 1.133115e+06 
8.532950e+03 3.410800e+07 9.820330e+05 
8.122800e+03 3.299222e+07 1.106554e+06 
6.278950e+03 2.535880e+07 2.213108e+06 
6.222050e+03 2.513710e+07 2.298228e+06 
7.472550e+03 3.004179e+07 1.276793e+06 
6.596850e+03 2.706029e+07 1.957750e+06 
8.556400e+03 3.393712e+07 9.820330e+05 

7.029750e+03 2.873234e+07 1.510820e+06 
7.961900e+03 3.279614e+07 1.106554e+06 
6.942450e+03 2.846594e+07 1.586361e+06 
7.028650e+03 2.861120e+07 1.532152e+06 
9.219600e+03 3.770017e+07 8.309510e+05 
6.520650e+03 2.608806e+07 1.957750e+06 
7.095100e+03 2.893106e+07 1.510820e+06 
6.444400e+03 2.579389e+07 2.213108e+06 
7.720100e+03 3.163181e+07 1.276793e+06 
6.920750e+03 2.828727e+07 1.702391e+06 
6.340900e+03 2.558349e+07 2.298228e+06 
8.286350e+03 3.410964e+07 1.021435e+06 
8.292500e+03 3.329384e+07 9.820330e+05 
6.919400e+03 2.833800e+07 1.755590e+06 
6.263500e+03 2.513444e+07 2.468467e+06 
8.887050e+03 3.570726e+07 8.589143e+05 
6.239150e+03 2.509516e+07 2.553587e+06 
6.926650e+03 2.819014e+07 1.702391e+06 
6.303750e+03 2.532255e+07 2.383347e+06 
9.091950e+03 3.598822e+07 8.585176e+05 
6.426250e+03 2.595100e+07 2.213108e+06 
9.380600e+03 3.781011e+07 8.236766e+05 
6.328150e+03 2.532345e+07 2.383347e+06 
6.691000e+03 2.692951e+07 1.787511e+06 
7.429050e+03 3.067733e+07 1.361913e+06 
6.324100e+03 2.532201e+07 2.383347e+06 
9.089650e+03 3.724614e+07 8.511955e+05 
6.519800e+03 2.595909e+07 2.042869e+06 
9.531350e+03 3.938419e+07 8.227461e+05 
6.573400e+03 2.630234e+07 1.872630e+06 
7.769350e+03 3.196779e+07 1.159753e+06 
6.903650e+03 2.837146e+07 1.702391e+06 
6.271100e+03 2.513371e+07 2.468467e+06 
6.263100e+03 2.516281e+07 2.468467e+06 
6.936050e+03 2.818038e+07 1.702391e+06 
6.544250e+03 2.589188e+07 2.127989e+06 
9.444600e+03 3.792854e+07 8.236766e+05 
8.526800e+03 3.480493e+07 9.064920e+05 
8.848500e+03 3.554042e+07 8.808746e+05 
6.540250e+03 2.611950e+07 1.957750e+06 
7.461850e+03 3.097498e+07 1.284197e+06 
6.945550e+03 2.822456e+07 1.702391e+06 
7.813350e+03 3.200891e+07 1.159753e+06 
8.237050e+03 3.303828e+07 1.074634e+06 
6.604650e+03 2.636025e+07 1.872630e+06 
6.448200e+03 2.597075e+07 2.127989e+06 
7.008250e+03 2.831830e+07 1.617271e+06 
7.917300e+03 3.236571e+07 1.133115e+06 
9.201950e+03 3.871360e+07 8.309510e+05 
6.461600e+03 2.593139e+07 2.127989e+06 
6.241500e+03 2.513631e+07 2.553587e+06 
6.939600e+03 2.843378e+07 1.617271e+06 
6.239700e+03 2.517937e+07 2.468467e+06 
6.920750e+03 2.850131e+07 1.586361e+06 
6.479150e+03 2.595852e+07 2.042869e+06 
7.040600e+03 2.867712e+07 1.532152e+06 
7.833700e+03 3.279839e+07 1.057574e+06 
6.960950e+03 2.824860e+07 1.617271e+06 
9.074100e+03 3.650253e+07 8.585176e+05 
7.413250e+03 3.063628e+07 1.361913e+06 
7.214950e+03 2.986210e+07 1.447032e+06 
6.949150e+03 2.831954e+07 1.617271e+06 
7.850850e+03 3.233358e+07 1.133115e+06 
7.489450e+03 3.094740e+07 1.329992e+06 
7.753000e+03 3.186226e+07 1.208656e+06 
7.915100e+03 3.229791e+07 1.133115e+06 
7.414600e+03 3.070476e+07 1.359738e+06 
8.354250e+03 3.333893e+07 1.057574e+06 
6.293200e+03 2.514852e+07 2.468467e+06 
8.351750e+03 3.367021e+07 9.820330e+05 
9.121700e+03 3.681550e+07 8.412954e+05 
6.469450e+03 2.578796e+07 2.213108e+06 
7.497300e+03 3.100247e+07 1.284197e+06 
6.528100e+03 2.608670e+07 1.957750e+06 
8.495000e+03 3.525467e+07 8.764034e+05 
6.354850e+03 2.561660e+07 2.298228e+06 
9.395850e+03 3.927616e+07 8.227461e+05 
8.872850e+03 3.604473e+07 8.589143e+05 
7.387950e+03 3.067995e+07 1.361913e+06 
7.626900e+03 3.188443e+07 1.208656e+06 
6.506450e+03 2.581074e+07 2.213108e+06 
6.470400e+03 2.598732e+07 2.042869e+06 
6.298700e+03 2.536252e+07 2.383347e+06 
6.661600e+03 2.684323e+07 1.787511e+06 
8.541850e+03 3.485985e+07 9.064920e+05 
9.054900e+03 3.723830e+07 8.585176e+05 
7.762250e+03 3.177319e+07 1.208656e+06 
6.523850e+03 2.585409e+07 2.127989e+06 
9.134800e+03 3.639176e+07 8.585176e+05 
7.384650e+03 3.080894e+07 1.361913e+06 
6.975900e+03 2.862603e+07 1.532152e+06 
7.867300e+03 3.232010e+07 1.133115e+06 
7.354900e+03 3.050204e+07 1.435279e+06 
8.570600e+03 3.456451e+07 9.363151e+05 
6.956950e+03 2.831722e+07 1.617271e+06 
7.195300e+03 2.965527e+07 1.447032e+06 
9.173350e+03 3.717845e+07 8.511955e+05 
8.262750e+03 3.460810e+07 1.021435e+06 
6.462000e+03 2.589420e+07 2.127989e+06 
8.411350e+03 3.449225e+07 9.363151e+05 

8.321600e+03 3.332502e+07 1.021435e+06 
8.683400e+03 3.492361e+07 9.363151e+05 
6.326500e+03 2.593897e+07 2.298228e+06 
8.358450e+03 3.314637e+07 1.057574e+06 
7.772000e+03 3.141760e+07 1.276793e+06 
9.116950e+03 3.570746e+07 9.121750e+05 
7.640250e+03 3.058211e+07 1.415112e+06 
7.616600e+03 3.067638e+07 1.361913e+06 
6.673050e+03 2.705016e+07 2.042869e+06 
6.252650e+03 2.550128e+07 2.468467e+06 
6.233800e+03 2.561350e+07 2.553587e+06 
7.018050e+03 2.931754e+07 1.532152e+06 
6.870600e+03 2.845216e+07 1.787511e+06 
6.319650e+03 2.608117e+07 2.383347e+06 
6.892750e+03 2.841317e+07 1.702391e+06 
6.579950e+03 2.725828e+07 2.042869e+06 
8.323150e+03 3.327631e+07 1.063994e+06 
6.671500e+03 2.761109e+07 1.872630e+06 
6.249800e+03 2.549075e+07 2.553587e+06 
8.193450e+03 3.282632e+07 1.133115e+06 
6.521550e+03 2.664140e+07 2.127989e+06 
7.567550e+03 3.044800e+07 1.415112e+06 
8.623450e+03 3.495959e+07 9.820330e+05 
6.326250e+03 2.581697e+07 2.383347e+06 
6.576500e+03 2.702306e+07 2.042869e+06 
6.662400e+03 2.764725e+07 1.872630e+06 
7.673350e+03 3.158691e+07 1.276793e+06 
6.415400e+03 2.617823e+07 2.213108e+06 
7.619850e+03 3.120661e+07 1.284197e+06 
6.424100e+03 2.632750e+07 2.213108e+06 
9.160200e+03 3.575560e+07 9.121750e+05 
7.417650e+03 3.002457e+07 1.447032e+06 
7.828750e+03 3.192765e+07 1.208656e+06 
6.246950e+03 2.547221e+07 2.553587e+06 
6.917500e+03 2.857922e+07 1.617271e+06 
7.188550e+03 2.986632e+07 1.447032e+06 
8.251900e+03 3.319330e+07 1.063994e+06 
8.191650e+03 3.277295e+07 1.106554e+06 
8.291100e+03 3.282398e+07 1.106554e+06 
6.889300e+03 2.882783e+07 1.702391e+06 
9.064250e+03 3.583665e+07 9.064920e+05 
7.763600e+03 3.124475e+07 1.284197e+06 
6.898950e+03 2.850781e+07 1.702391e+06 
9.587000e+03 3.608845e+07 8.764034e+05 
7.000600e+03 2.825181e+07 1.787511e+06 
7.040150e+03 2.923111e+07 1.532152e+06 
6.863000e+03 2.843081e+07 1.787511e+06 
7.828600e+03 3.147672e+07 1.208656e+06 
6.701600e+03 2.778320e+07 1.872630e+06 
8.393450e+03 3.333963e+07 1.057574e+06 
7.213200e+03 3.034125e+07 1.447032e+06 
6.939300e+03 2.826315e+07 1.787511e+06 
6.612400e+03 2.698469e+07 2.042869e+06 
6.595700e+03 2.737560e+07 1.957750e+06 
6.251450e+03 2.552855e+07 2.468467e+06 
8.631700e+03 3.509187e+07 9.820330e+05 
7.991000e+03 3.197329e+07 1.191674e+06 
8.724100e+03 3.511004e+07 9.363151e+05 
6.508450e+03 2.663651e+07 2.127989e+06 
6.965300e+03 2.835759e+07 1.787511e+06 
7.929150e+03 3.214330e+07 1.191674e+06 
6.342650e+03 2.582000e+07 2.383347e+06 
6.453350e+03 2.629795e+07 2.213108e+06 
6.999500e+03 2.902529e+07 1.532152e+06 
7.589350e+03 3.094094e+07 1.361913e+06 
9.308550e+03 3.607323e+07 9.064920e+05 
7.667250e+03 3.143829e+07 1.284197e+06 
6.620100e+03 2.741376e+07 1.957750e+06 
7.988050e+03 3.198778e+07 1.191674e+06 
6.236700e+03 2.569809e+07 2.553587e+06 
8.027050e+03 3.210211e+07 1.191674e+06 
7.849500e+03 3.143468e+07 1.276793e+06 
7.580450e+03 3.075740e+07 1.361913e+06 
7.667350e+03 3.165177e+07 1.244873e+06 
6.928500e+03 2.836941e+07 1.787511e+06 
6.244850e+03 2.555781e+07 2.468467e+06 
7.605950e+03 3.159127e+07 1.329992e+06 
7.650800e+03 3.118863e+07 1.359738e+06 
8.741250e+03 3.502211e+07 9.820330e+05 
6.920200e+03 2.866907e+07 1.617271e+06 
6.326350e+03 2.597244e+07 2.298228e+06 
9.660100e+03 3.707029e+07 8.764034e+05 
7.939950e+03 3.218918e+07 1.191674e+06 
6.847950e+03 2.843116e+07 1.787511e+06 
6.233850e+03 2.551307e+07 2.553587e+06 
7.674350e+03 3.118204e+07 1.359738e+06 
7.525250e+03 2.992630e+07 1.510820e+06 
7.726750e+03 3.077030e+07 1.361913e+06 
7.700350e+03 3.104789e+07 1.329992e+06 
6.238050e+03 2.548345e+07 2.553587e+06 
6.267450e+03 2.551015e+07 2.468467e+06 
6.509850e+03 2.661447e+07 2.127989e+06 
6.236600e+03 2.557980e+07 2.468467e+06 
8.433150e+03 3.346597e+07 1.021435e+06 
6.329200e+03 2.594186e+07 2.298228e+06 
7.658400e+03 3.115971e+07 1.359738e+06 
6.240100e+03 2.569015e+07 2.468467e+06 
7.814800e+03 3.282774e+07 1.208656e+06 
7.763350e+03 3.144517e+07 1.276793e+06 
7.856700e+03 3.151971e+07 1.208656e+06 

8.508750e+03 3.645367e+07 9.064920e+05 
7.302850e+03 3.004800e+07 1.208656e+06 
6.730850e+03 2.783236e+07 1.702391e+06 
8.002250e+03 3.497012e+07 1.021435e+06 
6.888400e+03 2.803415e+07 1.532152e+06 
8.693300e+03 3.496213e+07 9.345320e+05 
8.158800e+03 3.542927e+07 9.363151e+05 
8.007650e+03 3.469025e+07 1.074634e+06 
7.363700e+03 3.005687e+07 1.191674e+06 
8.040450e+03 3.520968e+07 9.895141e+05 
6.280500e+03 2.560541e+07 2.213108e+06 
8.716700e+03 3.550333e+07 8.987604e+05 
8.342350e+03 3.377623e+07 1.021435e+06 
6.278000e+03 2.564002e+07 2.213108e+06 
6.185300e+03 2.508892e+07 2.553587e+06 
6.467700e+03 2.664997e+07 1.957750e+06 
6.265600e+03 2.538595e+07 2.468467e+06 
7.043250e+03 2.868153e+07 1.447032e+06 
8.667100e+03 3.504955e+07 9.064920e+05 
8.049650e+03 3.499620e+07 1.021435e+06 
6.305700e+03 2.594427e+07 2.127989e+06 
8.027050e+03 3.488059e+07 1.021435e+06 
6.662000e+03 2.801171e+07 1.702391e+06 
6.276900e+03 2.551809e+07 2.298228e+06 
6.904500e+03 2.808901e+07 1.532152e+06 
6.590350e+03 2.744232e+07 1.787511e+06 
7.135100e+03 2.893681e+07 1.361913e+06 
8.069600e+03 3.309336e+07 1.057574e+06 
6.275700e+03 2.587756e+07 2.213108e+06 
7.514000e+03 3.065374e+07 1.133115e+06 
7.267900e+03 2.985630e+07 1.276793e+06 
6.176050e+03 2.516085e+07 2.553587e+06 
6.604550e+03 2.779200e+07 1.787511e+06 
6.256000e+03 2.540200e+07 2.298228e+06 
6.512800e+03 2.670855e+07 1.957750e+06 
8.561600e+03 3.467001e+07 9.363151e+05 
7.936100e+03 3.493111e+07 1.106554e+06 
7.100800e+03 2.917032e+07 1.447032e+06 
6.313600e+03 2.579856e+07 2.127989e+06 
7.266550e+03 3.001548e+07 1.284197e+06 
6.245550e+03 2.563844e+07 2.468467e+06 
6.538400e+03 2.686863e+07 1.872630e+06 
6.386300e+03 2.611008e+07 2.042869e+06 
6.234500e+03 2.548101e+07 2.468467e+06 
8.640150e+03 3.537304e+07 9.064920e+05 
8.040700e+03 3.517385e+07 9.895141e+05 
8.758750e+03 3.553223e+07 8.764034e+05 
8.127900e+03 3.318126e+07 1.057574e+06 
6.538200e+03 2.684747e+07 1.872630e+06 
6.386700e+03 2.618820e+07 2.042869e+06 
6.479100e+03 2.679756e+07 1.957750e+06 
8.034750e+03 3.522419e+07 9.820330e+05 
6.227650e+03 2.555958e+07 2.468467e+06 
6.951000e+03 2.806866e+07 1.617271e+06 
6.329700e+03 2.577036e+07 2.127989e+06 
7.343850e+03 3.013335e+07 1.191674e+06 
8.156700e+03 3.334602e+07 1.021435e+06 
8.113300e+03 3.559442e+07 9.820330e+05 
6.523850e+03 2.699676e+07 1.872630e+06 
7.982950e+03 3.485241e+07 1.074634e+06 
8.710950e+03 3.539956e+07 8.764034e+05 
8.409900e+03 3.370134e+07 1.032074e+06 
8.192150e+03 3.584847e+07 9.121750e+05 
6.251200e+03 2.535978e+07 2.383347e+06 
7.284900e+03 2.985972e+07 1.276793e+06 
6.618350e+03 2.750232e+07 1.787511e+06 
7.137800e+03 2.897738e+07 1.361913e+06 
7.998200e+03 3.479889e+07 1.074634e+06 
7.283450e+03 2.986076e+07 1.208656e+06 
8.550300e+03 3.455927e+07 9.820330e+05 
6.271200e+03 2.553683e+07 2.213108e+06 
8.656250e+03 3.502026e+07 9.064920e+05 
7.137500e+03 2.881608e+07 1.447032e+06 
6.173500e+03 2.516022e+07 2.553587e+06 
8.552200e+03 3.441152e+07 9.363151e+05 
7.279950e+03 2.989454e+07 1.276793e+06 
6.643550e+03 2.769793e+07 1.702391e+06 
6.498450e+03 2.691003e+07 1.872630e+06 
6.248350e+03 2.539740e+07 2.383347e+06 
7.323000e+03 3.009095e+07 1.191674e+06 
7.485600e+03 3.076457e+07 1.106554e+06 
6.277900e+03 2.565991e+07 2.213108e+06 
8.214000e+03 3.592193e+07 9.363151e+05 
6.180450e+03 2.514125e+07 2.553587e+06 
8.015500e+03 3.503374e+07 1.057574e+06 
8.008950e+03 3.491420e+07 1.057574e+06 
6.312900e+03 2.577926e+07 2.127989e+06 
6.242100e+03 2.538895e+07 2.383347e+06 
7.276900e+03 2.992108e+07 1.276793e+06 
6.683400e+03 2.790451e+07 1.702391e+06 
6.316600e+03 2.574282e+07 2.127989e+06 
6.404900e+03 2.614438e+07 2.042869e+06 
8.758350e+03 3.538290e+07 8.764034e+05 
7.967250e+03 3.263233e+07 1.106554e+06 
7.304050e+03 2.971163e+07 1.276793e+06 
8.266800e+03 3.603755e+07 9.064920e+05 
8.467350e+03 3.449219e+07 9.820330e+05 
6.383100e+03 2.633881e+07 2.042869e+06 
7.456600e+03 3.063939e+07 1.133115e+06 
8.057700e+03 3.315123e+07 1.057574e+06 

7.630150e+03 3.177369e+07 1.106554e+06 
8.888400e+03 3.505497e+07 8.764034e+05 
7.557700e+03 3.140051e+07 1.133115e+06 
7.965150e+03 3.341319e+07 9.895141e+05 
7.977100e+03 3.364653e+07 9.479465e+05 
7.550400e+03 3.158277e+07 1.106554e+06 
6.219650e+03 2.525915e+07 2.468467e+06 
6.542500e+03 2.657992e+07 1.872630e+06 
6.507200e+03 2.659684e+07 2.042869e+06 
6.303500e+03 2.583395e+07 2.298228e+06 
6.882850e+03 2.826575e+07 1.617271e+06 
6.541850e+03 2.638608e+07 1.872630e+06 
8.015100e+03 3.336653e+07 9.820330e+05 
7.447100e+03 3.105527e+07 1.208656e+06 
8.022750e+03 3.377689e+07 9.121750e+05 
6.207900e+03 2.532300e+07 2.468467e+06 
7.352600e+03 3.026908e+07 1.415112e+06 
6.486650e+03 2.645472e+07 2.127989e+06 
7.370400e+03 3.033728e+07 1.284197e+06 
6.416600e+03 2.620651e+07 2.213108e+06 
6.299300e+03 2.587274e+07 2.298228e+06 
6.587650e+03 2.643704e+07 1.957750e+06 
7.982600e+03 3.318928e+07 9.820330e+05 
7.900100e+03 3.345924e+07 9.820330e+05 
6.197800e+03 2.524974e+07 2.553587e+06 
6.879200e+03 2.840504e+07 1.532152e+06 
7.816700e+03 3.256481e+07 1.021435e+06 
6.545950e+03 2.654149e+07 1.872630e+06 
8.002700e+03 3.360163e+07 9.479465e+05 
6.869550e+03 2.834958e+07 1.702391e+06 
6.743650e+03 2.740101e+07 1.787511e+06 
6.227950e+03 2.514071e+07 2.383347e+06 
6.331500e+03 2.584954e+07 2.298228e+06 
6.977050e+03 2.860550e+07 1.510820e+06 
6.978250e+03 2.878370e+07 1.435279e+06 
8.135650e+03 3.439411e+07 9.363151e+05 
6.547200e+03 2.638386e+07 1.957750e+06 
6.500800e+03 2.645010e+07 2.042869e+06 
6.218450e+03 2.523505e+07 2.468467e+06 
6.206250e+03 2.522265e+07 2.553587e+06 
7.561100e+03 3.163034e+07 1.133115e+06 
7.491100e+03 3.102888e+07 1.191674e+06 
8.002450e+03 3.311136e+07 9.837181e+05 
6.228150e+03 2.512317e+07 2.383347e+06 
6.464700e+03 2.621505e+07 2.213108e+06 
7.401900e+03 3.036164e+07 1.284197e+06 
6.285900e+03 2.595180e+07 2.298228e+06 
7.467700e+03 3.076505e+07 1.276793e+06 
7.733850e+03 3.236804e+07 1.057574e+06 
6.518600e+03 2.661836e+07 1.957750e+06 
6.850850e+03 2.826082e+07 1.617271e+06 
7.970800e+03 3.316039e+07 9.837181e+05 
8.903050e+03 3.497486e+07 9.064920e+05 
8.167850e+03 3.420318e+07 9.121750e+05 
7.602050e+03 3.140177e+07 1.133115e+06 
8.044850e+03 3.355487e+07 9.479465e+05 
7.478200e+03 3.082176e+07 1.208656e+06 
6.524700e+03 2.642501e+07 1.957750e+06 
7.463550e+03 3.079964e+07 1.208656e+06 
7.387550e+03 3.016422e+07 1.361913e+06 
7.421100e+03 3.031248e+07 1.329992e+06 
7.688850e+03 3.221154e+07 1.057574e+06 
7.479800e+03 3.114696e+07 1.191674e+06 
7.709100e+03 3.192998e+07 1.074634e+06 
7.963550e+03 3.331764e+07 9.820330e+05 
6.411050e+03 2.626697e+07 2.213108e+06 
7.080750e+03 2.880858e+07 1.435279e+06 
8.693900e+03 3.479819e+07 9.064920e+05 
7.736700e+03 3.229352e+07 1.074634e+06 
6.532750e+03 2.650137e+07 1.957750e+06 
7.957800e+03 3.340472e+07 9.820330e+05 
8.823900e+03 3.493184e+07 8.764034e+05 
6.982600e+03 2.858178e+07 1.447032e+06 
6.232850e+03 2.526193e+07 2.383347e+06 
7.959900e+03 3.311947e+07 1.021435e+06 
6.919800e+03 2.865570e+07 1.510820e+06 
6.539300e+03 2.639375e+07 2.042869e+06 
7.019100e+03 2.860648e+07 1.510820e+06 
7.418300e+03 3.033213e+07 1.359738e+06 
7.986050e+03 3.359537e+07 9.479465e+05 
6.891300e+03 2.825149e+07 1.702391e+06 
7.448650e+03 3.106255e+07 1.276793e+06 
7.529300e+03 3.118557e+07 1.191674e+06 
7.410200e+03 3.034801e+07 1.284197e+06 
6.414650e+03 2.639948e+07 2.213108e+06 
6.203250e+03 2.528007e+07 2.468467e+06 
6.237700e+03 2.521273e+07 2.383347e+06 
7.981900e+03 3.364424e+07 9.479465e+05 
6.292800e+03 2.598864e+07 2.298228e+06 
8.764250e+03 3.523071e+07 9.043945e+05 
6.288900e+03 2.589114e+07 2.298228e+06 
7.532650e+03 3.095714e+07 1.191674e+06 
6.541450e+03 2.642216e+07 2.042869e+06 
6.202600e+03 2.533625e+07 2.553587e+06 
6.876550e+03 2.832406e+07 1.532152e+06 
7.706150e+03 3.212670e+07 1.074634e+06 
7.362450e+03 3.003711e+07 1.361913e+06 
7.001350e+03 2.883961e+07 1.435279e+06 
6.989300e+03 2.860978e+07 1.447032e+06 
6.713100e+03 2.738249e+07 1.787511e+06 

7.665900e+03 3.267793e+07 1.021435e+06 
7.149750e+03 2.989145e+07 1.284197e+06 
6.618650e+03 2.723571e+07 1.787511e+06 
6.998000e+03 2.872380e+07 1.447032e+06 
8.471700e+03 3.343896e+07 9.820330e+05 
8.314100e+03 3.317364e+07 9.820330e+05 
6.519600e+03 2.656173e+07 2.042869e+06 
6.486800e+03 2.652931e+07 2.042869e+06 
6.236900e+03 2.522918e+07 2.340788e+06 
6.182750e+03 2.501541e+07 2.596146e+06 
6.665900e+03 2.719005e+07 1.787511e+06 
6.215300e+03 2.509810e+07 2.383347e+06 
7.602200e+03 3.215978e+07 1.057574e+06 
6.833650e+03 2.809399e+07 1.532152e+06 
7.694550e+03 3.166167e+07 1.057574e+06 
8.437900e+03 3.380991e+07 9.249854e+05 
6.616900e+03 2.700764e+07 1.872630e+06 
6.478950e+03 2.656445e+07 2.042869e+06 
7.824850e+03 3.330904e+07 9.820330e+05 
7.626650e+03 3.161289e+07 1.057574e+06 
6.215800e+03 2.521863e+07 2.340788e+06 
6.581150e+03 2.706590e+07 1.872630e+06 
8.556150e+03 3.438540e+07 9.249854e+05 
7.636750e+03 3.118048e+07 1.106554e+06 
7.400850e+03 3.068413e+07 1.191674e+06 
7.605250e+03 3.192907e+07 1.074634e+06 
6.337850e+03 2.573123e+07 2.213108e+06 
7.254650e+03 2.971958e+07 1.276793e+06 
7.474350e+03 3.117120e+07 1.106554e+06 
6.827700e+03 2.801596e+07 1.659831e+06 
7.851950e+03 3.284635e+07 9.895141e+05 
7.581050e+03 3.217048e+07 1.074634e+06 
7.764200e+03 3.400798e+07 9.895141e+05 
6.204650e+03 2.502476e+07 2.468467e+06 
7.579800e+03 3.246022e+07 1.048317e+06 
6.932750e+03 2.883183e+07 1.532152e+06 
6.362800e+03 2.571036e+07 2.213108e+06 
6.469700e+03 2.655571e+07 2.042869e+06 
7.386450e+03 3.018766e+07 1.208656e+06 
9.116700e+03 3.794968e+07 8.987604e+05 
6.567100e+03 2.679350e+07 1.957750e+06 
7.771000e+03 3.148734e+07 1.065936e+06 
9.606450e+03 4.069719e+07 8.677226e+05 
6.362050e+03 2.581281e+07 2.127989e+06 
6.965300e+03 2.873040e+07 1.435279e+06 
7.318250e+03 2.983239e+07 1.284197e+06 
7.118550e+03 2.987318e+07 1.359738e+06 
7.612650e+03 3.168751e+07 1.057574e+06 
6.174800e+03 2.496328e+07 2.511027e+06 
7.330200e+03 3.064737e+07 1.191674e+06 
6.262400e+03 2.528841e+07 2.298228e+06 
8.437450e+03 3.365583e+07 9.602231e+05 
6.618950e+03 2.712030e+07 1.787511e+06 
9.829050e+03 4.171794e+07 8.585176e+05 
7.763300e+03 3.354099e+07 9.954608e+05 
7.120700e+03 2.979193e+07 1.359738e+06 
7.164450e+03 2.977752e+07 1.359738e+06 
6.562100e+03 2.713440e+07 1.915190e+06 
7.589500e+03 3.224101e+07 1.057574e+06 
7.329650e+03 3.061749e+07 1.208656e+06 
6.219950e+03 2.507149e+07 2.425907e+06 
7.707350e+03 3.135414e+07 1.074634e+06 
6.995500e+03 2.887985e+07 1.361913e+06 
7.158950e+03 2.986651e+07 1.284197e+06 
6.386150e+03 2.590504e+07 2.127989e+06 
6.884750e+03 2.870766e+07 1.447032e+06 
6.668450e+03 2.715334e+07 1.830070e+06 
9.306550e+03 3.948855e+07 8.677226e+05 
6.583150e+03 2.700188e+07 1.872630e+06 
9.286200e+03 3.868536e+07 8.987604e+05 
7.790600e+03 3.314170e+07 9.895141e+05 
7.646700e+03 3.297051e+07 1.030698e+06 
6.933600e+03 2.874094e+07 1.361913e+06 
6.345100e+03 2.571047e+07 2.213108e+06 
7.338550e+03 3.004915e+07 1.208656e+06 
7.778300e+03 3.335711e+07 9.954608e+05 
6.241600e+03 2.520523e+07 2.298228e+06 
6.180650e+03 2.496211e+07 2.596146e+06 
6.689700e+03 2.735808e+07 1.702391e+06 
6.509250e+03 2.674438e+07 1.957750e+06 
6.201350e+03 2.497400e+07 2.511027e+06 
6.844800e+03 2.845591e+07 1.510820e+06 
8.376500e+03 3.334693e+07 9.602231e+05 
9.836000e+03 4.192509e+07 8.585176e+05 
6.782550e+03 2.792527e+07 1.617271e+06 
6.722250e+03 2.745512e+07 1.702391e+06 
6.900850e+03 2.820936e+07 1.586361e+06 
6.203750e+03 2.512640e+07 2.468467e+06 
6.927300e+03 2.859745e+07 1.447032e+06 
6.203800e+03 2.506270e+07 2.425907e+06 
7.658650e+03 3.274233e+07 1.021435e+06 
7.790500e+03 3.298690e+07 9.895141e+05 
7.533600e+03 3.169020e+07 1.159753e+06 
8.285650e+03 3.407505e+07 9.602231e+05 
8.073050e+03 3.318245e+07 9.820330e+05 
6.352600e+03 2.565671e+07 2.213108e+06 
6.608950e+03 2.699361e+07 1.915190e+06 
7.377650e+03 3.073804e+07 1.133115e+06 
7.700700e+03 3.255221e+07 1.021435e+06 
6.209450e+03 2.503108e+07 2.383347e+06 

7.524550e+03 3.101589e+07 1.284197e+06 
6.243000e+03 2.534711e+07 2.383347e+06 
7.384550e+03 2.995674e+07 1.361913e+06 
8.610050e+03 3.380645e+07 1.133115e+06 
7.567050e+03 3.129038e+07 1.284197e+06 
8.161650e+03 3.486049e+07 1.057574e+06 
6.247200e+03 2.554814e+07 2.298228e+06 
8.655250e+03 3.445969e+07 9.820330e+05 
7.676000e+03 3.271907e+07 1.191674e+06 
6.640050e+03 2.761786e+07 1.585351e+06 
6.535650e+03 2.702114e+07 1.586361e+06 
6.427250e+03 2.638190e+07 1.872630e+06 
7.604000e+03 3.194872e+07 1.208656e+06 
6.521200e+03 2.727146e+07 1.586361e+06 
7.131250e+03 2.934838e+07 1.435279e+06 
8.598950e+03 3.495546e+07 9.820330e+05 
6.430750e+03 2.643441e+07 1.872630e+06 
7.518850e+03 3.168772e+07 1.234234e+06 
6.706300e+03 2.781395e+07 1.532152e+06 
9.331300e+03 3.615875e+07 8.764034e+05 
6.443950e+03 2.672757e+07 1.702391e+06 
6.441450e+03 2.637250e+07 1.872630e+06 
9.234500e+03 3.827726e+07 8.511955e+05 
6.235500e+03 2.534427e+07 2.553587e+06 
8.839050e+03 3.484031e+07 9.064920e+05 
9.450700e+03 3.637983e+07 8.764034e+05 
7.253950e+03 2.992417e+07 1.361913e+06 
6.402100e+03 2.591591e+07 2.127989e+06 
6.541550e+03 2.692838e+07 1.617271e+06 
8.742950e+03 3.475454e+07 9.043945e+05 
6.630600e+03 2.790028e+07 1.532152e+06 
8.619700e+03 3.470118e+07 9.895141e+05 
6.446450e+03 2.599902e+07 2.042869e+06 
6.450350e+03 2.679841e+07 1.702391e+06 
8.249750e+03 3.475887e+07 1.106554e+06 
6.297400e+03 2.567738e+07 2.213108e+06 
8.464450e+03 3.338650e+07 1.106554e+06 
6.376350e+03 2.630424e+07 1.957750e+06 
6.360300e+03 2.635711e+07 1.957750e+06 
6.207600e+03 2.529402e+07 2.553587e+06 
6.354800e+03 2.626761e+07 2.042869e+06 
7.578250e+03 3.200479e+07 1.208656e+06 
7.349400e+03 3.120533e+07 1.276793e+06 
7.186250e+03 2.922825e+07 1.447032e+06 
9.469750e+03 3.977803e+07 7.853332e+05 
7.593950e+03 3.180906e+07 1.208656e+06 
6.510800e+03 2.626470e+07 1.957750e+06 
6.421800e+03 2.612242e+07 2.042869e+06 
6.464000e+03 2.682241e+07 1.617271e+06 
7.308300e+03 2.986020e+07 1.404473e+06 
6.420350e+03 2.658556e+07 1.787511e+06 
6.597150e+03 2.766475e+07 1.585351e+06 
6.399350e+03 2.640022e+07 1.872630e+06 
6.675950e+03 2.772540e+07 1.532152e+06 
7.056350e+03 2.913844e+07 1.489592e+06 
6.222150e+03 2.538797e+07 2.553587e+06 
8.115500e+03 3.496902e+07 1.133115e+06 
6.476300e+03 2.611404e+07 2.042869e+06 
7.727650e+03 3.225947e+07 1.191674e+06 
6.512400e+03 2.617139e+07 1.957750e+06 
9.409850e+03 3.944659e+07 8.309510e+05 
6.411150e+03 2.690714e+07 1.787511e+06 
6.935600e+03 2.894906e+07 1.510820e+06 
8.567950e+03 3.402529e+07 1.106554e+06 
6.532000e+03 2.712094e+07 1.586361e+06 
7.452450e+03 3.161669e+07 1.234234e+06 
7.615150e+03 3.180282e+07 1.208656e+06 
6.216000e+03 2.545076e+07 2.468467e+06 
6.451700e+03 2.622332e+07 1.957750e+06 
7.550200e+03 3.212462e+07 1.208656e+06 
7.109750e+03 2.949667e+07 1.447032e+06 
7.240800e+03 2.980325e+07 1.404473e+06 
7.122950e+03 2.910618e+07 1.489592e+06 
6.318600e+03 2.570485e+07 2.213108e+06 
8.687650e+03 3.567991e+07 9.788749e+05 
6.970500e+03 2.904145e+07 1.510820e+06 
8.449900e+03 3.391058e+07 1.021435e+06 
7.773300e+03 3.262475e+07 1.149114e+06 
6.259050e+03 2.537459e+07 2.383347e+06 
6.526700e+03 2.720452e+07 1.586361e+06 
7.938950e+03 3.144391e+07 1.276793e+06 
6.328450e+03 2.592304e+07 2.127989e+06 
9.480950e+03 3.950375e+07 7.682874e+05 
6.238300e+03 2.533537e+07 2.468467e+06 
6.234200e+03 2.550700e+07 2.383347e+06 
6.357250e+03 2.567085e+07 2.127989e+06 
6.236600e+03 2.547747e+07 2.383347e+06 
6.238100e+03 2.550578e+07 2.298228e+06 
7.774450e+03 3.293569e+07 1.149114e+06 
7.228000e+03 2.945703e+07 1.435279e+06 
9.299150e+03 3.836999e+07 8.511955e+05 
9.308400e+03 3.916929e+07 8.309510e+05 
8.596150e+03 3.429105e+07 1.057574e+06 
8.660300e+03 3.459014e+07 9.895141e+05 
6.220800e+03 2.537645e+07 2.468467e+06 
7.168000e+03 2.922201e+07 1.447032e+06 
6.420000e+03 2.649494e+07 1.787511e+06 
9.535300e+03 4.005995e+07 7.869745e+05 
6.569300e+03 2.715313e+07 1.586361e+06 
6.318500e+03 2.596209e+07 2.127989e+06 

6.485200e+03 2.612314e+07 2.213108e+06 
6.935150e+03 2.911311e+07 1.532152e+06 
9.703450e+03 3.752360e+07 9.043945e+05 
8.156250e+03 3.321887e+07 9.820330e+05 
9.555450e+03 3.778386e+07 9.043945e+05 
7.651800e+03 3.186032e+07 1.191674e+06 
6.541050e+03 2.668697e+07 2.042869e+06 
7.712200e+03 3.139080e+07 1.133115e+06 
7.684650e+03 3.147378e+07 1.133115e+06 
6.239050e+03 2.510010e+07 2.468467e+06 
7.596200e+03 3.090837e+07 1.284197e+06 
7.724350e+03 3.140865e+07 1.106554e+06 
8.039550e+03 3.295876e+07 1.021435e+06 
6.253050e+03 2.545471e+07 2.383347e+06 
6.544650e+03 2.674983e+07 2.042869e+06 
6.396000e+03 2.620396e+07 2.213108e+06 
7.283550e+03 3.022186e+07 1.447032e+06 
8.413000e+03 3.378110e+07 9.363151e+05 
7.547150e+03 3.091583e+07 1.284197e+06 
7.819650e+03 3.184138e+07 1.057574e+06 
6.542550e+03 2.698172e+07 1.957750e+06 
6.672250e+03 2.749200e+07 1.872630e+06 
6.896700e+03 2.884775e+07 1.617271e+06 
7.622350e+03 3.095893e+07 1.284197e+06 
8.443200e+03 3.389681e+07 9.121750e+05 
6.427900e+03 2.608305e+07 2.213108e+06 
6.502000e+03 2.676135e+07 2.042869e+06 
9.615950e+03 3.714695e+07 9.064920e+05 
6.925700e+03 2.889318e+07 1.617271e+06 
7.109800e+03 2.929428e+07 1.510820e+06 
7.618600e+03 3.122613e+07 1.208656e+06 
9.704950e+03 3.811384e+07 8.985583e+05 
7.654450e+03 3.124828e+07 1.191674e+06 
6.407100e+03 2.612486e+07 2.213108e+06 
6.300300e+03 2.550618e+07 2.298228e+06 
6.534450e+03 2.674975e+07 2.042869e+06 
6.269800e+03 2.507732e+07 2.468467e+06 
8.655050e+03 3.454418e+07 9.161771e+05 
7.587800e+03 3.120110e+07 1.276793e+06 
8.378450e+03 3.397650e+07 9.363151e+05 
6.899950e+03 2.864745e+07 1.702391e+06 
6.573400e+03 2.694871e+07 1.957750e+06 
8.361000e+03 3.388425e+07 9.363151e+05 
6.317500e+03 2.553258e+07 2.298228e+06 
7.818000e+03 3.169119e+07 1.106554e+06 
7.126900e+03 2.936113e+07 1.510820e+06 
7.761350e+03 3.124106e+07 1.149114e+06 
9.642600e+03 3.713686e+07 9.043945e+05 
6.212950e+03 2.515366e+07 2.553587e+06 
7.695200e+03 3.138076e+07 1.133115e+06 
7.881050e+03 3.202931e+07 1.074634e+06 
7.446950e+03 3.076239e+07 1.361913e+06 
6.462450e+03 2.656716e+07 2.127989e+06 
6.539450e+03 2.709024e+07 1.957750e+06 
7.693750e+03 3.109658e+07 1.208656e+06 
6.890400e+03 2.893482e+07 1.702391e+06 
6.899150e+03 2.860851e+07 1.702391e+06 
9.454600e+03 3.730968e+07 9.064920e+05 
6.831000e+03 2.874184e+07 1.787511e+06 
7.659250e+03 3.101914e+07 1.276793e+06 
6.234750e+03 2.505238e+07 2.468467e+06 
7.486100e+03 3.072361e+07 1.361913e+06 
6.934700e+03 2.862961e+07 1.787511e+06 
6.415700e+03 2.614095e+07 2.213108e+06 
8.300750e+03 3.409614e+07 9.363151e+05 
6.277200e+03 2.550318e+07 2.383347e+06 
7.738250e+03 3.133297e+07 1.133115e+06 
7.629100e+03 3.116052e+07 1.208656e+06 
6.211000e+03 2.518157e+07 2.553587e+06 
6.648950e+03 2.762808e+07 1.872630e+06 
8.976800e+03 3.787318e+07 9.064920e+05 
6.460350e+03 2.658365e+07 2.127989e+06 
6.501350e+03 2.651880e+07 2.127989e+06 
7.855550e+03 3.207509e+07 1.057574e+06 
7.604900e+03 3.115368e+07 1.276793e+06 
9.769300e+03 3.807596e+07 8.985583e+05 
6.229400e+03 2.507455e+07 2.468467e+06 
6.227200e+03 2.511227e+07 2.468467e+06 
9.490150e+03 3.748774e+07 9.064920e+05 
6.653950e+03 2.746988e+07 1.872630e+06 
8.699900e+03 3.498760e+07 9.121750e+05 
6.226600e+03 2.511881e+07 2.468467e+06 
9.711100e+03 3.782259e+07 8.985583e+05 
7.731150e+03 3.114730e+07 1.208656e+06 
7.511450e+03 3.077187e+07 1.361913e+06 
7.239850e+03 3.030617e+07 1.435279e+06 
7.551300e+03 3.155135e+07 1.276793e+06 
6.561100e+03 2.691353e+07 1.957750e+06 
6.991350e+03 2.914619e+07 1.532152e+06 
6.878750e+03 2.870545e+07 1.787511e+06 
6.548100e+03 2.706524e+07 1.957750e+06 
6.223100e+03 2.517092e+07 2.468467e+06 
7.632400e+03 3.110488e+07 1.276793e+06 
7.200950e+03 3.012840e+07 1.435279e+06 
6.497100e+03 2.651018e+07 2.127989e+06 
6.957800e+03 2.907869e+07 1.586361e+06 
7.720400e+03 3.155713e+07 1.106554e+06 
6.218000e+03 2.528417e+07 2.553587e+06 
7.995750e+03 3.278950e+07 9.820330e+05 
7.194700e+03 3.025141e+07 1.435279e+06 

6.940100e+03 2.876638e+07 1.361913e+06 
7.436250e+03 3.056181e+07 1.208656e+06 
6.353750e+03 2.590861e+07 2.213108e+06 
6.495950e+03 2.667972e+07 1.787511e+06 
8.557400e+03 3.417841e+07 9.658323e+05 
6.378550e+03 2.627807e+07 2.042869e+06 
6.521150e+03 2.687852e+07 1.702391e+06 
6.375650e+03 2.603254e+07 2.127989e+06 
7.451050e+03 3.030357e+07 1.208656e+06 
6.574500e+03 2.688471e+07 1.702391e+06 
7.478950e+03 3.042641e+07 1.191674e+06 
6.396300e+03 2.657588e+07 1.957750e+06 
6.655400e+03 2.756877e+07 1.532152e+06 
7.120550e+03 2.975382e+07 1.359738e+06 
6.855850e+03 2.825426e+07 1.447032e+06 
7.596650e+03 3.137981e+07 1.057574e+06 
9.611450e+03 3.934893e+07 8.641580e+05 
8.927650e+03 3.740474e+07 9.363151e+05 
6.456300e+03 2.688378e+07 1.872630e+06 
9.044950e+03 3.776777e+07 9.064920e+05 
6.700600e+03 2.736981e+07 1.532152e+06 
6.493850e+03 2.665217e+07 1.787511e+06 
6.487400e+03 2.700661e+07 1.787511e+06 
6.475900e+03 2.673977e+07 1.872630e+06 
9.193100e+03 3.782882e+07 8.764034e+05 
6.541150e+03 2.663257e+07 1.872630e+06 
6.185900e+03 2.516831e+07 2.383347e+06 
6.564950e+03 2.696695e+07 1.617271e+06 
7.476350e+03 3.076702e+07 1.133115e+06 
6.490050e+03 2.665300e+07 1.872630e+06 
6.400650e+03 2.627258e+07 2.042869e+06 
6.345150e+03 2.599709e+07 2.127989e+06 
6.432950e+03 2.644508e+07 1.957750e+06 
8.949350e+03 3.666555e+07 9.143481e+05 
6.159250e+03 2.512925e+07 2.468467e+06 
7.407650e+03 3.026625e+07 1.208656e+06 
7.144550e+03 2.973259e+07 1.284197e+06 
6.354250e+03 2.643552e+07 2.127989e+06 
7.226300e+03 3.019100e+07 1.276793e+06 
8.410300e+03 3.385347e+07 9.788749e+05 
7.553700e+03 3.056044e+07 1.133115e+06 
8.462750e+03 3.430351e+07 9.658323e+05 
7.070450e+03 2.935030e+07 1.359738e+06 
9.752750e+03 3.878171e+07 8.641580e+05 
9.565300e+03 3.893629e+07 8.641580e+05 
7.511200e+03 3.049300e+07 1.191674e+06 
6.544650e+03 2.699473e+07 1.702391e+06 
7.722550e+03 3.140602e+07 1.074634e+06 
6.794650e+03 2.825302e+07 1.447032e+06 
7.492950e+03 3.021037e+07 1.208656e+06 
8.968750e+03 3.765071e+07 8.764034e+05 
6.382800e+03 2.628305e+07 2.042869e+06 
8.015600e+03 3.282392e+07 1.021435e+06 
7.605050e+03 3.096077e+07 1.106554e+06 
6.163200e+03 2.521505e+07 2.468467e+06 
8.583550e+03 3.412818e+07 9.658323e+05 
6.162100e+03 2.513990e+07 2.383347e+06 
7.195850e+03 2.992998e+07 1.284197e+06 
6.662100e+03 2.732652e+07 1.532152e+06 
8.450350e+03 3.436344e+07 9.658323e+05 
9.928250e+03 3.878408e+07 8.641580e+05 
6.497950e+03 2.709232e+07 1.702391e+06 
7.471800e+03 3.023485e+07 1.276793e+06 
7.466000e+03 3.057811e+07 1.191674e+06 
7.606150e+03 3.133536e+07 1.106554e+06 
7.441850e+03 3.055651e+07 1.208656e+06 
6.336400e+03 2.623720e+07 2.213108e+06 
7.862250e+03 3.159162e+07 1.057574e+06 
6.462600e+03 2.682263e+07 1.872630e+06 
6.352250e+03 2.597787e+07 2.213108e+06 
7.674950e+03 3.113683e+07 1.106554e+06 
6.356600e+03 2.589511e+07 2.213108e+06 
6.463300e+03 2.667976e+07 1.872630e+06 
6.263400e+03 2.560703e+07 2.298228e+06 
8.642650e+03 3.428023e+07 9.658323e+05 
7.135500e+03 3.033765e+07 1.329992e+06 
6.271700e+03 2.561622e+07 2.298228e+06 
8.886150e+03 3.734912e+07 9.363151e+05 
7.502200e+03 3.059889e+07 1.133115e+06 
7.522300e+03 3.068593e+07 1.133115e+06 
9.008150e+03 3.682437e+07 9.637724e+05 
6.596500e+03 2.709551e+07 1.617271e+06 
8.061900e+03 3.314567e+07 1.021435e+06 
6.545600e+03 2.664339e+07 1.872630e+06 
6.551100e+03 2.680239e+07 1.702391e+06 
6.504350e+03 2.698595e+07 1.702391e+06 
9.071850e+03 3.742888e+07 9.064920e+05 
6.943800e+03 2.882307e+07 1.361913e+06 
6.376700e+03 2.641406e+07 2.042869e+06 
6.395350e+03 2.630657e+07 1.957750e+06 
7.567350e+03 3.051939e+07 1.133115e+06 
9.032750e+03 3.692871e+07 9.143481e+05 
6.333650e+03 2.601842e+07 2.213108e+06 
8.361150e+03 3.372380e+07 9.820330e+05 
8.326150e+03 3.353385e+07 9.788749e+05 
6.357900e+03 2.589793e+07 2.213108e+06 
6.957450e+03 2.879993e+07 1.435279e+06 
6.342750e+03 2.616708e+07 2.127989e+06 
6.260500e+03 2.563286e+07 2.298228e+06 
7.704450e+03 3.165529e+07 1.057574e+06 

6.461400e+03 2.678335e+07 2.213108e+06 
6.351750e+03 2.626443e+07 2.298228e+06 
6.704800e+03 2.754179e+07 1.532152e+06 
6.291900e+03 2.586796e+07 2.383347e+06 
6.281800e+03 2.542930e+07 2.553587e+06 
6.232150e+03 2.548011e+07 2.553587e+06 
6.569450e+03 2.696386e+07 1.872630e+06 
6.584050e+03 2.695251e+07 1.872630e+06 
6.577350e+03 2.685147e+07 1.957750e+06 
6.237100e+03 2.543002e+07 2.468467e+06 
7.442550e+03 3.119121e+07 1.133115e+06 
7.543900e+03 3.148678e+07 1.106554e+06 
7.167250e+03 3.033033e+07 1.284197e+06 
6.354650e+03 2.614293e+07 2.298228e+06 
6.438100e+03 2.662300e+07 2.213108e+06 
7.165450e+03 3.011596e+07 1.329992e+06 
6.240300e+03 2.543384e+07 2.553587e+06 
8.495550e+03 3.399953e+07 9.363151e+05 
6.282250e+03 2.554022e+07 2.553587e+06 
6.580250e+03 2.716775e+07 1.787511e+06 
8.420950e+03 3.454269e+07 9.064920e+05 
8.222250e+03 3.340715e+07 9.820330e+05 
6.297550e+03 2.593027e+07 2.383347e+06 
8.502100e+03 3.540636e+07 8.764034e+05 
6.584550e+03 2.709202e+07 1.787511e+06 
8.130500e+03 3.247984e+07 1.021435e+06 
8.315750e+03 3.461443e+07 9.363151e+05 
6.624800e+03 2.689160e+07 1.957750e+06 
6.349900e+03 2.614133e+07 2.298228e+06 
7.726300e+03 3.208082e+07 1.057574e+06 
7.270900e+03 3.073445e+07 1.244873e+06 
6.722000e+03 2.749877e+07 1.532152e+06 
8.590350e+03 3.427155e+07 9.081707e+05 
6.569750e+03 2.685856e+07 1.957750e+06 
6.624750e+03 2.729254e+07 1.702391e+06 
8.186100e+03 3.351062e+07 9.820330e+05 
7.400000e+03 3.079061e+07 1.133115e+06 
8.231100e+03 3.416812e+07 9.820330e+05 
7.293000e+03 3.044284e+07 1.208656e+06 
8.353350e+03 3.322507e+07 9.820330e+05 
6.238600e+03 2.549229e+07 2.468467e+06 
8.332600e+03 3.489480e+07 9.064920e+05 
6.611150e+03 2.696091e+07 1.872630e+06 
6.708100e+03 2.720450e+07 1.702391e+06 
6.530200e+03 2.676156e+07 2.042869e+06 
7.544400e+03 3.167611e+07 1.106554e+06 
6.583150e+03 2.711860e+07 1.787511e+06 
6.300050e+03 2.590009e+07 2.383347e+06 
6.655800e+03 2.717953e+07 1.787511e+06 
8.238400e+03 3.313853e+07 9.895141e+05 
6.442000e+03 2.657559e+07 2.213108e+06 
7.330900e+03 3.064896e+07 1.191674e+06 
6.943300e+03 2.841672e+07 1.361913e+06 
8.291150e+03 3.303684e+07 9.820330e+05 
6.888750e+03 2.859005e+07 1.361913e+06 
6.895500e+03 2.867993e+07 1.361913e+06 
6.569550e+03 2.686782e+07 1.957750e+06 
7.163000e+03 3.019004e+07 1.276793e+06 
6.542900e+03 2.695427e+07 1.872630e+06 
7.493450e+03 3.091557e+07 1.133115e+06 
6.623750e+03 2.695127e+07 1.872630e+06 
7.311900e+03 3.056906e+07 1.191674e+06 
6.921000e+03 2.826293e+07 1.361913e+06 
6.307050e+03 2.582679e+07 2.383347e+06 
6.678900e+03 2.752672e+07 1.532152e+06 
7.304400e+03 3.036512e+07 1.208656e+06 
6.480100e+03 2.683203e+07 2.127989e+06 
8.437100e+03 3.469521e+07 8.764034e+05 
8.194950e+03 3.276868e+07 1.021435e+06 
7.163300e+03 2.982858e+07 1.276793e+06 
8.563550e+03 3.476663e+07 9.043945e+05 
6.614650e+03 2.716017e+07 1.702391e+06 
6.732000e+03 2.779110e+07 1.447032e+06 
7.709900e+03 3.204547e+07 1.057574e+06 
8.405600e+03 3.509615e+07 8.764034e+05 
6.660700e+03 2.745215e+07 1.617271e+06 
6.780100e+03 2.792639e+07 1.435279e+06 
6.694100e+03 2.749208e+07 1.617271e+06 
6.227150e+03 2.556421e+07 2.553587e+06 
6.752800e+03 2.781787e+07 1.447032e+06 
7.209200e+03 3.034401e+07 1.208656e+06 
6.564150e+03 2.689401e+07 1.957750e+06 
6.237150e+03 2.553710e+07 2.553587e+06 
6.532000e+03 2.685718e+07 2.042869e+06 
6.286850e+03 2.599502e+07 2.383347e+06 
6.582150e+03 2.684459e+07 1.957750e+06 
7.180600e+03 2.994591e+07 1.276793e+06 
8.216900e+03 3.389438e+07 9.064920e+05 
6.290550e+03 2.597427e+07 2.383347e+06 
6.797100e+03 2.796886e+07 1.435279e+06 
6.743100e+03 2.797667e+07 1.447032e+06 
6.471550e+03 2.675706e+07 2.127989e+06 
7.756900e+03 3.204363e+07 1.057574e+06 
8.361400e+03 3.412392e+07 9.363151e+05 
6.462550e+03 2.661571e+07 2.213108e+06 
8.171050e+03 3.348196e+07 1.021435e+06 
6.896450e+03 2.837389e+07 1.415112e+06 
6.731550e+03 2.746095e+07 1.617271e+06 
6.537000e+03 2.681328e+07 2.127989e+06 
6.226500e+03 2.553544e+07 2.553587e+06 

