8.396050e+03 3.393662e+07 9.426043e+05 
8.648050e+03 3.424578e+07 9.345320e+05 
7.685800e+03 3.174170e+07 1.361913e+06 
7.888000e+03 3.210004e+07 1.208656e+06 
7.112550e+03 2.952072e+07 1.532152e+06 
8.451450e+03 3.381918e+07 9.363151e+05 
8.501400e+03 3.366312e+07 9.470084e+05 
6.482850e+03 2.679817e+07 1.787511e+06 
6.319400e+03 2.603443e+07 2.213108e+06 
6.381500e+03 2.610221e+07 2.042869e+06 
6.359000e+03 2.565377e+07 2.213108e+06 
6.532350e+03 2.681554e+07 1.702391e+06 
7.153950e+03 2.947715e+07 1.586361e+06 
6.294650e+03 2.535944e+07 2.298228e+06 
6.597050e+03 2.746633e+07 1.617271e+06 
8.371000e+03 3.423310e+07 9.426043e+05 
8.162350e+03 3.316060e+07 9.820330e+05 
7.764850e+03 3.170283e+07 1.359738e+06 
6.353300e+03 2.628125e+07 2.042869e+06 
8.143350e+03 3.237482e+07 1.106554e+06 
6.337500e+03 2.581499e+07 2.213108e+06 
7.962300e+03 3.242693e+07 1.191674e+06 
6.490050e+03 2.676671e+07 1.787511e+06 
6.363050e+03 2.561554e+07 2.213108e+06 
8.255150e+03 3.315397e+07 9.703035e+05 
6.270750e+03 2.563527e+07 2.383347e+06 
8.089500e+03 3.244587e+07 1.021435e+06 
6.375100e+03 2.587132e+07 2.127989e+06 
6.599400e+03 2.693247e+07 1.617271e+06 
6.518950e+03 2.671544e+07 1.787511e+06 
6.359000e+03 2.610666e+07 2.042869e+06 
6.373100e+03 2.643021e+07 1.957750e+06 
6.479450e+03 2.698778e+07 1.787511e+06 
8.295400e+03 3.395692e+07 9.426043e+05 
7.771700e+03 3.132850e+07 1.359738e+06 
7.720000e+03 3.137625e+07 1.361913e+06 
6.426650e+03 2.636010e+07 1.872630e+06 
6.336200e+03 2.596624e+07 2.127989e+06 
6.354700e+03 2.594409e+07 2.127989e+06 
6.282100e+03 2.550277e+07 2.383347e+06 
6.397450e+03 2.608458e+07 1.957750e+06 
7.804250e+03 3.185397e+07 1.329992e+06 
7.173800e+03 2.964257e+07 1.510820e+06 
6.448300e+03 2.585644e+07 2.127989e+06 
7.816950e+03 3.155751e+07 1.244873e+06 
7.307550e+03 3.044460e+07 1.435279e+06 
6.364150e+03 2.591769e+07 2.127989e+06 
9.100050e+03 3.634334e+07 8.942892e+05 
8.362700e+03 3.308926e+07 9.703035e+05 
8.992900e+03 3.611532e+07 8.942892e+05 

