8.002900e+03 3.262482e+07 1.276793e+06 
6.867000e+03 2.879904e+07 1.872630e+06 
6.796700e+03 2.852378e+07 2.042869e+06 
6.326400e+03 2.567216e+07 2.383347e+06 
6.222100e+03 2.565671e+07 2.553587e+06 
6.454000e+03 2.594151e+07 2.213108e+06 
6.446000e+03 2.581139e+07 2.298228e+06 
6.385600e+03 2.596565e+07 2.213108e+06 
6.238650e+03 2.556199e+07 2.553587e+06 
6.794000e+03 2.830066e+07 2.127989e+06 
6.396400e+03 2.591024e+07 2.298228e+06 
6.876200e+03 2.836222e+07 1.957750e+06 
6.251600e+03 2.572874e+07 2.468467e+06 
7.371600e+03 3.099342e+07 1.489592e+06 
6.942050e+03 2.878576e+07 1.787511e+06 
6.927450e+03 2.855964e+07 1.872630e+06 
7.444400e+03 3.116788e+07 1.404473e+06 
6.810600e+03 2.842360e+07 2.042869e+06 
6.812000e+03 2.850234e+07 1.957750e+06 
6.875850e+03 2.842254e+07 2.042869e+06 
6.966550e+03 2.892909e+07 1.702391e+06 
7.251350e+03 3.061917e+07 1.617271e+06 
8.026650e+03 3.223520e+07 1.057574e+06 
6.938550e+03 2.896030e+07 1.787511e+06 
6.415900e+03 2.594510e+07 2.213108e+06 

7.624500e+03 3.164183e+07 1.276793e+06 
6.362150e+03 2.613259e+07 2.383347e+06 
6.814700e+03 2.802351e+07 1.787511e+06 
6.637200e+03 2.717584e+07 2.042869e+06 
7.780450e+03 3.187847e+07 1.106554e+06 
6.619550e+03 2.730077e+07 2.042869e+06 
7.224750e+03 2.980318e+07 1.447032e+06 
7.748750e+03 3.165892e+07 1.133115e+06 
7.648600e+03 3.140354e+07 1.361913e+06 
7.798300e+03 3.165336e+07 1.133115e+06 
7.097400e+03 2.960089e+07 1.532152e+06 
7.700400e+03 3.152060e+07 1.276793e+06 
6.691800e+03 2.738280e+07 1.957750e+06 
6.642750e+03 2.754105e+07 1.957750e+06 
7.568400e+03 3.161553e+07 1.361913e+06 
6.993650e+03 2.921050e+07 1.702391e+06 
7.076300e+03 2.929924e+07 1.617271e+06 
6.571000e+03 2.694560e+07 2.127989e+06 
6.536300e+03 2.686212e+07 2.213108e+06 
6.651150e+03 2.744632e+07 1.957750e+06 
6.706850e+03 2.717197e+07 2.042869e+06 
6.727950e+03 2.757797e+07 1.872630e+06 
6.682950e+03 2.767549e+07 1.872630e+06 
7.680650e+03 3.155038e+07 1.208656e+06 
7.965050e+03 3.267816e+07 1.037375e+06 

8.138150e+03 3.255111e+07 1.106554e+06 
6.576050e+03 2.660497e+07 2.213108e+06 
7.073050e+03 2.902084e+07 1.532152e+06 
8.342000e+03 3.300015e+07 1.021435e+06 
8.184400e+03 3.286061e+07 1.028432e+06 
7.969200e+03 3.203501e+07 1.191674e+06 
8.107100e+03 3.195066e+07 1.133115e+06 
8.037050e+03 3.244689e+07 1.133115e+06 
6.434700e+03 2.668402e+07 2.213108e+06 
7.822000e+03 3.142939e+07 1.276793e+06 
7.043500e+03 2.860354e+07 1.702391e+06 
6.460850e+03 2.663637e+07 2.213108e+06 
7.788100e+03 3.151025e+07 1.361913e+06 
7.733300e+03 3.131134e+07 1.447032e+06 
6.490450e+03 2.670746e+07 2.127989e+06 
7.731300e+03 3.134762e+07 1.447032e+06 
7.897000e+03 3.158325e+07 1.361913e+06 
7.908750e+03 3.220930e+07 1.208656e+06 
7.950150e+03 3.217460e+07 1.208656e+06 
7.853250e+03 3.142204e+07 1.361913e+06 
8.131950e+03 3.259510e+07 1.133115e+06 
7.756550e+03 3.160264e+07 1.532152e+06 
6.495800e+03 2.679004e+07 2.042869e+06 
6.570600e+03 2.727583e+07 1.957750e+06 
7.784200e+03 3.158380e+07 1.361913e+06 

8.052400e+03 3.331052e+07 1.208656e+06 
8.022650e+03 3.351293e+07 1.133115e+06 
7.985250e+03 3.368149e+07 1.021435e+06 
7.937400e+03 3.351290e+07 1.244873e+06 
7.072300e+03 2.974649e+07 1.702391e+06 
6.449950e+03 2.693844e+07 2.468467e+06 
7.903850e+03 3.365316e+07 1.159753e+06 
6.636000e+03 2.753977e+07 2.213108e+06 
6.971500e+03 2.931454e+07 1.872630e+06 
7.245150e+03 3.112233e+07 1.617271e+06 
6.478100e+03 2.691143e+07 2.553587e+06 
6.612800e+03 2.774251e+07 2.213108e+06 
6.767100e+03 2.817070e+07 2.042869e+06 
6.509600e+03 2.710859e+07 2.383347e+06 
6.488450e+03 2.682362e+07 2.553587e+06 
6.617900e+03 2.774070e+07 2.213108e+06 
7.866000e+03 3.259961e+07 1.361913e+06 
7.310600e+03 3.124574e+07 1.510820e+06 
7.237300e+03 3.112360e+07 1.617271e+06 
7.831600e+03 3.296791e+07 1.276793e+06 
7.957400e+03 3.345032e+07 1.191674e+06 
6.680150e+03 2.772013e+07 2.127989e+06 
7.261200e+03 3.109142e+07 1.532152e+06 
6.520400e+03 2.706443e+07 2.298228e+06 
6.576800e+03 2.702156e+07 2.383347e+06 

8.343150e+03 3.393405e+07 1.074634e+06 
8.318450e+03 3.417321e+07 9.820330e+05 
7.764400e+03 3.157914e+07 1.447032e+06 
6.423150e+03 2.675356e+07 2.383347e+06 
6.444250e+03 2.685556e+07 2.298228e+06 
7.159150e+03 2.904024e+07 1.617271e+06 
7.753400e+03 3.180387e+07 1.447032e+06 
7.779100e+03 3.173889e+07 1.361913e+06 
7.789100e+03 3.222189e+07 1.702391e+06 
7.908800e+03 3.196681e+07 1.276793e+06 
6.445050e+03 2.695665e+07 2.213108e+06 
7.716800e+03 3.179603e+07 1.532152e+06 
7.791200e+03 3.201049e+07 1.617271e+06 
7.721700e+03 3.162118e+07 1.532152e+06 
6.826200e+03 2.851362e+07 1.957750e+06 
6.946950e+03 2.828594e+07 1.702391e+06 
7.763700e+03 3.178403e+07 1.447032e+06 
6.866850e+03 2.820302e+07 1.872630e+06 
8.068300e+03 3.333402e+07 1.106554e+06 
6.897750e+03 2.886133e+07 1.787511e+06 
8.126400e+03 3.332826e+07 1.106554e+06 
6.463300e+03 2.720322e+07 2.127989e+06 
7.995300e+03 3.231436e+07 1.191674e+06 
8.151450e+03 3.341479e+07 1.021435e+06 
6.917650e+03 2.837369e+07 1.702391e+06 

7.979350e+03 3.402040e+07 1.021435e+06 
7.399400e+03 3.039021e+07 1.447032e+06 
6.722050e+03 2.785469e+07 1.957750e+06 
7.862100e+03 3.353959e+07 1.244873e+06 
7.422100e+03 3.041289e+07 1.435279e+06 
7.754950e+03 3.293219e+07 1.208656e+06 
7.650900e+03 3.225177e+07 1.361913e+06 
6.635500e+03 2.693624e+07 2.042869e+06 
7.711850e+03 3.278843e+07 1.284197e+06 
7.166100e+03 2.994058e+07 1.787511e+06 
7.420650e+03 3.026669e+07 1.447032e+06 
7.200750e+03 2.983324e+07 1.532152e+06 
7.744850e+03 3.250992e+07 1.276793e+06 
7.777300e+03 3.275689e+07 1.191674e+06 
6.553000e+03 2.654138e+07 2.127989e+06 
7.185600e+03 2.991109e+07 1.617271e+06 
7.769450e+03 3.285633e+07 1.208656e+06 
7.167000e+03 3.012354e+07 1.744951e+06 
7.729450e+03 3.309455e+07 1.276793e+06 
7.738800e+03 3.278100e+07 1.284197e+06 
7.229350e+03 2.981580e+07 1.532152e+06 
7.706250e+03 3.286451e+07 1.284197e+06 
6.561750e+03 2.646714e+07 2.298228e+06 
7.210550e+03 2.971274e+07 1.617271e+06 
6.591050e+03 2.639300e+07 2.213108e+06 

6.968400e+03 2.877892e+07 1.787511e+06 
7.534900e+03 3.103087e+07 1.489592e+06 
6.981400e+03 2.865898e+07 1.787511e+06 
7.598700e+03 3.143303e+07 1.361913e+06 
6.968150e+03 2.867437e+07 1.830070e+06 
7.489550e+03 3.175967e+07 1.489592e+06 
6.436600e+03 2.665216e+07 2.127989e+06 
6.988450e+03 2.829288e+07 1.872630e+06 
6.980150e+03 2.872837e+07 1.702391e+06 
6.821300e+03 2.832936e+07 1.872630e+06 
6.999750e+03 2.944346e+07 1.617271e+06 
6.958050e+03 2.876858e+07 1.830070e+06 
7.043600e+03 2.862519e+07 1.830070e+06 
7.552650e+03 3.202837e+07 1.361913e+06 
6.955550e+03 2.879981e+07 1.744951e+06 
6.497400e+03 2.657723e+07 2.127989e+06 
6.532700e+03 2.674310e+07 2.042869e+06 
7.023350e+03 2.897087e+07 1.617271e+06 
6.484100e+03 2.659735e+07 2.127989e+06 
7.525900e+03 3.106935e+07 1.489592e+06 
6.465200e+03 2.652559e+07 2.213108e+06 
6.899850e+03 2.888121e+07 1.702391e+06 
7.849600e+03 3.293258e+07 1.133115e+06 
6.350150e+03 2.589424e+07 2.298228e+06 
6.486350e+03 2.680567e+07 1.957750e+06 

7.209550e+03 2.940805e+07 1.787511e+06 
7.998750e+03 3.321288e+07 1.021435e+06 
7.150400e+03 2.958436e+07 1.617271e+06 
6.549250e+03 2.668963e+07 2.383347e+06 
7.848350e+03 3.173509e+07 1.133115e+06 
7.823700e+03 3.192390e+07 1.133115e+06 
6.581750e+03 2.679077e+07 2.298228e+06 
7.910400e+03 3.235163e+07 1.057574e+06 
7.871050e+03 3.243306e+07 1.106554e+06 
8.017200e+03 3.307115e+07 1.021435e+06 
6.808200e+03 2.884203e+07 1.872630e+06 
7.723200e+03 3.108257e+07 1.191674e+06 
6.652500e+03 2.722722e+07 2.042869e+06 
6.844750e+03 2.807195e+07 1.872630e+06 
6.585450e+03 2.701754e+07 2.213108e+06 
6.749600e+03 2.799959e+07 1.957750e+06 
6.574650e+03 2.690999e+07 2.298228e+06 
7.170050e+03 2.944445e+07 1.532152e+06 
6.624700e+03 2.706174e+07 2.127989e+06 
6.784650e+03 2.786007e+07 1.957750e+06 
6.581150e+03 2.701875e+07 2.213108e+06 
7.141450e+03 2.945895e+07 1.755590e+06 
6.609550e+03 2.695504e+07 2.213108e+06 
7.049050e+03 2.907226e+07 1.840710e+06 
8.069500e+03 3.305684e+07 9.837181e+05 

8.005750e+03 3.344531e+07 1.133115e+06 
6.677450e+03 2.809751e+07 1.957750e+06 
6.813500e+03 2.898475e+07 1.702391e+06 
8.053300e+03 3.342070e+07 1.208656e+06 
6.836350e+03 2.883960e+07 1.787511e+06 
7.598050e+03 3.125280e+07 1.447032e+06 
7.820750e+03 3.216042e+07 1.284197e+06 
6.615350e+03 2.745047e+07 2.213108e+06 
7.602400e+03 3.124252e+07 1.617271e+06 
7.907550e+03 3.182423e+07 1.359738e+06 
6.607250e+03 2.733840e+07 2.298228e+06 
7.864200e+03 3.259706e+07 1.208656e+06 
6.879550e+03 2.869888e+07 1.787511e+06 
8.216950e+03 3.437568e+07 1.074634e+06 
7.759500e+03 3.135741e+07 1.435279e+06 
7.927200e+03 3.288869e+07 1.159753e+06 
7.588250e+03 3.117138e+07 1.670470e+06 
7.591350e+03 3.187044e+07 1.359738e+06 
7.791500e+03 3.240114e+07 1.284197e+06 
7.591550e+03 3.119418e+07 1.755590e+06 
7.676750e+03 3.231938e+07 1.284197e+06 
7.705800e+03 3.163670e+07 1.361913e+06 
7.836500e+03 3.158321e+07 1.415112e+06 
6.670250e+03 2.798332e+07 2.127989e+06 
7.791550e+03 3.291916e+07 1.276793e+06 

