4.325723e+02 6.150094e+07 6.655381e+06 
4.334140e+02 6.332414e+07 5.787288e+06 
3.290341e+02 6.657422e+07 6.944746e+06 
5.457432e+02 6.247922e+07 5.112104e+06 
4.471882e+02 6.120441e+07 6.462472e+06 
3.025424e+02 6.747199e+07 6.944746e+06 
5.591596e+02 6.229414e+07 5.208559e+06 
4.519855e+02 6.651256e+07 4.533376e+06 
5.200716e+02 6.408525e+07 4.147556e+06 
4.077156e+02 6.305720e+07 6.076652e+06 
3.442892e+02 6.616200e+07 6.366017e+06 
4.159067e+02 6.225901e+07 6.655381e+06 
3.941799e+02 6.315600e+07 6.751836e+06 
3.103961e+02 6.695821e+07 6.944746e+06 
5.059567e+02 6.142711e+07 5.787288e+06 
4.417498e+02 6.641720e+07 4.629830e+06 
4.260883e+02 6.729092e+07 4.919195e+06 
4.766306e+02 6.316843e+07 5.208559e+06 
5.021672e+02 6.239644e+07 5.208559e+06 
4.718386e+02 6.128983e+07 5.883743e+06 
3.789221e+02 6.390077e+07 6.558926e+06 
3.461586e+02 6.772960e+07 6.076652e+06 
4.360672e+02 6.818651e+07 4.726285e+06 
2.772959e+02 6.917946e+07 6.944746e+06 
4.885921e+02 6.080428e+07 5.883743e+06 
4.078706e+02 6.244170e+07 6.462472e+06 
5.073851e+02 6.388888e+07 4.629830e+06 
3.419458e+02 6.535363e+07 6.848291e+06 
4.775358e+02 6.859586e+07 3.858192e+06 
5.304613e+02 6.344304e+07 4.629830e+06 
3.274077e+02 6.661026e+07 6.944746e+06 
4.243121e+02 6.170706e+07 6.269562e+06 
3.571690e+02 6.475099e+07 6.944746e+06 
4.893339e+02 6.210241e+07 5.401469e+06 
4.561108e+02 6.672307e+07 4.436921e+06 
4.330356e+02 6.548828e+07 5.305014e+06 
4.665982e+02 6.868958e+07 4.051102e+06 
3.880652e+02 6.373114e+07 6.655381e+06 
5.406772e+02 6.418152e+07 3.954647e+06 
5.306360e+02 6.370113e+07 4.340466e+06 
3.722862e+02 6.721294e+07 5.690833e+06 
5.069131e+02 6.621487e+07 3.761737e+06 
4.170435e+02 6.734899e+07 5.208559e+06 
4.107384e+02 6.799455e+07 5.305014e+06 
4.211657e+02 6.194711e+07 6.655381e+06 
4.153348e+02 6.232718e+07 6.655381e+06 
3.226947e+02 6.867004e+07 6.366017e+06 
4.633055e+02 6.668749e+07 4.340466e+06 
3.019510e+02 6.818407e+07 6.751836e+06 
4.871549e+02 6.857090e+07 3.761737e+06 
5.043470e+02 6.169148e+07 5.594378e+06 
4.609868e+02 6.299714e+07 5.497924e+06 
3.198662e+02 6.860377e+07 6.462472e+06 
3.848945e+02 6.757460e+07 5.594378e+06 
3.684814e+02 6.445369e+07 6.848291e+06 
2.822178e+02 6.871790e+07 6.944746e+06 
3.614449e+02 6.451198e+07 6.944746e+06 
5.556603e+02 6.310309e+07 5.015650e+06 
2.872021e+02 6.812144e+07 6.944746e+06 
2.930062e+02 6.875243e+07 6.848291e+06 
4.212630e+02 6.736578e+07 5.015650e+06 
5.040565e+02 6.836403e+07 3.665282e+06 
4.595414e+02 6.496552e+07 4.533376e+06 
4.041009e+02 6.265461e+07 6.655381e+06 
3.696423e+02 6.423734e+07 6.751836e+06 
4.308330e+02 6.713387e+07 4.822740e+06 
4.085550e+02 6.705010e+07 5.401469e+06 
2.861011e+02 6.838907e+07 6.944746e+06 
3.608218e+02 6.498472e+07 6.558926e+06 
3.113005e+02 6.861334e+07 6.558926e+06 
3.364493e+02 6.792315e+07 6.269562e+06 
3.240223e+02 6.674013e+07 6.944746e+06 
4.031998e+02 6.742974e+07 5.497924e+06 
2.917109e+02 6.771433e+07 6.944746e+06 
4.896009e+02 6.057258e+07 6.076652e+06 
4.948880e+02 6.062388e+07 5.980198e+06 
4.657888e+02 6.637157e+07 4.244011e+06 
3.677266e+02 6.736521e+07 5.787288e+06 
2.962083e+02 6.760702e+07 6.944746e+06 
3.833799e+02 6.377490e+07 6.751836e+06 
4.751878e+02 6.543893e+07 4.340466e+06 
3.899528e+02 6.319077e+07 6.558926e+06 
4.553673e+02 6.098718e+07 6.366017e+06 
4.718339e+02 6.786778e+07 3.954647e+06 
5.369929e+02 6.502694e+07 3.858192e+06 
3.034468e+02 6.739225e+07 6.944746e+06 
3.054780e+02 6.867367e+07 6.655381e+06 
3.936475e+02 6.520055e+07 5.787288e+06 
4.203076e+02 6.202157e+07 6.558926e+06 
4.842396e+02 6.093115e+07 5.980198e+06 
3.394540e+02 6.616185e+07 6.944746e+06 
3.686539e+02 6.541629e+07 6.173107e+06 
4.441300e+02 6.532147e+07 5.015650e+06 
3.428226e+02 6.758054e+07 6.173107e+06 
4.928480e+02 6.872251e+07 3.665282e+06 
2.910369e+02 6.798104e+07 6.944746e+06 
3.610903e+02 6.832661e+07 5.883743e+06 
3.178319e+02 6.689867e+07 6.751836e+06 
3.989195e+02 6.284884e+07 6.655381e+06 
3.321944e+02 6.618734e+07 6.944746e+06 

4.158309e+02 6.195164e+07 6.558926e+06 
4.996844e+02 6.469754e+07 4.244011e+06 
3.075653e+02 6.804503e+07 6.655381e+06 
3.574550e+02 6.523959e+07 6.944746e+06 
4.590570e+02 6.515810e+07 4.726285e+06 
3.737064e+02 6.789889e+07 5.594378e+06 
3.870313e+02 6.619534e+07 5.497924e+06 
4.457946e+02 6.808628e+07 4.147556e+06 
3.301241e+02 6.774181e+07 6.173107e+06 
3.759688e+02 6.420747e+07 6.751836e+06 
5.034712e+02 6.487499e+07 4.147556e+06 
4.987395e+02 6.348621e+07 5.208559e+06 
4.091386e+02 6.219443e+07 6.655381e+06 
3.635585e+02 6.584811e+07 6.173107e+06 
3.322961e+02 6.669925e+07 6.944746e+06 
3.222539e+02 6.686296e+07 6.751836e+06 
3.534943e+02 6.579730e+07 6.848291e+06 
3.999609e+02 6.360813e+07 6.462472e+06 
5.095485e+02 6.456176e+07 4.340466e+06 
4.777642e+02 6.206920e+07 5.787288e+06 
4.287738e+02 6.171162e+07 6.558926e+06 
4.523960e+02 6.835228e+07 3.954647e+06 
5.326337e+02 6.402167e+07 4.533376e+06 
3.464885e+02 6.608302e+07 6.655381e+06 
3.964211e+02 6.305204e+07 6.655381e+06 
5.157292e+02 6.566838e+07 4.051102e+06 
3.822149e+02 6.755692e+07 5.497924e+06 
2.772959e+02 6.917946e+07 6.944746e+06 
3.924566e+02 6.742808e+07 5.401469e+06 
3.970080e+02 6.478257e+07 5.883743e+06 
4.947946e+02 6.288385e+07 5.401469e+06 
4.021272e+02 6.273937e+07 6.655381e+06 
4.538288e+02 6.121154e+07 6.462472e+06 
5.294540e+02 6.755634e+07 3.375918e+06 
3.943021e+02 6.328035e+07 6.655381e+06 
4.891837e+02 6.464313e+07 4.436921e+06 
5.147598e+02 6.391414e+07 4.629830e+06 
4.363628e+02 6.145778e+07 6.655381e+06 
3.198304e+02 6.785704e+07 6.462472e+06 
5.059538e+02 6.668255e+07 3.568828e+06 
4.258958e+02 6.387744e+07 5.594378e+06 
3.893466e+02 6.365999e+07 6.655381e+06 
5.040902e+02 6.132824e+07 5.980198e+06 
3.987971e+02 6.288585e+07 6.558926e+06 
3.848663e+02 6.396518e+07 6.655381e+06 
3.853714e+02 6.379007e+07 6.655381e+06 
4.110918e+02 6.521685e+07 5.305014e+06 
2.964835e+02 6.728074e+07 6.944746e+06 
4.772235e+02 6.120493e+07 6.076652e+06 
3.115966e+02 6.714613e+07 6.848291e+06 
5.150417e+02 6.682590e+07 3.472373e+06 
5.038747e+02 6.085280e+07 6.269562e+06 
4.302951e+02 6.716554e+07 4.726285e+06 
5.202168e+02 6.601697e+07 3.761737e+06 
3.090829e+02 6.720000e+07 6.944746e+06 
2.921699e+02 6.781465e+07 6.944746e+06 
4.157044e+02 6.280429e+07 6.076652e+06 
4.846156e+02 6.116766e+07 6.173107e+06 
3.506665e+02 6.767724e+07 5.980198e+06 
4.182081e+02 6.820354e+07 4.822740e+06 
3.644677e+02 6.521790e+07 6.655381e+06 
4.038340e+02 6.701154e+07 5.112104e+06 
4.094218e+02 6.781161e+07 5.015650e+06 
4.505240e+02 6.650878e+07 4.533376e+06 
5.100262e+02 6.631649e+07 3.568828e+06 
4.397917e+02 6.872193e+07 4.244011e+06 
4.243334e+02 6.178522e+07 6.655381e+06 
2.831623e+02 6.877224e+07 6.944746e+06 
4.423269e+02 6.132909e+07 6.558926e+06 
3.241352e+02 6.813465e+07 6.269562e+06 
3.369192e+02 6.620447e+07 6.462472e+06 
5.157467e+02 6.577326e+07 3.858192e+06 
4.760522e+02 6.090799e+07 6.366017e+06 
4.804462e+02 6.693976e+07 3.858192e+06 
5.091023e+02 6.382640e+07 4.822740e+06 
4.563989e+02 6.114871e+07 6.655381e+06 
3.562371e+02 6.839147e+07 5.883743e+06 
5.165731e+02 6.236819e+07 5.497924e+06 
2.951543e+02 6.827504e+07 6.848291e+06 
5.281310e+02 6.357895e+07 5.112104e+06 
3.347069e+02 6.656715e+07 6.944746e+06 
3.744123e+02 6.480780e+07 6.751836e+06 
4.465215e+02 6.488513e+07 5.112104e+06 
3.258911e+02 6.679761e+07 6.944746e+06 
5.099631e+02 6.753214e+07 3.472373e+06 
3.918591e+02 6.340455e+07 6.655381e+06 
3.704991e+02 6.512623e+07 6.655381e+06 
3.275202e+02 6.674490e+07 6.655381e+06 
4.301319e+02 7.016079e+07 4.629830e+06 
4.833295e+02 6.234733e+07 5.690833e+06 
4.132671e+02 6.203039e+07 6.655381e+06 
2.890227e+02 6.815653e+07 6.944746e+06 
4.053390e+02 6.251795e+07 6.655381e+06 
3.985762e+02 6.732342e+07 5.208559e+06 
3.009245e+02 6.876719e+07 6.751836e+06 
2.849924e+02 6.839699e+07 6.944746e+06 
2.955458e+02 6.757392e+07 6.944746e+06 
4.657886e+02 6.093885e+07 6.655381e+06 
4.379877e+02 6.935781e+07 4.436921e+06 
4.945516e+02 6.753303e+07 3.761737e+06 

4.262867e+02 6.896571e+07 3.954647e+06 
2.887893e+02 6.794687e+07 6.944746e+06 
3.198504e+02 6.658812e+07 6.848291e+06 
3.310177e+02 6.637205e+07 6.848291e+06 
3.977873e+02 6.593013e+07 5.594378e+06 
3.576684e+02 6.777841e+07 5.787288e+06 
4.708518e+02 6.676439e+07 3.665282e+06 
5.459384e+02 6.246866e+07 4.436921e+06 
5.149077e+02 6.032918e+07 6.173107e+06 
4.689532e+02 6.142380e+07 6.269562e+06 
3.373397e+02 6.633924e+07 6.558926e+06 
4.876862e+02 6.796458e+07 3.212577e+06 
5.201181e+02 6.404075e+07 4.051102e+06 
3.807808e+02 6.392553e+07 6.751836e+06 
5.443728e+02 6.478316e+07 3.858192e+06 
3.923933e+02 6.893600e+07 5.208559e+06 
5.334659e+02 6.070668e+07 5.594378e+06 
3.962504e+02 6.416476e+07 6.173107e+06 
3.767736e+02 6.766373e+07 5.497924e+06 
4.237435e+02 6.889603e+07 4.051102e+06 
3.839841e+02 6.351251e+07 6.848291e+06 
5.273017e+02 6.010123e+07 6.173107e+06 
5.159251e+02 6.283943e+07 4.533376e+06 
3.604770e+02 6.429972e+07 6.558926e+06 
5.214489e+02 6.052521e+07 5.980198e+06 
4.888890e+02 6.107449e+07 6.269562e+06 
3.489254e+02 6.552024e+07 6.655381e+06 
4.814480e+02 6.110628e+07 6.269562e+06 
4.968835e+02 6.089206e+07 6.269562e+06 
2.772959e+02 6.917946e+07 6.944746e+06 
4.081518e+02 6.263658e+07 6.751836e+06 
4.728852e+02 6.176845e+07 5.401469e+06 
4.265824e+02 6.195109e+07 6.655381e+06 
3.550564e+02 6.529210e+07 6.462472e+06 
4.204627e+02 6.887129e+07 4.340466e+06 
5.047429e+02 6.071768e+07 6.173107e+06 
4.114851e+02 6.249599e+07 6.558926e+06 
3.408961e+02 6.628979e+07 6.655381e+06 
4.557074e+02 6.611494e+07 4.051102e+06 
3.936527e+02 6.307112e+07 6.848291e+06 
5.210444e+02 6.011454e+07 6.076652e+06 
5.420151e+02 6.191213e+07 4.919195e+06 
3.431538e+02 6.593235e+07 6.462472e+06 
4.662920e+02 6.339090e+07 5.015650e+06 
3.515446e+02 6.535924e+07 6.655381e+06 
3.454560e+02 6.579342e+07 6.655381e+06 
4.048071e+02 6.271594e+07 6.655381e+06 
3.016248e+02 6.903003e+07 6.655381e+06 
4.389472e+02 6.800903e+07 3.375918e+06 
3.862928e+02 6.345448e+07 6.848291e+06 
4.152369e+02 6.926179e+07 4.436921e+06 
3.578808e+02 6.496371e+07 6.751836e+06 
3.499049e+02 6.788110e+07 6.076652e+06 
2.825919e+02 6.825377e+07 6.944746e+06 
5.474469e+02 6.458427e+07 3.954647e+06 
3.963906e+02 6.295095e+07 6.848291e+06 
4.080603e+02 6.745918e+07 4.919195e+06 
4.119043e+02 6.239903e+07 6.655381e+06 
2.879151e+02 6.807663e+07 6.944746e+06 
5.474525e+02 6.488761e+07 3.761737e+06 
4.954911e+02 6.760818e+07 3.279463e+06 
5.220724e+02 6.574386e+07 3.472373e+06 
4.367537e+02 6.659620e+07 4.244011e+06 
3.925495e+02 6.327054e+07 6.848291e+06 
5.348295e+02 6.160495e+07 5.112104e+06 
3.162003e+02 6.788199e+07 6.462472e+06 
3.171605e+02 6.674249e+07 6.944746e+06 
3.966234e+02 6.844815e+07 5.112104e+06 
4.328933e+02 6.526590e+07 5.208559e+06 
4.130644e+02 6.220404e+07 6.655381e+06 
3.891893e+02 6.514310e+07 5.883743e+06 
4.100887e+02 6.717357e+07 4.726285e+06 
3.114772e+02 6.697605e+07 6.848291e+06 
3.310442e+02 6.771074e+07 6.366017e+06 
2.795792e+02 6.888385e+07 6.944746e+06 
4.507884e+02 6.293423e+07 5.497924e+06 
3.003815e+02 6.733226e+07 6.944746e+06 
4.668660e+02 6.893671e+07 3.212577e+06 
4.027289e+02 6.290318e+07 6.751836e+06 
2.926326e+02 6.748396e+07 6.944746e+06 
3.904011e+02 6.799347e+07 5.305014e+06 
3.698438e+02 6.662332e+07 5.787288e+06 
4.995188e+02 6.084313e+07 6.076652e+06 
5.306303e+02 6.222159e+07 4.726285e+06 
3.080031e+02 6.818231e+07 6.558926e+06 
3.757431e+02 6.403294e+07 6.751836e+06 
5.059129e+02 6.065234e+07 6.173107e+06 
4.296252e+02 6.429934e+07 5.594378e+06 
3.048639e+02 6.725925e+07 6.944746e+06 
4.317574e+02 6.910161e+07 3.568828e+06 
4.425617e+02 6.346722e+07 5.305014e+06 
2.971677e+02 6.855888e+07 6.751836e+06 
4.919195e+02 6.100132e+07 6.269562e+06 
4.191929e+02 6.362763e+07 6.076652e+06 
4.533858e+02 6.882990e+07 3.279463e+06 
5.204371e+02 6.167049e+07 5.112104e+06 
3.410074e+02 6.697131e+07 6.269562e+06 
4.923016e+02 6.499549e+07 4.244011e+06 
2.931635e+02 6.895541e+07 6.848291e+06 
5.187871e+02 6.020915e+07 6.076652e+06 

4.106260e+02 6.316672e+07 6.558926e+06 
4.985875e+02 6.497416e+07 4.147556e+06 
2.839245e+02 6.886583e+07 6.944746e+06 
5.340577e+02 6.011035e+07 5.883743e+06 
3.547591e+02 6.505755e+07 6.848291e+06 
4.918372e+02 6.752362e+07 3.375918e+06 
3.615895e+02 6.721554e+07 5.594378e+06 
4.077366e+02 6.809912e+07 4.629830e+06 
4.100180e+02 6.430236e+07 5.883743e+06 
5.196373e+02 6.283405e+07 5.015650e+06 
3.983014e+02 6.861719e+07 5.015650e+06 
3.439846e+02 6.607736e+07 6.751836e+06 
4.503085e+02 6.516523e+07 4.726285e+06 
5.012566e+02 6.163070e+07 5.305014e+06 
4.739040e+02 6.320167e+07 5.787288e+06 
5.163095e+02 6.604244e+07 3.279463e+06 
3.218453e+02 6.780722e+07 6.462472e+06 
4.131004e+02 6.291715e+07 6.558926e+06 
5.703804e+02 6.317488e+07 4.244011e+06 
4.382040e+02 6.245475e+07 6.076652e+06 
2.772959e+02 6.917946e+07 6.944746e+06 
3.831460e+02 6.530734e+07 5.980198e+06 
5.537567e+02 6.325586e+07 4.629830e+06 
4.246631e+02 6.235980e+07 6.462472e+06 
5.001583e+02 6.800867e+07 3.212577e+06 
4.477709e+02 6.449224e+07 5.015650e+06 
4.161547e+02 6.810902e+07 4.147556e+06 
4.285088e+02 6.825225e+07 3.858192e+06 
4.738024e+02 6.048629e+07 6.462472e+06 
3.224908e+02 6.672954e+07 6.751836e+06 
3.294062e+02 6.653280e+07 6.751836e+06 
4.359934e+02 6.183427e+07 6.269562e+06 
5.690245e+02 6.310549e+07 4.629830e+06 
5.214605e+02 6.443673e+07 4.147556e+06 
3.702544e+02 6.454572e+07 6.655381e+06 
3.408366e+02 6.625355e+07 6.848291e+06 
3.537424e+02 6.555963e+07 6.848291e+06 
3.252927e+02 6.827301e+07 6.366017e+06 
3.509068e+02 6.567283e+07 6.655381e+06 
3.169167e+02 6.699324e+07 6.751836e+06 
4.116777e+02 6.604264e+07 5.112104e+06 
3.113451e+02 6.720725e+07 6.944746e+06 
5.439469e+02 6.575587e+07 3.212577e+06 
4.457357e+02 6.756248e+07 3.761737e+06 
4.318713e+02 6.145840e+07 6.558926e+06 
3.778015e+02 6.448633e+07 6.558926e+06 
4.170187e+02 6.252805e+07 6.462472e+06 
5.276224e+02 6.158378e+07 5.208559e+06 
5.353472e+02 6.045126e+07 5.787288e+06 
4.274245e+02 6.227411e+07 6.462472e+06 
3.510019e+02 6.679971e+07 5.980198e+06 
4.829592e+02 6.225294e+07 5.401469e+06 
5.060157e+02 6.013987e+07 6.269562e+06 
5.456457e+02 6.126093e+07 5.401469e+06 
2.861334e+02 6.826345e+07 6.944746e+06 
3.663417e+02 6.500063e+07 6.655381e+06 
5.509169e+02 6.510194e+07 3.279463e+06 
2.910241e+02 6.783969e+07 6.944746e+06 
4.628944e+02 6.059803e+07 6.462472e+06 
2.948107e+02 6.883429e+07 6.848291e+06 
5.023626e+02 6.083991e+07 5.690833e+06 
4.579320e+02 6.102790e+07 6.558926e+06 
3.490097e+02 6.579597e+07 6.558926e+06 
5.044998e+02 6.558162e+07 3.472373e+06 
4.025106e+02 6.346525e+07 6.462472e+06 
3.447888e+02 6.599861e+07 6.848291e+06 
2.963877e+02 6.756978e+07 6.944746e+06 
3.950004e+02 6.391430e+07 6.558926e+06 
3.138393e+02 6.854354e+07 6.558926e+06 
3.046347e+02 6.730652e+07 6.751836e+06 
2.988003e+02 6.868401e+07 6.751836e+06 
4.911667e+02 6.751732e+07 3.472373e+06 
4.988486e+02 6.027491e+07 6.366017e+06 
5.301556e+02 6.236943e+07 5.112104e+06 
4.004349e+02 6.357371e+07 6.462472e+06 
5.773308e+02 6.401936e+07 3.858192e+06 
3.853943e+02 6.399880e+07 6.462472e+06 
3.470323e+02 6.841640e+07 5.883743e+06 
4.538578e+02 6.117407e+07 6.462472e+06 
4.684312e+02 6.054381e+07 6.462472e+06 
3.919678e+02 6.783475e+07 5.112104e+06 
4.899048e+02 6.171171e+07 5.401469e+06 
4.778347e+02 6.124473e+07 5.980198e+06 
4.437486e+02 6.360817e+07 5.497924e+06 
4.252354e+02 6.540572e+07 4.919195e+06 
3.329174e+02 6.791164e+07 6.173107e+06 
3.859323e+02 6.807919e+07 5.401469e+06 
2.994511e+02 6.739076e+07 6.944746e+06 
3.696530e+02 6.491794e+07 6.558926e+06 
4.050147e+02 6.764737e+07 4.822740e+06 
5.506705e+02 6.367360e+07 4.436921e+06 
4.513903e+02 6.139100e+07 6.558926e+06 
4.576149e+02 6.695026e+07 3.665282e+06 
2.853650e+02 6.837602e+07 6.944746e+06 
5.234454e+02 6.488974e+07 3.665282e+06 
2.898577e+02 6.803172e+07 6.944746e+06 
5.408451e+02 6.466639e+07 3.568828e+06 
3.370101e+02 6.799597e+07 6.076652e+06 
4.850699e+02 6.044260e+07 6.366017e+06 
4.485556e+02 6.669095e+07 4.051102e+06 

3.572716e+02 6.457514e+07 6.751836e+06 
3.762802e+02 6.731857e+07 5.497924e+06 
5.042080e+02 6.260245e+07 4.919195e+06 
5.192684e+02 6.169860e+07 5.594378e+06 
3.939703e+02 6.283709e+07 6.751836e+06 
4.806229e+02 6.212835e+07 6.076652e+06 
3.747995e+02 6.346887e+07 6.848291e+06 
3.925670e+02 6.834512e+07 4.919195e+06 
3.296118e+02 6.640378e+07 6.655381e+06 
4.150707e+02 6.590530e+07 5.208559e+06 
3.615083e+02 6.428312e+07 6.751836e+06 
5.824260e+02 6.579816e+07 3.279463e+06 
3.812786e+02 6.887567e+07 5.305014e+06 
4.712334e+02 6.769972e+07 4.051102e+06 
3.268477e+02 6.670767e+07 6.751836e+06 
4.874204e+02 6.527918e+07 4.436921e+06 
4.171800e+02 6.210956e+07 6.848291e+06 
3.517457e+02 6.486711e+07 6.655381e+06 
4.392049e+02 6.369622e+07 5.594378e+06 
5.901245e+02 6.488861e+07 3.665282e+06 
3.612263e+02 6.733927e+07 5.787288e+06 
3.837881e+02 6.329117e+07 6.751836e+06 
4.270785e+02 6.183693e+07 6.751836e+06 
3.547530e+02 6.477579e+07 6.751836e+06 
5.781594e+02 6.290885e+07 4.244011e+06 
2.772959e+02 6.917946e+07 6.944746e+06 
3.165305e+02 6.815533e+07 6.462472e+06 
5.469863e+02 6.753318e+07 3.247568e+06 
4.861989e+02 6.325476e+07 4.919195e+06 
5.800317e+02 6.380302e+07 4.051102e+06 
3.880467e+02 6.311826e+07 6.848291e+06 
3.487724e+02 6.515005e+07 6.848291e+06 
3.188823e+02 6.713940e+07 6.848291e+06 
6.008655e+02 6.615687e+07 3.212577e+06 
5.009004e+02 6.199381e+07 5.112104e+06 
4.177219e+02 6.502039e+07 5.497924e+06 
4.503429e+02 6.744201e+07 4.244011e+06 
3.893995e+02 6.798771e+07 5.208559e+06 
5.178633e+02 6.863834e+07 3.761737e+06 
4.963445e+02 6.804483e+07 3.858192e+06 
3.434118e+02 6.556823e+07 6.848291e+06 
3.361943e+02 6.597591e+07 6.848291e+06 
5.714693e+02 6.281313e+07 4.436921e+06 
5.609663e+02 6.423344e+07 3.954647e+06 
4.034541e+02 6.893165e+07 4.726285e+06 
5.095654e+02 6.139768e+07 5.980198e+06 
3.095192e+02 6.821883e+07 6.655381e+06 
2.874951e+02 6.819821e+07 6.944746e+06 
3.790051e+02 6.439574e+07 6.269562e+06 
5.196572e+02 6.158051e+07 5.690833e+06 
4.631513e+02 6.738070e+07 4.147556e+06 
5.344954e+02 6.149239e+07 5.883743e+06 
3.720727e+02 6.381773e+07 6.751836e+06 
3.990822e+02 6.926643e+07 4.822740e+06 
3.459432e+02 6.762275e+07 6.076652e+06 
3.654515e+02 6.799617e+07 5.690833e+06 
2.958357e+02 6.762799e+07 6.944746e+06 
5.251662e+02 6.843191e+07 3.375918e+06 
3.716267e+02 6.388597e+07 6.751836e+06 
5.959119e+02 6.531001e+07 3.375918e+06 
4.046124e+02 6.244618e+07 6.655381e+06 
5.848535e+02 6.309214e+07 4.147556e+06 
5.360549e+02 6.889815e+07 3.279463e+06 
5.620252e+02 6.708599e+07 3.212577e+06 
3.974124e+02 6.278317e+07 6.848291e+06 
5.610105e+02 6.432216e+07 3.858192e+06 
2.974471e+02 6.742345e+07 6.944746e+06 
5.224450e+02 6.920098e+07 3.568828e+06 
4.000310e+02 6.268105e+07 6.848291e+06 
3.258596e+02 6.676995e+07 6.848291e+06 
4.275943e+02 6.747074e+07 4.629830e+06 
4.523849e+02 6.446606e+07 4.919195e+06 
4.130200e+02 6.231614e+07 6.848291e+06 
3.417451e+02 6.571726e+07 6.751836e+06 
3.211383e+02 6.693352e+07 6.655381e+06 
2.841585e+02 6.843398e+07 6.944746e+06 
2.946945e+02 6.770223e+07 6.944746e+06 
2.951792e+02 6.856830e+07 6.848291e+06 
3.477603e+02 6.534350e+07 6.848291e+06 
4.773872e+02 6.725042e+07 3.954647e+06 
3.299609e+02 6.630246e+07 6.848291e+06 
5.831877e+02 6.502796e+07 3.472373e+06 
3.141214e+02 6.721977e+07 6.751836e+06 
3.003181e+02 6.796825e+07 6.751836e+06 
3.724200e+02 6.558097e+07 5.787288e+06 
5.231965e+02 6.467590e+07 4.147556e+06 
3.658361e+02 6.418329e+07 6.944746e+06 
4.444536e+02 6.730011e+07 4.436921e+06 
5.184645e+02 6.157302e+07 5.787288e+06 
4.890532e+02 6.182359e+07 5.883743e+06 
3.386760e+02 6.586469e+07 6.848291e+06 
5.120254e+02 6.376388e+07 4.533376e+06 
3.454995e+02 6.549155e+07 6.655381e+06 
2.899293e+02 6.790114e+07 6.944746e+06 
5.467378e+02 6.437501e+07 3.858192e+06 
5.004234e+02 6.163249e+07 5.690833e+06 
3.361730e+02 6.810342e+07 6.173107e+06 
3.043553e+02 6.724738e+07 6.944746e+06 
5.061746e+02 6.175073e+07 5.401469e+06 
5.970932e+02 6.491686e+07 3.568828e+06 

5.235094e+02 6.753819e+07 4.244011e+06 
3.951039e+02 6.810352e+07 4.822740e+06 
3.210786e+02 6.677707e+07 6.848291e+06 
5.410494e+02 6.113751e+07 6.076652e+06 
5.079281e+02 6.109824e+07 6.462472e+06 
3.622215e+02 6.453746e+07 6.558926e+06 
5.459739e+02 6.486607e+07 4.629830e+06 
3.512599e+02 6.849414e+07 5.787288e+06 
5.272667e+02 6.464529e+07 4.726285e+06 
3.151833e+02 6.785706e+07 6.558926e+06 
4.374797e+02 6.316503e+07 5.690833e+06 
3.181007e+02 6.719353e+07 6.944746e+06 
3.833726e+02 6.389902e+07 6.462472e+06 
5.100086e+02 6.246557e+07 5.690833e+06 
4.189906e+02 6.250627e+07 6.655381e+06 
3.530812e+02 6.492378e+07 6.751836e+06 
3.411050e+02 6.834630e+07 5.883743e+06 
4.493755e+02 6.122436e+07 6.655381e+06 
5.366140e+02 6.131128e+07 5.980198e+06 
4.140543e+02 6.612733e+07 4.822740e+06 
4.322527e+02 6.161350e+07 6.655381e+06 
5.217099e+02 6.358076e+07 4.919195e+06 
3.927315e+02 6.334729e+07 6.462472e+06 
3.509889e+02 6.511099e+07 6.462472e+06 
3.859951e+02 6.345275e+07 6.462472e+06 
3.429998e+02 6.561542e+07 6.655381e+06 
3.533848e+02 6.469833e+07 6.751836e+06 
3.773263e+02 6.795554e+07 5.208559e+06 
2.772959e+02 6.917946e+07 6.944746e+06 
5.004907e+02 6.384513e+07 5.015650e+06 
3.621261e+02 6.867253e+07 5.594378e+06 
3.820701e+02 6.597276e+07 5.594378e+06 
3.450061e+02 6.509218e+07 6.751836e+06 
5.371522e+02 6.496216e+07 4.533376e+06 
4.270434e+02 6.172314e+07 6.751836e+06 
4.015643e+02 6.542191e+07 5.497924e+06 
3.607757e+02 6.576929e+07 6.173107e+06 
3.867904e+02 6.337505e+07 6.366017e+06 
4.435053e+02 6.627353e+07 4.436921e+06 
5.307523e+02 6.735237e+07 4.147556e+06 
5.080674e+02 6.344559e+07 5.305014e+06 
4.207035e+02 6.214053e+07 6.751836e+06 
4.968797e+02 6.168280e+07 5.980198e+06 
4.369539e+02 6.569192e+07 4.629830e+06 
4.193519e+02 6.243010e+07 6.751836e+06 
4.168391e+02 6.661288e+07 4.726285e+06 
4.897761e+02 6.092195e+07 6.558926e+06 
5.397129e+02 6.696156e+07 4.147556e+06 
4.043121e+02 6.297387e+07 6.269562e+06 
3.301683e+02 6.588862e+07 6.751836e+06 
4.167450e+02 6.266377e+07 6.848291e+06 
4.033224e+02 6.353997e+07 6.076652e+06 
2.868960e+02 6.813018e+07 6.944746e+06 
4.080997e+02 6.290936e+07 6.366017e+06 
4.642712e+02 6.181860e+07 6.173107e+06 
4.308436e+02 6.422134e+07 5.594378e+06 
4.587424e+02 6.229841e+07 5.980198e+06 
2.952467e+02 6.770332e+07 6.944746e+06 
3.009209e+02 6.761372e+07 6.944746e+06 
5.443289e+02 6.496988e+07 4.244011e+06 
3.645057e+02 6.670938e+07 5.690833e+06 
4.547110e+02 6.275334e+07 5.690833e+06 
3.045233e+02 6.750994e+07 6.944746e+06 
3.776452e+02 6.396183e+07 6.655381e+06 
2.981649e+02 6.767495e+07 6.944746e+06 
3.896024e+02 6.786725e+07 4.919195e+06 
3.726062e+02 6.777734e+07 5.305014e+06 
5.292083e+02 6.334052e+07 5.497924e+06 
4.127663e+02 6.277546e+07 6.366017e+06 
3.096586e+02 6.817539e+07 6.655381e+06 
3.412960e+02 6.576595e+07 6.655381e+06 
5.230238e+02 6.190121e+07 5.883743e+06 
3.252688e+02 6.762967e+07 6.366017e+06 
3.383146e+02 6.865483e+07 6.173107e+06 
3.403371e+02 6.585033e+07 6.751836e+06 
5.372340e+02 6.400787e+07 4.822740e+06 
2.867898e+02 6.850272e+07 6.944746e+06 
4.323979e+02 6.528815e+07 5.015650e+06 
3.017157e+02 6.805578e+07 6.751836e+06 
4.345977e+02 6.157218e+07 6.751836e+06 
3.973836e+02 6.683934e+07 4.919195e+06 
3.210507e+02 6.847058e+07 6.462472e+06 
3.688379e+02 6.418859e+07 6.751836e+06 
4.232651e+02 6.648852e+07 4.629830e+06 
3.492013e+02 6.694507e+07 5.980198e+06 
3.064015e+02 6.730162e+07 6.944746e+06 
3.284080e+02 6.670889e+07 6.848291e+06 
3.970062e+02 6.446741e+07 5.883743e+06 
4.824169e+02 6.432143e+07 5.305014e+06 
4.411658e+02 6.546909e+07 4.726285e+06 
2.885155e+02 6.782999e+07 6.944746e+06 
3.959669e+02 6.306106e+07 6.462472e+06 
3.232178e+02 6.837640e+07 6.269562e+06 
5.192791e+02 6.262908e+07 5.594378e+06 
5.115862e+02 6.357986e+07 5.208559e+06 
3.968736e+02 6.303852e+07 6.366017e+06 
3.716990e+02 6.411678e+07 6.366017e+06 
3.835579e+02 6.765393e+07 5.015650e+06 
2.940708e+02 6.856279e+07 6.848291e+06 
4.974419e+02 6.346861e+07 5.305014e+06 

5.187011e+02 6.453336e+07 3.954647e+06 
4.259180e+02 6.653656e+07 4.533376e+06 
3.160514e+02 6.696575e+07 6.751836e+06 
4.235716e+02 6.242617e+07 6.269562e+06 
3.842953e+02 6.758230e+07 5.305014e+06 
5.605472e+02 6.297890e+07 4.629830e+06 
4.825613e+02 6.376394e+07 4.822740e+06 
4.404253e+02 6.550133e+07 4.726285e+06 
4.655187e+02 6.601333e+07 4.147556e+06 
4.348232e+02 6.213426e+07 6.462472e+06 
3.899254e+02 6.358592e+07 6.655381e+06 
3.954669e+02 6.893467e+07 5.112104e+06 
3.662885e+02 6.458401e+07 6.558926e+06 
2.995115e+02 6.825057e+07 6.751836e+06 
4.150280e+02 6.907530e+07 4.051102e+06 
3.735794e+02 6.411482e+07 6.655381e+06 
4.174516e+02 6.516919e+07 5.112104e+06 
4.238544e+02 6.704306e+07 4.244011e+06 
5.004541e+02 6.616263e+07 3.761737e+06 
4.001248e+02 6.323369e+07 6.558926e+06 
3.979362e+02 6.527026e+07 5.787288e+06 
4.279262e+02 6.817860e+07 3.858192e+06 
3.285167e+02 6.646277e+07 6.558926e+06 
4.971840e+02 6.559187e+07 3.858192e+06 
5.654086e+02 6.303434e+07 4.436921e+06 
3.431450e+02 6.735756e+07 5.980198e+06 
2.772959e+02 6.917946e+07 6.944746e+06 
3.740552e+02 6.529052e+07 6.173107e+06 
3.751122e+02 6.409667e+07 6.558926e+06 
3.372756e+02 6.579452e+07 6.751836e+06 
3.355527e+02 6.737484e+07 6.173107e+06 
3.988436e+02 6.983816e+07 4.726285e+06 
4.302821e+02 6.298962e+07 6.076652e+06 
4.098406e+02 6.288301e+07 6.462472e+06 
4.305804e+02 6.237101e+07 6.366017e+06 
3.695552e+02 6.434641e+07 6.655381e+06 
5.133622e+02 6.442455e+07 4.147556e+06 
4.054749e+02 6.313588e+07 6.366017e+06 
3.856186e+02 6.370179e+07 6.366017e+06 
3.257864e+02 6.781396e+07 6.366017e+06 
3.483049e+02 6.709824e+07 5.883743e+06 
3.682240e+02 6.680289e+07 5.690833e+06 
4.477458e+02 6.210125e+07 6.366017e+06 
3.221622e+02 6.663251e+07 6.944746e+06 
3.756412e+02 6.754260e+07 5.497924e+06 
3.645544e+02 6.795466e+07 5.594378e+06 
3.466380e+02 6.551710e+07 6.558926e+06 
2.972333e+02 6.776196e+07 6.944746e+06 
4.107310e+02 6.244405e+07 6.269562e+06 
2.944430e+02 6.779034e+07 6.944746e+06 
4.034273e+02 6.940125e+07 4.436921e+06 
3.980726e+02 6.333749e+07 6.558926e+06 
3.274912e+02 6.651962e+07 6.655381e+06 
4.115501e+02 6.751684e+07 4.340466e+06 
3.128526e+02 6.708299e+07 6.848291e+06 
2.909653e+02 6.811161e+07 6.944746e+06 
3.309341e+02 6.623993e+07 6.655381e+06 
5.293252e+02 6.240468e+07 4.822740e+06 
4.053257e+02 6.624072e+07 5.305014e+06 
4.335575e+02 6.487095e+07 4.919195e+06 
3.380091e+02 6.557797e+07 6.655381e+06 
3.213544e+02 6.665501e+07 6.655381e+06 
3.813776e+02 6.467328e+07 6.076652e+06 
3.034886e+02 6.759340e+07 6.848291e+06 
2.848367e+02 6.904578e+07 6.944746e+06 
4.111780e+02 6.420712e+07 5.883743e+06 
3.240066e+02 6.767605e+07 6.462472e+06 
3.071185e+02 6.713250e+07 6.944746e+06 
2.870593e+02 6.815574e+07 6.944746e+06 
3.047966e+02 6.753653e+07 6.848291e+06 
3.710237e+02 6.422407e+07 6.558926e+06 
3.001284e+02 6.767573e+07 6.944746e+06 
3.778902e+02 6.393038e+07 6.558926e+06 
4.827503e+02 6.270008e+07 5.305014e+06 
3.327061e+02 6.594141e+07 6.655381e+06 
3.806925e+02 6.367901e+07 6.655381e+06 
4.338429e+02 6.350423e+07 5.883743e+06 
5.156128e+02 6.335035e+07 4.822740e+06 
3.198021e+02 6.680950e+07 6.655381e+06 
3.387355e+02 6.625993e+07 6.269562e+06 
4.604011e+02 6.255361e+07 6.076652e+06 
5.226773e+02 6.508251e+07 3.761737e+06 
2.928001e+02 6.797337e+07 6.944746e+06 
2.856216e+02 6.864354e+07 6.944746e+06 
3.926502e+02 6.724887e+07 5.208559e+06 
2.865694e+02 6.849371e+07 6.944746e+06 
4.494858e+02 6.675746e+07 3.954647e+06 
3.524432e+02 6.461575e+07 6.751836e+06 
3.651447e+02 6.621253e+07 5.883743e+06 
4.713996e+02 6.290457e+07 5.497924e+06 
4.760216e+02 6.495547e+07 4.244011e+06 
3.504260e+02 6.541297e+07 6.558926e+06 
5.569558e+02 6.346829e+07 4.340466e+06 
5.143731e+02 6.488461e+07 3.858192e+06 
2.981133e+02 6.809442e+07 6.848291e+06 
3.066974e+02 6.829845e+07 6.558926e+06 
4.459213e+02 6.398245e+07 5.015650e+06 
3.520251e+02 6.789392e+07 5.787288e+06 
4.017434e+02 6.834361e+07 4.629830e+06 
4.509643e+02 6.199759e+07 6.269562e+06 

4.051023e+02 6.694436e+07 5.112104e+06 
4.383092e+02 6.850615e+07 4.436921e+06 
3.396219e+02 6.607031e+07 6.848291e+06 
5.169137e+02 6.284086e+07 5.112104e+06 
3.125674e+02 6.680391e+07 6.944746e+06 
3.755244e+02 6.398202e+07 6.655381e+06 
4.330947e+02 6.291293e+07 5.497924e+06 
3.118183e+02 6.862828e+07 6.558926e+06 
5.207936e+02 6.838553e+07 3.375918e+06 
2.927712e+02 6.789483e+07 6.944746e+06 
3.618906e+02 6.804812e+07 6.076652e+06 
4.944687e+02 6.748604e+07 3.761737e+06 
5.689980e+02 6.498889e+07 3.279463e+06 
5.608856e+02 6.432462e+07 3.568828e+06 
4.335208e+02 6.163473e+07 6.173107e+06 
5.474624e+02 6.369574e+07 3.858192e+06 
3.432071e+02 6.588877e+07 6.848291e+06 
4.541781e+02 6.745926e+07 4.147556e+06 
3.835943e+02 6.674995e+07 5.787288e+06 
5.128573e+02 6.452917e+07 3.858192e+06 
3.606437e+02 6.573890e+07 6.366017e+06 
4.403906e+02 6.147357e+07 6.462472e+06 
4.744035e+02 6.715198e+07 4.051102e+06 
3.883677e+02 6.460364e+07 5.883743e+06 
4.173838e+02 6.369820e+07 5.497924e+06 
2.772959e+02 6.917946e+07 6.944746e+06 
4.155704e+02 6.208655e+07 6.366017e+06 
3.637269e+02 6.704587e+07 5.883743e+06 
3.938577e+02 6.797217e+07 5.401469e+06 
3.874895e+02 6.355366e+07 6.558926e+06 
3.770809e+02 6.381573e+07 6.848291e+06 
4.879934e+02 6.146525e+07 5.883743e+06 
5.278660e+02 6.211871e+07 5.305014e+06 
3.896071e+02 6.324989e+07 6.558926e+06 
3.501604e+02 6.536395e+07 6.751836e+06 
5.090745e+02 6.153309e+07 5.594378e+06 
4.196462e+02 6.176929e+07 6.462472e+06 
3.983891e+02 6.249932e+07 6.366017e+06 
5.043677e+02 6.573179e+07 3.761737e+06 
4.889439e+02 6.842307e+07 3.954647e+06 
3.225760e+02 6.899802e+07 6.366017e+06 
3.955077e+02 6.318917e+07 6.655381e+06 
4.698299e+02 6.524035e+07 4.533376e+06 
5.363542e+02 6.813883e+07 3.212577e+06 
4.434578e+02 6.776449e+07 4.340466e+06 
4.248690e+02 6.176599e+07 6.366017e+06 
5.341851e+02 6.387850e+07 3.858192e+06 
5.324739e+02 6.203883e+07 5.401469e+06 
3.436569e+02 6.578977e+07 6.655381e+06 
3.224262e+02 6.760991e+07 6.462472e+06 
3.369304e+02 6.625451e+07 6.944746e+06 
3.817486e+02 6.362779e+07 6.462472e+06 
5.350957e+02 6.223797e+07 5.208559e+06 
2.861173e+02 6.832626e+07 6.944746e+06 
3.946493e+02 6.367182e+07 5.980198e+06 
5.034870e+02 6.692158e+07 3.568828e+06 
3.427812e+02 6.824792e+07 6.173107e+06 
5.478418e+02 6.479829e+07 3.375918e+06 
4.478742e+02 6.356037e+07 5.305014e+06 
5.530393e+02 6.327285e+07 4.051102e+06 
2.951385e+02 6.783685e+07 6.944746e+06 
4.102272e+02 6.214230e+07 6.558926e+06 
4.170512e+02 6.205014e+07 6.558926e+06 
5.238962e+02 6.366423e+07 4.340466e+06 
5.497383e+02 6.405445e+07 3.761737e+06 
4.575250e+02 6.505182e+07 4.919195e+06 
3.446986e+02 6.563956e+07 6.848291e+06 
2.977683e+02 6.743972e+07 6.944746e+06 
3.919837e+02 6.728247e+07 5.594378e+06 
5.754901e+02 6.467119e+07 3.472373e+06 
4.643007e+02 6.131812e+07 6.076652e+06 
2.808687e+02 6.839551e+07 6.944746e+06 
5.204410e+02 6.195773e+07 5.497924e+06 
3.400897e+02 6.729988e+07 6.269562e+06 
3.052457e+02 6.705481e+07 6.944746e+06 
2.956363e+02 6.831468e+07 6.751836e+06 
3.999253e+02 6.559112e+07 5.594378e+06 
5.842132e+02 6.591200e+07 3.212577e+06 
2.889676e+02 6.799744e+07 6.944746e+06 
5.299045e+02 6.717530e+07 3.279463e+06 
3.066605e+02 6.703814e+07 6.944746e+06 
4.212316e+02 6.630356e+07 5.015650e+06 
4.018103e+02 6.741296e+07 5.305014e+06 
5.327162e+02 6.559933e+07 3.472373e+06 
3.543507e+02 6.525733e+07 6.655381e+06 
3.705940e+02 6.421371e+07 6.944746e+06 
4.544658e+02 6.485721e+07 5.112104e+06 
3.560657e+02 6.469890e+07 6.848291e+06 
3.159211e+02 6.627239e+07 6.751836e+06 
3.493289e+02 6.546133e+07 6.848291e+06 
3.802315e+02 6.550827e+07 5.883743e+06 
4.104120e+02 6.273762e+07 5.883743e+06 
4.758873e+02 6.105879e+07 6.076652e+06 
4.517393e+02 6.886006e+07 4.244011e+06 
4.305351e+02 6.537770e+07 5.112104e+06 
4.835512e+02 6.510681e+07 4.147556e+06 
4.590812e+02 6.136404e+07 6.173107e+06 
3.673391e+02 6.426693e+07 6.751836e+06 
4.303752e+02 6.904142e+07 4.629830e+06 
4.691691e+02 6.123319e+07 6.076652e+06 

3.302330e+02 6.653757e+07 6.751836e+06 
3.499925e+02 6.770551e+07 5.980198e+06 
4.231570e+02 6.273463e+07 6.462472e+06 
4.221347e+02 6.800325e+07 4.822740e+06 
3.785278e+02 6.726618e+07 5.401469e+06 
4.463994e+02 6.380141e+07 5.690833e+06 
5.343382e+02 6.394910e+07 4.436921e+06 
3.649439e+02 6.613862e+07 5.883743e+06 
5.031447e+02 6.256586e+07 5.883743e+06 
4.485180e+02 6.491226e+07 4.822740e+06 
3.474008e+02 6.556873e+07 6.751836e+06 
4.195716e+02 6.861419e+07 4.919195e+06 
5.245175e+02 6.287980e+07 4.822740e+06 
4.298327e+02 6.264932e+07 6.462472e+06 
3.704860e+02 6.759165e+07 5.690833e+06 
3.547909e+02 6.758856e+07 5.883743e+06 
4.903225e+02 6.456826e+07 4.436921e+06 
3.360834e+02 6.579356e+07 6.848291e+06 
2.772959e+02 6.917946e+07 6.944746e+06 
4.214002e+02 6.526799e+07 5.112104e+06 
4.067287e+02 6.311050e+07 6.558926e+06 
3.327218e+02 6.610444e+07 6.751836e+06 
5.176406e+02 6.345678e+07 4.533376e+06 
3.816678e+02 6.393766e+07 6.751836e+06 
4.798213e+02 6.381035e+07 4.822740e+06 
5.195346e+02 6.224116e+07 5.497924e+06 
4.110898e+02 6.764723e+07 5.015650e+06 
4.244907e+02 6.552277e+07 5.015650e+06 
3.398487e+02 6.829125e+07 6.269562e+06 
4.646374e+02 6.258654e+07 6.366017e+06 
4.049360e+02 6.363452e+07 5.980198e+06 
4.019189e+02 6.340234e+07 6.173107e+06 
4.540642e+02 6.616448e+07 4.533376e+06 
3.899903e+02 6.531939e+07 5.594378e+06 
4.697972e+02 6.311404e+07 5.594378e+06 
4.489837e+02 6.629791e+07 4.629830e+06 
5.198957e+02 6.296542e+07 4.726285e+06 
3.204774e+02 6.696591e+07 6.848291e+06 
3.212775e+02 6.669081e+07 6.944746e+06 
3.460699e+02 6.574677e+07 6.655381e+06 
3.888911e+02 6.724578e+07 5.305014e+06 
3.985062e+02 6.345998e+07 6.655381e+06 
3.658958e+02 6.484202e+07 6.751836e+06 
4.718960e+02 6.518264e+07 4.436921e+06 
4.014971e+02 6.327269e+07 6.558926e+06 
3.147277e+02 6.712332e+07 6.848291e+06 
3.434392e+02 6.577436e+07 6.655381e+06 
4.465203e+02 6.664774e+07 4.726285e+06 
3.972359e+02 6.347178e+07 6.558926e+06 
3.885472e+02 6.419060e+07 5.980198e+06 
4.031076e+02 6.605585e+07 5.208559e+06 
3.785409e+02 6.418173e+07 6.462472e+06 
3.501033e+02 6.533989e+07 6.751836e+06 
2.981509e+02 6.756211e+07 6.944746e+06 
3.737717e+02 6.764377e+07 5.594378e+06 
4.193743e+02 6.463367e+07 5.497924e+06 
2.968466e+02 6.767010e+07 6.944746e+06 
3.171330e+02 6.855455e+07 6.462472e+06 
3.799776e+02 6.414752e+07 6.655381e+06 
4.638966e+02 6.443431e+07 4.726285e+06 
2.836901e+02 6.874399e+07 6.944746e+06 
2.915981e+02 6.773935e+07 6.944746e+06 
4.659366e+02 6.257085e+07 6.173107e+06 
4.024919e+02 6.317172e+07 6.366017e+06 
5.154337e+02 6.232528e+07 5.497924e+06 
3.455454e+02 6.788548e+07 6.076652e+06 
4.741122e+02 6.372143e+07 5.112104e+06 
5.305240e+02 6.196178e+07 5.208559e+06 
3.050017e+02 6.734330e+07 6.944746e+06 
3.231072e+02 6.681729e+07 6.558926e+06 
3.521650e+02 6.513324e+07 6.558926e+06 
2.863128e+02 6.822620e+07 6.944746e+06 
5.227287e+02 6.217048e+07 5.787288e+06 
5.328087e+02 6.316408e+07 4.533376e+06 
2.977266e+02 6.883190e+07 6.751836e+06 
4.960806e+02 6.319714e+07 5.112104e+06 
5.334205e+02 6.174581e+07 5.497924e+06 
3.848762e+02 6.627422e+07 5.401469e+06 
3.477123e+02 6.579023e+07 6.269562e+06 
5.301782e+02 6.187096e+07 5.594378e+06 
3.763483e+02 6.443630e+07 6.751836e+06 
3.434815e+02 6.795758e+07 6.173107e+06 
2.900281e+02 6.776329e+07 6.944746e+06 
4.149212e+02 6.295004e+07 6.558926e+06 
3.298784e+02 6.840213e+07 6.366017e+06 
2.871239e+02 6.790450e+07 6.944746e+06 
5.397709e+02 6.275945e+07 5.015650e+06 
4.629807e+02 6.270726e+07 6.076652e+06 
3.727225e+02 6.466917e+07 6.269562e+06 
3.925168e+02 6.802032e+07 5.112104e+06 
3.092373e+02 6.815825e+07 6.655381e+06 
5.084637e+02 6.256374e+07 5.208559e+06 
5.263838e+02 6.203851e+07 5.208559e+06 
3.868037e+02 6.355526e+07 6.462472e+06 
2.867039e+02 6.802608e+07 6.944746e+06 
3.669435e+02 6.447105e+07 6.558926e+06 
4.802839e+02 6.301386e+07 5.497924e+06 
3.004319e+02 6.738284e+07 6.944746e+06 
3.605979e+02 6.495344e+07 6.558926e+06 
3.564412e+02 6.800459e+07 5.787288e+06 

5.764365e+02 6.669281e+07 3.568828e+06 
2.885961e+02 6.793059e+07 6.944746e+06 
4.615015e+02 6.700019e+07 4.533376e+06 
2.970539e+02 6.848505e+07 6.751836e+06 
4.725858e+02 6.055493e+07 6.173107e+06 
4.498454e+02 6.211142e+07 5.883743e+06 
5.250944e+02 6.545670e+07 4.051102e+06 
4.455343e+02 6.122203e+07 6.366017e+06 
4.784244e+02 6.123371e+07 5.594378e+06 
3.541759e+02 6.510276e+07 6.462472e+06 
5.151415e+02 6.481148e+07 4.244011e+06 
3.442382e+02 6.843493e+07 6.173107e+06 
5.493157e+02 6.899269e+07 3.375918e+06 
4.729366e+02 6.046815e+07 6.269562e+06 
4.882339e+02 6.490652e+07 4.436921e+06 
4.759356e+02 6.035551e+07 6.269562e+06 
4.824657e+02 6.019617e+07 6.366017e+06 
4.836028e+02 6.165692e+07 5.497924e+06 
4.170428e+02 6.211183e+07 6.269562e+06 
3.825711e+02 6.345247e+07 6.558926e+06 
4.632962e+02 6.572730e+07 4.822740e+06 
3.351841e+02 6.630212e+07 6.848291e+06 
2.772959e+02 6.917946e+07 6.944746e+06 
4.540111e+02 6.731693e+07 4.822740e+06 
4.534354e+02 6.114644e+07 6.366017e+06 
3.579477e+02 6.481638e+07 6.848291e+06 
4.497816e+02 6.703324e+07 4.919195e+06 
3.553799e+02 6.494273e+07 6.655381e+06 
4.626882e+02 6.072533e+07 6.366017e+06 
4.444525e+02 6.145546e+07 6.366017e+06 
4.019197e+02 6.240355e+07 6.558926e+06 
5.423650e+02 6.898011e+07 3.568828e+06 
3.794970e+02 6.656207e+07 5.690833e+06 
3.795381e+02 6.366299e+07 6.462472e+06 
3.764743e+02 6.369841e+07 6.462472e+06 
3.515089e+02 6.733864e+07 5.980198e+06 
4.786192e+02 6.033709e+07 6.269562e+06 
5.765868e+02 6.702436e+07 3.472373e+06 
3.610040e+02 6.449561e+07 6.558926e+06 
4.740810e+02 6.041748e+07 6.366017e+06 
5.244734e+02 6.030516e+07 5.690833e+06 
3.252315e+02 6.798677e+07 6.366017e+06 
4.106642e+02 6.349594e+07 5.883743e+06 
2.866223e+02 6.801330e+07 6.944746e+06 
4.717568e+02 6.757564e+07 4.436921e+06 
4.315803e+02 6.777705e+07 5.305014e+06 
4.960025e+02 6.005352e+07 6.173107e+06 
5.057109e+02 6.012782e+07 5.787288e+06 
5.047532e+02 6.639537e+07 3.858192e+06 
4.684483e+02 6.401216e+07 5.208559e+06 
3.258999e+02 6.681457e+07 6.944746e+06 
5.761079e+02 6.742813e+07 3.212577e+06 
3.332369e+02 6.649550e+07 6.944746e+06 
3.885779e+02 6.314195e+07 6.655381e+06 
3.421248e+02 6.560506e+07 6.848291e+06 
4.862696e+02 6.018039e+07 6.366017e+06 
5.655175e+02 6.349464e+07 4.244011e+06 
4.770872e+02 6.618457e+07 4.051102e+06 
3.804387e+02 6.481345e+07 6.076652e+06 
3.106537e+02 6.868055e+07 6.655381e+06 
5.454606e+02 6.792361e+07 3.472373e+06 
3.078244e+02 6.718930e+07 6.944746e+06 
3.141218e+02 6.689342e+07 6.848291e+06 
5.515536e+02 6.859825e+07 3.279463e+06 
3.720474e+02 6.410338e+07 6.366017e+06 
5.087779e+02 6.405489e+07 4.629830e+06 
3.929453e+02 6.274043e+07 6.558926e+06 
4.286056e+02 6.418165e+07 5.497924e+06 
5.046207e+02 6.288132e+07 5.208559e+06 
5.569018e+02 6.909303e+07 3.212577e+06 
3.909866e+02 6.290666e+07 6.462472e+06 
3.876447e+02 6.328396e+07 6.655381e+06 
5.325868e+02 6.614532e+07 3.858192e+06 
3.967762e+02 6.265175e+07 6.558926e+06 
2.831461e+02 6.883505e+07 6.944746e+06 
2.841457e+02 6.829263e+07 6.944746e+06 
3.029312e+02 6.738821e+07 6.944746e+06 
3.641695e+02 6.402670e+07 6.558926e+06 
4.514170e+02 6.281026e+07 5.690833e+06 
4.207452e+02 6.279412e+07 6.076652e+06 
4.972205e+02 6.470586e+07 4.436921e+06 
5.387074e+02 6.914246e+07 3.761737e+06 
4.968604e+02 6.004543e+07 6.269562e+06 
3.381271e+02 6.606385e+07 6.848291e+06 
5.148198e+02 5.990596e+07 5.980198e+06 
5.588148e+02 6.312796e+07 4.822740e+06 
3.490140e+02 6.877960e+07 5.787288e+06 
5.736409e+02 6.734464e+07 3.279463e+06 
2.891987e+02 6.867820e+07 6.848291e+06 
5.525869e+02 6.570956e+07 3.954647e+06 
4.259334e+02 6.173698e+07 6.655381e+06 
3.849021e+02 6.720981e+07 5.594378e+06 
2.973355e+02 6.741995e+07 6.944746e+06 
4.419665e+02 6.162591e+07 6.462472e+06 
4.358501e+02 6.735120e+07 5.015650e+06 
2.905448e+02 6.767951e+07 6.944746e+06 
5.440278e+02 6.299721e+07 5.015650e+06 
3.493522e+02 6.540764e+07 6.655381e+06 
4.026384e+02 6.548110e+07 5.401469e+06 
3.169226e+02 6.901862e+07 6.558926e+06 

