8.610000e+03 3.492140e+07 1.021435e+06 
6.961250e+03 2.896681e+07 2.298228e+06 
8.512300e+03 3.499381e+07 9.390032e+05 
7.024900e+03 2.925547e+07 2.042869e+06 
7.900650e+03 3.276873e+07 1.361913e+06 
8.496550e+03 3.451909e+07 1.106554e+06 
7.978100e+03 3.251977e+07 1.500231e+06 
8.588100e+03 3.464256e+07 1.021435e+06 
8.223400e+03 3.452681e+07 1.106554e+06 
7.956400e+03 3.233001e+07 1.617271e+06 
8.553300e+03 3.487966e+07 1.021435e+06 
7.010050e+03 2.907604e+07 2.127989e+06 
7.006450e+03 2.887912e+07 2.213108e+06 
7.041550e+03 2.907788e+07 2.042869e+06 
6.907650e+03 2.895535e+07 2.383347e+06 
7.066900e+03 2.940421e+07 1.957750e+06 
7.895900e+03 3.244088e+07 1.532152e+06 
6.955300e+03 2.898516e+07 2.298228e+06 
7.892650e+03 3.258923e+07 1.532152e+06 
8.681500e+03 3.478643e+07 9.064920e+05 
7.886550e+03 3.271468e+07 1.670470e+06 
6.955150e+03 2.911013e+07 2.298228e+06 
7.839300e+03 3.238242e+07 1.702391e+06 
8.177900e+03 3.388967e+07 1.133115e+06 
6.932350e+03 2.878578e+07 2.383347e+06 

7.872050e+03 3.321494e+07 1.435279e+06 
9.084750e+03 3.581999e+07 8.764034e+05 
7.367600e+03 3.068244e+07 1.702391e+06 
7.330300e+03 3.050146e+07 1.787511e+06 
7.879500e+03 3.358424e+07 1.361913e+06 
7.248450e+03 3.027619e+07 1.957750e+06 
7.857700e+03 3.327045e+07 1.435279e+06 
7.303650e+03 3.070679e+07 1.872630e+06 
8.714700e+03 3.514763e+07 1.133115e+06 
8.796950e+03 3.517248e+07 1.021435e+06 
7.385800e+03 3.088135e+07 1.617271e+06 
7.918350e+03 3.355576e+07 1.415112e+06 
7.284150e+03 3.099157e+07 1.872630e+06 
7.847850e+03 3.389754e+07 1.435279e+06 
8.782550e+03 3.556754e+07 1.106554e+06 
7.491400e+03 3.118773e+07 1.532152e+06 
6.722500e+03 2.807631e+07 2.383347e+06 
7.312650e+03 3.089957e+07 1.787511e+06 
6.912650e+03 2.876061e+07 2.213108e+06 
7.312000e+03 3.021937e+07 1.872630e+06 
6.748650e+03 2.832668e+07 2.298228e+06 
8.590350e+03 3.463816e+07 1.208656e+06 
7.565300e+03 3.128043e+07 1.447032e+06 
6.962150e+03 2.853032e+07 2.213108e+06 
6.931100e+03 2.887130e+07 2.042869e+06 

8.653800e+03 3.441154e+07 1.106554e+06 
8.211600e+03 3.402671e+07 1.057574e+06 
8.150550e+03 3.392930e+07 1.133115e+06 
7.690300e+03 3.163220e+07 1.872630e+06 
8.524950e+03 3.388066e+07 9.820330e+05 
6.764500e+03 2.843713e+07 2.127989e+06 
7.797750e+03 3.283779e+07 1.532152e+06 
7.637700e+03 3.139792e+07 1.957750e+06 
7.608800e+03 3.113300e+07 2.042869e+06 
8.643150e+03 3.413096e+07 9.479465e+05 
8.481550e+03 3.358031e+07 1.149114e+06 
7.814050e+03 3.221141e+07 1.702391e+06 
7.855300e+03 3.246146e+07 1.532152e+06 
6.759050e+03 2.825092e+07 2.383347e+06 
6.792650e+03 2.841956e+07 2.383347e+06 
6.903100e+03 2.875265e+07 2.213108e+06 
7.844300e+03 3.239980e+07 1.617271e+06 
7.611650e+03 3.187073e+07 1.840710e+06 
7.817450e+03 3.241445e+07 1.617271e+06 
6.778450e+03 2.816409e+07 2.383347e+06 
7.840400e+03 3.293047e+07 1.787511e+06 
6.798700e+03 2.823920e+07 2.213108e+06 
7.744250e+03 3.247898e+07 1.787511e+06 
7.876350e+03 3.224726e+07 1.361913e+06 
8.007650e+03 3.335876e+07 1.234234e+06 

7.322400e+03 3.064642e+07 1.617271e+06 
7.263750e+03 3.086253e+07 1.702391e+06 
6.988100e+03 2.892873e+07 2.042869e+06 
6.971000e+03 2.900524e+07 2.042869e+06 
7.049650e+03 2.940879e+07 1.872630e+06 
7.898600e+03 3.288940e+07 1.447032e+06 
6.862550e+03 2.832266e+07 2.298228e+06 
6.846900e+03 2.836621e+07 2.383347e+06 
7.284700e+03 3.039974e+07 1.744951e+06 
8.721150e+03 3.582511e+07 1.057574e+06 
7.273900e+03 3.051664e+07 1.702391e+06 
6.855450e+03 2.837364e+07 2.298228e+06 
6.893800e+03 2.846006e+07 2.213108e+06 
6.821250e+03 2.834527e+07 2.468467e+06 
8.144500e+03 3.367693e+07 1.191674e+06 
8.771100e+03 3.600932e+07 9.363151e+05 
8.599600e+03 3.520594e+07 1.133115e+06 
7.275700e+03 3.048929e+07 1.702391e+06 
8.699650e+03 3.549698e+07 1.106554e+06 
7.961900e+03 3.275946e+07 1.276793e+06 
7.907800e+03 3.240882e+07 1.361913e+06 
7.874850e+03 3.238465e+07 1.574712e+06 
7.284950e+03 3.029169e+07 1.787511e+06 
6.836400e+03 2.837826e+07 2.383347e+06 
7.874650e+03 3.275502e+07 1.532152e+06 

8.280900e+03 3.374805e+07 1.159753e+06 
6.499150e+03 2.712023e+07 2.213108e+06 
8.115600e+03 3.267291e+07 1.276793e+06 
6.820150e+03 2.846472e+07 1.872630e+06 
7.751400e+03 3.250348e+07 1.361913e+06 
8.186550e+03 3.322808e+07 1.208656e+06 
8.015350e+03 3.233228e+07 1.361913e+06 
8.513700e+03 3.487778e+07 1.063994e+06 
8.268400e+03 3.387789e+07 1.191674e+06 
8.586350e+03 3.457372e+07 1.063994e+06 
7.605450e+03 3.188163e+07 1.532152e+06 
7.169100e+03 3.012427e+07 1.702391e+06 
6.573100e+03 2.702594e+07 2.298228e+06 
6.583250e+03 2.746429e+07 1.957750e+06 
7.246900e+03 2.988009e+07 1.617271e+06 
6.520600e+03 2.704278e+07 2.213108e+06 
8.649550e+03 3.509662e+07 9.558168e+05 
8.554550e+03 3.511986e+07 9.363151e+05 
7.561950e+03 3.199830e+07 1.447032e+06 
6.508000e+03 2.711183e+07 2.042869e+06 
6.539150e+03 2.696851e+07 2.383347e+06 
7.164200e+03 3.004898e+07 1.787511e+06 
8.746400e+03 3.501653e+07 9.788749e+05 
7.188150e+03 2.996806e+07 1.787511e+06 
8.658800e+03 3.529339e+07 8.764034e+05 

6.661850e+03 2.759867e+07 2.213108e+06 
7.789850e+03 3.354881e+07 1.585351e+06 
9.241550e+03 3.767108e+07 9.363151e+05 
7.375950e+03 3.038974e+07 1.787511e+06 
7.674200e+03 3.348306e+07 1.670470e+06 
7.287600e+03 3.034871e+07 1.872630e+06 
6.709250e+03 2.775103e+07 2.042869e+06 
7.292400e+03 3.040385e+07 1.840710e+06 
7.202550e+03 3.040098e+07 1.957750e+06 
8.011500e+03 3.357114e+07 1.447032e+06 
7.317250e+03 3.004973e+07 1.957750e+06 
7.505000e+03 3.076351e+07 1.702391e+06 
7.419700e+03 3.070752e+07 1.755590e+06 
8.604150e+03 3.502437e+07 1.191674e+06 
7.242750e+03 3.037218e+07 1.872630e+06 
8.591650e+03 3.507957e+07 1.276793e+06 
8.089250e+03 3.358814e+07 1.361913e+06 
7.715500e+03 3.338494e+07 1.638550e+06 
7.276500e+03 3.023032e+07 2.010949e+06 
7.295800e+03 3.024230e+07 1.957750e+06 
7.491750e+03 3.091148e+07 1.702391e+06 
7.208200e+03 3.027223e+07 1.957750e+06 
7.786350e+03 3.367520e+07 1.585351e+06 
7.342100e+03 3.031083e+07 1.925829e+06 
8.039350e+03 3.367617e+07 1.361913e+06 

7.137800e+03 2.987879e+07 1.532152e+06 
6.551350e+03 2.757889e+07 2.042869e+06 
7.160550e+03 2.953128e+07 1.957750e+06 
6.497050e+03 2.750524e+07 2.127989e+06 
6.529500e+03 2.736117e+07 2.127989e+06 
7.186600e+03 2.960544e+07 1.787511e+06 
8.404250e+03 3.412407e+07 1.489592e+06 
7.126450e+03 2.999660e+07 1.702391e+06 
6.428450e+03 2.698067e+07 2.468467e+06 
6.569300e+03 2.728367e+07 2.127989e+06 
7.191350e+03 2.956727e+07 1.872630e+06 
7.180250e+03 2.962860e+07 1.872630e+06 
6.513150e+03 2.709567e+07 2.213108e+06 
7.191050e+03 2.958727e+07 1.787511e+06 
8.361400e+03 3.429189e+07 1.319353e+06 
6.448100e+03 2.697307e+07 2.468467e+06 
6.433000e+03 2.706783e+07 2.298228e+06 
8.780100e+03 3.577809e+07 1.244873e+06 
8.604700e+03 3.559025e+07 1.276793e+06 
6.426350e+03 2.685427e+07 2.553587e+06 
7.113250e+03 2.986652e+07 1.872630e+06 
7.193600e+03 2.953420e+07 1.872630e+06 
6.473750e+03 2.719630e+07 2.213108e+06 
8.605250e+03 3.591360e+07 1.234234e+06 
8.879600e+03 3.575291e+07 8.511955e+05 

8.415850e+03 3.410518e+07 1.021435e+06 
6.586100e+03 2.728554e+07 2.383347e+06 
7.278450e+03 3.025522e+07 1.510820e+06 
6.590000e+03 2.712958e+07 2.468467e+06 
7.195750e+03 3.021695e+07 1.702391e+06 
8.447600e+03 3.445753e+07 9.121750e+05 
7.265600e+03 3.034257e+07 1.510820e+06 
8.368700e+03 3.342859e+07 1.133115e+06 
7.207650e+03 3.003917e+07 1.532152e+06 
7.202800e+03 3.013741e+07 1.702391e+06 
8.249550e+03 3.347064e+07 1.106554e+06 
6.716050e+03 2.763666e+07 2.127989e+06 
8.204350e+03 3.341874e+07 1.276793e+06 
8.305750e+03 3.391382e+07 1.057574e+06 
6.587050e+03 2.713419e+07 2.468467e+06 
7.367050e+03 3.074982e+07 1.447032e+06 
7.144850e+03 2.986840e+07 1.787511e+06 
8.234450e+03 3.304896e+07 1.208656e+06 
8.475850e+03 3.441669e+07 1.021435e+06 
8.107400e+03 3.280412e+07 1.361913e+06 
6.743150e+03 2.787849e+07 2.042869e+06 
7.159700e+03 2.990027e+07 1.872630e+06 
7.259150e+03 3.043396e+07 1.510820e+06 
7.200900e+03 3.020618e+07 1.617271e+06 
8.237650e+03 3.314228e+07 1.191674e+06 

8.336100e+03 3.465343e+07 1.074634e+06 
6.655000e+03 2.804540e+07 2.383347e+06 
7.922300e+03 3.270614e+07 1.500231e+06 
7.872800e+03 3.269209e+07 1.585351e+06 
6.640650e+03 2.794332e+07 2.553587e+06 
6.848500e+03 2.866249e+07 2.127989e+06 
8.288450e+03 3.431142e+07 1.212952e+06 
7.841950e+03 3.275575e+07 1.585351e+06 
8.381700e+03 3.510531e+07 1.074634e+06 
6.648800e+03 2.794433e+07 2.468467e+06 
6.830900e+03 2.872128e+07 2.127989e+06 
7.792750e+03 3.246147e+07 1.670470e+06 
6.878050e+03 2.882283e+07 2.042869e+06 
7.318650e+03 3.120795e+07 1.702391e+06 
7.910900e+03 3.289295e+07 1.500231e+06 
6.647400e+03 2.789896e+07 2.553587e+06 
6.647150e+03 2.792061e+07 2.553587e+06 
6.622100e+03 2.806864e+07 2.468467e+06 
8.394750e+03 3.487878e+07 9.064920e+05 
7.959600e+03 3.328782e+07 1.329992e+06 
6.936950e+03 2.896287e+07 2.127989e+06 
7.142850e+03 3.050360e+07 1.872630e+06 
7.850750e+03 3.272301e+07 1.585351e+06 
6.757150e+03 2.850445e+07 2.213108e+06 
6.708250e+03 2.822673e+07 2.298228e+06 

8.956250e+03 3.643176e+07 9.121750e+05 
8.635950e+03 3.653162e+07 1.106554e+06 
7.028350e+03 2.969625e+07 2.042869e+06 
8.872550e+03 3.612776e+07 1.021435e+06 
8.828350e+03 3.622942e+07 1.191674e+06 
7.062100e+03 2.950264e+07 2.085429e+06 
7.877700e+03 3.332751e+07 1.284197e+06 
8.654000e+03 3.626233e+07 1.106554e+06 
7.025350e+03 2.930718e+07 2.127989e+06 
8.056750e+03 3.353457e+07 1.208656e+06 
6.724850e+03 2.743724e+07 2.383347e+06 
7.981300e+03 3.374464e+07 1.208656e+06 
7.014350e+03 2.970367e+07 2.127989e+06 
6.957900e+03 2.926661e+07 2.213108e+06 
7.826450e+03 3.266034e+07 1.787511e+06 
7.104700e+03 2.944619e+07 2.042869e+06 
7.973400e+03 3.381751e+07 1.234234e+06 
7.904150e+03 3.310280e+07 1.702391e+06 
7.914800e+03 3.262292e+07 1.574712e+06 
6.695850e+03 2.749649e+07 2.383347e+06 
7.980250e+03 3.311165e+07 1.284197e+06 
7.904450e+03 3.306486e+07 1.702391e+06 
7.045050e+03 2.958549e+07 2.042869e+06 
7.038200e+03 2.927841e+07 2.127989e+06 
7.853400e+03 3.248440e+07 1.787511e+06 

