6.994350e+03 2.898058e+07 1.361913e+06 
7.011850e+03 2.900851e+07 1.361913e+06 
6.162750e+03 2.535570e+07 2.468467e+06 
8.596550e+03 3.422112e+07 9.345320e+05 
6.759250e+03 2.816370e+07 1.586361e+06 
6.179400e+03 2.530453e+07 2.468467e+06 
6.735400e+03 2.759991e+07 1.702391e+06 
7.169900e+03 3.021124e+07 1.276793e+06 
6.884050e+03 2.851060e+07 1.447032e+06 
8.572450e+03 3.477913e+07 9.064920e+05 
7.187150e+03 3.006688e+07 1.208656e+06 
6.886300e+03 2.837330e+07 1.532152e+06 
6.932850e+03 2.840184e+07 1.435279e+06 
6.932050e+03 2.882558e+07 1.415112e+06 
8.400600e+03 3.445062e+07 9.734378e+05 
6.540100e+03 2.656111e+07 1.957750e+06 
7.662350e+03 3.136780e+07 1.106554e+06 
7.695300e+03 3.200661e+07 1.021435e+06 
6.932450e+03 2.839881e+07 1.447032e+06 
6.666150e+03 2.749451e+07 1.872630e+06 
6.734000e+03 2.774595e+07 1.702391e+06 
6.787550e+03 2.784314e+07 1.617271e+06 
6.901050e+03 2.840420e+07 1.435279e+06 
8.655050e+03 3.427648e+07 9.064920e+05 
6.844150e+03 2.820331e+07 1.532152e+06 
8.779900e+03 3.530496e+07 8.525681e+05 
7.701250e+03 3.176608e+07 1.057574e+06 
7.674850e+03 3.180213e+07 1.057574e+06 
8.810950e+03 3.466616e+07 8.937553e+05 
8.781500e+03 3.488538e+07 8.724740e+05 
8.517750e+03 3.417427e+07 9.568890e+05 
8.493700e+03 3.426385e+07 9.382001e+05 
6.977750e+03 2.888496e+07 1.361913e+06 
8.520300e+03 3.420436e+07 9.363151e+05 
6.730050e+03 2.782157e+07 1.617271e+06 
6.965900e+03 2.915805e+07 1.361913e+06 
6.222450e+03 2.567733e+07 2.298228e+06 
6.330400e+03 2.589310e+07 2.127989e+06 
6.676100e+03 2.761157e+07 1.872630e+06 
6.322050e+03 2.586527e+07 2.127989e+06 
6.679400e+03 2.760335e+07 1.787511e+06 
6.725700e+03 2.757357e+07 1.787511e+06 
7.800450e+03 3.205869e+07 1.021435e+06 
6.929950e+03 2.845830e+07 1.447032e+06 
6.170050e+03 2.545674e+07 2.553587e+06 
6.830450e+03 2.838181e+07 1.532152e+06 
8.521350e+03 3.411133e+07 9.363151e+05 
8.810700e+03 3.470856e+07 8.853436e+05 
6.945400e+03 2.895258e+07 1.361913e+06 
8.757050e+03 3.447892e+07 8.937553e+05 
7.717000e+03 3.189187e+07 1.055261e+06 
8.645250e+03 3.474742e+07 9.064920e+05 
6.313850e+03 2.563837e+07 2.213108e+06 
8.724900e+03 3.425991e+07 9.064920e+05 
6.382250e+03 2.602238e+07 2.042869e+06 
7.009400e+03 2.935257e+07 1.284197e+06 
8.464450e+03 3.395641e+07 9.345320e+05 
6.731850e+03 2.766613e+07 1.702391e+06 
8.341550e+03 3.345501e+07 9.820330e+05 
6.921850e+03 2.830570e+07 1.532152e+06 
8.645050e+03 3.480057e+07 9.064920e+05 
7.275800e+03 3.029274e+07 1.191674e+06 
8.844500e+03 3.500895e+07 8.764034e+05 
6.180800e+03 2.534431e+07 2.468467e+06 
6.680400e+03 2.752488e+07 1.872630e+06 
6.167800e+03 2.538565e+07 2.468467e+06 
8.702750e+03 3.440978e+07 9.064920e+05 
6.204100e+03 2.528724e+07 2.383347e+06 
6.344250e+03 2.571159e+07 2.127989e+06 
6.693400e+03 2.755954e+07 1.787511e+06 
8.654900e+03 3.450567e+07 9.064920e+05 
8.818350e+03 3.466468e+07 8.853436e+05 
8.889600e+03 3.513048e+07 8.525681e+05 
6.906100e+03 2.858842e+07 1.435279e+06 
6.849950e+03 2.834177e+07 1.532152e+06 
8.746550e+03 3.456244e+07 8.853436e+05 
8.723450e+03 3.486691e+07 8.937553e+05 
6.225350e+03 2.555473e+07 2.298228e+06 
7.287000e+03 3.022469e+07 1.191674e+06 
6.822650e+03 2.837641e+07 1.532152e+06 
7.757550e+03 3.187225e+07 1.019490e+06 
6.938550e+03 2.847049e+07 1.447032e+06 
7.522600e+03 3.097928e+07 1.106554e+06 
6.735150e+03 2.756100e+07 1.787511e+06 
6.705550e+03 2.768116e+07 1.702391e+06 
8.700450e+03 3.503771e+07 8.937553e+05 
6.348050e+03 2.570878e+07 2.127989e+06 
7.545600e+03 3.097356e+07 1.133115e+06 
6.999850e+03 2.902644e+07 1.359738e+06 
7.163950e+03 3.008561e+07 1.276793e+06 
6.987000e+03 2.858164e+07 1.435279e+06 
7.266650e+03 3.033467e+07 1.191674e+06 
6.174650e+03 2.534239e+07 2.468467e+06 
6.561300e+03 2.670954e+07 1.957750e+06 
7.238450e+03 3.002811e+07 1.276793e+06 
6.733950e+03 2.752761e+07 1.787511e+06 
6.939050e+03 2.834444e+07 1.447032e+06 
7.062300e+03 2.959430e+07 1.284197e+06 
6.692400e+03 2.758875e+07 1.787511e+06 
8.780250e+03 3.500260e+07 8.525681e+05 
8.423850e+03 3.343262e+07 9.820330e+05 
6.752000e+03 2.765095e+07 1.702391e+06 
8.758900e+03 3.469513e+07 8.937553e+05 
6.325150e+03 2.580393e+07 2.127989e+06 
8.784300e+03 3.508238e+07 8.764034e+05 
7.676450e+03 3.158248e+07 1.074634e+06 
7.190700e+03 3.015201e+07 1.208656e+06 
6.331350e+03 2.572240e+07 2.127989e+06 
8.785950e+03 3.491598e+07 8.525681e+05 
8.435450e+03 3.379084e+07 9.820330e+05 
8.515350e+03 3.425868e+07 9.788749e+05 
7.677400e+03 3.186077e+07 1.021435e+06 
8.453950e+03 3.386503e+07 9.820330e+05 
6.676100e+03 2.746588e+07 1.872630e+06 
6.679550e+03 2.760158e+07 1.872630e+06 
6.188100e+03 2.533102e+07 2.383347e+06 
7.219700e+03 3.008559e+07 1.244873e+06 
7.762350e+03 3.214580e+07 1.019490e+06 
6.559300e+03 2.686933e+07 1.957750e+06 
6.310750e+03 2.559286e+07 2.213108e+06 
6.964350e+03 2.861123e+07 1.435279e+06 
6.684700e+03 2.758332e+07 1.787511e+06 
8.074050e+03 3.381176e+07 9.837181e+05 
6.413800e+03 2.610200e+07 2.042869e+06 
8.050250e+03 3.416801e+07 9.837181e+05 
6.685350e+03 2.761308e+07 1.787511e+06 
8.778700e+03 3.451223e+07 8.853436e+05 
6.195750e+03 2.531015e+07 2.383347e+06 
6.294850e+03 2.556609e+07 2.213108e+06 
6.999400e+03 2.881847e+07 1.359738e+06 
6.760400e+03 2.766506e+07 1.702391e+06 
6.193650e+03 2.529198e+07 2.383347e+06 
7.208500e+03 3.009611e+07 1.208656e+06 
6.223300e+03 2.549580e+07 2.298228e+06 
8.352150e+03 3.433970e+07 9.820330e+05 
6.680550e+03 2.744631e+07 1.872630e+06 
8.848050e+03 3.469495e+07 8.853436e+05 
6.978350e+03 2.882705e+07 1.361913e+06 
7.182700e+03 3.017020e+07 1.276793e+06 
7.221850e+03 3.004678e+07 1.276793e+06 
8.054500e+03 3.395191e+07 9.837181e+05 
8.547450e+03 3.408933e+07 9.363151e+05 
6.675400e+03 2.767263e+07 1.872630e+06 
8.426150e+03 3.379415e+07 9.820330e+05 
8.431900e+03 3.387929e+07 9.788749e+05 
7.794750e+03 3.190863e+07 1.057574e+06 
6.246000e+03 2.555041e+07 2.298228e+06 
6.186450e+03 2.541051e+07 2.383347e+06 
7.486500e+03 3.093105e+07 1.106554e+06 
8.372950e+03 3.404770e+07 9.820330e+05 
6.195850e+03 2.532002e+07 2.383347e+06 
6.291850e+03 2.561369e+07 2.213108e+06 
6.960850e+03 2.892334e+07 1.361913e+06 
8.767900e+03 3.485358e+07 8.853436e+05 
6.693900e+03 2.751765e+07 1.787511e+06 
8.044900e+03 3.349050e+07 9.837181e+05 
6.251650e+03 2.550811e+07 2.298228e+06 
6.231250e+03 2.558758e+07 2.298228e+06 
6.991950e+03 2.916712e+07 1.359738e+06 
6.177750e+03 2.532320e+07 2.468467e+06 
6.205500e+03 2.530473e+07 2.383347e+06 
6.334250e+03 2.572445e+07 2.127989e+06 
8.535450e+03 3.402237e+07 9.363151e+05 
6.703350e+03 2.784650e+07 1.702391e+06 
6.999600e+03 2.897413e+07 1.361913e+06 
6.223050e+03 2.554709e+07 2.298228e+06 
8.529750e+03 3.425036e+07 9.345320e+05 
6.888250e+03 2.827039e+07 1.447032e+06 
6.296600e+03 2.566309e+07 2.213108e+06 
7.683900e+03 3.167928e+07 1.057574e+06 
8.581300e+03 3.416953e+07 9.064920e+05 
6.697000e+03 2.752417e+07 1.872630e+06 
6.379450e+03 2.569104e+07 2.127989e+06 
8.785850e+03 3.476781e+07 8.853436e+05 
7.202900e+03 3.024896e+07 1.208656e+06 
6.928000e+03 2.847398e+07 1.447032e+06 
6.731950e+03 2.799968e+07 1.617271e+06 
8.811150e+03 3.501911e+07 8.525681e+05 
7.723700e+03 3.170784e+07 1.074634e+06 
8.631400e+03 3.438749e+07 8.942892e+05 
7.685850e+03 3.187480e+07 1.057574e+06 
6.188050e+03 2.532255e+07 2.383347e+06 
6.697850e+03 2.746734e+07 1.872630e+06 
8.414250e+03 3.386607e+07 9.820330e+05 
7.262250e+03 3.022539e+07 1.191674e+06 
8.755500e+03 3.506440e+07 8.937553e+05 
6.218100e+03 2.555620e+07 2.298228e+06 
7.581800e+03 3.097871e+07 1.133115e+06 
7.108850e+03 2.962640e+07 1.284197e+06 
6.741650e+03 2.782657e+07 1.617271e+06 
6.563300e+03 2.674976e+07 1.957750e+06 
6.767300e+03 2.825251e+07 1.586361e+06 
6.709050e+03 2.777150e+07 1.702391e+06 
7.190150e+03 3.023451e+07 1.208656e+06 
6.327250e+03 2.565783e+07 2.127989e+06 
6.222600e+03 2.528067e+07 2.383347e+06 
6.747050e+03 2.769907e+07 1.702391e+06 
6.683800e+03 2.769826e+07 1.787511e+06 
6.428550e+03 2.615947e+07 2.042869e+06 
6.852050e+03 2.830807e+07 1.447032e+06 

8.341850e+03 3.363656e+07 9.820330e+05 
8.374250e+03 3.427897e+07 9.064920e+05 
6.869950e+03 2.791562e+07 1.586361e+06 
7.345000e+03 3.043546e+07 1.106554e+06 
6.164600e+03 2.464113e+07 2.468467e+06 
6.899800e+03 2.868659e+07 1.435279e+06 
7.759900e+03 3.183200e+07 1.021435e+06 
6.760700e+03 2.803564e+07 1.532152e+06 
7.352650e+03 3.020309e+07 1.106554e+06 
6.282650e+03 2.519631e+07 2.042869e+06 
6.358200e+03 2.553360e+07 1.957750e+06 
6.246800e+03 2.504484e+07 2.213108e+06 
9.022750e+03 3.636124e+07 8.412954e+05 
7.098400e+03 2.865516e+07 1.435279e+06 
6.802700e+03 2.814797e+07 1.532152e+06 
6.486300e+03 2.641395e+07 1.787511e+06 
6.199200e+03 2.482176e+07 2.383347e+06 
6.109100e+03 2.461145e+07 2.468467e+06 
7.144100e+03 2.965008e+07 1.276793e+06 
8.694950e+03 3.675686e+07 8.511955e+05 
6.200000e+03 2.510218e+07 2.298228e+06 
6.165850e+03 2.477095e+07 2.383347e+06 
6.097500e+03 2.467011e+07 2.553587e+06 
6.325700e+03 2.574273e+07 1.957750e+06 
8.906200e+03 3.517113e+07 9.064920e+05 
6.291850e+03 2.538525e+07 2.042869e+06 
6.162800e+03 2.485359e+07 2.383347e+06 
6.292350e+03 2.526450e+07 2.042869e+06 
7.010750e+03 2.893484e+07 1.359738e+06 
6.313900e+03 2.562544e+07 1.957750e+06 
6.785150e+03 2.783460e+07 1.617271e+06 
6.336800e+03 2.563450e+07 1.957750e+06 
8.272250e+03 3.316488e+07 9.895141e+05 
6.807250e+03 2.834711e+07 1.447032e+06 
6.756200e+03 2.810598e+07 1.617271e+06 
6.240200e+03 2.494057e+07 2.213108e+06 
6.219300e+03 2.503141e+07 2.298228e+06 
6.143550e+03 2.486689e+07 2.383347e+06 
8.243500e+03 3.305468e+07 9.895141e+05 
6.212850e+03 2.496459e+07 2.213108e+06 
8.675000e+03 3.680498e+07 8.511955e+05 
6.329000e+03 2.573993e+07 1.957750e+06 
6.918450e+03 2.807382e+07 1.510820e+06 
6.206150e+03 2.513692e+07 2.213108e+06 
6.398250e+03 2.587972e+07 1.872630e+06 
8.926000e+03 3.536942e+07 8.724740e+05 
8.508550e+03 3.409476e+07 9.064920e+05 
6.977250e+03 2.893070e+07 1.359738e+06 
7.011000e+03 2.877871e+07 1.361913e+06 
6.802600e+03 2.819751e+07 1.447032e+06 
6.386600e+03 2.579262e+07 1.872630e+06 
6.200650e+03 2.515298e+07 2.213108e+06 
6.904300e+03 2.850856e+07 1.435279e+06 
6.100200e+03 2.468157e+07 2.553587e+06 
6.295600e+03 2.528942e+07 2.042869e+06 
7.781300e+03 3.176057e+07 1.037375e+06 
6.752550e+03 2.777690e+07 1.617271e+06 
6.177450e+03 2.513335e+07 2.298228e+06 
6.339600e+03 2.568321e+07 1.957750e+06 
6.259000e+03 2.498981e+07 2.127989e+06 
9.318850e+03 3.707135e+07 8.309510e+05 
6.499600e+03 2.652790e+07 1.787511e+06 
8.388850e+03 3.368467e+07 9.363151e+05 
6.167950e+03 2.485287e+07 2.383347e+06 
7.771700e+03 3.181360e+07 1.074634e+06 
6.737250e+03 2.781935e+07 1.702391e+06 
6.912850e+03 2.814899e+07 1.532152e+06 
8.644750e+03 3.724883e+07 8.511955e+05 
9.361650e+03 3.703436e+07 8.309510e+05 
6.308900e+03 2.573626e+07 1.957750e+06 
7.243800e+03 3.008626e+07 1.133115e+06 
6.268700e+03 2.503113e+07 2.127989e+06 
6.858850e+03 2.803033e+07 1.586361e+06 
6.105000e+03 2.467298e+07 2.468467e+06 
7.805750e+03 3.207945e+07 1.021435e+06 
8.654350e+03 3.717655e+07 8.511955e+05 
6.206750e+03 2.521131e+07 2.213108e+06 
6.973150e+03 2.882427e+07 1.361913e+06 
6.099650e+03 2.463794e+07 2.468467e+06 
7.261150e+03 3.003292e+07 1.191674e+06 
6.771650e+03 2.816051e+07 1.532152e+06 
9.145700e+03 3.582876e+07 8.412954e+05 
7.167750e+03 2.962069e+07 1.276793e+06 
6.539300e+03 2.664568e+07 1.787511e+06 
6.422250e+03 2.586917e+07 1.872630e+06 
6.734700e+03 2.788879e+07 1.702391e+06 
8.643850e+03 3.654113e+07 8.511955e+05 
6.117600e+03 2.464911e+07 2.468467e+06 
6.839950e+03 2.795434e+07 1.532152e+06 
7.209000e+03 3.008474e+07 1.191674e+06 
7.133050e+03 2.968465e+07 1.208656e+06 
6.893250e+03 2.814000e+07 1.586361e+06 
7.395200e+03 2.998595e+07 1.191674e+06 
8.802150e+03 3.471515e+07 8.765331e+05 
8.934350e+03 3.510710e+07 8.985561e+05 
6.219750e+03 2.517563e+07 2.213108e+06 
9.010350e+03 3.589234e+07 8.724740e+05 
6.239650e+03 2.510645e+07 2.213108e+06 
7.340600e+03 3.023669e+07 1.106554e+06 
6.763000e+03 2.784326e+07 1.617271e+06 
8.940600e+03 3.572684e+07 8.765331e+05 
6.211950e+03 2.520060e+07 2.213108e+06 
6.104250e+03 2.468947e+07 2.468467e+06 
7.078000e+03 2.908461e+07 1.284197e+06 
6.194400e+03 2.523334e+07 2.213108e+06 
6.848050e+03 2.834887e+07 1.447032e+06 
6.216350e+03 2.510284e+07 2.298228e+06 
7.774300e+03 3.185226e+07 1.057574e+06 
6.130250e+03 2.478879e+07 2.383347e+06 
7.375600e+03 3.011824e+07 1.133115e+06 
6.102600e+03 2.476062e+07 2.468467e+06 
6.179300e+03 2.515587e+07 2.298228e+06 
8.449150e+03 3.364815e+07 9.363151e+05 
6.385200e+03 2.559920e+07 1.957750e+06 
6.098300e+03 2.472990e+07 2.553587e+06 
6.230000e+03 2.512406e+07 2.213108e+06 
7.437600e+03 3.033154e+07 1.106554e+06 
6.522200e+03 2.645471e+07 1.787511e+06 
6.099900e+03 2.471964e+07 2.553587e+06 
8.952050e+03 3.605699e+07 8.511955e+05 
7.276500e+03 3.002617e+07 1.159753e+06 
8.588450e+03 3.689789e+07 9.064920e+05 
6.479850e+03 2.580166e+07 1.872630e+06 
7.069500e+03 2.881385e+07 1.361913e+06 
9.354000e+03 3.709053e+07 8.309510e+05 
7.162850e+03 2.954878e+07 1.276793e+06 
6.769750e+03 2.782479e+07 1.617271e+06 
7.764250e+03 3.169915e+07 1.021435e+06 
6.330100e+03 2.569101e+07 1.957750e+06 
8.400800e+03 3.357498e+07 9.363151e+05 
6.721850e+03 2.781579e+07 1.702391e+06 
6.310200e+03 2.575800e+07 1.957750e+06 
7.358350e+03 3.034202e+07 1.106554e+06 
6.414150e+03 2.585857e+07 1.872630e+06 
6.154850e+03 2.485503e+07 2.383347e+06 
8.601700e+03 3.659200e+07 9.064920e+05 
6.207100e+03 2.510900e+07 2.213108e+06 
6.893100e+03 2.864775e+07 1.435279e+06 
8.946950e+03 3.598199e+07 8.577168e+05 
8.983600e+03 3.589878e+07 8.724740e+05 
9.032600e+03 3.619533e+07 8.412954e+05 
6.955550e+03 2.869591e+07 1.361913e+06 
8.383750e+03 3.372897e+07 9.363151e+05 
7.828350e+03 3.188745e+07 1.037375e+06 
7.413500e+03 3.047254e+07 1.106554e+06 
8.851250e+03 3.526106e+07 9.043945e+05 
6.211700e+03 2.520224e+07 2.213108e+06 
9.115050e+03 3.681778e+07 8.309510e+05 
8.907350e+03 3.593467e+07 8.765331e+05 
8.944000e+03 3.568746e+07 8.412954e+05 
6.982700e+03 2.915436e+07 1.359738e+06 
8.290400e+03 3.308510e+07 9.895141e+05 
6.304900e+03 2.577933e+07 1.957750e+06 
6.110700e+03 2.476061e+07 2.553587e+06 
7.325750e+03 3.005537e+07 1.133115e+06 
8.319250e+03 3.374580e+07 9.820330e+05 
7.134850e+03 2.970240e+07 1.276793e+06 
6.818700e+03 2.822966e+07 1.510820e+06 
8.911400e+03 3.644279e+07 8.585176e+05 
6.955300e+03 2.882009e+07 1.361913e+06 
8.338700e+03 3.354701e+07 9.363151e+05 
8.639750e+03 3.418037e+07 9.064920e+05 
9.034850e+03 3.567948e+07 8.412954e+05 
9.038700e+03 3.578131e+07 8.412954e+05 
6.294900e+03 2.521758e+07 2.042869e+06 
6.199650e+03 2.514895e+07 2.298228e+06 
6.143500e+03 2.465354e+07 2.468467e+06 
7.169000e+03 2.963855e+07 1.244873e+06 
6.095000e+03 2.473268e+07 2.553587e+06 
6.246900e+03 2.501845e+07 2.127989e+06 
6.987600e+03 2.891029e+07 1.284197e+06 
6.098950e+03 2.479175e+07 2.553587e+06 
6.229050e+03 2.517750e+07 2.298228e+06 
6.408150e+03 2.579119e+07 1.872630e+06 
7.166000e+03 2.968986e+07 1.208656e+06 
8.303550e+03 3.339868e+07 9.820330e+05 
6.101100e+03 2.465013e+07 2.553587e+06 
6.159300e+03 2.473547e+07 2.383347e+06 
7.232600e+03 2.987785e+07 1.133115e+06 
6.164650e+03 2.483435e+07 2.383347e+06 
7.819800e+03 3.207847e+07 1.021435e+06 
6.986050e+03 2.906579e+07 1.359738e+06 
8.364850e+03 3.373996e+07 9.363151e+05 
6.284150e+03 2.547272e+07 2.042869e+06 
9.459550e+03 3.694475e+07 8.309510e+05 
7.030850e+03 2.907962e+07 1.284197e+06 
6.240550e+03 2.497440e+07 2.127989e+06 
6.392300e+03 2.593631e+07 1.872630e+06 
8.604900e+03 3.622768e+07 9.064920e+05 
6.381550e+03 2.563373e+07 1.957750e+06 
6.316650e+03 2.521745e+07 2.042869e+06 
8.620850e+03 3.706611e+07 8.511955e+05 
9.180350e+03 3.728870e+07 8.309510e+05 
9.029050e+03 3.583787e+07 8.724740e+05 
8.362750e+03 3.375022e+07 9.363151e+05 
6.194300e+03 2.516959e+07 2.213108e+06 
7.183100e+03 2.969141e+07 1.208656e+06 
7.215400e+03 2.987683e+07 1.191674e+06 
6.245850e+03 2.505239e+07 2.213108e+06 
7.874400e+03 3.213827e+07 1.021435e+06 

6.337300e+03 2.602398e+07 2.127989e+06 
7.268850e+03 3.018739e+07 1.284197e+06 
6.973650e+03 2.889752e+07 1.447032e+06 
8.021000e+03 3.197098e+07 1.057574e+06 
6.247600e+03 2.567095e+07 2.383347e+06 
6.258750e+03 2.591048e+07 2.298228e+06 
7.164600e+03 3.016997e+07 1.208656e+06 
6.211500e+03 2.553902e+07 2.553587e+06 
6.331400e+03 2.642222e+07 2.127989e+06 
7.187000e+03 3.023143e+07 1.208656e+06 
6.872350e+03 2.863941e+07 1.617271e+06 
8.875550e+03 3.575352e+07 8.511955e+05 
8.455550e+03 3.349393e+07 9.064920e+05 
6.225450e+03 2.554598e+07 2.468467e+06 
8.470450e+03 3.326546e+07 9.064920e+05 
8.279850e+03 3.307187e+07 9.363151e+05 
6.889800e+03 2.804376e+07 1.787511e+06 
7.147850e+03 2.924212e+07 1.361913e+06 
6.806250e+03 2.804941e+07 1.787511e+06 
7.591050e+03 3.213932e+07 1.133115e+06 
6.826600e+03 2.817681e+07 1.702391e+06 
6.410650e+03 2.619279e+07 2.042869e+06 
7.896800e+03 3.348252e+07 1.019490e+06 
6.685300e+03 2.768810e+07 1.957750e+06 
6.328500e+03 2.568515e+07 2.383347e+06 
7.009000e+03 2.897131e+07 1.435279e+06 
7.028400e+03 2.874500e+07 1.447032e+06 
8.329350e+03 3.313627e+07 9.121750e+05 
7.378000e+03 3.100317e+07 1.191674e+06 
7.945200e+03 3.415972e+07 1.021435e+06 
6.890900e+03 2.868788e+07 1.532152e+06 
6.219750e+03 2.550262e+07 2.553587e+06 
6.216550e+03 2.553220e+07 2.553587e+06 
6.928300e+03 2.898659e+07 1.447032e+06 
6.877900e+03 2.846806e+07 1.617271e+06 
6.836050e+03 2.825457e+07 1.702391e+06 
6.196600e+03 2.551021e+07 2.553587e+06 
6.722850e+03 2.760794e+07 1.872630e+06 
7.560950e+03 3.170658e+07 1.159753e+06 
6.362000e+03 2.605830e+07 2.127989e+06 
6.219100e+03 2.580476e+07 2.468467e+06 
6.208800e+03 2.554454e+07 2.553587e+06 
6.257400e+03 2.586625e+07 2.298228e+06 
6.809400e+03 2.839076e+07 1.787511e+06 
6.934800e+03 2.843759e+07 1.617271e+06 
6.273800e+03 2.584752e+07 2.298228e+06 
6.895250e+03 2.891423e+07 1.532152e+06 
6.966000e+03 2.908231e+07 1.435279e+06 
7.021600e+03 2.890002e+07 1.447032e+06 
7.224750e+03 2.944723e+07 1.359738e+06 
8.591600e+03 3.376300e+07 8.764034e+05 
6.217100e+03 2.551676e+07 2.553587e+06 
7.674650e+03 3.289216e+07 1.041847e+06 
7.132400e+03 2.931155e+07 1.361913e+06 
6.690500e+03 2.766282e+07 1.957750e+06 
6.261400e+03 2.580326e+07 2.298228e+06 
6.218650e+03 2.564663e+07 2.468467e+06 
6.195650e+03 2.555060e+07 2.553587e+06 
7.559450e+03 3.225537e+07 1.133115e+06 
7.960200e+03 3.161751e+07 1.106554e+06 
6.937900e+03 2.890526e+07 1.447032e+06 
7.174350e+03 3.036650e+07 1.284197e+06 
6.369800e+03 2.637565e+07 2.042869e+06 
6.221050e+03 2.563759e+07 2.468467e+06 
7.091300e+03 2.964490e+07 1.361913e+06 
7.996850e+03 3.171480e+07 1.106554e+06 
7.578750e+03 3.256871e+07 1.133115e+06 
6.290150e+03 2.568980e+07 2.383347e+06 
7.872900e+03 3.323994e+07 1.035103e+06 
8.072300e+03 3.236938e+07 9.820330e+05 
6.365850e+03 2.629667e+07 2.042869e+06 
6.187350e+03 2.552542e+07 2.553587e+06 
6.381250e+03 2.595703e+07 2.213108e+06 
6.916650e+03 2.860285e+07 1.532152e+06 
7.000100e+03 2.852085e+07 1.532152e+06 
6.264150e+03 2.570551e+07 2.383347e+06 
6.230850e+03 2.577616e+07 2.383347e+06 
8.533500e+03 3.381761e+07 8.764034e+05 
8.356800e+03 3.315380e+07 9.121750e+05 
8.953450e+03 3.637584e+07 8.406318e+05 
7.716600e+03 3.300330e+07 1.057574e+06 
6.372200e+03 2.622778e+07 2.042869e+06 
8.377150e+03 3.282556e+07 9.363151e+05 
6.913050e+03 2.845222e+07 1.617271e+06 
7.642050e+03 3.313808e+07 1.074634e+06 
8.053850e+03 3.200213e+07 1.021435e+06 
6.826050e+03 2.802680e+07 1.787511e+06 
8.295000e+03 3.317728e+07 9.363151e+05 
6.972050e+03 2.914529e+07 1.435279e+06 
7.895600e+03 3.204859e+07 1.057574e+06 
8.311150e+03 3.293184e+07 9.363151e+05 
6.345700e+03 2.613375e+07 2.127989e+06 
7.560350e+03 3.237638e+07 1.159753e+06 
7.272450e+03 3.005809e+07 1.284197e+06 
6.231300e+03 2.550395e+07 2.468467e+06 
6.990000e+03 2.910317e+07 1.435279e+06 
8.898700e+03 3.600987e+07 8.511955e+05 
6.399650e+03 2.614590e+07 2.042869e+06 
7.184650e+03 3.018634e+07 1.329992e+06 
6.707400e+03 2.764053e+07 1.872630e+06 
6.367650e+03 2.623585e+07 2.042869e+06 
6.247800e+03 2.587567e+07 2.213108e+06 
6.882100e+03 2.851616e+07 1.617271e+06 
7.890350e+03 3.165765e+07 1.057574e+06 
6.200850e+03 2.549957e+07 2.553587e+06 
7.884550e+03 3.337481e+07 1.035103e+06 
8.936450e+03 3.585546e+07 8.511955e+05 
6.918550e+03 2.855632e+07 1.532152e+06 
6.879450e+03 2.869745e+07 1.617271e+06 
7.977300e+03 3.199993e+07 1.057574e+06 
6.693650e+03 2.757519e+07 1.957750e+06 
6.857750e+03 2.823348e+07 1.702391e+06 
6.305850e+03 2.598175e+07 2.213108e+06 
6.829750e+03 2.794316e+07 1.787511e+06 
7.024150e+03 2.865693e+07 1.447032e+06 
7.830950e+03 3.165315e+07 1.133115e+06 
6.398500e+03 2.619308e+07 2.042869e+06 
6.902350e+03 2.871420e+07 1.532152e+06 
9.050850e+03 3.622787e+07 8.309510e+05 
6.335850e+03 2.633519e+07 2.127989e+06 
6.687300e+03 2.762587e+07 1.957750e+06 
8.564100e+03 3.376256e+07 8.764034e+05 
6.947900e+03 2.893505e+07 1.447032e+06 
6.923750e+03 2.849856e+07 1.532152e+06 
8.538900e+03 3.340389e+07 9.064920e+05 
6.327000e+03 2.626235e+07 2.127989e+06 
6.959400e+03 2.840003e+07 1.617271e+06 
7.941700e+03 3.210408e+07 9.820330e+05 
6.381250e+03 2.603981e+07 2.127989e+06 
9.201950e+03 3.668978e+07 8.309510e+05 
6.937450e+03 2.854337e+07 1.532152e+06 
6.220950e+03 2.567299e+07 2.468467e+06 
6.829150e+03 2.816642e+07 1.702391e+06 
8.878750e+03 3.593868e+07 8.406318e+05 
8.989650e+03 3.621487e+07 8.309510e+05 
6.745600e+03 2.760443e+07 1.872630e+06 
8.312100e+03 3.305019e+07 9.363151e+05 
6.678600e+03 2.766157e+07 1.957750e+06 
7.859550e+03 3.180407e+07 1.106554e+06 
8.456200e+03 3.353011e+07 9.064920e+05 
7.050600e+03 2.949606e+07 1.361913e+06 
6.226750e+03 2.561365e+07 2.468467e+06 
6.257650e+03 2.551818e+07 2.468467e+06 
8.455600e+03 3.334252e+07 9.064920e+05 
7.977550e+03 3.377685e+07 9.998649e+05 
7.928200e+03 3.172218e+07 1.106554e+06 
7.163450e+03 2.939403e+07 1.359738e+06 
6.818850e+03 2.812513e+07 1.787511e+06 
7.101300e+03 2.923120e+07 1.361913e+06 
6.339550e+03 2.592830e+07 2.127989e+06 
6.922800e+03 2.903020e+07 1.447032e+06 
8.039000e+03 3.201893e+07 1.021435e+06 
6.692950e+03 2.746598e+07 1.957750e+06 
8.973750e+03 3.633687e+07 8.309510e+05 
6.688000e+03 2.752299e+07 1.872630e+06 
6.976100e+03 2.888097e+07 1.447032e+06 
7.883450e+03 3.184067e+07 1.106554e+06 
7.070050e+03 2.974240e+07 1.361913e+06 
7.009450e+03 2.875688e+07 1.447032e+06 
6.344800e+03 2.619359e+07 2.127989e+06 
7.820550e+03 3.160526e+07 1.133115e+06 
6.896950e+03 2.829229e+07 1.617271e+06 
6.246300e+03 2.568110e+07 2.383347e+06 
8.288150e+03 3.338108e+07 9.363151e+05 
7.389900e+03 3.095173e+07 1.191674e+06 
9.011250e+03 3.605195e+07 8.309510e+05 
7.961750e+03 3.385667e+07 1.019490e+06 
6.928000e+03 2.893767e+07 1.447032e+06 
8.984600e+03 3.643948e+07 8.309510e+05 
7.739650e+03 3.291402e+07 1.074634e+06 
7.434650e+03 3.119789e+07 1.191674e+06 
7.602950e+03 3.277959e+07 1.057574e+06 
7.705850e+03 3.351074e+07 1.057574e+06 
6.223650e+03 2.557509e+07 2.468467e+06 
6.408350e+03 2.626231e+07 2.042869e+06 
6.232050e+03 2.552170e+07 2.468467e+06 
8.012400e+03 3.208693e+07 9.820330e+05 
6.883550e+03 2.870440e+07 1.532152e+06 
8.999900e+03 3.626024e+07 8.309510e+05 
6.261750e+03 2.606434e+07 2.213108e+06 
8.899850e+03 3.590672e+07 8.511955e+05 
6.232850e+03 2.571454e+07 2.383347e+06 
6.709400e+03 2.747895e+07 1.957750e+06 
7.636650e+03 3.237150e+07 1.057574e+06 
6.933500e+03 2.855872e+07 1.532152e+06 
6.239500e+03 2.572983e+07 2.383347e+06 
9.024650e+03 3.623123e+07 8.309510e+05 
6.830150e+03 2.804661e+07 1.787511e+06 
7.979600e+03 3.230521e+07 1.021435e+06 
8.028900e+03 3.195949e+07 1.021435e+06 
6.813250e+03 2.803526e+07 1.787511e+06 
6.370300e+03 2.626714e+07 2.042869e+06 
6.209500e+03 2.557014e+07 2.553587e+06 
7.612450e+03 3.220264e+07 1.106554e+06 
6.367500e+03 2.596949e+07 2.213108e+06 
6.786100e+03 2.820257e+07 1.787511e+06 
8.405000e+03 3.304259e+07 9.363151e+05 
6.354400e+03 2.607798e+07 2.127989e+06 
6.815950e+03 2.825049e+07 1.787511e+06 
7.582750e+03 3.199611e+07 1.106554e+06 

7.891100e+03 3.238169e+07 1.008673e+06 
6.557300e+03 2.740423e+07 1.532152e+06 
7.808600e+03 3.408193e+07 9.363151e+05 
7.894100e+03 3.281248e+07 9.910544e+05 
7.930700e+03 3.372097e+07 9.121750e+05 
9.487400e+03 3.805916e+07 8.366060e+05 
6.931200e+03 2.809257e+07 1.435279e+06 
7.845800e+03 3.381343e+07 9.121750e+05 
6.860600e+03 2.818398e+07 1.447032e+06 
7.069700e+03 2.883198e+07 1.359738e+06 
8.668600e+03 3.515936e+07 8.987604e+05 
7.929050e+03 3.266320e+07 9.895141e+05 
6.181500e+03 2.509693e+07 2.383347e+06 
6.176550e+03 2.517684e+07 2.383347e+06 
7.938400e+03 3.285867e+07 9.837181e+05 
7.269400e+03 3.000971e+07 1.212952e+06 
6.187050e+03 2.511544e+07 2.298228e+06 
6.435700e+03 2.676022e+07 1.702391e+06 
7.430300e+03 3.061949e+07 1.074634e+06 
8.471050e+03 3.435271e+07 9.064920e+05 
6.879450e+03 2.818535e+07 1.500231e+06 
6.947150e+03 2.854892e+07 1.361913e+06 
6.381500e+03 2.593363e+07 2.000309e+06 
7.661000e+03 3.305319e+07 9.820330e+05 
7.891950e+03 3.223018e+07 1.019490e+06 
7.984300e+03 3.264167e+07 9.837181e+05 
6.295350e+03 2.564757e+07 2.127989e+06 
6.362000e+03 2.595470e+07 2.085429e+06 
6.346550e+03 2.563137e+07 2.127989e+06 
9.263250e+03 3.814950e+07 8.511955e+05 
6.401800e+03 2.644765e+07 1.787511e+06 
6.178000e+03 2.502267e+07 2.298228e+06 
7.331100e+03 3.007633e+07 1.159753e+06 
8.544800e+03 3.497364e+07 9.064920e+05 
7.284200e+03 3.002632e+07 1.191674e+06 
6.959950e+03 2.833326e+07 1.361913e+06 
9.429150e+03 3.752815e+07 8.511955e+05 
6.900650e+03 2.802151e+07 1.361913e+06 
6.360050e+03 2.601105e+07 2.042869e+06 
6.425500e+03 2.693913e+07 1.702391e+06 
6.198600e+03 2.516192e+07 2.213108e+06 
6.876000e+03 2.814434e+07 1.447032e+06 
7.114650e+03 2.898040e+07 1.319353e+06 
7.853300e+03 3.248975e+07 9.910544e+05 
6.402600e+03 2.648626e+07 1.872630e+06 
7.780950e+03 3.349138e+07 9.363151e+05 
6.912000e+03 2.808771e+07 1.447032e+06 
7.892800e+03 3.285544e+07 9.910544e+05 
6.370350e+03 2.594883e+07 1.957750e+06 
7.893050e+03 3.260174e+07 9.837181e+05 
6.920450e+03 2.825406e+07 1.415112e+06 
6.386700e+03 2.585712e+07 2.042869e+06 
7.257100e+03 2.993728e+07 1.159753e+06 
6.206350e+03 2.517652e+07 2.213108e+06 
7.692400e+03 3.323252e+07 9.479465e+05 
7.778400e+03 3.368314e+07 9.363151e+05 
6.904750e+03 2.822272e+07 1.447032e+06 
7.286750e+03 3.003295e+07 1.208656e+06 
8.621100e+03 3.499895e+07 8.987604e+05 
7.835750e+03 3.257812e+07 1.021435e+06 
7.730150e+03 3.327305e+07 9.479465e+05 
6.213150e+03 2.516794e+07 2.213108e+06 
6.208850e+03 2.514079e+07 2.298228e+06 
7.253700e+03 2.984792e+07 1.244873e+06 
7.802800e+03 3.202045e+07 1.021888e+06 
7.282700e+03 2.977000e+07 1.244873e+06 
7.687700e+03 3.287608e+07 9.820330e+05 
6.351900e+03 2.589811e+07 2.042869e+06 
7.479450e+03 3.075013e+07 1.074634e+06 
6.469550e+03 2.690895e+07 1.617271e+06 
6.820550e+03 2.780445e+07 1.510820e+06 
6.948200e+03 2.822967e+07 1.415112e+06 
6.354750e+03 2.605648e+07 2.042869e+06 
6.374000e+03 2.598705e+07 1.957750e+06 
6.393100e+03 2.645132e+07 1.872630e+06 
9.393150e+03 3.746529e+07 8.511955e+05 
7.944600e+03 3.253247e+07 1.008673e+06 
7.921500e+03 3.376205e+07 9.121750e+05 
7.867100e+03 3.264100e+07 1.008673e+06 
7.882300e+03 3.348942e+07 9.363151e+05 
6.364700e+03 2.599913e+07 2.042869e+06 
6.189900e+03 2.532693e+07 2.383347e+06 
6.291850e+03 2.558156e+07 2.127989e+06 
7.755500e+03 3.322667e+07 9.479465e+05 
7.269500e+03 2.967168e+07 1.244873e+06 
7.654000e+03 3.287840e+07 9.820330e+05 
6.608050e+03 2.750947e+07 1.532152e+06 
6.302150e+03 2.564187e+07 2.127989e+06 
7.814450e+03 3.188139e+07 1.057574e+06 
7.601150e+03 3.275571e+07 1.021435e+06 
7.874700e+03 3.209107e+07 1.019490e+06 
7.641500e+03 3.146295e+07 1.057574e+06 
6.175900e+03 2.519136e+07 2.383347e+06 
7.299700e+03 2.997702e+07 1.133115e+06 
6.174400e+03 2.527878e+07 2.383347e+06 
7.257650e+03 2.972350e+07 1.244873e+06 
6.467750e+03 2.674802e+07 1.702391e+06 
8.526150e+03 3.653600e+07 9.064920e+05 
6.175000e+03 2.509792e+07 2.468467e+06 
7.998850e+03 3.283574e+07 9.837181e+05 
7.895300e+03 3.272144e+07 9.895141e+05 
6.415600e+03 2.667516e+07 1.702391e+06 
6.208850e+03 2.509619e+07 2.383347e+06 
7.774100e+03 3.209253e+07 1.021888e+06 
7.947900e+03 3.268658e+07 9.837181e+05 
6.892150e+03 2.828840e+07 1.447032e+06 
6.178750e+03 2.514472e+07 2.383347e+06 
7.591550e+03 3.269794e+07 1.021435e+06 
6.435150e+03 2.680888e+07 1.702391e+06 
7.251100e+03 2.938367e+07 1.284197e+06 
7.345800e+03 2.999426e+07 1.159753e+06 
8.557500e+03 3.473271e+07 9.064920e+05 
6.185750e+03 2.517317e+07 2.553587e+06 
6.787650e+03 2.777819e+07 1.510820e+06 
7.686400e+03 3.311733e+07 9.479465e+05 
6.301150e+03 2.563560e+07 2.127989e+06 
6.354850e+03 2.586065e+07 2.042869e+06 
6.880050e+03 2.790612e+07 1.510820e+06 
6.455400e+03 2.697205e+07 1.617271e+06 
6.477600e+03 2.695326e+07 1.617271e+06 
6.171600e+03 2.531298e+07 2.468467e+06 
6.226250e+03 2.519100e+07 2.213108e+06 
7.284550e+03 2.993395e+07 1.212952e+06 
6.397500e+03 2.660018e+07 1.787511e+06 
7.755350e+03 3.206960e+07 1.021888e+06 
7.486900e+03 3.067896e+07 1.057574e+06 
7.273550e+03 2.987718e+07 1.212952e+06 
6.365100e+03 2.589543e+07 2.042869e+06 
7.889800e+03 3.244064e+07 1.008673e+06 
6.397900e+03 2.659388e+07 1.872630e+06 
9.359750e+03 3.756877e+07 8.511955e+05 
7.217450e+03 2.969484e+07 1.244873e+06 
7.133550e+03 2.935816e+07 1.284197e+06 
7.402600e+03 3.060217e+07 1.106554e+06 
7.255650e+03 2.983266e+07 1.244873e+06 
6.372800e+03 2.589268e+07 2.042869e+06 
7.822950e+03 3.351772e+07 9.363151e+05 
6.210900e+03 2.515762e+07 2.213108e+06 
7.422000e+03 3.053765e+07 1.106554e+06 
7.146350e+03 2.913970e+07 1.329992e+06 
7.336400e+03 2.993591e+07 1.208656e+06 
7.940450e+03 3.280275e+07 1.004269e+06 
7.283700e+03 2.981180e+07 1.208656e+06 
9.405600e+03 3.785423e+07 8.366060e+05 
6.179100e+03 2.509545e+07 2.468467e+06 
6.969150e+03 2.834698e+07 1.361913e+06 
7.625300e+03 3.280088e+07 9.820330e+05 
7.423500e+03 3.014956e+07 1.133115e+06 
9.417750e+03 3.809836e+07 8.366060e+05 
7.281900e+03 2.992986e+07 1.191674e+06 
7.317300e+03 3.006740e+07 1.133115e+06 
7.286750e+03 2.995725e+07 1.208656e+06 
8.606600e+03 3.488875e+07 8.987604e+05 
7.813550e+03 3.342633e+07 9.363151e+05 
6.178750e+03 2.513684e+07 2.383347e+06 
7.931900e+03 3.269585e+07 9.866503e+05 
7.230550e+03 2.925518e+07 1.284197e+06 
7.099900e+03 2.889152e+07 1.284197e+06 
9.500100e+03 3.806324e+07 8.366060e+05 
6.164350e+03 2.516200e+07 2.383347e+06 
7.846250e+03 3.236960e+07 1.021435e+06 
6.413400e+03 2.646641e+07 1.872630e+06 
6.186400e+03 2.515331e+07 2.298228e+06 
6.367500e+03 2.589831e+07 2.042869e+06 
7.082850e+03 2.883456e+07 1.359738e+06 
7.290650e+03 2.970418e+07 1.208656e+06 
8.571350e+03 3.459643e+07 9.064920e+05 
7.112900e+03 2.956788e+07 1.284197e+06 
6.383200e+03 2.599862e+07 1.957750e+06 
6.160050e+03 2.525535e+07 2.468467e+06 
7.274700e+03 2.987557e+07 1.208656e+06 
7.294950e+03 2.992407e+07 1.208656e+06 
7.840700e+03 3.230189e+07 1.021435e+06 
6.907550e+03 2.805382e+07 1.435279e+06 
7.833400e+03 3.362199e+07 9.121750e+05 
6.403600e+03 2.646123e+07 1.787511e+06 
6.168650e+03 2.501501e+07 2.383347e+06 
7.968100e+03 3.454123e+07 9.064920e+05 
7.078900e+03 2.890132e+07 1.359738e+06 
9.273300e+03 3.775550e+07 8.511955e+05 
6.465900e+03 2.670575e+07 1.702391e+06 
9.183150e+03 3.728761e+07 8.511955e+05 
7.868100e+03 3.372331e+07 9.121750e+05 
6.212700e+03 2.512569e+07 2.213108e+06 
7.427350e+03 3.049802e+07 1.106554e+06 
6.172450e+03 2.514755e+07 2.468467e+06 
6.151750e+03 2.518989e+07 2.468467e+06 
6.171650e+03 2.515356e+07 2.468467e+06 
6.450800e+03 2.686320e+07 1.532152e+06 
6.421600e+03 2.649464e+07 1.787511e+06 
7.896500e+03 3.208503e+07 1.021888e+06 
7.756450e+03 3.186819e+07 1.021888e+06 
6.288100e+03 2.565325e+07 2.127989e+06 
9.294800e+03 3.800659e+07 8.366060e+05 
6.886200e+03 2.804797e+07 1.500231e+06 
6.195850e+03 2.509435e+07 2.383347e+06 
6.369850e+03 2.595143e+07 1.957750e+06 
6.403400e+03 2.667987e+07 1.702391e+06 
7.248600e+03 2.991467e+07 1.212952e+06 
7.291600e+03 3.002191e+07 1.074634e+06 

6.169950e+03 2.512259e+07 2.298228e+06 
8.226600e+03 3.366441e+07 8.853414e+05 
6.299400e+03 2.533347e+07 1.957750e+06 
6.239700e+03 2.539360e+07 2.042869e+06 
6.675650e+03 2.678661e+07 1.532152e+06 
6.665250e+03 2.698134e+07 1.532152e+06 
7.432150e+03 2.998020e+07 1.106554e+06 
6.187800e+03 2.506327e+07 2.298228e+06 
6.141800e+03 2.483559e+07 2.553587e+06 
7.233500e+03 2.917017e+07 1.133115e+06 
6.734150e+03 2.725805e+07 1.447032e+06 
6.314800e+03 2.539359e+07 1.957750e+06 
6.250050e+03 2.515716e+07 2.042869e+06 
6.642450e+03 2.698502e+07 1.532152e+06 
6.852600e+03 2.777680e+07 1.359738e+06 
6.280700e+03 2.509235e+07 2.042869e+06 
7.695850e+03 3.216286e+07 1.021435e+06 
6.163750e+03 2.499179e+07 2.298228e+06 
7.042550e+03 2.859740e+07 1.276793e+06 
6.320750e+03 2.531971e+07 1.957750e+06 
6.667450e+03 2.717701e+07 1.510820e+06 
6.161600e+03 2.495589e+07 2.468467e+06 
7.042550e+03 2.848483e+07 1.276793e+06 
7.207300e+03 2.880551e+07 1.191674e+06 
6.243850e+03 2.526799e+07 2.042869e+06 
7.499550e+03 3.036944e+07 1.077618e+06 
6.180300e+03 2.507865e+07 2.298228e+06 
6.394800e+03 2.560190e+07 1.872630e+06 
6.205750e+03 2.513531e+07 2.213108e+06 
7.327750e+03 2.984425e+07 1.113390e+06 
6.204400e+03 2.500284e+07 2.383347e+06 
7.836200e+03 3.260092e+07 9.820330e+05 
6.345100e+03 2.563005e+07 1.872630e+06 
6.702800e+03 2.709039e+07 1.510820e+06 
6.192450e+03 2.505283e+07 2.298228e+06 
6.354100e+03 2.558116e+07 1.787511e+06 
6.432900e+03 2.605879e+07 1.702391e+06 
6.780350e+03 2.761392e+07 1.361913e+06 
7.087850e+03 2.854385e+07 1.208656e+06 
6.766200e+03 2.771912e+07 1.361913e+06 
7.045800e+03 2.858937e+07 1.284197e+06 
7.056400e+03 2.852174e+07 1.284197e+06 
6.206550e+03 2.504112e+07 2.127989e+06 
6.225950e+03 2.533705e+07 2.042869e+06 
7.009350e+03 2.850836e+07 1.276793e+06 
9.171600e+03 3.720138e+07 8.511955e+05 
6.149050e+03 2.499738e+07 2.468467e+06 
6.146100e+03 2.511727e+07 2.383347e+06 
6.664500e+03 2.724857e+07 1.447032e+06 
6.695650e+03 2.729655e+07 1.447032e+06 
7.251100e+03 2.904467e+07 1.149161e+06 
6.187350e+03 2.514812e+07 2.213108e+06 
6.169350e+03 2.527433e+07 2.298228e+06 
6.206150e+03 2.506868e+07 2.213108e+06 
7.183200e+03 2.893769e+07 1.191674e+06 
7.370950e+03 3.048238e+07 1.106554e+06 
7.064850e+03 2.856676e+07 1.208656e+06 
6.728950e+03 2.687009e+07 1.510820e+06 
9.838900e+03 4.105795e+07 8.451031e+05 
6.619900e+03 2.672831e+07 1.617271e+06 
6.180000e+03 2.490459e+07 2.468467e+06 
6.329650e+03 2.551652e+07 1.872630e+06 
6.811550e+03 2.755350e+07 1.361913e+06 
8.442850e+03 3.438819e+07 8.585176e+05 
7.515550e+03 3.042835e+07 1.077618e+06 
6.254400e+03 2.503313e+07 2.127989e+06 
6.888450e+03 2.764766e+07 1.361913e+06 
6.313450e+03 2.520740e+07 1.957750e+06 
9.138300e+03 3.754386e+07 8.511955e+05 
7.639600e+03 3.055222e+07 1.074634e+06 
6.459100e+03 2.594717e+07 1.702391e+06 
6.740150e+03 2.687329e+07 1.532152e+06 
8.165600e+03 3.353719e+07 9.363151e+05 
7.038200e+03 2.847083e+07 1.284197e+06 
7.076600e+03 2.842474e+07 1.284197e+06 
6.162800e+03 2.504836e+07 2.383347e+06 
7.510800e+03 2.997613e+07 1.106554e+06 
7.688600e+03 3.207016e+07 1.063994e+06 
6.283200e+03 2.547258e+07 1.957750e+06 
7.374400e+03 3.043993e+07 1.106554e+06 
6.678250e+03 2.735203e+07 1.510820e+06 
7.216350e+03 2.892613e+07 1.191674e+06 
7.338700e+03 3.008938e+07 1.106554e+06 
6.251950e+03 2.525180e+07 2.042869e+06 
6.175200e+03 2.483516e+07 2.468467e+06 
6.385850e+03 2.589827e+07 1.702391e+06 
7.524000e+03 2.988108e+07 1.077618e+06 
8.024450e+03 3.314879e+07 9.363151e+05 
7.354650e+03 3.016852e+07 1.095504e+06 
8.190700e+03 3.351741e+07 9.073644e+05 
8.312800e+03 3.425587e+07 8.618347e+05 
6.138750e+03 2.486550e+07 2.553587e+06 
9.976500e+03 4.126241e+07 8.451031e+05 
6.337800e+03 2.568830e+07 1.872630e+06 
7.167450e+03 2.885295e+07 1.133115e+06 
8.525150e+03 3.465592e+07 8.585176e+05 
7.131250e+03 2.870926e+07 1.208656e+06 
7.577050e+03 3.016206e+07 1.077618e+06 
6.452950e+03 2.592398e+07 1.702391e+06 
6.259050e+03 2.529543e+07 1.957750e+06 
7.519100e+03 3.028800e+07 1.077618e+06 
6.748850e+03 2.717512e+07 1.447032e+06 
6.687950e+03 2.718873e+07 1.510820e+06 
7.568800e+03 3.022795e+07 1.077618e+06 
6.135500e+03 2.497290e+07 2.553587e+06 
7.474850e+03 3.047841e+07 1.077618e+06 
7.312700e+03 2.991850e+07 1.113390e+06 
6.373700e+03 2.561279e+07 1.787511e+06 
6.659800e+03 2.674103e+07 1.586361e+06 
6.151200e+03 2.488489e+07 2.553587e+06 
6.194850e+03 2.527097e+07 2.213108e+06 
6.797300e+03 2.757251e+07 1.359738e+06 
7.582550e+03 3.017636e+07 1.074634e+06 
7.393450e+03 3.056951e+07 1.077618e+06 
6.156050e+03 2.498483e+07 2.468467e+06 
6.160600e+03 2.491658e+07 2.468467e+06 
7.244400e+03 2.913934e+07 1.133115e+06 
6.131500e+03 2.488285e+07 2.553587e+06 
6.254350e+03 2.516614e+07 2.042869e+06 
7.697300e+03 3.186017e+07 1.057574e+06 
6.871850e+03 2.767038e+07 1.359738e+06 
6.237150e+03 2.523606e+07 2.042869e+06 
6.795350e+03 2.776495e+07 1.435279e+06 
7.738650e+03 3.215456e+07 9.820330e+05 
7.031000e+03 2.866484e+07 1.284197e+06 
8.129300e+03 3.342840e+07 8.677226e+05 
6.253200e+03 2.523505e+07 2.042869e+06 
6.605550e+03 2.693626e+07 1.532152e+06 
8.172750e+03 3.325617e+07 9.363151e+05 
6.807000e+03 2.754714e+07 1.361913e+06 
6.984650e+03 2.862634e+07 1.284197e+06 
8.331700e+03 3.408492e+07 8.585176e+05 
6.633950e+03 2.699073e+07 1.532152e+06 
7.331200e+03 3.040515e+07 1.106554e+06 
7.208950e+03 2.931165e+07 1.133115e+06 
7.299450e+03 2.975753e+07 1.113390e+06 
7.357050e+03 3.055257e+07 1.106554e+06 
7.475650e+03 2.998908e+07 1.106554e+06 
6.354800e+03 2.561818e+07 1.872630e+06 
6.684950e+03 2.715812e+07 1.510820e+06 
7.541000e+03 3.025342e+07 1.077618e+06 
8.400850e+03 3.458573e+07 8.585176e+05 
6.172300e+03 2.487010e+07 2.468467e+06 
8.201150e+03 3.351026e+07 9.064920e+05 
6.162350e+03 2.502028e+07 2.383347e+06 
7.439650e+03 3.083194e+07 1.077618e+06 
8.524600e+03 3.472968e+07 8.511955e+05 
7.474750e+03 3.017239e+07 1.106554e+06 
7.449600e+03 3.045963e+07 1.077618e+06 
6.204800e+03 2.513733e+07 2.213108e+06 
7.294350e+03 2.990693e+07 1.113390e+06 
6.162350e+03 2.508470e+07 2.383347e+06 
7.103550e+03 2.850166e+07 1.276793e+06 
6.246050e+03 2.503910e+07 2.127989e+06 
7.696150e+03 3.234714e+07 1.063994e+06 
6.366950e+03 2.572135e+07 1.787511e+06 
8.085150e+03 3.308999e+07 9.363151e+05 
6.710150e+03 2.697989e+07 1.510820e+06 
7.084250e+03 2.853873e+07 1.208656e+06 
7.311950e+03 2.992795e+07 1.113390e+06 
7.027200e+03 2.867463e+07 1.284197e+06 
7.724150e+03 3.054846e+07 1.074634e+06 
7.210950e+03 2.909986e+07 1.159753e+06 
7.602800e+03 3.016832e+07 1.077618e+06 
6.166050e+03 2.491792e+07 2.468467e+06 
8.313450e+03 3.352272e+07 9.073644e+05 
6.202950e+03 2.501121e+07 2.127989e+06 
7.403600e+03 3.023399e+07 1.106554e+06 
6.151450e+03 2.503127e+07 2.468467e+06 
7.221200e+03 2.886600e+07 1.191674e+06 
6.689650e+03 2.713454e+07 1.510820e+06 
6.161900e+03 2.506851e+07 2.383347e+06 
7.183000e+03 2.922193e+07 1.191674e+06 
6.357150e+03 2.561366e+07 1.872630e+06 
8.129200e+03 3.335773e+07 9.043945e+05 
6.263150e+03 2.517250e+07 2.042869e+06 
7.293650e+03 3.007794e+07 1.113390e+06 
6.170250e+03 2.509990e+07 2.298228e+06 
9.730850e+03 4.014400e+07 8.451031e+05 
6.258800e+03 2.516248e+07 2.042869e+06 
7.636300e+03 3.016090e+07 1.077618e+06 
6.714850e+03 2.699396e+07 1.510820e+06 
6.166100e+03 2.503095e+07 2.383347e+06 
6.204350e+03 2.515963e+07 2.213108e+06 
6.142200e+03 2.484653e+07 2.553587e+06 
7.353450e+03 3.058349e+07 1.106554e+06 
7.567000e+03 3.013791e+07 1.099975e+06 
6.693450e+03 2.715654e+07 1.510820e+06 
7.145950e+03 2.850021e+07 1.208656e+06 
6.700950e+03 2.704752e+07 1.510820e+06 
6.448450e+03 2.602461e+07 1.702391e+06 
6.670750e+03 2.693620e+07 1.532152e+06 
6.696300e+03 2.710784e+07 1.510820e+06 
7.744000e+03 3.237882e+07 9.820330e+05 
6.606050e+03 2.671730e+07 1.532152e+06 
7.032050e+03 2.859159e+07 1.284197e+06 
7.707500e+03 3.190095e+07 1.057574e+06 
7.075900e+03 2.846449e+07 1.284197e+06 
8.166000e+03 3.347512e+07 9.363151e+05 
6.153050e+03 2.501766e+07 2.468467e+06 

8.040950e+03 3.383970e+07 8.309510e+05 
7.925300e+03 3.360356e+07 9.043945e+05 
6.277000e+03 2.577944e+07 2.213108e+06 
7.720750e+03 3.224464e+07 1.021435e+06 
6.174400e+03 2.497008e+07 2.383347e+06 
6.560650e+03 2.688145e+07 1.532152e+06 
6.227000e+03 2.490657e+07 2.468467e+06 
7.785050e+03 3.281012e+07 9.895141e+05 
6.801400e+03 2.814915e+07 1.359738e+06 
7.839500e+03 3.336198e+07 9.363151e+05 
6.614750e+03 2.696508e+07 1.532152e+06 
7.912550e+03 3.379089e+07 9.064920e+05 
6.217550e+03 2.518344e+07 2.298228e+06 
6.345700e+03 2.573234e+07 2.042869e+06 
6.535200e+03 2.678662e+07 1.617271e+06 
7.885100e+03 3.286595e+07 9.820330e+05 
7.358700e+03 3.020492e+07 1.133115e+06 
8.012700e+03 3.352241e+07 9.043945e+05 
6.298200e+03 2.552666e+07 2.127989e+06 
6.954400e+03 2.912710e+07 1.276793e+06 
6.933100e+03 2.920666e+07 1.208656e+06 
6.829950e+03 2.835877e+07 1.319353e+06 
6.282650e+03 2.565564e+07 2.213108e+06 
7.468800e+03 3.083402e+07 1.057574e+06 
6.271000e+03 2.561019e+07 2.213108e+06 
6.661200e+03 2.755904e+07 1.447032e+06 
7.994150e+03 3.356194e+07 8.585176e+05 
6.856350e+03 2.820319e+07 1.359738e+06 
7.928900e+03 3.347003e+07 9.064920e+05 
6.509450e+03 2.629965e+07 1.915190e+06 
8.050550e+03 3.392205e+07 9.043945e+05 
6.933500e+03 2.893947e+07 1.276793e+06 
6.508400e+03 2.705314e+07 1.617271e+06 
6.824900e+03 2.841122e+07 1.361913e+06 
7.931350e+03 3.355170e+07 9.043945e+05 
6.818500e+03 2.819167e+07 1.404473e+06 
7.808600e+03 3.284549e+07 9.820330e+05 
7.432650e+03 3.067035e+07 1.057574e+06 
6.505200e+03 2.638041e+07 1.872630e+06 
6.528200e+03 2.677193e+07 1.702391e+06 
7.923450e+03 3.363940e+07 9.043945e+05 
6.849200e+03 2.827748e+07 1.359738e+06 
6.497950e+03 2.640524e+07 1.915190e+06 
6.293300e+03 2.549905e+07 2.127989e+06 
6.920500e+03 2.914185e+07 1.276793e+06 
7.879450e+03 3.345894e+07 9.043945e+05 
7.136600e+03 3.012068e+07 1.133115e+06 
6.926600e+03 2.893321e+07 1.276793e+06 
6.709300e+03 2.755815e+07 1.447032e+06 
6.483400e+03 2.648120e+07 1.872630e+06 
6.196950e+03 2.520528e+07 2.298228e+06 
9.335700e+03 3.873983e+07 8.227461e+05 
6.930200e+03 2.913752e+07 1.208656e+06 
6.517050e+03 2.660176e+07 1.787511e+06 
6.187600e+03 2.497702e+07 2.383347e+06 
6.482600e+03 2.669785e+07 1.787511e+06 
8.172450e+03 3.402156e+07 8.406318e+05 
6.529000e+03 2.704922e+07 1.532152e+06 
7.863500e+03 3.327985e+07 9.363151e+05 
6.540700e+03 2.678479e+07 1.702391e+06 
7.369800e+03 3.048459e+07 1.106554e+06 
7.330700e+03 3.015053e+07 1.057574e+06 
6.564650e+03 2.667696e+07 1.617271e+06 
6.499300e+03 2.680158e+07 1.702391e+06 
7.984750e+03 3.372816e+07 8.511955e+05 
6.801200e+03 2.773779e+07 1.435279e+06 
6.802500e+03 2.830062e+07 1.359738e+06 
7.133650e+03 2.992868e+07 1.191674e+06 
6.489600e+03 2.672299e+07 1.702391e+06 
6.575250e+03 2.704187e+07 1.510820e+06 
7.890750e+03 3.332990e+07 9.064920e+05 
6.297900e+03 2.559262e+07 2.213108e+06 
6.812850e+03 2.821998e+07 1.404473e+06 
6.151400e+03 2.505433e+07 2.553587e+06 
6.500050e+03 2.639859e+07 1.872630e+06 
6.491150e+03 2.643536e+07 1.872630e+06 
7.996100e+03 3.337604e+07 9.064920e+05 
8.100350e+03 3.407800e+07 8.501059e+05 
7.849100e+03 3.271917e+07 9.895141e+05 
7.143700e+03 2.995534e+07 1.133115e+06 
7.848200e+03 3.280137e+07 9.820330e+05 
6.480300e+03 2.678799e+07 1.702391e+06 
6.193100e+03 2.495961e+07 2.383347e+06 
6.197750e+03 2.522760e+07 2.298228e+06 
6.744200e+03 2.790778e+07 1.435279e+06 
6.173700e+03 2.498957e+07 2.383347e+06 
6.529150e+03 2.695662e+07 1.532152e+06 
6.465350e+03 2.674539e+07 1.872630e+06 
6.501550e+03 2.694579e+07 1.532152e+06 
6.521650e+03 2.654596e+07 1.787511e+06 
8.032350e+03 3.392727e+07 8.585176e+05 
7.796400e+03 3.306436e+07 9.820330e+05 
6.870000e+03 2.853625e+07 1.284197e+06 
6.462150e+03 2.676214e+07 1.872630e+06 
8.265700e+03 3.491867e+07 8.309510e+05 
7.211050e+03 3.022190e+07 1.191674e+06 
7.775650e+03 3.251862e+07 9.820330e+05 
6.754100e+03 2.773350e+07 1.435279e+06 
6.571700e+03 2.708434e+07 1.510820e+06 
6.185500e+03 2.491204e+07 2.383347e+06 
6.797050e+03 2.828766e+07 1.284197e+06 
6.683250e+03 2.762205e+07 1.447032e+06 
6.170000e+03 2.496217e+07 2.468467e+06 
6.830550e+03 2.821416e+07 1.361913e+06 
7.924750e+03 3.354650e+07 9.064920e+05 
9.289250e+03 3.886721e+07 8.227461e+05 
6.828350e+03 2.821838e+07 1.361913e+06 
6.673050e+03 2.763276e+07 1.447032e+06 
6.522800e+03 2.680052e+07 1.702391e+06 
6.269800e+03 2.561419e+07 2.213108e+06 
6.508150e+03 2.651152e+07 1.787511e+06 
6.490400e+03 2.675721e+07 1.787511e+06 
7.985500e+03 3.402741e+07 8.677248e+05 
8.026900e+03 3.309717e+07 9.064920e+05 
6.550650e+03 2.651828e+07 1.872630e+06 
7.973450e+03 3.337485e+07 9.064920e+05 
9.286050e+03 3.913148e+07 8.227461e+05 
6.468550e+03 2.659833e+07 1.872630e+06 
6.535700e+03 2.683832e+07 1.617271e+06 
6.521450e+03 2.659717e+07 1.787511e+06 
6.754400e+03 2.781957e+07 1.435279e+06 
6.877650e+03 2.831104e+07 1.361913e+06 
6.487800e+03 2.683633e+07 1.787511e+06 
6.644250e+03 2.757047e+07 1.447032e+06 
6.500850e+03 2.664022e+07 1.787511e+06 
8.039750e+03 3.342739e+07 9.043945e+05 
8.023950e+03 3.375288e+07 8.752192e+05 
7.711150e+03 3.222708e+07 1.021435e+06 
6.851350e+03 2.825947e+07 1.359738e+06 
6.462700e+03 2.668937e+07 1.872630e+06 
6.214650e+03 2.522446e+07 2.298228e+06 
6.497700e+03 2.642393e+07 1.872630e+06 
6.274200e+03 2.550150e+07 2.213108e+06 
7.015400e+03 2.929522e+07 1.208656e+06 
6.665350e+03 2.753219e+07 1.447032e+06 
6.175000e+03 2.502770e+07 2.383347e+06 
6.856900e+03 2.854107e+07 1.284197e+06 
6.698200e+03 2.760716e+07 1.447032e+06 
6.153800e+03 2.494307e+07 2.553587e+06 
6.698700e+03 2.754159e+07 1.447032e+06 
6.516450e+03 2.667668e+07 1.617271e+06 
6.515750e+03 2.662886e+07 1.787511e+06 
6.487650e+03 2.643606e+07 1.872630e+06 
6.441300e+03 2.639761e+07 1.957750e+06 
6.984300e+03 2.916175e+07 1.208656e+06 
8.145000e+03 3.420364e+07 8.309510e+05 
6.224150e+03 2.522820e+07 2.298228e+06 
6.828950e+03 2.817285e+07 1.404473e+06 
7.398300e+03 3.054860e+07 1.063994e+06 
8.063700e+03 3.322150e+07 9.363151e+05 
6.479400e+03 2.632433e+07 1.957750e+06 
6.193900e+03 2.493992e+07 2.383347e+06 
6.522950e+03 2.653401e+07 1.787511e+06 
8.168550e+03 3.418197e+07 8.406318e+05 
7.198150e+03 3.031747e+07 1.133115e+06 
7.684850e+03 3.262730e+07 9.895141e+05 
6.823500e+03 2.827565e+07 1.361913e+06 
6.172300e+03 2.497358e+07 2.468467e+06 
6.314700e+03 2.554116e+07 2.127989e+06 
6.486200e+03 2.638320e+07 1.872630e+06 
6.865500e+03 2.835808e+07 1.284197e+06 
8.066600e+03 3.397889e+07 8.511955e+05 
6.310950e+03 2.560578e+07 2.042869e+06 
8.129650e+03 3.380759e+07 8.406318e+05 
6.464350e+03 2.654205e+07 1.872630e+06 
6.495050e+03 2.674373e+07 1.787511e+06 
6.203400e+03 2.494588e+07 2.383347e+06 
6.475400e+03 2.688420e+07 1.787511e+06 
6.217650e+03 2.519281e+07 2.298228e+06 
7.909800e+03 3.335514e+07 9.043945e+05 
6.507250e+03 2.669270e+07 1.787511e+06 
6.606250e+03 2.710180e+07 1.510820e+06 
7.949250e+03 3.353135e+07 9.043945e+05 
6.176200e+03 2.497807e+07 2.383347e+06 
7.427500e+03 3.059664e+07 1.106554e+06 
6.485200e+03 2.645108e+07 1.872630e+06 
9.268900e+03 3.877270e+07 8.227461e+05 
6.516750e+03 2.650673e+07 1.787511e+06 
6.483150e+03 2.685736e+07 1.702391e+06 
6.476400e+03 2.648346e+07 1.872630e+06 
8.032750e+03 3.382021e+07 8.511955e+05 
6.482500e+03 2.648571e+07 1.915190e+06 
6.859650e+03 2.808144e+07 1.361913e+06 
6.497750e+03 2.670857e+07 1.787511e+06 
7.948450e+03 3.326742e+07 9.363151e+05 
8.004600e+03 3.336340e+07 9.064920e+05 
9.421300e+03 3.889333e+07 8.227461e+05 
6.548950e+03 2.702807e+07 1.510820e+06 
6.441350e+03 2.607054e+07 1.957750e+06 
6.324800e+03 2.566568e+07 2.042869e+06 
6.141800e+03 2.483092e+07 2.468467e+06 
7.731200e+03 3.218798e+07 1.021435e+06 
6.145000e+03 2.503615e+07 2.468467e+06 
6.443150e+03 2.611587e+07 1.957750e+06 
6.770500e+03 2.780889e+07 1.435279e+06 
6.670950e+03 2.769976e+07 1.447032e+06 
7.999000e+03 3.370158e+07 8.853436e+05 
7.828850e+03 3.311708e+07 9.363151e+05 
6.522550e+03 2.652327e+07 1.787511e+06 
7.203300e+03 3.034259e+07 1.133115e+06 

7.458500e+03 3.023438e+07 1.159753e+06 
7.955000e+03 3.364164e+07 9.820330e+05 
8.495950e+03 3.598352e+07 8.227461e+05 
6.351950e+03 2.605603e+07 2.042869e+06 
7.946100e+03 3.258681e+07 1.021435e+06 
8.138700e+03 3.315774e+07 8.511955e+05 
7.461550e+03 3.051199e+07 1.133115e+06 
6.986500e+03 2.823916e+07 1.361913e+06 
7.274700e+03 3.017476e+07 1.208656e+06 
6.601850e+03 2.685329e+07 1.617271e+06 
6.460700e+03 2.639327e+07 1.787511e+06 
7.361250e+03 3.082415e+07 1.106554e+06 
6.245350e+03 2.526365e+07 2.213108e+06 
7.923950e+03 3.319676e+07 1.021435e+06 
6.386250e+03 2.622892e+07 1.957750e+06 
6.180350e+03 2.480891e+07 2.383347e+06 
7.417850e+03 3.129597e+07 1.074634e+06 
8.194450e+03 3.390124e+07 8.585176e+05 
8.540100e+03 3.585746e+07 8.227461e+05 
6.526600e+03 2.654772e+07 1.702391e+06 
6.365500e+03 2.605032e+07 2.042869e+06 
6.128050e+03 2.473974e+07 2.383347e+06 
8.316350e+03 3.428193e+07 8.511955e+05 
6.845000e+03 2.833820e+07 1.500231e+06 
6.467850e+03 2.600283e+07 1.957750e+06 
7.032450e+03 2.903419e+07 1.284197e+06 
6.527900e+03 2.664542e+07 1.702391e+06 
6.509100e+03 2.613180e+07 1.872630e+06 
6.554900e+03 2.688155e+07 1.617271e+06 
8.036500e+03 3.344113e+07 9.820330e+05 
7.257450e+03 3.044056e+07 1.191674e+06 
6.393200e+03 2.604297e+07 2.042869e+06 
6.489050e+03 2.637051e+07 1.787511e+06 
7.255950e+03 3.051104e+07 1.191674e+06 
7.870350e+03 3.296737e+07 1.057574e+06 
6.233450e+03 2.509160e+07 2.298228e+06 
7.448650e+03 3.042581e+07 1.133115e+06 
6.438200e+03 2.629066e+07 1.872630e+06 
7.224450e+03 2.987273e+07 1.208656e+06 
7.069750e+03 2.881292e+07 1.284197e+06 
7.300750e+03 2.993769e+07 1.208656e+06 
6.852450e+03 2.812872e+07 1.500231e+06 
7.294700e+03 3.053273e+07 1.133115e+06 
7.319800e+03 3.082164e+07 1.106554e+06 
7.028300e+03 2.872528e+07 1.284197e+06 
6.336500e+03 2.578368e+07 2.127989e+06 
7.346100e+03 3.102610e+07 1.133115e+06 
6.553850e+03 2.685247e+07 1.617271e+06 
6.493400e+03 2.659797e+07 1.702391e+06 
6.864900e+03 2.829041e+07 1.415112e+06 
6.483450e+03 2.632130e+07 1.787511e+06 
7.906750e+03 3.308942e+07 1.057574e+06 
6.487100e+03 2.616773e+07 1.872630e+06 
7.265100e+03 3.041252e+07 1.208656e+06 
8.143450e+03 3.390010e+07 9.064920e+05 
7.275550e+03 3.041398e+07 1.191674e+06 
8.315300e+03 3.459216e+07 8.309510e+05 
6.874000e+03 2.874486e+07 1.361913e+06 
6.464500e+03 2.622409e+07 1.872630e+06 
7.255400e+03 3.062083e+07 1.191674e+06 
6.944200e+03 2.827614e+07 1.447032e+06 
6.339150e+03 2.587131e+07 2.127989e+06 
7.919900e+03 3.304779e+07 1.057574e+06 
7.863000e+03 3.308333e+07 1.057574e+06 
6.834500e+03 2.829850e+07 1.500231e+06 
6.688400e+03 2.728544e+07 1.586361e+06 
6.874500e+03 2.832139e+07 1.447032e+06 
6.636250e+03 2.736419e+07 1.586361e+06 
6.301250e+03 2.591975e+07 2.127989e+06 
6.277950e+03 2.522237e+07 2.213108e+06 
6.380850e+03 2.619775e+07 1.957750e+06 
7.469300e+03 3.033832e+07 1.191674e+06 
8.027500e+03 3.235739e+07 1.057574e+06 
6.766500e+03 2.714311e+07 1.532152e+06 
7.203400e+03 2.989447e+07 1.276793e+06 
6.985400e+03 2.920389e+07 1.359738e+06 
6.146800e+03 2.482312e+07 2.383347e+06 
7.923500e+03 3.320052e+07 1.021435e+06 
7.967850e+03 3.346321e+07 9.895141e+05 
8.277150e+03 3.438517e+07 8.511955e+05 
6.682800e+03 2.729257e+07 1.586361e+06 
8.293150e+03 3.466999e+07 8.309510e+05 
7.326700e+03 3.106398e+07 1.133115e+06 
7.910000e+03 3.326109e+07 1.021435e+06 
6.426350e+03 2.623687e+07 1.872630e+06 
6.800850e+03 2.745039e+07 1.510820e+06 
6.980550e+03 2.879092e+07 1.359738e+06 
7.205550e+03 2.987867e+07 1.276793e+06 
6.679450e+03 2.731127e+07 1.532152e+06 
6.355950e+03 2.604350e+07 2.042869e+06 
7.945350e+03 3.311998e+07 1.021435e+06 
6.492250e+03 2.609867e+07 1.872630e+06 
8.010700e+03 3.246652e+07 1.057574e+06 
6.882100e+03 2.850332e+07 1.435279e+06 
6.863800e+03 2.819908e+07 1.500231e+06 
8.287300e+03 3.490525e+07 8.309510e+05 
8.073900e+03 3.301444e+07 1.021435e+06 
6.840150e+03 2.838508e+07 1.500231e+06 
6.697450e+03 2.746779e+07 1.510820e+06 
6.953800e+03 2.893728e+07 1.359738e+06 
6.883850e+03 2.827721e+07 1.447032e+06 
6.708000e+03 2.730039e+07 1.532152e+06 
6.134950e+03 2.481647e+07 2.468467e+06 
7.503900e+03 3.158752e+07 1.074634e+06 
7.032150e+03 2.937000e+07 1.329992e+06 
6.445600e+03 2.653366e+07 1.787511e+06 
6.250800e+03 2.519836e+07 2.213108e+06 
6.896200e+03 2.832288e+07 1.361913e+06 
7.254150e+03 3.043068e+07 1.208656e+06 
7.881100e+03 3.322401e+07 1.057574e+06 
6.435500e+03 2.599855e+07 1.957750e+06 
7.857300e+03 3.320026e+07 1.057574e+06 
7.346250e+03 3.083280e+07 1.133115e+06 
6.275800e+03 2.523687e+07 2.213108e+06 
6.472000e+03 2.613658e+07 1.872630e+06 
8.276050e+03 3.499096e+07 8.309510e+05 
8.479800e+03 3.577816e+07 8.227461e+05 
6.581550e+03 2.683192e+07 1.617271e+06 
7.333250e+03 3.076508e+07 1.106554e+06 
6.871950e+03 2.816836e+07 1.500231e+06 
6.996800e+03 2.863929e+07 1.359738e+06 
6.473700e+03 2.621063e+07 1.872630e+06 
7.299400e+03 3.088176e+07 1.159753e+06 
6.717300e+03 2.742658e+07 1.532152e+06 
7.917950e+03 3.212621e+07 1.057574e+06 
6.664900e+03 2.754605e+07 1.510820e+06 
6.870200e+03 2.832135e+07 1.361913e+06 
6.145150e+03 2.492668e+07 2.383347e+06 
8.091650e+03 3.396591e+07 9.064920e+05 
6.496200e+03 2.674112e+07 1.702391e+06 
6.664100e+03 2.737538e+07 1.510820e+06 
6.381450e+03 2.627321e+07 1.957750e+06 
6.484600e+03 2.620909e+07 1.872630e+06 
8.288700e+03 3.490716e+07 8.309510e+05 
7.373100e+03 3.078220e+07 1.106554e+06 
7.871100e+03 3.334702e+07 1.057574e+06 
7.918150e+03 3.313900e+07 9.363151e+05 
7.185050e+03 3.044617e+07 1.208656e+06 
8.191000e+03 3.377500e+07 8.937553e+05 
6.257650e+03 2.533568e+07 2.213108e+06 
8.177100e+03 3.378637e+07 9.064920e+05 
6.426550e+03 2.615420e+07 1.872630e+06 
6.401500e+03 2.600869e+07 1.957750e+06 
7.146650e+03 2.970726e+07 1.276793e+06 
8.117450e+03 3.324962e+07 9.820330e+05 
6.515150e+03 2.666524e+07 1.702391e+06 
6.165450e+03 2.481194e+07 2.383347e+06 
7.919650e+03 3.358358e+07 1.021435e+06 
8.138450e+03 3.311308e+07 9.363151e+05 
6.859450e+03 2.823821e+07 1.500231e+06 
6.650050e+03 2.751771e+07 1.532152e+06 
6.199600e+03 2.501208e+07 2.298228e+06 
6.917800e+03 2.829434e+07 1.361913e+06 
6.462500e+03 2.638370e+07 1.787511e+06 
6.860050e+03 2.843377e+07 1.447032e+06 
6.355450e+03 2.606557e+07 2.042869e+06 
6.669450e+03 2.733515e+07 1.532152e+06 
6.402450e+03 2.602234e+07 1.957750e+06 
8.011300e+03 3.302775e+07 1.021435e+06 
6.840600e+03 2.836943e+07 1.447032e+06 
6.644150e+03 2.759385e+07 1.532152e+06 
7.289450e+03 2.981584e+07 1.276793e+06 
7.982300e+03 3.350579e+07 9.363151e+05 
6.129550e+03 2.477988e+07 2.468467e+06 
6.250650e+03 2.542379e+07 2.213108e+06 
6.240550e+03 2.533493e+07 2.213108e+06 
6.610600e+03 2.725681e+07 1.586361e+06 
8.217200e+03 3.334768e+07 9.363151e+05 
6.350600e+03 2.583872e+07 2.127989e+06 
6.319900e+03 2.590125e+07 2.127989e+06 
6.458050e+03 2.637354e+07 1.787511e+06 
6.263750e+03 2.530670e+07 2.213108e+06 
7.184500e+03 3.034119e+07 1.159753e+06 
8.251500e+03 3.501792e+07 8.511955e+05 
7.132700e+03 2.973298e+07 1.276793e+06 
6.298950e+03 2.583950e+07 2.127989e+06 
6.903750e+03 2.828982e+07 1.447032e+06 
8.144550e+03 3.348725e+07 9.788749e+05 
6.896500e+03 2.831174e+07 1.435279e+06 
6.540400e+03 2.655529e+07 1.702391e+06 
8.298900e+03 3.446309e+07 8.309510e+05 
7.971300e+03 3.344837e+07 9.820330e+05 
8.075700e+03 3.281148e+07 1.021435e+06 
6.530000e+03 2.664113e+07 1.702391e+06 
6.900800e+03 2.824778e+07 1.447032e+06 
7.236800e+03 2.973188e+07 1.208656e+06 
6.372250e+03 2.603664e+07 2.042869e+06 
7.002400e+03 2.868654e+07 1.359738e+06 
6.161300e+03 2.482077e+07 2.383347e+06 
8.164050e+03 3.383391e+07 9.043945e+05 
6.510850e+03 2.636495e+07 1.787511e+06 
7.315200e+03 3.059565e+07 1.159753e+06 
6.676300e+03 2.744682e+07 1.532152e+06 
6.745250e+03 2.732608e+07 1.532152e+06 
7.406950e+03 3.024953e+07 1.191674e+06 
6.481850e+03 2.610125e+07 1.872630e+06 
7.335800e+03 2.980504e+07 1.276793e+06 
6.649800e+03 2.729490e+07 1.586361e+06 
7.481700e+03 3.029556e+07 1.191674e+06 
6.217100e+03 2.517321e+07 2.298228e+06 

6.695300e+03 2.769345e+07 1.702391e+06 
6.202050e+03 2.501438e+07 2.298228e+06 
7.450750e+03 2.938520e+07 1.276793e+06 
8.208800e+03 3.326693e+07 9.363151e+05 
6.670150e+03 2.784213e+07 1.617271e+06 
6.453750e+03 2.662623e+07 1.787511e+06 
7.429100e+03 3.068246e+07 1.074634e+06 
6.982300e+03 2.927771e+07 1.284197e+06 
6.658700e+03 2.796632e+07 1.617271e+06 
8.170100e+03 3.408865e+07 9.788749e+05 
7.459750e+03 3.051712e+07 1.106554e+06 
6.198800e+03 2.514344e+07 2.298228e+06 
6.439700e+03 2.656090e+07 1.787511e+06 
7.515250e+03 2.990501e+07 1.191674e+06 
6.375700e+03 2.609468e+07 1.957750e+06 
7.479150e+03 3.097596e+07 1.057574e+06 
6.988000e+03 2.926672e+07 1.284197e+06 
6.653800e+03 2.779505e+07 1.617271e+06 
7.410650e+03 3.061595e+07 1.133115e+06 
6.315600e+03 2.525706e+07 2.213108e+06 
6.826950e+03 2.835206e+07 1.361913e+06 
6.230900e+03 2.507367e+07 2.213108e+06 
7.069800e+03 2.981841e+07 1.276793e+06 
7.450450e+03 3.091920e+07 1.057574e+06 
7.059400e+03 2.990735e+07 1.276793e+06 
6.359600e+03 2.620301e+07 1.957750e+06 
8.182850e+03 3.424514e+07 9.363151e+05 
6.366200e+03 2.616435e+07 1.957750e+06 
6.819050e+03 2.823341e+07 1.361913e+06 
6.285500e+03 2.556076e+07 2.042869e+06 
7.425300e+03 3.045639e+07 1.133115e+06 
6.655700e+03 2.763594e+07 1.702391e+06 
6.227900e+03 2.509311e+07 2.213108e+06 
6.721450e+03 2.776747e+07 1.617271e+06 
7.429400e+03 3.072165e+07 1.106554e+06 
7.391750e+03 3.100489e+07 1.133115e+06 
6.722250e+03 2.762536e+07 1.702391e+06 
6.202350e+03 2.497951e+07 2.298228e+06 
7.404400e+03 3.063694e+07 1.133115e+06 
7.369900e+03 3.074169e+07 1.159753e+06 
6.204800e+03 2.522383e+07 2.213108e+06 
7.561500e+03 3.114324e+07 1.023961e+06 
7.521250e+03 2.966327e+07 1.208656e+06 
6.442250e+03 2.662847e+07 1.787511e+06 
6.759950e+03 2.834554e+07 1.435279e+06 
6.436100e+03 2.669761e+07 1.787511e+06 
7.612150e+03 3.021394e+07 1.159753e+06 
7.398100e+03 3.042426e+07 1.191674e+06 
6.750100e+03 2.818553e+07 1.532152e+06 
6.358600e+03 2.600655e+07 1.957750e+06 
7.326150e+03 3.078172e+07 1.191674e+06 
6.237100e+03 2.528533e+07 2.127989e+06 
7.182650e+03 2.981813e+07 1.276793e+06 
6.441100e+03 2.668870e+07 1.787511e+06 
7.410750e+03 2.961794e+07 1.276793e+06 
8.234700e+03 3.336501e+07 9.363151e+05 
6.226600e+03 2.509355e+07 2.213108e+06 
6.255300e+03 2.508966e+07 2.213108e+06 
7.461750e+03 3.048396e+07 1.133115e+06 
6.683750e+03 2.775173e+07 1.702391e+06 
6.196650e+03 2.514573e+07 2.298228e+06 
6.201400e+03 2.512412e+07 2.298228e+06 
6.440800e+03 2.655628e+07 1.787511e+06 
6.801850e+03 2.802835e+07 1.447032e+06 
7.439250e+03 2.984541e+07 1.244873e+06 
6.403500e+03 2.661074e+07 1.787511e+06 
8.167650e+03 3.472576e+07 9.363151e+05 
6.771650e+03 2.820592e+07 1.435279e+06 
6.761800e+03 2.842438e+07 1.361913e+06 
6.268350e+03 2.560183e+07 2.042869e+06 
7.380950e+03 3.049806e+07 1.191674e+06 
6.932900e+03 2.898303e+07 1.359738e+06 
7.210650e+03 2.986143e+07 1.276793e+06 
7.408150e+03 3.071277e+07 1.133115e+06 
7.112200e+03 2.988618e+07 1.276793e+06 
7.773100e+03 3.118510e+07 1.021435e+06 
8.145600e+03 3.430160e+07 9.469543e+05 
7.406550e+03 2.931634e+07 1.276793e+06 
6.677200e+03 2.775851e+07 1.617271e+06 
6.220100e+03 2.507446e+07 2.213108e+06 
7.390000e+03 3.050114e+07 1.191674e+06 
7.404750e+03 3.063425e+07 1.106554e+06 
7.445650e+03 3.070352e+07 1.041847e+06 
7.507150e+03 2.974979e+07 1.208656e+06 
6.216150e+03 2.504955e+07 2.298228e+06 
6.383600e+03 2.620302e+07 1.872630e+06 
6.733150e+03 2.801387e+07 1.447032e+06 
6.394500e+03 2.632351e+07 1.872630e+06 
6.428750e+03 2.660237e+07 1.787511e+06 
6.195250e+03 2.524230e+07 2.383347e+06 
6.690300e+03 2.835959e+07 1.532152e+06 
8.231900e+03 3.336908e+07 9.788749e+05 
7.645500e+03 3.150683e+07 9.820330e+05 
6.791850e+03 2.822469e+07 1.435279e+06 
7.451900e+03 2.977053e+07 1.208656e+06 
7.418500e+03 3.093555e+07 1.106554e+06 
7.499600e+03 2.986868e+07 1.208656e+06 
7.662150e+03 3.170497e+07 1.021435e+06 
6.692100e+03 2.758354e+07 1.702391e+06 
6.699750e+03 2.768364e+07 1.702391e+06 
6.286400e+03 2.552138e+07 2.042869e+06 
6.285800e+03 2.547995e+07 2.042869e+06 
7.291750e+03 2.994228e+07 1.208656e+06 
7.003550e+03 2.910181e+07 1.284197e+06 
6.748250e+03 2.809629e+07 1.447032e+06 
6.707100e+03 2.784779e+07 1.532152e+06 
7.436400e+03 3.017792e+07 1.191674e+06 
6.311500e+03 2.547470e+07 2.042869e+06 
6.473700e+03 2.653485e+07 1.787511e+06 
7.456550e+03 3.043655e+07 1.106554e+06 
7.412250e+03 2.953967e+07 1.276793e+06 
6.745450e+03 2.819303e+07 1.447032e+06 
6.246950e+03 2.520772e+07 2.127989e+06 
7.519950e+03 3.083565e+07 1.074634e+06 
6.214650e+03 2.513200e+07 2.213108e+06 
8.163200e+03 3.344917e+07 9.788749e+05 
7.451350e+03 2.924820e+07 1.276793e+06 
7.080600e+03 2.995972e+07 1.208656e+06 
6.307700e+03 2.546651e+07 2.042869e+06 
8.202900e+03 3.415676e+07 9.064920e+05 
6.945050e+03 2.896278e+07 1.359738e+06 
6.693500e+03 2.757212e+07 1.702391e+06 
6.383600e+03 2.637446e+07 1.872630e+06 
7.750900e+03 3.181546e+07 9.820330e+05 
6.925050e+03 2.906745e+07 1.359738e+06 
7.056000e+03 2.999270e+07 1.276793e+06 
6.179400e+03 2.493771e+07 2.298228e+06 
6.371500e+03 2.644934e+07 1.872630e+06 
7.591250e+03 3.006588e+07 1.133115e+06 
6.256400e+03 2.552634e+07 2.042869e+06 
7.287250e+03 3.066696e+07 1.191674e+06 
7.071050e+03 2.992728e+07 1.276793e+06 
6.686250e+03 2.773986e+07 1.702391e+06 
6.729300e+03 2.804818e+07 1.447032e+06 
6.460700e+03 2.655969e+07 1.787511e+06 
7.124450e+03 3.014882e+07 1.208656e+06 
7.402450e+03 3.068573e+07 1.159753e+06 
7.473100e+03 2.983583e+07 1.244873e+06 
7.471550e+03 2.953590e+07 1.191674e+06 
6.968750e+03 2.927998e+07 1.284197e+06 
6.914200e+03 2.873922e+07 1.361913e+06 
6.958300e+03 2.892539e+07 1.359738e+06 
7.367000e+03 3.074575e+07 1.133115e+06 
6.764900e+03 2.754175e+07 1.702391e+06 
7.424200e+03 3.074511e+07 1.074634e+06 
6.454150e+03 2.660435e+07 1.787511e+06 
7.730850e+03 3.151468e+07 1.006075e+06 
6.684500e+03 2.777276e+07 1.617271e+06 
7.473950e+03 3.063484e+07 1.074634e+06 
6.404800e+03 2.628877e+07 1.872630e+06 
7.423050e+03 2.950404e+07 1.276793e+06 
8.176900e+03 3.427791e+07 9.064920e+05 
7.048000e+03 2.999986e+07 1.276793e+06 
6.934350e+03 2.902971e+07 1.359738e+06 
7.479050e+03 3.047711e+07 1.159753e+06 
6.643000e+03 2.773683e+07 1.702391e+06 
8.141600e+03 3.405906e+07 9.064920e+05 
6.204300e+03 2.507586e+07 2.213108e+06 
7.719750e+03 3.153986e+07 1.021435e+06 
8.204400e+03 3.412027e+07 9.064920e+05 
6.660900e+03 2.782385e+07 1.702391e+06 
7.500150e+03 2.982112e+07 1.208656e+06 
7.840250e+03 3.179141e+07 9.820330e+05 
6.945000e+03 2.907835e+07 1.284197e+06 
7.396750e+03 3.079325e+07 1.133115e+06 
6.235900e+03 2.515399e+07 2.127989e+06 
7.702950e+03 3.154261e+07 1.021435e+06 
6.424400e+03 2.630451e+07 1.872630e+06 
7.631450e+03 3.037144e+07 1.133115e+06 
7.033800e+03 2.993445e+07 1.276793e+06 
8.118700e+03 3.415858e+07 9.895141e+05 
6.789150e+03 2.841156e+07 1.361913e+06 
6.294650e+03 2.549820e+07 2.042869e+06 
7.469650e+03 2.929731e+07 1.276793e+06 
6.883050e+03 2.774992e+07 1.617271e+06 
7.382300e+03 3.064522e+07 1.159753e+06 
7.062350e+03 2.981967e+07 1.208656e+06 
6.698950e+03 2.807012e+07 1.532152e+06 
7.806250e+03 3.142153e+07 1.021435e+06 
6.996850e+03 2.918313e+07 1.284197e+06 
6.469150e+03 2.671669e+07 1.787511e+06 
6.922050e+03 2.903271e+07 1.329992e+06 
6.763900e+03 2.826365e+07 1.361913e+06 
7.413700e+03 3.042399e+07 1.191674e+06 
6.258750e+03 2.508513e+07 2.213108e+06 
6.654100e+03 2.792137e+07 1.744951e+06 
6.708850e+03 2.777210e+07 1.617271e+06 
7.456250e+03 3.055217e+07 1.133115e+06 
6.683300e+03 2.772524e+07 1.532152e+06 
6.239300e+03 2.508977e+07 2.213108e+06 
7.361900e+03 3.069616e+07 1.159753e+06 
7.064050e+03 2.995122e+07 1.276793e+06 
6.792350e+03 2.839195e+07 1.361913e+06 
6.937150e+03 2.875871e+07 1.359738e+06 
6.792750e+03 2.836083e+07 1.361913e+06 
6.694750e+03 2.756326e+07 1.702391e+06 
6.441000e+03 2.649870e+07 1.787511e+06 
6.661800e+03 2.775433e+07 1.702391e+06 
8.172500e+03 3.443757e+07 9.064920e+05 
7.384250e+03 3.038009e+07 1.159753e+06 

8.995800e+03 3.594741e+07 8.585176e+05 
6.951550e+03 2.877755e+07 1.359738e+06 
6.109900e+03 2.485168e+07 2.553587e+06 
6.287400e+03 2.563610e+07 2.042869e+06 
6.490100e+03 2.668767e+07 1.702391e+06 
7.757850e+03 3.172868e+07 9.837181e+05 
6.568550e+03 2.677641e+07 1.617271e+06 
6.251050e+03 2.551241e+07 2.127989e+06 
6.257900e+03 2.537755e+07 2.127989e+06 
7.544100e+03 3.068976e+07 1.106554e+06 
6.174800e+03 2.506748e+07 2.383347e+06 
6.922450e+03 2.904119e+07 1.359738e+06 
6.592450e+03 2.742088e+07 1.510820e+06 
7.106550e+03 2.985649e+07 1.208656e+06 
7.077150e+03 2.955937e+07 1.276793e+06 
7.456200e+03 3.081177e+07 1.191674e+06 
7.126800e+03 2.968054e+07 1.208656e+06 
7.709650e+03 3.174249e+07 9.837181e+05 
6.305000e+03 2.574279e+07 1.957750e+06 
6.456300e+03 2.676784e+07 1.702391e+06 
6.437500e+03 2.664580e+07 1.702391e+06 
8.730900e+03 3.397260e+07 9.820330e+05 
6.800100e+03 2.840919e+07 1.447032e+06 
6.516500e+03 2.689135e+07 1.617271e+06 
6.119500e+03 2.484894e+07 2.468467e+06 
7.000650e+03 2.948531e+07 1.329992e+06 
7.713000e+03 3.193605e+07 9.837181e+05 
6.612100e+03 2.726695e+07 1.532152e+06 
6.989000e+03 2.950587e+07 1.284197e+06 
8.761450e+03 3.513352e+07 9.064920e+05 
7.681150e+03 3.174723e+07 1.021435e+06 
6.281400e+03 2.575476e+07 1.957750e+06 
6.493950e+03 2.685032e+07 1.617271e+06 
6.257700e+03 2.544354e+07 2.127989e+06 
6.285450e+03 2.562117e+07 2.042869e+06 
6.841600e+03 2.847530e+07 1.435279e+06 
6.522900e+03 2.663830e+07 1.702391e+06 
7.088850e+03 2.961210e+07 1.208656e+06 
6.205600e+03 2.523816e+07 2.298228e+06 
9.015350e+03 3.532192e+07 8.641580e+05 
7.054150e+03 2.983290e+07 1.276793e+06 
6.283450e+03 2.565750e+07 2.042869e+06 
6.501450e+03 2.665201e+07 1.702391e+06 
6.603450e+03 2.750102e+07 1.510820e+06 
8.900000e+03 3.543191e+07 8.641580e+05 
6.708900e+03 2.737616e+07 1.532152e+06 
6.530450e+03 2.677070e+07 1.617271e+06 
6.523200e+03 2.662441e+07 1.787511e+06 
6.252600e+03 2.560666e+07 2.127989e+06 
7.614250e+03 3.071322e+07 1.106554e+06 
6.964850e+03 2.906807e+07 1.359738e+06 
7.505100e+03 3.081371e+07 1.133115e+06 
8.582050e+03 3.516828e+07 9.820330e+05 
6.107350e+03 2.484203e+07 2.553587e+06 
8.685750e+03 3.516212e+07 9.479465e+05 
9.941950e+03 4.059238e+07 8.309510e+05 
6.913200e+03 2.890649e+07 1.415112e+06 
6.105900e+03 2.488653e+07 2.468467e+06 
6.472850e+03 2.663386e+07 1.787511e+06 
9.023700e+03 3.551892e+07 8.511955e+05 
6.113350e+03 2.485679e+07 2.468467e+06 
6.260000e+03 2.535045e+07 2.127989e+06 
6.610700e+03 2.740130e+07 1.532152e+06 
8.724050e+03 3.430124e+07 9.820330e+05 
6.304700e+03 2.571311e+07 1.957750e+06 
6.542100e+03 2.688561e+07 1.617271e+06 
8.663700e+03 3.549922e+07 9.479465e+05 
8.807300e+03 3.517977e+07 9.064920e+05 
8.663100e+03 3.447519e+07 9.820330e+05 
1.002175e+04 4.143732e+07 8.309510e+05 
6.104100e+03 2.491931e+07 2.553587e+06 
6.572250e+03 2.737061e+07 1.532152e+06 
9.038450e+03 3.513512e+07 9.064920e+05 
6.461300e+03 2.665691e+07 1.787511e+06 
6.807500e+03 2.817143e+07 1.447032e+06 
7.768850e+03 3.182547e+07 9.837181e+05 
7.697300e+03 3.188669e+07 9.837181e+05 
6.524700e+03 2.658867e+07 1.787511e+06 
6.857650e+03 2.896254e+07 1.435279e+06 
6.463300e+03 2.669396e+07 1.702391e+06 
7.653300e+03 3.121652e+07 1.057574e+06 
8.737100e+03 3.428224e+07 9.820330e+05 
6.095600e+03 2.488142e+07 2.553587e+06 
8.541300e+03 3.509659e+07 9.820330e+05 
6.199400e+03 2.525830e+07 2.298228e+06 
6.962400e+03 2.868058e+07 1.415112e+06 
6.896450e+03 2.872577e+07 1.361913e+06 
7.127100e+03 2.946585e+07 1.284197e+06 
8.702650e+03 3.417054e+07 9.820330e+05 
6.863700e+03 2.858049e+07 1.435279e+06 
7.632600e+03 3.149874e+07 1.021435e+06 
6.474050e+03 2.660775e+07 1.702391e+06 
6.358300e+03 2.599878e+07 1.872630e+06 
6.552650e+03 2.681681e+07 1.617271e+06 
8.644900e+03 3.455401e+07 9.363151e+05 
7.464500e+03 3.028740e+07 1.191674e+06 
8.862500e+03 3.457731e+07 9.363151e+05 
8.672500e+03 3.501037e+07 9.575935e+05 
7.554750e+03 3.086173e+07 1.106554e+06 
6.250400e+03 2.565501e+07 2.127989e+06 
6.939500e+03 2.870107e+07 1.361913e+06 
7.507200e+03 3.095498e+07 1.106554e+06 
6.974100e+03 2.861357e+07 1.361913e+06 
7.606300e+03 3.076154e+07 1.106554e+06 
7.024100e+03 2.956791e+07 1.284197e+06 
6.493500e+03 2.660617e+07 1.702391e+06 
6.098350e+03 2.485919e+07 2.468467e+06 
8.925000e+03 3.510871e+07 9.064920e+05 
7.109350e+03 2.953017e+07 1.284197e+06 
9.962200e+03 4.053276e+07 8.309510e+05 
6.992900e+03 2.892969e+07 1.359738e+06 
8.908300e+03 3.515270e+07 9.096400e+05 
7.055600e+03 2.950785e+07 1.276793e+06 
6.164350e+03 2.509970e+07 2.383347e+06 
6.259200e+03 2.546136e+07 2.127989e+06 
6.938600e+03 2.859839e+07 1.361913e+06 
6.254400e+03 2.545600e+07 2.127989e+06 
7.090900e+03 2.991606e+07 1.208656e+06 
6.157100e+03 2.511477e+07 2.383347e+06 
8.752150e+03 3.459987e+07 9.096400e+05 
6.870400e+03 2.852957e+07 1.435279e+06 
6.210800e+03 2.518967e+07 2.213108e+06 
6.978200e+03 2.858297e+07 1.361913e+06 
8.832450e+03 3.536644e+07 8.641580e+05 
6.658050e+03 2.797528e+07 1.447032e+06 
7.510400e+03 3.053716e+07 1.133115e+06 
6.198800e+03 2.522007e+07 2.298228e+06 
8.806750e+03 3.526082e+07 9.096400e+05 
6.123300e+03 2.483252e+07 2.468467e+06 
8.930100e+03 3.518504e+07 8.641580e+05 
7.044950e+03 2.951375e+07 1.329992e+06 
7.753850e+03 3.190179e+07 9.837181e+05 
6.321450e+03 2.576832e+07 1.957750e+06 
7.108950e+03 2.980636e+07 1.208656e+06 
8.794900e+03 3.448133e+07 9.363151e+05 
9.138150e+03 3.653584e+07 8.511955e+05 
8.613550e+03 3.481875e+07 9.761281e+05 
8.608650e+03 3.422986e+07 9.820330e+05 
6.376500e+03 2.610575e+07 1.872630e+06 
6.949600e+03 2.883074e+07 1.359738e+06 
7.684700e+03 3.154758e+07 1.021435e+06 
8.791200e+03 3.464102e+07 9.363151e+05 
6.297200e+03 2.536176e+07 2.127989e+06 
7.460650e+03 3.062678e+07 1.191674e+06 
6.258600e+03 2.546802e+07 2.127989e+06 
6.296000e+03 2.563389e+07 2.042869e+06 
6.199700e+03 2.520025e+07 2.213108e+06 
6.501150e+03 2.659320e+07 1.787511e+06 
6.145850e+03 2.486535e+07 2.468467e+06 
7.512450e+03 3.034053e+07 1.191674e+06 
8.957300e+03 3.577945e+07 8.511955e+05 
7.713100e+03 3.196067e+07 9.837181e+05 
6.641250e+03 2.746833e+07 1.510820e+06 
8.702050e+03 3.448651e+07 9.363151e+05 
6.703100e+03 2.778321e+07 1.447032e+06 
7.127350e+03 2.976285e+07 1.208656e+06 
6.976600e+03 2.896653e+07 1.359738e+06 
7.691050e+03 3.180055e+07 9.895141e+05 
9.174250e+03 3.603601e+07 8.511955e+05 
6.293800e+03 2.537855e+07 2.127989e+06 
6.215200e+03 2.531653e+07 2.213108e+06 
6.104900e+03 2.487674e+07 2.553587e+06 
7.017350e+03 2.981581e+07 1.284197e+06 
9.077900e+03 3.542675e+07 8.641580e+05 
6.277950e+03 2.585493e+07 2.042869e+06 
6.139850e+03 2.505832e+07 2.383347e+06 
8.937250e+03 3.454657e+07 9.363151e+05 
8.766100e+03 3.466521e+07 9.363151e+05 
6.216950e+03 2.526297e+07 2.213108e+06 
6.111550e+03 2.481984e+07 2.468467e+06 
6.254100e+03 2.547944e+07 2.127989e+06 
9.940000e+03 4.041503e+07 8.309510e+05 
8.689200e+03 3.436127e+07 9.820330e+05 
7.059850e+03 2.993365e+07 1.276793e+06 
7.632900e+03 3.134941e+07 1.057574e+06 
8.619000e+03 3.482069e+07 9.820330e+05 
6.578350e+03 2.741591e+07 1.532152e+06 
7.495300e+03 3.058040e+07 1.191674e+06 
7.085600e+03 2.988715e+07 1.208656e+06 
6.160150e+03 2.510520e+07 2.383347e+06 
6.637300e+03 2.744028e+07 1.510820e+06 
6.273450e+03 2.562167e+07 2.042869e+06 
6.264300e+03 2.542996e+07 2.127989e+06 
9.007650e+03 3.534438e+07 8.641580e+05 
6.496550e+03 2.659774e+07 1.787511e+06 
6.865050e+03 2.856184e+07 1.435279e+06 
9.091150e+03 3.608613e+07 8.511955e+05 
7.610750e+03 3.111483e+07 1.057574e+06 
6.508050e+03 2.663480e+07 1.787511e+06 
8.828350e+03 3.517660e+07 9.096400e+05 
6.609450e+03 2.746845e+07 1.510820e+06 
7.470500e+03 3.062848e+07 1.191674e+06 
6.921050e+03 2.875279e+07 1.415112e+06 
6.294900e+03 2.594075e+07 1.957750e+06 
8.635000e+03 3.507882e+07 9.575935e+05 
6.544400e+03 2.682769e+07 1.617271e+06 
6.148950e+03 2.516786e+07 2.383347e+06 
7.505000e+03 3.039365e+07 1.133115e+06 
6.572700e+03 2.678740e+07 1.617271e+06 
6.278400e+03 2.542094e+07 2.127989e+06 

7.496650e+03 3.081360e+07 1.021435e+06 
7.412800e+03 3.053900e+07 1.191674e+06 
7.965500e+03 3.325644e+07 8.585176e+05 
6.293000e+03 2.553194e+07 2.298228e+06 
7.667100e+03 3.155385e+07 9.479465e+05 
6.311900e+03 2.558946e+07 2.213108e+06 
7.430750e+03 3.077821e+07 1.106554e+06 
7.033000e+03 2.910298e+07 1.500231e+06 
7.852700e+03 3.237174e+07 9.064920e+05 
6.345250e+03 2.587389e+07 2.127989e+06 
6.306550e+03 2.540830e+07 2.298228e+06 
7.442750e+03 3.050646e+07 1.191674e+06 
6.258300e+03 2.576767e+07 2.383347e+06 
7.815250e+03 3.244903e+07 9.121750e+05 
8.358650e+03 3.437396e+07 8.501059e+05 
7.594000e+03 3.119492e+07 9.837181e+05 
7.064150e+03 2.912247e+07 1.435279e+06 
6.422900e+03 2.614204e+07 1.957750e+06 
7.654250e+03 3.161564e+07 9.479465e+05 
6.894550e+03 2.886043e+07 1.586361e+06 
6.298400e+03 2.557892e+07 2.213108e+06 
7.640850e+03 3.160219e+07 9.479465e+05 
6.207700e+03 2.530665e+07 2.468467e+06 
8.013850e+03 3.295844e+07 8.942892e+05 
7.454900e+03 3.067970e+07 1.106554e+06 
6.629500e+03 2.701061e+07 1.787511e+06 
7.393250e+03 3.115800e+07 1.133115e+06 
7.381500e+03 3.102729e+07 1.191674e+06 
7.072500e+03 2.920943e+07 1.361913e+06 
7.001000e+03 2.910694e+07 1.415112e+06 
7.406250e+03 3.061829e+07 1.191674e+06 
7.606450e+03 3.150334e+07 9.820330e+05 
7.415600e+03 3.065082e+07 1.191674e+06 
7.167200e+03 2.955935e+07 1.359738e+06 
6.285550e+03 2.536011e+07 2.383347e+06 
7.471450e+03 3.083794e+07 1.021435e+06 
6.597050e+03 2.705923e+07 1.702391e+06 
6.922950e+03 2.851633e+07 1.617271e+06 
7.210200e+03 2.997572e+07 1.244873e+06 
7.958000e+03 3.288502e+07 8.585176e+05 
6.422400e+03 2.625648e+07 1.957750e+06 
6.376650e+03 2.578490e+07 2.127989e+06 
6.314400e+03 2.544520e+07 2.298228e+06 
7.180900e+03 2.994357e+07 1.284197e+06 
6.350000e+03 2.616409e+07 2.042869e+06 
6.452250e+03 2.622804e+07 1.957750e+06 
7.059000e+03 2.924927e+07 1.361913e+06 
7.453500e+03 3.074823e+07 1.106554e+06 
7.422700e+03 3.109923e+07 1.133115e+06 
6.334150e+03 2.589384e+07 2.127989e+06 
8.419250e+03 3.554249e+07 8.406318e+05 
7.813700e+03 3.243240e+07 9.064920e+05 
8.139650e+03 3.377144e+07 8.511955e+05 
7.736650e+03 3.187431e+07 9.363151e+05 
6.568600e+03 2.706492e+07 1.787511e+06 
8.531900e+03 3.527597e+07 8.406318e+05 
6.954600e+03 2.882322e+07 1.586361e+06 
7.917850e+03 3.273805e+07 8.853436e+05 
7.408400e+03 3.069582e+07 1.133115e+06 
7.410400e+03 3.067950e+07 1.063994e+06 
6.898800e+03 2.874631e+07 1.617271e+06 
6.998250e+03 2.911562e+07 1.447032e+06 
7.401500e+03 3.115121e+07 1.133115e+06 
6.332250e+03 2.581426e+07 2.127989e+06 
7.031850e+03 2.921799e+07 1.447032e+06 
8.508050e+03 3.526171e+07 8.406318e+05 
7.583100e+03 3.126203e+07 9.820330e+05 
6.915500e+03 2.861970e+07 1.617271e+06 
7.182250e+03 2.990698e+07 1.329992e+06 
7.348550e+03 3.101198e+07 1.191674e+06 
7.201700e+03 2.978344e+07 1.276793e+06 
7.653850e+03 3.191886e+07 9.300608e+05 
6.265650e+03 2.544253e+07 2.383347e+06 
6.899950e+03 2.870464e+07 1.586361e+06 
8.445650e+03 3.528640e+07 8.406318e+05 
7.020650e+03 2.892142e+07 1.532152e+06 
6.609850e+03 2.704243e+07 1.787511e+06 
7.002300e+03 2.886843e+07 1.532152e+06 
6.362400e+03 2.581869e+07 2.127989e+06 
6.293400e+03 2.546420e+07 2.298228e+06 
6.300350e+03 2.570615e+07 2.213108e+06 
7.440000e+03 3.071194e+07 1.133115e+06 
6.335800e+03 2.577130e+07 2.127989e+06 
6.455200e+03 2.652078e+07 1.872630e+06 
6.463750e+03 2.636237e+07 1.872630e+06 
6.208800e+03 2.526361e+07 2.468467e+06 
6.939600e+03 2.890028e+07 1.586361e+06 
7.735550e+03 3.233687e+07 9.300608e+05 
7.859200e+03 3.201586e+07 9.363151e+05 
6.979550e+03 2.903980e+07 1.532152e+06 
7.466600e+03 3.053935e+07 1.191674e+06 
6.187100e+03 2.527255e+07 2.553587e+06 
6.345000e+03 2.592207e+07 2.042869e+06 
6.259400e+03 2.544039e+07 2.383347e+06 
7.004550e+03 2.881253e+07 1.532152e+06 
6.201500e+03 2.527409e+07 2.468467e+06 
6.191100e+03 2.521736e+07 2.553587e+06 
6.206350e+03 2.520748e+07 2.468467e+06 
7.234700e+03 3.013909e+07 1.208656e+06 
6.177950e+03 2.525225e+07 2.553587e+06 
8.450900e+03 3.482551e+07 8.501059e+05 
7.259700e+03 3.007298e+07 1.208656e+06 
6.397800e+03 2.641970e+07 1.957750e+06 
6.441100e+03 2.623279e+07 1.957750e+06 
7.907750e+03 3.291929e+07 8.585176e+05 
6.256950e+03 2.549978e+07 2.383347e+06 
6.570450e+03 2.697163e+07 1.787511e+06 
6.288000e+03 2.540531e+07 2.383347e+06 
7.496400e+03 3.074466e+07 1.057574e+06 
7.025450e+03 2.896959e+07 1.447032e+06 
7.382650e+03 3.127253e+07 1.133115e+06 
7.582950e+03 3.135521e+07 9.820330e+05 
6.297000e+03 2.548321e+07 2.298228e+06 
7.985100e+03 3.315756e+07 8.585176e+05 
8.487300e+03 3.560544e+07 8.406318e+05 
6.181150e+03 2.534213e+07 2.553587e+06 
7.177200e+03 2.982276e+07 1.276793e+06 
6.578550e+03 2.704550e+07 1.787511e+06 
7.591150e+03 3.124819e+07 1.019490e+06 
7.494300e+03 3.085337e+07 1.021435e+06 
6.293500e+03 2.550512e+07 2.298228e+06 
6.333600e+03 2.600737e+07 2.127989e+06 
8.127750e+03 3.376856e+07 8.511955e+05 
7.007250e+03 2.898826e+07 1.532152e+06 
6.310600e+03 2.560845e+07 2.213108e+06 
7.176100e+03 2.982595e+07 1.276793e+06 
7.965150e+03 3.279550e+07 8.721289e+05 
6.207550e+03 2.515420e+07 2.468467e+06 
7.994850e+03 3.296633e+07 8.585176e+05 
7.546800e+03 3.133308e+07 9.837181e+05 
7.428250e+03 3.060012e+07 1.191674e+06 
7.195700e+03 3.005214e+07 1.276793e+06 
6.914750e+03 2.862308e+07 1.617271e+06 
7.593600e+03 3.128655e+07 9.837181e+05 
6.285200e+03 2.560273e+07 2.298228e+06 
7.256300e+03 3.035158e+07 1.208656e+06 
6.455800e+03 2.621408e+07 1.957750e+06 
7.463650e+03 3.154031e+07 1.057574e+06 
7.159100e+03 2.989934e+07 1.329992e+06 
7.436000e+03 3.075266e+07 1.133115e+06 
7.241000e+03 2.996438e+07 1.208656e+06 
6.974950e+03 2.906770e+07 1.532152e+06 
7.737600e+03 3.211177e+07 9.363151e+05 
8.442150e+03 3.547062e+07 8.406318e+05 
7.216800e+03 2.988438e+07 1.276793e+06 
7.206400e+03 2.980193e+07 1.244873e+06 
7.464800e+03 3.082489e+07 1.057574e+06 
7.394650e+03 3.071458e+07 1.191674e+06 
7.587900e+03 3.110532e+07 1.019490e+06 
7.038000e+03 2.889811e+07 1.532152e+06 
7.026750e+03 2.922643e+07 1.447032e+06 
7.188700e+03 2.984361e+07 1.329992e+06 
7.756100e+03 3.204731e+07 9.121750e+05 
6.923950e+03 2.864407e+07 1.617271e+06 
7.897150e+03 3.233320e+07 9.121750e+05 
6.314000e+03 2.600300e+07 2.127989e+06 
7.396500e+03 3.138642e+07 1.133115e+06 
7.015350e+03 2.895733e+07 1.532152e+06 
7.464500e+03 3.085126e+07 1.057574e+06 
6.928650e+03 2.891829e+07 1.586361e+06 
7.004050e+03 2.928299e+07 1.447032e+06 
7.193600e+03 2.969540e+07 1.359738e+06 
6.402100e+03 2.645729e+07 1.957750e+06 
6.328450e+03 2.607559e+07 2.127989e+06 
6.219450e+03 2.525756e+07 2.468467e+06 
7.763500e+03 3.208486e+07 9.363151e+05 
7.229000e+03 2.987562e+07 1.284197e+06 
6.441050e+03 2.630183e+07 1.872630e+06 
7.560550e+03 3.140228e+07 9.837181e+05 
6.417400e+03 2.637812e+07 1.957750e+06 
8.168450e+03 3.370882e+07 8.511955e+05 
7.039400e+03 2.900434e+07 1.447032e+06 
6.296500e+03 2.539128e+07 2.383347e+06 
7.032200e+03 2.919528e+07 1.361913e+06 
8.499400e+03 3.531365e+07 8.406318e+05 
6.561050e+03 2.712085e+07 1.787511e+06 
7.440550e+03 3.058432e+07 1.191674e+06 
6.912750e+03 2.871858e+07 1.617271e+06 
6.899950e+03 2.875738e+07 1.617271e+06 
6.992350e+03 2.917267e+07 1.447032e+06 
6.362250e+03 2.611391e+07 2.042869e+06 
6.228850e+03 2.521504e+07 2.468467e+06 
6.362850e+03 2.597923e+07 2.042869e+06 
6.258450e+03 2.556515e+07 2.383347e+06 
7.421900e+03 3.059237e+07 1.106554e+06 
7.869850e+03 3.242858e+07 9.166462e+05 
7.642550e+03 3.145846e+07 9.479465e+05 
8.492550e+03 3.533946e+07 8.406318e+05 
6.282700e+03 2.536878e+07 2.383347e+06 
6.301500e+03 2.564845e+07 2.213108e+06 
7.897250e+03 3.240164e+07 9.064920e+05 
6.398800e+03 2.631156e+07 1.957750e+06 
6.565650e+03 2.712229e+07 1.787511e+06 
6.205750e+03 2.536641e+07 2.468467e+06 
7.405800e+03 3.120591e+07 1.133115e+06 
6.974350e+03 2.890145e+07 1.532152e+06 
6.596150e+03 2.693908e+07 1.702391e+06 
7.459300e+03 3.070052e+07 1.057574e+06 
7.856700e+03 3.253054e+07 9.064920e+05 
6.194550e+03 2.522040e+07 2.553587e+06 

