6.608850e+03 2.723443e+07 1.872630e+06 
6.694900e+03 2.784348e+07 1.617271e+06 
8.113450e+03 3.196559e+07 1.133115e+06 
8.441600e+03 3.353671e+07 9.926605e+05 
6.627550e+03 2.676578e+07 1.872630e+06 
7.973450e+03 3.211814e+07 1.133115e+06 
8.556250e+03 3.450601e+07 9.866503e+05 
7.849200e+03 3.196714e+07 1.208656e+06 
6.827900e+03 2.860102e+07 1.532152e+06 
7.542450e+03 3.066355e+07 1.415112e+06 
7.723450e+03 3.125713e+07 1.284197e+06 
6.367500e+03 2.589158e+07 2.298228e+06 
6.677800e+03 2.766323e+07 1.702391e+06 
6.625700e+03 2.685080e+07 1.957750e+06 
6.671450e+03 2.774860e+07 1.702391e+06 
6.584350e+03 2.745380e+07 1.872630e+06 
6.658700e+03 2.752644e+07 1.787511e+06 
7.709950e+03 3.134967e+07 1.276793e+06 
6.351350e+03 2.602410e+07 2.553587e+06 
8.264100e+03 3.288446e+07 1.028432e+06 
6.425100e+03 2.611690e+07 2.213108e+06 
6.554250e+03 2.686603e+07 1.957750e+06 
6.664450e+03 2.722708e+07 1.787511e+06 
7.555250e+03 3.060768e+07 1.359738e+06 
8.214300e+03 3.266271e+07 1.057574e+06 
8.564750e+03 3.445047e+07 9.820330e+05 
6.345800e+03 2.603735e+07 2.553587e+06 
7.428400e+03 3.095741e+07 1.447032e+06 
6.432300e+03 2.636179e+07 2.127989e+06 
6.342900e+03 2.617248e+07 2.553587e+06 
6.830000e+03 2.830245e+07 1.510820e+06 
7.551450e+03 3.089375e+07 1.361913e+06 
7.870750e+03 3.194076e+07 1.208656e+06 
8.142700e+03 3.222205e+07 1.106554e+06 
7.576200e+03 3.048608e+07 1.500231e+06 
6.756550e+03 2.760438e+07 1.702391e+06 
6.446700e+03 2.635457e+07 2.127989e+06 
6.560700e+03 2.671912e+07 2.042869e+06 
6.340650e+03 2.609208e+07 2.553587e+06 
6.406650e+03 2.623947e+07 2.213108e+06 
6.347400e+03 2.601026e+07 2.553587e+06 
7.522450e+03 3.052034e+07 1.447032e+06 
6.451100e+03 2.629064e+07 2.127989e+06 
6.344950e+03 2.604022e+07 2.553587e+06 
6.511750e+03 2.629056e+07 2.127989e+06 
8.234750e+03 3.264315e+07 1.057574e+06 
6.775300e+03 2.759717e+07 1.702391e+06 
8.182550e+03 3.260320e+07 1.074634e+06 
7.430950e+03 3.078251e+07 1.500231e+06 
8.408100e+03 3.346035e+07 1.021435e+06 

6.706100e+03 2.796758e+07 1.617271e+06 
7.272350e+03 3.007916e+07 1.284197e+06 
8.060000e+03 3.310544e+07 1.021435e+06 
7.266300e+03 3.011822e+07 1.284197e+06 
7.386400e+03 3.054647e+07 1.208656e+06 
7.271700e+03 3.010693e+07 1.284197e+06 
7.004100e+03 2.902328e+07 1.447032e+06 
7.216600e+03 2.980474e+07 1.359738e+06 
7.135900e+03 2.958289e+07 1.361913e+06 
6.625800e+03 2.724689e+07 1.957750e+06 
6.384900e+03 2.641935e+07 2.213108e+06 
7.464700e+03 3.064645e+07 1.159753e+06 
7.251600e+03 2.958295e+07 1.500231e+06 
6.646200e+03 2.749408e+07 1.872630e+06 
6.315200e+03 2.600789e+07 2.468467e+06 
6.404850e+03 2.631864e+07 2.213108e+06 
7.390950e+03 3.012657e+07 1.208656e+06 
7.519550e+03 3.093541e+07 1.208656e+06 
7.377450e+03 3.072561e+07 1.208656e+06 
6.866550e+03 2.840795e+07 1.532152e+06 
6.439200e+03 2.638260e+07 2.298228e+06 
7.186200e+03 2.985559e+07 1.359738e+06 
6.666750e+03 2.795316e+07 1.872630e+06 
6.535000e+03 2.663982e+07 2.213108e+06 
6.333750e+03 2.602507e+07 2.383347e+06 
7.388000e+03 3.028710e+07 1.208656e+06 
6.593300e+03 2.755893e+07 1.787511e+06 
7.347400e+03 3.001940e+07 1.284197e+06 
6.350950e+03 2.617607e+07 2.298228e+06 
7.319400e+03 3.022569e+07 1.284197e+06 
6.668600e+03 2.723676e+07 1.957750e+06 
6.362950e+03 2.589491e+07 2.383347e+06 
7.348300e+03 3.040360e+07 1.276793e+06 
6.342300e+03 2.597864e+07 2.383347e+06 
6.484350e+03 2.655950e+07 2.127989e+06 
7.535800e+03 3.099042e+07 1.133115e+06 
7.349550e+03 3.030726e+07 1.276793e+06 
6.322800e+03 2.606737e+07 2.383347e+06 
7.826200e+03 3.226820e+07 1.057574e+06 
6.404400e+03 2.635959e+07 2.213108e+06 
6.357900e+03 2.593111e+07 2.383347e+06 
6.355350e+03 2.615424e+07 2.298228e+06 
6.853300e+03 2.852473e+07 1.510820e+06 
6.357000e+03 2.602886e+07 2.298228e+06 
7.433050e+03 3.056106e+07 1.191674e+06 
6.311900e+03 2.578156e+07 2.468467e+06 
6.807900e+03 2.827970e+07 1.532152e+06 
6.693700e+03 2.796088e+07 1.702391e+06 
6.323850e+03 2.584607e+07 2.553587e+06 
6.577550e+03 2.681607e+07 2.042869e+06 

7.097450e+03 2.935174e+07 1.361913e+06 
6.436150e+03 2.639403e+07 2.042869e+06 
6.457800e+03 2.635015e+07 2.042869e+06 
7.122800e+03 3.012353e+07 1.329992e+06 
6.490150e+03 2.615620e+07 2.042869e+06 
6.499650e+03 2.645387e+07 1.872630e+06 
6.416450e+03 2.633107e+07 2.298228e+06 
7.162650e+03 2.989594e+07 1.359738e+06 
6.321200e+03 2.601861e+07 2.553587e+06 
7.729300e+03 3.327943e+07 1.106554e+06 
7.175100e+03 3.035688e+07 1.244873e+06 
7.158550e+03 2.995913e+07 1.359738e+06 
7.202450e+03 3.031831e+07 1.276793e+06 
6.651100e+03 2.770490e+07 1.787511e+06 
6.409550e+03 2.639787e+07 2.383347e+06 
6.342300e+03 2.585482e+07 2.553587e+06 
7.021400e+03 2.896011e+07 1.510820e+06 
6.484450e+03 2.629312e+07 2.042869e+06 
7.174700e+03 3.024867e+07 1.284197e+06 
7.208350e+03 3.022240e+07 1.208656e+06 
6.995900e+03 2.899135e+07 1.447032e+06 
8.102850e+03 3.522745e+07 9.820330e+05 
6.576950e+03 2.647547e+07 2.298228e+06 
7.178000e+03 2.986964e+07 1.359738e+06 
6.315050e+03 2.598272e+07 2.553587e+06 
7.060700e+03 2.909276e+07 1.435279e+06 
7.089350e+03 2.907698e+07 1.435279e+06 
6.730400e+03 2.812185e+07 1.617271e+06 
6.477600e+03 2.630556e+07 1.957750e+06 
6.331650e+03 2.587545e+07 2.468467e+06 
6.477600e+03 2.656468e+07 1.957750e+06 
7.205100e+03 3.036849e+07 1.191674e+06 
7.216850e+03 2.979569e+07 1.359738e+06 
6.730750e+03 2.789068e+07 1.532152e+06 
7.743100e+03 3.329492e+07 1.057574e+06 
6.466300e+03 2.633289e+07 2.042869e+06 
6.422750e+03 2.606138e+07 2.127989e+06 
7.173300e+03 3.033795e+07 1.284197e+06 
7.728100e+03 3.357913e+07 1.106554e+06 
6.624750e+03 2.689294e+07 1.957750e+06 
6.678500e+03 2.764471e+07 1.787511e+06 
8.005250e+03 3.440073e+07 9.895141e+05 
7.878800e+03 3.354764e+07 1.276793e+06 
6.418550e+03 2.620604e+07 2.298228e+06 
7.187400e+03 3.009767e+07 1.284197e+06 
7.829450e+03 3.379823e+07 1.021435e+06 
6.446050e+03 2.659345e+07 2.383347e+06 
6.683150e+03 2.787584e+07 1.702391e+06 
6.320550e+03 2.591399e+07 2.468467e+06 
6.826100e+03 2.870262e+07 1.702391e+06 

7.317250e+03 3.111965e+07 1.284197e+06 
7.380100e+03 3.138134e+07 1.208656e+06 
6.490550e+03 2.699159e+07 2.042869e+06 
7.068850e+03 2.986363e+07 1.447032e+06 
7.345750e+03 3.124846e+07 1.244873e+06 
7.129200e+03 3.017834e+07 1.361913e+06 
7.478300e+03 3.184929e+07 1.191674e+06 
6.641750e+03 2.753758e+07 1.787511e+06 
6.537450e+03 2.730893e+07 1.957750e+06 
6.952600e+03 2.854118e+07 1.586361e+06 
6.484950e+03 2.699324e+07 2.042869e+06 
6.573400e+03 2.724236e+07 1.872630e+06 
6.419250e+03 2.609126e+07 2.298228e+06 
6.910000e+03 2.854691e+07 1.586361e+06 
7.678500e+03 3.227681e+07 1.133115e+06 
8.161500e+03 3.365214e+07 9.363151e+05 
6.893600e+03 2.839597e+07 1.617271e+06 
6.456150e+03 2.676738e+07 2.127989e+06 
6.462300e+03 2.644103e+07 2.213108e+06 
6.459100e+03 2.651260e+07 2.213108e+06 
6.484950e+03 2.700074e+07 2.042869e+06 
7.213850e+03 3.019087e+07 1.359738e+06 
6.943850e+03 2.864938e+07 1.532152e+06 
6.439750e+03 2.700805e+07 2.213108e+06 
6.314450e+03 2.579986e+07 2.553587e+06 
7.178500e+03 2.995098e+07 1.361913e+06 
6.827700e+03 2.841010e+07 1.617271e+06 
7.171150e+03 2.960691e+07 1.447032e+06 
6.932250e+03 2.876988e+07 1.532152e+06 
6.473650e+03 2.710336e+07 2.042869e+06 
7.133850e+03 2.968326e+07 1.435279e+06 
7.182500e+03 2.980413e+07 1.361913e+06 
7.149600e+03 3.024324e+07 1.359738e+06 
7.898150e+03 3.265774e+07 9.820330e+05 
6.490550e+03 2.693524e+07 2.042869e+06 
6.827750e+03 2.835423e+07 1.702391e+06 
6.305400e+03 2.579053e+07 2.468467e+06 
6.308400e+03 2.585288e+07 2.553587e+06 
7.796800e+03 3.217664e+07 1.021435e+06 
7.222350e+03 2.994795e+07 1.359738e+06 
7.820900e+03 3.217197e+07 1.106554e+06 
6.328650e+03 2.570048e+07 2.383347e+06 
6.446350e+03 2.692189e+07 2.213108e+06 
6.442950e+03 2.696039e+07 2.213108e+06 
7.900900e+03 3.259738e+07 9.820330e+05 
6.288650e+03 2.562280e+07 2.553587e+06 
7.861200e+03 3.211404e+07 1.159753e+06 
6.324400e+03 2.577161e+07 2.468467e+06 
7.813650e+03 3.216892e+07 1.159753e+06 
7.167850e+03 3.023068e+07 1.359738e+06 

