2.537931e+02 5.884441e+07 5.546150e+06 
2.559571e+02 5.692237e+07 6.245447e+06 
2.703104e+02 5.604277e+07 6.245447e+06 
3.382008e+02 5.660574e+07 5.256786e+06 
2.713744e+02 6.122495e+07 5.232672e+06 
3.320114e+02 6.580982e+07 3.617054e+06 
3.461591e+02 6.443448e+07 3.351803e+06 
2.901782e+02 6.728460e+07 4.509260e+06 
2.923327e+02 6.605663e+07 4.316351e+06 
3.320502e+02 5.514146e+07 5.546150e+06 
2.391265e+02 5.976640e+07 5.907856e+06 
3.396900e+02 5.524262e+07 5.449695e+06 
3.314959e+02 6.213094e+07 4.509260e+06 
3.375473e+02 6.040429e+07 4.702170e+06 
3.478480e+02 6.331604e+07 3.351803e+06 
3.433964e+02 6.194825e+07 3.544712e+06 
3.435011e+02 6.652604e+07 3.424144e+06 
3.482883e+02 5.875513e+07 4.750398e+06 
2.330200e+02 6.038564e+07 6.173105e+06 
2.325069e+02 5.872876e+07 6.245447e+06 
2.583486e+02 5.656142e+07 6.245447e+06 
3.180180e+02 6.652518e+07 3.930532e+06 
2.424160e+02 5.811638e+07 5.835514e+06 
2.408803e+02 5.861581e+07 6.028424e+06 
2.482053e+02 5.743875e+07 6.245447e+06 
3.443015e+02 6.154666e+07 4.629828e+06 
3.638983e+02 5.505735e+07 5.763173e+06 
2.372411e+02 5.840509e+07 6.148992e+06 
2.443630e+02 5.772277e+07 6.366015e+06 
2.497487e+02 5.729749e+07 6.366015e+06 
2.862898e+02 6.556032e+07 4.702170e+06 
2.781732e+02 5.579024e+07 6.245447e+06 
3.343683e+02 5.688476e+07 5.136218e+06 
3.561761e+02 5.640785e+07 5.256786e+06 
3.683598e+02 5.653982e+07 5.063876e+06 
3.513481e+02 5.711271e+07 4.943308e+06 
3.222196e+02 6.284158e+07 4.123441e+06 
2.406056e+02 5.822208e+07 6.245447e+06 
2.655271e+02 5.665450e+07 6.148992e+06 
3.344978e+02 6.407984e+07 3.544712e+06 
3.291016e+02 6.500933e+07 3.737622e+06 
3.550990e+02 6.311264e+07 3.472371e+06 
2.967608e+02 5.558100e+07 5.811401e+06 
2.467921e+02 5.836496e+07 5.642605e+06 
3.308213e+02 5.854904e+07 5.136218e+06 
3.235838e+02 5.684709e+07 5.739060e+06 
2.571752e+02 6.104800e+07 5.425582e+06 
2.846704e+02 6.342303e+07 5.087989e+06 
2.316380e+02 5.956944e+07 6.486583e+06 
2.648316e+02 5.615879e+07 6.366015e+06 

3.235999e+02 6.207906e+07 4.422854e+06 
2.441766e+02 6.075484e+07 6.414241e+06 
2.477390e+02 6.041507e+07 6.293673e+06 
3.369907e+02 6.484399e+07 3.375916e+06 
2.463188e+02 6.147598e+07 6.173105e+06 
3.325523e+02 6.817062e+07 3.375916e+06 
2.494936e+02 6.130338e+07 6.100764e+06 
2.580639e+02 6.529221e+07 5.184444e+06 
2.657595e+02 5.877470e+07 6.076650e+06 
3.397194e+02 6.865801e+07 3.281067e+06 
3.422725e+02 6.416017e+07 3.592271e+06 
2.805232e+02 6.685285e+07 4.533374e+06 
3.404919e+02 6.349298e+07 4.256737e+06 
3.221855e+02 6.627357e+07 3.472371e+06 
3.019244e+02 5.844303e+07 5.690831e+06 
3.111420e+02 6.716643e+07 3.761735e+06 
3.315279e+02 5.746661e+07 5.497922e+06 
2.974916e+02 6.725879e+07 4.137907e+06 
2.635410e+02 5.880410e+07 6.173105e+06 
2.497591e+02 6.015490e+07 6.293673e+06 
3.156252e+02 6.876089e+07 3.568826e+06 
3.325030e+02 6.102131e+07 4.605715e+06 
3.232140e+02 6.058776e+07 4.991534e+06 
3.417146e+02 6.355116e+07 3.924504e+06 
3.474438e+02 5.766633e+07 5.305012e+06 
3.564641e+02 6.711165e+07 3.279461e+06 
3.100367e+02 5.784328e+07 5.883741e+06 
3.199465e+02 6.210355e+07 4.412806e+06 
2.864685e+02 6.571637e+07 4.412806e+06 
2.539519e+02 5.945927e+07 6.173105e+06 
2.466104e+02 6.067984e+07 6.414241e+06 
3.204462e+02 6.029844e+07 5.112102e+06 
2.625407e+02 6.424619e+07 4.991534e+06 
3.491021e+02 6.451854e+07 3.568826e+06 
2.588285e+02 5.931248e+07 6.173105e+06 
3.087587e+02 5.955698e+07 5.305012e+06 
2.916836e+02 6.575413e+07 4.200603e+06 
2.625483e+02 5.905874e+07 6.173105e+06 
3.037016e+02 5.820616e+07 5.690831e+06 
3.156820e+02 5.728441e+07 5.690831e+06 
2.520067e+02 6.741076e+07 6.004309e+06 
3.033522e+02 6.817501e+07 3.866226e+06 
3.082891e+02 5.809931e+07 5.690831e+06 
2.538212e+02 6.496906e+07 5.377354e+06 
2.507516e+02 5.965831e+07 6.173105e+06 
3.118768e+02 5.733810e+07 5.883741e+06 
2.738017e+02 6.701465e+07 4.726283e+06 
3.247567e+02 6.139152e+07 4.533374e+06 
2.985771e+02 5.855093e+07 5.690831e+06 
3.506884e+02 6.369545e+07 3.761735e+06 

3.496592e+02 6.571836e+07 3.400031e+06 
2.527237e+02 6.058560e+07 6.366015e+06 
2.477142e+02 6.179231e+07 6.462470e+06 
3.036425e+02 6.124736e+07 4.171670e+06 
3.167140e+02 6.154827e+07 3.978760e+06 
3.354653e+02 5.818385e+07 4.774512e+06 
2.675923e+02 5.936219e+07 5.956082e+06 
2.478865e+02 6.122649e+07 6.269560e+06 
3.254765e+02 6.380577e+07 3.713509e+06 
3.423223e+02 6.462359e+07 3.520599e+06 
3.306018e+02 6.114966e+07 4.292238e+06 
3.157731e+02 5.795793e+07 5.063876e+06 
2.625815e+02 5.951406e+07 5.666718e+06 
2.560990e+02 5.996900e+07 5.980196e+06 
3.229867e+02 5.760259e+07 5.063876e+06 
2.515182e+02 6.114448e+07 5.473808e+06 
3.053348e+02 6.048223e+07 4.339795e+06 
2.846569e+02 5.839424e+07 5.787286e+06 
2.808571e+02 5.868454e+07 5.690831e+06 
2.864206e+02 6.125893e+07 4.099328e+06 
2.789837e+02 5.874428e+07 5.666718e+06 
3.344661e+02 6.541152e+07 3.496486e+06 
3.237754e+02 6.198623e+07 3.785850e+06 
3.308218e+02 6.410514e+07 3.617054e+06 
3.310978e+02 5.787778e+07 4.967421e+06 
2.793717e+02 6.685999e+07 4.798625e+06 
2.567924e+02 5.975609e+07 5.859628e+06 
2.838291e+02 6.281071e+07 4.319032e+06 
3.319630e+02 6.138601e+07 4.026986e+06 
2.502695e+02 6.090764e+07 5.859628e+06 
2.722511e+02 5.890021e+07 5.859628e+06 
3.319371e+02 6.152087e+07 4.002873e+06 
2.863712e+02 6.084352e+07 4.319032e+06 
3.325175e+02 6.468672e+07 3.520599e+06 
3.412495e+02 6.734703e+07 3.400031e+06 
2.490447e+02 6.344498e+07 6.004309e+06 
3.173765e+02 6.088366e+07 4.316351e+06 
2.669146e+02 6.311683e+07 4.967421e+06 
2.574663e+02 5.971051e+07 5.980196e+06 
3.195108e+02 6.253634e+07 3.906418e+06 
3.254410e+02 6.414177e+07 3.592941e+06 
3.203056e+02 6.125555e+07 4.099328e+06 
3.310525e+02 5.912614e+07 4.581602e+06 
2.724661e+02 6.401930e+07 4.895080e+06 
2.580414e+02 6.431976e+07 5.256786e+06 
2.623715e+02 6.261054e+07 5.160331e+06 
2.539579e+02 6.028338e+07 5.787286e+06 
3.411219e+02 6.542282e+07 3.488449e+06 
2.913122e+02 6.156719e+07 3.978760e+06 
2.706453e+02 5.920357e+07 5.666718e+06 

2.974169e+02 5.553699e+07 6.052537e+06 
2.751927e+02 5.652652e+07 6.486583e+06 
2.560409e+02 6.118121e+07 5.522035e+06 
3.401257e+02 5.540293e+07 5.473808e+06 
2.731144e+02 6.269404e+07 5.136216e+06 
2.943366e+02 5.533417e+07 6.366015e+06 
3.433663e+02 5.479671e+07 5.763173e+06 
2.822744e+02 6.369698e+07 5.063876e+06 
3.105643e+02 5.797745e+07 4.629828e+06 
2.473205e+02 6.247559e+07 5.907854e+06 
3.058726e+02 5.472950e+07 6.245447e+06 
3.333721e+02 5.501294e+07 5.666718e+06 
2.906751e+02 6.804514e+07 4.895080e+06 
2.538811e+02 5.830434e+07 6.293673e+06 
2.940708e+02 5.552888e+07 6.245447e+06 
2.914762e+02 5.561825e+07 6.245447e+06 
2.987605e+02 6.950390e+07 4.509260e+06 
2.574101e+02 5.824311e+07 6.293673e+06 
2.580305e+02 5.811219e+07 6.293673e+06 
2.467861e+02 5.980610e+07 6.293673e+06 
3.156249e+02 6.830677e+07 4.412806e+06 
2.997774e+02 5.504710e+07 6.245447e+06 
2.716045e+02 5.676692e+07 6.366015e+06 
2.497928e+02 6.218124e+07 5.714944e+06 
2.949969e+02 5.973128e+07 4.822738e+06 
2.755790e+02 5.645827e+07 6.486583e+06 
2.489662e+02 6.160909e+07 5.811399e+06 
2.691476e+02 5.735514e+07 6.486583e+06 
2.443379e+02 6.102648e+07 6.100764e+06 
2.816539e+02 5.567111e+07 6.245447e+06 
2.681729e+02 6.201170e+07 5.208557e+06 
3.157891e+02 5.943426e+07 4.533374e+06 
3.159521e+02 5.709108e+07 4.726283e+06 
3.075709e+02 5.668356e+07 5.015648e+06 
2.912289e+02 7.014547e+07 4.702170e+06 
3.324844e+02 5.527543e+07 5.570263e+06 
2.651220e+02 6.338420e+07 5.329125e+06 
3.177389e+02 5.664317e+07 5.208557e+06 
2.669794e+02 5.762691e+07 6.004309e+06 
3.206576e+02 5.784673e+07 4.533374e+06 
2.701455e+02 5.719804e+07 6.293673e+06 
2.635714e+02 6.382387e+07 5.401467e+06 
3.100091e+02 6.906395e+07 4.412806e+06 
2.947601e+02 5.635844e+07 5.763173e+06 
2.720897e+02 5.907192e+07 5.401467e+06 
2.842353e+02 6.866833e+07 4.991534e+06 
2.704699e+02 5.710799e+07 6.486583e+06 
2.609630e+02 5.781126e+07 6.293673e+06 
2.660493e+02 5.743873e+07 6.486583e+06 
3.168015e+02 5.649544e+07 5.401467e+06 

3.079744e+02 6.043904e+07 3.809964e+06 
2.455064e+02 6.451423e+07 5.690831e+06 
2.424149e+02 6.529681e+07 6.390128e+06 
3.217843e+02 5.608304e+07 4.967421e+06 
2.900662e+02 6.039856e+07 4.292238e+06 
3.649764e+02 5.777379e+07 3.689396e+06 
3.093441e+02 5.462835e+07 5.425582e+06 
3.012054e+02 6.108115e+07 4.195783e+06 
2.664982e+02 6.066693e+07 4.943308e+06 
2.823364e+02 5.518732e+07 5.835514e+06 
2.853320e+02 5.945899e+07 4.485147e+06 
2.464988e+02 6.042348e+07 6.028424e+06 
3.494506e+02 6.252948e+07 3.427358e+06 
2.699192e+02 6.204261e+07 4.750398e+06 
2.429756e+02 6.400799e+07 6.076650e+06 
2.559096e+02 5.748055e+07 5.449695e+06 
2.753166e+02 5.614854e+07 5.714946e+06 
3.056549e+02 5.778115e+07 4.461034e+06 
2.442911e+02 6.342272e+07 5.883741e+06 
3.535390e+02 5.905703e+07 3.496486e+06 
3.146595e+02 6.114549e+07 3.617054e+06 
3.176498e+02 5.729099e+07 4.702170e+06 
2.802587e+02 5.555515e+07 5.714946e+06 
3.060803e+02 6.243428e+07 3.928923e+06 
2.499696e+02 5.867577e+07 5.329127e+06 
3.162249e+02 5.409963e+07 5.714946e+06 
3.435776e+02 5.827271e+07 3.592941e+06 
3.220636e+02 6.150344e+07 3.594546e+06 
3.243298e+02 5.427753e+07 5.618492e+06 
3.443164e+02 5.972226e+07 3.510952e+06 
3.256694e+02 5.454115e+07 5.497924e+06 
2.923871e+02 5.475893e+07 5.714946e+06 
2.644440e+02 5.699303e+07 5.835514e+06 
2.496558e+02 5.830894e+07 5.642605e+06 
3.526836e+02 6.105342e+07 3.343764e+06 
2.470000e+02 6.001769e+07 6.341902e+06 
2.450111e+02 6.220508e+07 6.197218e+06 
2.493500e+02 5.906833e+07 5.835514e+06 
2.515916e+02 5.789025e+07 5.642605e+06 
3.463901e+02 5.976696e+07 3.496486e+06 
2.629987e+02 5.703558e+07 5.714946e+06 
2.776961e+02 5.601380e+07 5.714946e+06 
3.040477e+02 5.434348e+07 5.618492e+06 
2.699972e+02 5.627748e+07 5.522037e+06 
3.164303e+02 5.500184e+07 5.329127e+06 
2.487546e+02 5.979175e+07 5.449695e+06 
3.288648e+02 5.506766e+07 5.160331e+06 
2.590754e+02 5.900721e+07 5.136218e+06 
3.221178e+02 5.656290e+07 4.461034e+06 
3.041875e+02 6.214013e+07 4.002873e+06 

2.629879e+02 5.648728e+07 5.401467e+06 
2.326642e+02 6.002511e+07 5.714944e+06 
2.377664e+02 5.870341e+07 5.425580e+06 
2.359736e+02 5.809443e+07 5.714944e+06 
2.451919e+02 5.930378e+07 5.329125e+06 
2.571228e+02 5.670132e+07 5.401467e+06 
2.408014e+02 5.761137e+07 5.714944e+06 
2.550660e+02 6.136187e+07 5.015648e+06 
2.471280e+02 5.733138e+07 5.714944e+06 
2.877829e+02 6.254530e+07 4.147554e+06 
2.340104e+02 5.893586e+07 6.100764e+06 
2.644511e+02 5.626506e+07 5.401467e+06 
2.531562e+02 5.987131e+07 5.039761e+06 
2.820634e+02 6.392044e+07 4.171668e+06 
2.697133e+02 6.299631e+07 4.461032e+06 
2.748383e+02 5.734618e+07 5.015648e+06 
2.690987e+02 6.401650e+07 4.533374e+06 
2.512741e+02 5.727276e+07 5.907854e+06 
2.812309e+02 5.733389e+07 5.015648e+06 
2.350974e+02 5.848201e+07 5.907854e+06 
2.488845e+02 6.147523e+07 5.208557e+06 
2.957723e+02 6.255063e+07 4.075213e+06 
2.657805e+02 5.606781e+07 5.522035e+06 
2.885308e+02 5.874759e+07 4.629828e+06 
2.773233e+02 5.803284e+07 4.822738e+06 
2.834258e+02 5.791368e+07 4.822738e+06 
2.891118e+02 6.188534e+07 4.268122e+06 
2.374435e+02 6.006616e+07 5.522035e+06 
2.616380e+02 5.652927e+07 5.714944e+06 
2.840510e+02 6.635357e+07 3.978758e+06 
2.513496e+02 5.713451e+07 5.907854e+06 
2.744902e+02 5.816794e+07 5.015648e+06 
2.862301e+02 6.181592e+07 4.277501e+06 
2.397245e+02 5.799599e+07 5.714944e+06 
2.545948e+02 5.667009e+07 5.907854e+06 
2.322320e+02 5.954433e+07 6.100764e+06 
2.487154e+02 5.959111e+07 5.232670e+06 
2.363089e+02 5.806621e+07 6.004309e+06 
2.786292e+02 6.405032e+07 4.268122e+06 
2.676182e+02 6.414319e+07 4.653942e+06 
2.814112e+02 5.915642e+07 4.436919e+06 
2.585741e+02 5.659304e+07 5.714944e+06 
2.727071e+02 6.369825e+07 4.340464e+06 
2.907312e+02 6.479014e+07 3.954645e+06 
2.871555e+02 6.221188e+07 4.194442e+06 
2.789779e+02 5.843926e+07 4.750396e+06 
2.724067e+02 6.325008e+07 4.436919e+06 
2.626403e+02 6.360071e+07 4.726283e+06 
2.310334e+02 5.984877e+07 5.811399e+06 
2.330960e+02 5.899528e+07 5.907854e+06 

2.623198e+02 5.572297e+07 5.112102e+06 
2.569691e+02 5.580041e+07 5.232670e+06 
2.615202e+02 5.579907e+07 4.919193e+06 
2.398085e+02 6.048426e+07 5.329125e+06 
2.654633e+02 5.571162e+07 4.822738e+06 
2.430396e+02 5.791033e+07 5.329125e+06 
2.757539e+02 5.614446e+07 4.533374e+06 
2.406739e+02 5.802555e+07 5.618490e+06 
2.656261e+02 5.764435e+07 4.316351e+06 
2.649738e+02 5.610534e+07 4.629828e+06 
2.619656e+02 5.604299e+07 4.726283e+06 
2.521375e+02 5.773584e+07 4.726283e+06 
2.586705e+02 5.732456e+07 4.509260e+06 
2.707915e+02 5.632813e+07 4.436919e+06 
2.617700e+02 6.142255e+07 4.340464e+06 
2.659622e+02 5.551669e+07 5.112102e+06 
2.395730e+02 6.337710e+07 5.112102e+06 
2.709689e+02 6.777651e+07 4.179705e+06 
2.547503e+02 5.669125e+07 5.136216e+06 
2.583207e+02 5.670545e+07 4.726283e+06 
2.849453e+02 6.585613e+07 4.179705e+06 
2.514074e+02 5.702695e+07 5.425580e+06 
2.463674e+02 5.745072e+07 4.895080e+06 
2.524437e+02 5.686942e+07 5.015648e+06 
2.538412e+02 6.208305e+07 4.514082e+06 
2.779464e+02 6.711518e+07 4.117009e+06 
2.450348e+02 5.795399e+07 4.895080e+06 
2.839750e+02 6.792317e+07 3.954645e+06 
2.685916e+02 7.047636e+07 3.954647e+06 
2.529571e+02 5.680926e+07 5.425580e+06 
2.472190e+02 5.714457e+07 4.895080e+06 
2.656219e+02 5.582870e+07 4.726283e+06 
2.519784e+02 5.701059e+07 5.497922e+06 
2.903672e+02 6.668214e+07 4.147554e+06 
2.455459e+02 6.450123e+07 4.681270e+06 
2.434933e+02 5.836867e+07 5.136216e+06 
2.649598e+02 6.864859e+07 4.147554e+06 
2.389447e+02 5.880410e+07 5.714944e+06 
2.414385e+02 6.049934e+07 4.822738e+06 
2.484543e+02 5.941645e+07 4.629828e+06 
2.497773e+02 5.713822e+07 5.425580e+06 
2.726619e+02 5.559598e+07 4.919193e+06 
2.713227e+02 5.599758e+07 4.605715e+06 
2.408790e+02 5.915916e+07 5.329125e+06 
2.425323e+02 5.799907e+07 5.618490e+06 
2.397727e+02 5.815982e+07 5.618490e+06 
2.447857e+02 5.772407e+07 5.618490e+06 
2.596948e+02 5.599349e+07 4.919193e+06 
2.507624e+02 6.388513e+07 4.514082e+06 
2.553609e+02 6.226438e+07 4.436919e+06 

3.050085e+02 5.577028e+07 5.497922e+06 
2.853838e+02 6.439808e+07 4.846851e+06 
2.719739e+02 6.533111e+07 4.869356e+06 
3.022121e+02 5.593065e+07 5.305012e+06 
2.360993e+02 5.998225e+07 6.004309e+06 
2.379009e+02 6.190757e+07 5.618490e+06 
2.409150e+02 5.868051e+07 6.004309e+06 
3.263326e+02 7.189646e+07 4.147554e+06 
2.859650e+02 5.604352e+07 5.690831e+06 
2.870110e+02 6.534779e+07 4.702168e+06 
2.450329e+02 5.850115e+07 6.004309e+06 
2.587165e+02 5.688546e+07 5.690831e+06 
2.494347e+02 5.797701e+07 5.811399e+06 
2.484256e+02 5.830850e+07 5.690831e+06 
3.258019e+02 7.022941e+07 4.268122e+06 
2.352816e+02 6.064386e+07 5.811399e+06 
2.929950e+02 6.467087e+07 4.726283e+06 
3.276379e+02 6.952399e+07 4.340464e+06 
2.565295e+02 5.695659e+07 5.690831e+06 
2.984195e+02 5.596358e+07 5.690831e+06 
2.811635e+02 6.515044e+07 4.726283e+06 
3.007568e+02 5.590175e+07 5.618490e+06 
2.963215e+02 5.782294e+07 4.919193e+06 
2.686221e+02 6.435905e+07 4.943306e+06 
2.322195e+02 6.099670e+07 5.811399e+06 
2.604625e+02 5.681921e+07 5.690831e+06 
3.282366e+02 7.247418e+07 3.928923e+06 
2.317187e+02 6.223844e+07 5.811399e+06 
2.794034e+02 6.698893e+07 4.785762e+06 
3.204866e+02 7.220301e+07 4.340464e+06 
2.363960e+02 5.979813e+07 6.004309e+06 
2.507230e+02 6.327909e+07 5.232670e+06 
2.848032e+02 5.620748e+07 5.690831e+06 
2.332700e+02 6.096201e+07 5.811399e+06 
2.365704e+02 5.879607e+07 6.004309e+06 
3.076668e+02 7.340597e+07 4.461032e+06 
2.952319e+02 5.603909e+07 5.497922e+06 
2.498966e+02 6.398762e+07 5.425580e+06 
3.333911e+02 7.243129e+07 4.096111e+06 
2.659841e+02 5.680943e+07 5.497922e+06 
3.025469e+02 7.233457e+07 4.653942e+06 
3.312789e+02 6.779119e+07 4.461032e+06 
2.944038e+02 6.496127e+07 4.702168e+06 
2.516339e+02 6.376509e+07 5.039761e+06 
2.621718e+02 5.669935e+07 5.690831e+06 
2.638486e+02 5.629077e+07 5.690831e+06 
3.328380e+02 6.927908e+07 4.430488e+06 
3.245726e+02 7.305543e+07 4.096111e+06 
3.041100e+02 5.614976e+07 5.112102e+06 
2.864348e+02 6.404079e+07 4.869356e+06 

2.612998e+02 5.584370e+07 6.004309e+06 
3.570252e+02 5.449758e+07 4.509260e+06 
2.437161e+02 5.690075e+07 5.690831e+06 
3.107510e+02 5.429068e+07 6.173105e+06 
3.070545e+02 5.431074e+07 5.787286e+06 
3.615905e+02 5.470839e+07 4.388692e+06 
2.410086e+02 5.708239e+07 5.690831e+06 
3.343481e+02 5.758870e+07 4.002873e+06 
3.216038e+02 5.361305e+07 5.763173e+06 
2.656633e+02 6.244373e+07 5.015648e+06 
3.309434e+02 5.387586e+07 5.666718e+06 
3.363667e+02 5.678819e+07 3.882305e+06 
2.657051e+02 5.614812e+07 5.087989e+06 
2.632606e+02 5.574761e+07 5.787286e+06 
3.443532e+02 5.623724e+07 3.882305e+06 
3.017515e+02 5.497405e+07 6.462470e+06 
3.043398e+02 5.466830e+07 6.076650e+06 
2.873392e+02 6.382897e+07 4.268122e+06 
3.211735e+02 5.366757e+07 5.883741e+06 
2.707935e+02 5.508521e+07 6.100764e+06 
3.179763e+02 5.715069e+07 4.195783e+06 
2.579531e+02 6.245036e+07 5.208557e+06 
2.679289e+02 5.530229e+07 5.787286e+06 
2.979488e+02 6.451099e+07 4.075213e+06 
3.167769e+02 5.398917e+07 6.076650e+06 
3.120673e+02 5.422920e+07 6.269560e+06 
2.829517e+02 6.563853e+07 4.557487e+06 
3.705332e+02 5.474885e+07 4.075215e+06 
2.745855e+02 6.292549e+07 4.822738e+06 
2.466201e+02 5.818171e+07 5.594376e+06 
2.622422e+02 6.436498e+07 5.136216e+06 
2.472933e+02 5.625035e+07 5.787286e+06 
2.843866e+02 6.604762e+07 4.364577e+06 
2.650410e+02 5.563092e+07 5.980196e+06 
2.974840e+02 6.420872e+07 4.171668e+06 
2.448258e+02 5.658334e+07 5.690831e+06 
3.015656e+02 5.704701e+07 4.678057e+06 
3.122957e+02 5.404481e+07 5.859628e+06 
2.544442e+02 6.107306e+07 5.522035e+06 
2.784194e+02 6.407245e+07 4.653942e+06 
3.385135e+02 5.597013e+07 4.075215e+06 
3.260257e+02 5.317692e+07 5.763173e+06 
3.125495e+02 5.553044e+07 4.678057e+06 
3.182272e+02 5.386123e+07 5.956082e+06 
2.560590e+02 5.622492e+07 5.690831e+06 
2.678615e+02 6.504041e+07 4.943306e+06 
2.667121e+02 5.554016e+07 5.787286e+06 
2.576395e+02 5.600353e+07 5.787286e+06 
2.395281e+02 5.730263e+07 5.787286e+06 
3.023997e+02 5.490733e+07 5.907854e+06 

2.576529e+02 6.898850e+07 6.293673e+06 
2.873935e+02 5.844157e+07 5.883741e+06 
3.038363e+02 6.592414e+07 4.123441e+06 
3.510357e+02 5.811826e+07 4.026986e+06 
3.075437e+02 6.625043e+07 3.930532e+06 
2.875083e+02 5.843115e+07 5.570263e+06 
3.396163e+02 5.790878e+07 4.991534e+06 
2.761294e+02 5.871740e+07 5.690831e+06 
3.645331e+02 5.785379e+07 3.930532e+06 
2.587012e+02 6.757464e+07 6.100764e+06 
2.653571e+02 6.532938e+07 5.120139e+06 
2.758891e+02 6.415953e+07 4.785762e+06 
3.570064e+02 6.057467e+07 3.531850e+06 
3.446114e+02 6.011060e+07 3.615444e+06 
2.893706e+02 6.618916e+07 4.451386e+06 
3.164521e+02 5.768683e+07 5.087989e+06 
3.471955e+02 6.193873e+07 3.448256e+06 
2.898681e+02 5.965680e+07 4.726283e+06 
3.866783e+02 6.004015e+07 3.375916e+06 
2.746379e+02 6.552106e+07 4.848458e+06 
2.656227e+02 6.178460e+07 5.287327e+06 
3.332462e+02 6.156609e+07 3.782632e+06 
2.691000e+02 6.032614e+07 5.883741e+06 
3.007108e+02 5.812533e+07 5.280899e+06 
3.574433e+02 5.926316e+07 3.737622e+06 
2.711412e+02 6.425007e+07 4.952950e+06 
2.705797e+02 6.224137e+07 5.120139e+06 
3.375859e+02 6.046785e+07 3.615444e+06 
2.604462e+02 6.285133e+07 5.287327e+06 
3.481947e+02 5.908723e+07 3.845329e+06 
2.971754e+02 5.836963e+07 5.570263e+06 
2.678901e+02 6.588387e+07 5.015647e+06 
2.822758e+02 6.644029e+07 4.514082e+06 
2.575614e+02 7.030596e+07 5.907854e+06 
3.716139e+02 5.858998e+07 3.954645e+06 
3.420220e+02 5.805356e+07 4.919193e+06 
3.881086e+02 6.076501e+07 3.375916e+06 
3.626180e+02 5.867230e+07 3.858190e+06 
2.642531e+02 6.350280e+07 5.208557e+06 
3.678531e+02 6.289696e+07 3.375916e+06 
3.820589e+02 6.116002e+07 3.364661e+06 
3.919963e+02 6.034988e+07 3.568826e+06 
3.029384e+02 5.792852e+07 5.570263e+06 
2.589917e+02 6.409904e+07 5.287327e+06 
2.704644e+02 5.850333e+07 5.763173e+06 
3.367418e+02 6.144144e+07 4.051100e+06 
3.708287e+02 5.855127e+07 3.834077e+06 
2.942136e+02 6.575842e+07 4.316351e+06 
2.808891e+02 6.335402e+07 4.702170e+06 
3.438070e+02 6.098565e+07 3.531850e+06 

