3.401250e+03 1.408232e+07 4.985712e+05 
3.337550e+03 1.265804e+07 5.107173e+05 
3.173300e+03 1.181146e+07 3.567808e+05 
3.599600e+03 1.438579e+07 3.777050e+05 
3.107700e+03 1.379395e+07 5.958369e+05 
2.864900e+03 1.183098e+07 3.777050e+05 
3.695000e+03 1.324826e+07 3.583255e+05 
3.207350e+03 1.215076e+07 5.107173e+05 
3.620700e+03 1.394207e+07 3.777050e+05 
2.950000e+03 1.343212e+07 5.639163e+05 
3.000850e+03 1.263103e+07 6.490359e+05 
3.071550e+03 1.222528e+07 5.107173e+05 
3.276450e+03 1.319154e+07 5.107173e+05 
3.308800e+03 1.366723e+07 5.313098e+05 
3.310950e+03 1.548156e+07 4.461022e+05 
3.263600e+03 1.272380e+07 4.230302e+05 
3.400250e+03 1.451220e+07 4.394052e+05 
3.366150e+03 1.379114e+07 4.255978e+05 
3.057500e+03 1.251922e+07 4.152880e+05 
3.249350e+03 1.300840e+07 4.077498e+05 
3.276500e+03 1.448994e+07 5.287870e+05 
3.419400e+03 1.414924e+07 3.183740e+05 
3.165100e+03 1.236031e+07 4.255978e+05 
4.135150e+03 1.682915e+07 5.204534e+05 
3.345350e+03 1.487607e+07 4.394052e+05 
3.158200e+03 1.290191e+07 4.255978e+05 
3.492050e+03 1.503410e+07 3.303515e+05 
3.027600e+03 1.272066e+07 5.958369e+05 
3.681900e+03 1.602467e+07 3.777050e+05 
3.692250e+03 1.447115e+07 4.255978e+05 
3.094850e+03 1.213241e+07 4.532460e+05 
3.672800e+03 1.495826e+07 4.532460e+05 
3.139200e+03 1.420761e+07 5.204534e+05 
3.348450e+03 1.436112e+07 5.741122e+05 
3.252550e+03 1.426336e+07 4.394052e+05 
3.304650e+03 1.331771e+07 4.787968e+05 
3.383150e+03 1.406527e+07 5.107173e+05 
3.260250e+03 1.315497e+07 7.660760e+05 
3.689450e+03 1.438570e+07 5.107173e+05 
3.284300e+03 1.350258e+07 3.953940e+05 
3.952300e+03 1.514045e+07 6.496532e+05 
3.686200e+03 1.593937e+07 4.255978e+05 
2.709850e+03 1.311121e+07 6.915956e+05 
3.034350e+03 1.222851e+07 5.958369e+05 
3.329150e+03 1.423330e+07 4.394052e+05 
3.686150e+03 1.443261e+07 4.394052e+05 
2.871750e+03 1.193991e+07 4.255978e+05 
3.262900e+03 1.463119e+07 4.461022e+05 
3.175100e+03 1.228285e+07 4.532460e+05 
3.599350e+03 1.428828e+07 5.065983e+05 

3.125050e+03 1.272459e+07 3.936772e+05 
3.701050e+03 1.468126e+07 5.560226e+05 
3.477850e+03 1.554236e+07 4.532460e+05 
3.594300e+03 1.500133e+07 3.953940e+05 
3.661900e+03 1.492842e+07 4.532460e+05 
3.161000e+03 1.302079e+07 5.204534e+05 
3.477900e+03 1.571423e+07 5.204534e+05 
2.934400e+03 1.116620e+07 5.958369e+05 
2.827600e+03 1.140524e+07 5.741122e+05 
3.791500e+03 1.561931e+07 4.376096e+05 
3.500050e+03 1.570897e+07 4.394052e+05 
3.306850e+03 1.350047e+07 3.777050e+05 
3.682100e+03 1.351993e+07 3.777050e+05 
3.606200e+03 1.425666e+07 4.394052e+05 
3.401850e+03 1.517925e+07 5.204534e+05 
4.279900e+03 1.567095e+07 4.405269e+05 
2.795350e+03 1.297488e+07 5.107173e+05 
3.802650e+03 1.684016e+07 5.107173e+05 
3.366550e+03 1.477980e+07 4.985712e+05 
2.770000e+03 1.142482e+07 5.958369e+05 
3.597650e+03 1.587718e+07 3.404782e+05 
2.858950e+03 1.204136e+07 3.756015e+05 
3.927700e+03 1.497559e+07 3.459698e+05 
3.312600e+03 1.247326e+07 5.287870e+05 
3.337300e+03 1.538399e+07 4.787968e+05 
3.376900e+03 1.538932e+07 8.788104e+05 
2.963650e+03 1.365518e+07 5.287870e+05 
3.184450e+03 1.325675e+07 7.341554e+05 
3.297650e+03 1.300732e+07 6.809564e+05 
3.051150e+03 1.260957e+07 3.732556e+05 
3.173600e+03 1.345429e+07 4.255978e+05 
3.509200e+03 1.329268e+07 5.560226e+05 
3.434350e+03 1.452574e+07 4.376096e+05 
2.837750e+03 1.182108e+07 5.107173e+05 
3.539350e+03 1.504869e+07 4.394052e+05 
3.741050e+03 1.641324e+07 8.788104e+05 
3.173450e+03 1.377323e+07 4.532460e+05 
3.207350e+03 1.309573e+07 6.949784e+05 
3.460250e+03 1.444250e+07 3.953940e+05 
3.502700e+03 1.415695e+07 4.255978e+05 
3.147000e+03 1.421425e+07 4.461022e+05 
3.826450e+03 1.629208e+07 4.032882e+05 
3.180300e+03 1.399099e+07 4.532460e+05 
3.524600e+03 1.313754e+07 3.876121e+05 
3.063750e+03 1.242139e+07 5.287870e+05 
3.037550e+03 1.337132e+07 6.194374e+05 
3.588600e+03 1.446858e+07 3.398299e+05 
3.352450e+03 1.506640e+07 8.788104e+05 
3.453400e+03 1.454685e+07 5.287870e+05 
3.688400e+03 1.510098e+07 4.461022e+05 

3.581100e+03 1.435274e+07 4.532460e+05 
3.256100e+03 1.402099e+07 3.523745e+05 
3.481100e+03 1.323928e+07 4.255978e+05 
3.515500e+03 1.504053e+07 5.958369e+05 
3.388450e+03 1.514820e+07 8.788104e+05 
3.075750e+03 1.306086e+07 5.958369e+05 
2.963550e+03 1.161437e+07 4.532460e+05 
3.418250e+03 1.308777e+07 3.435661e+05 
3.482100e+03 1.484297e+07 4.532460e+05 
3.143850e+03 1.380113e+07 3.777050e+05 
3.184100e+03 1.435053e+07 6.809564e+05 
3.401550e+03 1.585399e+07 5.287870e+05 
3.734350e+03 1.398040e+07 5.287870e+05 
3.879250e+03 1.550310e+07 4.394052e+05 
3.122000e+03 1.235263e+07 3.435661e+05 
4.145950e+03 1.650933e+07 3.965364e+05 
3.418550e+03 1.334164e+07 3.040583e+05 
3.631550e+03 1.420074e+07 4.255978e+05 
3.360300e+03 1.532722e+07 8.788104e+05 
3.225400e+03 1.373409e+07 4.394052e+05 
3.511300e+03 1.507863e+07 4.532460e+05 
3.162300e+03 1.269545e+07 5.958369e+05 
3.522700e+03 1.360698e+07 4.942426e+05 
3.269050e+03 1.260802e+07 4.532460e+05 
3.327800e+03 1.344418e+07 5.107173e+05 
3.235700e+03 1.343285e+07 4.255978e+05 
2.974600e+03 1.387147e+07 4.532460e+05 
3.157850e+03 1.255165e+07 4.532460e+05 
3.109950e+03 1.348592e+07 5.958369e+05 
3.288550e+03 1.317617e+07 4.255978e+05 
3.629500e+03 1.374652e+07 4.255978e+05 
2.959550e+03 1.203427e+07 5.287870e+05 
3.807300e+03 1.404946e+07 4.532460e+05 
3.475200e+03 1.359625e+07 4.255978e+05 
3.672600e+03 1.558122e+07 4.255978e+05 
3.524100e+03 1.387315e+07 4.255978e+05 
3.143500e+03 1.196001e+07 3.611850e+05 
3.620850e+03 1.822745e+07 8.788104e+05 
3.707500e+03 1.543118e+07 3.757439e+05 
3.259700e+03 1.218898e+07 5.107173e+05 
3.463300e+03 1.330599e+07 4.532460e+05 
3.399850e+03 1.427087e+07 5.287870e+05 
4.041250e+03 1.529488e+07 3.583255e+05 
2.938150e+03 1.203587e+07 4.096351e+05 
3.426250e+03 1.443245e+07 4.394052e+05 
3.294350e+03 1.618098e+07 8.788104e+05 
3.520100e+03 1.390452e+07 3.404782e+05 
2.967100e+03 1.360218e+07 4.532460e+05 
2.911850e+03 1.190687e+07 4.532460e+05 
3.412900e+03 1.366331e+07 3.777050e+05 

3.387800e+03 1.354111e+07 3.830380e+05 
3.341400e+03 1.440727e+07 5.741122e+05 
2.981500e+03 1.224465e+07 4.532460e+05 
2.890350e+03 1.192509e+07 4.255978e+05 
3.040250e+03 1.362455e+07 4.394052e+05 
3.119250e+03 1.313430e+07 4.255978e+05 
3.526400e+03 1.344250e+07 4.532460e+05 
3.834300e+03 1.638785e+07 5.639163e+05 
2.975900e+03 1.451868e+07 7.682874e+05 
2.883750e+03 1.206734e+07 4.956680e+05 
3.581250e+03 1.366183e+07 3.404782e+05 
3.240850e+03 1.310771e+07 3.777050e+05 
2.866900e+03 1.163158e+07 5.287870e+05 
3.289950e+03 1.431261e+07 5.107173e+05 
3.011600e+03 1.345983e+07 4.255978e+05 
3.425200e+03 1.359186e+07 4.255978e+05 
2.987650e+03 1.174402e+07 5.958369e+05 
3.061950e+03 1.294805e+07 5.639163e+05 
3.184600e+03 1.262319e+07 5.958369e+05 
2.992800e+03 1.243099e+07 4.255978e+05 
3.072050e+03 1.357818e+07 4.255978e+05 
2.825750e+03 1.190538e+07 5.958369e+05 
3.419550e+03 1.233187e+07 3.459698e+05 
3.328650e+03 1.467522e+07 4.394052e+05 
3.601550e+03 1.436553e+07 4.184371e+05 
3.212250e+03 1.419322e+07 5.107173e+05 
3.518650e+03 1.390973e+07 5.107173e+05 
3.701150e+03 1.467167e+07 5.741122e+05 
3.845900e+03 1.399612e+07 4.793976e+05 
3.614050e+03 1.585781e+07 4.394052e+05 
3.622100e+03 1.573499e+07 6.490359e+05 
3.015400e+03 1.342554e+07 5.287870e+05 
3.301050e+03 1.403762e+07 4.571740e+05 
2.727000e+03 1.117070e+07 7.660760e+05 
3.311350e+03 1.381912e+07 3.777050e+05 
3.095700e+03 1.265283e+07 3.777050e+05 
3.855100e+03 1.431771e+07 3.777050e+05 
3.691750e+03 1.475387e+07 4.532460e+05 
3.391700e+03 1.321145e+07 4.532460e+05 
3.491650e+03 1.604202e+07 4.532460e+05 
3.158250e+03 1.257208e+07 6.043280e+05 
3.100100e+03 1.227754e+07 5.107173e+05 
2.946450e+03 1.214615e+07 6.496532e+05 
3.609200e+03 1.387133e+07 5.107173e+05 
3.468100e+03 1.347728e+07 5.107173e+05 
3.024500e+03 1.404623e+07 5.741122e+05 
2.759500e+03 1.200826e+07 4.532460e+05 
3.244100e+03 1.451006e+07 4.461022e+05 
3.434000e+03 1.507976e+07 4.255978e+05 
3.494850e+03 1.419000e+07 4.394052e+05 

3.278700e+03 1.244247e+07 4.532460e+05 
3.672650e+03 1.450687e+07 3.911466e+05 
3.313050e+03 1.421460e+07 3.965364e+05 
3.449200e+03 1.338994e+07 5.107173e+05 
3.492350e+03 1.420789e+07 4.985712e+05 
3.145750e+03 1.431245e+07 5.958369e+05 
3.427800e+03 1.266598e+07 4.532460e+05 
2.816500e+03 1.132852e+07 4.532460e+05 
3.836950e+03 1.502411e+07 3.404782e+05 
3.443000e+03 1.365646e+07 4.532460e+05 
3.213900e+03 1.382298e+07 5.107173e+05 
2.784550e+03 1.106657e+07 4.985712e+05 
3.087300e+03 1.299432e+07 4.532460e+05 
3.345750e+03 1.482733e+07 4.985712e+05 
3.645450e+03 1.583896e+07 3.404782e+05 
3.450600e+03 1.386616e+07 4.532460e+05 
3.515000e+03 1.506411e+07 4.118688e+05 
3.700550e+03 1.530151e+07 5.958369e+05 
3.708500e+03 1.338370e+07 4.532460e+05 
3.576000e+03 1.789078e+07 5.204534e+05 
3.083450e+03 1.325504e+07 4.394052e+05 
2.892050e+03 1.251084e+07 4.394052e+05 
3.191950e+03 1.456223e+07 5.958369e+05 
3.535800e+03 1.560269e+07 4.787968e+05 
2.694200e+03 1.242486e+07 4.532460e+05 
3.493900e+03 1.432619e+07 3.858192e+05 
3.359950e+03 1.291519e+07 3.757439e+05 
3.121650e+03 1.302513e+07 5.958369e+05 
3.228250e+03 1.285341e+07 4.255978e+05 
3.052050e+03 1.288717e+07 5.287870e+05 
4.133350e+03 1.830167e+07 8.788104e+05 
3.476650e+03 1.481750e+07 5.107173e+05 
3.352300e+03 1.328718e+07 4.118688e+05 
3.031550e+03 1.231959e+07 5.107173e+05 
3.743250e+03 1.686863e+07 4.394052e+05 
3.707250e+03 1.576825e+07 4.394052e+05 
3.518000e+03 1.403423e+07 4.532460e+05 
2.828900e+03 1.258667e+07 6.949784e+05 
3.280800e+03 1.291751e+07 4.532460e+05 
3.460750e+03 1.506839e+07 4.255978e+05 
3.456800e+03 1.518425e+07 5.287870e+05 
3.179350e+03 1.235151e+07 5.958369e+05 
3.451650e+03 1.430358e+07 5.107173e+05 
3.375250e+03 1.306273e+07 5.107173e+05 
3.697550e+03 1.617354e+07 8.788104e+05 
3.295850e+03 1.297625e+07 4.255978e+05 
3.380000e+03 1.459902e+07 4.985712e+05 
3.358450e+03 1.341433e+07 4.532460e+05 
3.281350e+03 1.422263e+07 3.777050e+05 
3.625700e+03 1.423106e+07 5.107173e+05 

2.653050e+03 1.136031e+07 5.958369e+05 
3.318450e+03 1.279292e+07 5.958369e+05 
3.139200e+03 1.170319e+07 5.065983e+05 
3.049300e+03 1.301017e+07 4.255978e+05 
3.366100e+03 1.281704e+07 4.532460e+05 
3.028550e+03 1.434885e+07 5.204534e+05 
3.506550e+03 1.367591e+07 4.394052e+05 
3.496650e+03 1.332822e+07 6.809564e+05 
3.194000e+03 1.218914e+07 5.107173e+05 
3.511300e+03 1.355334e+07 5.436668e+05 
3.784750e+03 1.389649e+07 3.953940e+05 
3.208300e+03 1.264144e+07 5.107173e+05 
3.693150e+03 1.430947e+07 5.560226e+05 
3.824000e+03 1.500240e+07 4.394052e+05 
2.886200e+03 1.286444e+07 5.107173e+05 
3.494350e+03 1.469384e+07 3.777050e+05 
2.929950e+03 1.265590e+07 5.287870e+05 
3.536750e+03 1.504527e+07 4.461022e+05 
3.271600e+03 1.375994e+07 7.140332e+05 
3.373450e+03 1.434178e+07 5.958369e+05 
3.602700e+03 1.656652e+07 8.788104e+05 
3.783150e+03 1.568898e+07 3.777050e+05 
3.077850e+03 1.304808e+07 3.469681e+05 
3.355700e+03 1.423371e+07 4.532460e+05 
2.901900e+03 1.313084e+07 5.287870e+05 
3.923700e+03 1.467965e+07 4.571740e+05 
3.190250e+03 1.341284e+07 4.532460e+05 
3.012400e+03 1.279771e+07 4.532460e+05 
3.283150e+03 1.339874e+07 5.287870e+05 
3.004300e+03 1.210997e+07 4.532460e+05 
3.187200e+03 1.271152e+07 4.255978e+05 
3.104550e+03 1.397159e+07 5.287870e+05 
3.213500e+03 1.500538e+07 4.394052e+05 
3.412650e+03 1.409668e+07 4.255978e+05 
2.990100e+03 1.163254e+07 5.107173e+05 
3.386550e+03 1.305132e+07 3.777050e+05 
3.611900e+03 1.546312e+07 4.394052e+05 
3.487650e+03 1.489088e+07 4.394052e+05 
3.279300e+03 1.400630e+07 4.532460e+05 
3.198800e+03 1.555698e+07 7.435045e+05 
3.619400e+03 1.680710e+07 4.394052e+05 
2.961900e+03 1.262810e+07 3.474892e+05 
2.999000e+03 1.195605e+07 5.107173e+05 
3.010050e+03 1.161410e+07 3.777050e+05 
3.427300e+03 1.342891e+07 4.532460e+05 
3.414400e+03 1.297002e+07 4.255978e+05 
4.401850e+03 1.661544e+07 3.686263e+05 
4.107150e+03 1.611148e+07 4.793976e+05 
3.673650e+03 1.352404e+07 3.777050e+05 
3.572050e+03 1.682257e+07 8.788104e+05 

2.976500e+03 1.373522e+07 4.787968e+05 
3.691700e+03 1.370190e+07 3.212570e+05 
3.015550e+03 1.220574e+07 5.287870e+05 
4.243200e+03 1.692636e+07 4.394052e+05 
3.568250e+03 1.449636e+07 5.560226e+05 
4.013300e+03 1.465950e+07 3.757439e+05 
3.209700e+03 1.298773e+07 4.532460e+05 
3.729200e+03 1.674237e+07 5.741122e+05 
3.230850e+03 1.228020e+07 5.639163e+05 
3.169450e+03 1.251793e+07 4.787968e+05 
3.960750e+03 1.601463e+07 4.461022e+05 
3.766050e+03 1.519665e+07 4.942426e+05 
3.658600e+03 1.457567e+07 4.532460e+05 
3.388350e+03 1.317648e+07 4.077498e+05 
3.516600e+03 1.321665e+07 5.107173e+05 
3.524600e+03 1.344375e+07 3.777050e+05 
2.968750e+03 1.183490e+07 6.043280e+05 
2.931900e+03 1.196334e+07 5.958369e+05 
3.282100e+03 1.349226e+07 5.136791e+05 
3.072800e+03 1.346747e+07 3.936772e+05 
3.265350e+03 1.332852e+07 5.107173e+05 
3.372850e+03 1.304456e+07 5.287870e+05 
3.211500e+03 1.392334e+07 4.255978e+05 
3.340200e+03 1.315717e+07 3.756015e+05 
4.269100e+03 1.636552e+07 4.255978e+05 
3.449300e+03 1.461731e+07 5.107173e+05 
3.143150e+03 1.313649e+07 3.777050e+05 
2.877500e+03 1.230506e+07 3.936772e+05 
3.032400e+03 1.163669e+07 5.958369e+05 
3.377950e+03 1.277766e+07 4.532460e+05 
2.841700e+03 1.139714e+07 4.532460e+05 
3.732000e+03 1.582854e+07 5.065983e+05 
3.355200e+03 1.409066e+07 4.394052e+05 
3.425550e+03 1.370129e+07 4.394052e+05 
3.565450e+03 1.570830e+07 4.394052e+05 
3.505200e+03 1.436315e+07 4.376106e+05 
2.618250e+03 1.124349e+07 5.107173e+05 
3.136300e+03 1.261777e+07 3.777050e+05 
3.226450e+03 1.500707e+07 4.532460e+05 
3.475750e+03 1.461257e+07 4.461022e+05 
3.232800e+03 1.313316e+07 4.394052e+05 
3.138200e+03 1.222543e+07 3.583255e+05 
3.241900e+03 1.273643e+07 3.474892e+05 
3.316450e+03 1.438789e+07 6.809564e+05 
3.195800e+03 1.489165e+07 4.532460e+05 
3.546100e+03 1.534792e+07 4.394052e+05 
2.824900e+03 1.194704e+07 3.936772e+05 
3.492950e+03 1.345895e+07 4.255978e+05 
3.775950e+03 1.648019e+07 5.107173e+05 
3.009150e+03 1.277125e+07 4.255978e+05 

2.985450e+03 1.207308e+07 3.303515e+05 
3.494800e+03 1.491037e+07 4.532460e+05 
3.572800e+03 1.473498e+07 4.787968e+05 
3.419950e+03 1.380511e+07 4.376096e+05 
3.462550e+03 1.406768e+07 4.461022e+05 
2.937550e+03 1.187426e+07 3.777050e+05 
3.500350e+03 1.606383e+07 8.788104e+05 
3.173450e+03 1.408911e+07 4.532460e+05 
3.443450e+03 1.364456e+07 3.777050e+05 
3.595400e+03 1.596023e+07 4.532460e+05 
3.022150e+03 1.352887e+07 4.532460e+05 
3.468600e+03 1.327361e+07 3.303515e+05 
2.833400e+03 1.182716e+07 5.107173e+05 
3.265100e+03 1.362071e+07 3.404782e+05 
3.661550e+03 1.501052e+07 4.394052e+05 
3.374050e+03 1.339873e+07 3.777050e+05 
3.266000e+03 1.389226e+07 3.404782e+05 
2.957800e+03 1.180714e+07 4.255978e+05 
3.369500e+03 1.525214e+07 4.532460e+05 
3.415800e+03 1.468197e+07 4.532460e+05 
3.162300e+03 1.320324e+07 5.107173e+05 
2.937300e+03 1.204980e+07 4.255978e+05 
3.086850e+03 1.186051e+07 4.532460e+05 
3.469000e+03 1.319504e+07 3.876121e+05 
3.059150e+03 1.366591e+07 4.532460e+05 
3.405700e+03 1.511532e+07 5.532771e+05 
3.131850e+03 1.350967e+07 4.532460e+05 
3.341300e+03 1.379069e+07 4.461022e+05 
3.081950e+03 1.350307e+07 4.571740e+05 
3.037800e+03 1.125857e+07 5.958369e+05 
3.296050e+03 1.347688e+07 5.958369e+05 
3.098550e+03 1.257834e+07 6.809564e+05 
3.640650e+03 1.432154e+07 4.532460e+05 
3.459450e+03 1.280440e+07 3.777050e+05 
3.050750e+03 1.338968e+07 4.532460e+05 
3.979850e+03 1.788047e+07 6.939387e+05 
3.691500e+03 1.613460e+07 4.532460e+05 
3.480900e+03 1.310378e+07 3.777050e+05 
3.128200e+03 1.314501e+07 5.107173e+05 
3.024550e+03 1.328060e+07 4.255978e+05 
3.465000e+03 1.599944e+07 4.532460e+05 
3.576750e+03 1.559240e+07 4.461022e+05 
3.399350e+03 1.526512e+07 4.532460e+05 
3.142850e+03 1.302693e+07 4.532460e+05 
3.428650e+03 1.437608e+07 4.532460e+05 
3.341250e+03 1.287596e+07 5.958369e+05 
3.712350e+03 1.498895e+07 4.532460e+05 
3.439850e+03 1.328178e+07 4.152880e+05 
3.075300e+03 1.298485e+07 4.985712e+05 
3.020350e+03 1.172744e+07 5.958369e+05 

2.993550e+03 1.380876e+07 3.732556e+05 
3.309250e+03 1.464663e+07 4.394052e+05 
3.792850e+03 1.497236e+07 3.757439e+05 
3.235850e+03 1.476675e+07 6.809564e+05 
3.182150e+03 1.413674e+07 6.939387e+05 
3.342100e+03 1.320386e+07 3.577157e+05 
3.139600e+03 1.242661e+07 5.107173e+05 
3.419050e+03 1.493077e+07 4.532460e+05 
3.537100e+03 1.292659e+07 4.571740e+05 
3.630900e+03 1.429181e+07 4.230302e+05 
3.161800e+03 1.325374e+07 4.461022e+05 
3.274550e+03 1.336215e+07 5.204534e+05 
3.578050e+03 1.376255e+07 4.532460e+05 
3.631450e+03 1.397437e+07 4.255978e+05 
3.422500e+03 1.397921e+07 5.107173e+05 
2.995150e+03 1.163210e+07 5.287870e+05 
3.088200e+03 1.342315e+07 5.107173e+05 
3.663000e+03 1.567078e+07 6.443714e+05 
3.729500e+03 1.479253e+07 4.532460e+05 
2.953150e+03 1.263479e+07 4.985712e+05 
3.316500e+03 1.322324e+07 4.532460e+05 
3.358300e+03 1.249923e+07 4.532460e+05 
2.883950e+03 1.138333e+07 5.287870e+05 
3.676850e+03 1.568938e+07 4.532460e+05 
3.232750e+03 1.440687e+07 6.443704e+05 
3.512200e+03 1.610524e+07 4.956705e+05 
3.520300e+03 1.597277e+07 4.532460e+05 
3.952300e+03 1.500836e+07 4.255978e+05 
3.037050e+03 1.249519e+07 5.639163e+05 
3.289850e+03 1.413070e+07 5.136791e+05 
3.092850e+03 1.351210e+07 4.985712e+05 
2.986150e+03 1.283285e+07 4.532460e+05 
3.394200e+03 1.312620e+07 5.107173e+05 
3.333250e+03 1.348820e+07 4.152880e+05 
3.530950e+03 1.408600e+07 5.107173e+05 
3.413750e+03 1.391452e+07 5.287870e+05 
3.359350e+03 1.358483e+07 4.532460e+05 
3.471600e+03 1.420508e+07 4.532460e+05 
3.791100e+03 1.512255e+07 3.757439e+05 
3.068350e+03 1.205080e+07 3.777050e+05 
3.551500e+03 1.381907e+07 4.255978e+05 
3.475500e+03 1.432737e+07 4.201055e+05 
3.663150e+03 1.399644e+07 4.152880e+05 
3.606650e+03 1.570538e+07 4.394052e+05 
2.904000e+03 1.244898e+07 5.107173e+05 
2.963450e+03 1.187769e+07 5.639163e+05 
3.161350e+03 1.243209e+07 3.777050e+05 
3.409400e+03 1.527424e+07 5.204534e+05 
3.361350e+03 1.404970e+07 4.787968e+05 
3.328950e+03 1.422885e+07 5.107173e+05 

3.568250e+03 1.645434e+07 8.788104e+05 
3.664050e+03 1.345125e+07 3.777050e+05 
3.299900e+03 1.326529e+07 4.787968e+05 
3.156500e+03 1.287269e+07 5.958369e+05 
3.302850e+03 1.433559e+07 8.192750e+05 
3.516800e+03 1.385819e+07 5.287870e+05 
3.259850e+03 1.366900e+07 4.255978e+05 
3.093100e+03 1.226834e+07 4.532460e+05 
3.214500e+03 1.466027e+07 6.809564e+05 
3.504950e+03 1.425818e+07 4.255978e+05 
3.271700e+03 1.248234e+07 4.532460e+05 
3.056900e+03 1.267371e+07 3.777050e+05 
3.289200e+03 1.402904e+07 7.660760e+05 
4.020750e+03 1.403636e+07 3.583255e+05 
3.413600e+03 1.418386e+07 5.287870e+05 
3.773400e+03 1.430611e+07 5.958369e+05 
3.200950e+03 1.273468e+07 5.107173e+05 
3.481200e+03 1.468978e+07 5.287870e+05 
3.239400e+03 1.312534e+07 3.788038e+05 
3.905900e+03 1.492344e+07 5.107173e+05 
3.515700e+03 1.433848e+07 4.255978e+05 
3.701100e+03 1.510780e+07 4.381381e+05 
3.654600e+03 1.443586e+07 3.368733e+05 
3.070450e+03 1.192441e+07 4.255978e+05 
3.941400e+03 1.657662e+07 4.394052e+05 
2.946500e+03 1.199715e+07 5.639163e+05 
3.355150e+03 1.352581e+07 5.287870e+05 
3.280650e+03 1.238334e+07 4.255978e+05 
3.027650e+03 1.321264e+07 3.777050e+05 
3.401350e+03 1.541014e+07 8.788104e+05 
3.650300e+03 1.293339e+07 4.152880e+05 
3.424400e+03 1.475148e+07 7.660760e+05 
3.318050e+03 1.295441e+07 5.287870e+05 
3.686250e+03 1.515734e+07 4.405269e+05 
3.258300e+03 1.254203e+07 4.532460e+05 
3.751800e+03 1.492247e+07 4.201055e+05 
3.182650e+03 1.539563e+07 4.394052e+05 
3.499500e+03 1.472727e+07 5.287870e+05 
3.473400e+03 1.478074e+07 4.255978e+05 
3.315750e+03 1.452362e+07 4.405269e+05 
3.228700e+03 1.261322e+07 5.107173e+05 
3.609000e+03 1.346897e+07 5.107173e+05 
3.496000e+03 1.480545e+07 5.107173e+05 
3.704050e+03 1.428312e+07 4.255978e+05 
3.121850e+03 1.344747e+07 5.958369e+05 
3.516900e+03 1.383175e+07 4.532460e+05 
2.799800e+03 1.299743e+07 5.958369e+05 
3.809750e+03 1.571397e+07 3.965364e+05 
3.084700e+03 1.230812e+07 3.435661e+05 
3.329900e+03 1.248738e+07 4.580875e+05 

