9.895950e+03 3.926381e+07 9.551220e+05 
6.712650e+03 2.726732e+07 1.957750e+06 
6.714900e+03 2.724513e+07 2.042869e+06 
6.595800e+03 2.678152e+07 2.127989e+06 
6.317450e+03 2.594705e+07 2.383347e+06 
6.350250e+03 2.560517e+07 2.383347e+06 
6.993350e+03 2.840046e+07 1.702391e+06 
6.245200e+03 2.551526e+07 2.468467e+06 
8.570550e+03 3.352571e+07 1.208656e+06 
7.449450e+03 3.042820e+07 1.532152e+06 
9.915150e+03 3.782529e+07 1.021435e+06 
6.392700e+03 2.622988e+07 2.298228e+06 
1.089320e+04 4.155656e+07 8.721289e+05 
7.761900e+03 3.138058e+07 1.447032e+06 
6.544750e+03 2.689110e+07 2.127989e+06 
6.409100e+03 2.601052e+07 2.298228e+06 
7.581850e+03 3.076870e+07 1.510820e+06 
6.550850e+03 2.663594e+07 2.213108e+06 
7.160800e+03 2.917020e+07 1.586361e+06 
7.080350e+03 2.855025e+07 1.617271e+06 
8.686350e+03 3.483089e+07 1.106554e+06 
8.781400e+03 3.453210e+07 1.133115e+06 
8.449950e+03 3.332977e+07 1.276793e+06 
1.007725e+04 3.990025e+07 9.096400e+05 
6.736050e+03 2.734385e+07 1.872630e+06 

9.059500e+03 3.566303e+07 1.133115e+06 
6.710950e+03 2.703781e+07 2.042869e+06 
9.711450e+03 3.767743e+07 9.363151e+05 
6.578600e+03 2.649599e+07 2.127989e+06 
7.517800e+03 3.073825e+07 1.489592e+06 
8.940850e+03 3.537395e+07 1.208656e+06 
6.260150e+03 2.539087e+07 2.383347e+06 
6.202100e+03 2.501131e+07 2.468467e+06 
6.517950e+03 2.664901e+07 2.298228e+06 
6.577650e+03 2.643626e+07 2.213108e+06 
6.177250e+03 2.508177e+07 2.553587e+06 
7.495150e+03 3.082072e+07 1.415112e+06 
9.696100e+03 3.818001e+07 9.363151e+05 
6.792900e+03 2.754317e+07 1.872630e+06 
7.103250e+03 2.907173e+07 1.702391e+06 
7.276500e+03 2.973402e+07 1.617271e+06 
9.727650e+03 3.757673e+07 9.820330e+05 
7.629700e+03 3.107482e+07 1.361913e+06 
6.566850e+03 2.639519e+07 2.298228e+06 
9.821650e+03 3.823220e+07 9.064920e+05 
9.622200e+03 3.751550e+07 1.057574e+06 
8.907200e+03 3.595513e+07 1.208656e+06 
6.530450e+03 2.645741e+07 2.213108e+06 
7.991300e+03 3.330684e+07 1.276793e+06 
9.579050e+03 3.787632e+07 1.063994e+06 

7.094600e+03 2.930023e+07 1.872630e+06 
7.459900e+03 3.008371e+07 1.617271e+06 
8.549100e+03 3.446136e+07 1.191674e+06 
6.294650e+03 2.576891e+07 2.553587e+06 
1.018005e+04 4.130319e+07 9.064920e+05 
8.825400e+03 3.608898e+07 1.037375e+06 
6.368800e+03 2.623493e+07 2.383347e+06 
8.723100e+03 3.500095e+07 1.106554e+06 
6.531350e+03 2.668040e+07 1.957750e+06 
7.514050e+03 3.035231e+07 1.447032e+06 
8.315450e+03 3.290876e+07 1.361913e+06 
6.477300e+03 2.655810e+07 2.127989e+06 
7.408350e+03 3.017116e+07 1.574712e+06 
6.355550e+03 2.590049e+07 2.468467e+06 
8.752400e+03 3.612313e+07 1.037375e+06 
6.377250e+03 2.606720e+07 2.383347e+06 
6.414700e+03 2.622898e+07 2.213108e+06 
7.153150e+03 2.936608e+07 1.787511e+06 
6.480250e+03 2.635519e+07 2.127989e+06 
7.283050e+03 3.000205e+07 1.702391e+06 
1.042635e+04 4.192696e+07 8.585176e+05 
7.417200e+03 2.991892e+07 1.659831e+06 
7.456150e+03 3.010247e+07 1.532152e+06 
8.372650e+03 3.318210e+07 1.276793e+06 
6.397750e+03 2.608619e+07 2.298228e+06 

9.556850e+03 3.809184e+07 1.191674e+06 
7.042750e+03 2.857665e+07 1.702391e+06 
6.372600e+03 2.622790e+07 2.383347e+06 
6.569700e+03 2.693740e+07 2.042869e+06 
9.973200e+03 4.228034e+07 9.820330e+05 
9.332750e+03 3.810024e+07 1.021435e+06 
7.267200e+03 2.946198e+07 1.532152e+06 
7.465000e+03 3.035255e+07 1.510820e+06 
7.048200e+03 2.845448e+07 1.787511e+06 
7.218700e+03 2.935938e+07 1.617271e+06 
7.005750e+03 2.853062e+07 1.787511e+06 
6.348450e+03 2.604524e+07 2.468467e+06 
8.144350e+03 3.222901e+07 1.284197e+06 
6.552800e+03 2.659934e+07 2.298228e+06 
6.652250e+03 2.714066e+07 1.957750e+06 
6.306900e+03 2.608355e+07 2.553587e+06 
7.999450e+03 3.135710e+07 1.447032e+06 
8.006050e+03 3.146042e+07 1.361913e+06 
6.528350e+03 2.693545e+07 2.213108e+06 
7.946400e+03 3.160845e+07 1.359738e+06 
6.321550e+03 2.599271e+07 2.553587e+06 
9.225800e+03 3.810947e+07 1.106554e+06 
6.422400e+03 2.615419e+07 2.383347e+06 
9.296850e+03 3.558491e+07 1.276793e+06 
6.718550e+03 2.736065e+07 1.872630e+06 

8.541200e+03 3.366710e+07 1.208656e+06 
6.304800e+03 2.559796e+07 2.213108e+06 
9.324800e+03 3.526426e+07 1.057574e+06 
1.012395e+04 4.008075e+07 9.363151e+05 
7.094300e+03 2.804744e+07 1.702391e+06 
8.484700e+03 3.380257e+07 1.191674e+06 
9.136200e+03 3.467825e+07 1.106554e+06 
8.461300e+03 3.337903e+07 1.284197e+06 
6.216450e+03 2.565402e+07 2.468467e+06 
8.462000e+03 3.318055e+07 1.329992e+06 
7.724750e+03 3.046436e+07 1.617271e+06 
8.930250e+03 3.452928e+07 1.133115e+06 
7.995600e+03 3.098193e+07 1.447032e+06 
7.969000e+03 3.114048e+07 1.435279e+06 
8.203450e+03 3.238213e+07 1.415112e+06 
9.386150e+03 3.603642e+07 9.820330e+05 
7.009050e+03 2.791650e+07 1.787511e+06 
8.249850e+03 3.265706e+07 1.361913e+06 
6.985700e+03 2.768709e+07 1.872630e+06 
6.320450e+03 2.551725e+07 2.298228e+06 
7.672050e+03 3.054632e+07 1.510820e+06 
6.339500e+03 2.582576e+07 2.127989e+06 
6.893700e+03 2.755463e+07 1.957750e+06 
6.251900e+03 2.542263e+07 2.468467e+06 
6.487300e+03 2.655976e+07 2.042869e+06 

6.546000e+03 2.653067e+07 2.213108e+06 
7.789100e+03 3.218644e+07 1.447032e+06 
7.991750e+03 3.366531e+07 1.359738e+06 
6.346000e+03 2.593938e+07 2.468467e+06 
6.447150e+03 2.636470e+07 2.298228e+06 
7.467150e+03 3.113902e+07 1.510820e+06 
9.899900e+03 3.838467e+07 1.001604e+06 
7.461450e+03 3.097588e+07 1.532152e+06 
6.460350e+03 2.665906e+07 2.213108e+06 
6.531500e+03 2.685466e+07 2.042869e+06 
7.359850e+03 3.040083e+07 1.787511e+06 
9.064600e+03 3.665205e+07 1.021435e+06 
7.946100e+03 3.286341e+07 1.361913e+06 
8.458300e+03 3.526857e+07 1.276793e+06 
1.044800e+04 4.197166e+07 9.363151e+05 
6.288700e+03 2.601545e+07 2.553587e+06 
6.517000e+03 2.693659e+07 1.957750e+06 
8.963350e+03 3.623368e+07 1.106554e+06 
6.751400e+03 2.758685e+07 1.872630e+06 
9.391150e+03 3.943278e+07 9.820330e+05 
6.512300e+03 2.653368e+07 2.127989e+06 
8.346200e+03 3.541610e+07 1.208656e+06 
6.404500e+03 2.611708e+07 2.383347e+06 
8.973050e+03 3.631949e+07 1.057574e+06 
8.396350e+03 3.520149e+07 1.284197e+06 

8.048800e+03 3.272956e+07 1.361913e+06 
6.400500e+03 2.613152e+07 1.957750e+06 
6.315700e+03 2.578173e+07 2.127989e+06 
8.591200e+03 3.456909e+07 1.234234e+06 
8.910900e+03 3.628626e+07 1.208656e+06 
7.024000e+03 2.918899e+07 1.702391e+06 
6.217300e+03 2.501817e+07 2.553587e+06 
8.331400e+03 3.337113e+07 1.319353e+06 
6.174500e+03 2.511447e+07 2.468467e+06 
6.277150e+03 2.593687e+07 2.298228e+06 
6.200800e+03 2.526927e+07 2.383347e+06 
6.341800e+03 2.622732e+07 1.957750e+06 
6.301800e+03 2.592373e+07 2.042869e+06 
6.162250e+03 2.516528e+07 2.468467e+06 
7.115100e+03 2.993241e+07 1.617271e+06 
8.768600e+03 3.660415e+07 1.057574e+06 
6.875250e+03 2.886026e+07 1.787511e+06 
6.318650e+03 2.560058e+07 2.213108e+06 
8.872950e+03 3.660766e+07 1.021435e+06 
6.300400e+03 2.607053e+07 2.042869e+06 
6.294750e+03 2.601540e+07 2.127989e+06 
8.957650e+03 3.747175e+07 8.987604e+05 
6.556450e+03 2.687364e+07 1.872630e+06 
7.214650e+03 3.064414e+07 1.532152e+06 
6.330250e+03 2.547373e+07 2.298228e+06 

7.345800e+03 3.048709e+07 1.617271e+06 
6.385650e+03 2.606637e+07 2.383347e+06 
7.117150e+03 2.935502e+07 1.787511e+06 
8.727400e+03 3.602232e+07 1.133115e+06 
7.544450e+03 3.080546e+07 1.447032e+06 
8.287300e+03 3.375882e+07 1.276793e+06 
7.679350e+03 3.140546e+07 1.361913e+06 
7.320650e+03 3.061968e+07 1.617271e+06 
9.884350e+03 4.166891e+07 9.363151e+05 
6.566150e+03 2.713987e+07 2.127989e+06 
7.836750e+03 3.181438e+07 1.284197e+06 
6.702150e+03 2.752803e+07 1.957750e+06 
9.062650e+03 3.738144e+07 1.057574e+06 
9.269500e+03 3.711423e+07 1.106554e+06 
6.180850e+03 2.502178e+07 2.468467e+06 
7.015950e+03 2.887562e+07 1.872630e+06 
7.432750e+03 3.111943e+07 1.447032e+06 
7.125750e+03 2.960524e+07 1.702391e+06 
6.648600e+03 2.710159e+07 2.042869e+06 
6.598850e+03 2.678290e+07 2.213108e+06 
8.676450e+03 3.533729e+07 1.159753e+06 
8.371050e+03 3.453114e+07 1.208656e+06 
7.327400e+03 3.044139e+07 1.670470e+06 
7.512050e+03 3.079500e+07 1.532152e+06 
9.018950e+03 3.792638e+07 9.820330e+05 

6.458150e+03 2.621049e+07 2.298228e+06 
8.265950e+03 3.327769e+07 1.361913e+06 
8.860450e+03 3.501828e+07 1.057574e+06 
6.287450e+03 2.559656e+07 2.468467e+06 
6.541650e+03 2.652870e+07 2.127989e+06 
8.861300e+03 3.560500e+07 9.820330e+05 
6.384900e+03 2.586076e+07 2.383347e+06 
8.472800e+03 3.319746e+07 1.133115e+06 
9.050900e+03 3.708652e+07 9.363151e+05 
6.961300e+03 2.905140e+07 1.532152e+06 
8.432700e+03 3.264763e+07 1.276793e+06 
6.256850e+03 2.548248e+07 2.553587e+06 
6.304600e+03 2.554898e+07 2.468467e+06 
6.428400e+03 2.626155e+07 2.298228e+06 
6.600600e+03 2.711386e+07 2.042869e+06 
7.296400e+03 3.042822e+07 1.510820e+06 
6.710800e+03 2.757677e+07 1.872630e+06 
8.813150e+03 3.425633e+07 1.106554e+06 
8.546000e+03 3.234326e+07 1.447032e+06 
6.605100e+03 2.728606e+07 1.957750e+06 
6.778250e+03 2.786273e+07 1.787511e+06 
8.360850e+03 3.301935e+07 1.191674e+06 
8.422950e+03 3.242555e+07 1.361913e+06 
8.771550e+03 3.525379e+07 9.895141e+05 
6.872200e+03 2.819363e+07 1.702391e+06 

6.754550e+03 2.770977e+07 1.957750e+06 
6.493650e+03 2.636826e+07 2.213108e+06 
7.179200e+03 2.928477e+07 1.617271e+06 
8.180700e+03 3.320677e+07 1.276793e+06 
7.353800e+03 3.015921e+07 1.447032e+06 
9.077000e+03 3.760353e+07 1.074634e+06 
6.378300e+03 2.590707e+07 2.298228e+06 
6.279450e+03 2.535083e+07 2.468467e+06 
6.251850e+03 2.526005e+07 2.553587e+06 
6.862800e+03 2.787463e+07 1.872630e+06 
7.459650e+03 3.070246e+07 1.361913e+06 
6.773800e+03 2.753802e+07 1.957750e+06 
8.171000e+03 3.315363e+07 1.329992e+06 
6.948400e+03 2.858555e+07 1.702391e+06 
9.280750e+03 3.620158e+07 1.106554e+06 
6.264700e+03 2.520237e+07 2.553587e+06 
6.997200e+03 2.837419e+07 1.787511e+06 
6.585350e+03 2.672318e+07 2.127989e+06 
6.338100e+03 2.569900e+07 2.383347e+06 
9.669550e+03 3.671784e+07 1.057574e+06 
6.773350e+03 2.752334e+07 2.042869e+06 
8.773650e+03 3.418307e+07 1.191674e+06 
7.138050e+03 2.953049e+07 1.532152e+06 
9.557850e+03 4.005791e+07 9.895141e+05 
7.096550e+03 2.930206e+07 1.586361e+06 

