8.642100e+03 3.519124e+07 9.166462e+05 
8.296450e+03 3.421815e+07 9.895141e+05 
8.110050e+03 3.405728e+07 1.057574e+06 
8.066000e+03 3.356658e+07 1.244873e+06 
8.041650e+03 3.390378e+07 1.191674e+06 
8.574250e+03 3.522970e+07 9.820330e+05 
8.612300e+03 3.557465e+07 9.363151e+05 
7.360200e+03 3.043362e+07 1.617271e+06 
8.057950e+03 3.376497e+07 1.191674e+06 
6.737950e+03 2.767116e+07 2.127989e+06 
6.877950e+03 2.842074e+07 1.787511e+06 
7.449500e+03 3.073442e+07 1.532152e+06 
7.524200e+03 3.108033e+07 1.447032e+06 
7.768950e+03 3.273732e+07 1.361913e+06 
8.044050e+03 3.386750e+07 1.208656e+06 
8.002850e+03 3.332934e+07 1.276793e+06 
7.268800e+03 3.007042e+07 1.702391e+06 
7.973100e+03 3.374663e+07 1.276793e+06 
7.511800e+03 3.118468e+07 1.447032e+06 
7.995250e+03 3.374534e+07 1.329992e+06 
8.098200e+03 3.355133e+07 1.074634e+06 
8.235950e+03 3.432422e+07 9.895141e+05 
7.394850e+03 3.082751e+07 1.532152e+06 
6.765000e+03 2.796590e+07 1.957750e+06 
8.630850e+03 3.538835e+07 9.064920e+05 

7.731050e+03 3.205200e+07 1.191674e+06 
8.062350e+03 3.292303e+07 1.037375e+06 
7.901900e+03 3.242712e+07 1.057574e+06 
7.811600e+03 3.196945e+07 1.191674e+06 
8.618300e+03 3.487943e+07 9.363151e+05 
8.227900e+03 3.495990e+07 1.021435e+06 
8.285150e+03 3.498580e+07 9.820330e+05 
8.372600e+03 3.513547e+07 1.021435e+06 
8.496550e+03 3.587089e+07 9.820330e+05 
7.775100e+03 3.208638e+07 1.074634e+06 
7.559150e+03 3.094820e+07 1.284197e+06 
6.993800e+03 2.915793e+07 1.787511e+06 
6.947450e+03 2.915204e+07 1.957750e+06 
7.348850e+03 3.063528e+07 1.361913e+06 
6.998450e+03 2.909651e+07 1.787511e+06 
6.855900e+03 2.895930e+07 2.298228e+06 
7.745050e+03 3.192046e+07 1.276793e+06 
6.983650e+03 2.928596e+07 1.787511e+06 
7.024300e+03 2.950115e+07 1.617271e+06 
6.860700e+03 2.896319e+07 2.213108e+06 
7.781200e+03 3.203074e+07 1.191674e+06 
6.864700e+03 2.888277e+07 2.213108e+06 
6.875200e+03 2.898117e+07 2.042869e+06 
8.466250e+03 3.572830e+07 9.064920e+05 
8.394150e+03 3.446202e+07 9.820330e+05 

8.296300e+03 3.400538e+07 9.479465e+05 
7.920200e+03 3.336322e+07 1.057574e+06 
7.425250e+03 3.083082e+07 1.447032e+06 
7.023050e+03 2.943300e+07 1.957750e+06 
6.969000e+03 2.893782e+07 2.127989e+06 
7.027850e+03 2.925157e+07 1.957750e+06 
7.016400e+03 2.888370e+07 2.127989e+06 
7.383200e+03 3.056241e+07 1.532152e+06 
7.351050e+03 3.073873e+07 1.532152e+06 
7.335500e+03 3.058693e+07 1.617271e+06 
8.504300e+03 3.571966e+07 9.121750e+05 
7.001750e+03 2.893246e+07 2.127989e+06 
6.827750e+03 2.845420e+07 2.213108e+06 
7.850000e+03 3.297448e+07 1.208656e+06 
7.043100e+03 2.916175e+07 1.957750e+06 
7.841500e+03 3.310677e+07 1.361913e+06 
8.032850e+03 3.370698e+07 1.021435e+06 
6.997150e+03 2.919122e+07 2.042869e+06 
7.890550e+03 3.294398e+07 1.276793e+06 
7.029900e+03 2.885778e+07 2.042869e+06 
6.999800e+03 2.909015e+07 2.042869e+06 
7.265550e+03 3.025946e+07 1.702391e+06 
8.217600e+03 3.439564e+07 9.820330e+05 
8.522200e+03 3.459458e+07 9.363151e+05 
8.012650e+03 3.334216e+07 1.191674e+06 

7.825450e+03 3.344512e+07 9.895141e+05 
7.969700e+03 3.349578e+07 9.363151e+05 
7.958750e+03 3.344383e+07 1.021435e+06 
7.908150e+03 3.368214e+07 9.363151e+05 
7.212600e+03 3.010407e+07 1.702391e+06 
7.128300e+03 3.016970e+07 1.872630e+06 
7.717850e+03 3.240362e+07 1.074634e+06 
7.692500e+03 3.266918e+07 1.208656e+06 
6.695900e+03 2.807237e+07 2.042869e+06 
6.619500e+03 2.751749e+07 2.127989e+06 
6.701150e+03 2.795592e+07 2.042869e+06 
6.661800e+03 2.745125e+07 2.127989e+06 
7.236750e+03 3.034559e+07 1.532152e+06 
7.146700e+03 2.983166e+07 1.787511e+06 
6.515800e+03 2.724375e+07 2.213108e+06 
6.559200e+03 2.688202e+07 2.383347e+06 
7.604800e+03 3.227019e+07 1.361913e+06 
6.588550e+03 2.723802e+07 2.298228e+06 
7.613950e+03 3.225123e+07 1.284197e+06 
7.771900e+03 3.277194e+07 1.021435e+06 
7.145050e+03 3.005418e+07 1.957750e+06 
6.565300e+03 2.761925e+07 2.127989e+06 
8.847700e+03 3.686026e+07 9.064920e+05 
7.215500e+03 3.015980e+07 1.617271e+06 
7.616100e+03 3.206420e+07 1.284197e+06 

7.957350e+03 3.243811e+07 1.021435e+06 
7.835650e+03 3.217012e+07 1.057574e+06 
7.824550e+03 3.273401e+07 1.276793e+06 
8.334700e+03 3.439171e+07 1.021435e+06 
7.081850e+03 2.978300e+07 1.872630e+06 
7.739550e+03 3.138703e+07 1.447032e+06 
7.794600e+03 3.144949e+07 1.359738e+06 
7.128950e+03 2.975873e+07 1.787511e+06 
7.386450e+03 3.076872e+07 1.617271e+06 
6.996750e+03 2.888174e+07 1.915190e+06 
8.360250e+03 3.394073e+07 9.121750e+05 
8.011000e+03 3.280412e+07 9.820330e+05 
6.977550e+03 2.888288e+07 2.213108e+06 
7.374000e+03 3.069781e+07 1.702391e+06 
7.456450e+03 3.079202e+07 1.755590e+06 
7.724300e+03 3.142882e+07 1.435279e+06 
6.980200e+03 2.904363e+07 2.127989e+06 
7.593400e+03 3.120642e+07 1.532152e+06 
7.646650e+03 3.146388e+07 1.447032e+06 
7.417100e+03 3.073205e+07 1.617271e+06 
8.175200e+03 3.353760e+07 9.479465e+05 
7.382400e+03 3.085976e+07 1.702391e+06 
7.715650e+03 3.151356e+07 1.435279e+06 
7.115900e+03 2.942654e+07 1.872630e+06 
6.974850e+03 2.925137e+07 2.255668e+06 

7.984650e+03 3.426719e+07 1.159753e+06 
7.891700e+03 3.316943e+07 1.191674e+06 
7.788150e+03 3.208778e+07 1.361913e+06 
7.229550e+03 2.992679e+07 1.957750e+06 
7.874300e+03 3.305248e+07 1.284197e+06 
6.807200e+03 2.811301e+07 2.213108e+06 
7.344150e+03 3.052189e+07 1.532152e+06 
7.253550e+03 2.979542e+07 2.042869e+06 
6.650700e+03 2.757605e+07 2.468467e+06 
7.342750e+03 3.083339e+07 1.532152e+06 
7.226050e+03 2.993725e+07 1.617271e+06 
7.192650e+03 2.999232e+07 2.042869e+06 
7.203350e+03 2.980382e+07 2.127989e+06 
8.147850e+03 3.479779e+07 9.820330e+05 
7.454900e+03 3.124358e+07 1.447032e+06 
7.778600e+03 3.211737e+07 1.361913e+06 
7.304550e+03 2.971433e+07 1.957750e+06 
7.229300e+03 2.989674e+07 2.042869e+06 
8.704000e+03 3.655669e+07 9.064920e+05 
8.074300e+03 3.410353e+07 1.057574e+06 
7.866350e+03 3.320404e+07 1.276793e+06 
7.212000e+03 3.013773e+07 1.872630e+06 
7.835200e+03 3.196299e+07 1.329992e+06 
7.270050e+03 2.974556e+07 2.042869e+06 
7.178700e+03 2.985841e+07 2.127989e+06 

8.461500e+03 3.432441e+07 9.788749e+05 
8.213300e+03 3.307105e+07 1.057574e+06 
8.304000e+03 3.382653e+07 9.820330e+05 
8.129800e+03 3.352556e+07 1.191674e+06 
6.541950e+03 2.697853e+07 2.468467e+06 
7.405150e+03 3.094486e+07 1.702391e+06 
8.011950e+03 3.359925e+07 1.617271e+06 
8.053800e+03 3.292129e+07 1.447032e+06 
8.160650e+03 3.333899e+07 1.191674e+06 
8.027450e+03 3.371380e+07 1.404473e+06 
8.162550e+03 3.310658e+07 1.361913e+06 
6.946800e+03 2.862760e+07 2.042869e+06 
8.076450e+03 3.329202e+07 1.361913e+06 
6.565350e+03 2.719203e+07 2.383347e+06 
6.523650e+03 2.703356e+07 2.553587e+06 
8.020150e+03 3.262112e+07 1.574712e+06 
9.167400e+03 3.643416e+07 9.363151e+05 
8.247900e+03 3.339018e+07 1.021435e+06 
7.050450e+03 2.917642e+07 1.872630e+06 
6.633000e+03 2.728206e+07 2.298228e+06 
6.923300e+03 2.937831e+07 2.127989e+06 
8.030700e+03 3.336405e+07 1.361913e+06 
6.949950e+03 2.907532e+07 1.957750e+06 
6.936750e+03 2.929538e+07 2.213108e+06 
8.067600e+03 3.304032e+07 1.404473e+06 

7.655050e+03 3.208317e+07 1.276793e+06 
7.591750e+03 3.215534e+07 1.276793e+06 
7.266250e+03 3.065711e+07 1.435279e+06 
7.229300e+03 3.041181e+07 1.447032e+06 
7.667150e+03 3.252339e+07 1.057574e+06 
7.785600e+03 3.263481e+07 1.021435e+06 
6.637550e+03 2.730120e+07 2.213108e+06 
6.688950e+03 2.754343e+07 2.127989e+06 
7.165200e+03 3.027790e+07 1.702391e+06 
6.777500e+03 2.790441e+07 1.957750e+06 
7.115450e+03 3.006304e+07 1.787511e+06 
7.150100e+03 3.003710e+07 1.872630e+06 
7.221200e+03 3.032733e+07 1.532152e+06 
7.741450e+03 3.214855e+07 1.057574e+06 
6.627100e+03 2.738267e+07 2.213108e+06 
6.693400e+03 2.752094e+07 2.042869e+06 
7.848750e+03 3.295998e+07 9.820330e+05 
7.175400e+03 3.005102e+07 1.702391e+06 
6.583850e+03 2.702181e+07 2.383347e+06 
8.301050e+03 3.456190e+07 9.121750e+05 
6.586100e+03 2.720134e+07 2.298228e+06 
6.622150e+03 2.747049e+07 2.213108e+06 
6.636650e+03 2.758115e+07 2.127989e+06 
7.619000e+03 3.232019e+07 1.191674e+06 
8.263600e+03 3.482741e+07 9.121750e+05 

8.260600e+03 3.445141e+07 1.415112e+06 
6.946550e+03 2.862723e+07 2.255668e+06 
8.183300e+03 3.359257e+07 1.021435e+06 
7.021300e+03 2.904911e+07 2.085429e+06 
7.032350e+03 2.900302e+07 2.085429e+06 
7.090850e+03 2.898957e+07 2.170549e+06 
7.824500e+03 3.259149e+07 1.361913e+06 
7.186350e+03 2.986268e+07 1.617271e+06 
7.113500e+03 2.940766e+07 2.042869e+06 
7.719150e+03 3.203398e+07 1.447032e+06 
7.809650e+03 3.256393e+07 1.617271e+06 
7.168750e+03 2.970558e+07 1.702391e+06 
7.039550e+03 2.911382e+07 2.213108e+06 
7.061700e+03 2.922199e+07 1.787511e+06 
6.927800e+03 2.870688e+07 2.213108e+06 
8.069500e+03 3.382760e+07 1.057574e+06 
6.886400e+03 2.845853e+07 2.298228e+06 
6.908350e+03 2.858877e+07 2.255668e+06 
7.153850e+03 2.938855e+07 2.042869e+06 
7.166250e+03 2.977277e+07 1.702391e+06 
8.565100e+03 3.475048e+07 9.363151e+05 
7.840850e+03 3.232617e+07 1.276793e+06 
8.456050e+03 3.437027e+07 9.820330e+05 
7.038350e+03 2.891695e+07 2.042869e+06 
6.985950e+03 2.886903e+07 2.127989e+06 

8.040950e+03 3.160631e+07 9.866524e+05 
7.761050e+03 3.042978e+07 1.041847e+06 
6.861450e+03 2.864002e+07 1.617271e+06 
6.941650e+03 2.861882e+07 1.617271e+06 
6.386200e+03 2.618361e+07 2.383347e+06 
7.028950e+03 2.912660e+07 1.447032e+06 
7.654200e+03 3.033089e+07 1.191674e+06 
6.910350e+03 2.862345e+07 1.617271e+06 
7.159350e+03 2.969355e+07 1.404473e+06 
7.168050e+03 2.965663e+07 1.276793e+06 
7.121150e+03 2.984154e+07 1.298072e+06 
6.395050e+03 2.617336e+07 2.383347e+06 
7.911550e+03 3.101488e+07 1.021435e+06 
7.070750e+03 2.983789e+07 1.361913e+06 
6.720200e+03 2.792268e+07 1.872630e+06 
6.854950e+03 2.858324e+07 1.702391e+06 
6.865600e+03 2.842413e+07 1.702391e+06 
6.695500e+03 2.798439e+07 2.127989e+06 
7.186750e+03 2.950511e+07 1.361913e+06 
6.928050e+03 2.835299e+07 1.702391e+06 
6.396900e+03 2.624128e+07 2.298228e+06 
6.912850e+03 2.840026e+07 1.702391e+06 
7.094500e+03 2.980253e+07 1.415112e+06 
6.747900e+03 2.779914e+07 1.787511e+06 
7.144700e+03 2.969411e+07 1.404473e+06 

