6.848100e+03 2.832443e+07 1.510820e+06 
6.218600e+03 2.523348e+07 2.213108e+06 
6.793800e+03 2.747597e+07 1.787511e+06 
6.841300e+03 2.827261e+07 1.532152e+06 
7.349150e+03 2.980906e+07 1.244873e+06 
8.100900e+03 3.285441e+07 1.106554e+06 
1.069335e+04 4.004391e+07 8.525681e+05 
6.380750e+03 2.599952e+07 2.042869e+06 
6.333950e+03 2.591734e+07 2.042869e+06 
6.637750e+03 2.725453e+07 1.872630e+06 
6.979550e+03 2.929564e+07 1.435279e+06 
6.287150e+03 2.550075e+07 2.127989e+06 
8.199350e+03 3.327199e+07 1.074634e+06 
6.597150e+03 2.706465e+07 1.957750e+06 
7.816250e+03 3.143813e+07 1.191674e+06 
8.254000e+03 3.328473e+07 1.057574e+06 
7.347950e+03 2.996374e+07 1.276793e+06 
6.157950e+03 2.513964e+07 2.553587e+06 
8.579000e+03 3.486660e+07 9.703035e+05 
7.218350e+03 2.938440e+07 1.361913e+06 
6.180650e+03 2.518552e+07 2.468467e+06 
8.347550e+03 3.403599e+07 9.926605e+05 
6.782400e+03 2.789561e+07 1.586361e+06 
6.161550e+03 2.499131e+07 2.553587e+06 
8.220450e+03 3.323969e+07 1.057574e+06 
6.781100e+03 2.789495e+07 1.617271e+06 
7.266100e+03 2.980492e+07 1.284197e+06 
7.363650e+03 2.962673e+07 1.284197e+06 
6.207800e+03 2.504911e+07 2.298228e+06 
6.302500e+03 2.534325e+07 2.127989e+06 
8.189400e+03 3.333301e+07 1.057574e+06 
6.565850e+03 2.721125e+07 1.957750e+06 
8.903900e+03 3.544978e+07 9.117708e+05 
6.581300e+03 2.713410e+07 1.957750e+06 
7.322400e+03 3.009550e+07 1.276793e+06 
7.270000e+03 2.974296e+07 1.284197e+06 
7.239950e+03 2.936154e+07 1.415112e+06 
6.187050e+03 2.516574e+07 2.298228e+06 
8.805650e+03 3.524917e+07 9.211174e+05 
6.754800e+03 2.775169e+07 1.787511e+06 
6.779050e+03 2.784229e+07 1.617271e+06 
1.025850e+04 3.954689e+07 8.853436e+05 
8.751550e+03 3.517171e+07 9.211174e+05 
7.275200e+03 2.960794e+07 1.329992e+06 
7.726450e+03 3.122258e+07 1.191674e+06 
7.285900e+03 2.961021e+07 1.284197e+06 
6.366300e+03 2.537460e+07 2.127989e+06 
7.253350e+03 2.981448e+07 1.359738e+06 
9.027600e+03 3.608682e+07 9.064920e+05 
6.819400e+03 2.765222e+07 1.702391e+06 
6.846600e+03 2.852664e+07 1.510820e+06 
6.773450e+03 2.740577e+07 1.787511e+06 
8.459600e+03 3.391403e+07 9.895141e+05 
1.042545e+04 3.982842e+07 8.525681e+05 
7.331100e+03 3.002668e+07 1.276793e+06 
8.190900e+03 3.286820e+07 1.106554e+06 
6.811900e+03 2.861493e+07 1.532152e+06 
6.962150e+03 2.847674e+07 1.510820e+06 
6.222750e+03 2.527726e+07 2.213108e+06 
7.187550e+03 2.958493e+07 1.361913e+06 
6.640150e+03 2.726730e+07 1.872630e+06 
6.835100e+03 2.752617e+07 1.702391e+06 
8.582150e+03 3.451210e+07 9.363151e+05 
7.482900e+03 3.025911e+07 1.208656e+06 
6.176650e+03 2.523240e+07 2.468467e+06 
7.248750e+03 2.931538e+07 1.361913e+06 
6.833900e+03 2.841515e+07 1.532152e+06 
6.889050e+03 2.762019e+07 1.702391e+06 
6.208800e+03 2.505329e+07 2.298228e+06 
6.967450e+03 2.918024e+07 1.447032e+06 
6.196650e+03 2.514549e+07 2.468467e+06 
8.205000e+03 3.316583e+07 1.074634e+06 
8.444700e+03 3.389345e+07 9.895141e+05 
6.155700e+03 2.515469e+07 2.553587e+06 
6.204250e+03 2.526026e+07 2.213108e+06 
6.889400e+03 2.825822e+07 1.532152e+06 
7.470800e+03 3.020789e+07 1.208656e+06 
8.320150e+03 3.377005e+07 1.021435e+06 
6.691600e+03 2.721783e+07 1.872630e+06 
6.197750e+03 2.507654e+07 2.298228e+06 
6.195250e+03 2.515613e+07 2.468467e+06 
7.236050e+03 2.939011e+07 1.361913e+06 
6.739800e+03 2.780307e+07 1.702391e+06 
6.164600e+03 2.504111e+07 2.553587e+06 
6.587050e+03 2.707476e+07 1.957750e+06 
6.769000e+03 2.749089e+07 1.787511e+06 
9.151700e+03 3.645715e+07 9.117708e+05 
8.069300e+03 3.257556e+07 1.133115e+06 
8.483050e+03 3.394964e+07 9.820330e+05 
6.822750e+03 2.843166e+07 1.532152e+06 
6.752200e+03 2.791741e+07 1.617271e+06 
6.660350e+03 2.788581e+07 1.787511e+06 
6.841600e+03 2.861110e+07 1.510820e+06 
6.951250e+03 2.912398e+07 1.447032e+06 
6.852700e+03 2.820418e+07 1.532152e+06 
7.282500e+03 2.971301e+07 1.284197e+06 
6.732900e+03 2.783144e+07 1.787511e+06 
6.596850e+03 2.706029e+07 1.957750e+06 
8.556400e+03 3.393712e+07 9.820330e+05 
6.731350e+03 2.799321e+07 1.702391e+06 

7.029750e+03 2.873234e+07 1.510820e+06 
7.417850e+03 3.088827e+07 1.329992e+06 
8.795600e+03 3.573834e+07 8.589143e+05 
7.697500e+03 3.160154e+07 1.208656e+06 
6.387650e+03 2.570362e+07 2.127989e+06 
9.219600e+03 3.770017e+07 8.309510e+05 
7.778450e+03 3.256227e+07 1.074634e+06 
8.171650e+03 3.401005e+07 9.820330e+05 
6.424450e+03 2.565517e+07 2.213108e+06 
7.582900e+03 3.163692e+07 1.244873e+06 
7.784500e+03 3.158815e+07 1.208656e+06 
8.292500e+03 3.329384e+07 9.820330e+05 
7.704650e+03 3.172888e+07 1.159753e+06 
8.887050e+03 3.570726e+07 8.589143e+05 
7.803800e+03 3.244370e+07 1.106554e+06 
7.393750e+03 3.056313e+07 1.361913e+06 
8.218750e+03 3.365971e+07 9.820330e+05 
9.091950e+03 3.598822e+07 8.585176e+05 
7.466200e+03 3.085734e+07 1.284197e+06 
7.708050e+03 3.157882e+07 1.159753e+06 
6.194950e+03 2.488955e+07 2.468467e+06 
9.380600e+03 3.781011e+07 8.236766e+05 
8.373950e+03 3.420594e+07 9.121750e+05 
8.929450e+03 3.656855e+07 8.412954e+05 
8.430400e+03 3.450580e+07 8.764034e+05 
9.531350e+03 3.938419e+07 8.227461e+05 
6.573400e+03 2.630234e+07 1.872630e+06 
6.396250e+03 2.590450e+07 2.127989e+06 
7.677800e+03 3.218974e+07 1.159753e+06 
6.189050e+03 2.499318e+07 2.468467e+06 
9.444600e+03 3.792854e+07 8.236766e+05 
6.846450e+03 2.795379e+07 1.532152e+06 
7.720700e+03 3.170248e+07 1.159753e+06 
8.823900e+03 3.565049e+07 8.629888e+05 
6.777000e+03 2.765741e+07 1.702391e+06 
7.202350e+03 2.957896e+07 1.447032e+06 
7.708250e+03 3.219280e+07 1.127833e+06 
6.179750e+03 2.494495e+07 2.553587e+06 
7.391100e+03 3.077819e+07 1.359738e+06 
6.604650e+03 2.636025e+07 1.872630e+06 
6.692350e+03 2.685666e+07 1.787511e+06 
6.201350e+03 2.490267e+07 2.468467e+06 
6.799500e+03 2.771842e+07 1.670470e+06 
8.956700e+03 3.679912e+07 8.577168e+05 
9.201950e+03 3.871360e+07 8.309510e+05 
6.847200e+03 2.780272e+07 1.586361e+06 
6.479150e+03 2.595852e+07 2.042869e+06 
7.833700e+03 3.279839e+07 1.057574e+06 
7.474350e+03 3.101720e+07 1.276793e+06 
8.548950e+03 3.489748e+07 8.764034e+05 
9.005050e+03 3.629831e+07 8.585176e+05 
6.795550e+03 2.774131e+07 1.586361e+06 
7.664300e+03 3.183463e+07 1.133115e+06 
7.831750e+03 3.180876e+07 1.133115e+06 
6.389700e+03 2.567495e+07 2.127989e+06 
6.260550e+03 2.507334e+07 2.468467e+06 
7.424500e+03 3.066650e+07 1.359738e+06 
6.849750e+03 2.787417e+07 1.532152e+06 
7.414600e+03 3.070476e+07 1.359738e+06 
8.144500e+03 3.273329e+07 1.074634e+06 
6.817600e+03 2.769076e+07 1.532152e+06 
6.516600e+03 2.608292e+07 1.957750e+06 
7.701300e+03 3.152359e+07 1.276793e+06 
9.121700e+03 3.681550e+07 8.412954e+05 
6.801500e+03 2.776541e+07 1.617271e+06 
8.228750e+03 3.329985e+07 9.064920e+05 
7.092350e+03 2.891123e+07 1.510820e+06 
6.528100e+03 2.608670e+07 1.957750e+06 
8.265900e+03 3.337448e+07 9.820330e+05 
8.299150e+03 3.349014e+07 9.363151e+05 
6.190750e+03 2.493710e+07 2.468467e+06 
6.332600e+03 2.557244e+07 2.298228e+06 
7.427350e+03 3.101445e+07 1.284197e+06 
9.395850e+03 3.927616e+07 8.227461e+05 
6.845800e+03 2.800770e+07 1.532152e+06 
7.479950e+03 3.100832e+07 1.276793e+06 
6.185150e+03 2.492374e+07 2.553587e+06 
8.872850e+03 3.604473e+07 8.589143e+05 
8.858800e+03 3.676167e+07 8.406318e+05 
6.268650e+03 2.519084e+07 2.383347e+06 
7.434200e+03 3.075301e+07 1.284197e+06 
7.626900e+03 3.188443e+07 1.208656e+06 
7.860850e+03 3.280121e+07 1.074634e+06 
7.728050e+03 3.174405e+07 1.133115e+06 
6.661600e+03 2.684323e+07 1.787511e+06 
6.427500e+03 2.566109e+07 2.213108e+06 
6.180850e+03 2.501002e+07 2.553587e+06 
6.457700e+03 2.592745e+07 2.042869e+06 
6.332350e+03 2.555771e+07 2.298228e+06 
6.847950e+03 2.770315e+07 1.617271e+06 
7.665250e+03 3.161509e+07 1.208656e+06 
7.142700e+03 2.942918e+07 1.447032e+06 
7.320800e+03 3.025987e+07 1.361913e+06 
7.615500e+03 3.139714e+07 1.244873e+06 
7.845300e+03 3.273754e+07 1.057574e+06 
6.252400e+03 2.512375e+07 2.383347e+06 
8.968550e+03 3.731714e+07 1.021435e+06 
6.417850e+03 2.578976e+07 2.127989e+06 
8.215000e+03 3.355175e+07 1.021435e+06 
6.816750e+03 2.767623e+07 1.702391e+06 

8.321600e+03 3.332502e+07 1.021435e+06 
6.237200e+03 2.562514e+07 2.298228e+06 
8.683400e+03 3.492361e+07 9.363151e+05 
6.475900e+03 2.648355e+07 2.127989e+06 
8.358450e+03 3.314637e+07 1.057574e+06 
7.448100e+03 3.098700e+07 1.361913e+06 
7.485300e+03 3.060856e+07 1.329992e+06 
7.119700e+03 2.927715e+07 1.510820e+06 
7.083450e+03 2.926124e+07 1.510820e+06 
7.654200e+03 3.076255e+07 1.276793e+06 
7.415100e+03 3.056548e+07 1.435279e+06 
7.041550e+03 2.902775e+07 1.532152e+06 
6.845650e+03 2.845233e+07 1.617271e+06 
7.544850e+03 3.034299e+07 1.361913e+06 
6.813000e+03 2.819334e+07 1.787511e+06 
6.613100e+03 2.701556e+07 2.042869e+06 
7.455500e+03 3.072193e+07 1.361913e+06 
7.421050e+03 3.039058e+07 1.435279e+06 
6.259800e+03 2.566234e+07 2.213108e+06 
6.468300e+03 2.651511e+07 2.127989e+06 
6.863050e+03 2.864596e+07 1.617271e+06 
8.323150e+03 3.327631e+07 1.063994e+06 
6.671500e+03 2.761109e+07 1.872630e+06 
6.201750e+03 2.534183e+07 2.468467e+06 
8.623450e+03 3.495959e+07 9.820330e+05 
6.294550e+03 2.573636e+07 2.213108e+06 
6.576500e+03 2.702306e+07 2.042869e+06 
6.662400e+03 2.764725e+07 1.872630e+06 
7.476800e+03 3.081732e+07 1.284197e+06 
6.670200e+03 2.764786e+07 1.872630e+06 
6.673900e+03 2.740166e+07 1.957750e+06 
7.749600e+03 3.119924e+07 1.191674e+06 
6.917500e+03 2.857922e+07 1.617271e+06 
7.188550e+03 2.986632e+07 1.447032e+06 
8.251900e+03 3.319330e+07 1.063994e+06 
7.751800e+03 3.090240e+07 1.284197e+06 
6.468950e+03 2.649144e+07 2.127989e+06 
7.524150e+03 3.022184e+07 1.435279e+06 
7.530900e+03 3.116550e+07 1.276793e+06 
9.064250e+03 3.583665e+07 9.064920e+05 
8.915800e+03 3.530996e+07 9.121750e+05 
8.919300e+03 3.503849e+07 9.363151e+05 
6.217250e+03 2.523100e+07 2.383347e+06 
7.457300e+03 3.024962e+07 1.361913e+06 
9.587000e+03 3.608845e+07 8.764034e+05 
8.875100e+03 3.467358e+07 9.837181e+05 
6.235050e+03 2.561304e+07 2.298228e+06 
6.486800e+03 2.646006e+07 2.127989e+06 
7.069500e+03 2.896529e+07 1.585351e+06 
8.393450e+03 3.333963e+07 1.057574e+06 
6.231150e+03 2.518942e+07 2.468467e+06 
8.168250e+03 3.258934e+07 1.133115e+06 
6.612400e+03 2.698469e+07 2.042869e+06 
6.595700e+03 2.737560e+07 1.957750e+06 
7.120900e+03 2.952217e+07 1.447032e+06 
6.229750e+03 2.579600e+07 2.298228e+06 
8.874950e+03 3.464085e+07 9.837181e+05 
6.495200e+03 2.646938e+07 2.127989e+06 
6.200750e+03 2.517479e+07 2.468467e+06 
8.131400e+03 3.243785e+07 1.149114e+06 
6.195250e+03 2.529729e+07 2.553587e+06 
6.252600e+03 2.545315e+07 2.298228e+06 
7.221700e+03 2.948493e+07 1.500231e+06 
6.999500e+03 2.902529e+07 1.532152e+06 
9.308550e+03 3.607323e+07 9.064920e+05 
8.206900e+03 3.300433e+07 1.074634e+06 
7.697750e+03 3.074508e+07 1.319353e+06 
8.110200e+03 3.264915e+07 1.133115e+06 
6.201600e+03 2.525720e+07 2.383347e+06 
6.194850e+03 2.518968e+07 2.468467e+06 
8.224050e+03 3.272523e+07 1.106554e+06 
7.086500e+03 2.938518e+07 1.510820e+06 
7.667350e+03 3.165177e+07 1.244873e+06 
7.249100e+03 2.953919e+07 1.447032e+06 
6.952100e+03 2.814154e+07 1.787511e+06 
8.007600e+03 3.267617e+07 1.149114e+06 
6.479800e+03 2.646243e+07 2.127989e+06 
6.194250e+03 2.527914e+07 2.553587e+06 
7.519100e+03 3.019751e+07 1.435279e+06 
7.772600e+03 3.118062e+07 1.191674e+06 
7.710300e+03 3.092740e+07 1.276793e+06 
7.035000e+03 2.901803e+07 1.532152e+06 
6.207700e+03 2.518587e+07 2.383347e+06 
6.236000e+03 2.548342e+07 2.298228e+06 
8.865200e+03 3.498851e+07 9.121750e+05 
9.660100e+03 3.707029e+07 8.764034e+05 
7.463700e+03 3.092327e+07 1.284197e+06 
7.540250e+03 3.071206e+07 1.284197e+06 
6.857450e+03 2.802750e+07 1.787511e+06 
7.224600e+03 2.934707e+07 1.447032e+06 
6.896450e+03 2.840314e+07 1.702391e+06 
8.113050e+03 3.258682e+07 1.106554e+06 
7.546350e+03 3.101334e+07 1.276793e+06 
7.458400e+03 3.117388e+07 1.361913e+06 
6.858200e+03 2.839247e+07 1.702391e+06 
6.236950e+03 2.541460e+07 2.298228e+06 
7.715500e+03 3.119312e+07 1.191674e+06 
8.433150e+03 3.346597e+07 1.021435e+06 
6.216500e+03 2.517457e+07 2.468467e+06 
8.030700e+03 3.208930e+07 1.149114e+06 

8.033550e+03 3.308300e+07 1.021435e+06 
6.165250e+03 2.509709e+07 2.553587e+06 
7.330350e+03 2.986803e+07 1.208656e+06 
7.864650e+03 3.446559e+07 9.895141e+05 
7.271050e+03 3.028672e+07 1.208656e+06 
7.944350e+03 3.406951e+07 9.820330e+05 
8.693300e+03 3.496213e+07 9.345320e+05 
7.904550e+03 3.458993e+07 9.895141e+05 
7.874850e+03 3.435252e+07 1.021435e+06 
8.158800e+03 3.542927e+07 9.363151e+05 
7.210250e+03 2.965775e+07 1.276793e+06 
7.363700e+03 3.005687e+07 1.191674e+06 
6.221450e+03 2.533603e+07 2.383347e+06 
6.371300e+03 2.599100e+07 2.042869e+06 
6.906700e+03 2.797497e+07 1.532152e+06 
7.043250e+03 2.868153e+07 1.447032e+06 
8.667100e+03 3.504955e+07 9.064920e+05 
6.862450e+03 2.788021e+07 1.617271e+06 
6.162000e+03 2.506034e+07 2.553587e+06 
8.104200e+03 3.551634e+07 9.121750e+05 
7.911000e+03 3.258659e+07 1.057574e+06 
6.305700e+03 2.594427e+07 2.127989e+06 
6.306950e+03 2.619365e+07 2.127989e+06 
7.301900e+03 3.011715e+07 1.191674e+06 
8.719150e+03 3.520778e+07 8.764034e+05 
6.499350e+03 2.667383e+07 1.872630e+06 
6.590350e+03 2.744232e+07 1.787511e+06 
6.175950e+03 2.508047e+07 2.553587e+06 
7.135100e+03 2.893681e+07 1.361913e+06 
7.453600e+03 3.017910e+07 1.133115e+06 
6.474900e+03 2.667149e+07 1.872630e+06 
8.062600e+03 3.497508e+07 9.363151e+05 
7.904300e+03 3.430565e+07 9.895141e+05 
8.584350e+03 3.513868e+07 8.987604e+05 
6.221500e+03 2.539969e+07 2.468467e+06 
6.256000e+03 2.540200e+07 2.298228e+06 
7.233450e+03 2.960164e+07 1.276793e+06 
8.561600e+03 3.467001e+07 9.363151e+05 
7.500500e+03 3.030457e+07 1.133115e+06 
6.802650e+03 2.786799e+07 1.617271e+06 
7.389900e+03 3.041210e+07 1.133115e+06 
6.646650e+03 2.759235e+07 1.702391e+06 
6.252300e+03 2.539267e+07 2.298228e+06 
7.926900e+03 3.450698e+07 9.820330e+05 
7.345600e+03 3.007417e+07 1.191674e+06 
7.393900e+03 3.053929e+07 1.133115e+06 
6.334750e+03 2.593227e+07 2.042869e+06 
8.718250e+03 3.528827e+07 8.764034e+05 
7.923000e+03 3.411518e+07 9.895141e+05 
7.096600e+03 2.887681e+07 1.447032e+06 
8.542350e+03 3.509666e+07 9.064920e+05 
6.859450e+03 2.825586e+07 1.532152e+06 
7.953100e+03 3.438819e+07 9.895141e+05 
6.309800e+03 2.557709e+07 2.213108e+06 
6.425050e+03 2.619679e+07 1.957750e+06 
7.845650e+03 3.419540e+07 1.042713e+06 
7.878850e+03 3.387396e+07 1.057574e+06 
7.932000e+03 3.269187e+07 1.074634e+06 
7.141700e+03 2.896272e+07 1.361913e+06 
6.329700e+03 2.577036e+07 2.127989e+06 
6.803450e+03 2.788830e+07 1.617271e+06 
6.817000e+03 2.794408e+07 1.532152e+06 
8.710950e+03 3.539956e+07 8.764034e+05 
6.228850e+03 2.532664e+07 2.383347e+06 
7.955800e+03 3.271441e+07 1.057574e+06 
7.916200e+03 3.403586e+07 1.042713e+06 
6.618350e+03 2.750232e+07 1.787511e+06 
6.378800e+03 2.603979e+07 1.957750e+06 
6.252650e+03 2.537895e+07 2.298228e+06 
7.631200e+03 3.163318e+07 1.106554e+06 
7.169750e+03 2.943605e+07 1.276793e+06 
7.283450e+03 2.986076e+07 1.208656e+06 
6.799850e+03 2.808593e+07 1.617271e+06 
6.271200e+03 2.553683e+07 2.213108e+06 
8.656250e+03 3.502026e+07 9.064920e+05 
7.879900e+03 3.450181e+07 1.074634e+06 
7.137500e+03 2.881608e+07 1.447032e+06 
7.912950e+03 3.435522e+07 9.820330e+05 
6.842000e+03 2.786223e+07 1.532152e+06 
8.186500e+03 3.569790e+07 9.121750e+05 
8.552200e+03 3.441152e+07 9.363151e+05 
6.626450e+03 2.772314e+07 1.702391e+06 
7.254100e+03 2.992654e+07 1.208656e+06 
6.643550e+03 2.769793e+07 1.702391e+06 
7.323000e+03 3.009095e+07 1.191674e+06 
7.064000e+03 2.885342e+07 1.500231e+06 
6.249950e+03 2.533498e+07 2.383347e+06 
7.485600e+03 3.076457e+07 1.106554e+06 
7.330800e+03 3.009514e+07 1.191674e+06 
6.653600e+03 2.766482e+07 1.702391e+06 
6.312900e+03 2.577926e+07 2.127989e+06 
6.385000e+03 2.624384e+07 1.957750e+06 
7.975250e+03 3.295890e+07 1.021435e+06 
6.316600e+03 2.574282e+07 2.127989e+06 
6.341700e+03 2.625701e+07 2.042869e+06 
8.758350e+03 3.538290e+07 8.764034e+05 
8.266800e+03 3.603755e+07 9.064920e+05 
8.467350e+03 3.449219e+07 9.820330e+05 
8.641400e+03 3.538212e+07 8.764034e+05 
6.279350e+03 2.561327e+07 2.213108e+06 

8.888400e+03 3.505497e+07 8.764034e+05 
6.973300e+03 2.879698e+07 1.435279e+06 
6.300200e+03 2.566782e+07 2.127989e+06 
7.550400e+03 3.158277e+07 1.106554e+06 
6.877050e+03 2.801654e+07 1.702391e+06 
6.725750e+03 2.728420e+07 1.787511e+06 
7.357750e+03 3.008843e+07 1.359738e+06 
6.280050e+03 2.569351e+07 2.127989e+06 
7.355800e+03 3.013908e+07 1.359738e+06 
6.541850e+03 2.638608e+07 1.872630e+06 
7.512700e+03 3.116027e+07 1.133115e+06 
8.022750e+03 3.377689e+07 9.121750e+05 
7.365750e+03 3.065999e+07 1.276793e+06 
6.108600e+03 2.477920e+07 2.553587e+06 
7.370400e+03 3.033728e+07 1.284197e+06 
7.535000e+03 3.145069e+07 9.820330e+05 
6.145550e+03 2.495488e+07 2.468467e+06 
6.861450e+03 2.818741e+07 1.617271e+06 
7.446050e+03 3.066932e+07 1.208656e+06 
7.553500e+03 3.168139e+07 1.021435e+06 
6.215200e+03 2.523925e+07 2.298228e+06 
6.916450e+03 2.837483e+07 1.510820e+06 
6.142350e+03 2.497843e+07 2.468467e+06 
7.362950e+03 3.056533e+07 1.284197e+06 
6.876800e+03 2.817274e+07 1.617271e+06 
7.377000e+03 3.069811e+07 1.276793e+06 
7.332450e+03 3.053122e+07 1.359738e+06 
6.978250e+03 2.878370e+07 1.435279e+06 
6.291000e+03 2.580016e+07 2.127989e+06 
7.458950e+03 3.093438e+07 1.191674e+06 
6.973200e+03 2.879672e+07 1.447032e+06 
7.408900e+03 3.035698e+07 1.276793e+06 
7.531350e+03 3.160875e+07 1.106554e+06 
6.853500e+03 2.791342e+07 1.702391e+06 
6.321650e+03 2.568453e+07 2.127989e+06 
6.486450e+03 2.624902e+07 2.042869e+06 
6.120600e+03 2.486034e+07 2.553587e+06 
6.923550e+03 2.849496e+07 1.447032e+06 
6.142850e+03 2.476892e+07 2.383347e+06 
6.950400e+03 2.882473e+07 1.447032e+06 
7.431600e+03 3.089127e+07 1.208656e+06 
6.544150e+03 2.650670e+07 1.872630e+06 
6.515200e+03 2.631056e+07 1.957750e+06 
6.850850e+03 2.826082e+07 1.617271e+06 
8.167850e+03 3.420318e+07 9.121750e+05 
6.983100e+03 2.883030e+07 1.361913e+06 
7.579500e+03 3.174477e+07 9.820330e+05 
7.537050e+03 3.183583e+07 1.106554e+06 
7.592800e+03 3.112372e+07 1.159753e+06 
7.459800e+03 3.105016e+07 1.191674e+06 
6.166800e+03 2.482188e+07 2.383347e+06 
7.322400e+03 3.053855e+07 1.284197e+06 
6.525900e+03 2.627278e+07 2.042869e+06 
7.421100e+03 3.031248e+07 1.329992e+06 
6.320550e+03 2.565587e+07 2.127989e+06 
7.423400e+03 3.047624e+07 1.276793e+06 
7.893300e+03 3.399925e+07 9.479465e+05 
7.018150e+03 2.900302e+07 1.361913e+06 
8.575650e+03 3.458064e+07 9.064920e+05 
7.080750e+03 2.880858e+07 1.435279e+06 
6.894850e+03 2.856627e+07 1.447032e+06 
8.693900e+03 3.479819e+07 9.064920e+05 
6.149550e+03 2.486625e+07 2.383347e+06 
8.823900e+03 3.493184e+07 8.764034e+05 
6.982600e+03 2.858178e+07 1.447032e+06 
7.500600e+03 3.058558e+07 1.208656e+06 
6.304250e+03 2.572199e+07 2.127989e+06 
6.482600e+03 2.628697e+07 2.042869e+06 
6.891900e+03 2.820411e+07 1.510820e+06 
7.977000e+03 3.336439e+07 9.479465e+05 
6.919800e+03 2.853216e+07 1.447032e+06 
6.837200e+03 2.828912e+07 1.702391e+06 
6.526300e+03 2.643687e+07 1.872630e+06 
6.216800e+03 2.521501e+07 2.298228e+06 
6.246850e+03 2.525917e+07 2.213108e+06 
7.410200e+03 3.034801e+07 1.284197e+06 
6.912450e+03 2.827518e+07 1.532152e+06 
8.023900e+03 3.381964e+07 9.363151e+05 
7.383450e+03 3.024877e+07 1.359738e+06 
7.343400e+03 3.052773e+07 1.284197e+06 
6.512800e+03 2.630681e+07 1.957750e+06 
7.494350e+03 3.046530e+07 1.208656e+06 
8.764250e+03 3.523071e+07 9.043945e+05 
6.685650e+03 2.725177e+07 1.787511e+06 
6.842550e+03 2.832358e+07 1.702391e+06 
7.532650e+03 3.095714e+07 1.191674e+06 
6.842700e+03 2.806666e+07 1.702391e+06 
6.851900e+03 2.816412e+07 1.617271e+06 
6.204550e+03 2.514445e+07 2.213108e+06 
7.524500e+03 3.145141e+07 1.133115e+06 
7.872450e+03 3.369975e+07 9.363151e+05 
7.529900e+03 3.128283e+07 1.133115e+06 
7.405000e+03 3.036636e+07 1.276793e+06 
7.983050e+03 3.338580e+07 9.479465e+05 
6.214300e+03 2.539229e+07 2.213108e+06 
6.234400e+03 2.527002e+07 2.213108e+06 
6.124450e+03 2.481542e+07 2.553587e+06 
6.220500e+03 2.516403e+07 2.298228e+06 
6.864850e+03 2.820016e+07 1.532152e+06 
6.489850e+03 2.636533e+07 2.042869e+06 

7.665900e+03 3.267793e+07 1.021435e+06 
8.535550e+03 3.347231e+07 9.602231e+05 
6.624900e+03 2.712841e+07 1.702391e+06 
6.359900e+03 2.568405e+07 2.213108e+06 
7.179550e+03 3.007630e+07 1.057574e+06 
7.140700e+03 2.969519e+07 1.276793e+06 
8.530100e+03 3.381621e+07 9.249854e+05 
8.314100e+03 3.317364e+07 9.820330e+05 
6.196800e+03 2.501073e+07 2.383347e+06 
6.574700e+03 2.712253e+07 1.787511e+06 
6.401200e+03 2.586681e+07 2.127989e+06 
6.387700e+03 2.593599e+07 2.042869e+06 
6.238900e+03 2.509265e+07 2.468467e+06 
6.917200e+03 2.851990e+07 1.447032e+06 
6.622700e+03 2.693453e+07 1.787511e+06 
7.267150e+03 3.021853e+07 1.106554e+06 
6.833650e+03 2.809399e+07 1.532152e+06 
8.437900e+03 3.380991e+07 9.249854e+05 
7.198850e+03 3.008407e+07 1.191674e+06 
7.824850e+03 3.330904e+07 9.820330e+05 
7.208250e+03 2.975798e+07 1.106554e+06 
6.870000e+03 2.846272e+07 1.532152e+06 
6.150700e+03 2.484329e+07 2.596146e+06 
6.140950e+03 2.500137e+07 2.596146e+06 
7.647500e+03 3.272568e+07 1.021435e+06 
6.337850e+03 2.573123e+07 2.213108e+06 
7.074900e+03 2.936706e+07 1.276793e+06 
8.368300e+03 3.354030e+07 9.602231e+05 
7.607700e+03 3.235197e+07 1.048317e+06 
7.759200e+03 3.347002e+07 9.895141e+05 
7.851950e+03 3.284635e+07 9.895141e+05 
7.993200e+03 3.292708e+07 9.820330e+05 
7.136900e+03 2.938663e+07 1.359738e+06 
7.180450e+03 2.955263e+07 1.276793e+06 
6.408950e+03 2.612508e+07 1.957750e+06 
6.867050e+03 2.863098e+07 1.532152e+06 
7.579800e+03 3.246022e+07 1.048317e+06 
6.394750e+03 2.601494e+07 1.957750e+06 
6.868450e+03 2.815347e+07 1.586361e+06 
6.215700e+03 2.527881e+07 2.298228e+06 
6.558500e+03 2.691657e+07 1.787511e+06 
9.116700e+03 3.794968e+07 8.987604e+05 
6.939000e+03 2.836958e+07 1.532152e+06 
6.219150e+03 2.509711e+07 2.298228e+06 
9.606450e+03 4.069719e+07 8.677226e+05 
6.362050e+03 2.581281e+07 2.127989e+06 
6.130200e+03 2.484859e+07 2.596146e+06 
6.209600e+03 2.519031e+07 2.340788e+06 
6.174800e+03 2.496328e+07 2.511027e+06 
7.242700e+03 2.987678e+07 1.133115e+06 
6.134000e+03 2.478515e+07 2.596146e+06 
6.427700e+03 2.634264e+07 1.872630e+06 
6.564900e+03 2.706960e+07 1.702391e+06 
9.829050e+03 4.171794e+07 8.585176e+05 
6.188000e+03 2.489809e+07 2.468467e+06 
7.108450e+03 2.935351e+07 1.276793e+06 
6.978400e+03 2.889738e+07 1.435279e+06 
6.224700e+03 2.511799e+07 2.298228e+06 
6.474900e+03 2.648718e+07 1.872630e+06 
6.995500e+03 2.887985e+07 1.361913e+06 
8.506850e+03 3.365456e+07 9.249854e+05 
7.208950e+03 2.965967e+07 1.208656e+06 
7.197700e+03 3.002577e+07 1.191674e+06 
6.884750e+03 2.870766e+07 1.447032e+06 
7.805700e+03 3.399663e+07 9.820330e+05 
9.306550e+03 3.948855e+07 8.677226e+05 
6.926750e+03 2.869373e+07 1.435279e+06 
9.286200e+03 3.868536e+07 8.987604e+05 
6.362200e+03 2.592566e+07 2.042869e+06 
6.196750e+03 2.502208e+07 2.383347e+06 
7.646700e+03 3.297051e+07 1.030698e+06 
6.933600e+03 2.874094e+07 1.361913e+06 
7.702250e+03 3.263622e+07 9.895141e+05 
7.326400e+03 2.987464e+07 1.208656e+06 
6.378500e+03 2.592322e+07 2.127989e+06 
6.622150e+03 2.722150e+07 1.702391e+06 
6.337850e+03 2.570556e+07 2.213108e+06 
6.844800e+03 2.845591e+07 1.510820e+06 
6.201450e+03 2.498028e+07 2.383347e+06 
8.376500e+03 3.334693e+07 9.602231e+05 
6.217300e+03 2.511242e+07 2.298228e+06 
8.209800e+03 3.394257e+07 9.602231e+05 
7.093800e+03 2.941941e+07 1.284197e+06 
9.836000e+03 4.192509e+07 8.585176e+05 
6.782550e+03 2.792527e+07 1.617271e+06 
6.833700e+03 2.853976e+07 1.617271e+06 
7.606000e+03 3.256024e+07 1.021435e+06 
6.927300e+03 2.859745e+07 1.447032e+06 
6.207200e+03 2.501140e+07 2.383347e+06 
6.558450e+03 2.704319e+07 1.787511e+06 
8.285650e+03 3.407505e+07 9.602231e+05 
8.073050e+03 3.318245e+07 9.820330e+05 
6.352600e+03 2.565671e+07 2.213108e+06 
6.919300e+03 2.811952e+07 1.659831e+06 
7.268950e+03 3.016189e+07 1.106554e+06 
6.180600e+03 2.489705e+07 2.468467e+06 
7.700700e+03 3.255221e+07 1.021435e+06 
6.142750e+03 2.494894e+07 2.596146e+06 
6.421450e+03 2.597821e+07 1.957750e+06 
7.276450e+03 3.055907e+07 1.057574e+06 

7.524550e+03 3.101589e+07 1.284197e+06 
6.253400e+03 2.510687e+07 2.298228e+06 
7.854400e+03 3.279811e+07 1.149114e+06 
7.259650e+03 2.976646e+07 1.359738e+06 
8.161650e+03 3.486049e+07 1.057574e+06 
8.655250e+03 3.445969e+07 9.820330e+05 
7.640750e+03 3.227888e+07 1.191674e+06 
6.432350e+03 2.662814e+07 1.702391e+06 
7.321950e+03 2.995429e+07 1.359738e+06 
6.196700e+03 2.527805e+07 2.553587e+06 
6.472200e+03 2.691460e+07 1.586361e+06 
6.445500e+03 2.683329e+07 1.617271e+06 
6.941650e+03 2.901796e+07 1.447032e+06 
7.106950e+03 2.914692e+07 1.404473e+06 
6.931700e+03 2.883568e+07 1.447032e+06 
6.208100e+03 2.520903e+07 2.383347e+06 
9.331300e+03 3.615875e+07 8.764034e+05 
9.234500e+03 3.827726e+07 8.511955e+05 
6.578050e+03 2.737200e+07 1.532152e+06 
8.839050e+03 3.484031e+07 9.064920e+05 
7.489800e+03 3.167677e+07 1.208656e+06 
9.450700e+03 3.637983e+07 8.764034e+05 
7.352700e+03 3.120546e+07 1.276793e+06 
7.253950e+03 2.992417e+07 1.361913e+06 
7.452800e+03 3.193520e+07 1.208656e+06 
6.223200e+03 2.515140e+07 2.383347e+06 
8.742950e+03 3.475454e+07 9.043945e+05 
8.732850e+03 3.532331e+07 9.064920e+05 
6.390050e+03 2.629930e+07 1.787511e+06 
9.562250e+03 3.943589e+07 8.305760e+05 
7.300750e+03 3.099151e+07 1.284197e+06 
6.556750e+03 2.738346e+07 1.510820e+06 
8.249750e+03 3.475887e+07 1.106554e+06 
6.245400e+03 2.511395e+07 2.298228e+06 
8.464450e+03 3.338650e+07 1.106554e+06 
6.493050e+03 2.692842e+07 1.586361e+06 
8.648950e+03 3.430417e+07 1.063994e+06 
6.346800e+03 2.563772e+07 1.957750e+06 
6.609200e+03 2.765401e+07 1.510820e+06 
6.430300e+03 2.641242e+07 1.787511e+06 
7.538000e+03 3.162744e+07 1.208656e+06 
7.349400e+03 3.120533e+07 1.276793e+06 
9.653900e+03 4.022226e+07 7.853332e+05 
9.469750e+03 3.977803e+07 7.853332e+05 
6.335050e+03 2.569423e+07 1.957750e+06 
6.242200e+03 2.521081e+07 2.213108e+06 
7.083500e+03 2.901646e+07 1.435279e+06 
6.389850e+03 2.635620e+07 1.872630e+06 
6.464000e+03 2.682241e+07 1.617271e+06 
6.321550e+03 2.556785e+07 2.042869e+06 
8.115500e+03 3.496902e+07 1.133115e+06 
6.388350e+03 2.641364e+07 1.787511e+06 
7.556800e+03 3.161320e+07 1.208656e+06 
6.256700e+03 2.521126e+07 2.213108e+06 
6.414100e+03 2.678728e+07 1.702391e+06 
9.409850e+03 3.944659e+07 8.309510e+05 
6.207250e+03 2.522784e+07 2.383347e+06 
8.596050e+03 3.417153e+07 1.074634e+06 
7.662150e+03 3.193747e+07 1.191674e+06 
8.567950e+03 3.402529e+07 1.106554e+06 
6.270550e+03 2.537622e+07 2.127989e+06 
7.452450e+03 3.161669e+07 1.234234e+06 
7.283650e+03 2.977935e+07 1.361913e+06 
7.527150e+03 3.168137e+07 1.208656e+06 
6.240150e+03 2.520921e+07 2.298228e+06 
6.195000e+03 2.522762e+07 2.553587e+06 
6.196600e+03 2.527551e+07 2.468467e+06 
9.547900e+03 3.993654e+07 7.869745e+05 
6.395050e+03 2.631365e+07 1.872630e+06 
6.355900e+03 2.556617e+07 1.957750e+06 
6.198750e+03 2.524453e+07 2.468467e+06 
6.466150e+03 2.683998e+07 1.617271e+06 
8.564750e+03 3.444506e+07 9.788749e+05 
6.204050e+03 2.525355e+07 2.383347e+06 
8.723050e+03 3.529213e+07 9.363151e+05 
7.725150e+03 3.216875e+07 1.191674e+06 
6.334950e+03 2.551453e+07 2.042869e+06 
6.217450e+03 2.517335e+07 2.383347e+06 
6.388950e+03 2.567826e+07 1.957750e+06 
8.449900e+03 3.391058e+07 1.021435e+06 
7.773300e+03 3.262475e+07 1.149114e+06 
7.654550e+03 3.225562e+07 1.191674e+06 
7.152450e+03 2.925129e+07 1.404473e+06 
9.480950e+03 3.950375e+07 7.682874e+05 
9.612550e+03 3.923437e+07 8.305760e+05 
6.949350e+03 2.857172e+07 1.447032e+06 
6.611700e+03 2.732393e+07 1.532152e+06 
8.654050e+03 3.529574e+07 9.363151e+05 
6.584550e+03 2.711937e+07 1.532152e+06 
9.299150e+03 3.836999e+07 8.511955e+05 
9.308400e+03 3.916929e+07 8.309510e+05 
6.194400e+03 2.528244e+07 2.553587e+06 
6.232100e+03 2.526943e+07 2.298228e+06 
6.247200e+03 2.512519e+07 2.298228e+06 
6.345700e+03 2.552158e+07 2.042869e+06 
7.026900e+03 2.884798e+07 1.447032e+06 
7.505950e+03 3.163780e+07 1.208656e+06 
9.420550e+03 3.970602e+07 8.305760e+05 
6.380100e+03 2.641083e+07 1.872630e+06 
6.489300e+03 2.666388e+07 1.702391e+06 

6.846400e+03 2.864735e+07 1.586361e+06 
6.595100e+03 2.706991e+07 1.872630e+06 
7.550150e+03 3.036214e+07 1.276793e+06 
6.217900e+03 2.497530e+07 2.468467e+06 
6.424300e+03 2.637983e+07 2.127989e+06 
9.555450e+03 3.778386e+07 9.043945e+05 
7.812700e+03 3.188019e+07 1.057574e+06 
6.541050e+03 2.668697e+07 2.042869e+06 
7.712200e+03 3.139080e+07 1.133115e+06 
7.724350e+03 3.140865e+07 1.106554e+06 
7.612750e+03 3.051526e+07 1.208656e+06 
6.761500e+03 2.847711e+07 1.702391e+06 
7.526600e+03 3.026938e+07 1.361913e+06 
6.733500e+03 2.825356e+07 1.787511e+06 
7.113200e+03 2.966823e+07 1.447032e+06 
7.466250e+03 3.099353e+07 1.276793e+06 
6.177950e+03 2.515546e+07 2.468467e+06 
6.554600e+03 2.691219e+07 1.957750e+06 
7.909650e+03 3.292699e+07 1.021435e+06 
6.219550e+03 2.499745e+07 2.468467e+06 
8.413000e+03 3.378110e+07 9.363151e+05 
7.480450e+03 3.037829e+07 1.276793e+06 
7.819650e+03 3.184138e+07 1.057574e+06 
7.683250e+03 3.102738e+07 1.191674e+06 
6.181750e+03 2.511625e+07 2.468467e+06 
6.249450e+03 2.532483e+07 2.383347e+06 
6.386450e+03 2.607266e+07 2.213108e+06 
6.767100e+03 2.846955e+07 1.702391e+06 
8.443200e+03 3.389681e+07 9.121750e+05 
6.427900e+03 2.608305e+07 2.213108e+06 
9.615950e+03 3.714695e+07 9.064920e+05 
7.840350e+03 3.268072e+07 1.021435e+06 
6.888400e+03 2.890009e+07 1.510820e+06 
9.627450e+03 3.692037e+07 8.985583e+05 
8.055100e+03 3.310984e+07 9.788749e+05 
6.192700e+03 2.499409e+07 2.468467e+06 
6.563500e+03 2.704067e+07 1.872630e+06 
6.487350e+03 2.691239e+07 1.957750e+06 
8.060100e+03 3.303770e+07 9.820330e+05 
6.302250e+03 2.539522e+07 2.298228e+06 
8.361000e+03 3.388425e+07 9.363151e+05 
7.280950e+03 3.032919e+07 1.415112e+06 
7.298350e+03 3.065644e+07 1.361913e+06 
7.761350e+03 3.124106e+07 1.149114e+06 
9.642600e+03 3.713686e+07 9.043945e+05 
6.878500e+03 2.882379e+07 1.532152e+06 
7.695200e+03 3.138076e+07 1.133115e+06 
7.154500e+03 3.015338e+07 1.435279e+06 
7.763350e+03 3.143974e+07 1.106554e+06 
6.481700e+03 2.672779e+07 2.042869e+06 
6.272050e+03 2.536240e+07 2.383347e+06 
7.131800e+03 2.994078e+07 1.447032e+06 
6.180900e+03 2.498942e+07 2.553587e+06 
9.454600e+03 3.730968e+07 9.064920e+05 
6.183200e+03 2.503150e+07 2.468467e+06 
6.806050e+03 2.864185e+07 1.586361e+06 
6.775200e+03 2.833684e+07 1.702391e+06 
6.841050e+03 2.841351e+07 1.617271e+06 
6.175350e+03 2.507292e+07 2.553587e+06 
6.292500e+03 2.543046e+07 2.298228e+06 
6.175300e+03 2.504801e+07 2.553587e+06 
6.777500e+03 2.823877e+07 1.702391e+06 
8.300750e+03 3.409614e+07 9.363151e+05 
6.528050e+03 2.670126e+07 2.042869e+06 
7.738250e+03 3.133297e+07 1.133115e+06 
6.889800e+03 2.900268e+07 1.510820e+06 
8.976800e+03 3.787318e+07 9.064920e+05 
6.176200e+03 2.497777e+07 2.553587e+06 
6.532450e+03 2.670963e+07 2.042869e+06 
7.516200e+03 3.024801e+07 1.276793e+06 
6.244050e+03 2.542629e+07 2.383347e+06 
7.781000e+03 3.214516e+07 1.057574e+06 
7.328650e+03 3.051632e+07 1.361913e+06 
6.796400e+03 2.841333e+07 1.617271e+06 
8.463650e+03 3.405508e+07 9.121750e+05 
7.154950e+03 3.002571e+07 1.435279e+06 
9.711100e+03 3.782259e+07 8.985583e+05 
7.878550e+03 3.189775e+07 1.057574e+06 
6.799200e+03 2.830813e+07 1.702391e+06 
6.911350e+03 2.887432e+07 1.532152e+06 
7.492850e+03 3.028564e+07 1.361913e+06 
6.179050e+03 2.512310e+07 2.468467e+06 
6.561100e+03 2.691353e+07 1.957750e+06 
6.491900e+03 2.672481e+07 2.042869e+06 
7.556400e+03 3.017693e+07 1.284197e+06 
6.457500e+03 2.640083e+07 2.127989e+06 
7.332400e+03 3.036827e+07 1.361913e+06 
7.680350e+03 3.145797e+07 1.133115e+06 
7.598300e+03 3.105537e+07 1.191674e+06 
6.186700e+03 2.502661e+07 2.468467e+06 
7.277700e+03 3.042513e+07 1.415112e+06 
6.553300e+03 2.710704e+07 1.872630e+06 
7.720400e+03 3.155713e+07 1.106554e+06 
7.672950e+03 3.071100e+07 1.208656e+06 
7.501900e+03 3.029289e+07 1.276793e+06 
7.995750e+03 3.278950e+07 9.820330e+05 
6.312750e+03 2.542027e+07 2.298228e+06 
6.164800e+03 2.515473e+07 2.553587e+06 
6.742800e+03 2.813717e+07 1.787511e+06 
6.793350e+03 2.815962e+07 1.787511e+06 

6.239350e+03 2.549727e+07 2.298228e+06 
6.940100e+03 2.876638e+07 1.361913e+06 
6.253450e+03 2.557100e+07 2.298228e+06 
6.561350e+03 2.719048e+07 1.532152e+06 
6.166200e+03 2.509902e+07 2.383347e+06 
7.266600e+03 2.950168e+07 1.244873e+06 
8.303050e+03 3.356731e+07 9.788749e+05 
6.313250e+03 2.602641e+07 2.127989e+06 
8.712850e+03 3.584393e+07 9.637724e+05 
7.419100e+03 3.098704e+07 1.106554e+06 
6.467900e+03 2.637514e+07 1.872630e+06 
8.918750e+03 3.736735e+07 8.941519e+05 
8.358550e+03 3.338699e+07 9.788749e+05 
6.855850e+03 2.825426e+07 1.447032e+06 
7.596650e+03 3.137981e+07 1.057574e+06 
6.335450e+03 2.595192e+07 2.042869e+06 
6.384850e+03 2.629488e+07 1.957750e+06 
6.444900e+03 2.649941e+07 1.787511e+06 
6.504800e+03 2.671122e+07 1.702391e+06 
8.824700e+03 3.686639e+07 9.064920e+05 
6.168350e+03 2.508667e+07 2.383347e+06 
8.375350e+03 3.365362e+07 9.658323e+05 
7.510400e+03 3.131584e+07 1.057574e+06 
6.441100e+03 2.629956e+07 1.872630e+06 
6.468400e+03 2.641419e+07 1.787511e+06 
6.521600e+03 2.678924e+07 1.532152e+06 
6.297950e+03 2.607551e+07 2.042869e+06 
9.193100e+03 3.782882e+07 8.764034e+05 
6.135300e+03 2.484926e+07 2.468467e+06 
7.483800e+03 3.107273e+07 1.106554e+06 
6.469650e+03 2.659380e+07 1.702391e+06 
6.469350e+03 2.682709e+07 1.702391e+06 
8.799900e+03 3.651005e+07 9.064920e+05 
8.312100e+03 3.351818e+07 9.658323e+05 
6.453900e+03 2.657057e+07 1.872630e+06 
7.144550e+03 2.973259e+07 1.284197e+06 
6.341200e+03 2.608804e+07 2.042869e+06 
6.305750e+03 2.611260e+07 2.042869e+06 
7.146650e+03 2.979364e+07 1.284197e+06 
7.261550e+03 2.983879e+07 1.133115e+06 
7.143950e+03 2.987886e+07 1.284197e+06 
6.321350e+03 2.577941e+07 2.213108e+06 
6.296800e+03 2.578528e+07 2.213108e+06 
7.209750e+03 2.953083e+07 1.244873e+06 
7.070450e+03 2.935030e+07 1.359738e+06 
7.368250e+03 2.980451e+07 1.133115e+06 
8.701450e+03 3.606315e+07 9.637724e+05 
6.318100e+03 2.592020e+07 2.127989e+06 
6.794650e+03 2.825302e+07 1.447032e+06 
6.465050e+03 2.649782e+07 1.787511e+06 
8.968750e+03 3.765071e+07 8.764034e+05 
6.173500e+03 2.512417e+07 2.383347e+06 
8.015600e+03 3.282392e+07 1.021435e+06 
7.219450e+03 2.946677e+07 1.208656e+06 
7.210150e+03 2.955783e+07 1.191674e+06 
8.632700e+03 3.585558e+07 9.363151e+05 
6.162100e+03 2.513990e+07 2.383347e+06 
9.635300e+03 3.844179e+07 8.641580e+05 
6.474150e+03 2.649400e+07 1.787511e+06 
7.560300e+03 3.079846e+07 1.106554e+06 
8.323300e+03 3.364323e+07 9.788749e+05 
8.833350e+03 3.651746e+07 9.117708e+05 
8.754450e+03 3.652185e+07 9.363151e+05 
7.238600e+03 2.952654e+07 1.208656e+06 
7.153750e+03 2.947448e+07 1.276793e+06 
6.534800e+03 2.680475e+07 1.617271e+06 
6.235600e+03 2.563073e+07 2.298228e+06 
6.308750e+03 2.603745e+07 2.127989e+06 
6.492950e+03 2.656892e+07 1.702391e+06 
8.969800e+03 3.761259e+07 8.941519e+05 
6.323150e+03 2.574851e+07 2.213108e+06 
6.506100e+03 2.646727e+07 1.787511e+06 
7.135500e+03 3.033765e+07 1.329992e+06 
8.803550e+03 3.701454e+07 9.064920e+05 
7.153450e+03 2.950917e+07 1.276793e+06 
6.288600e+03 2.584309e+07 2.213108e+06 
8.334050e+03 3.348962e+07 9.788749e+05 
7.208350e+03 2.954181e+07 1.133115e+06 
6.326950e+03 2.577674e+07 2.213108e+06 
8.061900e+03 3.314567e+07 1.021435e+06 
6.518700e+03 2.692639e+07 1.617271e+06 
7.499950e+03 3.047042e+07 1.106554e+06 
7.561550e+03 3.161154e+07 1.057574e+06 
9.464350e+03 3.819117e+07 8.641580e+05 
7.170350e+03 2.940435e+07 1.276793e+06 
6.943800e+03 2.882307e+07 1.361913e+06 
6.395350e+03 2.630657e+07 1.957750e+06 
7.307950e+03 2.940957e+07 1.276793e+06 
8.331400e+03 3.348035e+07 9.658323e+05 
6.440300e+03 2.643397e+07 1.872630e+06 
6.294550e+03 2.598729e+07 2.213108e+06 
6.515900e+03 2.698264e+07 1.617271e+06 
6.248400e+03 2.561560e+07 2.298228e+06 
6.136550e+03 2.491440e+07 2.468467e+06 
6.957450e+03 2.879993e+07 1.435279e+06 
7.166750e+03 2.947217e+07 1.329992e+06 
6.608150e+03 2.709882e+07 1.532152e+06 
6.288250e+03 2.589402e+07 2.213108e+06 
6.333650e+03 2.593968e+07 2.127989e+06 
9.518000e+03 3.971023e+07 8.641580e+05 

6.631400e+03 2.717816e+07 1.617271e+06 
6.637450e+03 2.709085e+07 1.702391e+06 
6.510650e+03 2.655461e+07 2.042869e+06 
6.442950e+03 2.637036e+07 2.213108e+06 
6.147400e+03 2.498007e+07 2.553587e+06 
6.586750e+03 2.673833e+07 1.872630e+06 
8.103350e+03 3.296611e+07 1.021435e+06 
6.566900e+03 2.688872e+07 1.787511e+06 
8.177550e+03 3.320167e+07 9.363151e+05 
6.887500e+03 2.819307e+07 1.361913e+06 
7.543900e+03 3.148678e+07 1.106554e+06 
6.187650e+03 2.511345e+07 2.468467e+06 
6.354650e+03 2.614293e+07 2.298228e+06 
6.818550e+03 2.784815e+07 1.435279e+06 
8.054500e+03 3.339754e+07 1.021435e+06 
8.066350e+03 3.381463e+07 9.820330e+05 
8.095000e+03 3.339940e+07 9.363151e+05 
7.418750e+03 3.072268e+07 1.159753e+06 
7.292800e+03 3.028889e+07 1.208656e+06 
6.519300e+03 2.655120e+07 2.042869e+06 
8.502100e+03 3.540636e+07 8.764034e+05 
8.130500e+03 3.247984e+07 1.021435e+06 
6.520200e+03 2.688446e+07 1.957750e+06 
6.798600e+03 2.777588e+07 1.435279e+06 
6.714800e+03 2.749031e+07 1.447032e+06 
6.797500e+03 2.777593e+07 1.435279e+06 
6.174650e+03 2.528977e+07 2.468467e+06 
6.349900e+03 2.614133e+07 2.298228e+06 
7.726300e+03 3.208082e+07 1.057574e+06 
6.664250e+03 2.735987e+07 1.532152e+06 
8.590350e+03 3.427155e+07 9.081707e+05 
6.610900e+03 2.723597e+07 1.702391e+06 
7.400000e+03 3.079061e+07 1.133115e+06 
6.287150e+03 2.576603e+07 2.383347e+06 
6.619900e+03 2.702230e+07 1.787511e+06 
6.145550e+03 2.495502e+07 2.553587e+06 
6.498350e+03 2.658084e+07 2.042869e+06 
6.577000e+03 2.721835e+07 1.787511e+06 
8.122500e+03 3.342888e+07 9.363151e+05 
8.070900e+03 3.374274e+07 9.820330e+05 
6.684900e+03 2.750451e+07 1.447032e+06 
6.515050e+03 2.678278e+07 1.957750e+06 
7.544400e+03 3.167611e+07 1.106554e+06 
6.645850e+03 2.725173e+07 1.532152e+06 
6.420650e+03 2.641030e+07 2.213108e+06 
6.617550e+03 2.727391e+07 1.702391e+06 
7.412550e+03 3.081258e+07 1.133115e+06 
8.186600e+03 3.254648e+07 1.021435e+06 
6.592850e+03 2.678304e+07 1.872630e+06 
6.554450e+03 2.706139e+07 1.872630e+06 
6.707900e+03 2.744949e+07 1.447032e+06 
6.911950e+03 2.822179e+07 1.361913e+06 
6.526250e+03 2.654237e+07 2.127989e+06 
8.110550e+03 3.375966e+07 9.820330e+05 
6.888750e+03 2.859005e+07 1.361913e+06 
6.617850e+03 2.707446e+07 1.702391e+06 
6.144500e+03 2.515371e+07 2.553587e+06 
8.214300e+03 3.297215e+07 9.820330e+05 
7.163000e+03 3.019004e+07 1.276793e+06 
6.542900e+03 2.695427e+07 1.872630e+06 
7.257400e+03 3.040742e+07 1.191674e+06 
6.253000e+03 2.572074e+07 2.383347e+06 
6.621900e+03 2.701699e+07 1.702391e+06 
6.545550e+03 2.656022e+07 1.957750e+06 
6.561150e+03 2.694726e+07 1.787511e+06 
8.155250e+03 3.295545e+07 9.820330e+05 
6.480100e+03 2.683203e+07 2.127989e+06 
8.042000e+03 3.301738e+07 1.021435e+06 
6.778200e+03 2.781525e+07 1.435279e+06 
8.437100e+03 3.469521e+07 8.764034e+05 
7.163300e+03 2.982858e+07 1.276793e+06 
8.563550e+03 3.476663e+07 9.043945e+05 
6.614650e+03 2.716017e+07 1.702391e+06 
6.871900e+03 2.832214e+07 1.361913e+06 
7.709900e+03 3.204547e+07 1.057574e+06 
8.405600e+03 3.509615e+07 8.764034e+05 
6.545850e+03 2.682514e+07 1.872630e+06 
8.346850e+03 3.448574e+07 9.064920e+05 
7.209200e+03 3.034401e+07 1.208656e+06 
6.419250e+03 2.630994e+07 2.213108e+06 
6.264250e+03 2.582872e+07 2.383347e+06 
6.504250e+03 2.657710e+07 2.042869e+06 
7.180600e+03 2.994591e+07 1.276793e+06 
8.216900e+03 3.389438e+07 9.064920e+05 
6.565950e+03 2.692681e+07 1.787511e+06 
6.528150e+03 2.653339e+07 1.957750e+06 
8.242050e+03 3.325850e+07 9.363151e+05 
8.026350e+03 3.363779e+07 1.021435e+06 
6.512150e+03 2.651517e+07 2.042869e+06 
7.246900e+03 3.038068e+07 1.191674e+06 
7.222400e+03 3.023976e+07 1.208656e+06 
6.499400e+03 2.659888e+07 2.042869e+06 
6.471550e+03 2.675706e+07 2.127989e+06 
7.756900e+03 3.204363e+07 1.057574e+06 
6.634650e+03 2.730132e+07 1.617271e+06 
6.696500e+03 2.729497e+07 1.532152e+06 
6.485300e+03 2.651080e+07 2.127989e+06 
7.230100e+03 3.024380e+07 1.244873e+06 
6.167500e+03 2.511187e+07 2.468467e+06 
6.651200e+03 2.719911e+07 1.617271e+06 

