8.828350e+03 3.544221e+07 9.121750e+05 
8.378400e+03 3.419264e+07 1.106554e+06 
8.992100e+03 3.502186e+07 9.064920e+05 
8.915850e+03 3.437678e+07 9.363151e+05 
7.364750e+03 3.114630e+07 1.957750e+06 
7.905650e+03 3.352720e+07 1.191674e+06 
6.558650e+03 2.726202e+07 2.468467e+06 
7.464000e+03 3.123106e+07 1.872630e+06 
7.447650e+03 3.139565e+07 1.617271e+06 
8.476250e+03 3.461659e+07 9.820330e+05 
7.410200e+03 3.139433e+07 1.872630e+06 
7.408600e+03 3.081495e+07 2.042869e+06 
7.649950e+03 3.246630e+07 1.532152e+06 
8.295350e+03 3.383800e+07 1.159753e+06 
6.567500e+03 2.728511e+07 2.383347e+06 
8.380400e+03 3.406067e+07 9.895141e+05 
7.330950e+03 3.095283e+07 2.127989e+06 
7.664000e+03 3.230671e+07 1.329992e+06 
7.363950e+03 3.095542e+07 2.042869e+06 
7.664800e+03 3.210407e+07 1.359738e+06 
7.719600e+03 3.248228e+07 1.284197e+06 
7.320150e+03 3.098202e+07 2.127989e+06 
7.375700e+03 3.086883e+07 2.010949e+06 
6.659600e+03 2.769432e+07 2.298228e+06 
6.717650e+03 2.790600e+07 2.213108e+06 

8.614600e+03 3.430048e+07 1.074634e+06 
8.641100e+03 3.501283e+07 9.820330e+05 
6.762950e+03 2.764607e+07 2.383347e+06 
8.429800e+03 3.418525e+07 1.532152e+06 
8.445200e+03 3.391887e+07 1.244873e+06 
6.763650e+03 2.770913e+07 2.298228e+06 
8.913550e+03 3.502900e+07 9.820330e+05 
8.827050e+03 3.488825e+07 9.820330e+05 
7.091000e+03 2.973731e+07 1.957750e+06 
8.770750e+03 3.509051e+07 9.121750e+05 
6.779400e+03 2.776080e+07 2.213108e+06 
8.619100e+03 3.449701e+07 9.895141e+05 
7.062400e+03 3.017027e+07 1.872630e+06 
7.409750e+03 3.081594e+07 1.617271e+06 
6.744300e+03 2.762375e+07 2.468467e+06 
6.731250e+03 2.796692e+07 2.383347e+06 
8.696900e+03 3.505233e+07 9.363151e+05 
6.721000e+03 2.793032e+07 2.553587e+06 
6.719600e+03 2.814848e+07 2.553587e+06 
7.177900e+03 3.048512e+07 1.702391e+06 
7.099100e+03 2.998977e+07 1.787511e+06 
7.178100e+03 3.037089e+07 1.702391e+06 
7.049550e+03 2.967875e+07 2.042869e+06 
8.498550e+03 3.389763e+07 1.159753e+06 
6.908550e+03 2.839598e+07 2.127989e+06 

6.697850e+03 2.792202e+07 2.127989e+06 
6.682650e+03 2.794731e+07 2.170549e+06 
7.204150e+03 3.066237e+07 1.435279e+06 
7.257400e+03 3.059772e+07 1.489592e+06 
8.032850e+03 3.282068e+07 1.359738e+06 
6.685300e+03 2.830143e+07 2.085429e+06 
8.394150e+03 3.393025e+07 1.329992e+06 
7.307450e+03 3.058901e+07 1.489592e+06 
7.985100e+03 3.280462e+07 1.415112e+06 
8.401500e+03 3.376639e+07 1.276793e+06 
8.520650e+03 3.388723e+07 1.208656e+06 
7.163350e+03 2.984731e+07 1.915190e+06 
6.768350e+03 2.845445e+07 2.000309e+06 
7.098150e+03 3.011337e+07 1.617271e+06 
6.728950e+03 2.861885e+07 2.000309e+06 
7.103100e+03 3.007362e+07 1.510820e+06 
8.581550e+03 3.463435e+07 9.820330e+05 
7.099650e+03 3.000632e+07 1.532152e+06 
7.187650e+03 3.068124e+07 1.489592e+06 
6.667150e+03 2.786629e+07 2.213108e+06 
6.728650e+03 2.793715e+07 2.042869e+06 
7.086700e+03 2.996750e+07 1.702391e+06 
7.335200e+03 3.053717e+07 1.447032e+06 
6.942400e+03 2.905911e+07 1.957750e+06 
7.219000e+03 2.997737e+07 1.574712e+06 

8.407400e+03 3.598506e+07 9.300608e+05 
6.851500e+03 2.854218e+07 2.127989e+06 
6.988750e+03 2.900882e+07 1.957750e+06 
6.801750e+03 2.868941e+07 2.127989e+06 
8.520850e+03 3.485444e+07 9.363151e+05 
7.242400e+03 3.001544e+07 1.702391e+06 
6.703100e+03 2.798076e+07 2.298228e+06 
6.696800e+03 2.782697e+07 2.383347e+06 
8.236450e+03 3.503245e+07 9.820330e+05 
6.801850e+03 2.862287e+07 2.127989e+06 
7.873050e+03 3.398556e+07 1.617271e+06 
6.815100e+03 2.855036e+07 2.127989e+06 
7.862950e+03 3.420320e+07 1.447032e+06 
6.984500e+03 2.910548e+07 1.787511e+06 
8.568900e+03 3.505714e+07 8.987604e+05 
6.984050e+03 2.921649e+07 1.872630e+06 
6.713200e+03 2.790651e+07 2.298228e+06 
6.725800e+03 2.786050e+07 2.298228e+06 
6.690750e+03 2.799470e+07 2.213108e+06 
8.479250e+03 3.484785e+07 1.106554e+06 
6.664900e+03 2.785175e+07 2.383347e+06 
7.888200e+03 3.385018e+07 1.447032e+06 
7.183600e+03 3.017776e+07 1.702391e+06 
7.876650e+03 3.406104e+07 1.447032e+06 
7.916850e+03 3.406516e+07 1.284197e+06 

8.641350e+03 3.590908e+07 8.765331e+05 
8.850500e+03 3.643910e+07 9.064920e+05 
8.327950e+03 3.411952e+07 9.064920e+05 
7.121150e+03 2.969439e+07 1.787511e+06 
7.410750e+03 3.055010e+07 1.500231e+06 
7.355150e+03 3.080182e+07 1.500231e+06 
6.904250e+03 2.859614e+07 2.085429e+06 
7.429050e+03 3.082848e+07 1.447032e+06 
6.732150e+03 2.777318e+07 2.213108e+06 
7.865950e+03 3.237951e+07 9.820330e+05 
6.661500e+03 2.752496e+07 2.298228e+06 
7.786150e+03 3.277795e+07 1.191674e+06 
6.775950e+03 2.808087e+07 2.127989e+06 
7.854000e+03 3.199822e+07 1.106554e+06 
7.117100e+03 3.007341e+07 1.872630e+06 
7.076900e+03 2.967428e+07 1.957750e+06 
7.226350e+03 2.985241e+07 1.532152e+06 
6.737600e+03 2.768238e+07 2.213108e+06 
7.131900e+03 2.966431e+07 1.872630e+06 
7.958800e+03 3.290585e+07 9.363151e+05 
8.123250e+03 3.316270e+07 9.121750e+05 
6.791050e+03 2.780312e+07 2.170549e+06 
8.713450e+03 3.687666e+07 9.820330e+05 
7.052300e+03 2.957825e+07 2.042869e+06 
7.103050e+03 2.952286e+07 1.957750e+06 

8.770350e+03 3.620127e+07 9.363151e+05 
8.568700e+03 3.551519e+07 9.895141e+05 
8.659500e+03 3.599992e+07 9.820330e+05 
8.560450e+03 3.584204e+07 1.159753e+06 
6.807650e+03 2.806543e+07 2.298228e+06 
7.440250e+03 3.061264e+07 1.872630e+06 
8.531150e+03 3.546739e+07 1.500231e+06 
7.391300e+03 3.101358e+07 1.872630e+06 
7.649100e+03 3.122225e+07 1.532152e+06 
6.718350e+03 2.786079e+07 2.383347e+06 
6.690300e+03 2.772613e+07 2.553587e+06 
7.554350e+03 3.086626e+07 1.702391e+06 
7.386500e+03 3.117686e+07 1.840710e+06 
7.480250e+03 3.129909e+07 1.617271e+06 
6.795550e+03 2.811507e+07 2.298228e+06 
7.466900e+03 3.058318e+07 1.872630e+06 
7.479900e+03 3.147433e+07 1.787511e+06 
6.713400e+03 2.787021e+07 2.383347e+06 
7.603400e+03 3.130463e+07 1.532152e+06 
7.501000e+03 3.124173e+07 1.787511e+06 
7.575900e+03 3.081848e+07 1.702391e+06 
7.442750e+03 3.161209e+07 1.787511e+06 
7.447750e+03 3.183473e+07 1.702391e+06 
6.760200e+03 2.781897e+07 2.468467e+06 
7.404300e+03 3.044408e+07 1.957750e+06 

8.395800e+03 3.460707e+07 9.064920e+05 
8.335850e+03 3.404100e+07 9.363151e+05 
8.262950e+03 3.414407e+07 9.363151e+05 
8.222250e+03 3.376736e+07 9.820330e+05 
8.428600e+03 3.503340e+07 9.820330e+05 
8.113600e+03 3.343534e+07 1.106554e+06 
6.744600e+03 2.803208e+07 2.127989e+06 
7.495150e+03 3.118788e+07 1.361913e+06 
7.812400e+03 3.299649e+07 1.276793e+06 
8.497350e+03 3.550727e+07 8.853436e+05 
8.103550e+03 3.346688e+07 1.106554e+06 
7.860950e+03 3.293928e+07 1.234234e+06 
7.850400e+03 3.306921e+07 1.191674e+06 
6.749000e+03 2.846471e+07 1.957750e+06 
6.726700e+03 2.847194e+07 2.298228e+06 
7.153900e+03 3.036687e+07 1.744951e+06 
7.175300e+03 2.991641e+07 1.617271e+06 
6.741550e+03 2.822965e+07 2.127989e+06 
6.795150e+03 2.831746e+07 2.042869e+06 
6.727150e+03 2.832623e+07 2.213108e+06 
7.794800e+03 3.328242e+07 1.276793e+06 
7.804000e+03 3.318299e+07 1.191674e+06 
7.376650e+03 3.082003e+07 1.574712e+06 
8.173550e+03 3.342768e+07 1.149114e+06 
6.937150e+03 2.891501e+07 2.042869e+06 

8.577550e+03 3.550578e+07 1.191674e+06 
8.746350e+03 3.613706e+07 9.064920e+05 
8.670650e+03 3.583308e+07 9.820330e+05 
8.585000e+03 3.552964e+07 9.895141e+05 
6.834800e+03 2.846883e+07 2.213108e+06 
7.497750e+03 3.148504e+07 1.627911e+06 
6.791900e+03 2.843886e+07 2.298228e+06 
7.315350e+03 3.128518e+07 1.744951e+06 
8.323800e+03 3.378160e+07 1.284197e+06 
7.208850e+03 3.062307e+07 1.830070e+06 
8.631200e+03 3.527407e+07 1.191674e+06 
7.661300e+03 3.208225e+07 1.574712e+06 
7.985650e+03 3.295868e+07 1.510820e+06 
8.114600e+03 3.429027e+07 1.359738e+06 
7.512700e+03 3.137173e+07 1.670470e+06 
7.202850e+03 3.081953e+07 2.000309e+06 
7.837350e+03 3.375752e+07 1.532152e+06 
6.805650e+03 2.823945e+07 2.298228e+06 
8.202700e+03 3.380300e+07 1.359738e+06 
7.926750e+03 3.400291e+07 1.404473e+06 
7.246850e+03 3.037325e+07 2.096068e+06 
8.634800e+03 3.548826e+07 1.133115e+06 
7.826800e+03 3.375040e+07 1.574712e+06 
7.303550e+03 3.097489e+07 1.755590e+06 
8.192450e+03 3.370836e+07 1.447032e+06 

8.752650e+03 3.638483e+07 9.363151e+05 
8.868250e+03 3.711844e+07 9.064920e+05 
8.539100e+03 3.596090e+07 1.276793e+06 
9.051850e+03 3.778810e+07 1.106554e+06 
8.705050e+03 3.685169e+07 1.159753e+06 
6.455350e+03 2.676577e+07 2.298228e+06 
6.493100e+03 2.685410e+07 2.213108e+06 
8.024000e+03 3.284185e+07 1.244873e+06 
7.770650e+03 3.263814e+07 1.925829e+06 
7.940700e+03 3.261094e+07 1.276793e+06 
7.827650e+03 3.269611e+07 1.808789e+06 
6.560500e+03 2.689072e+07 2.042869e+06 
7.796150e+03 3.209606e+07 1.284197e+06 
6.647300e+03 2.719112e+07 2.127989e+06 
7.869150e+03 3.216740e+07 1.435279e+06 
7.788900e+03 3.253057e+07 1.957750e+06 
7.837650e+03 3.190123e+07 1.447032e+06 
6.578050e+03 2.686989e+07 2.127989e+06 
6.496150e+03 2.668467e+07 2.298228e+06 
8.495500e+03 3.563281e+07 9.820330e+05 
7.780750e+03 3.291755e+07 1.872630e+06 
7.731150e+03 3.216453e+07 1.957750e+06 
7.779400e+03 3.313081e+07 1.872630e+06 
6.538600e+03 2.706688e+07 2.127989e+06 
6.495950e+03 2.652512e+07 2.213108e+06 

8.300400e+03 3.291375e+07 1.074634e+06 
7.490050e+03 3.030865e+07 1.532152e+06 
6.441050e+03 2.630233e+07 2.127989e+06 
6.373800e+03 2.612751e+07 2.468467e+06 
8.349000e+03 3.318026e+07 9.954608e+05 
6.465000e+03 2.626943e+07 2.213108e+06 
6.677550e+03 2.742496e+07 1.702391e+06 
8.238850e+03 3.317154e+07 1.074634e+06 
7.511250e+03 3.025508e+07 1.532152e+06 
6.770500e+03 2.781796e+07 1.617271e+06 
8.251800e+03 3.315721e+07 1.057574e+06 
8.211250e+03 3.281960e+07 1.133115e+06 
7.904700e+03 3.255786e+07 1.276793e+06 
8.111150e+03 3.233869e+07 1.208656e+06 
6.373050e+03 2.620733e+07 2.468467e+06 
7.877700e+03 3.186763e+07 1.329992e+06 
8.016850e+03 3.252509e+07 1.208656e+06 
7.988200e+03 3.236829e+07 1.276793e+06 
6.659350e+03 2.725123e+07 1.787511e+06 
7.839500e+03 3.205710e+07 1.361913e+06 
6.462650e+03 2.633049e+07 2.042869e+06 
8.082950e+03 3.237193e+07 1.191674e+06 
7.980800e+03 3.239461e+07 1.284197e+06 
6.615150e+03 2.741828e+07 1.872630e+06 
8.205550e+03 3.312755e+07 1.159753e+06 

