2.022200e+03 8.185857e+06 8.511955e+05 
2.042100e+03 8.223745e+06 6.809564e+05 
2.028600e+03 8.206663e+06 7.660760e+05 
2.035050e+03 8.199855e+06 7.660760e+05 
2.031150e+03 8.206590e+06 7.660760e+05 
2.162950e+03 8.968174e+06 4.255978e+05 
2.298050e+03 9.601957e+06 3.398299e+05 
2.185050e+03 9.039257e+06 3.777050e+05 
2.833050e+03 1.162380e+07 3.040583e+05 
2.045900e+03 8.187230e+06 5.958369e+05 
2.022650e+03 8.259464e+06 8.511955e+05 
2.307050e+03 9.654832e+06 3.398299e+05 
2.118950e+03 8.593513e+06 5.107173e+05 
2.841850e+03 1.167489e+07 3.040583e+05 
2.040050e+03 8.264297e+06 6.809564e+05 
2.034650e+03 8.197719e+06 7.660760e+05 
2.127150e+03 8.578759e+06 5.107173e+05 
2.023200e+03 8.191196e+06 8.511955e+05 
2.800450e+03 1.157820e+07 3.040583e+05 
2.122750e+03 8.581766e+06 5.107173e+05 
2.043400e+03 8.182653e+06 5.958369e+05 
2.042650e+03 8.218716e+06 6.809564e+05 
2.031150e+03 8.206590e+06 7.660760e+05 
2.118150e+03 8.546737e+06 5.107173e+05 
2.022850e+03 8.197675e+06 8.511955e+05 
2.035650e+03 8.197185e+06 7.660760e+05 
2.113950e+03 8.598365e+06 5.107173e+05 
2.146150e+03 8.639616e+06 4.532460e+05 
2.031150e+03 8.206590e+06 7.660760e+05 
2.304550e+03 9.717665e+06 3.398299e+05 
2.164900e+03 8.971307e+06 4.255978e+05 
2.214350e+03 9.232353e+06 3.404782e+05 
2.304150e+03 9.590581e+06 3.398299e+05 
2.022050e+03 8.195539e+06 8.511955e+05 
2.029400e+03 8.210934e+06 7.660760e+05 
2.037500e+03 8.201703e+06 6.809564e+05 
2.185750e+03 9.077735e+06 3.936772e+05 
2.811550e+03 1.167744e+07 3.085577e+05 
2.041600e+03 8.180271e+06 5.958369e+05 
2.144250e+03 8.689235e+06 4.532460e+05 
2.180050e+03 9.106236e+06 3.777050e+05 
2.029600e+03 8.208569e+06 7.660760e+05 
2.213750e+03 9.248448e+06 3.404782e+05 
2.196450e+03 9.161803e+06 3.404782e+05 
2.029550e+03 8.201252e+06 7.660760e+05 
2.029300e+03 8.190866e+06 8.511955e+05 
2.125850e+03 8.590955e+06 4.532460e+05 
2.814750e+03 1.165413e+07 3.040583e+05 
2.028600e+03 8.206663e+06 7.660760e+05 
2.186300e+03 9.046776e+06 3.777050e+05 

2.186150e+03 8.890030e+06 4.255978e+05 
2.017950e+03 8.101446e+06 7.660760e+05 
2.499650e+03 9.851173e+06 3.219441e+05 
2.430100e+03 9.837302e+06 3.404782e+05 
2.021350e+03 8.097103e+06 6.809564e+05 
2.348500e+03 9.609048e+06 3.777050e+05 
2.110500e+03 8.470113e+06 5.287870e+05 
2.037050e+03 8.211951e+06 5.958369e+05 
2.460550e+03 9.965887e+06 3.219441e+05 
2.013100e+03 8.116797e+06 7.660760e+05 
2.102500e+03 8.478334e+06 5.287870e+05 
2.452350e+03 9.841379e+06 3.404782e+05 
2.450550e+03 9.826450e+06 3.404782e+05 
2.013200e+03 8.160654e+06 8.511955e+05 
2.153300e+03 8.780925e+06 4.532460e+05 
2.358500e+03 9.987779e+06 3.756015e+05 
2.024350e+03 8.087534e+06 6.809564e+05 
2.350100e+03 9.950885e+06 3.777050e+05 
2.485850e+03 1.006613e+07 3.219441e+05 
2.014850e+03 8.113522e+06 7.660760e+05 
2.024650e+03 8.086687e+06 6.809564e+05 
2.012800e+03 8.156382e+06 8.511955e+05 
2.109550e+03 8.499632e+06 5.287870e+05 
2.035500e+03 8.210591e+06 5.958369e+05 
2.018900e+03 8.096035e+06 7.660760e+05 
2.442950e+03 9.658306e+06 3.777050e+05 
2.460300e+03 9.708546e+06 3.404782e+05 
2.020450e+03 8.132193e+06 6.809564e+05 
2.151200e+03 8.713022e+06 4.532460e+05 
2.020750e+03 8.099678e+06 6.809564e+05 
2.118900e+03 8.552768e+06 5.107173e+05 
2.013100e+03 8.116797e+06 7.660760e+05 
2.161100e+03 8.749690e+06 4.532460e+05 
2.014050e+03 8.111386e+06 7.660760e+05 
2.174950e+03 8.869262e+06 4.255978e+05 
2.127100e+03 8.570520e+06 5.107173e+05 
2.017950e+03 8.101446e+06 7.660760e+05 
2.149600e+03 8.829771e+06 4.532460e+05 
2.013100e+03 8.116797e+06 7.660760e+05 
2.103350e+03 8.474830e+06 5.287870e+05 
2.017950e+03 8.101446e+06 7.660760e+05 
2.456950e+03 9.720662e+06 3.404782e+05 
2.472150e+03 9.763088e+06 3.404782e+05 
2.485150e+03 9.896457e+06 3.219441e+05 
2.020300e+03 8.103706e+06 6.809564e+05 
2.017950e+03 8.101446e+06 7.660760e+05 
2.023250e+03 8.086421e+06 6.809564e+05 
2.518750e+03 9.898724e+06 3.219441e+05 
2.118600e+03 8.617724e+06 5.107173e+05 
2.035850e+03 8.203408e+06 5.958369e+05 

2.023950e+03 8.156866e+06 7.660760e+05 
2.022050e+03 8.192792e+06 8.511955e+05 
2.174300e+03 8.753439e+06 4.532460e+05 
2.021250e+03 8.191268e+06 8.511955e+05 
2.857350e+03 1.103540e+07 3.040583e+05 
2.109700e+03 8.387644e+06 5.287870e+05 
2.889300e+03 1.100091e+07 3.040583e+05 
2.437200e+03 1.001728e+07 3.479703e+05 
2.843600e+03 1.102214e+07 3.040583e+05 
2.440600e+03 9.880487e+06 3.479703e+05 
2.090900e+03 8.369454e+06 5.958369e+05 
2.029100e+03 8.168006e+06 7.660760e+05 
2.175600e+03 8.833483e+06 4.255978e+05 
2.416350e+03 9.790815e+06 3.655891e+05 
2.021250e+03 8.191268e+06 8.511955e+05 
2.025600e+03 8.192337e+06 8.511955e+05 
2.651600e+03 1.046080e+07 3.259473e+05 
2.082500e+03 8.309537e+06 6.809564e+05 
2.021250e+03 8.191268e+06 8.511955e+05 
2.113950e+03 8.435973e+06 5.107173e+05 
2.078700e+03 8.379396e+06 6.809564e+05 
2.163900e+03 8.729481e+06 4.532460e+05 
2.655350e+03 1.037992e+07 3.404782e+05 
2.173100e+03 8.790712e+06 4.255978e+05 
2.368500e+03 9.620750e+06 3.777050e+05 
2.094500e+03 8.377126e+06 5.958369e+05 
2.832300e+03 1.105074e+07 3.040583e+05 
2.408750e+03 9.822622e+06 3.655891e+05 
2.099200e+03 8.367966e+06 5.958369e+05 
2.117750e+03 8.448745e+06 5.107173e+05 
2.877300e+03 1.123086e+07 3.040583e+05 
2.434450e+03 9.842425e+06 3.655891e+05 
2.380050e+03 9.654973e+06 3.777050e+05 
2.021250e+03 8.191268e+06 8.511955e+05 
2.108100e+03 8.355210e+06 5.287870e+05 
2.662350e+03 1.054524e+07 3.404782e+05 
2.071900e+03 8.285936e+06 6.809564e+05 
2.686400e+03 1.047340e+07 3.259473e+05 
2.853300e+03 1.087652e+07 3.040583e+05 
2.680100e+03 1.053159e+07 3.259473e+05 
2.672500e+03 1.046569e+07 3.404782e+05 
2.414350e+03 9.863291e+06 3.655891e+05 
2.432800e+03 9.867532e+06 3.479703e+05 
2.115700e+03 8.454360e+06 5.107173e+05 
2.026900e+03 8.162133e+06 7.660760e+05 
2.432750e+03 9.997909e+06 3.479703e+05 
2.910900e+03 1.093135e+07 3.040583e+05 
2.104500e+03 8.355370e+06 5.287870e+05 
2.408000e+03 9.839747e+06 3.655891e+05 
2.370300e+03 9.737819e+06 3.777050e+05 

2.377100e+03 9.708748e+06 3.404782e+05 
2.413300e+03 9.841766e+06 3.398299e+05 
2.034050e+03 8.370912e+06 7.660760e+05 
2.270050e+03 9.309406e+06 4.532460e+05 
2.239850e+03 9.053551e+06 5.107173e+05 
2.662550e+03 1.084805e+07 3.040583e+05 
2.222900e+03 9.124237e+06 5.107173e+05 
2.036050e+03 8.379492e+06 7.660760e+05 
2.306350e+03 9.298995e+06 4.255978e+05 
2.305600e+03 9.403866e+06 3.777050e+05 
2.385800e+03 9.810305e+06 3.114660e+05 
2.148900e+03 8.989134e+06 5.287870e+05 
2.134800e+03 8.953133e+06 5.287870e+05 
2.293250e+03 9.368384e+06 3.777050e+05 
2.216650e+03 9.109862e+06 5.107173e+05 
2.293850e+03 9.252183e+06 4.255978e+05 
2.035450e+03 8.439108e+06 7.660760e+05 
2.140700e+03 9.010796e+06 5.287870e+05 
2.277950e+03 9.354542e+06 4.255978e+05 
2.384050e+03 9.829904e+06 3.183740e+05 
2.411350e+03 9.864846e+06 3.183740e+05 
2.219200e+03 9.101649e+06 5.107173e+05 
2.622850e+03 1.059881e+07 3.040583e+05 
2.060050e+03 8.461199e+06 6.809564e+05 
2.273950e+03 9.321179e+06 4.255978e+05 
2.244250e+03 9.068233e+06 5.107173e+05 
2.041750e+03 8.242051e+06 7.660760e+05 
2.092000e+03 8.673864e+06 5.958369e+05 
2.404000e+03 9.907809e+06 3.183740e+05 
2.089400e+03 8.666924e+06 5.958369e+05 
2.042950e+03 8.185334e+06 7.660760e+05 
2.027650e+03 8.207058e+06 8.511955e+05 
2.271850e+03 9.340189e+06 4.532460e+05 
2.136500e+03 9.090717e+06 5.287870e+05 
2.040350e+03 8.173855e+06 7.660760e+05 
2.379850e+03 9.622470e+06 3.404782e+05 
2.401750e+03 1.000511e+07 3.114660e+05 
2.041750e+03 8.242051e+06 7.660760e+05 
2.027450e+03 8.203987e+06 8.511955e+05 
2.145500e+03 8.995330e+06 5.287870e+05 
2.303250e+03 9.465274e+06 3.777050e+05 
2.041750e+03 8.181330e+06 7.660760e+05 
2.390050e+03 9.617544e+06 3.404782e+05 
2.041750e+03 8.242051e+06 7.660760e+05 
2.364800e+03 9.790443e+06 3.404782e+05 
2.041750e+03 8.242051e+06 7.660760e+05 
2.057850e+03 8.451456e+06 6.809564e+05 
2.343350e+03 9.486807e+06 3.404782e+05 
2.041750e+03 8.181330e+06 7.660760e+05 
2.414200e+03 9.853129e+06 3.114660e+05 

2.100650e+03 8.539039e+06 5.107173e+05 
2.026100e+03 8.175917e+06 8.511955e+05 
2.681700e+03 1.036564e+07 3.404782e+05 
2.026100e+03 8.175917e+06 8.511955e+05 
2.270900e+03 9.176579e+06 3.655891e+05 
2.276200e+03 9.156260e+06 3.655891e+05 
2.037650e+03 8.126303e+06 6.809564e+05 
2.675000e+03 1.044458e+07 3.404782e+05 
2.651100e+03 1.049380e+07 3.404782e+05 
2.057150e+03 8.166739e+06 5.958369e+05 
2.045650e+03 8.167795e+06 6.809564e+05 
2.639600e+03 1.042930e+07 3.487723e+05 
2.194500e+03 8.992616e+06 3.777050e+05 
2.064150e+03 8.394217e+06 5.287870e+05 
2.136550e+03 8.641208e+06 4.532460e+05 
2.893250e+03 1.138350e+07 3.212570e+05 
2.282700e+03 9.196885e+06 3.655891e+05 
2.113950e+03 8.619740e+06 4.532460e+05 
2.192600e+03 9.055185e+06 3.936772e+05 
2.169400e+03 8.918061e+06 4.255978e+05 
2.271800e+03 9.260313e+06 3.655891e+05 
2.029150e+03 8.136392e+06 7.660760e+05 
2.962100e+03 1.139707e+07 3.183740e+05 
2.960650e+03 1.167662e+07 3.183740e+05 
2.028150e+03 8.133056e+06 7.660760e+05 
2.048550e+03 8.165964e+06 6.809564e+05 
2.943550e+03 1.169757e+07 3.183740e+05 
2.115350e+03 8.684885e+06 4.532460e+05 
2.171500e+03 9.007000e+06 4.255978e+05 
2.638200e+03 1.043560e+07 3.404782e+05 
2.164300e+03 8.918593e+06 4.255978e+05 
2.065550e+03 8.401691e+06 5.287870e+05 
2.083350e+03 8.387744e+06 5.287870e+05 
2.181200e+03 8.938530e+06 4.255978e+05 
2.197300e+03 9.014810e+06 3.777050e+05 
2.628200e+03 1.048893e+07 3.404782e+05 
2.640900e+03 1.040284e+07 3.404782e+05 
2.029050e+03 8.176034e+06 8.511955e+05 
2.067550e+03 8.395207e+06 5.287870e+05 
2.027050e+03 8.170506e+06 8.511955e+05 
2.049650e+03 8.163713e+06 6.809564e+05 
2.026900e+03 8.177441e+06 8.511955e+05 
2.043150e+03 8.109599e+06 5.958369e+05 
2.090250e+03 8.536585e+06 5.107173e+05 
2.196800e+03 9.071500e+06 3.777050e+05 
2.964650e+03 1.142853e+07 3.183740e+05 
2.919550e+03 1.158193e+07 3.183740e+05 
2.027050e+03 8.170506e+06 8.511955e+05 
2.194000e+03 9.018289e+06 3.936772e+05 
2.092050e+03 8.561298e+06 5.107173e+05 

2.363850e+03 9.754642e+06 4.787968e+05 
2.678000e+03 1.107726e+07 3.183740e+05 
2.083200e+03 8.281820e+06 6.809564e+05 
2.505500e+03 1.043140e+07 3.777050e+05 
2.021650e+03 8.159718e+06 8.511955e+05 
2.571050e+03 1.069804e+07 3.404782e+05 
2.020850e+03 8.155446e+06 8.511955e+05 
2.035250e+03 8.137798e+06 7.660760e+05 
2.020850e+03 8.155446e+06 8.511955e+05 
2.034050e+03 8.133794e+06 7.660760e+05 
2.176200e+03 8.675197e+06 5.287870e+05 
2.355650e+03 9.793682e+06 4.532460e+05 
2.349550e+03 9.788094e+06 4.787968e+05 
2.021800e+03 8.150035e+06 8.511955e+05 
2.561650e+03 1.073352e+07 3.404782e+05 
2.061350e+03 8.618049e+06 6.809564e+05 
2.031550e+03 8.151209e+06 7.660760e+05 
2.366750e+03 9.774137e+06 4.532460e+05 
2.032950e+03 8.158684e+06 7.660760e+05 
2.082100e+03 8.279352e+06 6.809564e+05 
2.494100e+03 1.045873e+07 3.777050e+05 
2.354450e+03 9.753848e+06 4.532460e+05 
2.100300e+03 8.296595e+06 5.958369e+05 
2.025700e+03 8.140095e+06 8.511955e+05 
2.020850e+03 8.155446e+06 8.511955e+05 
2.081400e+03 8.339853e+06 6.809564e+05 
2.171800e+03 8.641901e+06 5.287870e+05 
2.021800e+03 8.150035e+06 8.511955e+05 
2.027300e+03 8.145433e+06 8.511955e+05 
2.348250e+03 9.741681e+06 4.787968e+05 
2.530000e+03 1.052640e+07 3.777050e+05 
2.034050e+03 8.133794e+06 7.660760e+05 
2.271600e+03 9.185116e+06 5.107173e+05 
2.068050e+03 8.678924e+06 6.809564e+05 
2.556000e+03 1.063805e+07 3.404782e+05 
2.095500e+03 8.339413e+06 5.958369e+05 
2.518300e+03 1.056302e+07 3.777050e+05 
2.020850e+03 8.155446e+06 8.511955e+05 
2.093500e+03 8.276939e+06 5.958369e+05 
2.656500e+03 1.101536e+07 3.183740e+05 
2.021800e+03 8.150035e+06 8.511955e+05 
2.067850e+03 8.613027e+06 6.809564e+05 
2.276300e+03 9.211831e+06 5.107173e+05 
2.021800e+03 8.150035e+06 8.511955e+05 
2.020850e+03 8.155446e+06 8.511955e+05 
2.440250e+03 9.772822e+06 4.255978e+05 
2.025700e+03 8.140095e+06 8.511955e+05 
2.462100e+03 9.870223e+06 4.255978e+05 
2.025700e+03 8.140095e+06 8.511955e+05 
2.061000e+03 8.625530e+06 6.809564e+05 

2.028200e+03 8.143806e+06 7.660760e+05 
2.022050e+03 8.195539e+06 8.511955e+05 
2.137800e+03 8.652553e+06 5.287870e+05 
2.207900e+03 9.063578e+06 4.532460e+05 
2.160700e+03 8.758263e+06 5.107173e+05 
2.137600e+03 8.651695e+06 5.287870e+05 
2.022200e+03 8.185857e+06 8.511955e+05 
2.196800e+03 9.137235e+06 4.532460e+05 
2.381800e+03 9.547859e+06 3.435661e+05 
2.298350e+03 9.286528e+06 4.255978e+05 
2.207650e+03 9.128149e+06 4.532460e+05 
2.140600e+03 8.650265e+06 5.287870e+05 
2.022200e+03 8.185857e+06 8.511955e+05 
2.136800e+03 8.452395e+06 5.958369e+05 
2.291400e+03 9.284259e+06 4.255978e+05 
2.049900e+03 8.289257e+06 6.809564e+05 
2.466400e+03 1.012818e+07 3.083285e+05 
2.096100e+03 8.515112e+06 5.958369e+05 
2.022050e+03 8.195539e+06 8.511955e+05 
2.028400e+03 8.140755e+06 7.660760e+05 
2.205800e+03 9.121934e+06 4.532460e+05 
2.029150e+03 8.138395e+06 7.660760e+05 
2.334500e+03 9.352964e+06 3.777050e+05 
2.209900e+03 9.060983e+06 4.532460e+05 
2.313100e+03 9.345624e+06 3.777050e+05 
2.025500e+03 8.160153e+06 7.660760e+05 
2.329600e+03 9.401074e+06 3.777050e+05 
2.022200e+03 8.185857e+06 8.511955e+05 
2.024200e+03 8.196535e+06 8.511955e+05 
2.025150e+03 8.168768e+06 7.660760e+05 
2.415650e+03 9.817783e+06 3.404782e+05 
2.027200e+03 8.138467e+06 7.660760e+05 
2.022200e+03 8.185857e+06 8.511955e+05 
2.468300e+03 1.018015e+07 3.083285e+05 
2.025300e+03 8.159085e+06 7.660760e+05 
2.049100e+03 8.282583e+06 6.809564e+05 
2.034650e+03 8.133793e+06 7.660760e+05 
2.431250e+03 9.781759e+06 3.404782e+05 
2.209400e+03 9.054119e+06 4.532460e+05 
2.302350e+03 9.260543e+06 4.255978e+05 
2.158000e+03 8.752952e+06 5.107173e+05 
2.473200e+03 1.016617e+07 3.083285e+05 
2.033250e+03 8.125404e+06 7.660760e+05 
2.093000e+03 8.432119e+06 5.958369e+05 
2.380500e+03 9.507881e+06 3.435661e+05 
2.312550e+03 9.276430e+06 4.255978e+05 
2.022450e+03 8.197675e+06 8.511955e+05 
2.412450e+03 9.769306e+06 3.404782e+05 
2.383000e+03 9.542188e+06 3.435661e+05 
2.035650e+03 8.133411e+06 7.660760e+05 

2.396400e+03 1.016960e+07 3.040583e+05 
2.332500e+03 9.878336e+06 3.777050e+05 
2.449050e+03 9.828719e+06 3.832080e+05 
2.346050e+03 9.696834e+06 4.255978e+05 
2.397500e+03 1.007518e+07 3.040583e+05 
2.093050e+03 8.502796e+06 6.809564e+05 
2.207750e+03 8.987455e+06 4.532460e+05 
2.310050e+03 9.856394e+06 3.777050e+05 
2.351150e+03 1.009056e+07 3.404782e+05 
2.306700e+03 9.820434e+06 4.255978e+05 
2.181300e+03 9.001375e+06 5.107173e+05 
2.176400e+03 8.877158e+06 5.107173e+05 
2.342800e+03 9.829911e+06 3.777050e+05 
2.204650e+03 9.016842e+06 4.532460e+05 
2.313450e+03 9.792860e+06 4.255978e+05 
2.206100e+03 9.193087e+06 4.532460e+05 
2.306250e+03 9.877390e+06 4.255978e+05 
2.328700e+03 9.813337e+06 3.777050e+05 
2.359150e+03 9.703813e+06 4.255978e+05 
2.150250e+03 8.754035e+06 5.958369e+05 
2.090750e+03 8.499840e+06 6.809564e+05 
2.119850e+03 8.573810e+06 6.809564e+05 
2.221250e+03 8.949167e+06 4.532460e+05 
2.404750e+03 9.778974e+06 3.777050e+05 
2.315550e+03 9.885054e+06 3.777050e+05 
2.404300e+03 1.016764e+07 3.040583e+05 
2.368850e+03 9.883084e+06 3.083285e+05 
2.159150e+03 8.781598e+06 5.287870e+05 
2.152750e+03 8.691742e+06 5.287870e+05 
2.444050e+03 9.759183e+06 3.777050e+05 
2.351750e+03 9.895262e+06 3.404782e+05 
2.159550e+03 8.719865e+06 5.287870e+05 
2.352900e+03 1.001220e+07 3.404782e+05 
2.209200e+03 8.899779e+06 5.107173e+05 
2.209850e+03 9.039209e+06 4.532460e+05 
2.198800e+03 9.165192e+06 4.532460e+05 
2.182800e+03 8.919871e+06 5.107173e+05 
2.177200e+03 8.694410e+06 5.287870e+05 
2.293550e+03 9.810005e+06 4.255978e+05 
2.154250e+03 8.778538e+06 5.958369e+05 
2.427650e+03 9.829505e+06 3.777050e+05 
2.379950e+03 9.907648e+06 3.083285e+05 
2.351650e+03 1.012382e+07 3.083285e+05 
2.363950e+03 9.944998e+06 3.404782e+05 
2.439400e+03 1.029593e+07 3.040583e+05 
2.211750e+03 8.893851e+06 4.532460e+05 
2.441600e+03 1.015876e+07 3.040583e+05 
2.350250e+03 9.997729e+06 3.404782e+05 
2.386650e+03 9.796529e+06 3.777050e+05 
2.159750e+03 8.719503e+06 5.287870e+05 

2.020450e+03 8.133202e+06 8.511955e+05 
2.067450e+03 8.391502e+06 6.809564e+05 
2.281800e+03 9.589319e+06 4.532460e+05 
2.431400e+03 1.037085e+07 3.404782e+05 
2.492250e+03 1.065882e+07 3.040583e+05 
2.122500e+03 8.802126e+06 5.958369e+05 
2.375500e+03 1.019602e+07 3.777050e+05 
2.324250e+03 9.817366e+06 4.255978e+05 
2.448800e+03 1.038262e+07 3.404782e+05 
2.253550e+03 9.432153e+06 5.107173e+05 
2.386100e+03 1.013640e+07 3.777050e+05 
2.259650e+03 9.436151e+06 5.107173e+05 
2.121350e+03 8.836239e+06 5.958369e+05 
2.068150e+03 8.397174e+06 6.809564e+05 
2.396700e+03 1.017164e+07 3.777050e+05 
2.018850e+03 8.128931e+06 8.511955e+05 
2.513650e+03 1.074072e+07 3.040583e+05 
2.138900e+03 8.928747e+06 5.287870e+05 
2.121900e+03 8.852255e+06 5.958369e+05 
2.374350e+03 9.880782e+06 4.255978e+05 
2.434300e+03 1.053202e+07 3.404782e+05 
2.295600e+03 9.621496e+06 4.532460e+05 
2.296800e+03 9.573595e+06 4.532460e+05 
2.336350e+03 9.902210e+06 4.255978e+05 
2.478050e+03 1.075968e+07 3.040583e+05 
2.554550e+03 1.088332e+07 3.040583e+05 
2.122750e+03 8.782153e+06 5.958369e+05 
2.129850e+03 8.838402e+06 5.958369e+05 
2.034400e+03 8.281094e+06 7.660760e+05 
2.253450e+03 9.487356e+06 5.107173e+05 
2.251000e+03 9.384440e+06 5.107173e+05 
2.298700e+03 9.574511e+06 4.532460e+05 
2.134650e+03 8.896561e+06 5.287870e+05 
2.122750e+03 8.786500e+06 5.958369e+05 
2.136900e+03 8.921959e+06 5.287870e+05 
2.118150e+03 8.824418e+06 5.958369e+05 
2.036600e+03 8.292840e+06 7.660760e+05 
2.509650e+03 1.092020e+07 3.040583e+05 
2.331450e+03 9.795086e+06 4.255978e+05 
2.019350e+03 8.130599e+06 8.511955e+05 
2.375100e+03 1.009962e+07 3.777050e+05 
2.061950e+03 8.375256e+06 6.809564e+05 
2.400500e+03 1.029219e+07 3.404782e+05 
2.310950e+03 9.396801e+06 5.107173e+05 
2.517400e+03 1.073399e+07 3.085577e+05 
2.281350e+03 9.534546e+06 4.532460e+05 
2.043250e+03 8.287099e+06 7.660760e+05 
2.512350e+03 1.076355e+07 3.040583e+05 
2.320550e+03 9.735165e+06 4.255978e+05 
2.037350e+03 8.286361e+06 7.660760e+05 

2.251400e+03 9.167396e+06 4.532460e+05 
2.416950e+03 9.829754e+06 3.435661e+05 
2.132950e+03 8.609984e+06 5.958369e+05 
2.016250e+03 8.105344e+06 8.511955e+05 
2.011400e+03 8.182885e+06 8.511955e+05 
2.432950e+03 9.861379e+06 3.404782e+05 
2.152350e+03 8.667988e+06 5.958369e+05 
2.376750e+03 9.611819e+06 4.255978e+05 
2.066750e+03 8.352060e+06 7.660760e+05 
2.361500e+03 9.638429e+06 4.255978e+05 
2.012000e+03 8.125367e+06 8.511955e+05 
2.367600e+03 9.551209e+06 3.756015e+05 
2.265400e+03 9.123396e+06 4.532460e+05 
2.142050e+03 8.651246e+06 5.958369e+05 
2.338550e+03 9.518496e+06 4.255978e+05 
2.017450e+03 8.108547e+06 8.511955e+05 
2.396850e+03 9.777474e+06 3.404782e+05 
2.012000e+03 8.125367e+06 8.511955e+05 
2.359600e+03 9.672627e+06 4.255978e+05 
2.386700e+03 9.750021e+06 3.777050e+05 
2.199100e+03 9.005845e+06 5.287870e+05 
2.250900e+03 9.130843e+06 4.532460e+05 
2.420750e+03 9.875231e+06 3.404782e+05 
2.075350e+03 8.389203e+06 7.660760e+05 
2.373250e+03 9.634020e+06 4.255978e+05 
2.137650e+03 8.678400e+06 6.809564e+05 
2.231600e+03 9.039851e+06 5.107173e+05 
2.149150e+03 8.624686e+06 5.958369e+05 
2.909150e+03 1.187160e+07 3.114660e+05 
2.064350e+03 8.343385e+06 7.660760e+05 
2.415350e+03 9.843557e+06 3.435661e+05 
2.424800e+03 9.735093e+06 3.756015e+05 
2.012950e+03 8.119956e+06 8.511955e+05 
2.218900e+03 8.945360e+06 5.287870e+05 
2.854950e+03 1.173252e+07 3.114660e+05 
2.010950e+03 8.109278e+06 8.511955e+05 
2.239800e+03 9.060139e+06 5.107173e+05 
2.261950e+03 9.121556e+06 4.532460e+05 
2.445650e+03 9.953981e+06 3.404782e+05 
2.254900e+03 9.185718e+06 4.532460e+05 
2.234500e+03 9.076310e+06 5.107173e+05 
2.392800e+03 9.681237e+06 3.756015e+05 
2.017250e+03 8.108013e+06 8.511955e+05 
2.217200e+03 8.937418e+06 5.287870e+05 
2.943750e+03 1.196481e+07 3.114660e+05 
2.410750e+03 9.862883e+06 3.435661e+05 
2.390200e+03 9.709535e+06 3.756015e+05 
2.356200e+03 9.494486e+06 4.255978e+05 
2.218800e+03 8.955771e+06 5.287870e+05 
2.210100e+03 9.065051e+06 5.287870e+05 

