6.336050e+03 2.629692e+07 2.298228e+06 
7.087250e+03 2.924708e+07 1.830070e+06 
7.046900e+03 2.905501e+07 2.042869e+06 
6.352450e+03 2.596904e+07 2.383347e+06 
7.092700e+03 2.909157e+07 1.872630e+06 
6.347200e+03 2.615635e+07 2.383347e+06 
6.355300e+03 2.587206e+07 2.383347e+06 
6.310700e+03 2.578306e+07 2.468467e+06 
7.747900e+03 3.136608e+07 1.532152e+06 
7.779100e+03 3.158714e+07 1.361913e+06 
6.295750e+03 2.590914e+07 2.468467e+06 
6.971000e+03 2.876578e+07 2.085429e+06 
7.133400e+03 2.910145e+07 1.830070e+06 
7.905200e+03 3.209846e+07 1.359738e+06 
8.105350e+03 3.274584e+07 1.361913e+06 
7.043050e+03 2.917986e+07 2.042869e+06 
7.079800e+03 2.930288e+07 1.872630e+06 
7.113200e+03 2.878065e+07 2.000309e+06 
7.112100e+03 2.896097e+07 1.915190e+06 
7.602850e+03 3.123823e+07 1.787511e+06 
6.945400e+03 2.866186e+07 2.127989e+06 
8.026650e+03 3.223520e+07 1.057574e+06 
6.362000e+03 2.603529e+07 2.213108e+06 
7.050700e+03 2.897849e+07 2.042869e+06 
7.053750e+03 2.905625e+07 1.915190e+06 

7.903850e+03 3.257315e+07 1.133115e+06 
7.934500e+03 3.287291e+07 1.106554e+06 
7.905150e+03 3.262887e+07 1.106554e+06 
7.478350e+03 3.129900e+07 1.276793e+06 
6.770600e+03 2.807148e+07 1.957750e+06 
6.705000e+03 2.808326e+07 2.042869e+06 
7.554100e+03 3.147832e+07 1.191674e+06 
6.728750e+03 2.788736e+07 2.042869e+06 
7.102850e+03 2.964501e+07 1.787511e+06 
6.542250e+03 2.706456e+07 2.127989e+06 
6.824950e+03 2.822914e+07 1.872630e+06 
7.536750e+03 3.167642e+07 1.208656e+06 
7.310300e+03 3.017410e+07 1.617271e+06 
6.830100e+03 2.840588e+07 1.957750e+06 
7.343500e+03 3.056117e+07 1.361913e+06 
7.158850e+03 2.969167e+07 1.702391e+06 
8.008400e+03 3.273369e+07 1.037375e+06 
7.333650e+03 3.043309e+07 1.532152e+06 
6.780700e+03 2.794568e+07 1.957750e+06 
7.413550e+03 3.161885e+07 1.276793e+06 
7.372050e+03 3.061193e+07 1.359738e+06 
7.389650e+03 3.077568e+07 1.284197e+06 
6.803900e+03 2.831589e+07 1.872630e+06 
7.241250e+03 3.017725e+07 1.617271e+06 
7.483350e+03 3.096032e+07 1.447032e+06 

7.355900e+03 2.990965e+07 1.447032e+06 
6.929050e+03 2.842752e+07 1.872630e+06 
8.142450e+03 3.328488e+07 1.057574e+06 
6.775700e+03 2.843518e+07 2.042869e+06 
7.289400e+03 2.969101e+07 1.532152e+06 
6.460100e+03 2.685387e+07 2.298228e+06 
7.291100e+03 2.996556e+07 1.447032e+06 
6.938750e+03 2.856764e+07 1.787511e+06 
7.077800e+03 2.834140e+07 1.872630e+06 
7.804950e+03 3.282821e+07 1.361913e+06 
8.074850e+03 3.277200e+07 1.133115e+06 
8.085650e+03 3.235875e+07 1.208656e+06 
8.154200e+03 3.275115e+07 1.133115e+06 
6.898750e+03 2.814260e+07 2.042869e+06 
8.049350e+03 3.247326e+07 1.208656e+06 
7.278900e+03 3.012825e+07 1.447032e+06 
7.808350e+03 3.197457e+07 1.361913e+06 
7.170200e+03 2.990047e+07 1.702391e+06 
6.897000e+03 2.835151e+07 1.957750e+06 
6.845600e+03 2.846519e+07 1.957750e+06 
7.074250e+03 2.838503e+07 1.872630e+06 
7.875100e+03 3.259393e+07 1.191674e+06 
7.816000e+03 3.280834e+07 1.276793e+06 
7.181650e+03 2.986650e+07 1.702391e+06 
7.840650e+03 3.275925e+07 1.208656e+06 

6.839550e+03 2.851806e+07 2.042869e+06 
6.965050e+03 2.936913e+07 1.702391e+06 
7.418900e+03 3.120250e+07 1.361913e+06 
7.437700e+03 3.125962e+07 1.284197e+06 
7.012150e+03 2.942015e+07 1.617271e+06 
6.815950e+03 2.863309e+07 1.872630e+06 
7.881650e+03 3.313307e+07 1.106554e+06 
6.996850e+03 2.951731e+07 1.617271e+06 
7.242200e+03 3.043567e+07 1.532152e+06 
6.778550e+03 2.847655e+07 2.213108e+06 
6.789500e+03 2.845884e+07 2.127989e+06 
6.820450e+03 2.861332e+07 2.042869e+06 
6.766650e+03 2.841071e+07 2.298228e+06 
6.772350e+03 2.854156e+07 2.213108e+06 
6.748550e+03 2.854184e+07 2.298228e+06 
6.700750e+03 2.828124e+07 2.383347e+06 
7.989400e+03 3.335649e+07 1.021435e+06 
6.965200e+03 2.923251e+07 1.702391e+06 
7.864050e+03 3.305575e+07 1.276793e+06 
6.788800e+03 2.847262e+07 2.213108e+06 
6.927650e+03 2.904917e+07 1.787511e+06 
6.686650e+03 2.813691e+07 2.468467e+06 
7.277500e+03 3.064312e+07 1.447032e+06 
6.821900e+03 2.858872e+07 2.042869e+06 
8.012200e+03 3.358753e+07 1.057574e+06 

7.186950e+03 2.971037e+07 1.744951e+06 
8.318450e+03 3.417321e+07 9.820330e+05 
6.740100e+03 2.816477e+07 1.957750e+06 
7.273800e+03 2.982314e+07 1.617271e+06 
8.172000e+03 3.352720e+07 1.063994e+06 
6.782500e+03 2.812357e+07 1.872630e+06 
6.758700e+03 2.807139e+07 1.957750e+06 
6.687000e+03 2.781199e+07 2.042869e+06 
7.473800e+03 3.116960e+07 1.361913e+06 
6.792800e+03 2.802599e+07 1.957750e+06 
6.960700e+03 2.878817e+07 1.872630e+06 
7.250100e+03 2.985948e+07 1.702391e+06 
7.111450e+03 2.928889e+07 1.787511e+06 
6.756450e+03 2.821247e+07 1.872630e+06 
7.387350e+03 3.114892e+07 1.532152e+06 
7.469850e+03 3.110588e+07 1.447032e+06 
7.164650e+03 2.984362e+07 1.744951e+06 
7.200600e+03 2.941745e+07 1.702391e+06 
7.250650e+03 2.988289e+07 1.659831e+06 
8.445150e+03 3.502306e+07 1.106554e+06 
7.317650e+03 2.972758e+07 1.617271e+06 
7.715000e+03 3.157216e+07 1.284197e+06 
7.255500e+03 2.997840e+07 1.617271e+06 
8.279050e+03 3.407349e+07 1.021435e+06 
7.250600e+03 2.990348e+07 1.659831e+06 

8.107600e+03 3.426787e+07 1.133115e+06 
8.181500e+03 3.449962e+07 1.106554e+06 
7.474050e+03 3.181113e+07 1.574712e+06 
7.567900e+03 3.263358e+07 1.435279e+06 
7.592050e+03 3.235578e+07 1.435279e+06 
7.618550e+03 3.245839e+07 1.415112e+06 
7.251900e+03 3.032018e+07 2.085429e+06 
7.567750e+03 3.169194e+07 1.532152e+06 
7.529900e+03 3.198398e+07 1.532152e+06 
8.166600e+03 3.459966e+07 1.021435e+06 
7.483300e+03 3.161523e+07 1.702391e+06 
7.497700e+03 3.134310e+07 1.872630e+06 
7.469250e+03 3.205533e+07 1.532152e+06 
7.339900e+03 3.162596e+07 1.744951e+06 
7.485000e+03 3.163465e+07 1.617271e+06 
8.080150e+03 3.368800e+07 1.191674e+06 
7.232650e+03 3.044229e+07 2.085429e+06 
7.398600e+03 3.144724e+07 1.744951e+06 
7.467950e+03 3.203365e+07 1.702391e+06 
7.248600e+03 3.070293e+07 2.042869e+06 
7.321750e+03 3.063871e+07 2.042869e+06 
7.267650e+03 3.018861e+07 2.127989e+06 
8.027050e+03 3.376259e+07 1.329992e+06 
6.619500e+03 2.719065e+07 2.298228e+06 
7.194600e+03 3.051827e+07 2.127989e+06 

7.783350e+03 3.282048e+07 1.208656e+06 
7.952600e+03 3.347584e+07 1.133115e+06 
6.995050e+03 2.970046e+07 1.617271e+06 
7.817650e+03 3.267319e+07 1.208656e+06 
7.620000e+03 3.171610e+07 1.284197e+06 
6.518800e+03 2.659712e+07 2.127989e+06 
6.943700e+03 2.891663e+07 1.787511e+06 
6.944100e+03 2.890774e+07 1.787511e+06 
6.998700e+03 2.906496e+07 1.617271e+06 
6.482500e+03 2.664719e+07 2.127989e+06 
6.457700e+03 2.625691e+07 2.298228e+06 
6.456450e+03 2.632573e+07 2.298228e+06 
6.433000e+03 2.635921e+07 2.213108e+06 
7.059200e+03 2.913762e+07 1.586361e+06 
7.451500e+03 3.120574e+07 1.319353e+06 
6.440500e+03 2.612435e+07 2.383347e+06 
6.588950e+03 2.694264e+07 2.042869e+06 
7.013100e+03 2.905462e+07 1.617271e+06 
7.018900e+03 2.975249e+07 1.586361e+06 
6.491900e+03 2.663324e+07 2.127989e+06 
6.925400e+03 2.893374e+07 1.702391e+06 
6.432600e+03 2.639431e+07 2.213108e+06 
6.675300e+03 2.764812e+07 1.872630e+06 
6.424600e+03 2.614351e+07 2.383347e+06 
7.403600e+03 3.103146e+07 1.404473e+06 

6.889250e+03 2.853126e+07 1.915190e+06 
6.437950e+03 2.634043e+07 2.468467e+06 
6.457850e+03 2.636295e+07 2.298228e+06 
6.891950e+03 2.859506e+07 1.702391e+06 
6.471600e+03 2.634664e+07 2.383347e+06 
7.488800e+03 3.118209e+07 1.447032e+06 
6.915400e+03 2.843343e+07 2.000309e+06 
6.515400e+03 2.643874e+07 2.213108e+06 
6.894800e+03 2.840650e+07 2.085429e+06 
7.474400e+03 3.143047e+07 1.532152e+06 
7.370900e+03 3.077591e+07 1.617271e+06 
6.887950e+03 2.870705e+07 1.872630e+06 
6.955700e+03 2.854266e+07 1.872630e+06 
8.047500e+03 3.334731e+07 9.837181e+05 
7.712800e+03 3.180563e+07 1.276793e+06 
6.455600e+03 2.651742e+07 2.298228e+06 
6.869250e+03 2.853285e+07 2.042869e+06 
6.469600e+03 2.668220e+07 2.213108e+06 
6.931600e+03 2.851429e+07 1.957750e+06 
6.522450e+03 2.628184e+07 2.383347e+06 
6.864700e+03 2.856824e+07 1.957750e+06 
6.807300e+03 2.848175e+07 2.170549e+06 
6.877950e+03 2.853788e+07 1.957750e+06 
7.620450e+03 3.190666e+07 1.359738e+06 
6.516850e+03 2.633358e+07 2.468467e+06 

7.405050e+03 3.055956e+07 1.447032e+06 
7.403300e+03 3.110530e+07 1.361913e+06 
6.781700e+03 2.832322e+07 2.042869e+06 
7.839750e+03 3.226794e+07 1.359738e+06 
7.334750e+03 3.099304e+07 1.447032e+06 
7.317800e+03 3.068482e+07 1.532152e+06 
7.203550e+03 3.007259e+07 1.702391e+06 
7.172850e+03 3.016291e+07 1.702391e+06 
7.905950e+03 3.273975e+07 1.208656e+06 
7.392950e+03 3.058795e+07 1.532152e+06 
7.358100e+03 3.044107e+07 1.617271e+06 
7.420200e+03 3.106141e+07 1.435279e+06 
7.938700e+03 3.268398e+07 1.284197e+06 
8.216950e+03 3.437568e+07 1.074634e+06 
7.340300e+03 3.084661e+07 1.447032e+06 
7.895500e+03 3.252694e+07 1.329992e+06 
7.140300e+03 2.995969e+07 1.787511e+06 
7.422200e+03 3.106843e+07 1.361913e+06 
8.062200e+03 3.333308e+07 1.191674e+06 
7.359700e+03 3.078594e+07 1.447032e+06 
7.206650e+03 2.977660e+07 1.787511e+06 
8.075000e+03 3.349893e+07 1.133115e+06 
7.191200e+03 2.972133e+07 1.872630e+06 
7.403550e+03 3.045817e+07 1.532152e+06 
8.058600e+03 3.369485e+07 1.159753e+06 

