3.083545e+02 5.452891e+07 6.052537e+06 
3.591744e+02 5.493915e+07 5.353240e+06 
3.243356e+02 6.529171e+07 3.737622e+06 
3.651752e+02 5.610994e+07 4.750398e+06 
2.713744e+02 6.122495e+07 5.232672e+06 
3.663070e+02 5.362895e+07 5.449695e+06 
3.653139e+02 5.359739e+07 5.570263e+06 
2.901782e+02 6.728460e+07 4.509260e+06 
2.923327e+02 6.605663e+07 4.316351e+06 
3.485826e+02 6.213304e+07 3.351803e+06 
3.014410e+02 5.527009e+07 6.052537e+06 
3.586388e+02 5.375026e+07 5.449695e+06 
3.375473e+02 6.040429e+07 4.702170e+06 
3.199373e+02 5.439261e+07 5.739060e+06 
2.782334e+02 5.568347e+07 6.366015e+06 
3.544001e+02 5.407400e+07 5.449695e+06 
3.561525e+02 6.322642e+07 3.158893e+06 
2.330200e+02 6.038564e+07 6.173105e+06 
2.325069e+02 5.872876e+07 6.245447e+06 
2.583486e+02 5.656142e+07 6.245447e+06 
3.180180e+02 6.652518e+07 3.930532e+06 
2.424160e+02 5.811638e+07 5.835514e+06 
2.482053e+02 5.743875e+07 6.245447e+06 
2.488079e+02 5.941889e+07 5.546150e+06 
3.279813e+02 5.431058e+07 6.124879e+06 
3.604247e+02 5.368993e+07 5.449695e+06 
2.372411e+02 5.840509e+07 6.148992e+06 
2.443630e+02 5.772277e+07 6.366015e+06 
2.862898e+02 6.556032e+07 4.702170e+06 
3.388664e+02 6.643367e+07 3.158893e+06 
2.610510e+02 5.634805e+07 6.245447e+06 
2.709108e+02 5.576093e+07 6.245447e+06 
2.528946e+02 5.683111e+07 6.245447e+06 
3.760076e+02 6.111334e+07 3.544712e+06 
2.384958e+02 5.943227e+07 5.907856e+06 
3.512867e+02 5.555598e+07 5.136218e+06 
2.400089e+02 5.817120e+07 6.245447e+06 
3.384933e+02 5.710163e+07 5.232672e+06 
3.323424e+02 6.660220e+07 3.351803e+06 
3.132034e+02 5.442995e+07 5.931969e+06 
3.646101e+02 5.505523e+07 5.256786e+06 
2.518657e+02 5.692876e+07 6.486583e+06 
2.967608e+02 5.558100e+07 5.811401e+06 
2.467921e+02 5.836496e+07 5.642605e+06 
3.272510e+02 6.640485e+07 3.544712e+06 
2.571752e+02 6.104800e+07 5.425582e+06 
2.316380e+02 5.956944e+07 6.486583e+06 
2.630404e+02 5.598383e+07 6.245447e+06 
3.482569e+02 6.079887e+07 4.629828e+06 
3.054776e+02 5.504223e+07 6.052537e+06 

2.728834e+02 5.726792e+07 6.004309e+06 
2.678801e+02 5.738151e+07 6.004309e+06 
3.369907e+02 6.484399e+07 3.375916e+06 
2.893838e+02 5.642522e+07 6.004309e+06 
2.628387e+02 5.775356e+07 6.004309e+06 
3.870617e+02 5.497399e+07 4.678057e+06 
3.944275e+02 5.613039e+07 4.485147e+06 
3.493213e+02 5.534401e+07 5.425580e+06 
3.397194e+02 6.865801e+07 3.281067e+06 
2.805232e+02 6.685285e+07 4.533374e+06 
3.439120e+02 6.343898e+07 3.954645e+06 
3.221855e+02 6.627357e+07 3.472371e+06 
3.111420e+02 6.716643e+07 3.761735e+06 
2.781732e+02 5.674765e+07 6.004309e+06 
2.644592e+02 5.742672e+07 6.004309e+06 
2.528609e+02 5.905637e+07 6.052537e+06 
3.587098e+02 6.316708e+07 4.090620e+06 
3.672424e+02 5.527194e+07 5.232670e+06 
3.248388e+02 5.551684e+07 5.811399e+06 
2.903641e+02 6.022939e+07 5.425580e+06 
2.765868e+02 5.713965e+07 6.004309e+06 
3.156252e+02 6.876089e+07 3.568826e+06 
2.480784e+02 5.940936e+07 6.293673e+06 
3.417146e+02 6.355116e+07 3.924504e+06 
3.302617e+02 6.646933e+07 3.375916e+06 
3.134970e+02 6.702266e+07 3.636342e+06 
3.323482e+02 5.547852e+07 6.004309e+06 
2.920196e+02 5.636310e+07 6.004309e+06 
3.659614e+02 5.686943e+07 4.412806e+06 
3.564641e+02 6.711165e+07 3.279461e+06 
3.799053e+02 5.672389e+07 4.412806e+06 
2.864685e+02 6.571637e+07 4.412806e+06 
3.844139e+02 5.541611e+07 4.605715e+06 
3.534720e+02 6.400814e+07 3.592271e+06 
3.457726e+02 6.434106e+07 3.568826e+06 
2.625407e+02 6.424619e+07 4.991534e+06 
2.450161e+02 6.069144e+07 6.173105e+06 
2.962606e+02 5.584186e+07 6.004309e+06 
2.567444e+02 6.536846e+07 5.184444e+06 
2.580426e+02 5.886116e+07 6.293673e+06 
2.916836e+02 6.575413e+07 4.200603e+06 
2.446061e+02 5.969944e+07 6.293673e+06 
2.589655e+02 5.811590e+07 6.004309e+06 
3.033522e+02 6.817501e+07 3.866226e+06 
2.770471e+02 5.708465e+07 6.004309e+06 
2.538212e+02 6.496906e+07 5.377354e+06 
3.772852e+02 5.533109e+07 4.798625e+06 
2.437373e+02 6.003176e+07 6.293673e+06 
2.738017e+02 6.701465e+07 4.726283e+06 
3.506884e+02 6.369545e+07 3.761735e+06 

3.182955e+02 6.447302e+07 3.448258e+06 
2.797755e+02 5.822356e+07 5.787286e+06 
2.527237e+02 6.058560e+07 6.366015e+06 
3.826080e+02 6.064634e+07 3.134780e+06 
2.550544e+02 5.965766e+07 5.980196e+06 
3.354653e+02 5.818385e+07 4.774512e+06 
3.703673e+02 6.059298e+07 3.156215e+06 
3.785392e+02 6.222577e+07 2.821302e+06 
2.478865e+02 6.122649e+07 6.269560e+06 
2.610615e+02 5.943305e+07 6.173105e+06 
2.699059e+02 5.876910e+07 5.883741e+06 
3.848834e+02 5.968754e+07 3.400031e+06 
3.618622e+02 6.010876e+07 3.327690e+06 
2.853222e+02 5.820385e+07 5.883741e+06 
3.157731e+02 5.795793e+07 5.063876e+06 
2.781009e+02 5.833428e+07 5.763173e+06 
2.515182e+02 6.114448e+07 5.473808e+06 
2.809366e+02 6.539986e+07 4.412806e+06 
3.372589e+02 6.521043e+07 3.014212e+06 
3.283642e+02 5.729429e+07 4.967421e+06 
2.927903e+02 5.806546e+07 6.004309e+06 
2.656741e+02 5.910544e+07 6.052537e+06 
2.725642e+02 5.871571e+07 6.004309e+06 
2.500187e+02 6.161348e+07 5.666718e+06 
3.965958e+02 6.103686e+07 2.941870e+06 
3.831878e+02 6.058918e+07 3.239274e+06 
3.298518e+02 6.433916e+07 3.134780e+06 
2.900084e+02 6.220377e+07 3.906418e+06 
3.702646e+02 6.333323e+07 2.941870e+06 
3.200259e+02 5.750883e+07 5.256786e+06 
2.472441e+02 6.362957e+07 6.052537e+06 
3.155771e+02 6.502668e+07 3.636345e+06 
3.211128e+02 6.405545e+07 3.327690e+06 
4.002088e+02 6.134613e+07 2.748961e+06 
2.669146e+02 6.311683e+07 4.967421e+06 
2.453136e+02 6.176789e+07 6.269560e+06 
3.733748e+02 6.284410e+07 2.823982e+06 
3.171045e+02 5.786519e+07 5.256786e+06 
3.310525e+02 5.912614e+07 4.581602e+06 
2.724661e+02 6.401930e+07 4.895080e+06 
3.227967e+02 6.465046e+07 3.255348e+06 
2.769376e+02 5.857722e+07 5.883741e+06 
2.580414e+02 6.431976e+07 5.256786e+06 
2.623715e+02 6.261054e+07 5.160331e+06 
2.539579e+02 6.028338e+07 5.787286e+06 
3.839913e+02 6.083596e+07 2.990099e+06 
3.114206e+02 6.447245e+07 3.713509e+06 
3.862549e+02 6.244346e+07 2.748961e+06 
2.496550e+02 6.091367e+07 5.859628e+06 
2.832413e+02 6.271623e+07 4.099328e+06 

2.783065e+02 5.639418e+07 6.486583e+06 
4.005002e+02 5.417623e+07 5.160331e+06 
3.379273e+02 5.360650e+07 6.052537e+06 
3.543154e+02 5.376119e+07 5.859628e+06 
3.980425e+02 5.481089e+07 4.895080e+06 
3.446042e+02 5.347679e+07 6.052537e+06 
3.121764e+02 6.729010e+07 4.412806e+06 
2.560409e+02 6.118121e+07 5.522035e+06 
4.107743e+02 5.623835e+07 4.629828e+06 
2.881092e+02 5.801830e+07 4.605715e+06 
2.943366e+02 5.533417e+07 6.366015e+06 
2.952705e+02 5.678334e+07 4.798625e+06 
2.537902e+02 5.829047e+07 6.293673e+06 
2.473205e+02 6.247559e+07 5.907854e+06 
2.840453e+02 5.862925e+07 4.702170e+06 
3.259414e+02 5.374256e+07 6.052537e+06 
3.193562e+02 5.415864e+07 6.052537e+06 
3.035926e+02 5.478521e+07 6.052537e+06 
3.424332e+02 5.358796e+07 6.052537e+06 
3.165627e+02 5.424569e+07 6.052537e+06 
2.986910e+02 5.915126e+07 4.509260e+06 
2.914762e+02 5.561825e+07 6.245447e+06 
2.687706e+02 5.693187e+07 6.366015e+06 
4.147416e+02 5.527371e+07 4.702170e+06 
2.467861e+02 5.980610e+07 6.293673e+06 
3.061042e+02 5.469528e+07 6.052537e+06 
2.997774e+02 5.504710e+07 6.245447e+06 
2.716045e+02 5.676692e+07 6.366015e+06 
2.497928e+02 6.218124e+07 5.714944e+06 
2.597488e+02 5.753221e+07 6.173105e+06 
2.755790e+02 5.645827e+07 6.486583e+06 
4.128473e+02 5.739039e+07 4.509260e+06 
3.935660e+02 5.419362e+07 5.063876e+06 
2.443379e+02 6.102648e+07 6.100764e+06 
2.576576e+02 5.792309e+07 6.293673e+06 
4.088832e+02 5.417461e+07 5.184444e+06 
2.816539e+02 5.567111e+07 6.245447e+06 
2.681729e+02 6.201170e+07 5.208557e+06 
2.732933e+02 6.007455e+07 5.015648e+06 
2.651220e+02 6.338420e+07 5.329125e+06 
3.231938e+02 5.398089e+07 6.052537e+06 
2.526879e+02 5.855618e+07 6.293673e+06 
2.765514e+02 6.121927e+07 4.822738e+06 
3.771715e+02 5.424612e+07 4.967421e+06 
2.635714e+02 6.382387e+07 5.401467e+06 
4.110731e+02 5.494304e+07 4.774512e+06 
3.100091e+02 6.906395e+07 4.412806e+06 
4.178145e+02 5.709177e+07 4.605715e+06 
3.118748e+02 5.442265e+07 6.052537e+06 
2.660493e+02 5.743873e+07 6.486583e+06 

2.429329e+02 5.900333e+07 5.642605e+06 
3.399764e+02 5.571250e+07 4.485147e+06 
2.457262e+02 5.795503e+07 5.642605e+06 
2.424149e+02 6.529681e+07 6.390128e+06 
3.639595e+02 6.006574e+07 2.917757e+06 
2.900662e+02 6.039856e+07 4.292238e+06 
3.806451e+02 5.838293e+07 2.917757e+06 
3.829960e+02 6.365147e+07 2.507822e+06 
3.413542e+02 6.165893e+07 3.343764e+06 
2.599708e+02 5.672427e+07 6.148992e+06 
2.664982e+02 6.066693e+07 4.943308e+06 
2.841143e+02 6.005201e+07 4.485147e+06 
3.508533e+02 5.678657e+07 3.882305e+06 
3.049706e+02 5.419052e+07 5.618492e+06 
2.699192e+02 6.204261e+07 4.750398e+06 
3.462185e+02 5.519876e+07 4.798625e+06 
3.269878e+02 5.351184e+07 5.618492e+06 
3.760207e+02 6.409484e+07 2.628393e+06 
3.146595e+02 6.114549e+07 3.617054e+06 
3.205741e+02 5.381798e+07 5.425582e+06 
2.692597e+02 5.624627e+07 5.907856e+06 
2.802587e+02 5.555515e+07 5.714946e+06 
2.997891e+02 5.466661e+07 5.618492e+06 
2.432142e+02 5.844519e+07 5.642605e+06 
2.499696e+02 5.867577e+07 5.329127e+06 
2.822984e+02 5.498968e+07 5.714946e+06 
3.533324e+02 5.462680e+07 5.063876e+06 
3.077992e+02 6.195888e+07 3.782632e+06 
3.657060e+02 5.735548e+07 3.303576e+06 
2.923871e+02 5.475893e+07 5.714946e+06 
2.441510e+02 5.963320e+07 5.449695e+06 
3.154677e+02 5.400610e+07 5.618492e+06 
3.779884e+02 5.979963e+07 2.740924e+06 
2.511883e+02 5.724598e+07 5.522037e+06 
3.442379e+02 6.247705e+07 3.303576e+06 
3.189367e+02 5.382886e+07 5.425582e+06 
2.484056e+02 5.766410e+07 5.642605e+06 
4.013412e+02 6.006434e+07 2.574807e+06 
3.687269e+02 6.080534e+07 2.724848e+06 
3.617234e+02 5.701805e+07 3.592941e+06 
2.735022e+02 5.590266e+07 5.907856e+06 
3.576627e+02 5.470878e+07 4.967421e+06 
3.427857e+02 5.535295e+07 4.605715e+06 
3.508889e+02 6.204217e+07 3.110667e+06 
3.947421e+02 6.109912e+07 2.435483e+06 
3.471078e+02 5.528187e+07 4.774512e+06 
2.590754e+02 5.900721e+07 5.136218e+06 
3.221178e+02 5.656290e+07 4.461034e+06 
4.030628e+02 6.008124e+07 2.477393e+06 
3.041875e+02 6.214013e+07 4.002873e+06 

2.436686e+02 5.657732e+07 5.497922e+06 
2.385620e+02 5.724403e+07 5.714944e+06 
2.383950e+02 5.945348e+07 5.401467e+06 
2.839243e+02 5.445764e+07 5.401467e+06 
3.034946e+02 5.356814e+07 5.594376e+06 
2.355674e+02 5.770959e+07 5.787286e+06 
2.967949e+02 5.416210e+07 5.714944e+06 
3.210214e+02 5.347077e+07 5.401467e+06 
2.906767e+02 5.435646e+07 5.401467e+06 
2.877829e+02 6.254530e+07 4.147554e+06 
2.394631e+02 5.713797e+07 5.980196e+06 
2.841915e+02 6.398830e+07 4.051100e+06 
2.298421e+02 5.861796e+07 6.100764e+06 
2.372194e+02 5.733858e+07 5.980196e+06 
2.697133e+02 6.299631e+07 4.461032e+06 
2.794487e+02 6.510131e+07 3.978758e+06 
2.499218e+02 6.161655e+07 5.039761e+06 
2.286068e+02 6.117868e+07 5.714944e+06 
2.497359e+02 5.596298e+07 5.714944e+06 
2.957723e+02 6.255063e+07 4.075213e+06 
2.437668e+02 5.851149e+07 5.305012e+06 
2.579994e+02 5.520731e+07 5.401467e+06 
2.891118e+02 6.188534e+07 4.268122e+06 
2.849442e+02 5.739727e+07 4.822738e+06 
2.551202e+02 5.956105e+07 4.846851e+06 
2.284911e+02 5.906338e+07 5.907854e+06 
2.480571e+02 5.626283e+07 5.522035e+06 
2.705272e+02 5.468282e+07 5.594376e+06 
2.862301e+02 6.181592e+07 4.277501e+06 
2.398252e+02 5.675648e+07 5.787286e+06 
2.663359e+02 5.484225e+07 5.522035e+06 
3.198889e+02 5.364723e+07 5.015648e+06 
2.744537e+02 6.547785e+07 4.268122e+06 
3.165733e+02 5.455557e+07 4.919193e+06 
2.814112e+02 5.915642e+07 4.436919e+06 
2.819840e+02 5.453545e+07 5.618490e+06 
2.727071e+02 6.369825e+07 4.340464e+06 
2.907312e+02 6.479014e+07 3.954645e+06 
2.320524e+02 5.790441e+07 6.100764e+06 
2.871555e+02 6.221188e+07 4.194442e+06 
2.789779e+02 5.843926e+07 4.750396e+06 
2.861000e+02 5.438972e+07 5.787286e+06 
2.626403e+02 6.360071e+07 4.726283e+06 
2.941782e+02 5.416709e+07 5.714944e+06 
2.277552e+02 5.919851e+07 6.293673e+06 
2.608897e+02 5.505289e+07 5.401467e+06 
2.987394e+02 5.397880e+07 5.401467e+06 
2.365565e+02 6.057447e+07 5.522035e+06 
2.913458e+02 5.854382e+07 4.629828e+06 
2.549253e+02 5.581984e+07 5.787286e+06 

2.640215e+02 5.535372e+07 4.919193e+06 
3.215934e+02 5.811007e+07 3.351803e+06 
2.841431e+02 5.407386e+07 4.605715e+06 
2.406739e+02 5.802555e+07 5.618490e+06 
2.377141e+02 6.056917e+07 5.618490e+06 
2.828134e+02 5.428766e+07 4.798625e+06 
2.968857e+02 5.427509e+07 4.219896e+06 
2.807140e+02 5.894482e+07 3.834077e+06 
2.385648e+02 5.853882e+07 5.618490e+06 
3.372001e+02 5.549515e+07 3.834077e+06 
3.070970e+02 5.417438e+07 4.509260e+06 
2.574147e+02 5.847834e+07 4.412806e+06 
3.438645e+02 5.576299e+07 2.965984e+06 
2.798006e+02 5.538265e+07 4.412806e+06 
3.329158e+02 5.631677e+07 3.322332e+06 
2.500462e+02 5.810619e+07 4.509260e+06 
3.292752e+02 5.927395e+07 2.965984e+06 
2.607657e+02 5.559526e+07 5.112102e+06 
2.395730e+02 6.337710e+07 5.112102e+06 
2.729835e+02 5.532255e+07 4.533374e+06 
3.661390e+02 5.764550e+07 2.773074e+06 
2.427296e+02 5.786542e+07 4.726283e+06 
2.491291e+02 5.625494e+07 4.943306e+06 
3.002864e+02 5.494992e+07 4.026986e+06 
3.247505e+02 5.493195e+07 3.930532e+06 
2.853019e+02 5.935248e+07 3.641167e+06 
2.685916e+02 7.047636e+07 3.954647e+06 
3.184547e+02 5.866223e+07 3.448258e+06 
2.781682e+02 5.764951e+07 3.858190e+06 
3.503896e+02 5.797243e+07 2.869529e+06 
2.888650e+02 5.868335e+07 3.544712e+06 
2.858728e+02 5.394086e+07 4.605715e+06 
3.183774e+02 5.480430e+07 4.123441e+06 
2.649598e+02 6.864859e+07 4.147554e+06 
2.774607e+02 5.444898e+07 4.798625e+06 
2.414385e+02 6.049934e+07 4.822738e+06 
2.604194e+02 6.029523e+07 4.316351e+06 
2.518714e+02 5.563357e+07 4.822738e+06 
2.421383e+02 5.768809e+07 5.305012e+06 
2.387199e+02 5.819381e+07 5.425580e+06 
3.220441e+02 5.886733e+07 3.158893e+06 
2.815290e+02 5.852203e+07 3.737622e+06 
2.435948e+02 5.664898e+07 5.232670e+06 
2.832638e+02 5.426154e+07 4.798625e+06 
2.779920e+02 5.433815e+07 4.798625e+06 
3.438855e+02 5.560791e+07 3.351803e+06 
2.864462e+02 5.377987e+07 4.605715e+06 
2.477091e+02 5.643264e+07 5.015648e+06 
2.470662e+02 5.709909e+07 4.629828e+06 
2.553609e+02 6.226438e+07 4.436919e+06 

3.062958e+02 5.506484e+07 5.497922e+06 
2.719739e+02 6.533111e+07 4.869356e+06 
3.093796e+02 5.788461e+07 4.726283e+06 
2.481819e+02 5.703770e+07 5.690831e+06 
3.308569e+02 7.357320e+07 3.689394e+06 
3.285715e+02 7.108613e+07 4.263299e+06 
2.340983e+02 6.142633e+07 5.618490e+06 
2.455767e+02 5.723380e+07 5.690831e+06 
2.498296e+02 5.692999e+07 5.690831e+06 
3.077624e+02 5.595137e+07 5.112102e+06 
2.380713e+02 5.803408e+07 5.883741e+06 
2.430823e+02 5.910948e+07 5.497922e+06 
2.681747e+02 5.584143e+07 5.690831e+06 
2.474689e+02 6.419184e+07 5.329125e+06 
3.022743e+02 5.552714e+07 5.305012e+06 
2.317865e+02 6.080767e+07 5.811399e+06 
2.366163e+02 5.861424e+07 5.883741e+06 
2.393697e+02 5.790856e+07 5.690831e+06 
2.437558e+02 5.769974e+07 5.690831e+06 
3.276379e+02 6.952399e+07 4.340464e+06 
3.285168e+02 7.155666e+07 3.882303e+06 
3.256029e+02 7.184661e+07 3.928923e+06 
2.811635e+02 6.515044e+07 4.726283e+06 
2.973475e+02 5.540070e+07 5.690831e+06 
2.892197e+02 6.369036e+07 4.702168e+06 
2.619091e+02 5.620240e+07 5.690831e+06 
3.323720e+02 7.002782e+07 4.268122e+06 
2.337888e+02 5.939788e+07 5.690831e+06 
2.304614e+02 6.214687e+07 5.811399e+06 
2.566850e+02 5.664408e+07 5.690831e+06 
3.057814e+02 5.520075e+07 5.883741e+06 
3.192864e+02 7.245830e+07 4.096111e+06 
3.095788e+02 5.731636e+07 4.919193e+06 
2.326494e+02 6.058482e+07 5.811399e+06 
2.688541e+02 5.574162e+07 5.690831e+06 
3.075259e+02 5.903434e+07 4.533374e+06 
2.489832e+02 6.486735e+07 5.136216e+06 
2.551786e+02 6.534554e+07 4.943306e+06 
3.076668e+02 7.340597e+07 4.461032e+06 
3.329966e+02 7.310495e+07 3.761734e+06 
3.044833e+02 5.531344e+07 5.690831e+06 
2.974925e+02 5.896248e+07 4.726283e+06 
2.858740e+02 5.797200e+07 5.305012e+06 
3.312789e+02 6.779119e+07 4.461032e+06 
3.190723e+02 7.326879e+07 4.268122e+06 
2.315777e+02 6.154203e+07 5.811399e+06 
2.513439e+02 6.370892e+07 5.039761e+06 
3.328380e+02 6.927908e+07 4.430488e+06 
2.532676e+02 5.675186e+07 5.690831e+06 
3.084206e+02 5.482071e+07 5.497922e+06 

3.290482e+02 5.866892e+07 3.713509e+06 
2.437161e+02 5.690075e+07 5.690831e+06 
2.988480e+02 5.369732e+07 5.666718e+06 
3.706535e+02 5.372742e+07 4.388692e+06 
3.021277e+02 5.312346e+07 5.787286e+06 
2.410086e+02 5.708239e+07 5.690831e+06 
2.950808e+02 5.369401e+07 5.787286e+06 
3.157448e+02 5.697738e+07 3.882305e+06 
2.656633e+02 6.244373e+07 5.015648e+06 
2.975074e+02 5.363975e+07 5.787286e+06 
2.657051e+02 5.614812e+07 5.087989e+06 
2.463616e+02 5.747019e+07 5.594376e+06 
2.873392e+02 6.382897e+07 4.268122e+06 
3.348933e+02 5.806503e+07 3.657242e+06 
2.707935e+02 5.508521e+07 6.100764e+06 
2.990696e+02 5.345286e+07 5.787286e+06 
3.878957e+02 5.417356e+07 3.689396e+06 
2.579531e+02 6.245036e+07 5.208557e+06 
2.679289e+02 5.530229e+07 5.787286e+06 
2.979488e+02 6.451099e+07 4.075213e+06 
3.818176e+02 5.373238e+07 4.268124e+06 
2.920006e+02 5.412749e+07 5.980196e+06 
2.822332e+02 5.454684e+07 5.666718e+06 
2.829517e+02 6.563853e+07 4.557487e+06 
2.745855e+02 6.292549e+07 4.822738e+06 
2.603694e+02 5.578611e+07 5.980196e+06 
2.622422e+02 6.436498e+07 5.136216e+06 
3.356913e+02 5.281142e+07 5.763173e+06 
3.620104e+02 5.403718e+07 4.075215e+06 
2.472933e+02 5.625035e+07 5.787286e+06 
2.843866e+02 6.604762e+07 4.364577e+06 
3.130310e+02 5.705538e+07 4.002873e+06 
2.856092e+02 5.419592e+07 5.883741e+06 
2.448258e+02 5.658334e+07 5.690831e+06 
2.616520e+02 5.566722e+07 5.787286e+06 
3.761159e+02 5.446917e+07 3.592941e+06 
2.784194e+02 6.407245e+07 4.653942e+06 
3.608269e+02 5.692173e+07 3.496486e+06 
3.740841e+02 5.637286e+07 3.496486e+06 
3.750586e+02 5.338719e+07 4.461034e+06 
2.678615e+02 6.504041e+07 4.943306e+06 
2.667121e+02 5.554016e+07 5.787286e+06 
3.780661e+02 5.403555e+07 4.171670e+06 
2.482640e+02 5.806869e+07 5.497922e+06 
3.491263e+02 5.629418e+07 3.592941e+06 
2.563018e+02 5.604706e+07 5.787286e+06 
3.054372e+02 5.731231e+07 4.412806e+06 
2.395281e+02 5.730263e+07 5.787286e+06 
3.223164e+02 5.867002e+07 3.740837e+06 
2.926048e+02 5.397726e+07 5.980196e+06 

3.425752e+02 6.168775e+07 3.472371e+06 
3.038363e+02 6.592414e+07 4.123441e+06 
3.196042e+02 5.431458e+07 5.883741e+06 
4.004789e+02 5.420060e+07 4.822738e+06 
2.458844e+02 5.783627e+07 6.245447e+06 
3.126297e+02 5.441858e+07 5.883741e+06 
3.075437e+02 6.625043e+07 3.930532e+06 
3.883459e+02 5.766588e+07 3.737622e+06 
3.799790e+02 5.384506e+07 5.329125e+06 
2.487110e+02 5.831637e+07 6.052537e+06 
2.782897e+02 6.407747e+07 4.702170e+06 
2.589426e+02 5.638919e+07 6.052537e+06 
2.758891e+02 6.415953e+07 4.785762e+06 
2.559530e+02 5.929589e+07 5.859628e+06 
3.320938e+02 5.393699e+07 5.883741e+06 
3.920171e+02 5.367340e+07 5.087989e+06 
3.767825e+02 5.875543e+07 4.026986e+06 
2.559459e+02 5.655625e+07 6.173105e+06 
3.776571e+02 5.593596e+07 4.605715e+06 
2.971326e+02 5.515251e+07 6.173105e+06 
3.279885e+02 6.093024e+07 3.641167e+06 
3.238310e+02 6.063904e+07 3.845329e+06 
3.615093e+02 5.639776e+07 4.822738e+06 
2.859197e+02 5.533998e+07 6.052537e+06 
2.829834e+02 5.559159e+07 6.173105e+06 
3.009795e+02 5.477467e+07 6.173105e+06 
3.810249e+02 5.731507e+07 4.026986e+06 
3.295960e+02 5.425629e+07 5.883741e+06 
3.868721e+02 5.907479e+07 3.255348e+06 
3.923479e+02 5.441067e+07 4.702170e+06 
2.743336e+02 5.586289e+07 6.173105e+06 
3.373939e+02 6.118469e+07 3.531850e+06 
2.678901e+02 6.588387e+07 5.015647e+06 
3.650420e+02 5.975416e+07 3.255348e+06 
2.822758e+02 6.644029e+07 4.514082e+06 
3.851034e+02 5.792563e+07 3.448258e+06 
2.532022e+02 5.669083e+07 6.173105e+06 
3.691029e+02 6.179257e+07 3.158893e+06 
2.501809e+02 5.750100e+07 6.173105e+06 
3.800645e+02 5.719907e+07 4.509260e+06 
3.732363e+02 5.709592e+07 4.533374e+06 
2.635345e+02 5.593183e+07 6.052537e+06 
2.623927e+02 6.364403e+07 5.208557e+06 
3.531181e+02 6.116998e+07 3.281067e+06 
3.808534e+02 6.018204e+07 3.158893e+06 
2.758442e+02 5.571099e+07 6.052537e+06 
2.585087e+02 6.473032e+07 5.287327e+06 
3.104809e+02 5.462681e+07 6.173105e+06 
2.942136e+02 6.575842e+07 4.316351e+06 
3.232883e+02 5.673695e+07 5.497922e+06 

