8.670350e+03 3.572192e+07 9.363151e+05 
8.685850e+03 3.595171e+07 9.064920e+05 
8.262350e+03 3.443608e+07 9.895141e+05 
8.005900e+03 3.346621e+07 1.208656e+06 
8.122700e+03 3.406575e+07 1.057574e+06 
7.784250e+03 3.306887e+07 1.702391e+06 
6.632950e+03 2.694395e+07 2.213108e+06 
6.520800e+03 2.666861e+07 2.298228e+06 
7.784500e+03 3.285785e+07 1.659831e+06 
8.525850e+03 3.514190e+07 9.820330e+05 
8.256600e+03 3.379372e+07 1.057574e+06 
7.836950e+03 3.272543e+07 1.617271e+06 
7.798800e+03 3.355908e+07 1.447032e+06 
7.878550e+03 3.357616e+07 1.415112e+06 
7.776500e+03 3.279663e+07 1.787511e+06 
8.038100e+03 3.334898e+07 1.284197e+06 
7.636400e+03 3.245252e+07 2.138628e+06 
7.766750e+03 3.292599e+07 1.787511e+06 
7.875750e+03 3.275456e+07 1.532152e+06 
7.621600e+03 3.246993e+07 1.915190e+06 
7.603250e+03 3.263926e+07 2.053508e+06 
7.550800e+03 3.224907e+07 2.170549e+06 
7.950750e+03 3.371013e+07 1.361913e+06 
7.607450e+03 3.251222e+07 2.000309e+06 
7.615600e+03 3.275692e+07 1.830070e+06 

9.059350e+03 3.683196e+07 9.363151e+05 
8.137650e+03 3.306216e+07 1.106554e+06 
8.825900e+03 3.602485e+07 9.895141e+05 
8.640950e+03 3.544407e+07 1.021435e+06 
7.323450e+03 3.053238e+07 1.702391e+06 
7.274500e+03 3.054782e+07 1.872630e+06 
7.143600e+03 2.990458e+07 2.383347e+06 
8.195000e+03 3.437298e+07 1.037375e+06 
7.243450e+03 2.985253e+07 2.042869e+06 
7.870700e+03 3.261438e+07 1.532152e+06 
8.067800e+03 3.481169e+07 1.133115e+06 
7.149250e+03 3.013717e+07 2.127989e+06 
7.177250e+03 2.991866e+07 2.127989e+06 
7.903950e+03 3.259009e+07 1.447032e+06 
8.219650e+03 3.349535e+07 1.057574e+06 
7.330400e+03 3.024416e+07 1.787511e+06 
7.305600e+03 3.047203e+07 1.787511e+06 
9.324900e+03 3.885000e+07 9.064920e+05 
7.879100e+03 3.282382e+07 1.447032e+06 
7.923050e+03 3.258344e+07 1.532152e+06 
7.219750e+03 3.005852e+07 1.957750e+06 
8.154400e+03 3.370005e+07 1.057574e+06 
7.845100e+03 3.284981e+07 1.532152e+06 
7.323050e+03 3.004543e+07 1.957750e+06 
8.070350e+03 3.438492e+07 1.095504e+06 

8.216350e+03 3.451796e+07 1.021435e+06 
7.960800e+03 3.437478e+07 1.106554e+06 
7.938600e+03 3.454630e+07 1.191674e+06 
8.480550e+03 3.587517e+07 9.479465e+05 
7.981650e+03 3.304025e+07 1.191674e+06 
8.246250e+03 3.362532e+07 1.057574e+06 
6.964600e+03 2.925556e+07 1.872630e+06 
6.797900e+03 2.815764e+07 2.127989e+06 
7.664200e+03 3.087992e+07 1.617271e+06 
8.888450e+03 3.695080e+07 9.121750e+05 
7.596100e+03 3.112707e+07 1.787511e+06 
6.977500e+03 2.899546e+07 2.042869e+06 
8.322650e+03 3.470605e+07 9.820330e+05 
7.664150e+03 3.188549e+07 1.617271e+06 
8.058550e+03 3.487649e+07 1.057574e+06 
7.653050e+03 3.115981e+07 1.702391e+06 
7.617350e+03 3.141250e+07 1.702391e+06 
7.989200e+03 3.417489e+07 1.159753e+06 
7.874900e+03 3.294754e+07 1.208656e+06 
7.924250e+03 3.277186e+07 1.208656e+06 
7.873600e+03 3.370841e+07 1.447032e+06 
7.639750e+03 3.123803e+07 1.702391e+06 
7.658800e+03 3.194872e+07 1.617271e+06 
7.903400e+03 3.196845e+07 1.532152e+06 
7.836600e+03 3.395605e+07 1.276793e+06 

8.239100e+03 3.567137e+07 9.363151e+05 
8.007850e+03 3.431980e+07 9.895141e+05 
8.876700e+03 3.683203e+07 9.064920e+05 
8.072000e+03 3.476458e+07 9.820330e+05 
8.075800e+03 3.434968e+07 1.074634e+06 
7.794850e+03 3.306320e+07 1.074634e+06 
7.776200e+03 3.283016e+07 1.159753e+06 
8.317100e+03 3.558314e+07 1.021435e+06 
7.171850e+03 3.062237e+07 1.787511e+06 
7.155100e+03 3.045201e+07 1.957750e+06 
7.845850e+03 3.323892e+07 1.021435e+06 
7.008400e+03 2.930898e+07 2.042869e+06 
7.653050e+03 3.261489e+07 1.447032e+06 
6.979700e+03 2.898281e+07 2.127989e+06 
7.040250e+03 2.921784e+07 2.042869e+06 
7.746100e+03 3.287054e+07 1.276793e+06 
7.177600e+03 3.017666e+07 1.702391e+06 
6.900450e+03 2.886875e+07 2.213108e+06 
7.632250e+03 3.284937e+07 1.361913e+06 
6.990500e+03 2.893802e+07 2.127989e+06 
7.687000e+03 3.282742e+07 1.383191e+06 
7.676250e+03 3.301946e+07 1.284197e+06 
7.735750e+03 3.299659e+07 1.208656e+06 
6.853300e+03 2.878282e+07 2.298228e+06 
8.189650e+03 3.616463e+07 9.363151e+05 

8.245100e+03 3.327998e+07 1.021435e+06 
8.076250e+03 3.287150e+07 1.057574e+06 
8.320450e+03 3.392996e+07 9.479465e+05 
8.048100e+03 3.325330e+07 1.191674e+06 
6.977350e+03 2.933340e+07 2.213108e+06 
7.420350e+03 3.092806e+07 1.532152e+06 
7.398250e+03 3.178106e+07 1.532152e+06 
8.164600e+03 3.344449e+07 9.820330e+05 
7.450000e+03 3.184142e+07 1.435279e+06 
7.404800e+03 3.123857e+07 1.617271e+06 
7.972500e+03 3.254547e+07 1.208656e+06 
8.360250e+03 3.394073e+07 9.121750e+05 
6.623950e+03 2.752153e+07 2.383347e+06 
7.931900e+03 3.245030e+07 1.276793e+06 
6.967550e+03 2.943781e+07 2.298228e+06 
7.377900e+03 3.128287e+07 1.617271e+06 
7.090650e+03 2.953093e+07 1.872630e+06 
7.414300e+03 3.150082e+07 1.532152e+06 
7.785100e+03 3.169560e+07 1.361913e+06 
7.966550e+03 3.282538e+07 1.208656e+06 
6.609750e+03 2.752340e+07 2.383347e+06 
6.510400e+03 2.708426e+07 2.511027e+06 
7.046250e+03 2.951603e+07 2.127989e+06 
7.023650e+03 2.960591e+07 1.957750e+06 
6.566250e+03 2.730591e+07 2.468467e+06 

8.464150e+03 3.544220e+07 1.021435e+06 
7.947950e+03 3.340067e+07 1.133115e+06 
7.943800e+03 3.314821e+07 1.208656e+06 
7.533950e+03 3.038724e+07 1.840710e+06 
7.480550e+03 3.065657e+07 1.755590e+06 
8.523550e+03 3.550207e+07 9.820330e+05 
7.516700e+03 3.026824e+07 1.925829e+06 
6.863250e+03 2.822455e+07 2.351427e+06 
7.438500e+03 3.076014e+07 1.893909e+06 
6.924150e+03 2.860206e+07 2.266307e+06 
8.074250e+03 3.441797e+07 1.057574e+06 
7.518300e+03 3.081148e+07 1.617271e+06 
7.503100e+03 3.064575e+07 1.723669e+06 
7.634750e+03 3.060924e+07 1.787511e+06 
7.461700e+03 3.080660e+07 1.755590e+06 
7.944950e+03 3.310647e+07 1.284197e+06 
7.622850e+03 3.112111e+07 1.500231e+06 
7.780250e+03 3.300617e+07 1.361913e+06 
7.811900e+03 3.292685e+07 1.361913e+06 
7.495200e+03 3.064548e+07 2.010949e+06 
7.889750e+03 3.326039e+07 1.284197e+06 
6.851250e+03 2.830943e+07 2.436546e+06 
7.833600e+03 3.317565e+07 1.359738e+06 
8.931100e+03 3.781400e+07 1.057574e+06 
8.816500e+03 3.698470e+07 9.064920e+05 

7.290650e+03 3.014458e+07 2.042869e+06 
7.355250e+03 3.036631e+07 1.872630e+06 
7.580450e+03 3.131042e+07 1.617271e+06 
7.385250e+03 3.010398e+07 1.872630e+06 
7.494050e+03 3.078697e+07 1.702391e+06 
7.644900e+03 3.188019e+07 1.532152e+06 
7.222050e+03 2.973275e+07 2.127989e+06 
7.566100e+03 3.200434e+07 1.617271e+06 
7.934450e+03 3.327604e+07 1.191674e+06 
7.198400e+03 2.980974e+07 2.127989e+06 
7.753800e+03 3.255477e+07 1.404473e+06 
7.094800e+03 2.911468e+07 2.213108e+06 
8.929700e+03 3.544134e+07 9.820330e+05 
7.276150e+03 3.019728e+07 1.957750e+06 
7.453450e+03 3.065384e+07 1.787511e+06 
7.943200e+03 3.293194e+07 1.234234e+06 
9.167400e+03 3.643416e+07 9.363151e+05 
7.891250e+03 3.295369e+07 1.276793e+06 
7.344200e+03 3.026493e+07 1.957750e+06 
8.677800e+03 3.503852e+07 1.074634e+06 
7.958450e+03 3.303427e+07 1.191674e+06 
7.256000e+03 2.954682e+07 2.127989e+06 
8.693150e+03 3.505836e+07 1.021435e+06 
8.373550e+03 3.375550e+07 1.057574e+06 
8.647900e+03 3.477049e+07 1.021435e+06 

8.415050e+03 3.546576e+07 1.021435e+06 
8.264300e+03 3.455995e+07 9.363151e+05 
8.420400e+03 3.499755e+07 1.057574e+06 
7.509950e+03 3.204390e+07 1.284197e+06 
7.658900e+03 3.214419e+07 1.106554e+06 
7.760850e+03 3.233665e+07 1.057574e+06 
7.312550e+03 3.045171e+07 1.702391e+06 
7.785600e+03 3.263481e+07 1.021435e+06 
7.708250e+03 3.204592e+07 1.133115e+06 
7.298850e+03 3.046354e+07 1.702391e+06 
7.705200e+03 3.205269e+07 1.276793e+06 
7.874150e+03 3.331194e+07 9.820330e+05 
8.310700e+03 3.481459e+07 9.121750e+05 
7.412000e+03 3.159033e+07 1.447032e+06 
7.455250e+03 3.168870e+07 1.359738e+06 
7.678150e+03 3.213809e+07 1.276793e+06 
7.283850e+03 3.023433e+07 1.787511e+06 
7.314600e+03 3.034736e+07 1.702391e+06 
7.483500e+03 3.070106e+07 1.617271e+06 
7.240550e+03 3.030512e+07 1.787511e+06 
7.218900e+03 3.013173e+07 1.957750e+06 
6.642500e+03 2.741443e+07 2.383347e+06 
7.227450e+03 3.008361e+07 1.872630e+06 
6.610850e+03 2.725754e+07 2.468467e+06 
6.753800e+03 2.756080e+07 2.298228e+06 

6.810100e+03 2.847092e+07 2.298228e+06 
7.801100e+03 3.229585e+07 1.617271e+06 
8.689350e+03 3.586949e+07 9.820330e+05 
7.388850e+03 3.151691e+07 1.872630e+06 
7.433050e+03 3.140964e+07 1.830070e+06 
7.774100e+03 3.237035e+07 1.702391e+06 
8.185750e+03 3.380748e+07 1.133115e+06 
7.426750e+03 3.118275e+07 2.127989e+06 
7.592450e+03 3.259283e+07 1.702391e+06 
7.395050e+03 3.146603e+07 1.872630e+06 
8.025100e+03 3.433754e+07 1.532152e+06 
7.400450e+03 3.130479e+07 1.915190e+06 
6.955950e+03 2.895806e+07 2.213108e+06 
8.132450e+03 3.379041e+07 1.415112e+06 
8.156200e+03 3.445431e+07 1.329992e+06 
8.044950e+03 3.361154e+07 1.532152e+06 
8.335350e+03 3.589805e+07 1.057574e+06 
8.172450e+03 3.419128e+07 1.361913e+06 
8.068300e+03 3.492651e+07 1.617271e+06 
8.395300e+03 3.447053e+07 1.106554e+06 
8.098650e+03 3.416462e+07 1.447032e+06 
6.940150e+03 2.883425e+07 2.383347e+06 
8.411150e+03 3.444767e+07 1.021435e+06 
6.808450e+03 2.861736e+07 2.298228e+06 
9.006400e+03 3.646015e+07 9.363151e+05 

8.291150e+03 3.305548e+07 1.021435e+06 
8.051800e+03 3.176149e+07 1.074634e+06 
7.879650e+03 3.178988e+07 1.191674e+06 
8.026850e+03 3.196774e+07 1.133115e+06 
7.865300e+03 3.139729e+07 1.208656e+06 
7.445700e+03 3.053640e+07 1.447032e+06 
6.646400e+03 2.796694e+07 2.383347e+06 
7.328750e+03 3.044512e+07 1.702391e+06 
7.424300e+03 3.062033e+07 1.361913e+06 
7.490600e+03 3.055198e+07 1.361913e+06 
7.336900e+03 3.053047e+07 1.617271e+06 
6.705950e+03 2.824942e+07 2.042869e+06 
7.968450e+03 3.201439e+07 1.057574e+06 
7.928350e+03 3.131120e+07 1.244873e+06 
6.749500e+03 2.822953e+07 1.787511e+06 
7.422250e+03 3.082632e+07 1.532152e+06 
8.479700e+03 3.386497e+07 9.895141e+05 
7.899900e+03 3.161042e+07 1.191674e+06 
7.358150e+03 3.023756e+07 1.617271e+06 
6.687000e+03 2.803015e+07 2.298228e+06 
7.334600e+03 3.060334e+07 1.617271e+06 
7.494250e+03 3.040766e+07 1.532152e+06 
6.728900e+03 2.804804e+07 1.957750e+06 
7.853350e+03 3.100868e+07 1.276793e+06 
7.422350e+03 3.072649e+07 1.532152e+06 

