8.571150e+03 3.454368e+07 1.074634e+06 
8.648000e+03 3.501903e+07 9.064920e+05 
8.528000e+03 3.460747e+07 1.106554e+06 
8.351750e+03 3.406425e+07 1.159753e+06 
8.324800e+03 3.363003e+07 1.191674e+06 
7.493150e+03 3.066634e+07 1.702391e+06 
7.546800e+03 3.119505e+07 1.617271e+06 
6.817350e+03 2.782599e+07 2.042869e+06 
7.687800e+03 3.175301e+07 1.361913e+06 
8.452550e+03 3.483027e+07 1.106554e+06 
8.542250e+03 3.485298e+07 9.895141e+05 
8.452500e+03 3.405556e+07 1.159753e+06 
8.568050e+03 3.505035e+07 1.021435e+06 
6.594200e+03 2.704780e+07 2.298228e+06 
7.560450e+03 3.127801e+07 1.532152e+06 
8.416800e+03 3.469560e+07 1.133115e+06 
7.371700e+03 3.019124e+07 1.872630e+06 
7.610250e+03 3.156917e+07 1.415112e+06 
7.335950e+03 3.041423e+07 1.787511e+06 
7.323800e+03 2.983352e+07 1.957750e+06 
6.706350e+03 2.728605e+07 2.383347e+06 
6.764800e+03 2.776437e+07 2.127989e+06 
7.258100e+03 2.966210e+07 2.000309e+06 
8.517200e+03 3.462196e+07 1.329992e+06 
6.543700e+03 2.660888e+07 2.383347e+06 

7.789800e+03 3.276866e+07 1.585351e+06 
9.084750e+03 3.581999e+07 8.764034e+05 
8.919000e+03 3.559750e+07 9.363151e+05 
7.878850e+03 3.297370e+07 1.361913e+06 
7.851250e+03 3.241409e+07 1.500231e+06 
6.753400e+03 2.848101e+07 2.383347e+06 
6.942850e+03 2.884852e+07 2.127989e+06 
6.769400e+03 2.839442e+07 2.213108e+06 
7.763450e+03 3.290503e+07 1.532152e+06 
7.855450e+03 3.226842e+07 1.532152e+06 
8.113000e+03 3.348603e+07 1.284197e+06 
8.649600e+03 3.497428e+07 1.191674e+06 
7.926050e+03 3.281512e+07 1.361913e+06 
7.849550e+03 3.268022e+07 1.447032e+06 
7.996150e+03 3.363904e+07 1.284197e+06 
6.893850e+03 2.895964e+07 2.127989e+06 
8.767450e+03 3.495677e+07 1.276793e+06 
7.815350e+03 3.260783e+07 1.617271e+06 
7.724200e+03 3.262409e+07 1.617271e+06 
8.789000e+03 3.472599e+07 1.191674e+06 
7.074650e+03 2.970763e+07 1.957750e+06 
6.993150e+03 2.929371e+07 2.042869e+06 
8.704700e+03 3.499241e+07 1.106554e+06 
6.990650e+03 2.942831e+07 2.042869e+06 
8.811300e+03 3.489602e+07 1.021435e+06 

8.758200e+03 3.442631e+07 9.479465e+05 
8.608400e+03 3.428978e+07 1.021435e+06 
8.505100e+03 3.373175e+07 1.057574e+06 
8.562600e+03 3.438728e+07 9.820330e+05 
6.677900e+03 2.771148e+07 2.468467e+06 
6.752250e+03 2.773585e+07 2.298228e+06 
6.733900e+03 2.801752e+07 2.213108e+06 
6.870700e+03 2.818875e+07 2.127989e+06 
8.623000e+03 3.459717e+07 1.021435e+06 
7.594350e+03 3.078815e+07 1.532152e+06 
8.444050e+03 3.333445e+07 1.191674e+06 
6.780350e+03 2.789769e+07 2.213108e+06 
6.726550e+03 2.793386e+07 2.383347e+06 
7.576250e+03 3.090541e+07 1.447032e+06 
8.544550e+03 3.474824e+07 1.021435e+06 
7.636050e+03 3.055168e+07 1.532152e+06 
7.391650e+03 3.023889e+07 1.787511e+06 
7.621400e+03 3.048520e+07 1.617271e+06 
8.574450e+03 3.438346e+07 1.021435e+06 
7.344200e+03 3.079793e+07 2.042869e+06 
6.738050e+03 2.789568e+07 2.298228e+06 
7.451850e+03 3.048630e+07 1.617271e+06 
7.528150e+03 3.080236e+07 1.532152e+06 
7.374350e+03 3.074234e+07 1.925829e+06 
6.767650e+03 2.800376e+07 2.298228e+06 

8.412600e+03 3.559324e+07 1.149114e+06 
8.339950e+03 3.395966e+07 1.191674e+06 
8.167150e+03 3.465421e+07 1.404473e+06 
8.219050e+03 3.525295e+07 1.489592e+06 
6.573000e+03 2.697301e+07 2.042869e+06 
8.986200e+03 3.671057e+07 9.363151e+05 
8.230600e+03 3.411548e+07 1.361913e+06 
8.345300e+03 3.439428e+07 1.361913e+06 
8.082000e+03 3.470563e+07 1.489592e+06 
7.210800e+03 2.998654e+07 1.787511e+06 
8.207800e+03 3.481225e+07 1.149114e+06 
7.730850e+03 3.198868e+07 1.702391e+06 
6.527500e+03 2.706538e+07 2.468467e+06 
8.221500e+03 3.473972e+07 1.319353e+06 
6.561150e+03 2.714884e+07 2.213108e+06 
8.259450e+03 3.482517e+07 1.489592e+06 
6.607050e+03 2.706873e+07 2.042869e+06 
6.698750e+03 2.769204e+07 1.957750e+06 
6.577400e+03 2.722087e+07 2.468467e+06 
7.135600e+03 2.970489e+07 1.872630e+06 
8.550450e+03 3.631173e+07 1.106554e+06 
8.272550e+03 3.407837e+07 1.276793e+06 
8.914950e+03 3.644060e+07 1.021435e+06 
8.156150e+03 3.516340e+07 1.319353e+06 
8.066300e+03 3.462234e+07 1.702391e+06 

7.495100e+03 3.146755e+07 1.361913e+06 
7.178600e+03 3.042227e+07 1.532152e+06 
7.157700e+03 3.002137e+07 1.872630e+06 
7.234500e+03 3.014090e+07 1.787511e+06 
7.469000e+03 3.154907e+07 1.435279e+06 
7.169700e+03 3.045975e+07 1.617271e+06 
6.699950e+03 2.817756e+07 2.298228e+06 
7.160900e+03 3.010862e+07 1.872630e+06 
6.736950e+03 2.816186e+07 2.213108e+06 
7.145500e+03 3.063624e+07 1.702391e+06 
7.104000e+03 3.016314e+07 1.872630e+06 
8.111800e+03 3.400389e+07 1.191674e+06 
7.095100e+03 3.044906e+07 1.787511e+06 
7.148850e+03 3.046399e+07 1.702391e+06 
7.364250e+03 3.118004e+07 1.510820e+06 
7.543850e+03 3.263623e+07 1.510820e+06 
7.138050e+03 3.013208e+07 2.042869e+06 
8.901000e+03 3.659036e+07 8.764034e+05 
8.592500e+03 3.498036e+07 9.363151e+05 
8.739000e+03 3.582427e+07 8.764034e+05 
7.175350e+03 3.091788e+07 1.787511e+06 
7.159400e+03 3.037657e+07 1.702391e+06 
8.314850e+03 3.447598e+07 1.106554e+06 
7.156100e+03 3.078326e+07 1.617271e+06 
8.457350e+03 3.408669e+07 9.820330e+05 

9.036400e+03 3.734776e+07 1.021435e+06 
9.061700e+03 3.715642e+07 9.895141e+05 
9.366900e+03 3.845024e+07 9.363151e+05 
7.551350e+03 3.227183e+07 1.585351e+06 
7.657500e+03 3.257896e+07 1.553430e+06 
9.241550e+03 3.767108e+07 9.363151e+05 
8.843550e+03 3.646739e+07 1.159753e+06 
6.902900e+03 2.866659e+07 2.127989e+06 
6.925900e+03 2.867963e+07 1.957750e+06 
8.360150e+03 3.386041e+07 1.276793e+06 
7.686350e+03 3.282323e+07 1.500231e+06 
6.893150e+03 2.907494e+07 1.957750e+06 
6.905500e+03 2.875189e+07 1.957750e+06 
7.316650e+03 3.105739e+07 1.840710e+06 
8.862050e+03 3.535645e+07 1.208656e+06 
7.416650e+03 3.119674e+07 1.670470e+06 
8.081350e+03 3.310325e+07 1.361913e+06 
8.238100e+03 3.354532e+07 1.359738e+06 
7.693600e+03 3.243194e+07 1.532152e+06 
6.863200e+03 2.831794e+07 2.213108e+06 
7.574250e+03 3.213515e+07 1.617271e+06 
6.914950e+03 2.908774e+07 2.213108e+06 
7.370150e+03 3.124817e+07 1.755590e+06 
8.308850e+03 3.357766e+07 1.284197e+06 
6.951600e+03 2.920621e+07 1.872630e+06 

8.030450e+03 3.284406e+07 1.284197e+06 
7.875750e+03 3.196948e+07 1.489592e+06 
8.857000e+03 3.583413e+07 8.764034e+05 
6.826200e+03 2.870119e+07 2.127989e+06 
8.012750e+03 3.266998e+07 1.319353e+06 
8.063850e+03 3.248671e+07 1.319353e+06 
7.408850e+03 3.150334e+07 1.702391e+06 
7.409950e+03 3.144950e+07 1.702391e+06 
8.092100e+03 3.226590e+07 1.447032e+06 
7.626650e+03 3.207337e+07 1.617271e+06 
8.643750e+03 3.497970e+07 1.074634e+06 
6.782400e+03 2.864262e+07 2.213108e+06 
8.748450e+03 3.528437e+07 1.159753e+06 
8.424650e+03 3.422305e+07 1.244873e+06 
7.565900e+03 3.237855e+07 1.617271e+06 
7.823500e+03 3.232763e+07 1.447032e+06 
8.695250e+03 3.522709e+07 1.021435e+06 
7.690750e+03 3.177829e+07 1.532152e+06 
7.294550e+03 3.105417e+07 1.787511e+06 
6.866450e+03 2.879696e+07 2.042869e+06 
7.345450e+03 3.161999e+07 1.872630e+06 
7.609300e+03 3.215191e+07 1.617271e+06 
7.790000e+03 3.205509e+07 1.489592e+06 
8.618600e+03 3.525640e+07 1.074634e+06 
7.683000e+03 3.274686e+07 1.532152e+06 

6.586050e+03 2.699282e+07 2.383347e+06 
7.950400e+03 3.207236e+07 1.585351e+06 
6.518100e+03 2.694874e+07 2.553587e+06 
8.447600e+03 3.445753e+07 9.121750e+05 
6.541650e+03 2.678363e+07 2.468467e+06 
7.990100e+03 3.186722e+07 1.532152e+06 
7.934700e+03 3.228234e+07 1.617271e+06 
7.385600e+03 2.974673e+07 1.702391e+06 
7.330500e+03 2.996681e+07 1.957750e+06 
7.952150e+03 3.196313e+07 1.500231e+06 
7.994450e+03 3.203938e+07 1.447032e+06 
7.301500e+03 2.939237e+07 2.042869e+06 
7.330800e+03 2.948278e+07 1.957750e+06 
7.946150e+03 3.246027e+07 1.500231e+06 
6.570900e+03 2.708476e+07 2.383347e+06 
6.537850e+03 2.698957e+07 2.468467e+06 
6.536700e+03 2.714841e+07 2.383347e+06 
6.581200e+03 2.707675e+07 2.383347e+06 
7.342200e+03 2.944934e+07 1.957750e+06 
6.892450e+03 2.915861e+07 2.127989e+06 
6.499950e+03 2.719374e+07 2.468467e+06 
6.541450e+03 2.698936e+07 2.468467e+06 
7.015800e+03 2.944628e+07 2.042869e+06 
6.864450e+03 2.875233e+07 2.213108e+06 
8.311500e+03 3.403112e+07 1.106554e+06 

8.576600e+03 3.588290e+07 9.820330e+05 
8.589850e+03 3.590524e+07 9.064920e+05 
6.908650e+03 2.832211e+07 2.298228e+06 
7.119250e+03 2.931585e+07 2.042869e+06 
7.066000e+03 2.913750e+07 2.127989e+06 
7.923100e+03 3.333783e+07 1.617271e+06 
8.314850e+03 3.470809e+07 1.244873e+06 
7.215250e+03 2.996110e+07 1.957750e+06 
8.018650e+03 3.361384e+07 1.585351e+06 
8.044150e+03 3.441377e+07 1.447032e+06 
8.075650e+03 3.420655e+07 1.447032e+06 
8.075550e+03 3.386149e+07 1.500231e+06 
7.047800e+03 2.914535e+07 2.213108e+06 
8.027250e+03 3.478696e+07 1.447032e+06 
7.055250e+03 2.885192e+07 2.213108e+06 
7.930050e+03 3.320696e+07 1.702391e+06 
8.320000e+03 3.453543e+07 1.208656e+06 
8.012100e+03 3.398433e+07 1.500231e+06 
8.265150e+03 3.454343e+07 1.298072e+06 
7.914750e+03 3.339273e+07 1.755590e+06 
8.111450e+03 3.426107e+07 1.329992e+06 
7.994850e+03 3.384697e+07 1.585351e+06 
7.905700e+03 3.400858e+07 1.840710e+06 
6.847150e+03 2.808615e+07 2.468467e+06 
7.911100e+03 3.388396e+07 1.872630e+06 

8.367150e+03 3.545477e+07 1.191674e+06 
7.109000e+03 2.988173e+07 1.872630e+06 
8.350350e+03 3.545719e+07 1.191674e+06 
6.473100e+03 2.671694e+07 2.298228e+06 
6.441650e+03 2.640374e+07 2.383347e+06 
7.017500e+03 2.934042e+07 2.042869e+06 
7.209000e+03 3.023349e+07 1.659831e+06 
7.356500e+03 3.093942e+07 1.532152e+06 
8.233100e+03 3.410606e+07 1.208656e+06 
6.441300e+03 2.648700e+07 2.383347e+06 
7.328050e+03 3.078832e+07 1.617271e+06 
6.502450e+03 2.704187e+07 2.127989e+06 
6.533300e+03 2.682363e+07 2.127989e+06 
6.426500e+03 2.631181e+07 2.468467e+06 
8.383550e+03 3.546945e+07 1.057574e+06 
7.051450e+03 2.968319e+07 1.957750e+06 
7.371850e+03 3.092682e+07 1.532152e+06 
7.325800e+03 3.080456e+07 1.574712e+06 
8.232850e+03 3.419901e+07 1.284197e+06 
6.462600e+03 2.687873e+07 2.298228e+06 
7.423600e+03 3.125620e+07 1.447032e+06 
8.920000e+03 3.626779e+07 9.363151e+05 
8.529900e+03 3.540590e+07 1.106554e+06 
6.479250e+03 2.677631e+07 2.213108e+06 
9.025650e+03 3.701889e+07 1.021435e+06 

