8.614200e+03 3.498460e+07 9.820330e+05 
8.630900e+03 3.515953e+07 9.064920e+05 
7.724400e+03 3.167913e+07 1.532152e+06 
8.755400e+03 3.568217e+07 9.884851e+05 
7.680950e+03 3.167406e+07 1.617271e+06 
7.532900e+03 3.104536e+07 1.702391e+06 
7.530500e+03 3.075150e+07 1.925829e+06 
8.373550e+03 3.397131e+07 1.191674e+06 
6.648250e+03 2.707857e+07 2.213108e+06 
8.414950e+03 3.402000e+07 1.074634e+06 
6.602150e+03 2.709145e+07 2.213108e+06 
7.568250e+03 3.067686e+07 1.840710e+06 
7.685900e+03 3.132057e+07 1.617271e+06 
7.350500e+03 3.100958e+07 2.127989e+06 
7.521750e+03 3.125943e+07 1.702391e+06 
8.407100e+03 3.388798e+07 1.212952e+06 
8.311350e+03 3.382169e+07 1.244873e+06 
8.192700e+03 3.376567e+07 1.329992e+06 
6.540500e+03 2.695821e+07 2.298228e+06 
7.362950e+03 3.057903e+07 1.957750e+06 
7.554650e+03 3.088394e+07 1.755590e+06 
8.630900e+03 3.553755e+07 1.057574e+06 
8.369400e+03 3.423036e+07 1.133115e+06 
7.485200e+03 3.111073e+07 1.872630e+06 
6.581800e+03 2.692788e+07 2.298228e+06 

7.341750e+03 3.115786e+07 1.702391e+06 
6.833850e+03 2.831642e+07 2.042869e+06 
9.084750e+03 3.581999e+07 8.764034e+05 
6.617200e+03 2.755615e+07 2.298228e+06 
8.629800e+03 3.477905e+07 1.106554e+06 
6.773700e+03 2.819993e+07 2.127989e+06 
6.646200e+03 2.746790e+07 2.298228e+06 
8.547350e+03 3.438276e+07 1.191674e+06 
7.268200e+03 3.033980e+07 1.787511e+06 
7.358650e+03 3.090704e+07 1.702391e+06 
7.264900e+03 3.041429e+07 1.787511e+06 
6.591050e+03 2.743828e+07 2.383347e+06 
6.584600e+03 2.723692e+07 2.468467e+06 
8.305950e+03 3.383833e+07 1.208656e+06 
7.233100e+03 3.025005e+07 1.872630e+06 
6.788000e+03 2.835065e+07 2.042869e+06 
8.201850e+03 3.407186e+07 1.208656e+06 
8.388350e+03 3.372973e+07 1.276793e+06 
7.215650e+03 3.032464e+07 1.872630e+06 
7.232700e+03 3.004179e+07 1.957750e+06 
7.218150e+03 3.028130e+07 1.957750e+06 
6.743300e+03 2.827859e+07 2.127989e+06 
7.359200e+03 3.056884e+07 1.755590e+06 
7.231250e+03 3.032817e+07 1.840710e+06 
8.215100e+03 3.358178e+07 1.361913e+06 

8.607450e+03 3.415681e+07 9.703035e+05 
8.071800e+03 3.253177e+07 1.447032e+06 
8.575250e+03 3.398444e+07 1.063994e+06 
6.779750e+03 2.764932e+07 2.213108e+06 
8.408300e+03 3.349266e+07 1.191674e+06 
8.571450e+03 3.414171e+07 1.063994e+06 
7.638200e+03 3.193664e+07 1.617271e+06 
8.105150e+03 3.262099e+07 1.361913e+06 
7.359400e+03 3.116913e+07 1.957750e+06 
8.663800e+03 3.439339e+07 9.479465e+05 
6.743500e+03 2.782738e+07 2.127989e+06 
7.367200e+03 3.130223e+07 1.925829e+06 
6.826350e+03 2.759669e+07 2.213108e+06 
7.992600e+03 3.245851e+07 1.532152e+06 
7.361900e+03 3.158047e+07 1.925829e+06 
6.770800e+03 2.783796e+07 2.042869e+06 
8.401300e+03 3.363471e+07 1.133115e+06 
7.367650e+03 3.101413e+07 1.925829e+06 
7.406000e+03 3.128892e+07 1.872630e+06 
8.470050e+03 3.378192e+07 1.106554e+06 
7.429650e+03 3.063889e+07 1.787511e+06 
6.768350e+03 2.766201e+07 2.213108e+06 
8.101850e+03 3.220994e+07 1.447032e+06 
8.259850e+03 3.330267e+07 1.276793e+06 
7.527850e+03 3.088388e+07 1.702391e+06 

6.988800e+03 2.884667e+07 2.383347e+06 
8.246050e+03 3.376961e+07 1.284197e+06 
8.774150e+03 3.634369e+07 9.820330e+05 
8.790400e+03 3.633962e+07 1.063994e+06 
8.419750e+03 3.438301e+07 1.276793e+06 
6.975700e+03 2.889149e+07 2.298228e+06 
7.830050e+03 3.302954e+07 1.447032e+06 
7.272300e+03 3.008642e+07 1.872630e+06 
6.973650e+03 2.892129e+07 2.298228e+06 
7.085000e+03 2.951704e+07 2.042869e+06 
8.973700e+03 3.716324e+07 9.363151e+05 
6.945250e+03 2.899475e+07 2.213108e+06 
8.154750e+03 3.328106e+07 1.359738e+06 
8.594750e+03 3.491387e+07 1.191674e+06 
7.957300e+03 3.295995e+07 1.361913e+06 
7.347300e+03 3.024849e+07 1.787511e+06 
7.768300e+03 3.299739e+07 1.670470e+06 
7.294000e+03 2.996147e+07 1.872630e+06 
6.953350e+03 2.905002e+07 2.127989e+06 
8.590450e+03 3.584512e+07 1.133115e+06 
7.804750e+03 3.289925e+07 1.532152e+06 
8.112500e+03 3.351278e+07 1.359738e+06 
7.262350e+03 2.968922e+07 1.957750e+06 
8.541400e+03 3.510663e+07 1.191674e+06 
7.131150e+03 2.975452e+07 1.957750e+06 

7.036900e+03 2.937595e+07 2.042869e+06 
7.749800e+03 3.278937e+07 1.361913e+06 
7.663550e+03 3.237759e+07 1.447032e+06 
8.676650e+03 3.550934e+07 9.820330e+05 
7.786150e+03 3.277282e+07 1.361913e+06 
7.081200e+03 2.944760e+07 1.957750e+06 
7.027650e+03 2.935712e+07 2.127989e+06 
8.532850e+03 3.475134e+07 1.032074e+06 
7.674900e+03 3.218317e+07 1.447032e+06 
8.388600e+03 3.406734e+07 1.063994e+06 
8.719700e+03 3.532126e+07 9.820330e+05 
7.635750e+03 3.218625e+07 1.532152e+06 
6.793350e+03 2.836645e+07 2.383347e+06 
7.141350e+03 2.969507e+07 1.702391e+06 
8.739000e+03 3.582427e+07 8.764034e+05 
7.085400e+03 2.976669e+07 1.872630e+06 
7.103750e+03 2.994993e+07 1.787511e+06 
6.866800e+03 2.890104e+07 2.298228e+06 
7.018550e+03 2.942089e+07 2.042869e+06 
8.302100e+03 3.414561e+07 1.202313e+06 
6.988900e+03 2.949598e+07 2.127989e+06 
7.064200e+03 2.925457e+07 2.213108e+06 
7.015650e+03 2.926840e+07 2.213108e+06 
7.091200e+03 2.962660e+07 1.872630e+06 
7.746500e+03 3.256966e+07 1.415112e+06 

7.892200e+03 3.245873e+07 1.532152e+06 
9.241550e+03 3.767108e+07 9.363151e+05 
6.843200e+03 2.865081e+07 2.042869e+06 
8.432200e+03 3.482922e+07 1.208656e+06 
6.882150e+03 2.859327e+07 2.042869e+06 
9.251150e+03 3.683855e+07 1.057574e+06 
8.391900e+03 3.461489e+07 1.244873e+06 
6.916250e+03 2.866220e+07 1.957750e+06 
6.624850e+03 2.757927e+07 2.436546e+06 
6.811300e+03 2.841989e+07 2.096068e+06 
6.692500e+03 2.772745e+07 2.298228e+06 
8.388300e+03 3.488406e+07 1.447032e+06 
6.744600e+03 2.767495e+07 2.213108e+06 
8.311650e+03 3.488019e+07 1.500231e+06 
8.324300e+03 3.508310e+07 1.447032e+06 
7.007600e+03 2.865134e+07 1.787511e+06 
6.743400e+03 2.783894e+07 2.213108e+06 
6.715200e+03 2.772252e+07 2.298228e+06 
7.888550e+03 3.274862e+07 1.617271e+06 
7.771450e+03 3.194442e+07 1.702391e+06 
6.652250e+03 2.769007e+07 2.383347e+06 
9.195400e+03 3.760967e+07 9.820330e+05 
7.947300e+03 3.243778e+07 1.532152e+06 
6.685250e+03 2.761787e+07 2.351427e+06 
6.964800e+03 2.875223e+07 1.872630e+06 

7.901750e+03 3.241730e+07 1.702391e+06 
8.857000e+03 3.583413e+07 8.764034e+05 
6.662450e+03 2.785637e+07 2.468467e+06 
7.975650e+03 3.232689e+07 1.574712e+06 
7.923250e+03 3.212427e+07 1.659831e+06 
7.873900e+03 3.241956e+07 1.532152e+06 
8.461900e+03 3.443440e+07 1.106554e+06 
8.085800e+03 3.298829e+07 1.361913e+06 
6.642950e+03 2.788867e+07 2.383347e+06 
7.853400e+03 3.218465e+07 1.744951e+06 
6.843800e+03 2.873648e+07 1.957750e+06 
7.965400e+03 3.297836e+07 1.404473e+06 
8.078800e+03 3.288529e+07 1.404473e+06 
8.074200e+03 3.302187e+07 1.319353e+06 
6.627550e+03 2.791728e+07 2.468467e+06 
7.868150e+03 3.248687e+07 1.659831e+06 
7.048650e+03 2.948054e+07 1.787511e+06 
8.388650e+03 3.418860e+07 1.191674e+06 
8.765350e+03 3.595444e+07 1.244873e+06 
7.923800e+03 3.269409e+07 1.574712e+06 
8.610700e+03 3.552369e+07 1.074634e+06 
8.331550e+03 3.470814e+07 1.191674e+06 
8.089200e+03 3.285501e+07 1.276793e+06 
8.835500e+03 3.603641e+07 9.895141e+05 
8.833600e+03 3.585419e+07 9.363151e+05 

6.387400e+03 2.620316e+07 2.468467e+06 
8.447600e+03 3.445753e+07 9.121750e+05 
6.568500e+03 2.680496e+07 2.383347e+06 
8.098450e+03 3.237552e+07 1.276793e+06 
6.943150e+03 2.871745e+07 1.957750e+06 
7.875200e+03 3.150829e+07 1.447032e+06 
7.817000e+03 3.122282e+07 1.532152e+06 
7.176650e+03 2.921123e+07 1.872630e+06 
7.212050e+03 2.890497e+07 1.872630e+06 
8.082700e+03 3.254292e+07 1.106554e+06 
6.873350e+03 2.859370e+07 2.042869e+06 
6.362200e+03 2.615965e+07 2.553587e+06 
6.844450e+03 2.884985e+07 2.042869e+06 
6.772650e+03 2.838465e+07 2.127989e+06 
6.513500e+03 2.687695e+07 2.383347e+06 
6.583250e+03 2.737933e+07 2.298228e+06 
7.033900e+03 2.831955e+07 2.042869e+06 
6.879400e+03 2.853232e+07 2.042869e+06 
7.980300e+03 3.259989e+07 1.276793e+06 
8.386150e+03 3.410613e+07 1.021435e+06 
8.177050e+03 3.251871e+07 1.191674e+06 
6.494750e+03 2.702429e+07 2.383347e+06 
8.333850e+03 3.370874e+07 1.133115e+06 
6.498450e+03 2.700682e+07 2.383347e+06 
7.994950e+03 3.247984e+07 1.361913e+06 

7.074750e+03 3.017606e+07 2.127989e+06 
8.401350e+03 3.536122e+07 1.074634e+06 
7.143700e+03 3.053781e+07 1.702391e+06 
8.256650e+03 3.543515e+07 1.415112e+06 
7.771050e+03 3.286360e+07 1.500231e+06 
8.582050e+03 3.592216e+07 9.064920e+05 
6.738900e+03 2.768410e+07 2.468467e+06 
6.685300e+03 2.739742e+07 2.553587e+06 
8.435700e+03 3.528146e+07 1.244873e+06 
6.735650e+03 2.772512e+07 2.468467e+06 
8.298700e+03 3.508111e+07 1.415112e+06 
8.394100e+03 3.550675e+07 1.244873e+06 
8.456400e+03 3.559774e+07 9.895141e+05 
7.086750e+03 3.006226e+07 2.042869e+06 
8.400450e+03 3.575817e+07 1.159753e+06 
7.233900e+03 3.036500e+07 1.872630e+06 
8.332650e+03 3.564174e+07 1.208656e+06 
6.714350e+03 2.793361e+07 2.383347e+06 
7.202200e+03 3.048487e+07 1.872630e+06 
6.775950e+03 2.761804e+07 2.468467e+06 
6.728800e+03 2.780719e+07 2.383347e+06 
7.208100e+03 3.045653e+07 1.872630e+06 
6.768450e+03 2.773093e+07 2.298228e+06 
7.080050e+03 2.976143e+07 2.127989e+06 
8.284950e+03 3.528007e+07 1.329992e+06 

8.599600e+03 3.568333e+07 1.159753e+06 
8.203400e+03 3.420470e+07 1.276793e+06 
6.377300e+03 2.637892e+07 2.383347e+06 
6.884700e+03 2.866525e+07 1.872630e+06 
7.901600e+03 3.316621e+07 1.659831e+06 
6.869300e+03 2.878958e+07 1.957750e+06 
7.125500e+03 2.988948e+07 1.830070e+06 
7.110400e+03 3.022744e+07 1.744951e+06 
6.416000e+03 2.646814e+07 2.298228e+06 
7.134400e+03 2.983036e+07 1.744951e+06 
7.110000e+03 3.015754e+07 1.830070e+06 
7.990950e+03 3.356567e+07 1.404473e+06 
7.981400e+03 3.375518e+07 1.532152e+06 
8.019200e+03 3.354519e+07 1.744951e+06 
8.591250e+03 3.540076e+07 1.159753e+06 
8.572900e+03 3.553413e+07 1.244873e+06 
8.085050e+03 3.384550e+07 1.361913e+06 
6.870650e+03 2.859457e+07 2.042869e+06 
7.930200e+03 3.282669e+07 1.702391e+06 
8.118350e+03 3.360393e+07 1.361913e+06 
6.857200e+03 2.837641e+07 2.127989e+06 
8.053350e+03 3.355846e+07 1.435279e+06 
8.920000e+03 3.626779e+07 9.363151e+05 
8.167450e+03 3.342190e+07 1.447032e+06 
8.383800e+03 3.575488e+07 1.106554e+06 

