1.611264e+02 3.689999e+07 2.610219e+06 
1.635858e+02 3.581144e+07 2.409432e+06 
1.718622e+02 3.461694e+07 2.055676e+06 
1.625766e+02 3.543900e+07 2.610219e+06 
1.598546e+02 3.677092e+07 3.011791e+06 
1.730748e+02 3.442754e+07 2.159498e+06 
1.734577e+02 3.478046e+07 1.951854e+06 
1.731280e+02 3.853302e+07 1.832641e+06 
1.820904e+02 3.707442e+07 1.807074e+06 
1.799084e+02 3.750620e+07 1.807074e+06 
1.602661e+02 3.659673e+07 2.409432e+06 
1.588715e+02 3.732839e+07 2.811005e+06 
1.724275e+02 3.459336e+07 2.055676e+06 
1.644973e+02 3.496592e+07 2.409432e+06 
1.703002e+02 3.759655e+07 1.807074e+06 
1.585344e+02 3.822108e+07 2.610219e+06 
1.605542e+02 3.588859e+07 3.011791e+06 
1.709819e+02 3.418745e+07 2.610219e+06 
1.681539e+02 3.468478e+07 2.007860e+06 
1.689394e+02 3.538342e+07 1.951854e+06 
1.618250e+02 3.522588e+07 2.811005e+06 
1.713707e+02 3.473909e+07 2.055676e+06 
1.848728e+02 3.545804e+07 2.007860e+06 
1.673191e+02 3.499315e+07 2.159498e+06 
1.676023e+02 3.478255e+07 2.159498e+06 
1.588497e+02 3.665823e+07 2.610219e+06 
1.637559e+02 3.501959e+07 2.208646e+06 
1.666560e+02 3.513519e+07 2.159498e+06 
1.706505e+02 3.694734e+07 1.848032e+06 
1.844429e+02 3.620185e+07 1.951854e+06 
1.706004e+02 3.463473e+07 2.159498e+06 
1.761029e+02 3.448882e+07 2.055676e+06 
1.682370e+02 3.464709e+07 2.055676e+06 
1.727040e+02 3.572985e+07 2.007860e+06 
1.710741e+02 3.503509e+07 1.951854e+06 
1.815172e+02 3.724809e+07 1.832641e+06 
1.727861e+02 3.446454e+07 2.159498e+06 
1.678355e+02 3.465490e+07 2.007860e+06 
1.634864e+02 3.530861e+07 2.811005e+06 
1.667225e+02 3.676245e+07 2.055676e+06 
1.630796e+02 3.527483e+07 2.610219e+06 
1.714808e+02 3.422076e+07 2.409432e+06 
1.606069e+02 3.743178e+07 2.409432e+06 
1.610939e+02 3.668062e+07 3.212577e+06 
1.785434e+02 3.454095e+07 2.055676e+06 
1.633680e+02 3.661569e+07 2.409432e+06 
1.670946e+02 3.424236e+07 2.208646e+06 
1.778877e+02 3.497201e+07 1.951854e+06 
1.747679e+02 3.454542e+07 2.055676e+06 
1.594087e+02 3.886099e+07 2.811005e+06 
1.666073e+02 3.535035e+07 1.951854e+06 
1.764181e+02 3.731913e+07 1.807074e+06 
1.613197e+02 3.657997e+07 3.011791e+06 
1.751572e+02 3.623284e+07 1.848032e+06 
1.717044e+02 3.463242e+07 2.159498e+06 
1.603100e+02 3.907231e+07 2.610219e+06 
1.686709e+02 3.485817e+07 2.159498e+06 
1.777776e+02 3.679427e+07 1.848032e+06 
1.669155e+02 3.520297e+07 2.055676e+06 
1.697086e+02 3.509202e+07 1.951854e+06 
1.681750e+02 3.654197e+07 1.848032e+06 
1.628311e+02 3.550101e+07 2.811005e+06 
1.593198e+02 3.718846e+07 3.011791e+06 
1.672812e+02 3.508485e+07 2.007860e+06 
1.790773e+02 3.709497e+07 1.832641e+06 
1.637263e+02 3.770436e+07 2.208646e+06 
1.733765e+02 3.450769e+07 2.159498e+06 
1.635450e+02 3.419928e+07 2.208646e+06 
1.726154e+02 3.604112e+07 1.848032e+06 
1.657213e+02 3.489822e+07 2.409432e+06 
1.819461e+02 3.718533e+07 1.807074e+06 
1.739279e+02 3.730200e+07 1.832641e+06 
1.597562e+02 3.666526e+07 2.409432e+06 
1.804271e+02 3.651792e+07 1.951854e+06 
1.797383e+02 3.681313e+07 1.832641e+06 
1.667859e+02 3.454991e+07 2.610219e+06 
1.847629e+02 3.435905e+07 2.055676e+06 
1.668168e+02 3.646844e+07 2.007860e+06 
1.864834e+02 3.450940e+07 2.055676e+06 
1.797764e+02 3.606624e+07 1.848032e+06 
1.627084e+02 3.597752e+07 2.610219e+06 
1.622934e+02 3.567397e+07 3.011791e+06 
1.667477e+02 3.499387e+07 2.055676e+06 
1.634520e+02 3.525880e+07 2.610219e+06 
1.699246e+02 3.713238e+07 1.848032e+06 
1.768096e+02 3.800692e+07 1.807074e+06 
1.657891e+02 3.458283e+07 2.208646e+06 
1.650882e+02 3.495141e+07 2.610219e+06 
1.682583e+02 3.447020e+07 2.208646e+06 
1.644424e+02 3.706683e+07 2.159498e+06 
1.636034e+02 3.522588e+07 2.610219e+06 
1.810442e+02 3.722818e+07 1.807074e+06 
1.746221e+02 3.501949e+07 1.951854e+06 
1.679301e+02 3.629833e+07 1.951854e+06 
1.765258e+02 3.664912e+07 1.832641e+06 
1.628724e+02 3.532999e+07 2.811005e+06 
1.718479e+02 3.425724e+07 2.409432e+06 
1.687132e+02 3.435465e+07 2.208646e+06 
1.784853e+02 3.452934e+07 2.159498e+06 
1.618853e+02 3.639539e+07 3.011791e+06 

1.766079e+02 3.555402e+07 2.409432e+06 
1.625283e+02 3.682678e+07 3.413363e+06 
1.840918e+02 3.885386e+07 2.007860e+06 
1.827966e+02 3.868836e+07 2.076440e+06 
1.688923e+02 3.589378e+07 2.409432e+06 
1.849448e+02 3.843520e+07 1.972618e+06 
1.669184e+02 3.576848e+07 2.811005e+06 
1.650472e+02 3.699674e+07 2.811005e+06 
1.699924e+02 3.586922e+07 2.610219e+06 
1.735544e+02 3.524211e+07 2.208646e+06 
1.847999e+02 3.819410e+07 2.076440e+06 
1.638761e+02 3.672224e+07 3.212577e+06 
1.852488e+02 3.843464e+07 2.076440e+06 
1.701344e+02 3.596532e+07 2.409432e+06 
1.671930e+02 3.599677e+07 2.610219e+06 
1.825217e+02 3.923091e+07 2.007860e+06 
1.812526e+02 4.066145e+07 2.007860e+06 
1.645558e+02 3.871828e+07 2.811005e+06 
1.859321e+02 4.225381e+07 1.868796e+06 
1.648251e+02 3.629297e+07 3.011791e+06 
1.831592e+02 4.044286e+07 2.007860e+06 
1.656090e+02 3.696631e+07 2.811005e+06 
1.814930e+02 3.554801e+07 2.208646e+06 
1.664451e+02 3.675600e+07 2.610219e+06 
1.703955e+02 3.578733e+07 2.409432e+06 
1.737837e+02 3.534137e+07 2.610219e+06 
1.881507e+02 4.193476e+07 1.868796e+06 
1.683960e+02 3.582225e+07 2.409432e+06 
1.670506e+02 3.585202e+07 2.409432e+06 
1.734351e+02 3.577718e+07 2.409432e+06 
1.802856e+02 3.537887e+07 2.208646e+06 
1.830956e+02 3.859757e+07 2.076440e+06 
1.664547e+02 3.656745e+07 2.610219e+06 
1.887028e+02 4.218320e+07 1.868796e+06 
1.900197e+02 3.534992e+07 2.208646e+06 
1.867077e+02 4.162239e+07 1.868796e+06 
1.661265e+02 3.664933e+07 2.811005e+06 
1.637003e+02 3.777632e+07 3.212577e+06 
1.664658e+02 3.643991e+07 2.610219e+06 
1.641894e+02 3.726691e+07 3.413363e+06 
1.669437e+02 3.601135e+07 2.208646e+06 
1.646636e+02 3.880168e+07 2.811005e+06 
1.663065e+02 3.748057e+07 2.610219e+06 
1.639667e+02 3.700166e+07 3.212577e+06 
1.865418e+02 4.219266e+07 1.868796e+06 
1.643660e+02 3.670214e+07 3.212577e+06 
1.820317e+02 4.118453e+07 2.007860e+06 
1.835970e+02 3.855701e+07 1.972618e+06 
1.830716e+02 3.517762e+07 2.409432e+06 
1.643506e+02 3.742173e+07 3.011791e+06 
1.840617e+02 3.528078e+07 2.208646e+06 
1.654885e+02 3.817567e+07 2.409432e+06 
1.642364e+02 3.905965e+07 3.011791e+06 
1.819012e+02 4.185289e+07 2.007860e+06 
1.655257e+02 3.713614e+07 3.011791e+06 
1.668428e+02 3.592788e+07 2.610219e+06 
1.645798e+02 3.673855e+07 3.212577e+06 
1.651415e+02 3.720266e+07 3.011791e+06 
1.819665e+02 4.069840e+07 2.076440e+06 
1.838616e+02 3.540457e+07 2.208646e+06 
1.860535e+02 4.227764e+07 1.868796e+06 
1.666004e+02 3.615991e+07 2.610219e+06 
1.736216e+02 3.566329e+07 2.610219e+06 
1.724244e+02 3.576333e+07 2.610219e+06 
1.691416e+02 3.572630e+07 2.409432e+06 
1.819394e+02 3.818534e+07 1.972618e+06 
1.642111e+02 3.816689e+07 2.610219e+06 
1.653515e+02 3.854946e+07 2.610219e+06 
1.648354e+02 3.724928e+07 3.011791e+06 
1.798485e+02 3.553363e+07 2.409432e+06 
1.817486e+02 3.818003e+07 2.076440e+06 
1.686682e+02 3.612781e+07 2.409432e+06 
1.658374e+02 3.669293e+07 3.011791e+06 
1.665954e+02 3.625970e+07 2.610219e+06 
1.776971e+02 3.560009e+07 2.208646e+06 
1.835377e+02 3.523458e+07 2.409432e+06 
1.765818e+02 3.557097e+07 2.610219e+06 
1.658501e+02 3.641611e+07 3.011791e+06 
1.832352e+02 3.796367e+07 2.076440e+06 
1.715334e+02 3.562668e+07 2.409432e+06 
1.665132e+02 3.658801e+07 2.811005e+06 
1.870791e+02 3.512325e+07 2.409432e+06 
1.629375e+02 3.765518e+07 3.212577e+06 
1.924470e+02 3.519058e+07 2.208646e+06 
1.653901e+02 3.714120e+07 3.011791e+06 
1.658091e+02 3.619683e+07 2.811005e+06 
1.709070e+02 3.571682e+07 2.409432e+06 
1.657090e+02 3.715012e+07 2.811005e+06 
1.658827e+02 3.605457e+07 2.409432e+06 
1.662326e+02 3.852066e+07 2.610219e+06 
1.640360e+02 3.703587e+07 3.011791e+06 
1.673988e+02 3.632030e+07 2.409432e+06 
1.681187e+02 3.610453e+07 2.409432e+06 
1.662348e+02 3.652330e+07 2.811005e+06 
1.642034e+02 3.821115e+07 3.011791e+06 
1.688281e+02 3.592734e+07 2.610219e+06 
1.864731e+02 4.241831e+07 1.868796e+06 
1.847577e+02 3.900123e+07 1.972618e+06 
1.817651e+02 4.045183e+07 2.007860e+06 
1.821868e+02 3.961834e+07 2.076440e+06 

1.675532e+02 3.611743e+07 1.868796e+06 
1.812747e+02 3.503062e+07 2.409432e+06 
1.667369e+02 3.679125e+07 1.764974e+06 
1.743369e+02 3.587394e+07 1.972618e+06 
1.673895e+02 3.630723e+07 1.868796e+06 
1.707192e+02 3.581449e+07 2.610219e+06 
1.688942e+02 3.808240e+07 1.736186e+06 
1.688841e+02 3.697447e+07 1.807074e+06 
1.654440e+02 3.621633e+07 1.972618e+06 
1.656047e+02 3.684426e+07 1.868796e+06 
1.703893e+02 3.853836e+07 1.661152e+06 
1.622950e+02 3.786214e+07 2.409432e+06 
1.646486e+02 3.612697e+07 1.972618e+06 
1.746191e+02 3.600904e+07 2.208646e+06 
1.640480e+02 3.727132e+07 2.208646e+06 
1.621554e+02 3.800608e+07 2.208646e+06 
1.611599e+02 3.809873e+07 2.811005e+06 
1.688492e+02 3.831335e+07 1.736186e+06 
1.615649e+02 3.786062e+07 2.610219e+06 
1.679236e+02 3.616293e+07 1.972618e+06 
1.862908e+02 3.480958e+07 2.409432e+06 
1.671584e+02 3.648078e+07 1.868796e+06 
1.680655e+02 3.738551e+07 1.764974e+06 
1.625736e+02 3.643675e+07 2.208646e+06 
1.645590e+02 3.696271e+07 2.007860e+06 
1.699176e+02 3.602298e+07 2.811005e+06 
1.744913e+02 3.795151e+07 1.736186e+06 
1.712958e+02 3.612370e+07 1.868796e+06 
1.653557e+02 3.748803e+07 1.807074e+06 
1.738496e+02 3.556828e+07 2.811005e+06 
1.748224e+02 3.558761e+07 2.610219e+06 
1.681232e+02 3.612938e+07 1.868796e+06 
1.772755e+02 3.506585e+07 2.409432e+06 
1.716415e+02 3.813586e+07 1.736186e+06 
1.738812e+02 3.720644e+07 1.764974e+06 
1.743851e+02 3.530254e+07 2.610219e+06 
1.610561e+02 3.774768e+07 2.610219e+06 
1.713397e+02 3.821638e+07 1.661152e+06 
1.665674e+02 3.627535e+07 1.868796e+06 
1.731382e+02 3.571262e+07 2.409432e+06 
1.803406e+02 3.484259e+07 2.610219e+06 
1.658216e+02 3.717144e+07 1.807074e+06 
1.709515e+02 3.605735e+07 1.972618e+06 
1.704951e+02 3.859273e+07 1.639732e+06 
1.647586e+02 3.619273e+07 2.007860e+06 
1.737250e+02 3.561303e+07 2.409432e+06 
1.839777e+02 3.503578e+07 2.610219e+06 
1.694884e+02 3.794374e+07 1.736186e+06 
1.655346e+02 3.640793e+07 1.868796e+06 
1.680984e+02 3.903016e+07 1.661152e+06 
1.676514e+02 3.825412e+07 1.736186e+06 
1.687869e+02 3.620456e+07 1.868796e+06 
1.711730e+02 3.610012e+07 1.972618e+06 
1.806009e+02 3.574755e+07 2.208646e+06 
1.658008e+02 3.649679e+07 1.868796e+06 
1.630436e+02 3.728977e+07 2.007860e+06 
1.676132e+02 3.608707e+07 1.972618e+06 
1.680097e+02 3.826703e+07 1.661152e+06 
1.694941e+02 3.613548e+07 1.972618e+06 
1.675624e+02 3.646939e+07 1.868796e+06 
1.619648e+02 3.859034e+07 2.409432e+06 
1.685309e+02 3.672263e+07 1.807074e+06 
1.688745e+02 3.807657e+07 1.661152e+06 
1.687237e+02 3.802612e+07 1.736186e+06 
1.706513e+02 3.578929e+07 2.610219e+06 
1.674845e+02 3.696466e+07 1.764974e+06 
1.765022e+02 3.549986e+07 2.610219e+06 
1.691676e+02 3.609385e+07 1.972618e+06 
1.726048e+02 3.577835e+07 2.055676e+06 
1.625966e+02 3.753067e+07 2.610219e+06 
1.624965e+02 3.785720e+07 2.610219e+06 
1.668867e+02 3.751950e+07 1.764974e+06 
1.679397e+02 3.837324e+07 1.736186e+06 
1.717085e+02 3.602822e+07 2.409432e+06 
1.797468e+02 3.518779e+07 2.409432e+06 
1.790914e+02 3.519947e+07 2.409432e+06 
1.702318e+02 3.795238e+07 1.736186e+06 
1.736843e+02 3.544930e+07 2.208646e+06 
1.619302e+02 3.650642e+07 2.007860e+06 
1.764662e+02 3.500732e+07 2.409432e+06 
1.699644e+02 3.586725e+07 1.972618e+06 
1.734643e+02 3.650284e+07 1.764974e+06 
1.742126e+02 3.813437e+07 1.661152e+06 
1.640372e+02 3.700052e+07 1.868796e+06 
1.616462e+02 3.764239e+07 2.409432e+06 
1.735436e+02 3.627119e+07 1.764974e+06 
1.748695e+02 3.620786e+07 1.764974e+06 
1.655919e+02 3.696429e+07 1.868796e+06 
1.687067e+02 3.824274e+07 1.736186e+06 
1.712868e+02 3.570040e+07 2.409432e+06 
1.707385e+02 3.817877e+07 1.661152e+06 
1.668202e+02 3.780054e+07 1.764974e+06 
1.726744e+02 3.580465e+07 2.610219e+06 
1.676440e+02 3.629845e+07 1.868796e+06 
1.664216e+02 3.848204e+07 1.807074e+06 
1.705335e+02 3.881354e+07 1.639732e+06 
1.697555e+02 3.841551e+07 1.639732e+06 
1.769226e+02 3.510750e+07 2.409432e+06 
1.757666e+02 3.512257e+07 2.409432e+06 
1.752869e+02 3.540701e+07 2.409432e+06 

1.618309e+02 3.803544e+07 3.212577e+06 
1.702431e+02 3.650077e+07 1.868796e+06 
1.679129e+02 3.660808e+07 1.972618e+06 
1.790451e+02 4.054725e+07 1.661152e+06 
1.736451e+02 3.821105e+07 1.764974e+06 
1.656993e+02 3.631917e+07 2.007860e+06 
1.774692e+02 3.915005e+07 1.736186e+06 
1.682215e+02 4.033129e+07 1.807074e+06 
1.617550e+02 3.900956e+07 2.610219e+06 
1.603188e+02 3.823450e+07 2.811005e+06 
1.638036e+02 3.726642e+07 2.208646e+06 
1.659165e+02 3.635547e+07 2.208646e+06 
1.698622e+02 3.844385e+07 1.807074e+06 
1.610385e+02 3.835325e+07 2.811005e+06 
1.631573e+02 3.739002e+07 2.409432e+06 
1.611919e+02 3.810139e+07 2.811005e+06 
1.703682e+02 3.619760e+07 1.972618e+06 
1.679000e+02 3.591185e+07 2.007860e+06 
1.676178e+02 3.611608e+07 2.007860e+06 
1.667608e+02 3.614597e+07 1.972618e+06 
1.805314e+02 3.967498e+07 1.661152e+06 
1.643619e+02 3.681501e+07 2.208646e+06 
1.728841e+02 3.888331e+07 1.764974e+06 
1.685265e+02 3.592859e+07 1.868796e+06 
1.703194e+02 3.592889e+07 2.180262e+06 
1.607154e+02 3.835490e+07 2.811005e+06 
1.679312e+02 3.693188e+07 1.951854e+06 
1.674931e+02 3.632864e+07 2.007860e+06 
1.619454e+02 3.747045e+07 2.610219e+06 
1.676363e+02 3.590316e+07 2.055676e+06 
1.671963e+02 3.635757e+07 2.208646e+06 
1.680100e+02 3.624615e+07 2.076440e+06 
1.729215e+02 3.711891e+07 1.807074e+06 
1.642866e+02 3.720563e+07 2.208646e+06 
1.655773e+02 3.677869e+07 2.208646e+06 
1.692053e+02 3.772067e+07 1.807074e+06 
1.695094e+02 3.614385e+07 2.007860e+06 
1.616044e+02 3.826286e+07 2.811005e+06 
1.666312e+02 3.627949e+07 2.208646e+06 
1.627416e+02 3.743072e+07 2.610219e+06 
1.622256e+02 3.671809e+07 2.208646e+06 
1.719053e+02 3.606811e+07 1.972618e+06 
1.710217e+02 3.718881e+07 1.807074e+06 
1.669484e+02 3.665767e+07 2.076440e+06 
1.685341e+02 3.619013e+07 2.007860e+06 
1.670563e+02 3.649216e+07 2.159498e+06 
1.764197e+02 3.914848e+07 1.736186e+06 
1.671741e+02 3.664586e+07 2.007860e+06 
1.613797e+02 3.691711e+07 2.409432e+06 
1.736996e+02 3.941856e+07 1.736186e+06 
1.683261e+02 3.693983e+07 1.868796e+06 
1.695557e+02 3.599739e+07 2.409432e+06 
1.668777e+02 3.738952e+07 2.007860e+06 
1.799227e+02 3.988256e+07 1.661152e+06 
1.696453e+02 3.694923e+07 1.807074e+06 
1.642220e+02 3.651473e+07 2.409432e+06 
1.709712e+02 3.752963e+07 1.764974e+06 
1.696908e+02 3.586970e+07 1.972618e+06 
1.633843e+02 3.690217e+07 2.409432e+06 
1.620035e+02 3.791473e+07 2.811005e+06 
1.786250e+02 3.955203e+07 1.764974e+06 
1.606908e+02 3.911302e+07 3.011791e+06 
1.688231e+02 3.576136e+07 2.007860e+06 
1.644561e+02 3.642008e+07 2.409432e+06 
1.728938e+02 3.602025e+07 1.972618e+06 
1.678106e+02 3.632383e+07 2.409432e+06 
1.604850e+02 3.831171e+07 2.811005e+06 
1.837556e+02 4.018138e+07 1.661152e+06 
1.671734e+02 3.695544e+07 1.972618e+06 
1.678510e+02 3.619955e+07 2.208646e+06 
1.693483e+02 3.680068e+07 1.868796e+06 
1.632961e+02 3.694738e+07 2.409432e+06 
1.644123e+02 3.682952e+07 2.208646e+06 
1.689396e+02 3.647943e+07 1.868796e+06 
1.684199e+02 3.632280e+07 1.972618e+06 
1.732778e+02 4.069599e+07 1.736186e+06 
1.650103e+02 3.662270e+07 2.208646e+06 
1.771851e+02 3.923039e+07 1.736186e+06 
1.717028e+02 3.731413e+07 1.807074e+06 
1.694161e+02 3.585727e+07 2.007860e+06 
1.642188e+02 3.629559e+07 2.409432e+06 
1.664529e+02 3.685739e+07 2.007860e+06 
1.751954e+02 3.997908e+07 1.736186e+06 
1.708425e+02 3.612452e+07 2.076440e+06 
1.657349e+02 3.667272e+07 2.208646e+06 
1.718252e+02 3.995907e+07 1.764974e+06 
1.704399e+02 3.779941e+07 1.807074e+06 
1.671323e+02 3.681690e+07 2.007860e+06 
1.672069e+02 3.606535e+07 2.208646e+06 
1.690484e+02 3.616751e+07 2.076440e+06 
1.641043e+02 3.671615e+07 2.610219e+06 
1.626157e+02 3.779846e+07 2.610219e+06 
1.618854e+02 3.816452e+07 2.610219e+06 
1.672180e+02 3.677450e+07 1.972618e+06 
1.695526e+02 3.660292e+07 1.868796e+06 
1.785414e+02 3.882017e+07 1.736186e+06 
1.626984e+02 3.812280e+07 2.409432e+06 
1.712793e+02 4.024176e+07 1.764974e+06 
1.696312e+02 3.609888e+07 1.972618e+06 
1.685488e+02 3.737465e+07 1.868796e+06 

1.754430e+02 3.710848e+07 1.868796e+06 
1.590134e+02 3.549610e+07 2.409432e+06 
1.600846e+02 3.548699e+07 2.208646e+06 
1.676582e+02 3.582988e+07 2.007860e+06 
1.678902e+02 3.554408e+07 1.972618e+06 
1.805266e+02 3.941311e+07 1.807074e+06 
1.595686e+02 3.436679e+07 2.409432e+06 
1.613677e+02 3.481662e+07 2.208646e+06 
1.767618e+02 3.987424e+07 1.807074e+06 
1.855513e+02 3.936498e+07 1.807074e+06 
1.590022e+02 3.514328e+07 2.811005e+06 
1.581696e+02 3.548295e+07 3.212577e+06 
1.580090e+02 3.641367e+07 3.212577e+06 
1.694722e+02 3.458983e+07 2.076440e+06 
1.750006e+02 3.491317e+07 2.007860e+06 
1.753920e+02 3.533295e+07 1.972618e+06 
1.663335e+02 3.505769e+07 2.076440e+06 
1.648328e+02 3.440602e+07 2.409432e+06 
1.692281e+02 3.468409e+07 2.076440e+06 
1.596384e+02 3.463131e+07 2.610219e+06 
1.657250e+02 3.434905e+07 2.610219e+06 
1.737523e+02 3.694131e+07 1.868796e+06 
1.814138e+02 3.939210e+07 1.807074e+06 
1.662686e+02 3.464256e+07 2.208646e+06 
1.615982e+02 3.455653e+07 2.409432e+06 
1.678211e+02 3.499351e+07 2.007860e+06 
1.717638e+02 3.440941e+07 2.076440e+06 
1.693519e+02 3.531467e+07 2.007860e+06 
1.770243e+02 3.701903e+07 1.868796e+06 
1.608720e+02 3.445555e+07 2.811005e+06 
1.658165e+02 3.428236e+07 2.208646e+06 
1.723880e+02 3.475128e+07 2.007860e+06 
1.589072e+02 3.524445e+07 2.409432e+06 
1.574623e+02 3.544947e+07 3.011791e+06 
1.584700e+02 3.525152e+07 2.811005e+06 
1.577697e+02 3.641905e+07 3.212577e+06 
1.761817e+02 3.477811e+07 2.007860e+06 
1.778029e+02 3.685653e+07 1.868796e+06 
1.665516e+02 3.623836e+07 2.055676e+06 
1.592381e+02 3.497536e+07 2.610219e+06 
1.582090e+02 3.550648e+07 2.811005e+06 
1.865474e+02 3.702497e+07 1.868796e+06 
1.680977e+02 3.498156e+07 2.076440e+06 
1.698914e+02 3.426957e+07 2.076440e+06 
1.583590e+02 3.503739e+07 2.610219e+06 
1.764474e+02 3.717425e+07 1.868796e+06 
1.690478e+02 3.475818e+07 2.076440e+06 
1.592616e+02 3.470104e+07 2.811005e+06 
1.749942e+02 4.070092e+07 1.807074e+06 
1.598975e+02 3.450679e+07 2.610219e+06 
1.794824e+02 3.680766e+07 1.868796e+06 
1.578968e+02 3.639324e+07 3.011791e+06 
1.647585e+02 3.562488e+07 2.076440e+06 
1.771332e+02 3.976316e+07 1.807074e+06 
1.812174e+02 3.956062e+07 1.807074e+06 
1.642687e+02 3.473009e+07 2.208646e+06 
1.695108e+02 3.439185e+07 2.076440e+06 
1.684260e+02 3.458458e+07 2.208646e+06 
1.575696e+02 3.646435e+07 3.212577e+06 
1.684917e+02 3.487178e+07 2.076440e+06 
1.583446e+02 3.561557e+07 3.011791e+06 
1.595757e+02 3.472783e+07 2.610219e+06 
1.750422e+02 3.436790e+07 2.076440e+06 
1.597241e+02 3.516922e+07 2.409432e+06 
1.620047e+02 3.440278e+07 2.610219e+06 
1.588360e+02 3.521030e+07 2.811005e+06 
1.662742e+02 3.446542e+07 2.076440e+06 
1.787682e+02 3.932333e+07 1.807074e+06 
1.676092e+02 3.434589e+07 2.409432e+06 
1.887953e+02 3.945282e+07 1.807074e+06 
1.677772e+02 3.416190e+07 2.610219e+06 
1.603727e+02 3.506314e+07 2.409432e+06 
1.622637e+02 3.421681e+07 2.610219e+06 
1.739762e+02 3.523335e+07 1.972618e+06 
1.712427e+02 3.514891e+07 2.007860e+06 
1.703948e+02 3.403288e+07 2.076440e+06 
1.597086e+02 3.535434e+07 2.409432e+06 
1.604520e+02 3.497303e+07 2.409432e+06 
1.563472e+02 3.636978e+07 3.212577e+06 
1.579785e+02 3.624784e+07 3.011791e+06 
1.675176e+02 3.460121e+07 2.208646e+06 
1.835520e+02 3.693629e+07 1.868796e+06 
1.594870e+02 3.536791e+07 2.409432e+06 
1.667120e+02 3.486815e+07 1.972618e+06 
1.770657e+02 3.942970e+07 1.807074e+06 
1.678656e+02 3.492705e+07 2.007860e+06 
1.588217e+02 3.584419e+07 2.610219e+06 
1.694728e+02 3.422034e+07 2.076440e+06 
1.816931e+02 3.698176e+07 1.868796e+06 
1.684002e+02 3.435580e+07 2.076440e+06 
1.598981e+02 3.474948e+07 2.208646e+06 
1.589929e+02 3.518772e+07 2.811005e+06 
1.790166e+02 3.989741e+07 1.807074e+06 
1.655302e+02 3.432552e+07 2.208646e+06 
1.727428e+02 3.589439e+07 1.972618e+06 
1.597251e+02 3.464348e+07 2.610219e+06 
1.609536e+02 3.410327e+07 2.409432e+06 
1.622712e+02 3.437011e+07 2.409432e+06 
1.609229e+02 3.496792e+07 2.208646e+06 
1.589403e+02 3.477783e+07 2.610219e+06 

1.657815e+02 4.044137e+07 3.011791e+06 
1.715377e+02 3.749126e+07 2.811005e+06 
1.826687e+02 3.711584e+07 1.807074e+06 
1.663749e+02 3.896929e+07 2.610219e+06 
1.641983e+02 4.389505e+07 3.011791e+06 
1.748537e+02 3.590934e+07 2.409432e+06 
1.645934e+02 4.359344e+07 3.212577e+06 
1.882241e+02 3.756717e+07 1.764974e+06 
1.732247e+02 3.568983e+07 2.610219e+06 
1.706183e+02 3.833994e+07 2.208646e+06 
1.730634e+02 3.593565e+07 2.811005e+06 
1.703027e+02 3.853717e+07 2.409432e+06 
1.713292e+02 4.279323e+07 2.007860e+06 
1.707036e+02 4.287154e+07 2.007860e+06 
1.796203e+02 3.580823e+07 1.972618e+06 
1.634320e+02 4.394682e+07 3.463559e+06 
1.702293e+02 4.286108e+07 1.832641e+06 
1.695436e+02 3.858796e+07 2.409432e+06 
1.746370e+02 3.671786e+07 2.409432e+06 
1.763341e+02 3.542647e+07 2.208646e+06 
1.808303e+02 3.808460e+07 1.764974e+06 
1.826770e+02 3.701522e+07 1.807074e+06 
1.773149e+02 3.572970e+07 2.007860e+06 
1.703395e+02 4.219462e+07 2.007860e+06 
1.654318e+02 3.938130e+07 2.811005e+06 
1.819034e+02 3.702851e+07 1.807074e+06 
1.781671e+02 3.741548e+07 1.868796e+06 
1.838027e+02 3.564755e+07 1.972618e+06 
1.771102e+02 3.689164e+07 2.007860e+06 
1.755842e+02 3.588918e+07 2.076440e+06 
1.914689e+02 3.545212e+07 2.076440e+06 
1.805238e+02 3.775970e+07 1.736186e+06 
1.779227e+02 3.521207e+07 2.076440e+06 
1.771516e+02 3.572412e+07 2.076440e+06 
1.703383e+02 3.820290e+07 2.409432e+06 
1.703492e+02 4.341739e+07 2.007860e+06 
1.698116e+02 4.235759e+07 2.208646e+06 
1.825873e+02 3.753328e+07 1.764974e+06 
1.792616e+02 3.769502e+07 1.764974e+06 
1.769238e+02 3.550902e+07 2.208646e+06 
1.646144e+02 4.483396e+07 3.262773e+06 
1.756749e+02 3.632895e+07 2.055676e+06 
1.798434e+02 3.621148e+07 1.868796e+06 
1.676868e+02 3.780645e+07 2.208646e+06 
1.801831e+02 3.846065e+07 1.807074e+06 
1.806291e+02 3.717662e+07 1.807074e+06 
1.824452e+02 3.555134e+07 1.972618e+06 
1.678395e+02 3.870874e+07 2.610219e+06 
1.714664e+02 4.246203e+07 1.868796e+06 
1.783849e+02 3.735724e+07 1.832641e+06 
1.848388e+02 3.829298e+07 1.736186e+06 
1.813745e+02 3.563664e+07 2.007860e+06 
1.791163e+02 3.675890e+07 1.868796e+06 
1.763519e+02 3.644966e+07 2.007860e+06 
1.840838e+02 3.864920e+07 1.736186e+06 
1.787141e+02 3.614581e+07 1.868796e+06 
1.771346e+02 3.644303e+07 2.007860e+06 
1.776375e+02 3.475383e+07 2.076440e+06 
1.863302e+02 3.458743e+07 2.076440e+06 
1.811179e+02 3.555908e+07 1.972618e+06 
1.748875e+02 3.565674e+07 2.208646e+06 
1.652304e+02 4.445668e+07 3.262773e+06 
1.739860e+02 4.267886e+07 2.007860e+06 
1.768859e+02 3.590015e+07 2.076440e+06 
1.776411e+02 4.250920e+07 1.868796e+06 
1.658256e+02 3.852181e+07 2.610219e+06 
1.824233e+02 3.760057e+07 1.764974e+06 
1.717063e+02 3.632844e+07 2.610219e+06 
1.862487e+02 3.554398e+07 1.972618e+06 
1.712904e+02 3.815619e+07 2.811005e+06 
1.777658e+02 3.541351e+07 2.076440e+06 
1.727971e+02 3.712532e+07 2.811005e+06 
1.663852e+02 3.842040e+07 2.610219e+06 
1.740692e+02 3.538404e+07 2.409432e+06 
1.638888e+02 4.475766e+07 3.463559e+06 
1.688106e+02 3.862322e+07 2.409432e+06 
1.778711e+02 3.618044e+07 1.972618e+06 
1.660323e+02 4.022373e+07 2.811005e+06 
1.727858e+02 3.726623e+07 3.011791e+06 
1.710643e+02 3.773185e+07 2.208646e+06 
1.793103e+02 3.902952e+07 1.807074e+06 
1.710950e+02 3.756739e+07 2.811005e+06 
1.729481e+02 3.687546e+07 2.811005e+06 
1.762878e+02 3.780623e+07 2.007860e+06 
1.674616e+02 3.862605e+07 2.811005e+06 
1.808935e+02 3.557613e+07 2.007860e+06 
1.788432e+02 3.490127e+07 2.076440e+06 
1.842313e+02 3.543108e+07 1.972618e+06 
1.811498e+02 3.771185e+07 1.764974e+06 
1.789973e+02 3.718334e+07 1.832641e+06 
1.783691e+02 3.609034e+07 1.972618e+06 
1.765993e+02 3.552083e+07 2.208646e+06 
1.748644e+02 3.621117e+07 2.208646e+06 
1.662779e+02 3.971448e+07 3.011791e+06 
1.722110e+02 3.554452e+07 2.208646e+06 
1.775639e+02 3.579869e+07 1.972618e+06 
1.813479e+02 3.479042e+07 2.076440e+06 
1.682387e+02 4.028546e+07 2.409432e+06 
1.717672e+02 4.359260e+07 1.832641e+06 
1.839605e+02 3.848055e+07 1.736186e+06 

1.634752e+02 4.099707e+07 1.736186e+06 
1.675871e+02 3.710879e+07 1.764974e+06 
1.706722e+02 3.581565e+07 1.764974e+06 
1.615713e+02 3.794539e+07 1.807074e+06 
1.761989e+02 3.553505e+07 1.868796e+06 
1.622006e+02 3.942589e+07 1.807074e+06 
1.604842e+02 3.736753e+07 2.007860e+06 
1.643415e+02 3.989941e+07 1.736186e+06 
1.706023e+02 3.527647e+07 2.007860e+06 
1.619953e+02 3.612812e+07 1.868796e+06 
1.618620e+02 3.944178e+07 1.832641e+06 
1.663638e+02 3.866182e+07 1.736186e+06 
1.654650e+02 3.910754e+07 1.736186e+06 
1.718372e+02 3.605884e+07 1.807074e+06 
1.761497e+02 3.817436e+07 1.663845e+06 
1.595642e+02 3.523075e+07 2.409432e+06 
1.621810e+02 3.591384e+07 1.868796e+06 
1.712546e+02 3.863490e+07 1.661152e+06 
1.678108e+02 3.812832e+07 1.736186e+06 
1.618775e+02 3.840111e+07 1.832641e+06 
1.684802e+02 3.768697e+07 1.764974e+06 
1.571851e+02 3.615455e+07 2.610219e+06 
1.745299e+02 3.558425e+07 1.868796e+06 
1.577722e+02 3.586580e+07 2.610219e+06 
1.644506e+02 3.484929e+07 2.208646e+06 
1.662525e+02 3.906555e+07 1.736186e+06 
1.703607e+02 3.893577e+07 1.661152e+06 
1.712262e+02 3.509365e+07 1.972618e+06 
1.673632e+02 3.852660e+07 1.736186e+06 
1.613446e+02 3.544561e+07 2.208646e+06 
1.660954e+02 3.748305e+07 1.764974e+06 
1.682412e+02 3.653462e+07 1.807074e+06 
1.646390e+02 3.776868e+07 1.807074e+06 
1.616517e+02 3.602207e+07 2.007860e+06 
1.572546e+02 3.522897e+07 2.409432e+06 
1.613549e+02 3.599012e+07 2.007860e+06 
1.697454e+02 3.634343e+07 1.807074e+06 
1.730450e+02 3.758264e+07 1.736186e+06 
1.686642e+02 3.816785e+07 1.736186e+06 
1.676822e+02 3.909774e+07 1.661152e+06 
1.689120e+02 3.870098e+07 1.661152e+06 
1.628681e+02 3.945027e+07 1.736186e+06 
1.650168e+02 3.920039e+07 1.671883e+06 
1.605225e+02 3.561450e+07 2.208646e+06 
1.623008e+02 3.614900e+07 1.868796e+06 
1.639604e+02 3.565907e+07 1.868796e+06 
1.774129e+02 3.883861e+07 1.639732e+06 
1.635612e+02 4.018444e+07 1.736186e+06 
1.627423e+02 3.582969e+07 1.868796e+06 
1.681403e+02 3.563489e+07 1.868796e+06 
1.690598e+02 4.021170e+07 1.639732e+06 
1.658281e+02 3.594219e+07 1.868796e+06 
1.637960e+02 3.872337e+07 1.764974e+06 
1.739027e+02 3.725151e+07 1.736186e+06 
1.628957e+02 3.489556e+07 2.208646e+06 
1.652450e+02 3.705520e+07 1.807074e+06 
1.601971e+02 3.555318e+07 2.208646e+06 
1.673086e+02 4.071863e+07 1.639732e+06 
1.601792e+02 3.860564e+07 1.832641e+06 
1.563929e+02 3.598882e+07 2.811005e+06 
1.800190e+02 3.735400e+07 1.736186e+06 
1.630294e+02 3.758416e+07 1.832641e+06 
1.719823e+02 3.740154e+07 1.764974e+06 
1.698953e+02 3.798917e+07 1.661152e+06 
1.601888e+02 3.522453e+07 2.610219e+06 
1.659719e+02 3.669738e+07 1.832641e+06 
1.694996e+02 3.920282e+07 1.639732e+06 
1.590071e+02 3.529634e+07 2.409432e+06 
1.598791e+02 3.487712e+07 2.409432e+06 
1.655496e+02 3.875237e+07 1.764974e+06 
1.580548e+02 3.537934e+07 2.409432e+06 
1.701397e+02 3.516571e+07 1.972618e+06 
1.779383e+02 3.675825e+07 1.764974e+06 
1.732098e+02 3.929206e+07 1.606288e+06 
1.700622e+02 3.957928e+07 1.639732e+06 
1.828634e+02 3.803644e+07 1.661152e+06 
1.613044e+02 3.828148e+07 1.972618e+06 
1.677489e+02 3.553913e+07 1.868796e+06 
1.633694e+02 3.738232e+07 1.807074e+06 
1.602237e+02 3.518651e+07 2.409432e+06 
1.664801e+02 3.586119e+07 1.868796e+06 
1.600261e+02 3.681120e+07 2.007860e+06 
1.647105e+02 3.569830e+07 2.007860e+06 
1.663249e+02 4.035788e+07 1.639732e+06 
1.571263e+02 3.567906e+07 2.409432e+06 
1.602718e+02 3.895925e+07 2.007860e+06 
1.662054e+02 4.057290e+07 1.661152e+06 
1.665952e+02 3.914870e+07 1.661152e+06 
1.659612e+02 3.660786e+07 1.807074e+06 
1.717008e+02 3.522814e+07 2.007860e+06 
1.628309e+02 3.821917e+07 1.807074e+06 
1.636933e+02 3.520702e+07 2.208646e+06 
1.786472e+02 3.627131e+07 1.764974e+06 
1.727365e+02 3.829257e+07 1.606288e+06 
1.618185e+02 3.522381e+07 2.208646e+06 
1.683457e+02 3.912654e+07 1.661152e+06 
1.611455e+02 3.489963e+07 2.208646e+06 
1.681957e+02 3.668077e+07 1.807074e+06 
1.731310e+02 3.547287e+07 1.868796e+06 
1.666088e+02 3.833377e+07 1.736186e+06 

1.748137e+02 4.409933e+07 2.058056e+06 
1.711976e+02 3.706883e+07 2.409432e+06 
1.616937e+02 4.292272e+07 2.610219e+06 
1.700184e+02 4.111857e+07 2.811005e+06 
1.615106e+02 4.416812e+07 2.409432e+06 
1.733948e+02 3.669935e+07 2.076440e+06 
1.695524e+02 3.944592e+07 3.011791e+06 
1.822445e+02 3.653082e+07 1.868796e+06 
1.605958e+02 4.296561e+07 2.610219e+06 
1.703752e+02 3.889580e+07 2.811005e+06 
1.610698e+02 4.425881e+07 2.409432e+06 
1.703473e+02 3.941074e+07 2.811005e+06 
1.623807e+02 4.341804e+07 2.409432e+06 
1.754104e+02 3.556098e+07 2.076440e+06 
1.842451e+02 3.517650e+07 2.076440e+06 
1.807241e+02 3.641997e+07 1.972618e+06 
1.713528e+02 3.636320e+07 2.409432e+06 
1.729288e+02 3.638228e+07 2.208646e+06 
1.728779e+02 3.641102e+07 2.208646e+06 
1.612939e+02 4.396427e+07 2.610219e+06 
1.749530e+02 3.645033e+07 2.076440e+06 
1.859255e+02 3.591913e+07 1.868796e+06 
1.767764e+02 3.550688e+07 2.076440e+06 
1.707467e+02 3.698060e+07 2.409432e+06 
1.709665e+02 3.664513e+07 2.610219e+06 
1.953671e+02 3.679318e+07 1.807074e+06 
1.877092e+02 3.687299e+07 1.832641e+06 
1.872989e+02 3.580724e+07 1.868796e+06 
1.644594e+02 4.295492e+07 2.409432e+06 
1.752331e+02 3.760877e+07 2.007860e+06 
1.718709e+02 3.647062e+07 2.208646e+06 
1.785660e+02 3.590223e+07 2.007860e+06 
1.821869e+02 3.850639e+07 1.832641e+06 
1.706579e+02 3.929364e+07 2.811005e+06 
1.905346e+02 3.575708e+07 1.868796e+06 
1.613545e+02 4.307656e+07 2.610219e+06 
1.850324e+02 3.612033e+07 1.868796e+06 
1.758472e+02 3.588790e+07 2.208646e+06 
1.832787e+02 3.628635e+07 1.972618e+06 
1.631349e+02 4.298268e+07 2.208646e+06 
1.817942e+02 3.628146e+07 1.972618e+06 
1.610850e+02 4.355462e+07 2.409432e+06 
1.637869e+02 4.297531e+07 2.409432e+06 
1.899455e+02 3.634215e+07 1.832641e+06 
1.620603e+02 4.381623e+07 2.409432e+06 
1.737254e+02 3.636303e+07 2.007860e+06 
1.649378e+02 4.277287e+07 2.409432e+06 
1.920067e+02 3.857653e+07 1.764974e+06 
1.735662e+02 3.709824e+07 1.868796e+06 
1.701877e+02 3.899015e+07 2.610219e+06 
1.905174e+02 3.554281e+07 2.076440e+06 
1.858576e+02 3.565755e+07 2.076440e+06 
1.815406e+02 3.911506e+07 1.832641e+06 
1.767941e+02 3.569515e+07 2.076440e+06 
1.821019e+02 3.639739e+07 1.868796e+06 
1.836220e+02 3.760368e+07 1.832641e+06 
1.786465e+02 3.620680e+07 2.007860e+06 
1.627450e+02 4.262655e+07 2.409432e+06 
1.886657e+02 3.914355e+07 1.807074e+06 
1.723158e+02 3.659367e+07 2.409432e+06 
1.702436e+02 3.993044e+07 3.212577e+06 
1.930173e+02 3.681688e+07 1.807074e+06 
1.949725e+02 3.848034e+07 1.764974e+06 
1.889496e+02 3.843737e+07 1.807074e+06 
1.927000e+02 3.671724e+07 1.832641e+06 
1.751069e+02 3.563014e+07 2.076440e+06 
1.610678e+02 4.535828e+07 2.610219e+06 
1.815849e+02 3.697259e+07 1.868796e+06 
1.832777e+02 3.573033e+07 2.007860e+06 
1.700664e+02 4.060470e+07 3.413363e+06 
1.720122e+02 3.666220e+07 2.409432e+06 
1.630452e+02 4.281874e+07 2.208646e+06 
1.909847e+02 3.953563e+07 1.807074e+06 
1.840670e+02 3.725324e+07 1.832641e+06 
1.763934e+02 4.533065e+07 1.857270e+06 
1.853327e+02 3.552640e+07 1.868796e+06 
1.863793e+02 3.667886e+07 1.832641e+06 
1.823223e+02 3.834470e+07 1.832641e+06 
1.837552e+02 3.583387e+07 2.007860e+06 
1.756002e+02 3.646882e+07 1.972618e+06 
1.700578e+02 4.027890e+07 2.811005e+06 
1.618096e+02 4.285604e+07 2.610219e+06 
1.934559e+02 4.024368e+07 1.736186e+06 
1.725671e+02 3.652604e+07 2.208646e+06 
1.982887e+02 3.988139e+07 1.736186e+06 
1.719402e+02 3.645663e+07 2.610219e+06 
1.740837e+02 3.626961e+07 2.208646e+06 
1.872917e+02 3.568834e+07 2.007860e+06 
1.819595e+02 3.638007e+07 1.972618e+06 
1.618551e+02 4.354778e+07 2.409432e+06 
1.630138e+02 4.305136e+07 2.409432e+06 
1.759289e+02 3.641730e+07 2.007860e+06 
1.819942e+02 3.738100e+07 1.832641e+06 
1.838740e+02 3.586079e+07 1.972618e+06 
1.986131e+02 3.847584e+07 1.807074e+06 
1.625015e+02 4.250557e+07 2.610219e+06 
1.720234e+02 3.573102e+07 2.076440e+06 
1.925024e+02 3.861873e+07 1.764974e+06 
1.726390e+02 3.651074e+07 2.208646e+06 
1.840325e+02 3.630000e+07 1.868796e+06 

1.612587e+02 3.622057e+07 2.610219e+06 
1.591116e+02 3.541992e+07 3.011791e+06 
1.714597e+02 3.485717e+07 2.610219e+06 
1.595369e+02 3.699646e+07 2.811005e+06 
1.726675e+02 3.437268e+07 2.811005e+06 
1.650204e+02 3.484785e+07 2.409432e+06 
1.697906e+02 3.476322e+07 2.811005e+06 
1.648124e+02 3.498695e+07 2.409432e+06 
1.623328e+02 3.557494e+07 2.811005e+06 
1.595404e+02 3.595683e+07 3.011791e+06 
1.605824e+02 3.601824e+07 2.811005e+06 
1.657543e+02 3.698315e+07 2.007860e+06 
1.650929e+02 3.578623e+07 2.208646e+06 
1.670771e+02 3.482160e+07 2.811005e+06 
1.650239e+02 3.483830e+07 2.610219e+06 
1.688400e+02 3.431191e+07 3.011791e+06 
1.612411e+02 3.571180e+07 2.811005e+06 
1.615882e+02 3.652853e+07 2.610219e+06 
1.634517e+02 3.594946e+07 2.208646e+06 
1.684241e+02 3.492664e+07 2.409432e+06 
1.676878e+02 3.626020e+07 2.007860e+06 
1.652295e+02 3.722142e+07 2.007860e+06 
1.629126e+02 3.558061e+07 2.208646e+06 
1.607026e+02 3.543206e+07 3.212577e+06 
1.648611e+02 3.497225e+07 2.610219e+06 
1.640281e+02 3.518359e+07 2.409432e+06 
1.619910e+02 3.632380e+07 2.610219e+06 
1.592282e+02 3.693736e+07 3.011791e+06 
1.684107e+02 3.547622e+07 2.007860e+06 
1.629352e+02 3.627750e+07 2.409432e+06 
1.684497e+02 3.457166e+07 2.811005e+06 
1.681710e+02 3.484728e+07 2.409432e+06 
1.665235e+02 3.447342e+07 2.811005e+06 
1.736411e+02 3.558382e+07 2.007860e+06 
1.705984e+02 3.457142e+07 2.811005e+06 
1.659468e+02 3.481659e+07 3.011791e+06 
1.666868e+02 3.472777e+07 3.212577e+06 
1.642191e+02 3.496384e+07 2.811005e+06 
1.624202e+02 3.510207e+07 2.610219e+06 
1.712644e+02 3.544927e+07 2.007860e+06 
1.646484e+02 3.643248e+07 2.007860e+06 
1.607427e+02 3.522272e+07 3.011791e+06 
1.606051e+02 3.646398e+07 2.811005e+06 
1.601541e+02 3.703321e+07 2.811005e+06 
1.621303e+02 3.599168e+07 2.811005e+06 
1.623423e+02 3.521990e+07 2.610219e+06 
1.664554e+02 3.599525e+07 2.007860e+06 
1.666610e+02 3.476173e+07 3.011791e+06 
1.674872e+02 3.473732e+07 2.610219e+06 
1.592742e+02 3.665773e+07 3.011791e+06 
1.652497e+02 3.488767e+07 2.409432e+06 
1.594773e+02 3.497650e+07 3.011791e+06 
1.584892e+02 3.752167e+07 3.011791e+06 
1.622315e+02 3.631602e+07 2.610219e+06 
1.676239e+02 3.537509e+07 2.208646e+06 
1.636977e+02 3.515687e+07 2.409432e+06 
1.664969e+02 3.499802e+07 2.409432e+06 
1.662660e+02 3.607723e+07 2.007860e+06 
1.620709e+02 3.557532e+07 2.610219e+06 
1.715401e+02 3.443815e+07 2.811005e+06 
1.630500e+02 3.526925e+07 2.409432e+06 
1.608951e+02 3.661695e+07 2.610219e+06 
1.712638e+02 3.448275e+07 3.011791e+06 
1.734614e+02 3.535913e+07 2.007860e+06 
1.585791e+02 3.749987e+07 3.212577e+06 
1.744450e+02 3.565709e+07 2.007860e+06 
1.684533e+02 3.562772e+07 2.007860e+06 
1.673056e+02 3.459025e+07 3.011791e+06 
1.604838e+02 3.682779e+07 2.811005e+06 
1.667992e+02 3.547990e+07 2.208646e+06 
1.621537e+02 3.521103e+07 2.610219e+06 
1.580565e+02 3.731335e+07 3.011791e+06 
1.616954e+02 3.603217e+07 2.811005e+06 
1.640836e+02 3.490470e+07 3.011791e+06 
1.643444e+02 3.487772e+07 2.409432e+06 
1.601020e+02 3.585285e+07 3.011791e+06 
1.637901e+02 3.513690e+07 2.610219e+06 
1.719258e+02 3.456430e+07 3.011791e+06 
1.628103e+02 3.512206e+07 2.811005e+06 
1.635391e+02 3.579821e+07 2.409432e+06 
1.660639e+02 3.460591e+07 2.811005e+06 
1.606484e+02 3.585204e+07 3.011791e+06 
1.677286e+02 3.582353e+07 2.007860e+06 
1.600033e+02 3.576708e+07 3.413363e+06 
1.659533e+02 3.562437e+07 2.007860e+06 
1.618600e+02 3.648578e+07 2.610219e+06 
1.668134e+02 3.552473e+07 2.007860e+06 
1.695721e+02 3.488838e+07 2.409432e+06 
1.658986e+02 3.589904e+07 2.007860e+06 
1.628078e+02 3.533200e+07 2.409432e+06 
1.648014e+02 3.517371e+07 2.409432e+06 
1.611674e+02 3.604138e+07 2.811005e+06 
1.702405e+02 3.448670e+07 2.811005e+06 
1.634035e+02 3.474343e+07 2.610219e+06 
1.672283e+02 3.555585e+07 2.208646e+06 
1.636503e+02 3.503657e+07 3.011791e+06 
1.609663e+02 3.680403e+07 2.610219e+06 
1.739263e+02 3.447178e+07 3.011791e+06 
1.694220e+02 3.548665e+07 2.208646e+06 
1.604966e+02 3.646809e+07 2.811005e+06 

1.732866e+02 3.566931e+07 1.868796e+06 
1.645993e+02 3.477496e+07 2.076440e+06 
1.605204e+02 3.668644e+07 2.811005e+06 
1.628735e+02 3.459739e+07 2.409432e+06 
1.653150e+02 3.472151e+07 2.076440e+06 
1.667842e+02 3.410880e+07 2.076440e+06 
1.604798e+02 3.670007e+07 2.610219e+06 
1.797529e+02 3.462507e+07 1.868796e+06 
1.612515e+02 3.658290e+07 2.610219e+06 
1.614936e+02 3.549082e+07 2.811005e+06 
1.665708e+02 3.502271e+07 2.007860e+06 
1.603398e+02 3.520191e+07 2.811005e+06 
1.741340e+02 3.632793e+07 1.807074e+06 
1.774371e+02 3.615003e+07 1.807074e+06 
1.664408e+02 3.553337e+07 2.007860e+06 
1.614935e+02 3.629744e+07 2.811005e+06 
1.688909e+02 3.491021e+07 1.972618e+06 
1.764008e+02 3.629310e+07 1.807074e+06 
1.610398e+02 3.511532e+07 2.610219e+06 
1.695884e+02 3.604844e+07 1.868796e+06 
1.690992e+02 3.643468e+07 1.868796e+06 
1.713924e+02 3.421407e+07 2.076440e+06 
1.668807e+02 3.411519e+07 2.208646e+06 
1.590767e+02 3.691217e+07 2.811005e+06 
1.741416e+02 3.482120e+07 1.868796e+06 
1.703572e+02 3.381923e+07 2.208646e+06 
1.582416e+02 3.725473e+07 3.011791e+06 
1.647188e+02 3.563470e+07 2.007860e+06 
1.708758e+02 3.698562e+07 1.832641e+06 
1.620844e+02 3.473929e+07 2.208646e+06 
1.614846e+02 3.473447e+07 2.409432e+06 
1.647904e+02 3.439202e+07 2.076440e+06 
1.619944e+02 3.442981e+07 2.208646e+06 
1.702774e+02 3.580443e+07 1.868796e+06 
1.718417e+02 3.510173e+07 1.868796e+06 
1.587683e+02 3.692605e+07 3.011791e+06 
1.661846e+02 3.414498e+07 2.208646e+06 
1.630653e+02 3.483044e+07 2.208646e+06 
1.700679e+02 3.592270e+07 1.868796e+06 
1.632475e+02 3.452394e+07 2.409432e+06 
1.697609e+02 3.451102e+07 2.007860e+06 
1.631364e+02 3.461004e+07 2.208646e+06 
1.632652e+02 3.420647e+07 2.208646e+06 
1.635766e+02 3.421597e+07 2.208646e+06 
1.758784e+02 3.428307e+07 2.007860e+06 
1.778745e+02 3.596360e+07 1.807074e+06 
1.602753e+02 3.713191e+07 2.811005e+06 
1.646725e+02 3.430910e+07 2.409432e+06 
1.592369e+02 3.740536e+07 2.811005e+06 
1.750079e+02 3.436953e+07 2.076440e+06 
1.698797e+02 3.365616e+07 2.208646e+06 
1.736953e+02 3.517208e+07 1.868796e+06 
1.651765e+02 3.416113e+07 2.208646e+06 
1.606092e+02 3.569256e+07 2.610219e+06 
1.681319e+02 3.665931e+07 1.868796e+06 
1.599527e+02 3.650375e+07 2.811005e+06 
1.713983e+02 3.450135e+07 2.007860e+06 
1.588418e+02 3.696185e+07 2.811005e+06 
1.695743e+02 3.407221e+07 2.208646e+06 
1.762017e+02 3.460826e+07 1.972618e+06 
1.655989e+02 3.457627e+07 2.076440e+06 
1.618693e+02 3.549950e+07 2.409432e+06 
1.724347e+02 3.365814e+07 2.208646e+06 
1.634482e+02 3.448023e+07 2.409432e+06 
1.612207e+02 3.625823e+07 3.011791e+06 
1.786377e+02 3.595264e+07 1.807074e+06 
1.784152e+02 3.602588e+07 1.807074e+06 
1.596702e+02 3.690221e+07 2.811005e+06 
1.744744e+02 3.471790e+07 1.972618e+06 
1.730033e+02 3.582894e+07 1.868796e+06 
1.711298e+02 3.653351e+07 1.807074e+06 
1.622847e+02 3.448617e+07 2.409432e+06 
1.652366e+02 3.484742e+07 2.007860e+06 
1.691015e+02 3.632831e+07 1.868796e+06 
1.692694e+02 3.530561e+07 1.868796e+06 
1.716635e+02 3.578001e+07 2.007860e+06 
1.617329e+02 3.569208e+07 2.610219e+06 
1.695436e+02 3.490501e+07 1.972618e+06 
1.805602e+02 3.535877e+07 1.868796e+06 
1.620289e+02 3.486468e+07 2.409432e+06 
1.782566e+02 3.527229e+07 2.007860e+06 
1.635918e+02 3.446648e+07 2.076440e+06 
1.618049e+02 3.524309e+07 2.610219e+06 
1.648402e+02 3.547136e+07 2.007860e+06 
1.645840e+02 3.416893e+07 2.208646e+06 
1.759872e+02 3.595270e+07 1.807074e+06 
1.692289e+02 3.643526e+07 1.832641e+06 
1.655793e+02 3.428123e+07 2.076440e+06 
1.660158e+02 3.415164e+07 2.208646e+06 
1.657992e+02 3.456258e+07 2.076440e+06 
1.666008e+02 3.418016e+07 1.972618e+06 
1.662080e+02 3.420520e+07 2.208646e+06 
1.704540e+02 3.612852e+07 1.807074e+06 
1.741530e+02 3.500029e+07 1.868796e+06 
1.596163e+02 3.700994e+07 2.811005e+06 
1.669233e+02 3.397071e+07 2.208646e+06 
1.698809e+02 3.447770e+07 2.076440e+06 
1.580691e+02 3.716505e+07 3.011791e+06 
1.590576e+02 3.693232e+07 3.011791e+06 
1.704001e+02 3.385904e+07 2.208646e+06 

