7.165850e+03 2.896212e+07 1.586361e+06 
8.450350e+03 3.417877e+07 1.208656e+06 
6.887050e+03 2.786736e+07 1.787511e+06 
6.245200e+03 2.551526e+07 2.468467e+06 
8.314350e+03 3.330112e+07 1.361913e+06 
8.570550e+03 3.352571e+07 1.208656e+06 
7.449450e+03 3.042820e+07 1.532152e+06 
9.915150e+03 3.782529e+07 1.021435e+06 
6.919600e+03 2.823127e+07 1.702391e+06 
1.089320e+04 4.155656e+07 8.721289e+05 
6.407950e+03 2.559663e+07 2.298228e+06 
6.355400e+03 2.547625e+07 2.383347e+06 
6.699950e+03 2.695885e+07 1.957750e+06 
6.623050e+03 2.678129e+07 2.042869e+06 
7.080350e+03 2.855025e+07 1.617271e+06 
8.686350e+03 3.483089e+07 1.106554e+06 
6.576700e+03 2.730019e+07 2.127989e+06 
7.600350e+03 3.094649e+07 1.447032e+06 
8.781400e+03 3.453210e+07 1.133115e+06 
9.867750e+03 3.922813e+07 9.551220e+05 
8.449950e+03 3.332977e+07 1.276793e+06 
1.007725e+04 3.990025e+07 9.096400e+05 
6.553750e+03 2.662323e+07 2.213108e+06 
7.562250e+03 3.073651e+07 1.510820e+06 
6.736050e+03 2.734385e+07 1.872630e+06 

9.059500e+03 3.566303e+07 1.133115e+06 
6.710950e+03 2.703781e+07 2.042869e+06 
9.711450e+03 3.767743e+07 9.363151e+05 
6.406600e+03 2.655069e+07 2.340788e+06 
6.578600e+03 2.649599e+07 2.127989e+06 
8.958850e+03 3.575547e+07 1.191674e+06 
7.517800e+03 3.073825e+07 1.489592e+06 
6.260150e+03 2.539087e+07 2.383347e+06 
8.858700e+03 3.492288e+07 1.208656e+06 
6.202100e+03 2.501131e+07 2.468467e+06 
7.077400e+03 2.895686e+07 1.702391e+06 
6.177250e+03 2.508177e+07 2.553587e+06 
7.495150e+03 3.082072e+07 1.415112e+06 
6.426450e+03 2.629420e+07 2.213108e+06 
9.696100e+03 3.818001e+07 9.363151e+05 
6.792900e+03 2.754317e+07 1.872630e+06 
6.450900e+03 2.652463e+07 2.127989e+06 
7.276500e+03 2.973402e+07 1.617271e+06 
9.727650e+03 3.757673e+07 9.820330e+05 
6.415200e+03 2.649139e+07 2.170549e+06 
7.629700e+03 3.107482e+07 1.361913e+06 
9.821650e+03 3.823220e+07 9.064920e+05 
7.077750e+03 2.888559e+07 1.787511e+06 
9.449950e+03 3.721447e+07 1.057574e+06 
7.991300e+03 3.330684e+07 1.276793e+06 

6.270900e+03 2.570013e+07 2.553587e+06 
6.359800e+03 2.600208e+07 2.383347e+06 
8.549100e+03 3.446136e+07 1.191674e+06 
7.456350e+03 3.034071e+07 1.489592e+06 
1.018005e+04 4.130319e+07 9.064920e+05 
7.071300e+03 2.928037e+07 1.872630e+06 
7.158800e+03 2.933343e+07 1.787511e+06 
7.119200e+03 2.957779e+07 1.617271e+06 
8.825400e+03 3.608898e+07 1.037375e+06 
8.723100e+03 3.500095e+07 1.106554e+06 
6.531350e+03 2.668040e+07 1.957750e+06 
7.514050e+03 3.035231e+07 1.447032e+06 
8.315450e+03 3.290876e+07 1.361913e+06 
7.169050e+03 2.954721e+07 1.702391e+06 
6.355550e+03 2.590049e+07 2.468467e+06 
6.414700e+03 2.622898e+07 2.213108e+06 
6.480250e+03 2.635519e+07 2.127989e+06 
7.078600e+03 2.942943e+07 1.787511e+06 
7.087200e+03 2.963071e+07 1.702391e+06 
6.340900e+03 2.603462e+07 2.383347e+06 
1.042635e+04 4.192696e+07 8.585176e+05 
7.456150e+03 3.010247e+07 1.532152e+06 
6.346350e+03 2.592427e+07 2.468467e+06 
8.372650e+03 3.318210e+07 1.276793e+06 
6.382650e+03 2.601621e+07 2.298228e+06 

9.556850e+03 3.809184e+07 1.191674e+06 
7.042750e+03 2.857665e+07 1.702391e+06 
6.347450e+03 2.607112e+07 2.383347e+06 
6.569700e+03 2.693740e+07 2.042869e+06 
6.374750e+03 2.584184e+07 2.468467e+06 
9.973200e+03 4.228034e+07 9.820330e+05 
9.332750e+03 3.810024e+07 1.021435e+06 
7.267200e+03 2.946198e+07 1.532152e+06 
7.465000e+03 3.035255e+07 1.510820e+06 
6.722950e+03 2.746832e+07 1.787511e+06 
7.477700e+03 3.037235e+07 1.447032e+06 
7.218700e+03 2.935938e+07 1.617271e+06 
6.680450e+03 2.740885e+07 1.872630e+06 
8.144350e+03 3.222901e+07 1.284197e+06 
6.552800e+03 2.659934e+07 2.298228e+06 
6.306900e+03 2.608355e+07 2.553587e+06 
8.006050e+03 3.146042e+07 1.361913e+06 
6.347800e+03 2.587618e+07 2.468467e+06 
7.946400e+03 3.160845e+07 1.359738e+06 
8.094500e+03 3.243930e+07 1.284197e+06 
9.225800e+03 3.810947e+07 1.106554e+06 
6.634250e+03 2.702255e+07 1.957750e+06 
6.525100e+03 2.690275e+07 2.213108e+06 
9.296850e+03 3.558491e+07 1.276793e+06 
6.718550e+03 2.736065e+07 1.872630e+06 

8.541200e+03 3.366710e+07 1.208656e+06 
6.304800e+03 2.559796e+07 2.213108e+06 
9.324800e+03 3.526426e+07 1.057574e+06 
1.012395e+04 4.008075e+07 9.363151e+05 
6.244350e+03 2.518930e+07 2.553587e+06 
7.094300e+03 2.804744e+07 1.702391e+06 
8.484700e+03 3.380257e+07 1.191674e+06 
9.136200e+03 3.467825e+07 1.106554e+06 
8.395300e+03 3.316457e+07 1.276793e+06 
7.724750e+03 3.046436e+07 1.617271e+06 
8.930250e+03 3.452928e+07 1.133115e+06 
7.995600e+03 3.098193e+07 1.447032e+06 
7.969000e+03 3.114048e+07 1.435279e+06 
9.386150e+03 3.603642e+07 9.820330e+05 
6.233750e+03 2.527996e+07 2.468467e+06 
7.009050e+03 2.791650e+07 1.787511e+06 
6.964800e+03 2.748320e+07 1.957750e+06 
6.985700e+03 2.768709e+07 1.872630e+06 
6.369250e+03 2.581981e+07 2.127989e+06 
8.471700e+03 3.312918e+07 1.329992e+06 
8.252550e+03 3.243516e+07 1.359738e+06 
6.320450e+03 2.551725e+07 2.298228e+06 
7.672050e+03 3.054632e+07 1.510820e+06 
6.459700e+03 2.622611e+07 2.042869e+06 
6.189650e+03 2.539874e+07 2.468467e+06 

6.263050e+03 2.583797e+07 2.553587e+06 
7.789100e+03 3.218644e+07 1.447032e+06 
6.722850e+03 2.753108e+07 1.872630e+06 
7.991750e+03 3.366531e+07 1.359738e+06 
7.467150e+03 3.113902e+07 1.510820e+06 
9.899900e+03 3.838467e+07 1.001604e+06 
7.461450e+03 3.097588e+07 1.532152e+06 
6.531500e+03 2.685466e+07 2.042869e+06 
6.264350e+03 2.571783e+07 2.468467e+06 
7.359850e+03 3.040083e+07 1.787511e+06 
9.064600e+03 3.665205e+07 1.021435e+06 
6.395800e+03 2.645172e+07 2.127989e+06 
7.946100e+03 3.286341e+07 1.361913e+06 
6.393900e+03 2.614631e+07 2.298228e+06 
8.458300e+03 3.526857e+07 1.276793e+06 
6.266800e+03 2.571972e+07 2.553587e+06 
1.044800e+04 4.197166e+07 9.363151e+05 
8.101150e+03 3.447968e+07 1.284197e+06 
6.517000e+03 2.693659e+07 1.957750e+06 
8.963350e+03 3.623368e+07 1.106554e+06 
6.432150e+03 2.632652e+07 2.213108e+06 
6.297050e+03 2.592113e+07 2.383347e+06 
9.391150e+03 3.943278e+07 9.820330e+05 
8.346200e+03 3.541610e+07 1.208656e+06 
8.973050e+03 3.631949e+07 1.057574e+06 

8.048800e+03 3.272956e+07 1.361913e+06 
6.283000e+03 2.555469e+07 2.127989e+06 
7.037550e+03 2.985930e+07 1.532152e+06 
6.222000e+03 2.501671e+07 2.553587e+06 
8.591200e+03 3.456909e+07 1.234234e+06 
8.910900e+03 3.628626e+07 1.208656e+06 
7.071350e+03 2.950747e+07 1.617271e+06 
7.024000e+03 2.918899e+07 1.702391e+06 
8.331400e+03 3.337113e+07 1.319353e+06 
6.251950e+03 2.550134e+07 2.298228e+06 
7.206650e+03 3.029014e+07 1.500231e+06 
6.318550e+03 2.599024e+07 1.957750e+06 
6.271350e+03 2.578534e+07 2.127989e+06 
6.163550e+03 2.507445e+07 2.383347e+06 
8.768600e+03 3.660415e+07 1.057574e+06 
6.875250e+03 2.886026e+07 1.787511e+06 
7.229550e+03 3.044283e+07 1.447032e+06 
8.872950e+03 3.660766e+07 1.021435e+06 
6.303500e+03 2.586130e+07 2.042869e+06 
8.867100e+03 3.669986e+07 9.820330e+05 
6.145200e+03 2.502049e+07 2.468467e+06 
8.957650e+03 3.747175e+07 8.987604e+05 
6.556450e+03 2.687364e+07 1.872630e+06 
6.985500e+03 2.955486e+07 1.670470e+06 
6.330250e+03 2.547373e+07 2.298228e+06 

8.723400e+03 3.525948e+07 1.133115e+06 
7.295350e+03 3.055869e+07 1.447032e+06 
7.115050e+03 2.939981e+07 1.702391e+06 
7.706050e+03 3.139506e+07 1.361913e+06 
7.045700e+03 2.894268e+07 1.787511e+06 
8.287300e+03 3.375882e+07 1.276793e+06 
7.269800e+03 3.029135e+07 1.532152e+06 
7.235650e+03 3.004495e+07 1.617271e+06 
7.155050e+03 3.025693e+07 1.617271e+06 
6.561800e+03 2.693408e+07 2.127989e+06 
9.884350e+03 4.166891e+07 9.363151e+05 
8.463200e+03 3.503267e+07 1.191674e+06 
7.836750e+03 3.181438e+07 1.284197e+06 
6.702150e+03 2.752803e+07 1.957750e+06 
9.062650e+03 3.738144e+07 1.057574e+06 
9.269500e+03 3.711423e+07 1.106554e+06 
6.180850e+03 2.502178e+07 2.468467e+06 
7.015950e+03 2.887562e+07 1.872630e+06 
6.648600e+03 2.710159e+07 2.042869e+06 
6.598850e+03 2.678290e+07 2.213108e+06 
7.210900e+03 3.033665e+07 1.532152e+06 
7.665900e+03 3.144856e+07 1.359738e+06 
8.371050e+03 3.453114e+07 1.208656e+06 
6.359850e+03 2.599995e+07 2.383347e+06 
9.018950e+03 3.792638e+07 9.820330e+05 

8.342950e+03 3.225131e+07 1.447032e+06 
8.860450e+03 3.501828e+07 1.057574e+06 
6.541650e+03 2.652870e+07 2.127989e+06 
8.861300e+03 3.560500e+07 9.820330e+05 
8.472800e+03 3.319746e+07 1.133115e+06 
9.050900e+03 3.708652e+07 9.363151e+05 
6.397100e+03 2.603435e+07 2.213108e+06 
6.365450e+03 2.575599e+07 2.298228e+06 
6.961300e+03 2.905140e+07 1.532152e+06 
6.648300e+03 2.723785e+07 1.957750e+06 
8.432700e+03 3.264763e+07 1.276793e+06 
6.256850e+03 2.548248e+07 2.553587e+06 
6.347250e+03 2.573774e+07 2.383347e+06 
6.600600e+03 2.711386e+07 2.042869e+06 
7.296400e+03 3.042822e+07 1.510820e+06 
6.710800e+03 2.757677e+07 1.872630e+06 
8.813150e+03 3.425633e+07 1.106554e+06 
8.237300e+03 3.330728e+07 1.361913e+06 
6.243450e+03 2.561241e+07 2.553587e+06 
6.293100e+03 2.552702e+07 2.468467e+06 
6.778250e+03 2.786273e+07 1.787511e+06 
8.360850e+03 3.301935e+07 1.191674e+06 
8.422950e+03 3.242555e+07 1.361913e+06 
8.771550e+03 3.525379e+07 9.895141e+05 
6.872200e+03 2.819363e+07 1.702391e+06 

6.493650e+03 2.636826e+07 2.213108e+06 
8.180700e+03 3.320677e+07 1.276793e+06 
7.353800e+03 3.015921e+07 1.447032e+06 
9.077000e+03 3.760353e+07 1.074634e+06 
6.378300e+03 2.590707e+07 2.298228e+06 
6.279450e+03 2.535083e+07 2.468467e+06 
7.067650e+03 2.916075e+07 1.617271e+06 
6.862800e+03 2.787463e+07 1.872630e+06 
6.767800e+03 2.738144e+07 1.957750e+06 
7.459650e+03 3.070246e+07 1.361913e+06 
6.543650e+03 2.659942e+07 2.127989e+06 
6.218300e+03 2.512352e+07 2.553587e+06 
8.171000e+03 3.315363e+07 1.329992e+06 
6.948400e+03 2.858555e+07 1.702391e+06 
9.280750e+03 3.620158e+07 1.106554e+06 
6.742300e+03 2.721063e+07 2.042869e+06 
6.997200e+03 2.837419e+07 1.787511e+06 
6.338100e+03 2.569900e+07 2.383347e+06 
9.669550e+03 3.671784e+07 1.057574e+06 
8.773650e+03 3.418307e+07 1.191674e+06 
6.229000e+03 2.510083e+07 2.553587e+06 
7.138050e+03 2.953049e+07 1.532152e+06 
9.557850e+03 4.005791e+07 9.895141e+05 
7.096550e+03 2.930206e+07 1.586361e+06 
7.455500e+03 3.055627e+07 1.435279e+06 

