8.672400e+03 3.464897e+07 9.788749e+05 
6.633050e+03 2.761079e+07 2.298228e+06 
8.619350e+03 3.468220e+07 9.895141e+05 
8.643500e+03 3.457433e+07 1.063994e+06 
8.520000e+03 3.527086e+07 1.021435e+06 
7.284800e+03 3.043919e+07 1.659831e+06 
7.608900e+03 3.166534e+07 1.447032e+06 
8.565800e+03 3.499160e+07 1.021435e+06 
7.622400e+03 3.152781e+07 1.532152e+06 
7.204550e+03 3.021805e+07 2.170549e+06 
6.677500e+03 2.755302e+07 2.298228e+06 
8.278250e+03 3.389733e+07 1.159753e+06 
8.610800e+03 3.464804e+07 1.057574e+06 
7.144050e+03 3.040622e+07 2.170549e+06 
7.215450e+03 3.037941e+07 2.085429e+06 
8.594700e+03 3.492572e+07 9.434744e+05 
7.235200e+03 3.021833e+07 2.042869e+06 
7.204500e+03 3.041497e+07 2.127989e+06 
7.375350e+03 3.102600e+07 1.574712e+06 
8.681500e+03 3.478643e+07 9.064920e+05 
8.562650e+03 3.466164e+07 1.106554e+06 
6.506250e+03 2.705138e+07 2.553587e+06 
8.558700e+03 3.486895e+07 1.149114e+06 
7.207450e+03 3.079762e+07 2.085429e+06 
7.253600e+03 3.069940e+07 1.830070e+06 

7.319800e+03 3.033638e+07 1.617271e+06 
7.032450e+03 2.931188e+07 1.787511e+06 
7.709650e+03 3.207378e+07 1.361913e+06 
9.084750e+03 3.581999e+07 8.764034e+05 
7.020350e+03 2.935542e+07 1.702391e+06 
7.286100e+03 3.043105e+07 1.617271e+06 
7.735550e+03 3.205442e+07 1.361913e+06 
7.336100e+03 3.072126e+07 1.532152e+06 
7.345200e+03 3.063810e+07 1.532152e+06 
8.563250e+03 3.431602e+07 1.276793e+06 
8.443950e+03 3.441944e+07 1.276793e+06 
6.922500e+03 2.895448e+07 1.872630e+06 
8.471600e+03 3.452018e+07 1.106554e+06 
6.859900e+03 2.863145e+07 1.957750e+06 
8.766750e+03 3.478417e+07 1.057574e+06 
6.845400e+03 2.882291e+07 1.957750e+06 
7.660150e+03 3.223098e+07 1.361913e+06 
6.689600e+03 2.802676e+07 2.298228e+06 
8.563250e+03 3.434985e+07 1.208656e+06 
8.944400e+03 3.618548e+07 9.820330e+05 
9.128550e+03 3.691438e+07 9.363151e+05 
7.371300e+03 3.057194e+07 1.532152e+06 
8.940400e+03 3.541986e+07 1.021435e+06 
7.784150e+03 3.232459e+07 1.361913e+06 
9.063700e+03 3.594292e+07 9.820330e+05 

8.796250e+03 3.479576e+07 1.021435e+06 
7.164350e+03 3.003212e+07 1.702391e+06 
8.010900e+03 3.230401e+07 1.435279e+06 
8.300000e+03 3.367576e+07 1.057574e+06 
6.626300e+03 2.753042e+07 2.383347e+06 
8.424600e+03 3.361455e+07 1.074634e+06 
8.436450e+03 3.326894e+07 1.244873e+06 
8.022100e+03 3.199788e+07 1.435279e+06 
6.661000e+03 2.760236e+07 2.213108e+06 
7.656650e+03 3.168529e+07 1.617271e+06 
7.086550e+03 2.969095e+07 1.957750e+06 
6.727400e+03 2.740530e+07 2.127989e+06 
8.643150e+03 3.413096e+07 9.479465e+05 
8.439550e+03 3.327242e+07 1.208656e+06 
7.784150e+03 3.140945e+07 1.532152e+06 
7.909900e+03 3.173739e+07 1.447032e+06 
7.684150e+03 3.122384e+07 1.617271e+06 
6.782750e+03 2.735344e+07 2.213108e+06 
8.047400e+03 3.287245e+07 1.276793e+06 
7.061150e+03 2.968177e+07 2.010949e+06 
6.822850e+03 2.779759e+07 2.042869e+06 
7.257750e+03 3.044030e+07 1.957750e+06 
7.711900e+03 3.141642e+07 1.510820e+06 
7.151450e+03 2.992197e+07 1.872630e+06 
8.268450e+03 3.334320e+07 1.106554e+06 

7.135750e+03 2.935094e+07 1.787511e+06 
6.673650e+03 2.741917e+07 2.468467e+06 
8.038600e+03 3.324816e+07 1.133115e+06 
8.041900e+03 3.320917e+07 1.244873e+06 
7.099450e+03 2.901888e+07 2.000309e+06 
7.081300e+03 2.928747e+07 1.872630e+06 
8.623000e+03 3.519194e+07 1.106554e+06 
6.710900e+03 2.762628e+07 2.298228e+06 
6.762000e+03 2.741575e+07 2.383347e+06 
7.013100e+03 2.872247e+07 2.042869e+06 
6.855300e+03 2.813671e+07 2.213108e+06 
8.638150e+03 3.541120e+07 1.106554e+06 
6.885300e+03 2.842063e+07 2.127989e+06 
6.867450e+03 2.807049e+07 2.213108e+06 
7.033400e+03 2.914060e+07 2.000309e+06 
6.727600e+03 2.752806e+07 2.468467e+06 
7.098200e+03 2.927588e+07 2.085429e+06 
8.771100e+03 3.600932e+07 9.363151e+05 
7.039550e+03 2.904490e+07 1.915190e+06 
8.052700e+03 3.319185e+07 1.319353e+06 
6.959300e+03 2.829343e+07 2.213108e+06 
7.811750e+03 3.231243e+07 1.532152e+06 
7.854450e+03 3.240618e+07 1.361913e+06 
8.024500e+03 3.374826e+07 1.276793e+06 
6.813350e+03 2.786716e+07 2.383347e+06 

6.966700e+03 2.957592e+07 1.957750e+06 
8.260550e+03 3.400106e+07 1.057574e+06 
8.058000e+03 3.407096e+07 1.329992e+06 
7.207950e+03 3.043099e+07 1.532152e+06 
7.534900e+03 3.157975e+07 1.361913e+06 
6.507200e+03 2.691002e+07 2.213108e+06 
8.084750e+03 3.396390e+07 1.191674e+06 
6.462100e+03 2.663251e+07 2.298228e+06 
7.142800e+03 2.999194e+07 1.617271e+06 
7.056200e+03 2.983458e+07 1.702391e+06 
7.405150e+03 3.102978e+07 1.447032e+06 
6.515950e+03 2.699000e+07 2.127989e+06 
6.979650e+03 2.936695e+07 1.787511e+06 
8.107300e+03 3.373607e+07 1.106554e+06 
6.987600e+03 2.931710e+07 1.957750e+06 
6.556900e+03 2.676600e+07 2.213108e+06 
7.073550e+03 3.003813e+07 1.617271e+06 
8.195200e+03 3.407144e+07 1.021435e+06 
8.170150e+03 3.431109e+07 1.074634e+06 
6.438400e+03 2.673033e+07 2.383347e+06 
7.076800e+03 2.975120e+07 1.702391e+06 
6.519900e+03 2.682744e+07 2.213108e+06 
6.489250e+03 2.698601e+07 2.213108e+06 
8.658800e+03 3.529339e+07 8.764034e+05 
6.985050e+03 2.936464e+07 2.042869e+06 

8.285000e+03 3.390874e+07 1.361913e+06 
9.213750e+03 3.734057e+07 9.363151e+05 
6.583150e+03 2.752418e+07 2.298228e+06 
9.211150e+03 3.700929e+07 1.021435e+06 
6.585550e+03 2.733645e+07 2.468467e+06 
6.577250e+03 2.756877e+07 2.383347e+06 
8.861500e+03 3.564909e+07 1.133115e+06 
8.782300e+03 3.574875e+07 1.191674e+06 
7.029700e+03 2.921988e+07 1.787511e+06 
7.017350e+03 2.982802e+07 1.617271e+06 
9.149450e+03 3.726658e+07 1.021435e+06 
9.199550e+03 3.729855e+07 9.895141e+05 
7.020650e+03 2.968249e+07 1.787511e+06 
8.337950e+03 3.383108e+07 1.500231e+06 
6.853100e+03 2.858297e+07 2.127989e+06 
6.582050e+03 2.743034e+07 2.468467e+06 
8.248150e+03 3.372232e+07 1.585351e+06 
8.404500e+03 3.367452e+07 1.585351e+06 
6.631100e+03 2.733587e+07 2.468467e+06 
8.268100e+03 3.370838e+07 1.585351e+06 
8.278450e+03 3.413930e+07 1.500231e+06 
6.852900e+03 2.865966e+07 1.957750e+06 
8.614500e+03 3.507245e+07 1.276793e+06 
8.299200e+03 3.368924e+07 1.585351e+06 
6.862200e+03 2.856774e+07 2.127989e+06 

7.742750e+03 3.250653e+07 1.702391e+06 
8.590650e+03 3.502461e+07 1.191674e+06 
6.562250e+03 2.755671e+07 2.213108e+06 
6.594550e+03 2.740511e+07 2.127989e+06 
6.698600e+03 2.784533e+07 1.957750e+06 
8.527300e+03 3.485996e+07 1.106554e+06 
6.604900e+03 2.775769e+07 2.042869e+06 
7.858650e+03 3.245243e+07 1.617271e+06 
8.588200e+03 3.440502e+07 1.106554e+06 
6.515250e+03 2.707411e+07 2.298228e+06 
8.645250e+03 3.493376e+07 1.021435e+06 
8.193200e+03 3.338145e+07 1.284197e+06 
6.681100e+03 2.769211e+07 2.042869e+06 
7.888700e+03 3.266658e+07 1.447032e+06 
6.671550e+03 2.772007e+07 2.042869e+06 
8.171100e+03 3.303105e+07 1.359738e+06 
8.364300e+03 3.416023e+07 1.159753e+06 
7.746250e+03 3.192622e+07 1.702391e+06 
6.583050e+03 2.727438e+07 2.213108e+06 
7.733750e+03 3.271264e+07 1.702391e+06 
8.238000e+03 3.306931e+07 1.284197e+06 
7.593300e+03 3.153668e+07 1.787511e+06 
7.568800e+03 3.139312e+07 1.872630e+06 
6.611600e+03 2.788225e+07 1.957750e+06 
8.879600e+03 3.575291e+07 8.511955e+05 

8.379700e+03 3.401982e+07 1.191674e+06 
6.734650e+03 2.797415e+07 2.127989e+06 
7.606800e+03 3.078814e+07 1.532152e+06 
8.447600e+03 3.445753e+07 9.121750e+05 
7.588200e+03 3.079908e+07 1.532152e+06 
7.608950e+03 3.093384e+07 1.361913e+06 
6.528700e+03 2.689942e+07 2.298228e+06 
7.255000e+03 2.967090e+07 1.617271e+06 
6.576000e+03 2.725494e+07 2.213108e+06 
7.114550e+03 2.940672e+07 1.702391e+06 
6.727450e+03 2.800965e+07 2.127989e+06 
7.685400e+03 3.081528e+07 1.447032e+06 
7.214400e+03 2.973153e+07 1.617271e+06 
7.086900e+03 2.968149e+07 1.702391e+06 
6.558200e+03 2.687192e+07 2.298228e+06 
7.636050e+03 3.089093e+07 1.361913e+06 
7.113000e+03 2.956529e+07 1.702391e+06 
7.542950e+03 3.108362e+07 1.361913e+06 
8.518300e+03 3.437567e+07 1.106554e+06 
7.614450e+03 3.064669e+07 1.532152e+06 
6.973250e+03 2.888501e+07 1.872630e+06 
8.430450e+03 3.444027e+07 1.106554e+06 
8.358550e+03 3.365832e+07 1.276793e+06 
7.152200e+03 2.933002e+07 1.702391e+06 
7.070700e+03 2.933013e+07 1.787511e+06 

8.372100e+03 3.479584e+07 1.159753e+06 
8.235350e+03 3.435128e+07 1.208656e+06 
7.824200e+03 3.270049e+07 1.500231e+06 
6.771550e+03 2.861085e+07 2.042869e+06 
6.825750e+03 2.850634e+07 2.127989e+06 
7.615000e+03 3.199585e+07 1.787511e+06 
6.750100e+03 2.864753e+07 2.042869e+06 
6.781700e+03 2.860166e+07 2.127989e+06 
6.630000e+03 2.781010e+07 2.298228e+06 
7.714150e+03 3.206266e+07 1.702391e+06 
6.763300e+03 2.860775e+07 2.127989e+06 
6.806300e+03 2.884892e+07 1.957750e+06 
8.222350e+03 3.503650e+07 1.284197e+06 
8.199400e+03 3.469915e+07 1.329992e+06 
6.624850e+03 2.770013e+07 2.468467e+06 
7.586600e+03 3.168197e+07 1.872630e+06 
8.394750e+03 3.487878e+07 9.064920e+05 
8.230100e+03 3.424504e+07 1.284197e+06 
8.152650e+03 3.478525e+07 1.415112e+06 
8.010650e+03 3.349340e+07 1.435279e+06 
6.742100e+03 2.871192e+07 2.213108e+06 
7.565900e+03 3.221329e+07 1.872630e+06 
7.585900e+03 3.214550e+07 1.872630e+06 
6.762600e+03 2.849559e+07 2.213108e+06 
8.316050e+03 3.493115e+07 1.159753e+06 

8.956250e+03 3.643176e+07 9.121750e+05 
7.586500e+03 3.266839e+07 1.617271e+06 
8.828550e+03 3.601856e+07 1.021435e+06 
7.761950e+03 3.377856e+07 1.532152e+06 
8.663300e+03 3.521439e+07 1.191674e+06 
8.513350e+03 3.536054e+07 1.208656e+06 
6.801900e+03 2.838017e+07 2.340788e+06 
8.500150e+03 3.547293e+07 1.276793e+06 
6.682750e+03 2.825747e+07 2.436546e+06 
7.737100e+03 3.356184e+07 1.574712e+06 
7.346200e+03 3.125893e+07 2.213108e+06 
8.357850e+03 3.483259e+07 1.447032e+06 
7.442100e+03 3.174276e+07 1.915190e+06 
6.687450e+03 2.823969e+07 2.436546e+06 
7.818050e+03 3.350100e+07 1.532152e+06 
7.387700e+03 3.148943e+07 2.170549e+06 
7.475300e+03 3.175382e+07 1.787511e+06 
7.400200e+03 3.141095e+07 2.042869e+06 
8.347050e+03 3.506089e+07 1.447032e+06 
7.402050e+03 3.127885e+07 2.127989e+06 
7.514000e+03 3.212421e+07 1.702391e+06 
8.410550e+03 3.484811e+07 1.284197e+06 
6.676250e+03 2.805097e+07 2.468467e+06 
6.686800e+03 2.828958e+07 2.383347e+06 
7.712600e+03 3.257548e+07 1.659831e+06 

