4.151729e+02 1.153896e+08 6.462472e+06 
4.279024e+02 1.080738e+08 6.366017e+06 
4.330101e+02 1.092299e+08 6.751836e+06 
4.605425e+02 1.152069e+08 6.269562e+06 
3.942642e+02 1.137597e+08 6.558926e+06 
4.394140e+02 1.069405e+08 6.655381e+06 
4.360427e+02 1.212234e+08 6.655381e+06 
4.007622e+02 1.127578e+08 6.751836e+06 
3.903736e+02 1.182547e+08 6.751836e+06 
4.450772e+02 1.191217e+08 6.751836e+06 
4.347833e+02 1.108943e+08 6.269562e+06 
4.035919e+02 1.207702e+08 6.655381e+06 
4.643705e+02 1.096817e+08 6.269562e+06 
4.074614e+02 1.115906e+08 6.269562e+06 
4.558107e+02 1.113495e+08 6.269562e+06 
4.703369e+02 1.163859e+08 6.366017e+06 
4.332662e+02 1.128645e+08 6.848291e+06 
4.153843e+02 1.168965e+08 6.944746e+06 
3.999140e+02 1.170925e+08 6.269562e+06 
3.775962e+02 1.048873e+08 6.944746e+06 
4.130133e+02 1.111956e+08 6.173107e+06 
4.321908e+02 1.076042e+08 6.366017e+06 
4.594813e+02 1.103780e+08 6.173107e+06 
4.064837e+02 1.103358e+08 6.655381e+06 
4.306669e+02 1.158304e+08 6.462472e+06 
4.051680e+02 1.125844e+08 6.848291e+06 
4.210720e+02 1.068922e+08 6.655381e+06 
4.246006e+02 1.127649e+08 6.558926e+06 
3.976085e+02 1.077877e+08 6.558926e+06 
4.287619e+02 1.109710e+08 6.751836e+06 
4.282761e+02 1.102294e+08 6.076652e+06 
4.313730e+02 1.100415e+08 6.269562e+06 
4.288645e+02 1.197009e+08 6.558926e+06 
4.350670e+02 1.126068e+08 6.366017e+06 
4.297227e+02 1.133587e+08 6.655381e+06 
3.991801e+02 1.152603e+08 6.462472e+06 
4.151830e+02 1.099365e+08 6.366017e+06 
4.004674e+02 1.121496e+08 6.558926e+06 
4.211673e+02 1.148985e+08 6.655381e+06 
4.119020e+02 1.088146e+08 6.462472e+06 
4.000003e+02 1.126504e+08 6.558926e+06 
4.142685e+02 1.082776e+08 6.462472e+06 
4.060290e+02 1.130810e+08 6.655381e+06 
4.400560e+02 1.154928e+08 6.462472e+06 
4.345414e+02 1.177196e+08 6.848291e+06 
4.504154e+02 1.167571e+08 6.366017e+06 
3.957159e+02 1.058823e+08 6.655381e+06 
4.033081e+02 1.144383e+08 6.558926e+06 
4.020310e+02 1.154662e+08 6.558926e+06 
4.414479e+02 1.137953e+08 6.558926e+06 
4.184518e+02 1.113247e+08 6.558926e+06 
4.420022e+02 1.061871e+08 6.462472e+06 
4.267892e+02 1.145831e+08 6.366017e+06 
4.180137e+02 1.142506e+08 6.462472e+06 
4.572840e+02 1.204653e+08 6.462472e+06 
3.945823e+02 1.118739e+08 6.848291e+06 
4.598736e+02 1.074610e+08 6.173107e+06 
4.009055e+02 1.180979e+08 6.655381e+06 
4.100284e+02 1.119030e+08 6.655381e+06 
4.206071e+02 1.128570e+08 6.462472e+06 
3.825335e+02 1.047952e+08 6.944746e+06 
4.221118e+02 1.069157e+08 6.655381e+06 
4.490296e+02 1.107914e+08 6.848291e+06 
3.963020e+02 1.101671e+08 6.558926e+06 
4.604631e+02 1.111501e+08 6.655381e+06 
4.360485e+02 1.148952e+08 6.558926e+06 
4.255722e+02 1.204912e+08 6.751836e+06 
4.473807e+02 1.252894e+08 6.558926e+06 
4.028019e+02 1.207784e+08 6.944746e+06 
4.227978e+02 1.080823e+08 6.558926e+06 
4.111033e+02 1.163140e+08 6.558926e+06 
4.148723e+02 1.177103e+08 6.558926e+06 
4.441415e+02 1.187202e+08 6.462472e+06 
4.242153e+02 1.087396e+08 6.848291e+06 
3.936020e+02 1.201493e+08 6.655381e+06 
4.239755e+02 1.175321e+08 6.751836e+06 
4.316710e+02 1.118763e+08 6.751836e+06 
4.452043e+02 1.073055e+08 5.980198e+06 
4.463596e+02 1.100920e+08 6.558926e+06 
4.069761e+02 1.059416e+08 6.462472e+06 
4.067274e+02 1.102072e+08 6.558926e+06 
4.082128e+02 1.145069e+08 6.462472e+06 
4.025319e+02 1.166120e+08 6.558926e+06 
4.152662e+02 1.140694e+08 6.655381e+06 
4.366741e+02 1.176416e+08 6.366017e+06 
4.217761e+02 1.135616e+08 6.558926e+06 
4.229427e+02 1.172961e+08 6.848291e+06 
4.202323e+02 1.199688e+08 6.558926e+06 
3.808204e+02 1.166810e+08 6.944746e+06 
4.158273e+02 1.210246e+08 6.366017e+06 
4.117254e+02 1.113004e+08 6.269562e+06 
4.238414e+02 1.045805e+08 6.269562e+06 
3.919930e+02 1.099317e+08 6.944746e+06 
4.592649e+02 1.078587e+08 6.173107e+06 
4.021622e+02 1.172620e+08 6.751836e+06 
4.221032e+02 1.077474e+08 6.269562e+06 
4.026473e+02 1.061051e+08 6.558926e+06 
3.902788e+02 1.104153e+08 6.462472e+06 
4.522343e+02 1.062462e+08 6.655381e+06 
4.349989e+02 1.150708e+08 6.173107e+06 

4.054711e+02 1.084486e+08 6.558926e+06 
3.997107e+02 1.141454e+08 6.462472e+06 
3.960091e+02 1.180129e+08 6.848291e+06 
4.313032e+02 1.124319e+08 6.462472e+06 
4.235648e+02 1.143898e+08 6.944746e+06 
4.049093e+02 1.112727e+08 6.366017e+06 
3.907996e+02 1.147542e+08 6.848291e+06 
4.346523e+02 1.133013e+08 6.655381e+06 
4.120159e+02 1.120738e+08 6.076652e+06 
4.319040e+02 1.121049e+08 6.173107e+06 
4.253624e+02 1.165493e+08 6.173107e+06 
4.076189e+02 1.133080e+08 6.366017e+06 
3.925407e+02 1.133370e+08 6.173107e+06 
4.318660e+02 1.104949e+08 5.980198e+06 
4.102958e+02 1.161347e+08 6.366017e+06 
4.231340e+02 1.148415e+08 6.655381e+06 
4.424955e+02 1.156873e+08 6.366017e+06 
4.340370e+02 1.041002e+08 5.787288e+06 
4.296857e+02 1.212843e+08 6.848291e+06 
4.210903e+02 1.187754e+08 6.655381e+06 
4.893271e+02 1.092391e+08 6.655381e+06 
4.132314e+02 1.166741e+08 6.366017e+06 
4.197972e+02 1.141408e+08 6.655381e+06 
4.071886e+02 1.093166e+08 6.462472e+06 
4.044959e+02 1.128653e+08 6.944746e+06 
3.996914e+02 1.127868e+08 6.655381e+06 
4.178086e+02 1.164660e+08 6.366017e+06 
4.211467e+02 1.136447e+08 6.848291e+06 
4.381382e+02 1.171249e+08 6.173107e+06 
4.009902e+02 1.109277e+08 6.751836e+06 
4.103473e+02 1.072860e+08 6.366017e+06 
4.306591e+02 1.086248e+08 6.751836e+06 
4.282595e+02 1.170854e+08 6.848291e+06 
4.126667e+02 1.128877e+08 6.269562e+06 
4.266222e+02 1.168126e+08 6.848291e+06 
4.220082e+02 1.182455e+08 6.558926e+06 
3.992430e+02 1.132337e+08 6.848291e+06 
4.011070e+02 1.086180e+08 6.558926e+06 
4.026578e+02 1.078526e+08 6.751836e+06 
4.019575e+02 1.190280e+08 6.751836e+06 
4.061132e+02 1.075565e+08 6.366017e+06 
4.126755e+02 1.202327e+08 6.655381e+06 
3.939633e+02 1.100331e+08 6.751836e+06 
4.422398e+02 1.216299e+08 6.558926e+06 
4.336529e+02 1.218379e+08 6.944746e+06 
4.557957e+02 1.223084e+08 6.269562e+06 
4.060920e+02 1.094482e+08 6.462472e+06 
4.279132e+02 1.174781e+08 6.269562e+06 
3.961541e+02 1.115365e+08 6.751836e+06 
4.241224e+02 1.037378e+08 6.655381e+06 
4.493415e+02 1.114782e+08 6.751836e+06 
4.014632e+02 1.091514e+08 6.558926e+06 
4.431370e+02 1.059253e+08 6.655381e+06 
4.029595e+02 1.108178e+08 6.269562e+06 
4.138573e+02 1.069936e+08 6.558926e+06 
4.147524e+02 1.150062e+08 6.751836e+06 
4.031460e+02 1.187567e+08 6.751836e+06 
4.356894e+02 1.162586e+08 6.751836e+06 
4.227113e+02 1.148000e+08 6.269562e+06 
4.242475e+02 1.126854e+08 6.366017e+06 
4.524420e+02 1.123940e+08 6.269562e+06 
4.185267e+02 1.082580e+08 6.558926e+06 
4.068253e+02 1.159811e+08 6.558926e+06 
4.375358e+02 1.165972e+08 6.076652e+06 
3.808479e+02 1.192311e+08 6.655381e+06 
4.521814e+02 1.127976e+08 6.558926e+06 
4.258005e+02 1.138603e+08 6.558926e+06 
4.049466e+02 1.185870e+08 6.173107e+06 
4.314821e+02 1.084169e+08 6.173107e+06 
4.144940e+02 1.190600e+08 6.751836e+06 
4.177996e+02 1.170606e+08 5.883743e+06 
4.164930e+02 1.140290e+08 6.655381e+06 
4.063931e+02 1.116136e+08 6.366017e+06 
4.137562e+02 1.162894e+08 6.655381e+06 
4.394668e+02 1.192383e+08 6.558926e+06 
4.202024e+02 1.077173e+08 6.462472e+06 
4.273254e+02 1.155689e+08 6.751836e+06 
4.151461e+02 1.153424e+08 6.076652e+06 
4.119490e+02 1.172793e+08 6.751836e+06 
4.235647e+02 1.217072e+08 6.655381e+06 
4.250620e+02 1.171492e+08 6.462472e+06 
4.322343e+02 1.106550e+08 6.462472e+06 
4.276167e+02 1.138571e+08 6.558926e+06 
4.338027e+02 1.114444e+08 6.558926e+06 
4.282524e+02 1.101531e+08 6.751836e+06 
4.637573e+02 1.124025e+08 6.558926e+06 
4.336271e+02 1.124314e+08 6.751836e+06 
3.817989e+02 1.071235e+08 6.076652e+06 
4.202547e+02 1.109502e+08 6.655381e+06 
3.780815e+02 1.088781e+08 6.462472e+06 
4.149436e+02 1.079529e+08 6.462472e+06 
4.071417e+02 1.236859e+08 6.366017e+06 
4.153690e+02 1.143418e+08 6.558926e+06 
4.323438e+02 1.065660e+08 6.366017e+06 
4.341922e+02 1.124250e+08 6.558926e+06 
3.962619e+02 1.056018e+08 6.558926e+06 
4.598193e+02 1.090114e+08 5.594378e+06 
3.965133e+02 1.154387e+08 6.269562e+06 
4.146956e+02 1.120067e+08 6.558926e+06 
4.423138e+02 1.198440e+08 6.366017e+06 

4.324643e+02 1.174795e+08 6.558926e+06 
4.286394e+02 1.097197e+08 6.655381e+06 
3.939277e+02 1.110768e+08 6.558926e+06 
3.994440e+02 1.189673e+08 6.655381e+06 
3.932413e+02 1.204267e+08 6.848291e+06 
4.101138e+02 1.168163e+08 6.366017e+06 
4.248696e+02 1.214371e+08 6.751836e+06 
4.549226e+02 1.122782e+08 5.980198e+06 
4.256807e+02 1.160451e+08 6.462472e+06 
4.046103e+02 1.153869e+08 6.366017e+06 
3.880984e+02 1.163792e+08 6.558926e+06 
4.320002e+02 1.070016e+08 6.848291e+06 
4.156748e+02 1.089195e+08 6.269562e+06 
4.117994e+02 1.138362e+08 6.462472e+06 
4.276672e+02 1.183311e+08 6.751836e+06 
4.118894e+02 1.124928e+08 6.655381e+06 
4.557219e+02 1.172281e+08 6.751836e+06 
4.372595e+02 1.145469e+08 6.173107e+06 
4.165599e+02 1.095551e+08 6.366017e+06 
4.190478e+02 1.139788e+08 6.655381e+06 
4.571450e+02 1.113589e+08 5.980198e+06 
4.276466e+02 1.170754e+08 6.366017e+06 
4.064841e+02 1.123401e+08 6.751836e+06 
4.117889e+02 1.071191e+08 6.751836e+06 
4.544653e+02 1.120713e+08 6.462472e+06 
3.945931e+02 1.117153e+08 6.366017e+06 
4.259121e+02 1.189693e+08 6.558926e+06 
4.250796e+02 1.150528e+08 6.076652e+06 
4.177387e+02 1.131743e+08 6.366017e+06 
4.257182e+02 1.158176e+08 5.980198e+06 
4.585215e+02 1.083379e+08 6.076652e+06 
4.266914e+02 1.139334e+08 6.848291e+06 
4.614436e+02 1.145695e+08 6.751836e+06 
4.031427e+02 1.180570e+08 6.462472e+06 
4.086925e+02 1.114808e+08 6.462472e+06 
4.049976e+02 1.051030e+08 6.269562e+06 
4.149388e+02 1.057579e+08 6.848291e+06 
4.389743e+02 1.088275e+08 6.366017e+06 
4.331189e+02 1.194443e+08 6.173107e+06 
4.078942e+02 1.102534e+08 6.944746e+06 
4.109852e+02 1.154365e+08 6.462472e+06 
4.468888e+02 1.088440e+08 6.076652e+06 
4.551842e+02 1.083997e+08 6.462472e+06 
4.090635e+02 1.120132e+08 5.980198e+06 
4.480571e+02 1.127682e+08 6.366017e+06 
4.283249e+02 1.153599e+08 6.848291e+06 
4.001524e+02 1.149302e+08 6.558926e+06 
4.134017e+02 1.089439e+08 6.558926e+06 
4.235202e+02 1.087911e+08 6.751836e+06 
4.077807e+02 1.142907e+08 6.269562e+06 
4.284822e+02 1.057243e+08 6.558926e+06 
3.985770e+02 1.126941e+08 6.944746e+06 
4.323127e+02 1.146112e+08 6.848291e+06 
4.266129e+02 1.109490e+08 6.558926e+06 
4.423333e+02 1.136017e+08 6.076652e+06 
3.921052e+02 1.118765e+08 6.751836e+06 
4.054750e+02 1.207564e+08 6.462472e+06 
4.146037e+02 1.133153e+08 6.751836e+06 
3.692199e+02 1.165473e+08 6.558926e+06 
3.970430e+02 1.135157e+08 6.751836e+06 
3.883696e+02 1.153949e+08 6.558926e+06 
4.105200e+02 1.085232e+08 6.173107e+06 
4.021535e+02 1.211709e+08 6.625937e+06 
4.345391e+02 1.140253e+08 6.462472e+06 
4.401984e+02 1.142059e+08 6.462472e+06 
4.482797e+02 1.121298e+08 6.269562e+06 
3.978719e+02 1.086118e+08 6.269562e+06 
4.134762e+02 1.146993e+08 6.076652e+06 
4.393943e+02 1.086244e+08 6.655381e+06 
4.434246e+02 1.248501e+08 6.655381e+06 
4.185860e+02 1.147376e+08 6.944746e+06 
4.480393e+02 1.196950e+08 6.173107e+06 
4.440035e+02 1.189638e+08 6.751836e+06 
4.443784e+02 1.072874e+08 5.690833e+06 
3.661108e+02 1.107619e+08 6.558926e+06 
4.223226e+02 1.094290e+08 6.751836e+06 
4.098656e+02 1.123827e+08 6.751836e+06 
4.454901e+02 1.120003e+08 6.366017e+06 
4.345102e+02 1.081590e+08 6.173107e+06 
4.233402e+02 1.094383e+08 6.366017e+06 
4.101451e+02 1.097289e+08 6.558926e+06 
4.141894e+02 1.224280e+08 6.269562e+06 
4.087902e+02 1.085981e+08 6.655381e+06 
4.061224e+02 1.125235e+08 6.558926e+06 
4.258517e+02 1.182977e+08 6.655381e+06 
4.214025e+02 1.193301e+08 6.655381e+06 
3.975140e+02 1.173304e+08 6.944746e+06 
4.148630e+02 1.104288e+08 6.269562e+06 
4.060345e+02 1.121187e+08 6.173107e+06 
4.129310e+02 1.081458e+08 6.269562e+06 
4.477375e+02 1.175039e+08 6.751836e+06 
4.011484e+02 1.123457e+08 6.655381e+06 
3.930661e+02 1.137315e+08 6.269562e+06 
4.115572e+02 1.127669e+08 6.558926e+06 
4.304374e+02 1.170446e+08 6.462472e+06 
4.011584e+02 1.164244e+08 6.751836e+06 
4.458151e+02 1.111593e+08 6.558926e+06 
4.220450e+02 1.176609e+08 6.655381e+06 
4.504163e+02 1.173748e+08 6.558926e+06 
4.096970e+02 1.152499e+08 6.269562e+06 

4.021436e+02 1.065454e+08 6.655381e+06 
4.166205e+02 1.109155e+08 6.655381e+06 
4.143024e+02 1.075615e+08 6.269562e+06 
4.239276e+02 1.063839e+08 5.883743e+06 
4.368140e+02 1.057321e+08 6.076652e+06 
4.253786e+02 1.096481e+08 6.173107e+06 
4.389352e+02 1.188830e+08 6.655381e+06 
4.136562e+02 1.079570e+08 6.462472e+06 
3.888631e+02 1.100220e+08 6.848291e+06 
4.128401e+02 1.094382e+08 6.558926e+06 
4.182803e+02 1.192605e+08 6.269562e+06 
4.547363e+02 1.095900e+08 6.076652e+06 
4.388517e+02 1.147950e+08 6.558926e+06 
4.018793e+02 1.126386e+08 6.944746e+06 
4.459531e+02 1.110724e+08 6.269562e+06 
4.952575e+02 1.134663e+08 6.269562e+06 
4.381095e+02 1.068696e+08 6.269562e+06 
4.255831e+02 1.060010e+08 6.558926e+06 
3.965176e+02 1.156024e+08 6.462472e+06 
4.296786e+02 1.115990e+08 6.366017e+06 
4.390671e+02 1.074663e+08 6.366017e+06 
3.982740e+02 1.251268e+08 6.174169e+06 
4.522672e+02 1.154892e+08 6.173107e+06 
4.097836e+02 1.123095e+08 6.751836e+06 
4.190915e+02 1.069762e+08 6.076652e+06 
4.239892e+02 1.151581e+08 6.558926e+06 
3.854300e+02 1.189631e+08 6.655381e+06 
4.606580e+02 1.079139e+08 5.690833e+06 
4.346971e+02 1.111278e+08 6.366017e+06 
3.918912e+02 1.112191e+08 6.655381e+06 
4.176173e+02 1.179751e+08 6.366017e+06 
4.063089e+02 1.134390e+08 6.269562e+06 
4.361840e+02 1.098242e+08 6.366017e+06 
4.020736e+02 1.170693e+08 6.558926e+06 
4.352036e+02 1.179189e+08 6.944746e+06 
4.255194e+02 1.140864e+08 6.655381e+06 
4.179114e+02 1.117513e+08 6.269562e+06 
4.023897e+02 1.171864e+08 6.751836e+06 
4.272935e+02 1.172150e+08 6.076652e+06 
4.583499e+02 1.082373e+08 6.462472e+06 
4.014810e+02 1.029565e+08 6.366017e+06 
4.079278e+02 1.207410e+08 6.558926e+06 
4.210535e+02 1.168428e+08 6.558926e+06 
4.109098e+02 1.176381e+08 6.848291e+06 
3.954977e+02 1.199024e+08 6.848291e+06 
4.263153e+02 1.141454e+08 6.269562e+06 
3.963563e+02 1.153796e+08 6.751836e+06 
4.497839e+02 1.194358e+08 6.076652e+06 
4.407330e+02 1.167991e+08 6.462472e+06 
4.026774e+02 1.145596e+08 6.173107e+06 
4.306037e+02 1.153495e+08 6.366017e+06 
4.073374e+02 1.114520e+08 6.269562e+06 
4.424922e+02 1.128526e+08 6.366017e+06 
4.594799e+02 1.144476e+08 6.655381e+06 
4.116712e+02 1.166288e+08 6.751836e+06 
3.907931e+02 1.019914e+08 6.366017e+06 
4.231079e+02 1.114152e+08 6.173107e+06 
3.899537e+02 1.129393e+08 6.944746e+06 
4.311429e+02 1.188947e+08 6.173107e+06 
4.027860e+02 1.038574e+08 6.462472e+06 
4.155807e+02 1.196071e+08 5.980198e+06 
4.441988e+02 1.192206e+08 6.944746e+06 
4.051820e+02 1.112585e+08 6.751836e+06 
4.438673e+02 1.155348e+08 6.462472e+06 
4.296887e+02 1.148024e+08 6.462472e+06 
4.317653e+02 1.153808e+08 6.655381e+06 
4.168604e+02 1.157686e+08 6.655381e+06 
4.062876e+02 1.192841e+08 6.751836e+06 
3.949769e+02 1.109158e+08 6.366017e+06 
4.090205e+02 1.156983e+08 6.751836e+06 
4.209716e+02 1.071192e+08 6.366017e+06 
4.449865e+02 1.183433e+08 6.558926e+06 
4.467814e+02 1.129605e+08 6.848291e+06 
3.842622e+02 1.090027e+08 6.751836e+06 
3.974492e+02 1.090579e+08 6.944746e+06 
3.951806e+02 1.035617e+08 6.655381e+06 
4.117998e+02 1.129223e+08 6.366017e+06 
4.451618e+02 1.161904e+08 6.462472e+06 
4.116043e+02 1.093040e+08 6.558926e+06 
4.105965e+02 1.091158e+08 6.462472e+06 
4.075735e+02 1.147650e+08 6.848291e+06 
3.939686e+02 1.119427e+08 6.366017e+06 
4.357406e+02 1.186775e+08 6.655381e+06 
4.131537e+02 1.081130e+08 6.366017e+06 
4.052280e+02 1.077343e+08 6.076652e+06 
4.012163e+02 1.151528e+08 6.173107e+06 
4.243161e+02 1.070797e+08 6.558926e+06 
4.169815e+02 1.082702e+08 5.980198e+06 
4.157419e+02 1.142257e+08 6.655381e+06 
4.072414e+02 1.191849e+08 6.944746e+06 
4.007370e+02 1.135945e+08 6.848291e+06 
4.140046e+02 1.081484e+08 6.558926e+06 
4.016787e+02 1.105296e+08 6.558926e+06 
4.483625e+02 1.139193e+08 6.366017e+06 
4.419658e+02 1.093143e+08 6.462472e+06 
4.125567e+02 1.148123e+08 6.558926e+06 
4.223602e+02 1.106677e+08 6.462472e+06 
4.214234e+02 1.144802e+08 6.655381e+06 
3.951875e+02 1.133551e+08 6.366017e+06 
4.508501e+02 1.202515e+08 6.366017e+06 

4.020529e+02 1.057141e+08 6.173107e+06 
4.390993e+02 1.088016e+08 6.655381e+06 
3.872827e+02 1.074867e+08 6.462472e+06 
3.973072e+02 1.022578e+08 6.558926e+06 
3.907148e+02 1.112332e+08 6.269562e+06 
4.284955e+02 1.172807e+08 6.655381e+06 
4.148002e+02 1.118665e+08 6.655381e+06 
4.117244e+02 1.067406e+08 6.558926e+06 
4.359939e+02 1.179842e+08 6.848291e+06 
4.601708e+02 1.099713e+08 6.173107e+06 
4.309403e+02 1.109689e+08 6.462472e+06 
4.198942e+02 1.178991e+08 6.366017e+06 
4.158108e+02 1.093654e+08 6.558926e+06 
4.218648e+02 1.164619e+08 6.173107e+06 
4.379708e+02 1.043967e+08 6.366017e+06 
4.260278e+02 1.146588e+08 6.558926e+06 
4.441679e+02 1.196773e+08 6.366017e+06 
4.324921e+02 1.126976e+08 6.558926e+06 
4.488484e+02 1.193983e+08 6.558926e+06 
4.173623e+02 1.160470e+08 6.173107e+06 
4.112282e+02 1.085573e+08 6.848291e+06 
3.932610e+02 1.142447e+08 6.655381e+06 
4.344072e+02 1.211493e+08 6.558926e+06 
4.152485e+02 1.116928e+08 6.558926e+06 
4.423713e+02 1.108211e+08 6.751836e+06 
4.180048e+02 1.119056e+08 6.462472e+06 
3.964071e+02 1.065698e+08 6.751836e+06 
4.012543e+02 1.164268e+08 6.076652e+06 
4.463948e+02 1.121134e+08 5.787288e+06 
4.343132e+02 1.144146e+08 6.655381e+06 
4.120471e+02 1.163096e+08 6.462472e+06 
4.581979e+02 1.173673e+08 6.558926e+06 
4.413331e+02 1.109135e+08 6.366017e+06 
3.993676e+02 1.166565e+08 6.944746e+06 
4.100944e+02 1.016726e+08 6.462472e+06 
3.976948e+02 1.148445e+08 6.269562e+06 
4.127725e+02 1.077605e+08 6.462472e+06 
4.520758e+02 1.152862e+08 6.655381e+06 
4.710580e+02 1.130294e+08 5.980198e+06 
3.852728e+02 1.188559e+08 6.558926e+06 
4.222843e+02 1.066400e+08 6.462472e+06 
4.216779e+02 1.152886e+08 6.751836e+06 
4.113558e+02 1.174615e+08 6.751836e+06 
4.022613e+02 1.134837e+08 6.655381e+06 
4.274470e+02 1.172338e+08 6.848291e+06 
4.234774e+02 1.144507e+08 6.366017e+06 
4.148254e+02 1.167763e+08 6.944746e+06 
4.002091e+02 1.082644e+08 6.558926e+06 
4.222202e+02 1.117497e+08 6.751836e+06 
4.161479e+02 1.125995e+08 6.655381e+06 
4.327500e+02 1.079916e+08 6.751836e+06 
4.333562e+02 1.141062e+08 6.558926e+06 
4.303958e+02 1.198651e+08 6.655381e+06 
4.382923e+02 1.103202e+08 6.462472e+06 
4.401138e+02 1.124942e+08 6.462472e+06 
4.051422e+02 1.063896e+08 6.462472e+06 
3.925739e+02 1.155460e+08 6.751836e+06 
4.198438e+02 1.152718e+08 6.558926e+06 
4.272963e+02 1.205754e+08 6.751836e+06 
3.830759e+02 1.059019e+08 6.751836e+06 
4.067636e+02 1.111014e+08 6.558926e+06 
4.397565e+02 1.158049e+08 6.558926e+06 
4.329903e+02 1.122712e+08 6.366017e+06 
4.274774e+02 1.097683e+08 6.558926e+06 
4.488032e+02 1.167099e+08 6.558926e+06 
4.092017e+02 1.090913e+08 6.269562e+06 
4.435751e+02 1.107352e+08 6.751836e+06 
4.011909e+02 1.087823e+08 6.655381e+06 
4.299507e+02 1.145340e+08 6.751836e+06 
3.954513e+02 1.123520e+08 6.462472e+06 
3.904306e+02 1.144781e+08 6.366017e+06 
3.835975e+02 1.203162e+08 6.558926e+06 
4.367725e+02 1.123272e+08 6.655381e+06 
4.437992e+02 1.136128e+08 6.655381e+06 
3.929724e+02 1.071496e+08 6.076652e+06 
4.038152e+02 1.120225e+08 6.751836e+06 
4.248273e+02 1.208118e+08 6.655381e+06 
4.364126e+02 1.140875e+08 6.366017e+06 
4.343560e+02 1.218730e+08 6.655381e+06 
4.332395e+02 1.120849e+08 6.655381e+06 
3.830540e+02 1.043840e+08 6.462472e+06 
4.012007e+02 1.188026e+08 6.558926e+06 
4.302732e+02 1.177797e+08 6.462472e+06 
3.833172e+02 1.120132e+08 6.366017e+06 
4.119233e+02 1.116345e+08 6.751836e+06 
4.160741e+02 1.195283e+08 6.655381e+06 
4.337742e+02 1.086391e+08 6.076652e+06 
4.316463e+02 1.115780e+08 6.462472e+06 
3.904597e+02 1.140002e+08 6.655381e+06 
4.428323e+02 1.129209e+08 6.173107e+06 
4.312510e+02 1.163659e+08 6.462472e+06 
4.099424e+02 1.163667e+08 6.558926e+06 
4.055696e+02 1.084461e+08 6.944746e+06 
4.583650e+02 1.210397e+08 6.848291e+06 
4.445648e+02 1.119962e+08 6.558926e+06 
4.356581e+02 1.193857e+08 6.751836e+06 
4.170733e+02 1.068566e+08 6.269562e+06 
4.275233e+02 1.100661e+08 6.462472e+06 
4.315106e+02 1.135934e+08 6.462472e+06 
4.265818e+02 1.126499e+08 6.462472e+06 

4.648956e+02 1.164650e+08 6.751836e+06 
3.880423e+02 1.167294e+08 6.655381e+06 
4.182207e+02 1.158402e+08 6.751836e+06 
4.373283e+02 1.155751e+08 6.558926e+06 
4.642386e+02 1.148315e+08 5.980198e+06 
4.205344e+02 1.164808e+08 6.655381e+06 
4.186719e+02 1.143584e+08 6.269562e+06 
4.252780e+02 1.101549e+08 6.944746e+06 
4.263538e+02 1.155289e+08 6.751836e+06 
4.273459e+02 1.158903e+08 6.751836e+06 
4.107311e+02 1.189714e+08 6.944746e+06 
4.015251e+02 1.181377e+08 6.462472e+06 
4.264411e+02 1.073157e+08 6.751836e+06 
4.256161e+02 1.216128e+08 6.655381e+06 
4.019418e+02 1.129879e+08 6.366017e+06 
4.516562e+02 1.121698e+08 6.655381e+06 
3.971585e+02 1.143369e+08 6.558926e+06 
4.161290e+02 1.091811e+08 6.848291e+06 
4.372004e+02 1.104048e+08 6.655381e+06 
3.834649e+02 1.166610e+08 6.558926e+06 
4.385497e+02 1.127322e+08 6.366017e+06 
4.237625e+02 1.199214e+08 6.848291e+06 
4.382146e+02 1.055024e+08 6.269562e+06 
4.326798e+02 1.131671e+08 6.751836e+06 
4.377335e+02 1.249698e+08 6.655381e+06 
4.237316e+02 1.079150e+08 6.173107e+06 
4.130568e+02 1.141954e+08 6.366017e+06 
4.005343e+02 1.091702e+08 6.366017e+06 
3.974164e+02 1.097928e+08 6.269562e+06 
4.153183e+02 1.096015e+08 6.655381e+06 
4.597611e+02 1.040108e+08 5.980198e+06 
4.058485e+02 1.042355e+08 6.173107e+06 
4.423193e+02 1.180110e+08 6.558926e+06 
4.357221e+02 1.110698e+08 6.076652e+06 
4.104234e+02 1.109658e+08 6.558926e+06 
4.300261e+02 1.178794e+08 6.751836e+06 
4.200985e+02 1.133285e+08 6.751836e+06 
4.410526e+02 1.042258e+08 6.269562e+06 
4.301189e+02 1.126049e+08 6.558926e+06 
4.174235e+02 1.091778e+08 6.944746e+06 
4.214298e+02 1.147766e+08 6.944746e+06 
4.346804e+02 1.083043e+08 6.173107e+06 
3.838845e+02 1.079383e+08 6.558926e+06 
3.865566e+02 1.104715e+08 6.269562e+06 
4.638161e+02 1.145460e+08 6.269562e+06 
4.157735e+02 1.122579e+08 6.558926e+06 
4.286504e+02 1.087913e+08 6.655381e+06 
4.195318e+02 1.183514e+08 6.944746e+06 
4.460062e+02 1.147796e+08 6.558926e+06 
4.477158e+02 1.144187e+08 6.655381e+06 
3.971680e+02 1.150364e+08 6.462472e+06 
4.182324e+02 1.101503e+08 6.558926e+06 
4.331722e+02 1.100200e+08 6.558926e+06 
4.147884e+02 1.142852e+08 6.366017e+06 
4.214925e+02 1.151142e+08 6.558926e+06 
4.269105e+02 1.138090e+08 5.883743e+06 
4.155191e+02 1.222537e+08 6.944746e+06 
4.379276e+02 1.061730e+08 6.462472e+06 
3.749066e+02 1.215891e+08 6.944746e+06 
4.218281e+02 1.125177e+08 6.366017e+06 
4.218818e+02 1.104281e+08 6.173107e+06 
4.264228e+02 1.184607e+08 6.655381e+06 
4.286376e+02 1.148855e+08 6.751836e+06 
4.164458e+02 1.109585e+08 6.751836e+06 
3.837508e+02 1.122110e+08 6.751836e+06 
4.091175e+02 1.130742e+08 6.848291e+06 
3.973868e+02 1.107671e+08 6.462472e+06 
4.082912e+02 1.163499e+08 6.558926e+06 
4.236236e+02 1.193789e+08 6.944746e+06 
4.122969e+02 1.105120e+08 6.558926e+06 
4.605624e+02 1.191811e+08 6.558926e+06 
4.305324e+02 1.212959e+08 6.751836e+06 
3.919817e+02 1.060384e+08 6.173107e+06 
4.297206e+02 1.181981e+08 5.980198e+06 
4.100953e+02 1.120633e+08 6.076652e+06 
4.278952e+02 1.127908e+08 6.462472e+06 
4.460613e+02 1.149224e+08 5.980198e+06 
4.061956e+02 1.132659e+08 6.848291e+06 
4.240327e+02 1.180529e+08 6.462472e+06 
4.416025e+02 1.146669e+08 6.366017e+06 
4.398313e+02 1.099184e+08 6.462472e+06 
4.506705e+02 1.108294e+08 6.269562e+06 
3.964511e+02 1.101224e+08 6.366017e+06 
4.027631e+02 1.111249e+08 6.173107e+06 
4.103570e+02 1.177474e+08 6.751836e+06 
3.932502e+02 1.129200e+08 6.848291e+06 
4.460471e+02 1.084280e+08 6.366017e+06 
4.554413e+02 1.249597e+08 6.848291e+06 
4.080945e+02 1.155026e+08 6.462472e+06 
4.243488e+02 1.122409e+08 6.751836e+06 
3.760831e+02 1.108992e+08 6.751836e+06 
4.036726e+02 1.185473e+08 6.558926e+06 
4.297485e+02 1.180760e+08 6.462472e+06 
4.119019e+02 1.126342e+08 6.173107e+06 
4.046474e+02 1.142723e+08 6.462472e+06 
4.626596e+02 1.090019e+08 6.269562e+06 
3.907946e+02 1.118318e+08 6.269562e+06 
4.114205e+02 1.137703e+08 6.751836e+06 
4.330624e+02 1.085572e+08 6.366017e+06 
4.333754e+02 1.179475e+08 6.558926e+06 

4.247439e+02 1.116588e+08 6.366017e+06 
4.291518e+02 1.167121e+08 6.655381e+06 
4.129854e+02 1.115722e+08 6.462472e+06 
3.812686e+02 1.100898e+08 6.751836e+06 
4.605468e+02 1.111170e+08 6.173107e+06 
4.190581e+02 1.078335e+08 6.558926e+06 
4.179221e+02 1.248661e+08 6.655381e+06 
4.034533e+02 1.081916e+08 6.173107e+06 
4.642449e+02 1.157268e+08 6.655381e+06 
4.168139e+02 1.141058e+08 6.944746e+06 
3.891686e+02 1.031123e+08 6.558926e+06 
4.239797e+02 1.205785e+08 6.655381e+06 
4.086278e+02 1.070133e+08 6.366017e+06 
4.018836e+02 1.185422e+08 6.462472e+06 
4.750925e+02 1.158958e+08 5.980198e+06 
4.147932e+02 1.195069e+08 6.944746e+06 
4.376119e+02 1.112346e+08 6.076652e+06 
4.202009e+02 1.148236e+08 6.462472e+06 
4.165222e+02 1.106298e+08 6.558926e+06 
4.488521e+02 1.151085e+08 6.173107e+06 
4.205304e+02 1.098947e+08 6.558926e+06 
4.011881e+02 1.087164e+08 6.751836e+06 
4.260600e+02 1.126422e+08 6.173107e+06 
4.222208e+02 1.123499e+08 6.366017e+06 
4.106063e+02 1.144753e+08 6.173107e+06 
3.918612e+02 1.205617e+08 6.751836e+06 
4.377673e+02 1.146745e+08 6.655381e+06 
3.951197e+02 1.112241e+08 6.462472e+06 
4.150148e+02 1.051443e+08 6.558926e+06 
4.085780e+02 1.097657e+08 6.366017e+06 
4.136282e+02 1.150751e+08 6.173107e+06 
4.073195e+02 1.131195e+08 6.848291e+06 
4.022775e+02 1.168925e+08 6.462472e+06 
4.155714e+02 1.140966e+08 6.462472e+06 
4.081926e+02 1.049970e+08 6.655381e+06 
4.051977e+02 1.121060e+08 6.269562e+06 
4.268454e+02 1.151198e+08 6.655381e+06 
4.310752e+02 1.196805e+08 6.751836e+06 
3.782214e+02 1.077338e+08 6.944746e+06 
4.494733e+02 1.090577e+08 5.787288e+06 
3.998306e+02 1.128125e+08 6.366017e+06 
4.276725e+02 1.144619e+08 6.366017e+06 
4.379744e+02 1.146258e+08 6.462472e+06 
3.889658e+02 1.118010e+08 6.462472e+06 
4.451243e+02 1.116833e+08 5.787288e+06 
4.234726e+02 1.079399e+08 6.655381e+06 
4.034497e+02 1.207717e+08 6.462472e+06 
4.530322e+02 1.150635e+08 6.462472e+06 
3.977404e+02 1.105131e+08 6.076652e+06 
4.229431e+02 1.148655e+08 6.269562e+06 
4.041344e+02 1.108243e+08 6.848291e+06 
4.122238e+02 1.105413e+08 6.269562e+06 
4.336621e+02 1.098522e+08 6.462472e+06 
4.133592e+02 1.064091e+08 5.980198e+06 
4.671109e+02 1.136499e+08 6.173107e+06 
4.207866e+02 1.138045e+08 6.558926e+06 
4.219572e+02 1.154763e+08 6.751836e+06 
4.353513e+02 1.216790e+08 6.366017e+06 
4.220119e+02 1.012624e+08 6.173107e+06 
4.368289e+02 1.094866e+08 6.655381e+06 
3.954187e+02 1.134529e+08 6.366017e+06 
4.145898e+02 1.116498e+08 6.462472e+06 
4.416047e+02 1.136946e+08 6.848291e+06 
4.067593e+02 1.120213e+08 6.751836e+06 
4.032770e+02 1.160155e+08 6.462472e+06 
4.273231e+02 1.098873e+08 6.269562e+06 
3.956779e+02 1.201214e+08 6.558926e+06 
4.083346e+02 1.147514e+08 6.366017e+06 
3.824412e+02 1.119777e+08 6.462472e+06 
4.143509e+02 1.121059e+08 6.366017e+06 
4.090231e+02 1.215306e+08 6.751836e+06 
4.157960e+02 1.109534e+08 6.462472e+06 
4.315847e+02 1.070663e+08 6.076652e+06 
4.080917e+02 1.159331e+08 6.269562e+06 
4.338040e+02 1.067967e+08 6.269562e+06 
3.907485e+02 1.077354e+08 6.558926e+06 
4.153307e+02 1.050856e+08 5.690833e+06 
4.590541e+02 1.159199e+08 6.848291e+06 
4.156147e+02 1.142195e+08 6.558926e+06 
4.263432e+02 1.176487e+08 6.558926e+06 
4.546296e+02 1.205992e+08 6.751836e+06 
4.185894e+02 1.122433e+08 5.787288e+06 
4.334030e+02 1.058405e+08 5.980198e+06 
3.788149e+02 1.135916e+08 6.366017e+06 
4.218554e+02 1.108590e+08 6.173107e+06 
4.137812e+02 1.017821e+08 6.462472e+06 
4.363239e+02 1.137001e+08 6.462472e+06 
4.368257e+02 1.109439e+08 6.269562e+06 
4.790070e+02 1.174944e+08 6.655381e+06 
4.368362e+02 1.072138e+08 6.076652e+06 
4.154813e+02 1.159938e+08 6.751836e+06 
4.012976e+02 1.120612e+08 6.655381e+06 
3.988836e+02 1.199237e+08 6.655381e+06 
4.070867e+02 1.053077e+08 6.848291e+06 
3.938545e+02 1.145178e+08 6.751836e+06 
4.314673e+02 1.111378e+08 6.848291e+06 
4.002394e+02 1.109786e+08 6.655381e+06 
4.257289e+02 1.145835e+08 6.366017e+06 
4.100665e+02 1.125059e+08 6.848291e+06 
4.274484e+02 1.141725e+08 6.462472e+06 

3.919199e+02 1.153362e+08 6.269562e+06 
4.073548e+02 1.178999e+08 6.462472e+06 
4.436606e+02 1.131879e+08 6.462472e+06 
4.023039e+02 1.102648e+08 6.848291e+06 
3.676716e+02 1.090031e+08 6.655381e+06 
4.286004e+02 1.149659e+08 6.751836e+06 
4.379733e+02 1.105585e+08 6.269562e+06 
4.502471e+02 1.075625e+08 5.980198e+06 
4.336767e+02 1.059053e+08 6.751836e+06 
4.404689e+02 1.232500e+08 6.655381e+06 
4.028227e+02 1.190761e+08 6.751836e+06 
4.487045e+02 1.131500e+08 5.883743e+06 
4.537675e+02 1.108909e+08 6.462472e+06 
4.009379e+02 1.126507e+08 6.848291e+06 
4.033823e+02 1.180845e+08 6.751836e+06 
4.309096e+02 1.087082e+08 6.655381e+06 
4.108100e+02 1.178892e+08 6.751836e+06 
4.182433e+02 1.123241e+08 6.944746e+06 
4.293990e+02 1.132669e+08 6.751836e+06 
4.009277e+02 1.163132e+08 6.944746e+06 
4.274948e+02 1.096161e+08 6.366017e+06 
4.342431e+02 1.101136e+08 5.787288e+06 
4.738869e+02 1.170650e+08 6.944746e+06 
4.266611e+02 1.078008e+08 6.366017e+06 
4.486701e+02 1.237628e+08 6.944746e+06 
4.006526e+02 1.109059e+08 6.944746e+06 
3.969019e+02 1.084830e+08 6.751836e+06 
3.886774e+02 1.080961e+08 6.751836e+06 
4.433938e+02 1.170693e+08 6.655381e+06 
4.202525e+02 1.026757e+08 6.944746e+06 
4.295007e+02 1.102720e+08 6.173107e+06 
3.885737e+02 1.176798e+08 6.558926e+06 
3.997384e+02 1.056766e+08 6.751836e+06 
4.400588e+02 1.191026e+08 6.366017e+06 
4.338774e+02 1.157574e+08 6.655381e+06 
4.298681e+02 1.147064e+08 6.558926e+06 
4.147581e+02 1.169613e+08 6.366017e+06 
4.110559e+02 1.129121e+08 6.558926e+06 
4.134101e+02 1.144654e+08 6.173107e+06 
4.335009e+02 1.112473e+08 6.462472e+06 
3.936911e+02 1.120444e+08 6.173107e+06 
4.326755e+02 1.137195e+08 6.655381e+06 
3.961195e+02 1.107475e+08 6.751836e+06 
3.853977e+02 1.221465e+08 6.751836e+06 
3.978385e+02 1.140186e+08 6.173107e+06 
4.115323e+02 1.132798e+08 6.366017e+06 
4.280167e+02 1.156388e+08 5.980198e+06 
4.147589e+02 1.182605e+08 6.173107e+06 
4.313450e+02 1.170790e+08 6.462472e+06 
4.056444e+02 1.183482e+08 6.848291e+06 
4.664196e+02 1.133528e+08 6.173107e+06 
4.565145e+02 1.213193e+08 6.076652e+06 
3.747833e+02 1.119858e+08 6.751836e+06 
4.150259e+02 1.137145e+08 6.366017e+06 
4.217334e+02 1.087596e+08 6.366017e+06 
4.283989e+02 1.227565e+08 6.944746e+06 
4.360778e+02 1.130676e+08 6.269562e+06 
3.920670e+02 1.073944e+08 6.076652e+06 
4.378693e+02 1.150189e+08 6.076652e+06 
4.440509e+02 1.113519e+08 6.173107e+06 
4.005819e+02 1.132248e+08 6.366017e+06 
3.866619e+02 1.148740e+08 6.751836e+06 
3.998168e+02 1.122279e+08 6.655381e+06 
4.077373e+02 1.111304e+08 6.462472e+06 
4.281220e+02 1.180769e+08 6.462472e+06 
4.241029e+02 1.142082e+08 6.751836e+06 
4.029087e+02 1.052148e+08 6.848291e+06 
4.245165e+02 1.211958e+08 6.751836e+06 
4.375711e+02 1.156409e+08 6.655381e+06 
3.815954e+02 1.188877e+08 6.655381e+06 
4.144057e+02 1.121100e+08 6.366017e+06 
4.076117e+02 1.119807e+08 6.944746e+06 
4.100724e+02 1.136104e+08 6.269562e+06 
4.195545e+02 1.187617e+08 6.558926e+06 
4.254580e+02 1.109322e+08 6.076652e+06 
3.943671e+02 1.174102e+08 6.944746e+06 
4.517294e+02 1.195407e+08 6.558926e+06 
4.162888e+02 1.100860e+08 6.558926e+06 
4.125497e+02 1.132897e+08 6.655381e+06 
4.220226e+02 1.123138e+08 6.269562e+06 
4.114460e+02 1.145667e+08 5.883743e+06 
4.011683e+02 1.186441e+08 6.269562e+06 
4.303035e+02 1.198237e+08 6.655381e+06 
3.816097e+02 1.056953e+08 6.944746e+06 
4.132747e+02 1.130356e+08 6.751836e+06 
4.013902e+02 1.152596e+08 6.462472e+06 
4.234517e+02 1.097690e+08 6.173107e+06 
4.271297e+02 1.133195e+08 6.655381e+06 
4.247655e+02 1.086531e+08 6.366017e+06 
4.126038e+02 1.197798e+08 6.655381e+06 
4.151722e+02 1.056890e+08 6.076652e+06 
3.742964e+02 1.103807e+08 6.655381e+06 
4.150991e+02 1.084148e+08 6.751836e+06 
4.106670e+02 1.160864e+08 6.462472e+06 
4.381282e+02 1.120889e+08 6.751836e+06 
4.154818e+02 1.094452e+08 6.366017e+06 
3.767668e+02 1.103988e+08 6.751836e+06 
4.009438e+02 1.112251e+08 6.558926e+06 
3.965475e+02 1.111824e+08 6.462472e+06 
4.060746e+02 1.170572e+08 6.944746e+06 

4.197413e+02 1.216268e+08 6.269562e+06 
4.583961e+02 1.142765e+08 6.269562e+06 
4.164409e+02 1.132831e+08 6.655381e+06 
4.241258e+02 1.168303e+08 6.751836e+06 
4.199480e+02 1.132599e+08 6.173107e+06 
4.001036e+02 1.049428e+08 6.462472e+06 
4.106682e+02 1.077437e+08 6.655381e+06 
3.978278e+02 1.260034e+08 6.655381e+06 
4.082444e+02 1.114251e+08 6.462472e+06 
4.197060e+02 1.076526e+08 6.366017e+06 
4.137682e+02 1.149507e+08 6.655381e+06 
4.133376e+02 1.141933e+08 6.173107e+06 
3.727645e+02 1.116310e+08 6.366017e+06 
4.192881e+02 1.124879e+08 6.269562e+06 
4.298388e+02 1.151520e+08 6.558926e+06 
4.310076e+02 1.142741e+08 6.173107e+06 
4.079690e+02 1.127175e+08 6.751836e+06 
4.081729e+02 1.091416e+08 6.558926e+06 
4.141595e+02 1.189357e+08 6.173107e+06 
3.686376e+02 1.137398e+08 6.655381e+06 
4.152690e+02 1.151238e+08 6.751836e+06 
4.303005e+02 1.194525e+08 6.751836e+06 
4.450160e+02 1.127752e+08 6.751836e+06 
4.355416e+02 1.139839e+08 6.076652e+06 
4.097033e+02 1.151108e+08 6.848291e+06 
4.149110e+02 1.136861e+08 6.462472e+06 
4.078026e+02 1.077928e+08 6.269562e+06 
4.249489e+02 1.065760e+08 6.076652e+06 
4.261680e+02 1.076759e+08 6.269562e+06 
4.139078e+02 1.083812e+08 6.655381e+06 
4.314342e+02 1.138955e+08 6.655381e+06 
4.397295e+02 1.148753e+08 6.462472e+06 
4.330327e+02 1.085551e+08 6.173107e+06 
4.318000e+02 1.119412e+08 6.751836e+06 
3.894836e+02 1.139551e+08 6.944746e+06 
4.342720e+02 1.103931e+08 5.980198e+06 
4.138334e+02 1.157255e+08 6.944746e+06 
3.928694e+02 1.144968e+08 6.944746e+06 
3.950037e+02 1.096278e+08 6.655381e+06 
4.313115e+02 1.170731e+08 6.655381e+06 
4.117910e+02 1.117334e+08 6.462472e+06 
3.962108e+02 1.134889e+08 6.173107e+06 
4.344477e+02 1.135443e+08 6.751836e+06 
4.089650e+02 1.064579e+08 6.269562e+06 
4.478432e+02 1.112533e+08 6.462472e+06 
4.330666e+02 1.152412e+08 6.366017e+06 
4.409240e+02 1.168116e+08 6.462472e+06 
4.245298e+02 1.009979e+08 6.173107e+06 
3.838956e+02 1.119568e+08 6.655381e+06 
4.436010e+02 1.150316e+08 6.076652e+06 
3.961690e+02 1.208677e+08 6.462472e+06 
4.029584e+02 1.106285e+08 6.558926e+06 
4.554482e+02 1.102018e+08 5.980198e+06 
4.307539e+02 1.076276e+08 6.558926e+06 
3.857201e+02 1.170319e+08 6.944746e+06 
4.204192e+02 1.118373e+08 5.980198e+06 
3.748088e+02 1.034739e+08 6.751836e+06 
4.474853e+02 1.154134e+08 6.655381e+06 
4.325253e+02 1.109739e+08 6.269562e+06 
3.854408e+02 1.237519e+08 6.944746e+06 
4.115575e+02 1.124024e+08 6.558926e+06 
4.472118e+02 1.160844e+08 6.269562e+06 
4.200481e+02 1.061734e+08 6.366017e+06 
4.227163e+02 1.057505e+08 6.366017e+06 
4.076709e+02 1.120138e+08 6.944746e+06 
3.925000e+02 1.098506e+08 6.655381e+06 
3.783779e+02 1.033918e+08 6.848291e+06 
3.859946e+02 1.166736e+08 6.269562e+06 
3.852418e+02 1.107095e+08 6.655381e+06 
4.033253e+02 1.089523e+08 6.558926e+06 
4.232589e+02 1.121234e+08 5.980198e+06 
4.322072e+02 1.171296e+08 6.462472e+06 
4.386492e+02 1.172529e+08 6.558926e+06 
4.702256e+02 1.072447e+08 4.822740e+06 
4.004851e+02 1.166146e+08 6.076652e+06 
4.680498e+02 1.086802e+08 6.462472e+06 
4.268608e+02 1.160191e+08 6.655381e+06 
4.351706e+02 1.121700e+08 6.366017e+06 
4.569785e+02 1.101034e+08 6.462472e+06 
4.051217e+02 1.109292e+08 6.269562e+06 
4.408994e+02 1.066003e+08 6.366017e+06 
4.448471e+02 1.107238e+08 6.173107e+06 
4.416674e+02 1.072840e+08 6.462472e+06 
3.971892e+02 1.224683e+08 6.944746e+06 
4.052797e+02 1.149445e+08 6.462472e+06 
4.016480e+02 1.200749e+08 6.558926e+06 
4.261940e+02 1.101893e+08 6.269562e+06 
3.958123e+02 1.213720e+08 6.558926e+06 
4.333768e+02 1.106615e+08 6.366017e+06 
3.985942e+02 1.086298e+08 6.269562e+06 
3.794170e+02 1.182581e+08 6.848291e+06 
4.178284e+02 1.144065e+08 6.848291e+06 
4.315809e+02 1.121965e+08 6.944746e+06 
3.993744e+02 1.045144e+08 6.751836e+06 
4.017967e+02 1.055062e+08 6.366017e+06 
4.546121e+02 1.057345e+08 6.558926e+06 
3.840119e+02 1.200995e+08 6.944746e+06 
4.221808e+02 1.080839e+08 6.462472e+06 
4.354018e+02 1.119279e+08 5.980198e+06 
3.809378e+02 1.016823e+08 5.980198e+06 

4.369001e+02 1.136084e+08 6.944746e+06 
4.625992e+02 1.121468e+08 5.883743e+06 
4.061588e+02 1.072121e+08 6.558926e+06 
4.373723e+02 1.166872e+08 6.848291e+06 
4.165841e+02 1.127565e+08 6.462472e+06 
4.335750e+02 1.165817e+08 6.848291e+06 
4.210615e+02 1.121050e+08 6.366017e+06 
4.162541e+02 1.182875e+08 6.366017e+06 
4.065093e+02 1.162244e+08 6.944746e+06 
4.184973e+02 1.154870e+08 6.751836e+06 
4.072638e+02 1.137196e+08 6.751836e+06 
4.027224e+02 1.168808e+08 6.655381e+06 
4.414536e+02 1.162209e+08 6.173107e+06 
4.078709e+02 1.096649e+08 6.848291e+06 
4.261626e+02 1.128029e+08 6.269562e+06 
4.107835e+02 1.063717e+08 6.173107e+06 
4.462316e+02 1.190684e+08 6.558926e+06 
4.122739e+02 1.079402e+08 5.980198e+06 
4.167116e+02 1.190145e+08 6.076652e+06 
4.193847e+02 1.079057e+08 6.558926e+06 
4.583440e+02 1.177918e+08 6.751836e+06 
4.417214e+02 1.106681e+08 6.848291e+06 
4.298283e+02 1.140229e+08 6.655381e+06 
4.309924e+02 1.055138e+08 6.366017e+06 
4.357205e+02 1.179573e+08 6.366017e+06 
4.022641e+02 1.093130e+08 6.558926e+06 
4.225267e+02 1.119261e+08 6.558926e+06 
4.165032e+02 1.131470e+08 6.462472e+06 
3.968683e+02 1.045546e+08 6.462472e+06 
4.159643e+02 1.213335e+08 6.462472e+06 
4.357436e+02 1.071577e+08 6.944746e+06 
3.885665e+02 1.166904e+08 6.848291e+06 
3.896639e+02 1.132017e+08 6.558926e+06 
4.278459e+02 1.148804e+08 6.751836e+06 
4.225799e+02 1.164273e+08 6.848291e+06 
4.062203e+02 1.141760e+08 6.751836e+06 
5.164985e+02 1.154396e+08 6.076652e+06 
4.506310e+02 1.088541e+08 5.690833e+06 
3.898034e+02 1.155644e+08 6.366017e+06 
4.150029e+02 1.119480e+08 6.558926e+06 
4.142010e+02 1.157086e+08 6.751836e+06 
4.243531e+02 1.173671e+08 6.462472e+06 
4.784061e+02 1.109220e+08 6.558926e+06 
4.099654e+02 1.069993e+08 6.558926e+06 
4.476108e+02 1.114066e+08 5.305014e+06 
3.930322e+02 1.178308e+08 6.366017e+06 
4.236547e+02 1.141275e+08 6.655381e+06 
4.236386e+02 1.065902e+08 6.269562e+06 
4.036797e+02 1.115143e+08 6.366017e+06 
3.943056e+02 1.143018e+08 6.173107e+06 
4.423089e+02 1.106067e+08 6.848291e+06 
3.997472e+02 1.161355e+08 6.848291e+06 
4.297823e+02 1.127061e+08 6.655381e+06 
3.782059e+02 1.099082e+08 6.751836e+06 
3.997035e+02 1.200087e+08 6.655381e+06 
3.879602e+02 1.086082e+08 6.655381e+06 
4.236593e+02 1.094177e+08 6.462472e+06 
4.269711e+02 1.171380e+08 6.173107e+06 
3.871487e+02 1.178330e+08 6.848291e+06 
4.672766e+02 1.159421e+08 6.751836e+06 
4.259322e+02 1.136987e+08 6.558926e+06 
4.466805e+02 1.082227e+08 5.883743e+06 
4.112870e+02 1.121346e+08 6.655381e+06 
4.174152e+02 1.089205e+08 6.366017e+06 
4.510341e+02 1.127941e+08 6.269562e+06 
3.746358e+02 1.116042e+08 6.751836e+06 
4.135122e+02 1.124163e+08 6.173107e+06 
4.423942e+02 1.077714e+08 6.558926e+06 
4.325294e+02 1.179510e+08 6.558926e+06 
3.967421e+02 1.096224e+08 6.655381e+06 
4.249740e+02 1.117836e+08 6.366017e+06 
4.238698e+02 1.165749e+08 6.173107e+06 
4.136081e+02 1.156805e+08 6.655381e+06 
4.332662e+02 1.054566e+08 6.462472e+06 
4.322456e+02 1.112117e+08 6.366017e+06 
4.301216e+02 1.026261e+08 6.366017e+06 
3.954083e+02 1.032855e+08 6.173107e+06 
4.126317e+02 1.101927e+08 6.655381e+06 
4.303150e+02 1.130433e+08 6.462472e+06 
4.063855e+02 1.100349e+08 6.173107e+06 
4.080927e+02 1.170377e+08 6.558926e+06 
3.980916e+02 1.151166e+08 6.751836e+06 
3.964502e+02 1.135127e+08 6.655381e+06 
4.120520e+02 1.074162e+08 6.269562e+06 
3.974528e+02 1.086181e+08 6.173107e+06 
4.124690e+02 1.126297e+08 6.462472e+06 
3.930647e+02 1.117282e+08 6.366017e+06 
4.227492e+02 1.141123e+08 6.848291e+06 
4.228395e+02 1.177064e+08 6.655381e+06 
4.342938e+02 1.122806e+08 6.076652e+06 
4.211378e+02 1.064059e+08 6.944746e+06 
4.263175e+02 1.126895e+08 6.558926e+06 
4.380046e+02 1.101253e+08 6.173107e+06 
4.105831e+02 1.119502e+08 6.173107e+06 
4.032489e+02 1.129898e+08 6.944746e+06 
4.018978e+02 1.064565e+08 6.655381e+06 
4.051040e+02 1.108221e+08 6.848291e+06 
4.089350e+02 1.096850e+08 6.558926e+06 
4.509636e+02 1.166645e+08 6.558926e+06 
4.324919e+02 1.098915e+08 6.655381e+06 

