5.186241e+02 6.445876e+07 4.726285e+06 
3.290341e+02 6.657422e+07 6.944746e+06 
4.471882e+02 6.120441e+07 6.462472e+06 
3.994728e+02 6.295911e+07 6.558926e+06 
3.025424e+02 6.747199e+07 6.944746e+06 
4.576654e+02 6.135872e+07 6.076652e+06 
4.323505e+02 6.182641e+07 6.269562e+06 
4.201161e+02 6.213190e+07 6.558926e+06 
4.072677e+02 6.269066e+07 6.558926e+06 
4.232405e+02 6.191987e+07 6.558926e+06 
4.783294e+02 6.142181e+07 5.980198e+06 
3.442892e+02 6.616200e+07 6.366017e+06 
4.405595e+02 6.164875e+07 6.558926e+06 
3.103961e+02 6.695821e+07 6.944746e+06 
3.682610e+02 6.693168e+07 5.787288e+06 
4.757773e+02 6.176697e+07 5.883743e+06 
4.260883e+02 6.729092e+07 4.919195e+06 
4.766306e+02 6.316843e+07 5.208559e+06 
3.806843e+02 6.416877e+07 6.655381e+06 
5.314042e+02 6.274015e+07 5.305014e+06 
4.863068e+02 6.725139e+07 3.954647e+06 
4.360672e+02 6.818651e+07 4.726285e+06 
2.772959e+02 6.917946e+07 6.944746e+06 
3.896605e+02 6.351761e+07 6.655381e+06 
4.970201e+02 6.345884e+07 5.015650e+06 
5.007843e+02 6.400742e+07 4.919195e+06 
4.667169e+02 6.828194e+07 4.244011e+06 
3.419458e+02 6.535363e+07 6.848291e+06 
4.508832e+02 6.722960e+07 4.629830e+06 
3.715363e+02 6.647506e+07 5.787288e+06 
5.385129e+02 6.511055e+07 4.436921e+06 
4.988132e+02 6.304114e+07 5.112104e+06 
4.547820e+02 6.116717e+07 6.269562e+06 
4.986382e+02 6.407681e+07 4.822740e+06 
3.274077e+02 6.661026e+07 6.944746e+06 
4.358916e+02 6.174697e+07 6.366017e+06 
4.507649e+02 6.206066e+07 5.980198e+06 
4.561108e+02 6.672307e+07 4.436921e+06 
4.330356e+02 6.548828e+07 5.305014e+06 
3.522796e+02 6.825482e+07 6.076652e+06 
4.009652e+02 6.292014e+07 6.462472e+06 
4.096046e+02 6.379340e+07 6.076652e+06 
5.069947e+02 6.659380e+07 4.051102e+06 
3.701957e+02 6.537411e+07 6.269562e+06 
3.226046e+02 6.684988e+07 6.944746e+06 
3.635609e+02 6.527792e+07 6.848291e+06 
4.222289e+02 6.208394e+07 6.173107e+06 
4.170435e+02 6.734899e+07 5.208559e+06 
4.676977e+02 6.809089e+07 4.147556e+06 
3.226947e+02 6.867004e+07 6.366017e+06 
4.633055e+02 6.668749e+07 4.340466e+06 
3.019510e+02 6.818407e+07 6.751836e+06 
3.960337e+02 6.457590e+07 5.980198e+06 
4.223406e+02 6.195923e+07 6.462472e+06 
4.574142e+02 6.324276e+07 5.497924e+06 
3.198662e+02 6.860377e+07 6.462472e+06 
5.329365e+02 6.462272e+07 4.629830e+06 
2.822178e+02 6.871790e+07 6.944746e+06 
3.773307e+02 6.432617e+07 6.848291e+06 
2.872021e+02 6.812144e+07 6.944746e+06 
2.930062e+02 6.875243e+07 6.848291e+06 
4.212630e+02 6.736578e+07 5.015650e+06 
4.173945e+02 6.244287e+07 6.366017e+06 
4.595414e+02 6.496552e+07 4.533376e+06 
3.821794e+02 6.392352e+07 6.462472e+06 
4.213122e+02 6.447151e+07 5.787288e+06 
3.834476e+02 6.384563e+07 6.558926e+06 
4.085550e+02 6.705010e+07 5.401469e+06 
3.721439e+02 6.449739e+07 6.751836e+06 
2.861011e+02 6.838907e+07 6.944746e+06 
3.113005e+02 6.861334e+07 6.558926e+06 
3.364493e+02 6.792315e+07 6.269562e+06 
3.240223e+02 6.674013e+07 6.944746e+06 
4.325233e+02 6.305952e+07 5.883743e+06 
4.031998e+02 6.742974e+07 5.497924e+06 
2.917109e+02 6.771433e+07 6.944746e+06 
4.999573e+02 6.550483e+07 4.244011e+06 
2.962083e+02 6.760702e+07 6.944746e+06 
5.028896e+02 6.639303e+07 4.147556e+06 
4.553673e+02 6.098718e+07 6.366017e+06 
4.718339e+02 6.786778e+07 3.954647e+06 
4.779215e+02 6.226319e+07 5.497924e+06 
3.650617e+02 6.480686e+07 6.655381e+06 
3.927327e+02 6.332084e+07 6.558926e+06 
3.034468e+02 6.739225e+07 6.944746e+06 
3.054780e+02 6.867367e+07 6.655381e+06 
4.112626e+02 6.248545e+07 6.558926e+06 
5.154350e+02 6.242048e+07 5.401469e+06 
4.699450e+02 6.537936e+07 4.436921e+06 
3.685300e+02 6.475248e+07 6.751836e+06 
3.782082e+02 6.767661e+07 5.690833e+06 
4.203076e+02 6.202157e+07 6.558926e+06 
3.394540e+02 6.616185e+07 6.944746e+06 
4.441300e+02 6.532147e+07 5.015650e+06 
3.428226e+02 6.758054e+07 6.173107e+06 
4.540089e+02 6.691826e+07 4.533376e+06 
2.910369e+02 6.798104e+07 6.944746e+06 
3.610903e+02 6.832661e+07 5.883743e+06 
3.178319e+02 6.689867e+07 6.751836e+06 
3.321944e+02 6.618734e+07 6.944746e+06 

4.417429e+02 6.912156e+07 4.533376e+06 
4.346948e+02 6.201627e+07 6.655381e+06 
3.075653e+02 6.804503e+07 6.655381e+06 
3.574550e+02 6.523959e+07 6.944746e+06 
3.963793e+02 6.410164e+07 6.655381e+06 
3.360965e+02 6.793416e+07 6.269562e+06 
3.737064e+02 6.789889e+07 5.594378e+06 
3.870313e+02 6.619534e+07 5.497924e+06 
4.655899e+02 6.851964e+07 3.954647e+06 
3.482285e+02 6.776475e+07 6.076652e+06 
4.457946e+02 6.808628e+07 4.147556e+06 
3.759688e+02 6.420747e+07 6.751836e+06 
4.538995e+02 6.150059e+07 6.655381e+06 
4.987395e+02 6.348621e+07 5.208559e+06 
5.205040e+02 6.672429e+07 3.665282e+06 
3.635585e+02 6.584811e+07 6.173107e+06 
3.222539e+02 6.686296e+07 6.751836e+06 
3.534943e+02 6.579730e+07 6.848291e+06 
4.416803e+02 6.176910e+07 6.655381e+06 
3.464885e+02 6.608302e+07 6.655381e+06 
2.772959e+02 6.917946e+07 6.944746e+06 
4.582544e+02 6.624544e+07 4.533376e+06 
3.970080e+02 6.478257e+07 5.883743e+06 
3.851506e+02 6.511923e+07 6.076652e+06 
5.450201e+02 6.390360e+07 5.112104e+06 
5.227977e+02 6.611524e+07 3.761737e+06 
4.290377e+02 6.799005e+07 4.919195e+06 
4.809144e+02 6.483039e+07 4.629830e+06 
4.679350e+02 6.398249e+07 5.401469e+06 
4.487384e+02 6.745287e+07 4.147556e+06 
4.278747e+02 6.226455e+07 6.655381e+06 
4.463619e+02 6.197148e+07 6.076652e+06 
4.733723e+02 6.127514e+07 6.076652e+06 
4.196531e+02 6.251693e+07 6.655381e+06 
5.025203e+02 6.469958e+07 4.629830e+06 
3.198304e+02 6.785704e+07 6.462472e+06 
4.187123e+02 6.715469e+07 5.015650e+06 
4.258958e+02 6.387744e+07 5.594378e+06 
4.409459e+02 6.189235e+07 6.558926e+06 
4.615874e+02 6.539846e+07 4.629830e+06 
4.130490e+02 6.305199e+07 6.655381e+06 
4.110918e+02 6.521685e+07 5.305014e+06 
2.964835e+02 6.728074e+07 6.944746e+06 
4.734453e+02 6.233107e+07 5.787288e+06 
3.517803e+02 6.602693e+07 6.944746e+06 
3.115966e+02 6.714613e+07 6.848291e+06 
5.038747e+02 6.085280e+07 6.269562e+06 
4.302951e+02 6.716554e+07 4.726285e+06 
4.001615e+02 6.728536e+07 5.208559e+06 
4.484651e+02 6.163955e+07 6.655381e+06 
4.973424e+02 6.574636e+07 4.340466e+06 
4.905514e+02 6.315761e+07 5.594378e+06 
3.090829e+02 6.720000e+07 6.944746e+06 
2.921699e+02 6.781465e+07 6.944746e+06 
4.157044e+02 6.280429e+07 6.076652e+06 
3.601034e+02 6.739620e+07 5.883743e+06 
3.209899e+02 6.706953e+07 6.848291e+06 
3.506665e+02 6.767724e+07 5.980198e+06 
3.644677e+02 6.521790e+07 6.655381e+06 
4.451731e+02 6.171126e+07 6.751836e+06 
4.040123e+02 6.377396e+07 6.269562e+06 
4.038340e+02 6.701154e+07 5.112104e+06 
3.940651e+02 6.703576e+07 5.401469e+06 
2.831623e+02 6.877224e+07 6.944746e+06 
3.974078e+02 6.398026e+07 6.751836e+06 
4.985460e+02 6.468773e+07 4.822740e+06 
5.005618e+02 6.464701e+07 4.919195e+06 
3.369192e+02 6.620447e+07 6.462472e+06 
4.063388e+02 6.376311e+07 6.558926e+06 
4.760522e+02 6.090799e+07 6.366017e+06 
2.846933e+02 6.852640e+07 6.944746e+06 
4.798294e+02 6.622299e+07 4.147556e+06 
4.804462e+02 6.693976e+07 3.858192e+06 
4.774253e+02 6.562301e+07 4.533376e+06 
4.646228e+02 6.122356e+07 6.173107e+06 
4.600309e+02 6.226365e+07 5.883743e+06 
2.951543e+02 6.827504e+07 6.848291e+06 
3.347069e+02 6.656715e+07 6.944746e+06 
3.744123e+02 6.480780e+07 6.751836e+06 
4.465215e+02 6.488513e+07 5.112104e+06 
3.258911e+02 6.679761e+07 6.944746e+06 
4.095478e+02 6.336054e+07 6.751836e+06 
5.063236e+02 6.592167e+07 4.147556e+06 
3.275202e+02 6.674490e+07 6.655381e+06 
3.285059e+02 6.808152e+07 6.366017e+06 
5.252909e+02 6.411950e+07 5.015650e+06 
2.890227e+02 6.815653e+07 6.944746e+06 
4.778735e+02 6.117986e+07 6.173107e+06 
4.328198e+02 6.214345e+07 6.366017e+06 
4.845507e+02 6.573217e+07 4.436921e+06 
4.718183e+02 6.243288e+07 5.690833e+06 
3.009245e+02 6.876719e+07 6.751836e+06 
4.284436e+02 6.216461e+07 6.558926e+06 
2.849924e+02 6.839699e+07 6.944746e+06 
2.955458e+02 6.757392e+07 6.944746e+06 
4.042700e+02 6.603831e+07 5.208559e+06 
4.406896e+02 6.635440e+07 4.822740e+06 
4.560770e+02 6.129881e+07 6.558926e+06 
4.819362e+02 6.192690e+07 5.980198e+06 
4.721832e+02 6.115290e+07 6.269562e+06 

5.134917e+02 6.280758e+07 4.822740e+06 
2.887893e+02 6.794687e+07 6.944746e+06 
3.198504e+02 6.658812e+07 6.848291e+06 
3.310177e+02 6.637205e+07 6.848291e+06 
3.977873e+02 6.593013e+07 5.594378e+06 
3.576684e+02 6.777841e+07 5.787288e+06 
3.992499e+02 6.842699e+07 5.112104e+06 
4.708518e+02 6.676439e+07 3.665282e+06 
3.693386e+02 6.496653e+07 6.848291e+06 
4.689532e+02 6.142380e+07 6.269562e+06 
3.373397e+02 6.633924e+07 6.558926e+06 
4.969551e+02 6.095269e+07 6.366017e+06 
3.881270e+02 6.344769e+07 6.848291e+06 
4.876862e+02 6.796458e+07 3.212577e+06 
5.201181e+02 6.404075e+07 4.051102e+06 
4.240915e+02 6.646671e+07 4.726285e+06 
3.688965e+02 6.518776e+07 6.366017e+06 
3.923933e+02 6.893600e+07 5.208559e+06 
5.334659e+02 6.070668e+07 5.594378e+06 
3.962504e+02 6.416476e+07 6.173107e+06 
3.767736e+02 6.766373e+07 5.497924e+06 
3.603794e+02 6.543788e+07 6.655381e+06 
4.574254e+02 6.645428e+07 4.051102e+06 
4.672794e+02 6.896514e+07 3.279463e+06 
4.944840e+02 6.101940e+07 6.269562e+06 
3.839841e+02 6.351251e+07 6.848291e+06 
5.027636e+02 6.092173e+07 6.366017e+06 
4.440133e+02 6.368834e+07 5.594378e+06 
4.703174e+02 6.765037e+07 3.375918e+06 
5.256046e+02 6.237766e+07 5.015650e+06 
4.412886e+02 6.306078e+07 5.883743e+06 
4.442253e+02 6.682936e+07 4.147556e+06 
4.344945e+02 6.777791e+07 3.761737e+06 
2.772959e+02 6.917946e+07 6.944746e+06 
4.300966e+02 6.820656e+07 4.340466e+06 
3.794496e+02 6.433983e+07 6.848291e+06 
4.838196e+02 6.186373e+07 5.594378e+06 
3.408961e+02 6.628979e+07 6.655381e+06 
3.936527e+02 6.307112e+07 6.848291e+06 
5.210444e+02 6.011454e+07 6.076652e+06 
3.810474e+02 6.413776e+07 6.848291e+06 
4.801779e+02 6.716860e+07 3.472373e+06 
4.797755e+02 6.222659e+07 5.401469e+06 
3.431538e+02 6.593235e+07 6.462472e+06 
5.283982e+02 6.193682e+07 5.497924e+06 
4.935209e+02 6.695898e+07 3.568828e+06 
4.607267e+02 6.269416e+07 5.497924e+06 
4.816131e+02 6.790321e+07 3.279463e+06 
4.771241e+02 6.292795e+07 5.305014e+06 
3.016248e+02 6.903003e+07 6.655381e+06 
3.499049e+02 6.788110e+07 6.076652e+06 
4.874736e+02 6.515601e+07 4.436921e+06 
2.825919e+02 6.825377e+07 6.944746e+06 
3.740313e+02 6.798899e+07 5.690833e+06 
3.963906e+02 6.295095e+07 6.848291e+06 
5.270775e+02 6.226716e+07 5.208559e+06 
4.080603e+02 6.745918e+07 4.919195e+06 
2.879151e+02 6.807663e+07 6.944746e+06 
5.337212e+02 6.584438e+07 3.954647e+06 
3.434951e+02 6.705406e+07 6.269562e+06 
3.162003e+02 6.788199e+07 6.462472e+06 
5.162134e+02 6.061997e+07 6.269562e+06 
4.646868e+02 6.579920e+07 4.436921e+06 
4.328933e+02 6.526590e+07 5.208559e+06 
4.130644e+02 6.220404e+07 6.655381e+06 
3.891893e+02 6.514310e+07 5.883743e+06 
4.449555e+02 6.197302e+07 6.558926e+06 
4.100887e+02 6.717357e+07 4.726285e+06 
4.218525e+02 6.776029e+07 4.436921e+06 
3.114772e+02 6.697605e+07 6.848291e+06 
3.310442e+02 6.771074e+07 6.366017e+06 
2.795792e+02 6.888385e+07 6.944746e+06 
5.015873e+02 6.495766e+07 4.244011e+06 
3.003815e+02 6.733226e+07 6.944746e+06 
3.486659e+02 6.577877e+07 6.751836e+06 
4.027289e+02 6.290318e+07 6.751836e+06 
2.926326e+02 6.748396e+07 6.944746e+06 
3.904011e+02 6.799347e+07 5.305014e+06 
3.698438e+02 6.662332e+07 5.787288e+06 
4.103346e+02 6.276090e+07 6.558926e+06 
4.837704e+02 6.837047e+07 3.212577e+06 
4.488427e+02 6.870631e+07 3.472373e+06 
5.223863e+02 6.262515e+07 4.919195e+06 
3.080031e+02 6.818231e+07 6.558926e+06 
5.431234e+02 6.301262e+07 4.726285e+06 
4.335932e+02 6.878155e+07 4.147556e+06 
5.059129e+02 6.065234e+07 6.173107e+06 
3.534954e+02 6.545792e+07 6.558926e+06 
5.049692e+02 6.440457e+07 4.436921e+06 
4.705884e+02 6.600634e+07 4.147556e+06 
3.048639e+02 6.725925e+07 6.944746e+06 
4.326721e+02 6.219417e+07 6.558926e+06 
2.971677e+02 6.855888e+07 6.751836e+06 
4.981961e+02 6.164806e+07 5.690833e+06 
4.191929e+02 6.362763e+07 6.076652e+06 
4.937043e+02 6.645954e+07 3.761737e+06 
4.900626e+02 6.132990e+07 6.366017e+06 
2.931635e+02 6.895541e+07 6.848291e+06 
3.735100e+02 6.445535e+07 6.848291e+06 
5.218792e+02 6.193865e+07 5.305014e+06 

3.418608e+02 6.643832e+07 6.462472e+06 
4.216333e+02 6.304749e+07 6.558926e+06 
2.839245e+02 6.886583e+07 6.944746e+06 
3.547591e+02 6.505755e+07 6.848291e+06 
4.144579e+02 6.310901e+07 6.558926e+06 
3.615895e+02 6.721554e+07 5.594378e+06 
4.077366e+02 6.809912e+07 4.629830e+06 
4.100180e+02 6.430236e+07 5.883743e+06 
3.766830e+02 6.488577e+07 6.462472e+06 
3.992023e+02 6.579920e+07 5.594378e+06 
3.825840e+02 6.454374e+07 6.558926e+06 
3.439846e+02 6.607736e+07 6.751836e+06 
5.326801e+02 6.111197e+07 5.980198e+06 
4.503085e+02 6.516523e+07 4.726285e+06 
4.762318e+02 6.082660e+07 6.462472e+06 
4.790431e+02 6.146042e+07 5.980198e+06 
3.218453e+02 6.780722e+07 6.462472e+06 
4.277684e+02 6.766083e+07 4.051102e+06 
5.101717e+02 6.193315e+07 5.787288e+06 
2.772959e+02 6.917946e+07 6.944746e+06 
4.861918e+02 6.545204e+07 4.340466e+06 
3.831460e+02 6.530734e+07 5.980198e+06 
5.390850e+02 6.401077e+07 4.244011e+06 
3.947039e+02 6.757242e+07 5.497924e+06 
4.972836e+02 6.100269e+07 6.173107e+06 
4.125969e+02 6.339442e+07 6.366017e+06 
4.962759e+02 6.193402e+07 5.883743e+06 
4.320392e+02 6.259301e+07 6.462472e+06 
4.477709e+02 6.449224e+07 5.015650e+06 
4.161547e+02 6.810902e+07 4.147556e+06 
4.436752e+02 6.178263e+07 6.462472e+06 
5.332815e+02 6.568572e+07 3.568828e+06 
3.294062e+02 6.653280e+07 6.751836e+06 
4.067824e+02 6.357337e+07 6.462472e+06 
4.301870e+02 6.267918e+07 6.462472e+06 
5.214605e+02 6.443673e+07 4.147556e+06 
4.995313e+02 6.345822e+07 5.305014e+06 
3.881928e+02 6.440342e+07 6.462472e+06 
4.320029e+02 6.814521e+07 3.858192e+06 
3.995431e+02 6.839514e+07 5.015650e+06 
3.252927e+02 6.827301e+07 6.366017e+06 
3.509068e+02 6.567283e+07 6.655381e+06 
3.169167e+02 6.699324e+07 6.751836e+06 
4.116777e+02 6.604264e+07 5.112104e+06 
4.660417e+02 6.094679e+07 6.366017e+06 
3.113451e+02 6.720725e+07 6.944746e+06 
5.059237e+02 6.541364e+07 3.954647e+06 
5.323670e+02 6.380925e+07 5.015650e+06 
4.707534e+02 6.089544e+07 6.462472e+06 
4.806403e+02 6.058251e+07 6.366017e+06 
4.043408e+02 6.379405e+07 6.558926e+06 
3.510019e+02 6.679971e+07 5.980198e+06 
4.014252e+02 6.413120e+07 6.269562e+06 
5.175423e+02 6.565229e+07 3.761737e+06 
2.861334e+02 6.826345e+07 6.944746e+06 
4.057181e+02 6.368703e+07 6.366017e+06 
2.910241e+02 6.783969e+07 6.944746e+06 
2.948107e+02 6.883429e+07 6.848291e+06 
4.579320e+02 6.102790e+07 6.558926e+06 
3.950949e+02 6.414486e+07 6.558926e+06 
5.128138e+02 6.220295e+07 5.497924e+06 
4.196565e+02 6.709166e+07 4.533376e+06 
3.447888e+02 6.599861e+07 6.848291e+06 
2.963877e+02 6.756978e+07 6.944746e+06 
4.553286e+02 6.135204e+07 6.462472e+06 
4.292483e+02 6.797813e+07 3.954647e+06 
4.266076e+02 6.277245e+07 6.462472e+06 
3.138393e+02 6.854354e+07 6.558926e+06 
3.432858e+02 6.624342e+07 6.848291e+06 
3.046347e+02 6.730652e+07 6.751836e+06 
2.988003e+02 6.868401e+07 6.751836e+06 
5.277898e+02 6.396932e+07 4.533376e+06 
4.569472e+02 6.214419e+07 6.173107e+06 
4.256221e+02 6.290188e+07 6.558926e+06 
4.795719e+02 6.070334e+07 6.462472e+06 
4.526614e+02 6.167636e+07 6.558926e+06 
4.330602e+02 6.244947e+07 6.558926e+06 
4.991530e+02 6.050841e+07 6.462472e+06 
3.630086e+02 6.532174e+07 6.269562e+06 
3.470323e+02 6.841640e+07 5.883743e+06 
3.886141e+02 6.422668e+07 6.655381e+06 
3.610827e+02 6.700070e+07 5.690833e+06 
4.437486e+02 6.360817e+07 5.497924e+06 
4.252354e+02 6.540572e+07 4.919195e+06 
3.329174e+02 6.791164e+07 6.173107e+06 
4.379817e+02 6.187498e+07 6.558926e+06 
2.994511e+02 6.739076e+07 6.944746e+06 
3.696530e+02 6.491794e+07 6.558926e+06 
4.969408e+02 6.100394e+07 6.076652e+06 
5.002919e+02 6.060088e+07 6.269562e+06 
4.576149e+02 6.695026e+07 3.665282e+06 
2.853650e+02 6.837602e+07 6.944746e+06 
5.234454e+02 6.488974e+07 3.665282e+06 
2.898577e+02 6.803172e+07 6.944746e+06 
3.233139e+02 6.688774e+07 6.848291e+06 
4.358416e+02 6.230986e+07 6.558926e+06 
3.398246e+02 6.649271e+07 6.751836e+06 
4.374827e+02 6.214784e+07 6.462472e+06 
3.370101e+02 6.799597e+07 6.076652e+06 
4.485556e+02 6.669095e+07 4.051102e+06 

4.075562e+02 6.470180e+07 5.787288e+06 
3.572716e+02 6.457514e+07 6.751836e+06 
4.157858e+02 6.722448e+07 4.726285e+06 
4.897082e+02 6.706052e+07 4.244011e+06 
5.042080e+02 6.260245e+07 4.919195e+06 
3.969814e+02 6.344933e+07 6.751836e+06 
2.893299e+02 6.805997e+07 6.944746e+06 
4.627549e+02 6.576705e+07 4.822740e+06 
3.373777e+02 6.668429e+07 6.366017e+06 
3.419901e+02 6.578232e+07 6.751836e+06 
4.026550e+02 6.378790e+07 6.462472e+06 
3.622762e+02 6.686680e+07 5.883743e+06 
5.036883e+02 6.475507e+07 4.629830e+06 
3.925670e+02 6.834512e+07 4.919195e+06 
3.296118e+02 6.640378e+07 6.655381e+06 
4.150707e+02 6.590530e+07 5.208559e+06 
3.615083e+02 6.428312e+07 6.751836e+06 
5.426066e+02 6.344485e+07 4.629830e+06 
3.635410e+02 6.705040e+07 5.787288e+06 
5.013972e+02 6.290121e+07 4.822740e+06 
3.268477e+02 6.670767e+07 6.751836e+06 
4.543399e+02 6.344592e+07 5.883743e+06 
4.874204e+02 6.527918e+07 4.436921e+06 
4.027594e+02 6.692649e+07 5.112104e+06 
3.902196e+02 6.631333e+07 5.497924e+06 
4.392049e+02 6.369622e+07 5.594378e+06 
4.441564e+02 6.616835e+07 4.919195e+06 
3.866935e+02 6.365118e+07 6.751836e+06 
4.824020e+02 6.262412e+07 5.883743e+06 
3.515062e+02 6.556664e+07 6.462472e+06 
4.732312e+02 6.278411e+07 5.690833e+06 
3.547530e+02 6.477579e+07 6.751836e+06 
3.751898e+02 6.744595e+07 5.594378e+06 
2.772959e+02 6.917946e+07 6.944746e+06 
3.165305e+02 6.815533e+07 6.462472e+06 
3.473371e+02 6.715669e+07 6.173107e+06 
3.745824e+02 6.653156e+07 5.690833e+06 
3.487724e+02 6.515005e+07 6.848291e+06 
4.809811e+02 6.262792e+07 5.883743e+06 
3.188823e+02 6.713940e+07 6.848291e+06 
5.009004e+02 6.199381e+07 5.112104e+06 
4.177219e+02 6.502039e+07 5.497924e+06 
3.619066e+02 6.635867e+07 5.980198e+06 
4.698810e+02 6.752581e+07 4.533376e+06 
3.893995e+02 6.798771e+07 5.208559e+06 
3.434118e+02 6.556823e+07 6.848291e+06 
3.361943e+02 6.597591e+07 6.848291e+06 
4.370944e+02 6.319109e+07 6.462472e+06 
4.779311e+02 6.643705e+07 4.533376e+06 
3.704347e+02 6.477537e+07 6.269562e+06 
4.557963e+02 6.443023e+07 5.015650e+06 
3.508097e+02 6.829606e+07 6.076652e+06 
4.034541e+02 6.893165e+07 4.726285e+06 
3.765093e+02 6.407188e+07 6.558926e+06 
3.773788e+02 6.866639e+07 5.497924e+06 
5.347001e+02 6.352101e+07 4.436921e+06 
3.095192e+02 6.821883e+07 6.655381e+06 
2.874951e+02 6.819821e+07 6.944746e+06 
5.532956e+02 6.352827e+07 4.340466e+06 
4.973553e+02 6.229203e+07 5.208559e+06 
3.720727e+02 6.381773e+07 6.751836e+06 
3.990822e+02 6.926643e+07 4.822740e+06 
3.997375e+02 6.290697e+07 6.751836e+06 
3.330732e+02 6.765896e+07 6.366017e+06 
2.958357e+02 6.762799e+07 6.944746e+06 
4.657644e+02 6.376118e+07 5.112104e+06 
5.375670e+02 6.417890e+07 4.244011e+06 
5.259497e+02 6.298514e+07 4.726285e+06 
5.035418e+02 6.532377e+07 4.340466e+06 
5.233419e+02 6.478101e+07 4.244011e+06 
2.974471e+02 6.742345e+07 6.944746e+06 
4.248446e+02 6.434873e+07 5.690833e+06 
3.633419e+02 6.453350e+07 6.462472e+06 
4.892427e+02 6.350723e+07 4.822740e+06 
3.258596e+02 6.676995e+07 6.848291e+06 
4.296843e+02 6.372014e+07 5.883743e+06 
4.275943e+02 6.747074e+07 4.629830e+06 
4.469590e+02 6.544712e+07 5.112104e+06 
3.842468e+02 6.818781e+07 5.401469e+06 
3.848581e+02 6.728832e+07 5.305014e+06 
3.211383e+02 6.693352e+07 6.655381e+06 
3.665899e+02 6.421625e+07 6.751836e+06 
2.841585e+02 6.843398e+07 6.944746e+06 
2.946945e+02 6.770223e+07 6.944746e+06 
2.951792e+02 6.856830e+07 6.848291e+06 
3.477603e+02 6.534350e+07 6.848291e+06 
4.817102e+02 6.329805e+07 5.401469e+06 
3.299609e+02 6.630246e+07 6.848291e+06 
3.141214e+02 6.721977e+07 6.751836e+06 
3.003181e+02 6.796825e+07 6.751836e+06 
3.724200e+02 6.558097e+07 5.787288e+06 
4.790686e+02 6.714832e+07 4.340466e+06 
4.893024e+02 6.258290e+07 5.883743e+06 
4.714378e+02 6.721103e+07 4.436921e+06 
3.386760e+02 6.586469e+07 6.848291e+06 
5.120254e+02 6.376388e+07 4.533376e+06 
3.454995e+02 6.549155e+07 6.655381e+06 
2.899293e+02 6.790114e+07 6.944746e+06 
3.361730e+02 6.810342e+07 6.173107e+06 
3.043553e+02 6.724738e+07 6.944746e+06 

4.469150e+02 6.606277e+07 4.726285e+06 
3.951039e+02 6.810352e+07 4.822740e+06 
3.210786e+02 6.677707e+07 6.848291e+06 
4.438347e+02 6.198586e+07 6.558926e+06 
3.512599e+02 6.849414e+07 5.787288e+06 
3.151833e+02 6.785706e+07 6.558926e+06 
4.374797e+02 6.316503e+07 5.690833e+06 
4.227589e+02 6.738327e+07 4.726285e+06 
3.181007e+02 6.719353e+07 6.944746e+06 
4.329971e+02 6.178210e+07 6.655381e+06 
3.530812e+02 6.492378e+07 6.751836e+06 
3.411050e+02 6.834630e+07 5.883743e+06 
3.729296e+02 6.958062e+07 5.401469e+06 
4.765677e+02 6.127364e+07 6.558926e+06 
5.059079e+02 6.520170e+07 4.919195e+06 
4.660986e+02 6.164977e+07 6.751836e+06 
3.659470e+02 6.478063e+07 6.655381e+06 
3.509889e+02 6.511099e+07 6.462472e+06 
4.954219e+02 6.430876e+07 5.305014e+06 
3.429998e+02 6.561542e+07 6.655381e+06 
4.598539e+02 6.246293e+07 6.076652e+06 
3.874758e+02 6.544837e+07 5.883743e+06 
3.773263e+02 6.795554e+07 5.208559e+06 
2.772959e+02 6.917946e+07 6.944746e+06 
4.705362e+02 6.264100e+07 5.690833e+06 
4.415788e+02 6.618618e+07 4.629830e+06 
3.621261e+02 6.867253e+07 5.594378e+06 
3.820701e+02 6.597276e+07 5.594378e+06 
3.450061e+02 6.509218e+07 6.751836e+06 
4.015643e+02 6.542191e+07 5.497924e+06 
4.144886e+02 6.303185e+07 6.269562e+06 
3.744891e+02 6.439751e+07 6.655381e+06 
4.444758e+02 6.496674e+07 5.401469e+06 
4.968797e+02 6.168280e+07 5.980198e+06 
3.295266e+02 6.664118e+07 6.751836e+06 
4.117264e+02 6.623066e+07 5.015650e+06 
3.834695e+02 6.443699e+07 6.462472e+06 
4.156620e+02 6.359046e+07 6.173107e+06 
4.030436e+02 6.340375e+07 6.558926e+06 
4.925305e+02 6.114198e+07 6.558926e+06 
4.276595e+02 6.245270e+07 6.558926e+06 
4.232191e+02 6.277690e+07 6.462472e+06 
4.023398e+02 6.351327e+07 6.558926e+06 
3.865014e+02 6.388367e+07 6.462472e+06 
3.301683e+02 6.588862e+07 6.751836e+06 
2.868960e+02 6.813018e+07 6.944746e+06 
4.324529e+02 6.512335e+07 5.497924e+06 
4.264887e+02 6.268216e+07 6.655381e+06 
4.642712e+02 6.181860e+07 6.173107e+06 
4.567408e+02 6.168722e+07 6.655381e+06 
3.748848e+02 6.437167e+07 6.655381e+06 
2.952467e+02 6.770332e+07 6.944746e+06 
3.009209e+02 6.761372e+07 6.944746e+06 
4.001569e+02 6.366239e+07 6.269562e+06 
3.645057e+02 6.670938e+07 5.690833e+06 
3.603397e+02 6.480957e+07 6.655381e+06 
4.782200e+02 6.497818e+07 5.015650e+06 
3.045233e+02 6.750994e+07 6.944746e+06 
3.776452e+02 6.396183e+07 6.655381e+06 
2.981649e+02 6.767495e+07 6.944746e+06 
3.896024e+02 6.786725e+07 4.919195e+06 
4.115254e+02 6.309295e+07 6.269562e+06 
3.930740e+02 6.354665e+07 6.558926e+06 
3.018556e+02 6.759735e+07 6.944746e+06 
4.039858e+02 6.317009e+07 6.558926e+06 
3.096586e+02 6.817539e+07 6.655381e+06 
3.412960e+02 6.576595e+07 6.655381e+06 
5.230238e+02 6.190121e+07 5.883743e+06 
3.252688e+02 6.762967e+07 6.366017e+06 
3.383146e+02 6.865483e+07 6.173107e+06 
4.946020e+02 6.456059e+07 5.112104e+06 
2.867898e+02 6.850272e+07 6.944746e+06 
3.570125e+02 6.491303e+07 6.655381e+06 
4.958567e+02 6.418770e+07 5.401469e+06 
3.017157e+02 6.805578e+07 6.751836e+06 
4.456579e+02 6.273266e+07 5.883743e+06 
3.794753e+02 6.518055e+07 6.076652e+06 
4.872047e+02 6.462636e+07 5.305014e+06 
4.038409e+02 6.467208e+07 5.690833e+06 
3.973836e+02 6.683934e+07 4.919195e+06 
4.182314e+02 6.291102e+07 6.558926e+06 
3.210507e+02 6.847058e+07 6.462472e+06 
4.386732e+02 6.577649e+07 4.822740e+06 
4.535699e+02 6.392137e+07 5.594378e+06 
3.492013e+02 6.694507e+07 5.980198e+06 
3.064015e+02 6.730162e+07 6.944746e+06 
3.284080e+02 6.670889e+07 6.848291e+06 
3.970062e+02 6.446741e+07 5.883743e+06 
3.731851e+02 6.465209e+07 6.655381e+06 
2.885155e+02 6.782999e+07 6.944746e+06 
3.763367e+02 6.766816e+07 5.305014e+06 
3.232178e+02 6.837640e+07 6.269562e+06 
3.601004e+02 6.553802e+07 6.269562e+06 
3.696879e+02 6.518119e+07 6.269562e+06 
3.741365e+02 6.464226e+07 6.558926e+06 
4.306339e+02 6.560521e+07 4.919195e+06 
4.323481e+02 6.672826e+07 4.726285e+06 
3.835579e+02 6.765393e+07 5.015650e+06 
2.940708e+02 6.856279e+07 6.848291e+06 
4.931080e+02 6.122576e+07 6.462472e+06 

4.259180e+02 6.653656e+07 4.533376e+06 
3.842953e+02 6.758230e+07 5.305014e+06 
5.163775e+02 6.380644e+07 4.629830e+06 
4.754360e+02 6.400986e+07 4.822740e+06 
4.373096e+02 6.450469e+07 5.112104e+06 
3.524286e+02 6.526189e+07 6.655381e+06 
4.404253e+02 6.550133e+07 4.726285e+06 
3.422958e+02 6.709751e+07 6.076652e+06 
4.227638e+02 6.516379e+07 5.305014e+06 
4.348232e+02 6.213426e+07 6.462472e+06 
3.899254e+02 6.358592e+07 6.655381e+06 
3.859494e+02 6.383662e+07 6.558926e+06 
3.954669e+02 6.893467e+07 5.112104e+06 
4.272582e+02 6.242591e+07 6.462472e+06 
2.995115e+02 6.825057e+07 6.751836e+06 
4.150280e+02 6.907530e+07 4.051102e+06 
3.735794e+02 6.411482e+07 6.655381e+06 
4.755250e+02 6.560349e+07 4.147556e+06 
5.004541e+02 6.616263e+07 3.761737e+06 
4.001248e+02 6.323369e+07 6.558926e+06 
3.979362e+02 6.527026e+07 5.787288e+06 
4.279262e+02 6.817860e+07 3.858192e+06 
3.285167e+02 6.646277e+07 6.558926e+06 
4.105401e+02 6.283389e+07 6.462472e+06 
5.136472e+02 6.529603e+07 3.858192e+06 
5.462600e+02 6.268249e+07 5.112104e+06 
2.772959e+02 6.917946e+07 6.944746e+06 
3.355527e+02 6.737484e+07 6.173107e+06 
5.321345e+02 6.424572e+07 4.436921e+06 
3.988436e+02 6.983816e+07 4.726285e+06 
3.971167e+02 6.439712e+07 6.076652e+06 
4.070336e+02 6.933587e+07 4.436921e+06 
4.054749e+02 6.313588e+07 6.366017e+06 
3.257864e+02 6.781396e+07 6.366017e+06 
3.669611e+02 6.477488e+07 6.751836e+06 
3.639735e+02 6.487106e+07 6.558926e+06 
4.395915e+02 6.623555e+07 4.436921e+06 
3.681634e+02 6.460149e+07 6.558926e+06 
3.682240e+02 6.680289e+07 5.690833e+06 
4.204072e+02 6.749165e+07 4.147556e+06 
4.448169e+02 6.233049e+07 6.269562e+06 
4.477458e+02 6.210125e+07 6.366017e+06 
3.221622e+02 6.663251e+07 6.944746e+06 
5.309095e+02 6.346988e+07 4.822740e+06 
3.756412e+02 6.754260e+07 5.497924e+06 
3.645544e+02 6.795466e+07 5.594378e+06 
3.640530e+02 6.801832e+07 5.690833e+06 
3.485045e+02 6.806108e+07 5.883743e+06 
2.972333e+02 6.776196e+07 6.944746e+06 
4.107310e+02 6.244405e+07 6.269562e+06 
2.944430e+02 6.779034e+07 6.944746e+06 
3.474929e+02 6.555444e+07 6.655381e+06 
3.274912e+02 6.651962e+07 6.655381e+06 
4.115501e+02 6.751684e+07 4.340466e+06 
3.723792e+02 6.437899e+07 6.558926e+06 
3.128526e+02 6.708299e+07 6.848291e+06 
2.909653e+02 6.811161e+07 6.944746e+06 
4.053257e+02 6.624072e+07 5.305014e+06 
3.380091e+02 6.557797e+07 6.655381e+06 
3.213544e+02 6.665501e+07 6.655381e+06 
3.034886e+02 6.759340e+07 6.848291e+06 
3.532514e+02 6.849108e+07 5.787288e+06 
2.848367e+02 6.904578e+07 6.944746e+06 
4.111780e+02 6.420712e+07 5.883743e+06 
3.240066e+02 6.767605e+07 6.462472e+06 
3.071185e+02 6.713250e+07 6.944746e+06 
3.783075e+02 6.532948e+07 6.076652e+06 
2.870593e+02 6.815574e+07 6.944746e+06 
5.081939e+02 6.322798e+07 5.015650e+06 
3.047966e+02 6.753653e+07 6.848291e+06 
5.184519e+02 6.367544e+07 4.726285e+06 
3.001284e+02 6.767573e+07 6.944746e+06 
4.827503e+02 6.270008e+07 5.305014e+06 
3.327061e+02 6.594141e+07 6.655381e+06 
3.412000e+02 6.621710e+07 6.366017e+06 
4.338429e+02 6.350423e+07 5.883743e+06 
3.198021e+02 6.680950e+07 6.655381e+06 
4.604011e+02 6.255361e+07 6.076652e+06 
2.928001e+02 6.797337e+07 6.944746e+06 
2.856216e+02 6.864354e+07 6.944746e+06 
3.926502e+02 6.724887e+07 5.208559e+06 
2.865694e+02 6.849371e+07 6.944746e+06 
4.494858e+02 6.675746e+07 3.954647e+06 
3.651447e+02 6.621253e+07 5.883743e+06 
3.642616e+02 6.510130e+07 6.462472e+06 
4.936422e+02 6.505430e+07 4.147556e+06 
4.726891e+02 6.360059e+07 5.015650e+06 
4.713996e+02 6.290457e+07 5.497924e+06 
3.561699e+02 6.507465e+07 6.655381e+06 
5.032570e+02 6.482042e+07 4.244011e+06 
4.572181e+02 6.247367e+07 6.173107e+06 
3.504260e+02 6.541297e+07 6.558926e+06 
4.822110e+02 6.525942e+07 4.147556e+06 
3.793072e+02 6.407379e+07 6.558926e+06 
2.981133e+02 6.809442e+07 6.848291e+06 
3.066974e+02 6.829845e+07 6.558926e+06 
4.459213e+02 6.398245e+07 5.015650e+06 
4.017434e+02 6.834361e+07 4.629830e+06 
3.865697e+02 6.377664e+07 6.558926e+06 
3.696703e+02 6.447049e+07 6.558926e+06 

4.510748e+02 6.153571e+07 6.366017e+06 
5.056857e+02 6.483760e+07 4.147556e+06 
5.108325e+02 6.264609e+07 5.305014e+06 
4.654097e+02 6.157688e+07 5.980198e+06 
4.051023e+02 6.694436e+07 5.112104e+06 
4.383092e+02 6.850615e+07 4.436921e+06 
5.169137e+02 6.284086e+07 5.112104e+06 
4.016989e+02 6.288992e+07 6.173107e+06 
3.125674e+02 6.680391e+07 6.944746e+06 
3.755244e+02 6.398202e+07 6.655381e+06 
4.522310e+02 6.301807e+07 5.690833e+06 
5.257511e+02 6.230213e+07 5.401469e+06 
3.118183e+02 6.862828e+07 6.558926e+06 
4.949005e+02 6.686546e+07 3.954647e+06 
2.927712e+02 6.789483e+07 6.944746e+06 
3.618906e+02 6.804812e+07 6.076652e+06 
5.501639e+02 6.522937e+07 3.472373e+06 
4.257788e+02 6.841554e+07 5.015650e+06 
4.576316e+02 6.774721e+07 4.147556e+06 
5.141752e+02 6.658305e+07 3.665282e+06 
5.238597e+02 6.617615e+07 3.568828e+06 
4.590729e+02 6.696094e+07 4.340466e+06 
5.603773e+02 6.491890e+07 3.472373e+06 
3.835943e+02 6.674995e+07 5.787288e+06 
5.310397e+02 6.714531e+07 3.472373e+06 
4.356050e+02 6.215722e+07 6.462472e+06 
3.741008e+02 6.864941e+07 5.883743e+06 
4.744035e+02 6.715198e+07 4.051102e+06 
5.752754e+02 6.463023e+07 3.858192e+06 
5.049111e+02 6.451650e+07 4.726285e+06 
2.772959e+02 6.917946e+07 6.944746e+06 
4.238284e+02 6.298476e+07 5.883743e+06 
4.968644e+02 6.532168e+07 4.051102e+06 
5.601888e+02 6.635922e+07 3.375918e+06 
3.770809e+02 6.381573e+07 6.848291e+06 
5.027737e+02 6.786215e+07 3.858192e+06 
3.501858e+02 6.557408e+07 6.848291e+06 
4.905129e+02 6.412668e+07 5.208559e+06 
3.535525e+02 6.569953e+07 6.462472e+06 
4.414622e+02 6.183296e+07 6.366017e+06 
3.512328e+02 6.550626e+07 6.944746e+06 
3.923070e+02 6.330734e+07 6.944746e+06 
5.090745e+02 6.153309e+07 5.594378e+06 
3.983891e+02 6.249932e+07 6.366017e+06 
3.979379e+02 6.701910e+07 5.497924e+06 
3.225760e+02 6.899802e+07 6.366017e+06 
5.079284e+02 6.624260e+07 3.761737e+06 
4.259263e+02 6.450164e+07 5.401469e+06 
5.509610e+02 6.426217e+07 4.533376e+06 
4.434578e+02 6.776449e+07 4.340466e+06 
4.325937e+02 6.501413e+07 5.208559e+06 
4.560534e+02 6.498394e+07 5.015650e+06 
5.483205e+02 6.444129e+07 4.436921e+06 
3.536174e+02 6.530493e+07 6.848291e+06 
3.436569e+02 6.578977e+07 6.655381e+06 
3.224262e+02 6.760991e+07 6.462472e+06 
5.409256e+02 6.673630e+07 3.279463e+06 
2.861173e+02 6.832626e+07 6.944746e+06 
4.252852e+02 6.231850e+07 6.366017e+06 
5.722836e+02 6.465569e+07 3.761737e+06 
3.427812e+02 6.824792e+07 6.173107e+06 
4.007053e+02 6.708441e+07 5.401469e+06 
3.430656e+02 6.596963e+07 6.848291e+06 
5.669060e+02 6.454521e+07 3.954647e+06 
2.909160e+02 6.797321e+07 6.944746e+06 
2.951385e+02 6.783685e+07 6.944746e+06 
4.729136e+02 6.128582e+07 6.173107e+06 
3.841539e+02 6.496256e+07 5.980198e+06 
3.871210e+02 6.358200e+07 6.558926e+06 
4.655766e+02 6.597386e+07 4.629830e+06 
2.887883e+02 6.803469e+07 6.944746e+06 
3.707597e+02 6.705332e+07 5.980198e+06 
2.977683e+02 6.743972e+07 6.944746e+06 
3.919837e+02 6.728247e+07 5.594378e+06 
5.137121e+02 6.223557e+07 5.497924e+06 
4.093088e+02 6.635589e+07 5.305014e+06 
4.899517e+02 6.316895e+07 5.401469e+06 
2.808687e+02 6.839551e+07 6.944746e+06 
3.855156e+02 6.368939e+07 6.848291e+06 
3.400897e+02 6.729988e+07 6.269562e+06 
3.052457e+02 6.705481e+07 6.944746e+06 
4.288138e+02 6.254891e+07 6.076652e+06 
2.956363e+02 6.831468e+07 6.751836e+06 
3.999253e+02 6.559112e+07 5.594378e+06 
4.656011e+02 6.241698e+07 5.883743e+06 
4.694257e+02 6.138940e+07 6.366017e+06 
2.889676e+02 6.799744e+07 6.944746e+06 
3.066605e+02 6.703814e+07 6.944746e+06 
3.543507e+02 6.525733e+07 6.655381e+06 
3.705940e+02 6.421371e+07 6.944746e+06 
3.560657e+02 6.469890e+07 6.848291e+06 
3.159211e+02 6.627239e+07 6.751836e+06 
5.982442e+02 6.490721e+07 3.568828e+06 
3.802315e+02 6.550827e+07 5.883743e+06 
5.489881e+02 6.491832e+07 3.665282e+06 
4.758873e+02 6.105879e+07 6.076652e+06 
4.517393e+02 6.886006e+07 4.244011e+06 
4.835512e+02 6.510681e+07 4.147556e+06 
3.673391e+02 6.426693e+07 6.751836e+06 
4.303752e+02 6.904142e+07 4.629830e+06 

5.399957e+02 6.303086e+07 4.822740e+06 
3.302330e+02 6.653757e+07 6.751836e+06 
3.499925e+02 6.770551e+07 5.980198e+06 
4.221347e+02 6.800325e+07 4.822740e+06 
3.649233e+02 6.495185e+07 6.558926e+06 
4.463994e+02 6.380141e+07 5.690833e+06 
3.840324e+02 6.424486e+07 6.173107e+06 
4.522936e+02 6.506954e+07 4.822740e+06 
3.649439e+02 6.613862e+07 5.883743e+06 
4.659557e+02 6.345789e+07 5.787288e+06 
5.315573e+02 6.213590e+07 5.401469e+06 
5.031447e+02 6.256586e+07 5.883743e+06 
5.568474e+02 6.258611e+07 5.305014e+06 
3.474008e+02 6.556873e+07 6.751836e+06 
4.195716e+02 6.861419e+07 4.919195e+06 
3.768623e+02 6.458621e+07 6.751836e+06 
4.614186e+02 6.529636e+07 4.533376e+06 
4.435458e+02 6.598719e+07 4.919195e+06 
4.650448e+02 6.352058e+07 5.690833e+06 
4.036577e+02 6.368551e+07 6.462472e+06 
3.704860e+02 6.759165e+07 5.690833e+06 
4.597189e+02 6.355441e+07 5.787288e+06 
3.547909e+02 6.758856e+07 5.883743e+06 
3.944654e+02 6.375450e+07 6.366017e+06 
3.818297e+02 6.447928e+07 6.558926e+06 
4.903225e+02 6.456826e+07 4.436921e+06 
3.360834e+02 6.579356e+07 6.848291e+06 
2.772959e+02 6.917946e+07 6.944746e+06 
3.659083e+02 6.485174e+07 6.366017e+06 
3.327218e+02 6.610444e+07 6.751836e+06 
3.942988e+02 6.387430e+07 6.173107e+06 
4.798213e+02 6.381035e+07 4.822740e+06 
4.690594e+02 6.297408e+07 5.883743e+06 
4.889967e+02 6.332836e+07 5.208559e+06 
3.869980e+02 6.422364e+07 6.173107e+06 
3.398487e+02 6.829125e+07 6.269562e+06 
4.555435e+02 6.673076e+07 4.629830e+06 
4.906685e+02 6.420917e+07 4.629830e+06 
4.912953e+02 6.277501e+07 6.076652e+06 
3.899903e+02 6.531939e+07 5.594378e+06 
4.697972e+02 6.311404e+07 5.594378e+06 
3.204774e+02 6.696591e+07 6.848291e+06 
3.212775e+02 6.669081e+07 6.944746e+06 
3.460699e+02 6.574677e+07 6.655381e+06 
3.888911e+02 6.724578e+07 5.305014e+06 
3.419895e+02 6.603143e+07 6.366017e+06 
4.272222e+02 6.503266e+07 5.208559e+06 
4.718960e+02 6.518264e+07 4.436921e+06 
3.147277e+02 6.712332e+07 6.848291e+06 
3.434392e+02 6.577436e+07 6.655381e+06 
3.783370e+02 6.704733e+07 5.497924e+06 
3.716533e+02 6.470696e+07 6.751836e+06 
3.501033e+02 6.533989e+07 6.751836e+06 
2.981509e+02 6.756211e+07 6.944746e+06 
3.737717e+02 6.764377e+07 5.594378e+06 
4.134174e+02 6.369486e+07 6.173107e+06 
4.193743e+02 6.463367e+07 5.497924e+06 
2.968466e+02 6.767010e+07 6.944746e+06 
3.171330e+02 6.855455e+07 6.462472e+06 
4.638966e+02 6.443431e+07 4.726285e+06 
2.836901e+02 6.874399e+07 6.944746e+06 
2.915981e+02 6.773935e+07 6.944746e+06 
5.554916e+02 6.297769e+07 5.112104e+06 
4.924688e+02 6.352771e+07 4.919195e+06 
4.066440e+02 6.591474e+07 5.208559e+06 
3.793819e+02 6.455742e+07 6.462472e+06 
4.159892e+02 6.893883e+07 5.112104e+06 
3.050017e+02 6.734330e+07 6.944746e+06 
4.648403e+02 6.490150e+07 4.533376e+06 
3.231072e+02 6.681729e+07 6.558926e+06 
3.521650e+02 6.513324e+07 6.558926e+06 
2.863128e+02 6.822620e+07 6.944746e+06 
5.227287e+02 6.217048e+07 5.787288e+06 
2.977266e+02 6.883190e+07 6.751836e+06 
3.932264e+02 6.397276e+07 6.366017e+06 
3.434815e+02 6.795758e+07 6.173107e+06 
2.900281e+02 6.776329e+07 6.944746e+06 
4.567478e+02 6.365220e+07 5.883743e+06 
3.298784e+02 6.840213e+07 6.366017e+06 
2.871239e+02 6.790450e+07 6.944746e+06 
4.149913e+02 6.427024e+07 5.787288e+06 
5.218759e+02 6.229644e+07 5.594378e+06 
5.346031e+02 6.402319e+07 4.436921e+06 
3.727225e+02 6.466917e+07 6.269562e+06 
3.897459e+02 6.479479e+07 5.787288e+06 
3.926571e+02 6.408450e+07 6.462472e+06 
5.153791e+02 6.247784e+07 5.401469e+06 
3.092373e+02 6.815825e+07 6.655381e+06 
3.618546e+02 6.503822e+07 6.558926e+06 
4.481560e+02 6.435433e+07 5.305014e+06 
5.315635e+02 6.368191e+07 4.533376e+06 
3.906543e+02 6.416588e+07 6.366017e+06 
3.833703e+02 6.431201e+07 6.462472e+06 
2.867039e+02 6.802608e+07 6.944746e+06 
5.539760e+02 6.349353e+07 4.533376e+06 
3.520659e+02 6.576312e+07 6.269562e+06 
3.004319e+02 6.738284e+07 6.944746e+06 
2.968852e+02 6.845358e+07 6.848291e+06 
4.130667e+02 6.544132e+07 5.208559e+06 
3.564412e+02 6.800459e+07 5.787288e+06 

2.885961e+02 6.793059e+07 6.944746e+06 
3.745204e+02 6.405300e+07 6.655381e+06 
4.615015e+02 6.700019e+07 4.533376e+06 
2.970539e+02 6.848505e+07 6.751836e+06 
3.881667e+02 6.316254e+07 6.462472e+06 
4.498454e+02 6.211142e+07 5.883743e+06 
3.676428e+02 6.531816e+07 6.173107e+06 
4.812356e+02 6.225485e+07 5.497924e+06 
3.789823e+02 6.393641e+07 6.462472e+06 
5.702206e+02 6.080197e+07 5.787288e+06 
4.479270e+02 6.623019e+07 5.015650e+06 
3.541759e+02 6.510276e+07 6.462472e+06 
3.611064e+02 6.475421e+07 6.655381e+06 
3.442382e+02 6.843493e+07 6.173107e+06 
4.466143e+02 6.701837e+07 5.015650e+06 
4.856388e+02 6.045493e+07 6.269562e+06 
4.170428e+02 6.211183e+07 6.269562e+06 
3.825711e+02 6.345247e+07 6.558926e+06 
5.047791e+02 6.006114e+07 6.076652e+06 
4.987299e+02 6.029611e+07 6.366017e+06 
4.149108e+02 6.283222e+07 6.076652e+06 
2.772959e+02 6.917946e+07 6.944746e+06 
4.999273e+02 6.013371e+07 6.269562e+06 
4.832381e+02 6.550629e+07 4.629830e+06 
5.039118e+02 6.098080e+07 5.883743e+06 
4.437932e+02 6.660102e+07 5.112104e+06 
3.731887e+02 6.422693e+07 6.558926e+06 
5.060860e+02 6.570790e+07 4.340466e+06 
3.579477e+02 6.481638e+07 6.848291e+06 
4.562617e+02 6.732886e+07 4.822740e+06 
3.803483e+02 6.365490e+07 6.462472e+06 
4.567740e+02 6.311039e+07 5.594378e+06 
3.344354e+02 6.636765e+07 6.944746e+06 
4.019197e+02 6.240355e+07 6.558926e+06 
4.699978e+02 6.077185e+07 6.269562e+06 
3.794970e+02 6.656207e+07 5.690833e+06 
3.515089e+02 6.733864e+07 5.980198e+06 
5.514664e+02 6.314796e+07 4.822740e+06 
4.532009e+02 6.170044e+07 6.558926e+06 
4.892542e+02 6.034715e+07 6.366017e+06 
5.403903e+02 6.407189e+07 4.436921e+06 
3.252315e+02 6.798677e+07 6.366017e+06 
4.106642e+02 6.349594e+07 5.883743e+06 
2.866223e+02 6.801330e+07 6.944746e+06 
4.717568e+02 6.757564e+07 4.436921e+06 
4.315803e+02 6.777705e+07 5.305014e+06 
5.355125e+02 6.469943e+07 4.340466e+06 
4.381616e+02 6.722486e+07 5.208559e+06 
3.326692e+02 6.664327e+07 6.848291e+06 
5.222453e+02 6.697591e+07 4.147556e+06 
3.704201e+02 6.438654e+07 6.366017e+06 
4.684483e+02 6.401216e+07 5.208559e+06 
3.258999e+02 6.681457e+07 6.944746e+06 
3.760091e+02 6.401585e+07 6.558926e+06 
3.332369e+02 6.649550e+07 6.944746e+06 
3.885779e+02 6.314195e+07 6.655381e+06 
3.421248e+02 6.560506e+07 6.848291e+06 
4.917927e+02 6.170022e+07 5.690833e+06 
5.067844e+02 6.133152e+07 5.787288e+06 
4.525422e+02 6.173783e+07 6.462472e+06 
3.804387e+02 6.481345e+07 6.076652e+06 
5.129418e+02 6.811013e+07 4.147556e+06 
3.106537e+02 6.868055e+07 6.655381e+06 
3.078244e+02 6.718930e+07 6.944746e+06 
3.141218e+02 6.689342e+07 6.848291e+06 
3.665806e+02 6.720983e+07 5.787288e+06 
3.307590e+02 6.709763e+07 6.462472e+06 
5.585616e+02 6.056560e+07 5.980198e+06 
5.087779e+02 6.405489e+07 4.629830e+06 
3.929453e+02 6.274043e+07 6.558926e+06 
4.286056e+02 6.418165e+07 5.497924e+06 
5.046207e+02 6.288132e+07 5.208559e+06 
4.806813e+02 6.174812e+07 5.594378e+06 
5.315398e+02 6.405403e+07 4.533376e+06 
4.550362e+02 6.148793e+07 6.366017e+06 
3.132679e+02 6.710262e+07 6.751836e+06 
2.831461e+02 6.883505e+07 6.944746e+06 
2.946806e+02 6.764871e+07 6.944746e+06 
2.841457e+02 6.829263e+07 6.944746e+06 
5.145201e+02 6.329130e+07 5.015650e+06 
3.029312e+02 6.738821e+07 6.944746e+06 
3.878659e+02 6.326411e+07 6.558926e+06 
4.656205e+02 6.099475e+07 6.366017e+06 
3.641027e+02 6.445990e+07 6.655381e+06 
3.381271e+02 6.606385e+07 6.848291e+06 
4.616786e+02 6.133969e+07 6.076652e+06 
3.224561e+02 6.883744e+07 6.462472e+06 
3.490140e+02 6.877960e+07 5.787288e+06 
3.938937e+02 6.346745e+07 6.173107e+06 
2.891987e+02 6.867820e+07 6.848291e+06 
4.464244e+02 6.183212e+07 6.269562e+06 
3.849021e+02 6.720981e+07 5.594378e+06 
5.630858e+02 6.388444e+07 4.629830e+06 
2.973355e+02 6.741995e+07 6.944746e+06 
4.620553e+02 6.132189e+07 6.366017e+06 
4.789787e+02 6.491398e+07 4.822740e+06 
2.905448e+02 6.767951e+07 6.944746e+06 
4.026384e+02 6.548110e+07 5.401469e+06 
3.169226e+02 6.901862e+07 6.558926e+06 
3.521516e+02 6.550297e+07 6.655381e+06 

