8.494300e+03 3.447178e+07 1.133115e+06 
8.857900e+03 3.592797e+07 9.096400e+05 
8.915850e+03 3.437678e+07 9.363151e+05 
7.190700e+03 3.044575e+07 2.085429e+06 
8.471600e+03 3.450389e+07 9.820330e+05 
7.240600e+03 3.042995e+07 2.042869e+06 
8.817600e+03 3.643082e+07 9.479465e+05 
6.994850e+03 2.968744e+07 2.340788e+06 
9.065300e+03 3.507091e+07 9.064920e+05 
7.152500e+03 3.025208e+07 2.170549e+06 
6.989150e+03 2.943690e+07 2.425907e+06 
7.660300e+03 3.216889e+07 1.872630e+06 
7.796500e+03 3.282504e+07 1.447032e+06 
8.235900e+03 3.350248e+07 1.208656e+06 
7.237400e+03 3.003704e+07 2.170549e+06 
7.064300e+03 2.956880e+07 2.255668e+06 
8.565700e+03 3.408049e+07 1.106554e+06 
7.037150e+03 2.954339e+07 2.383347e+06 
7.020850e+03 2.963207e+07 2.298228e+06 
7.656250e+03 3.255064e+07 1.787511e+06 
8.407950e+03 3.451872e+07 1.133115e+06 
7.210000e+03 3.027161e+07 2.127989e+06 
7.059750e+03 2.957737e+07 2.340788e+06 
7.062400e+03 2.953506e+07 2.298228e+06 
7.783150e+03 3.255738e+07 1.617271e+06 

7.599800e+03 3.173567e+07 1.617271e+06 
8.794400e+03 3.563266e+07 9.363151e+05 
6.728600e+03 2.812783e+07 2.468467e+06 
6.749000e+03 2.827499e+07 2.383347e+06 
7.702300e+03 3.149175e+07 1.435279e+06 
8.670950e+03 3.546730e+07 1.191674e+06 
8.776800e+03 3.600721e+07 1.106554e+06 
7.660650e+03 3.152756e+07 1.435279e+06 
7.630050e+03 3.110939e+07 1.532152e+06 
6.928700e+03 2.878205e+07 2.298228e+06 
7.624650e+03 3.150656e+07 1.702391e+06 
8.731300e+03 3.535861e+07 1.191674e+06 
6.680750e+03 2.818200e+07 2.468467e+06 
6.816450e+03 2.851413e+07 2.298228e+06 
7.614550e+03 3.104991e+07 1.702391e+06 
7.525750e+03 3.119103e+07 1.702391e+06 
7.489350e+03 3.088900e+07 1.787511e+06 
8.528850e+03 3.458909e+07 1.276793e+06 
6.656100e+03 2.799281e+07 2.553587e+06 
8.761300e+03 3.578816e+07 1.159753e+06 
7.473900e+03 3.105128e+07 1.872630e+06 
8.832550e+03 3.561030e+07 1.021435e+06 
9.122050e+03 3.635591e+07 9.121750e+05 
7.521700e+03 3.096730e+07 1.872630e+06 
8.792300e+03 3.657443e+07 1.021435e+06 

7.027900e+03 2.920696e+07 2.042869e+06 
8.196500e+03 3.359094e+07 1.404473e+06 
7.141950e+03 2.989050e+07 1.957750e+06 
8.159850e+03 3.316578e+07 1.447032e+06 
6.401250e+03 2.656276e+07 2.468467e+06 
8.236750e+03 3.392922e+07 1.159753e+06 
8.114150e+03 3.310300e+07 1.542791e+06 
8.297750e+03 3.314651e+07 1.284197e+06 
7.335500e+03 3.066811e+07 1.787511e+06 
6.481000e+03 2.700085e+07 2.383347e+06 
7.999200e+03 3.329641e+07 1.659831e+06 
8.581550e+03 3.463435e+07 9.820330e+05 
7.323150e+03 3.046983e+07 1.872630e+06 
8.114400e+03 3.322365e+07 1.489592e+06 
7.266300e+03 3.055289e+07 1.830070e+06 
8.222500e+03 3.329436e+07 1.359738e+06 
8.097800e+03 3.343730e+07 1.627911e+06 
8.185800e+03 3.291646e+07 1.447032e+06 
7.358200e+03 3.045638e+07 1.872630e+06 
6.490300e+03 2.687801e+07 2.383347e+06 
7.392500e+03 3.061155e+07 1.702391e+06 
8.271950e+03 3.338317e+07 1.284197e+06 
8.238700e+03 3.371589e+07 1.284197e+06 
8.199400e+03 3.309724e+07 1.361913e+06 
7.366300e+03 3.042564e+07 1.787511e+06 

8.492150e+03 3.478790e+07 1.244873e+06 
8.497250e+03 3.497477e+07 1.234234e+06 
8.500950e+03 3.475248e+07 1.234234e+06 
8.407400e+03 3.598506e+07 9.300608e+05 
7.338300e+03 3.012848e+07 2.042869e+06 
8.586650e+03 3.526020e+07 9.064920e+05 
8.520850e+03 3.485444e+07 9.363151e+05 
8.353350e+03 3.544714e+07 9.820330e+05 
7.189250e+03 3.003654e+07 2.298228e+06 
7.226050e+03 3.008770e+07 2.127989e+06 
8.295500e+03 3.576895e+07 1.106554e+06 
7.388250e+03 3.046223e+07 1.957750e+06 
7.770200e+03 3.236046e+07 1.532152e+06 
7.272050e+03 3.052631e+07 2.042869e+06 
7.399900e+03 3.023865e+07 1.957750e+06 
8.506750e+03 3.501216e+07 1.191674e+06 
7.768250e+03 3.237517e+07 1.702391e+06 
6.985400e+03 2.931837e+07 2.468467e+06 
8.514300e+03 3.479115e+07 1.021435e+06 
8.472250e+03 3.504650e+07 1.191674e+06 
7.120100e+03 3.014677e+07 2.298228e+06 
6.984350e+03 2.956043e+07 2.383347e+06 
7.221700e+03 3.012140e+07 2.213108e+06 
8.104750e+03 3.446082e+07 1.276793e+06 
8.661800e+03 3.555033e+07 8.987604e+05 

8.659500e+03 3.611068e+07 8.764034e+05 
8.359700e+03 3.458939e+07 9.064920e+05 
7.851000e+03 3.224242e+07 1.106554e+06 
6.624950e+03 2.733894e+07 2.298228e+06 
7.805850e+03 3.222535e+07 1.276793e+06 
7.605550e+03 3.176798e+07 1.532152e+06 
6.564900e+03 2.726949e+07 2.468467e+06 
7.808550e+03 3.238318e+07 1.191674e+06 
7.683600e+03 3.171107e+07 1.659831e+06 
6.611500e+03 2.741202e+07 2.383347e+06 
7.844850e+03 3.206673e+07 1.191674e+06 
7.865950e+03 3.237951e+07 9.820330e+05 
6.597650e+03 2.749654e+07 2.298228e+06 
7.692500e+03 3.222877e+07 1.361913e+06 
6.620750e+03 2.721026e+07 2.383347e+06 
6.609250e+03 2.725895e+07 2.468467e+06 
7.767350e+03 3.184114e+07 1.319353e+06 
7.958800e+03 3.290585e+07 9.363151e+05 
6.604500e+03 2.725608e+07 2.553587e+06 
7.703250e+03 3.166090e+07 1.659831e+06 
7.817500e+03 3.216714e+07 1.191674e+06 
6.912700e+03 2.844845e+07 1.787511e+06 
8.226550e+03 3.390136e+07 9.121750e+05 
7.808800e+03 3.213594e+07 1.234234e+06 
6.622050e+03 2.716394e+07 2.468467e+06 

8.669600e+03 3.656901e+07 1.021435e+06 
8.695550e+03 3.616029e+07 9.895141e+05 
7.209750e+03 3.052569e+07 1.840710e+06 
8.801900e+03 3.636532e+07 9.381979e+05 
7.184550e+03 3.048141e+07 2.010949e+06 
7.753050e+03 3.253780e+07 1.361913e+06 
7.369650e+03 3.067844e+07 1.755590e+06 
8.101900e+03 3.383271e+07 1.244873e+06 
6.508800e+03 2.711731e+07 2.468467e+06 
7.757900e+03 3.209611e+07 1.361913e+06 
7.292400e+03 3.076367e+07 1.755590e+06 
8.594300e+03 3.587562e+07 1.106554e+06 
7.164100e+03 3.014392e+07 2.096068e+06 
7.884750e+03 3.245165e+07 1.359738e+06 
7.125600e+03 3.022424e+07 2.351427e+06 
7.132000e+03 3.005195e+07 2.266307e+06 
7.379400e+03 3.093888e+07 1.702391e+06 
7.159250e+03 3.004311e+07 2.351427e+06 
7.126900e+03 3.012525e+07 2.266307e+06 
8.635600e+03 3.623635e+07 1.074634e+06 
7.455500e+03 3.063697e+07 1.617271e+06 
7.142750e+03 3.014420e+07 2.181188e+06 
7.513550e+03 3.099782e+07 1.447032e+06 
7.792000e+03 3.245856e+07 1.359738e+06 
7.166250e+03 3.003101e+07 2.266307e+06 

8.454200e+03 3.485765e+07 9.064920e+05 
8.335850e+03 3.404100e+07 9.363151e+05 
8.262950e+03 3.414407e+07 9.363151e+05 
8.222250e+03 3.376736e+07 9.820330e+05 
6.799200e+03 2.815089e+07 2.042869e+06 
6.725250e+03 2.795727e+07 2.127989e+06 
8.086450e+03 3.342330e+07 1.057574e+06 
8.098850e+03 3.345064e+07 1.021435e+06 
6.690400e+03 2.804029e+07 2.127989e+06 
8.497350e+03 3.550727e+07 8.853436e+05 
7.908800e+03 3.308278e+07 1.106554e+06 
7.924950e+03 3.278530e+07 1.191674e+06 
7.556600e+03 3.175336e+07 1.361913e+06 
7.876950e+03 3.333214e+07 1.133115e+06 
7.922500e+03 3.295828e+07 1.133115e+06 
7.797350e+03 3.308494e+07 1.208656e+06 
7.184850e+03 2.980717e+07 1.872630e+06 
7.800900e+03 3.257632e+07 1.208656e+06 
7.138950e+03 3.000398e+07 1.872630e+06 
7.207700e+03 3.022646e+07 1.702391e+06 
7.159350e+03 2.988136e+07 1.872630e+06 
7.245250e+03 3.031255e+07 1.447032e+06 
7.374650e+03 3.080065e+07 1.617271e+06 
8.175950e+03 3.398580e+07 1.106554e+06 
7.137150e+03 3.018311e+07 1.957750e+06 

8.746350e+03 3.613706e+07 9.064920e+05 
6.778500e+03 2.799148e+07 2.042869e+06 
8.063050e+03 3.314137e+07 1.361913e+06 
8.097550e+03 3.312613e+07 1.361913e+06 
8.674500e+03 3.550565e+07 1.133115e+06 
6.560500e+03 2.723204e+07 2.213108e+06 
6.704800e+03 2.765010e+07 2.127989e+06 
6.742350e+03 2.755193e+07 2.127989e+06 
6.577500e+03 2.714001e+07 2.298228e+06 
6.819800e+03 2.809987e+07 1.957750e+06 
6.795400e+03 2.785799e+07 2.042869e+06 
7.630250e+03 3.206869e+07 1.574712e+06 
7.664050e+03 3.192158e+07 1.510820e+06 
8.599550e+03 3.599444e+07 1.212952e+06 
7.447550e+03 3.068285e+07 1.787511e+06 
7.638050e+03 3.186004e+07 1.617271e+06 
8.644850e+03 3.589669e+07 1.106554e+06 
6.848550e+03 2.785752e+07 2.042869e+06 
8.698750e+03 3.552729e+07 9.895141e+05 
8.602400e+03 3.663731e+07 1.208656e+06 
8.044950e+03 3.371692e+07 1.480604e+06 
8.585450e+03 3.547984e+07 1.284197e+06 
7.580500e+03 3.204010e+07 1.744951e+06 
7.653550e+03 3.208998e+07 1.532152e+06 
8.647250e+03 3.573263e+07 1.276793e+06 

8.733800e+03 3.677470e+07 9.343980e+05 
8.743500e+03 3.639020e+07 9.363151e+05 
8.436650e+03 3.569029e+07 1.244873e+06 
7.957900e+03 3.368186e+07 1.361913e+06 
8.570550e+03 3.502290e+07 1.106554e+06 
8.397500e+03 3.480698e+07 1.276793e+06 
8.527250e+03 3.461525e+07 1.208656e+06 
8.387100e+03 3.485693e+07 1.284197e+06 
7.813500e+03 3.330587e+07 1.532152e+06 
6.762300e+03 2.751823e+07 1.957750e+06 
7.855250e+03 3.353827e+07 1.447032e+06 
8.450250e+03 3.455177e+07 1.276793e+06 
6.639750e+03 2.731173e+07 2.213108e+06 
7.149100e+03 2.932429e+07 1.702391e+06 
8.443000e+03 3.508962e+07 1.133115e+06 
8.449350e+03 3.492844e+07 1.191674e+06 
6.690700e+03 2.764604e+07 2.042869e+06 
8.387800e+03 3.450253e+07 1.359738e+06 
7.829150e+03 3.291290e+07 1.532152e+06 
8.495500e+03 3.563281e+07 9.820330e+05 
6.747100e+03 2.777695e+07 1.957750e+06 
8.547150e+03 3.556921e+07 1.057574e+06 
7.196750e+03 2.967725e+07 1.617271e+06 
6.690700e+03 2.755470e+07 2.042869e+06 
6.709550e+03 2.743267e+07 2.170549e+06 

8.371900e+03 3.329920e+07 9.954608e+05 
8.397600e+03 3.320411e+07 1.159753e+06 
7.153300e+03 2.998471e+07 1.755590e+06 
6.626100e+03 2.766473e+07 2.213108e+06 
7.128500e+03 3.000466e+07 1.808789e+06 
7.158750e+03 2.994077e+07 1.638550e+06 
8.307450e+03 3.289524e+07 1.191674e+06 
7.183850e+03 2.993998e+07 1.638550e+06 
7.207750e+03 3.000971e+07 1.585351e+06 
7.191200e+03 2.990779e+07 1.755590e+06 
6.840950e+03 2.836502e+07 2.000309e+06 
8.256050e+03 3.254783e+07 1.276793e+06 
6.627300e+03 2.765199e+07 2.213108e+06 
7.965300e+03 3.220869e+07 1.361913e+06 
7.151400e+03 3.001843e+07 1.755590e+06 
7.163150e+03 2.993342e+07 1.670470e+06 
6.726000e+03 2.781161e+07 2.042869e+06 
6.686800e+03 2.764342e+07 2.127989e+06 
6.717150e+03 2.801532e+07 2.042869e+06 
6.622100e+03 2.772610e+07 2.298228e+06 
7.119550e+03 2.989159e+07 1.840710e+06 
6.903650e+03 2.845141e+07 1.872630e+06 
6.621050e+03 2.774137e+07 2.383347e+06 
6.658300e+03 2.765122e+07 2.383347e+06 
6.656500e+03 2.760944e+07 2.468467e+06 

