7.187750e+03 2.968703e+07 1.702391e+06 
7.233300e+03 2.967261e+07 1.702391e+06 
7.795850e+03 3.191272e+07 1.244873e+06 
6.587400e+03 2.745003e+07 2.468467e+06 
7.149100e+03 2.945800e+07 1.787511e+06 
7.739150e+03 3.185459e+07 1.415112e+06 
6.595450e+03 2.747255e+07 2.383347e+06 
7.345400e+03 2.966437e+07 1.744951e+06 
7.252500e+03 2.968868e+07 1.617271e+06 
7.888050e+03 3.186151e+07 1.361913e+06 
7.080200e+03 2.916707e+07 2.170549e+06 
7.065550e+03 2.931710e+07 2.170549e+06 
7.072800e+03 2.927616e+07 2.085429e+06 
7.908350e+03 3.220945e+07 1.208656e+06 
7.728950e+03 3.209172e+07 1.276793e+06 
7.127150e+03 2.929686e+07 1.830070e+06 
6.584250e+03 2.752636e+07 2.383347e+06 
7.095600e+03 2.926205e+07 2.127989e+06 
6.837500e+03 2.826004e+07 2.213108e+06 
7.814350e+03 3.187476e+07 1.329992e+06 
7.615550e+03 3.198685e+07 1.500231e+06 
8.026650e+03 3.223520e+07 1.057574e+06 
7.870650e+03 3.240937e+07 1.208656e+06 
7.703000e+03 3.235319e+07 1.361913e+06 
7.100800e+03 2.931593e+07 2.042869e+06 

7.843850e+03 3.225853e+07 1.208656e+06 
6.878100e+03 2.929738e+07 1.872630e+06 
6.309250e+03 2.593484e+07 2.383347e+06 
6.331750e+03 2.576879e+07 2.383347e+06 
7.938700e+03 3.262934e+07 1.106554e+06 
7.070450e+03 3.025188e+07 1.532152e+06 
7.786050e+03 3.180753e+07 1.284197e+06 
6.852600e+03 2.911438e+07 1.957750e+06 
6.978700e+03 2.931246e+07 1.702391e+06 
7.934450e+03 3.262511e+07 1.106554e+06 
6.336250e+03 2.573895e+07 2.383347e+06 
6.349850e+03 2.608047e+07 2.298228e+06 
6.960500e+03 2.944202e+07 1.787511e+06 
7.836750e+03 3.253256e+07 1.159753e+06 
7.613150e+03 3.173954e+07 1.447032e+06 
7.672350e+03 3.179206e+07 1.361913e+06 
6.300400e+03 2.557018e+07 2.468467e+06 
7.685350e+03 3.213143e+07 1.276793e+06 
6.967650e+03 2.944066e+07 1.617271e+06 
6.908600e+03 2.921744e+07 1.957750e+06 
7.644550e+03 3.181182e+07 1.361913e+06 
7.878850e+03 3.236464e+07 1.133115e+06 
7.828650e+03 3.265350e+07 1.359738e+06 
6.335350e+03 2.616420e+07 2.298228e+06 
7.965050e+03 3.267816e+07 1.037375e+06 

8.066700e+03 3.239037e+07 1.133115e+06 
8.342000e+03 3.300015e+07 1.021435e+06 
8.184400e+03 3.286061e+07 1.028432e+06 
7.930050e+03 3.198483e+07 1.208656e+06 
7.912550e+03 3.254944e+07 1.361913e+06 
6.709850e+03 2.805679e+07 2.298228e+06 
8.080800e+03 3.210330e+07 1.191674e+06 
6.782250e+03 2.818227e+07 2.127989e+06 
7.941650e+03 3.188517e+07 1.359738e+06 
6.761050e+03 2.824666e+07 2.127989e+06 
6.725250e+03 2.808095e+07 2.213108e+06 
6.986250e+03 2.855375e+07 1.787511e+06 
6.708500e+03 2.808166e+07 2.298228e+06 
7.387400e+03 3.070648e+07 1.532152e+06 
7.125950e+03 2.893423e+07 1.702391e+06 
6.687150e+03 2.783922e+07 2.553587e+06 
7.301750e+03 3.098568e+07 1.617271e+06 
6.983900e+03 2.866325e+07 1.872630e+06 
7.630800e+03 3.159205e+07 1.447032e+06 
7.338850e+03 3.064374e+07 1.617271e+06 
7.330300e+03 3.079408e+07 1.532152e+06 
6.727850e+03 2.788753e+07 2.213108e+06 
6.717850e+03 2.782121e+07 2.298228e+06 
6.694450e+03 2.788481e+07 2.383347e+06 
8.116450e+03 3.198394e+07 1.208656e+06 

6.379800e+03 2.650831e+07 2.468467e+06 
6.731650e+03 2.823777e+07 2.213108e+06 
6.696050e+03 2.803951e+07 2.298228e+06 
6.411650e+03 2.642686e+07 2.553587e+06 
6.848450e+03 2.876358e+07 1.957750e+06 
6.408800e+03 2.669835e+07 2.383347e+06 
7.519000e+03 3.156686e+07 1.361913e+06 
7.399150e+03 3.141729e+07 1.415112e+06 
6.937900e+03 2.862779e+07 1.957750e+06 
6.842700e+03 2.842884e+07 2.042869e+06 
6.398700e+03 2.646949e+07 2.553587e+06 
6.419250e+03 2.648986e+07 2.468467e+06 
6.436500e+03 2.642629e+07 2.468467e+06 
7.046850e+03 2.941744e+07 1.787511e+06 
7.379750e+03 3.115463e+07 1.670470e+06 
6.811050e+03 2.853895e+07 2.042869e+06 
7.484250e+03 3.175980e+07 1.359738e+06 
8.026900e+03 3.339786e+07 1.276793e+06 
8.039950e+03 3.396857e+07 1.244873e+06 
6.402750e+03 2.646287e+07 2.553587e+06 
7.406400e+03 3.130814e+07 1.532152e+06 
7.548450e+03 3.175470e+07 1.359738e+06 
8.045450e+03 3.361905e+07 1.021435e+06 
8.021000e+03 3.333103e+07 1.276793e+06 
6.734000e+03 2.806082e+07 2.127989e+06 

7.936500e+03 3.297053e+07 1.106554e+06 
6.448800e+03 2.657929e+07 2.383347e+06 
8.318450e+03 3.417321e+07 9.820330e+05 
6.953400e+03 2.924949e+07 1.787511e+06 
6.946100e+03 2.931510e+07 1.830070e+06 
6.872250e+03 2.931107e+07 2.085429e+06 
6.961350e+03 2.914527e+07 1.872630e+06 
6.925200e+03 2.912595e+07 1.915190e+06 
6.920600e+03 2.936202e+07 1.915190e+06 
7.069500e+03 2.932857e+07 1.702391e+06 
6.436950e+03 2.662476e+07 2.213108e+06 
7.950650e+03 3.293165e+07 1.191674e+06 
6.421050e+03 2.666346e+07 2.383347e+06 
7.799900e+03 3.181834e+07 1.276793e+06 
6.401000e+03 2.659959e+07 2.468467e+06 
6.415050e+03 2.645725e+07 2.468467e+06 
6.403350e+03 2.648206e+07 2.468467e+06 
6.995400e+03 2.963751e+07 1.744951e+06 
6.406750e+03 2.668956e+07 2.298228e+06 
6.894350e+03 2.903173e+07 1.957750e+06 
7.008800e+03 2.951462e+07 1.532152e+06 
7.630200e+03 3.074295e+07 1.447032e+06 
6.950550e+03 2.958555e+07 1.787511e+06 
7.838850e+03 3.154952e+07 1.361913e+06 
8.080600e+03 3.349742e+07 1.021435e+06 

7.920000e+03 3.320994e+07 1.133115e+06 
7.530300e+03 3.136047e+07 1.447032e+06 
7.962050e+03 3.357208e+07 1.021435e+06 
6.670550e+03 2.747127e+07 2.042869e+06 
7.198000e+03 3.018829e+07 1.872630e+06 
7.459600e+03 3.149054e+07 1.489592e+06 
7.510000e+03 3.174222e+07 1.447032e+06 
6.554550e+03 2.693275e+07 2.298228e+06 
7.679400e+03 3.211802e+07 1.361913e+06 
7.294250e+03 3.065448e+07 1.617271e+06 
7.524350e+03 3.137701e+07 1.489592e+06 
6.660550e+03 2.750569e+07 2.042869e+06 
7.462850e+03 3.144981e+07 1.489592e+06 
7.351550e+03 3.051174e+07 1.617271e+06 
7.333750e+03 2.987362e+07 1.957750e+06 
7.290450e+03 2.999567e+07 1.787511e+06 
6.534200e+03 2.698191e+07 2.213108e+06 
6.512300e+03 2.712912e+07 2.213108e+06 
7.228000e+03 3.032657e+07 1.702391e+06 
7.328300e+03 3.071495e+07 1.532152e+06 
7.889100e+03 3.298297e+07 1.208656e+06 
7.918200e+03 3.385686e+07 1.191674e+06 
7.556300e+03 3.169506e+07 1.435279e+06 
7.269000e+03 3.021809e+07 1.702391e+06 
7.346100e+03 3.060730e+07 1.617271e+06 

7.076650e+03 2.933395e+07 1.532152e+06 
6.411050e+03 2.617696e+07 2.213108e+06 
7.145100e+03 2.914233e+07 1.702391e+06 
7.139900e+03 2.920630e+07 1.702391e+06 
7.066750e+03 2.949015e+07 1.617271e+06 
7.054300e+03 2.920382e+07 1.787511e+06 
6.913250e+03 2.827724e+07 2.000309e+06 
7.561550e+03 3.198425e+07 1.361913e+06 
7.105150e+03 2.840078e+07 1.872630e+06 
7.077200e+03 2.844247e+07 1.872630e+06 
6.868200e+03 2.799620e+07 2.042869e+06 
7.801100e+03 3.266870e+07 1.284197e+06 
6.958700e+03 2.821830e+07 2.000309e+06 
6.522100e+03 2.631236e+07 2.127989e+06 
7.015450e+03 2.905612e+07 1.872630e+06 
7.082100e+03 2.930704e+07 1.617271e+06 
7.683650e+03 3.242027e+07 1.359738e+06 
7.068300e+03 2.928162e+07 1.702391e+06 
7.673900e+03 3.137698e+07 1.447032e+06 
7.849600e+03 3.293258e+07 1.133115e+06 
6.514100e+03 2.641189e+07 2.127989e+06 
7.654200e+03 3.253555e+07 1.359738e+06 
7.012650e+03 2.900570e+07 1.957750e+06 
7.621600e+03 3.170422e+07 1.361913e+06 
7.650050e+03 3.282029e+07 1.359738e+06 

6.919950e+03 2.875285e+07 1.702391e+06 
6.947400e+03 2.895190e+07 1.532152e+06 
6.957950e+03 2.870096e+07 1.617271e+06 
6.866700e+03 2.840275e+07 1.957750e+06 
6.943150e+03 2.871268e+07 1.617271e+06 
7.023600e+03 2.919985e+07 1.361913e+06 
6.953550e+03 2.891705e+07 1.532152e+06 
8.047000e+03 3.291583e+07 1.106554e+06 
6.876800e+03 2.849136e+07 1.872630e+06 
6.989150e+03 2.864227e+07 1.617271e+06 
6.773450e+03 2.819690e+07 2.383347e+06 
6.958600e+03 2.869856e+07 1.617271e+06 
7.946850e+03 3.277566e+07 1.106554e+06 
6.838800e+03 2.836194e+07 2.042869e+06 
6.892400e+03 2.875793e+07 1.787511e+06 
6.872200e+03 2.831970e+07 2.042869e+06 
7.909000e+03 3.273866e+07 1.133115e+06 
6.825700e+03 2.864461e+07 2.042869e+06 
6.855500e+03 2.862347e+07 2.213108e+06 
7.813650e+03 3.189922e+07 1.191674e+06 
6.870400e+03 2.859381e+07 1.872630e+06 
6.872800e+03 2.835755e+07 1.957750e+06 
6.953750e+03 2.881966e+07 1.532152e+06 
6.771100e+03 2.821823e+07 2.127989e+06 
8.069500e+03 3.305684e+07 9.837181e+05 

8.165650e+03 3.414750e+07 1.057574e+06 
8.241750e+03 3.412006e+07 1.133115e+06 
6.429500e+03 2.624957e+07 2.468467e+06 
7.210050e+03 2.987034e+07 1.787511e+06 
7.318950e+03 3.016383e+07 1.617271e+06 
7.164050e+03 3.009164e+07 1.787511e+06 
7.376450e+03 3.028775e+07 1.532152e+06 
7.213650e+03 3.051862e+07 1.617271e+06 
7.332150e+03 3.010144e+07 1.702391e+06 
7.986700e+03 3.327389e+07 1.276793e+06 
7.194700e+03 2.969520e+07 1.872630e+06 
7.856700e+03 3.295738e+07 1.284197e+06 
7.124650e+03 2.941389e+07 1.957750e+06 
7.753450e+03 3.273568e+07 1.361913e+06 
7.767650e+03 3.259249e+07 1.447032e+06 
7.173300e+03 2.974418e+07 1.872630e+06 
7.740150e+03 3.260409e+07 1.447032e+06 
7.314550e+03 3.027045e+07 1.702391e+06 
7.242250e+03 2.978619e+07 1.787511e+06 
7.160700e+03 2.983036e+07 1.872630e+06 
7.257550e+03 3.030111e+07 1.702391e+06 
7.058450e+03 2.979644e+07 2.042869e+06 
7.112750e+03 2.944705e+07 2.042869e+06 
7.111100e+03 2.972982e+07 1.957750e+06 
7.096700e+03 2.972039e+07 2.042869e+06 

