7.815500e+03 3.148286e+07 1.276793e+06 
6.979200e+03 2.863344e+07 1.617271e+06 
6.475850e+03 2.669228e+07 2.213108e+06 
7.574300e+03 3.114415e+07 1.208656e+06 
7.488500e+03 3.043167e+07 1.359738e+06 
6.350700e+03 2.586064e+07 2.298228e+06 
6.870300e+03 2.797447e+07 1.872630e+06 
7.222500e+03 2.893045e+07 1.586361e+06 
9.562150e+03 3.688817e+07 8.511955e+05 
8.560700e+03 3.458727e+07 9.345320e+05 
7.061250e+03 2.960396e+07 1.447032e+06 
6.945650e+03 2.820311e+07 1.617271e+06 
7.688450e+03 3.170168e+07 1.208656e+06 
7.011000e+03 2.848565e+07 1.532152e+06 
6.872500e+03 2.766638e+07 1.702391e+06 
6.290150e+03 2.586913e+07 2.383347e+06 
8.462700e+03 3.408044e+07 9.895141e+05 
7.840450e+03 3.138474e+07 1.106554e+06 
9.299350e+03 3.627922e+07 8.937553e+05 
8.617200e+03 3.474198e+07 9.064920e+05 
6.235700e+03 2.546999e+07 2.553587e+06 
6.574350e+03 2.691991e+07 1.872630e+06 
8.491500e+03 3.326443e+07 9.792460e+05 
9.681300e+03 3.726989e+07 8.501059e+05 
6.899300e+03 2.838757e+07 1.617271e+06 
9.501350e+03 3.641783e+07 8.721289e+05 
7.994800e+03 3.179313e+07 1.021435e+06 
7.553700e+03 3.097601e+07 1.276793e+06 
7.133400e+03 2.935615e+07 1.510820e+06 
8.107500e+03 3.262236e+07 9.820330e+05 
8.654650e+03 3.557125e+07 9.363151e+05 
7.193800e+03 2.961677e+07 1.447032e+06 
8.294900e+03 3.269154e+07 9.690314e+05 
8.689050e+03 3.522212e+07 9.064920e+05 
8.527200e+03 3.461960e+07 9.249854e+05 
7.123500e+03 2.916063e+07 1.510820e+06 
8.675800e+03 3.518578e+07 9.363151e+05 
6.385150e+03 2.600616e+07 2.213108e+06 
6.344250e+03 2.577368e+07 2.383347e+06 
7.098850e+03 2.979612e+07 1.532152e+06 
7.425700e+03 3.050203e+07 1.284197e+06 
6.429000e+03 2.642410e+07 2.127989e+06 
8.336400e+03 3.329830e+07 9.613602e+05 
8.283000e+03 3.298064e+07 9.690314e+05 
6.374250e+03 2.584670e+07 2.298228e+06 
6.853950e+03 2.832511e+07 1.702391e+06 
7.960350e+03 3.239997e+07 1.106554e+06 
6.395500e+03 2.596911e+07 2.298228e+06 
8.113400e+03 3.228362e+07 9.820330e+05 
7.160500e+03 2.932023e+07 1.435279e+06 
8.638600e+03 3.466093e+07 9.143481e+05 
8.073500e+03 3.222466e+07 1.021435e+06 
8.103400e+03 3.207860e+07 1.021435e+06 
8.089300e+03 3.207720e+07 1.106554e+06 
7.951650e+03 3.237271e+07 1.057574e+06 
7.428800e+03 3.037143e+07 1.284197e+06 
9.460150e+03 3.667932e+07 8.721289e+05 
8.401600e+03 3.343249e+07 9.514126e+05 
7.226400e+03 2.901312e+07 1.510820e+06 
6.575400e+03 2.695919e+07 1.957750e+06 
6.259950e+03 2.561342e+07 2.383347e+06 
7.884800e+03 3.247286e+07 1.149114e+06 
7.150100e+03 2.903819e+07 1.510820e+06 
6.242150e+03 2.546277e+07 2.468467e+06 
7.404700e+03 2.989251e+07 1.359738e+06 
7.137350e+03 2.935985e+07 1.447032e+06 
6.946650e+03 2.800094e+07 1.617271e+06 
7.961000e+03 3.177966e+07 1.074634e+06 
7.165900e+03 2.918102e+07 1.447032e+06 
7.754600e+03 3.201180e+07 1.191674e+06 
7.802400e+03 3.138141e+07 1.133115e+06 
7.958650e+03 3.227953e+07 1.021435e+06 
7.968250e+03 3.207475e+07 1.057574e+06 
6.227150e+03 2.537941e+07 2.468467e+06 
6.336500e+03 2.606152e+07 2.298228e+06 
6.903600e+03 2.812849e+07 1.702391e+06 
8.068750e+03 3.243401e+07 1.057574e+06 
6.354050e+03 2.604706e+07 2.213108e+06 
8.605700e+03 3.483230e+07 9.117708e+05 
7.760000e+03 3.144442e+07 1.133115e+06 
6.822100e+03 2.758726e+07 1.787511e+06 
7.019350e+03 2.833524e+07 1.617271e+06 
7.240100e+03 2.962727e+07 1.361913e+06 
7.432100e+03 3.038593e+07 1.435279e+06 
7.156400e+03 3.034389e+07 1.361913e+06 
7.321200e+03 2.990350e+07 1.359738e+06 
6.523200e+03 2.676121e+07 2.042869e+06 
6.485650e+03 2.667405e+07 2.213108e+06 
8.611300e+03 3.497951e+07 9.043945e+05 
7.425000e+03 3.052350e+07 1.359738e+06 
7.844300e+03 3.166143e+07 1.208656e+06 
7.835250e+03 3.126550e+07 1.133115e+06 
8.095850e+03 3.250102e+07 9.926605e+05 
6.488650e+03 2.663469e+07 1.957750e+06 
6.776900e+03 2.761794e+07 1.787511e+06 
7.784600e+03 3.183231e+07 1.191674e+06 
6.565800e+03 2.728907e+07 1.872630e+06 
7.231600e+03 2.928929e+07 1.415112e+06 
6.840550e+03 2.828346e+07 1.872630e+06 
7.828100e+03 3.172373e+07 1.191674e+06 

7.456350e+03 3.072797e+07 1.329992e+06 
6.690000e+03 2.736392e+07 1.787511e+06 
6.648400e+03 2.760335e+07 1.872630e+06 
6.653250e+03 2.753351e+07 1.915190e+06 
7.554800e+03 3.199030e+07 1.057574e+06 
7.626500e+03 3.205869e+07 1.021435e+06 
7.760400e+03 3.266770e+07 9.166462e+05 
7.581350e+03 3.217887e+07 1.021435e+06 
8.395450e+03 3.540396e+07 8.511955e+05 
7.609050e+03 3.229977e+07 9.820330e+05 
7.384050e+03 3.131580e+07 1.208656e+06 
6.662850e+03 2.740539e+07 1.872630e+06 
6.968700e+03 2.857810e+07 1.447032e+06 
7.739050e+03 3.242899e+07 9.524178e+05 
7.883250e+03 3.322972e+07 9.382001e+05 
6.306700e+03 2.587969e+07 2.553587e+06 
6.330000e+03 2.587165e+07 2.468467e+06 
7.614950e+03 3.180204e+07 1.057574e+06 
7.616600e+03 3.233226e+07 1.021435e+06 
7.743850e+03 3.231477e+07 9.524178e+05 
7.560350e+03 3.221625e+07 1.021435e+06 
8.600300e+03 3.534464e+07 8.406318e+05 
7.657950e+03 3.203651e+07 1.021435e+06 
7.691000e+03 3.234527e+07 9.382001e+05 
7.511300e+03 3.202873e+07 1.057574e+06 
6.358000e+03 2.601464e+07 2.383347e+06 
6.960350e+03 2.865689e+07 1.510820e+06 
6.841900e+03 2.809789e+07 1.617271e+06 
6.760400e+03 2.759874e+07 1.617271e+06 
6.340550e+03 2.635590e+07 2.383347e+06 
6.448750e+03 2.618400e+07 2.298228e+06 
6.820800e+03 2.794719e+07 1.532152e+06 
6.772500e+03 2.835471e+07 1.532152e+06 
6.345150e+03 2.582004e+07 2.383347e+06 
7.076550e+03 2.921068e+07 1.359738e+06 
6.411800e+03 2.637652e+07 2.213108e+06 
7.582700e+03 3.191407e+07 1.057574e+06 
7.193950e+03 2.980991e+07 1.284197e+06 
7.594550e+03 3.190894e+07 1.063994e+06 
8.727500e+03 3.602767e+07 8.406318e+05 
7.017000e+03 2.926496e+07 1.361913e+06 
7.070850e+03 2.950335e+07 1.361913e+06 
6.665950e+03 2.766588e+07 1.872630e+06 
7.781550e+03 3.225101e+07 9.820330e+05 
7.398500e+03 3.040891e+07 1.208656e+06 
6.670600e+03 2.730805e+07 1.702391e+06 
6.354450e+03 2.579405e+07 2.468467e+06 
6.444500e+03 2.622914e+07 2.213108e+06 
6.858100e+03 2.791487e+07 1.532152e+06 
6.780250e+03 2.799616e+07 1.702391e+06 
8.749650e+03 3.521363e+07 8.309510e+05 
7.656250e+03 3.234706e+07 9.363151e+05 
6.442250e+03 2.669306e+07 2.127989e+06 
7.545100e+03 3.225833e+07 1.021435e+06 
8.573050e+03 3.478217e+07 8.764034e+05 
6.833600e+03 2.820435e+07 1.617271e+06 
7.322900e+03 3.079088e+07 1.208656e+06 
7.320250e+03 3.012972e+07 1.276793e+06 
7.384850e+03 3.121797e+07 1.191674e+06 
8.445300e+03 3.402212e+07 9.121750e+05 
6.371600e+03 2.594868e+07 2.298228e+06 
6.781100e+03 2.800073e+07 1.532152e+06 
6.517550e+03 2.675302e+07 2.042869e+06 
8.594300e+03 3.452288e+07 8.764034e+05 
8.620500e+03 3.456457e+07 8.406318e+05 
6.857450e+03 2.820164e+07 1.447032e+06 
6.495300e+03 2.690717e+07 1.957750e+06 
8.299150e+03 3.376477e+07 9.064920e+05 
6.323550e+03 2.595782e+07 2.553587e+06 
6.338400e+03 2.586728e+07 2.468467e+06 
8.609600e+03 3.503796e+07 8.545101e+05 
6.645150e+03 2.781370e+07 1.872630e+06 
6.348100e+03 2.587390e+07 2.468467e+06 
6.921200e+03 2.845028e+07 1.435279e+06 
7.482250e+03 3.174287e+07 1.133115e+06 
7.478750e+03 3.154536e+07 1.106554e+06 
6.506050e+03 2.684326e+07 2.127989e+06 
6.447050e+03 2.633379e+07 2.213108e+06 
7.513950e+03 3.154017e+07 1.191674e+06 
6.341750e+03 2.610990e+07 2.383347e+06 
7.047750e+03 2.906237e+07 1.359738e+06 
6.313450e+03 2.596756e+07 2.468467e+06 
7.416550e+03 3.120784e+07 1.133115e+06 
7.502400e+03 3.112887e+07 1.276793e+06 
8.451900e+03 3.545035e+07 8.406318e+05 
6.403100e+03 2.633051e+07 2.298228e+06 
8.424450e+03 3.425694e+07 8.724740e+05 
6.863500e+03 2.867230e+07 1.532152e+06 
7.395000e+03 3.080823e+07 1.329992e+06 
6.381850e+03 2.582831e+07 2.383347e+06 
6.478250e+03 2.666907e+07 1.957750e+06 
6.489850e+03 2.631826e+07 2.127989e+06 
7.520650e+03 3.194976e+07 1.057574e+06 
6.360150e+03 2.618366e+07 2.298228e+06 
6.646050e+03 2.776901e+07 1.872630e+06 
6.485650e+03 2.685273e+07 2.042869e+06 
7.033950e+03 2.890176e+07 1.361913e+06 
6.903100e+03 2.807335e+07 1.532152e+06 
7.464200e+03 3.175571e+07 1.106554e+06 
8.663400e+03 3.443203e+07 8.764034e+05 

6.600050e+03 2.705579e+07 1.957750e+06 
7.157300e+03 2.924489e+07 1.361913e+06 
7.179150e+03 2.912397e+07 1.447032e+06 
6.601450e+03 2.736485e+07 1.872630e+06 
7.318400e+03 2.964326e+07 1.276793e+06 
7.259550e+03 2.907217e+07 1.447032e+06 
6.614150e+03 2.733463e+07 1.872630e+06 
7.748600e+03 3.148567e+07 1.074634e+06 
7.322750e+03 3.073215e+07 1.191674e+06 
7.414900e+03 3.038638e+07 1.133115e+06 
7.187750e+03 2.956913e+07 1.359738e+06 
7.266300e+03 3.028682e+07 1.208656e+06 
6.357800e+03 2.617814e+07 2.127989e+06 
8.005500e+03 3.259400e+07 9.345320e+05 
7.419950e+03 3.013185e+07 1.191674e+06 
7.928500e+03 3.223077e+07 9.703035e+05 
7.579700e+03 3.166102e+07 1.057574e+06 
7.169350e+03 2.922508e+07 1.447032e+06 
6.712000e+03 2.752156e+07 1.872630e+06 
6.346800e+03 2.580920e+07 2.298228e+06 
7.340950e+03 3.086933e+07 1.133115e+06 
7.890650e+03 3.218668e+07 1.106554e+06 
7.198300e+03 2.948757e+07 1.617271e+06 
7.006100e+03 2.907302e+07 1.510820e+06 
6.668600e+03 2.792226e+07 1.787511e+06 
7.231800e+03 3.076895e+07 1.208656e+06 
6.708100e+03 2.785037e+07 1.617271e+06 
7.026450e+03 2.887710e+07 1.510820e+06 
7.128150e+03 2.966287e+07 1.359738e+06 
7.948350e+03 3.187869e+07 9.820330e+05 
6.351700e+03 2.580407e+07 2.298228e+06 
6.338300e+03 2.584269e+07 2.298228e+06 
7.828550e+03 3.160898e+07 1.021435e+06 
6.443700e+03 2.635617e+07 2.127989e+06 
8.291800e+03 3.382425e+07 8.406318e+05 
8.115450e+03 3.332950e+07 9.820330e+05 
6.626900e+03 2.729808e+07 1.872630e+06 
7.852850e+03 3.185751e+07 1.006075e+06 
6.328800e+03 2.589036e+07 2.298228e+06 
7.022750e+03 2.906030e+07 1.510820e+06 
7.146750e+03 2.930496e+07 1.447032e+06 
7.845750e+03 3.151460e+07 1.057574e+06 
7.386200e+03 3.030019e+07 1.284197e+06 
8.244750e+03 3.385254e+07 8.764034e+05 
7.167500e+03 3.049989e+07 1.284197e+06 
6.562150e+03 2.705827e+07 1.957750e+06 
6.335500e+03 2.597941e+07 2.298228e+06 
6.312100e+03 2.594342e+07 2.298228e+06 
6.361700e+03 2.586703e+07 2.213108e+06 
7.426250e+03 3.007702e+07 1.208656e+06 
7.355500e+03 3.051568e+07 1.191674e+06 
9.314650e+03 4.110874e+07 8.309510e+05 
7.008300e+03 2.895536e+07 1.532152e+06 
6.292850e+03 2.582741e+07 2.383347e+06 
6.328800e+03 2.585681e+07 2.298228e+06 
6.336500e+03 2.591192e+07 2.213108e+06 
7.922050e+03 3.246327e+07 9.703035e+05 
6.306750e+03 2.577844e+07 2.383347e+06 
7.834950e+03 3.192408e+07 9.820330e+05 
6.895900e+03 2.913482e+07 1.532152e+06 
6.543350e+03 2.693091e+07 2.042869e+06 
7.152050e+03 2.883016e+07 1.532152e+06 
6.430050e+03 2.623652e+07 2.213108e+06 
7.832400e+03 3.235010e+07 1.057574e+06 
7.928750e+03 3.216421e+07 9.703035e+05 
6.295950e+03 2.577585e+07 2.383347e+06 
6.330750e+03 2.572475e+07 2.383347e+06 
6.339600e+03 2.582820e+07 2.298228e+06 
6.312300e+03 2.575136e+07 2.383347e+06 
7.731150e+03 3.171960e+07 1.021435e+06 
7.201350e+03 2.921101e+07 1.361913e+06 
7.211550e+03 2.926411e+07 1.284197e+06 
7.169950e+03 3.049175e+07 1.284197e+06 
8.177250e+03 3.329882e+07 9.064920e+05 
9.686700e+03 3.993812e+07 8.309510e+05 
8.244250e+03 3.365433e+07 9.363151e+05 
7.758300e+03 3.161195e+07 1.057574e+06 
7.155750e+03 2.927379e+07 1.435279e+06 
8.000600e+03 3.315313e+07 9.363151e+05 
7.365850e+03 3.037463e+07 1.191674e+06 
8.061550e+03 3.333713e+07 9.064920e+05 
6.923800e+03 2.922770e+07 1.510820e+06 
7.115650e+03 2.930528e+07 1.447032e+06 
6.536200e+03 2.727064e+07 2.042869e+06 
6.277600e+03 2.572269e+07 2.468467e+06 
6.277250e+03 2.579691e+07 2.553587e+06 
6.282500e+03 2.591652e+07 2.553587e+06 
6.318100e+03 2.573620e+07 2.383347e+06 
6.297400e+03 2.590342e+07 2.468467e+06 
7.358100e+03 3.027491e+07 1.208656e+06 
6.854450e+03 2.847984e+07 1.702391e+06 
7.919750e+03 3.195412e+07 1.133115e+06 
7.254950e+03 3.076870e+07 1.208656e+06 
7.203200e+03 3.089623e+07 1.276793e+06 
6.675300e+03 2.757649e+07 1.787511e+06 
7.303600e+03 2.986361e+07 1.276793e+06 
7.464650e+03 3.052319e+07 1.106554e+06 
6.687600e+03 2.782413e+07 1.702391e+06 
7.071100e+03 2.933680e+07 1.447032e+06 
6.923750e+03 2.934022e+07 1.447032e+06 

8.737200e+03 3.676385e+07 9.043945e+05 
8.743650e+03 3.632264e+07 8.764034e+05 
8.293550e+03 3.427953e+07 9.820330e+05 
8.400400e+03 3.502108e+07 9.363151e+05 
8.365300e+03 3.297332e+07 1.106554e+06 
6.230300e+03 2.520167e+07 2.383347e+06 
8.389050e+03 3.298820e+07 1.057574e+06 
7.271150e+03 2.973955e+07 1.359738e+06 
6.483150e+03 2.662942e+07 1.957750e+06 
6.155300e+03 2.510358e+07 2.468467e+06 
6.467050e+03 2.656534e+07 1.872630e+06 
7.438050e+03 3.192287e+07 1.191674e+06 
6.502500e+03 2.726434e+07 1.617271e+06 
7.123850e+03 2.915890e+07 1.359738e+06 
7.262050e+03 3.006797e+07 1.276793e+06 
7.329200e+03 3.059322e+07 1.208656e+06 
8.005400e+03 3.428844e+07 9.820330e+05 
6.742850e+03 2.846420e+07 1.447032e+06 
6.174050e+03 2.511037e+07 2.468467e+06 
6.622200e+03 2.780443e+07 1.447032e+06 
6.238600e+03 2.530129e+07 2.298228e+06 
7.510300e+03 3.190901e+07 1.191674e+06 
6.492350e+03 2.726735e+07 1.617271e+06 
7.834250e+03 3.345042e+07 1.057574e+06 
8.004650e+03 3.430066e+07 9.895141e+05 
8.381950e+03 3.507509e+07 9.363151e+05 
6.422200e+03 2.653623e+07 1.957750e+06 
7.266750e+03 2.993843e+07 1.359738e+06 
6.557700e+03 2.708133e+07 1.872630e+06 
7.913250e+03 3.386877e+07 1.021435e+06 
6.533000e+03 2.734320e+07 1.617271e+06 
8.665200e+03 3.546493e+07 9.064920e+05 
6.461450e+03 2.696800e+07 1.787511e+06 
6.469150e+03 2.673254e+07 2.042869e+06 
6.202550e+03 2.527057e+07 2.383347e+06 
7.807400e+03 3.388308e+07 1.057574e+06 
6.469300e+03 2.711255e+07 1.702391e+06 
6.644350e+03 2.795606e+07 1.435279e+06 
6.215500e+03 2.548073e+07 2.383347e+06 
7.338700e+03 3.036867e+07 1.208656e+06 
6.452650e+03 2.703667e+07 1.787511e+06 
8.526500e+03 3.470325e+07 9.363151e+05 
8.275150e+03 3.475935e+07 1.021435e+06 
7.717150e+03 3.328868e+07 1.106554e+06 
7.236050e+03 3.009396e+07 1.276793e+06 
7.824250e+03 3.374394e+07 1.133115e+06 
6.425850e+03 2.641104e+07 1.957750e+06 
6.464950e+03 2.695560e+07 1.787511e+06 
6.152200e+03 2.500818e+07 2.553587e+06 
6.155250e+03 2.511396e+07 2.553587e+06 
6.552200e+03 2.717655e+07 1.617271e+06 
6.523600e+03 2.719584e+07 1.617271e+06 
6.190350e+03 2.527628e+07 2.383347e+06 
6.463900e+03 2.711365e+07 1.702391e+06 
6.203850e+03 2.522279e+07 2.383347e+06 
7.227450e+03 3.014812e+07 1.284197e+06 
6.509100e+03 2.685861e+07 1.787511e+06 
6.422750e+03 2.642911e+07 1.957750e+06 
6.494700e+03 2.702417e+07 1.702391e+06 
6.442200e+03 2.720138e+07 1.787511e+06 
6.149500e+03 2.508681e+07 2.553587e+06 
7.255950e+03 3.002656e+07 1.361913e+06 
6.482300e+03 2.705651e+07 1.702391e+06 
6.294000e+03 2.582896e+07 2.213108e+06 
6.562800e+03 2.704375e+07 1.787511e+06 
6.495150e+03 2.701323e+07 1.702391e+06 
6.721750e+03 2.830617e+07 1.510820e+06 
6.546100e+03 2.718621e+07 1.617271e+06 
6.219300e+03 2.530989e+07 2.383347e+06 
8.488000e+03 3.483837e+07 9.363151e+05 
7.820400e+03 3.381754e+07 1.057574e+06 
7.168150e+03 2.911094e+07 1.359738e+06 
7.207950e+03 2.938932e+07 1.284197e+06 
6.567750e+03 2.747451e+07 1.510820e+06 
6.349950e+03 2.632556e+07 2.042869e+06 
6.342850e+03 2.636157e+07 2.042869e+06 
6.410600e+03 2.654072e+07 1.957750e+06 
6.548050e+03 2.725136e+07 1.532152e+06 
6.350600e+03 2.619384e+07 2.042869e+06 
7.125150e+03 2.945681e+07 1.284197e+06 
8.395850e+03 3.462208e+07 1.021435e+06 
7.262450e+03 3.000895e+07 1.276793e+06 
6.538000e+03 2.660669e+07 2.042869e+06 
6.296750e+03 2.570196e+07 2.213108e+06 
7.547400e+03 3.197571e+07 1.133115e+06 
8.298400e+03 3.425955e+07 1.106554e+06 
6.322350e+03 2.585061e+07 2.127989e+06 
7.060300e+03 2.898060e+07 1.361913e+06 
8.300950e+03 3.298418e+07 1.106554e+06 
6.361850e+03 2.611844e+07 2.127989e+06 
8.315850e+03 3.426504e+07 9.820330e+05 
6.495700e+03 2.711246e+07 1.787511e+06 
8.391200e+03 3.469545e+07 9.820330e+05 
6.297050e+03 2.593402e+07 2.127989e+06 
6.549250e+03 2.728758e+07 1.702391e+06 
6.520750e+03 2.725191e+07 1.617271e+06 
7.691100e+03 3.355743e+07 1.106554e+06 
6.294550e+03 2.595527e+07 2.213108e+06 
6.409500e+03 2.660326e+07 1.872630e+06 
7.771700e+03 3.314273e+07 1.208656e+06 

7.981000e+03 3.384140e+07 8.585176e+05 
7.754950e+03 3.334394e+07 9.363151e+05 
7.734250e+03 3.377619e+07 1.021435e+06 
7.853550e+03 3.339511e+07 1.021435e+06 
7.744750e+03 3.337099e+07 9.064920e+05 
7.739700e+03 3.337152e+07 9.064920e+05 
7.431000e+03 3.226236e+07 1.021435e+06 
7.880200e+03 3.400494e+07 9.820330e+05 
7.851450e+03 3.374221e+07 1.021435e+06 
7.144500e+03 3.023595e+07 1.329992e+06 
7.160900e+03 3.004435e+07 1.361913e+06 
7.251600e+03 3.060218e+07 1.276793e+06 
7.224300e+03 3.083592e+07 1.276793e+06 
7.726800e+03 3.340853e+07 9.363151e+05 
7.405200e+03 3.131313e+07 1.208656e+06 
7.490600e+03 3.241001e+07 9.820330e+05 
7.226100e+03 3.081361e+07 1.276793e+06 
7.443700e+03 3.132478e+07 1.191674e+06 
6.812950e+03 2.845338e+07 1.447032e+06 
6.713250e+03 2.805271e+07 1.489592e+06 
6.455200e+03 2.653252e+07 2.127989e+06 
7.250200e+03 3.108292e+07 1.133115e+06 
6.497150e+03 2.669650e+07 2.127989e+06 
6.530450e+03 2.664553e+07 2.042869e+06 
6.513750e+03 2.652169e+07 2.042869e+06 
7.388500e+03 3.163907e+07 1.106554e+06 
7.197050e+03 3.038091e+07 1.208656e+06 
6.526750e+03 2.651709e+07 2.127989e+06 
8.023000e+03 3.353541e+07 9.043945e+05 
6.456750e+03 2.630502e+07 2.127989e+06 
7.805350e+03 3.312778e+07 9.363151e+05 
8.199400e+03 3.412279e+07 8.451031e+05 
6.526450e+03 2.658265e+07 2.127989e+06 
6.376450e+03 2.603090e+07 2.213108e+06 
7.114300e+03 3.037584e+07 1.244873e+06 
6.403300e+03 2.605213e+07 2.298228e+06 
6.491450e+03 2.664685e+07 2.042869e+06 
6.370250e+03 2.595700e+07 2.383347e+06 
6.321400e+03 2.603069e+07 2.468467e+06 
6.366150e+03 2.601363e+07 2.383347e+06 
6.367500e+03 2.586298e+07 2.298228e+06 
7.281850e+03 3.095980e+07 1.133115e+06 
7.565550e+03 3.235452e+07 9.895141e+05 
8.176250e+03 3.456151e+07 8.309510e+05 
6.463500e+03 2.619496e+07 2.127989e+06 
6.346050e+03 2.586516e+07 2.298228e+06 
6.667050e+03 2.796864e+07 1.617271e+06 
6.560150e+03 2.649827e+07 2.127989e+06 
6.669850e+03 2.784493e+07 1.617271e+06 
6.685650e+03 2.754416e+07 1.617271e+06 
6.667650e+03 2.768450e+07 1.532152e+06 
6.463550e+03 2.624515e+07 2.213108e+06 
8.012800e+03 3.354930e+07 8.808746e+05 
6.808400e+03 2.884741e+07 1.447032e+06 
7.967600e+03 3.389899e+07 8.585176e+05 
7.172650e+03 3.064290e+07 1.191674e+06 
6.727800e+03 2.806790e+07 1.532152e+06 
7.715750e+03 3.341178e+07 9.064920e+05 
6.634650e+03 2.709490e+07 1.957750e+06 
7.787450e+03 3.332702e+07 9.064920e+05 
6.859050e+03 2.877560e+07 1.447032e+06 
6.537100e+03 2.700794e+07 1.872630e+06 
7.882250e+03 3.312768e+07 9.064920e+05 
6.659950e+03 2.805800e+07 1.617271e+06 
6.976300e+03 2.917708e+07 1.435279e+06 
6.551650e+03 2.714537e+07 1.872630e+06 
6.853300e+03 2.815927e+07 1.447032e+06 
6.317800e+03 2.607234e+07 2.468467e+06 
7.244300e+03 3.023707e+07 1.208656e+06 
7.944900e+03 3.308452e+07 9.469543e+05 
7.892300e+03 3.313941e+07 9.363151e+05 
7.963650e+03 3.311305e+07 9.820330e+05 
6.346350e+03 2.581643e+07 2.383347e+06 
7.188950e+03 3.043784e+07 1.191674e+06 
8.143100e+03 3.469994e+07 8.309510e+05 
6.319650e+03 2.595437e+07 2.468467e+06 
6.326850e+03 2.583381e+07 2.468467e+06 
6.530050e+03 2.689909e+07 1.957750e+06 
6.325950e+03 2.591687e+07 2.468467e+06 
7.377350e+03 3.199544e+07 1.106554e+06 
6.670600e+03 2.762097e+07 1.617271e+06 
8.039250e+03 3.351088e+07 9.043945e+05 
7.563850e+03 3.247496e+07 1.133115e+06 
6.531200e+03 2.719966e+07 1.872630e+06 
6.952300e+03 2.927202e+07 1.284197e+06 
7.043300e+03 2.966002e+07 1.276793e+06 
6.988200e+03 2.917483e+07 1.361913e+06 
6.329950e+03 2.585168e+07 2.468467e+06 
7.153500e+03 3.018332e+07 1.244873e+06 
6.549750e+03 2.717308e+07 1.702391e+06 
7.390300e+03 3.194275e+07 1.057574e+06 
7.188100e+03 3.030831e+07 1.234234e+06 
7.223250e+03 3.041203e+07 1.191674e+06 
6.669850e+03 2.759915e+07 1.617271e+06 
7.831400e+03 3.375422e+07 1.021435e+06 
7.995100e+03 3.392138e+07 8.511955e+05 
7.192850e+03 3.060855e+07 1.284197e+06 
7.934800e+03 3.311939e+07 9.363151e+05 
6.523350e+03 2.701768e+07 1.957750e+06 
7.828850e+03 3.314941e+07 1.063994e+06 

