1.553418e+02 3.258149e+07 2.208646e+06 
1.562462e+02 3.398142e+07 2.055676e+06 
1.698217e+02 3.266412e+07 2.055676e+06 
1.640548e+02 3.276526e+07 1.951854e+06 
1.613820e+02 3.207957e+07 2.208646e+06 
1.676661e+02 3.477001e+07 1.744210e+06 
1.615702e+02 3.417713e+07 1.848032e+06 
1.699162e+02 3.439635e+07 1.744210e+06 
1.667910e+02 3.571077e+07 1.744210e+06 
1.526549e+02 3.866100e+07 3.614149e+06 
1.564951e+02 3.246615e+07 2.208646e+06 
1.615184e+02 3.437272e+07 1.848032e+06 
1.660351e+02 3.492322e+07 1.832641e+06 
1.556619e+02 3.290765e+07 2.409432e+06 
1.553301e+02 3.296876e+07 2.409432e+06 
1.580796e+02 3.482102e+07 2.007860e+06 
1.635367e+02 3.338230e+07 1.848032e+06 
1.591407e+02 3.379545e+07 2.055676e+06 
1.533692e+02 3.811722e+07 3.212577e+06 
1.527434e+02 3.832589e+07 3.212577e+06 
1.536706e+02 3.828416e+07 3.413363e+06 
1.699879e+02 3.247759e+07 2.055676e+06 
1.675595e+02 3.451388e+07 1.744210e+06 
1.542921e+02 3.491327e+07 3.413363e+06 
1.553669e+02 3.312775e+07 2.610219e+06 
1.698105e+02 3.414317e+07 1.807074e+06 
1.552866e+02 3.492334e+07 2.409432e+06 
1.530901e+02 3.888723e+07 3.011791e+06 
1.523986e+02 3.877420e+07 3.814935e+06 
1.534398e+02 3.895705e+07 3.011791e+06 
1.752235e+02 3.262685e+07 1.951854e+06 
1.603204e+02 3.230834e+07 2.159498e+06 
1.540575e+02 3.796945e+07 3.413363e+06 
1.527922e+02 3.851322e+07 3.814935e+06 
1.547640e+02 3.334240e+07 2.610219e+06 
1.718527e+02 3.536564e+07 1.736186e+06 
1.664068e+02 3.442082e+07 1.832641e+06 
1.576279e+02 3.231115e+07 2.208646e+06 
1.701856e+02 3.259243e+07 1.951854e+06 
1.574450e+02 3.490058e+07 2.007860e+06 
1.591607e+02 3.236715e+07 2.208646e+06 
1.689309e+02 3.421429e+07 1.807074e+06 
1.545360e+02 3.391513e+07 2.811005e+06 
1.600896e+02 3.209952e+07 2.159498e+06 
1.553538e+02 3.493019e+07 2.055676e+06 
1.581565e+02 3.230421e+07 2.208646e+06 
1.729547e+02 3.297555e+07 1.848032e+06 
1.573622e+02 3.518103e+07 2.007860e+06 
1.563298e+02 3.265189e+07 2.208646e+06 
1.552845e+02 3.320819e+07 2.610219e+06 
1.697928e+02 3.418592e+07 1.807074e+06 
1.701488e+02 3.430120e+07 1.744210e+06 
1.690634e+02 3.441363e+07 1.744210e+06 
1.572572e+02 3.508925e+07 2.007860e+06 
1.572074e+02 3.390245e+07 2.055676e+06 
1.606854e+02 3.322286e+07 2.055676e+06 
1.531708e+02 3.851655e+07 3.212577e+06 
1.522848e+02 3.901447e+07 3.614149e+06 
1.577123e+02 3.245316e+07 2.208646e+06 
1.567825e+02 3.242132e+07 2.208646e+06 
1.689625e+02 3.444292e+07 1.744210e+06 
1.586752e+02 3.228901e+07 2.208646e+06 
1.533084e+02 3.836287e+07 3.614149e+06 
1.572750e+02 3.503755e+07 2.007860e+06 
1.543869e+02 3.328132e+07 2.610219e+06 
1.571105e+02 3.518034e+07 2.007860e+06 
1.620860e+02 3.382917e+07 2.007860e+06 
1.592503e+02 3.211775e+07 2.159498e+06 
1.540053e+02 3.789596e+07 3.614149e+06 
1.553420e+02 3.330526e+07 2.409432e+06 
1.582684e+02 3.436227e+07 2.007860e+06 
1.725312e+02 3.373403e+07 1.744210e+06 
1.691732e+02 3.269629e+07 2.055676e+06 
1.561386e+02 3.468717e+07 2.055676e+06 
1.585127e+02 3.416437e+07 1.951854e+06 
1.653153e+02 3.280668e+07 1.951854e+06 
1.704156e+02 3.390959e+07 1.744210e+06 
1.621586e+02 3.301374e+07 1.848032e+06 
1.661875e+02 3.444223e+07 1.807074e+06 
1.566815e+02 3.510894e+07 2.055676e+06 
1.560372e+02 3.255747e+07 2.208646e+06 
1.668604e+02 3.426090e+07 1.807074e+06 
1.521974e+02 3.879634e+07 3.614149e+06 
1.578695e+02 3.237247e+07 2.208646e+06 
1.600195e+02 3.393060e+07 1.951854e+06 
1.543833e+02 3.762827e+07 3.413363e+06 
1.695527e+02 3.268433e+07 2.055676e+06 
1.670992e+02 3.494010e+07 1.744210e+06 
1.556330e+02 3.513863e+07 2.208646e+06 
1.689738e+02 3.284455e+07 1.848032e+06 
1.559406e+02 3.285850e+07 2.208646e+06 
1.601909e+02 3.218350e+07 2.208646e+06 
1.568178e+02 3.249379e+07 2.208646e+06 
1.737659e+02 3.382735e+07 1.744210e+06 
1.594071e+02 3.478984e+07 1.848032e+06 
1.666077e+02 3.495268e+07 1.807074e+06 
1.583089e+02 3.483829e+07 1.951854e+06 
1.579564e+02 3.511505e+07 1.951854e+06 
1.540281e+02 3.802552e+07 3.011791e+06 
1.592109e+02 3.464151e+07 1.848032e+06 

1.587247e+02 3.304014e+07 2.076440e+06 
1.580137e+02 3.280770e+07 2.610219e+06 
1.601473e+02 3.213114e+07 2.076440e+06 
1.570216e+02 3.325343e+07 2.610219e+06 
1.589496e+02 3.276986e+07 2.811005e+06 
1.760404e+02 3.184813e+07 2.076440e+06 
1.577726e+02 3.306003e+07 2.610219e+06 
1.664640e+02 3.543079e+07 1.807074e+06 
1.590393e+02 3.274745e+07 2.208646e+06 
1.773163e+02 3.180887e+07 2.208646e+06 
1.596059e+02 3.273081e+07 2.208646e+06 
1.654490e+02 3.610506e+07 1.868796e+06 
1.598599e+02 3.265379e+07 2.076440e+06 
1.665381e+02 3.552593e+07 1.807074e+06 
1.598796e+02 3.264161e+07 2.076440e+06 
1.527604e+02 3.444163e+07 3.212577e+06 
1.642594e+02 3.184758e+07 2.076440e+06 
1.663009e+02 3.468626e+07 1.868796e+06 
1.579738e+02 3.395850e+07 2.409432e+06 
1.626145e+02 3.199316e+07 2.076440e+06 
1.602098e+02 3.247240e+07 2.208646e+06 
1.615563e+02 3.491287e+07 2.007860e+06 
1.673843e+02 3.471202e+07 1.832641e+06 
1.590622e+02 3.267903e+07 2.076440e+06 
1.694422e+02 3.337206e+07 1.972618e+06 
1.558718e+02 3.348259e+07 2.610219e+06 
1.627519e+02 3.392022e+07 1.972618e+06 
1.752442e+02 3.170546e+07 2.076440e+06 
1.647238e+02 3.191852e+07 2.076440e+06 
1.580861e+02 3.288174e+07 2.208646e+06 
1.624770e+02 3.439457e+07 1.972618e+06 
1.538764e+02 3.418339e+07 3.011791e+06 
1.585886e+02 3.281645e+07 2.610219e+06 
1.677975e+02 3.191481e+07 2.076440e+06 
1.625248e+02 3.459113e+07 1.972618e+06 
1.525166e+02 3.456487e+07 3.212577e+06 
1.685105e+02 3.504801e+07 1.764974e+06 
1.645614e+02 3.383716e+07 1.972618e+06 
1.535584e+02 3.455410e+07 3.011791e+06 
1.656286e+02 3.551128e+07 1.868796e+06 
1.672417e+02 3.498069e+07 1.764974e+06 
1.617494e+02 3.223420e+07 2.076440e+06 
1.657388e+02 3.479097e+07 1.868796e+06 
1.594101e+02 3.276366e+07 2.610219e+06 
1.584525e+02 3.329503e+07 2.208646e+06 
1.571120e+02 3.322945e+07 2.811005e+06 
1.706231e+02 3.359701e+07 1.972618e+06 
1.791835e+02 3.327065e+07 1.972618e+06 
1.615069e+02 3.475641e+07 1.972618e+06 
1.520649e+02 3.607167e+07 3.614149e+06 
1.709349e+02 3.187828e+07 2.076440e+06 
1.668792e+02 3.360619e+07 2.007860e+06 
1.588671e+02 3.280433e+07 2.610219e+06 
1.781680e+02 3.171063e+07 2.076440e+06 
1.657210e+02 3.499925e+07 1.868796e+06 
1.662532e+02 3.561534e+07 1.807074e+06 
1.538504e+02 3.405127e+07 3.212577e+06 
1.540515e+02 3.375954e+07 3.011791e+06 
1.729288e+02 3.171693e+07 2.076440e+06 
1.598209e+02 3.258748e+07 2.208646e+06 
1.681796e+02 3.460339e+07 1.868796e+06 
1.537824e+02 3.426018e+07 3.212577e+06 
1.644932e+02 3.377334e+07 2.007860e+06 
1.568268e+02 3.342632e+07 3.011791e+06 
1.523746e+02 3.596297e+07 3.614149e+06 
1.655808e+02 3.381835e+07 1.972618e+06 
1.554725e+02 3.336542e+07 2.610219e+06 
1.554757e+02 3.350116e+07 2.811005e+06 
1.631384e+02 3.392018e+07 1.972618e+06 
1.580034e+02 3.386854e+07 2.409432e+06 
1.717451e+02 3.186054e+07 2.076440e+06 
1.607530e+02 3.390802e+07 2.007860e+06 
1.519405e+02 3.600948e+07 3.614149e+06 
1.675425e+02 3.492789e+07 1.764974e+06 
1.582251e+02 3.283276e+07 2.076440e+06 
1.640848e+02 3.384052e+07 2.007860e+06 
1.799407e+02 3.305647e+07 1.972618e+06 
1.545452e+02 3.402766e+07 3.212577e+06 
1.666653e+02 3.541174e+07 1.807074e+06 
1.676132e+02 3.459333e+07 1.868796e+06 
1.582356e+02 3.304417e+07 2.610219e+06 
1.672884e+02 3.466146e+07 1.868796e+06 
1.576233e+02 3.299315e+07 2.811005e+06 
1.529167e+02 3.448230e+07 3.212577e+06 
1.677728e+02 3.350991e+07 1.972618e+06 
1.671225e+02 3.570042e+07 1.764974e+06 
1.636688e+02 3.386292e+07 2.007860e+06 
1.698522e+02 3.327470e+07 1.972618e+06 
1.802048e+02 3.311101e+07 1.972618e+06 
1.573551e+02 3.323653e+07 2.811005e+06 
1.564433e+02 3.333659e+07 2.610219e+06 
1.868396e+02 3.304341e+07 1.972618e+06 
1.668630e+02 3.498342e+07 1.807074e+06 
1.619775e+02 3.215285e+07 2.076440e+06 
1.538165e+02 3.407935e+07 3.011791e+06 
1.527774e+02 3.459943e+07 3.212577e+06 
1.688338e+02 3.442194e+07 1.868796e+06 
1.662412e+02 3.569082e+07 1.807074e+06 
1.612601e+02 3.237076e+07 2.076440e+06 
1.659498e+02 3.499822e+07 1.868796e+06 

1.650113e+02 3.195511e+07 1.972618e+06 
1.614510e+02 3.505816e+07 1.764974e+06 
1.584372e+02 3.435513e+07 2.409432e+06 
1.690887e+02 3.134029e+07 2.076440e+06 
1.685036e+02 3.927764e+07 1.639732e+06 
1.711554e+02 3.361197e+07 1.807074e+06 
1.631801e+02 3.459753e+07 1.764974e+06 
1.660101e+02 3.351716e+07 1.868796e+06 
1.616657e+02 3.286962e+07 2.076440e+06 
1.581990e+02 3.627498e+07 2.007860e+06 
1.597407e+02 3.476865e+07 1.868796e+06 
1.779399e+02 3.128012e+07 1.972618e+06 
1.691414e+02 3.374345e+07 1.807074e+06 
1.705534e+02 3.372115e+07 1.807074e+06 
1.728343e+02 3.264077e+07 1.868796e+06 
1.663948e+02 3.154958e+07 2.076440e+06 
1.645629e+02 3.207110e+07 2.076440e+06 
1.758707e+02 3.227705e+07 1.868796e+06 
1.707569e+02 3.819273e+07 1.639732e+06 
1.642798e+02 3.232453e+07 1.972618e+06 
1.605792e+02 3.318426e+07 2.208646e+06 
1.632974e+02 3.384669e+07 1.868796e+06 
1.583134e+02 3.577854e+07 2.811005e+06 
1.676367e+02 3.140645e+07 2.076440e+06 
1.635025e+02 3.451610e+07 1.764974e+06 
1.569628e+02 3.578758e+07 3.011791e+06 
1.797367e+02 3.123881e+07 1.972618e+06 
1.624291e+02 3.223388e+07 2.076440e+06 
1.695815e+02 3.269937e+07 1.868796e+06 
1.588294e+02 3.364329e+07 2.208646e+06 
1.770961e+02 3.222874e+07 1.868796e+06 
1.654602e+02 3.177081e+07 2.076440e+06 
1.737587e+02 3.062976e+07 2.076440e+06 
1.606827e+02 3.645349e+07 1.764974e+06 
1.669304e+02 3.890545e+07 1.661152e+06 
1.701305e+02 3.124390e+07 2.076440e+06 
1.605302e+02 3.345294e+07 2.409432e+06 
1.621073e+02 3.297980e+07 1.972618e+06 
1.751053e+02 3.250246e+07 1.868796e+06 
1.638044e+02 3.262082e+07 1.972618e+06 
1.608821e+02 3.286957e+07 2.208646e+06 
1.662934e+02 3.814202e+07 1.736186e+06 
1.731247e+02 3.262519e+07 1.868796e+06 
1.749393e+02 3.144844e+07 1.972618e+06 
1.758131e+02 3.131916e+07 1.972618e+06 
1.580720e+02 3.698748e+07 2.208646e+06 
1.711641e+02 3.687274e+07 1.736186e+06 
1.616643e+02 3.333918e+07 1.972618e+06 
1.617368e+02 3.275827e+07 2.208646e+06 
1.653659e+02 3.191883e+07 2.076440e+06 
1.683151e+02 3.688668e+07 1.736186e+06 
1.619292e+02 3.321692e+07 2.007860e+06 
1.756538e+02 3.347112e+07 1.807074e+06 
1.618635e+02 3.273084e+07 2.076440e+06 
1.735341e+02 3.657728e+07 1.736186e+06 
1.626622e+02 3.466084e+07 1.764974e+06 
1.618906e+02 3.498448e+07 1.764974e+06 
1.632058e+02 3.216856e+07 2.007860e+06 
1.675613e+02 3.291465e+07 1.868796e+06 
1.682910e+02 3.188850e+07 1.972618e+06 
1.705257e+02 3.701342e+07 1.661152e+06 
1.662510e+02 3.335230e+07 1.868796e+06 
1.675781e+02 3.148960e+07 2.076440e+06 
1.624588e+02 3.474238e+07 1.764974e+06 
1.663274e+02 3.173210e+07 2.076440e+06 
1.619625e+02 3.268314e+07 2.159498e+06 
1.603605e+02 3.532405e+07 1.832641e+06 
1.638818e+02 3.445205e+07 1.764974e+06 
1.720608e+02 3.147190e+07 1.972618e+06 
1.710402e+02 3.816325e+07 1.639732e+06 
1.603959e+02 3.499238e+07 1.832641e+06 
1.600044e+02 3.433090e+07 2.007860e+06 
1.608280e+02 3.360213e+07 2.007860e+06 
1.613171e+02 3.618526e+07 1.807074e+06 
1.641320e+02 3.213109e+07 2.007860e+06 
1.614198e+02 3.335806e+07 2.055676e+06 
1.658028e+02 3.354159e+07 1.868796e+06 
1.715153e+02 3.172889e+07 1.972618e+06 
1.694467e+02 3.901369e+07 1.639732e+06 
1.872698e+02 3.110987e+07 1.972618e+06 
1.685631e+02 3.288274e+07 1.868796e+06 
1.624107e+02 3.269783e+07 2.007860e+06 
1.618187e+02 3.276009e+07 2.076440e+06 
1.613390e+02 3.305236e+07 2.076440e+06 
1.636429e+02 3.213582e+07 2.076440e+06 
1.649791e+02 3.199686e+07 2.076440e+06 
1.753749e+02 3.237755e+07 1.868796e+06 
1.577887e+02 3.709836e+07 2.409432e+06 
1.601424e+02 3.346180e+07 2.208646e+06 
1.669876e+02 3.723161e+07 1.661152e+06 
1.697555e+02 3.841551e+07 1.639732e+06 
1.604324e+02 3.394273e+07 1.868796e+06 
1.672817e+02 3.413354e+07 1.807074e+06 
1.751931e+02 3.135486e+07 1.972618e+06 
1.716105e+02 3.149047e+07 1.972618e+06 
1.652464e+02 3.194499e+07 2.076440e+06 
1.630625e+02 3.220677e+07 2.076440e+06 
1.794849e+02 3.202682e+07 1.868796e+06 
1.763510e+02 3.225861e+07 1.868796e+06 
1.663333e+02 3.298122e+07 1.868796e+06 

1.563701e+02 3.272659e+07 2.208646e+06 
1.564663e+02 3.271332e+07 2.208646e+06 
1.572746e+02 3.309837e+07 1.764974e+06 
1.605577e+02 3.357069e+07 1.736186e+06 
1.663864e+02 3.477444e+07 1.606288e+06 
1.715300e+02 3.448015e+07 1.606288e+06 
1.617009e+02 3.440788e+07 1.661152e+06 
1.742796e+02 3.412330e+07 1.606288e+06 
1.632967e+02 3.370699e+07 1.661152e+06 
1.560928e+02 3.280717e+07 2.007860e+06 
1.591641e+02 3.381527e+07 1.736186e+06 
1.625303e+02 3.365323e+07 1.661152e+06 
1.547497e+02 3.319424e+07 2.007860e+06 
1.544838e+02 3.411694e+07 2.208646e+06 
1.578871e+02 3.234608e+07 1.868796e+06 
1.538122e+02 3.599100e+07 2.610219e+06 
1.538825e+02 3.482459e+07 2.409432e+06 
1.567672e+02 3.250432e+07 1.868796e+06 
1.635648e+02 3.341686e+07 1.736186e+06 
1.625839e+02 3.391817e+07 1.661152e+06 
1.591229e+02 3.230559e+07 1.764974e+06 
1.641756e+02 3.211355e+07 1.764974e+06 
1.545943e+02 3.423837e+07 2.208646e+06 
1.563453e+02 3.281626e+07 1.832641e+06 
1.620728e+02 3.320599e+07 1.736186e+06 
1.639361e+02 3.210980e+07 1.868796e+06 
1.705556e+02 3.473058e+07 1.639732e+06 
1.668797e+02 3.502861e+07 1.606288e+06 
1.573006e+02 3.315652e+07 1.764974e+06 
1.584925e+02 3.199284e+07 1.764974e+06 
1.557356e+02 3.290114e+07 1.868796e+06 
1.562315e+02 3.255133e+07 2.007860e+06 
1.535357e+02 3.407346e+07 2.811005e+06 
1.560759e+02 3.349877e+07 1.807074e+06 
1.605922e+02 3.342255e+07 1.736186e+06 
1.569611e+02 3.227672e+07 1.832641e+06 
1.625774e+02 3.449282e+07 1.639732e+06 
1.597480e+02 3.428032e+07 1.736186e+06 
1.599377e+02 3.400580e+07 1.736186e+06 
1.560667e+02 3.280213e+07 1.832641e+06 
1.640458e+02 3.207140e+07 1.764974e+06 
1.660232e+02 3.324572e+07 1.661152e+06 
1.555401e+02 3.291037e+07 1.832641e+06 
1.603065e+02 3.369293e+07 1.736186e+06 
1.564465e+02 3.235490e+07 1.832641e+06 
1.618134e+02 3.212083e+07 1.764974e+06 
1.551809e+02 3.299185e+07 2.208646e+06 
1.574610e+02 3.242328e+07 1.972618e+06 
1.638371e+02 3.196657e+07 1.868796e+06 
1.568142e+02 3.255945e+07 1.832641e+06 
1.547298e+02 3.303144e+07 2.007860e+06 
1.565911e+02 3.279690e+07 1.807074e+06 
1.683982e+02 3.420762e+07 1.639732e+06 
1.584439e+02 3.256925e+07 1.764974e+06 
1.649202e+02 3.302888e+07 1.661152e+06 
1.651526e+02 3.349487e+07 1.661152e+06 
1.621589e+02 3.443901e+07 1.661152e+06 
1.546530e+02 3.397374e+07 2.208646e+06 
1.561907e+02 3.274615e+07 2.007860e+06 
1.562083e+02 3.294843e+07 1.868796e+06 
1.618182e+02 3.417052e+07 1.639732e+06 
1.537912e+02 3.424276e+07 2.811005e+06 
1.562202e+02 3.396613e+07 1.832641e+06 
1.542147e+02 3.342760e+07 2.409432e+06 
1.676383e+02 3.431571e+07 1.606288e+06 
1.586837e+02 3.224806e+07 1.832641e+06 
1.562068e+02 3.263594e+07 2.208646e+06 
1.601016e+02 3.386112e+07 1.736186e+06 
1.540194e+02 3.386179e+07 2.610219e+06 
1.564039e+02 3.376721e+07 1.807074e+06 
1.610760e+02 3.212730e+07 1.832641e+06 
1.569640e+02 3.296183e+07 1.807074e+06 
1.636025e+02 3.207119e+07 1.868796e+06 
1.599732e+02 3.498652e+07 1.661152e+06 
1.664556e+02 3.305426e+07 1.661152e+06 
1.618807e+02 3.494497e+07 1.661152e+06 
1.573209e+02 3.245080e+07 1.764974e+06 
1.569903e+02 3.313346e+07 1.764974e+06 
1.536236e+02 3.463725e+07 2.409432e+06 
1.542691e+02 3.383750e+07 2.409432e+06 
1.541422e+02 3.411621e+07 2.610219e+06 
1.658289e+02 3.426832e+07 1.639732e+06 
1.646006e+02 3.199493e+07 1.868796e+06 
1.619748e+02 3.403189e+07 1.661152e+06 
1.585507e+02 3.445619e+07 1.736186e+06 
1.692660e+02 3.304272e+07 1.661152e+06 
1.544387e+02 3.349193e+07 2.610219e+06 
1.597909e+02 3.219978e+07 1.764974e+06 
1.594418e+02 3.378287e+07 1.736186e+06 
1.595818e+02 3.218200e+07 1.868796e+06 
1.648923e+02 3.187057e+07 1.972618e+06 
1.575773e+02 3.233932e+07 1.972618e+06 
1.552351e+02 3.302746e+07 2.409432e+06 
1.666262e+02 3.414499e+07 1.639732e+06 
1.564959e+02 3.258128e+07 1.832641e+06 
1.573192e+02 3.219430e+07 1.972618e+06 
1.612931e+02 3.366985e+07 1.736186e+06 
1.554201e+02 3.300313e+07 2.409432e+06 
1.566367e+02 3.353883e+07 1.807074e+06 
1.585152e+02 3.422743e+07 1.736186e+06 

1.826500e+02 3.775476e+07 1.639732e+06 
1.624231e+02 3.249749e+07 1.868796e+06 
1.725381e+02 3.297077e+07 1.832641e+06 
1.659733e+02 3.550677e+07 1.764974e+06 
1.737427e+02 3.121513e+07 1.972618e+06 
1.622131e+02 3.283994e+07 1.868796e+06 
1.828733e+02 3.713513e+07 1.661152e+06 
1.540949e+02 3.422643e+07 2.610219e+06 
1.749027e+02 3.437376e+07 1.736186e+06 
1.728137e+02 3.343654e+07 1.764974e+06 
1.747707e+02 3.198359e+07 1.868796e+06 
1.669002e+02 3.352499e+07 1.764974e+06 
1.650268e+02 3.146057e+07 1.972618e+06 
1.743114e+02 3.325959e+07 1.764974e+06 
1.633055e+02 3.242986e+07 1.868796e+06 
1.585479e+02 3.185659e+07 1.972618e+06 
1.594994e+02 3.184558e+07 1.972618e+06 
1.582314e+02 3.219495e+07 1.972618e+06 
1.582500e+02 3.395805e+07 1.868796e+06 
1.571276e+02 3.224185e+07 1.972618e+06 
1.732086e+02 3.445866e+07 1.736186e+06 
1.575830e+02 3.221752e+07 2.007860e+06 
1.555482e+02 3.217492e+07 2.076440e+06 
1.603850e+02 3.355808e+07 1.868796e+06 
1.561354e+02 3.255600e+07 1.972618e+06 
1.646755e+02 3.220826e+07 1.868796e+06 
1.734308e+02 3.307473e+07 1.807074e+06 
1.637595e+02 3.227739e+07 1.868796e+06 
1.537026e+02 3.404128e+07 2.811005e+06 
1.768515e+02 3.118895e+07 1.972618e+06 
1.700432e+02 3.122751e+07 1.972618e+06 
1.750797e+02 3.910407e+07 1.639732e+06 
1.698147e+02 3.188097e+07 1.868796e+06 
1.690059e+02 3.311433e+07 1.807074e+06 
1.690806e+02 3.385493e+07 1.764974e+06 
1.734103e+02 3.307616e+07 1.807074e+06 
1.609270e+02 3.157023e+07 1.972618e+06 
1.531157e+02 3.437727e+07 2.610219e+06 
1.564019e+02 3.243955e+07 2.076440e+06 
1.544016e+02 3.437976e+07 2.409432e+06 
1.587119e+02 3.362167e+07 1.868796e+06 
1.582193e+02 3.222147e+07 1.972618e+06 
1.538260e+02 3.422150e+07 2.610219e+06 
1.667617e+02 3.395215e+07 1.764974e+06 
1.709038e+02 3.309273e+07 1.807074e+06 
1.547008e+02 3.269492e+07 2.007860e+06 
1.520881e+02 3.503635e+07 2.811005e+06 
1.602436e+02 3.173738e+07 1.972618e+06 
1.750246e+02 3.954284e+07 1.639732e+06 
1.534230e+02 3.458990e+07 2.610219e+06 
1.708508e+02 3.864310e+07 1.736186e+06 
1.663970e+02 3.131347e+07 1.972618e+06 
1.605439e+02 3.174197e+07 1.972618e+06 
1.742882e+02 3.331699e+07 1.764974e+06 
1.639340e+02 3.329903e+07 1.868796e+06 
1.607772e+02 3.173077e+07 1.972618e+06 
1.741922e+02 3.336768e+07 1.764974e+06 
1.643422e+02 3.144510e+07 1.972618e+06 
1.756965e+02 3.953289e+07 1.639732e+06 
1.622537e+02 3.281611e+07 1.868796e+06 
1.544037e+02 3.417433e+07 2.409432e+06 
1.633797e+02 3.347852e+07 1.832641e+06 
1.704367e+02 3.137339e+07 2.076440e+06 
1.772502e+02 3.279061e+07 1.764974e+06 
1.641099e+02 3.323195e+07 1.832641e+06 
1.670445e+02 3.213060e+07 1.868796e+06 
1.726568e+02 3.102483e+07 1.972618e+06 
1.808388e+02 3.735269e+07 1.661152e+06 
1.696569e+02 3.348315e+07 1.764974e+06 
1.736426e+02 3.435779e+07 1.736186e+06 
1.707946e+02 3.344027e+07 1.764974e+06 
1.621947e+02 3.295395e+07 1.868796e+06 
1.594675e+02 3.189926e+07 1.972618e+06 
1.736799e+02 3.338363e+07 1.764974e+06 
1.662789e+02 3.361029e+07 1.807074e+06 
1.749787e+02 3.301642e+07 1.764974e+06 
1.796888e+02 3.772724e+07 1.639732e+06 
1.567844e+02 3.234306e+07 1.972618e+06 
1.542557e+02 3.404636e+07 2.610219e+06 
1.812939e+02 3.713823e+07 1.661152e+06 
1.661390e+02 3.481286e+07 1.764974e+06 
1.770636e+02 3.742727e+07 1.661152e+06 
1.547574e+02 3.284395e+07 2.007860e+06 
1.731064e+02 3.782967e+07 1.661152e+06 
1.851932e+02 3.730639e+07 1.661152e+06 
1.544070e+02 3.362587e+07 2.208646e+06 
1.577489e+02 3.222791e+07 1.972618e+06 
1.661091e+02 3.530332e+07 1.764974e+06 
1.716980e+02 3.822688e+07 1.736186e+06 
1.599053e+02 3.178819e+07 1.972618e+06 
1.649082e+02 3.366976e+07 1.807074e+06 
1.634717e+02 3.230988e+07 1.868796e+06 
1.644554e+02 3.218275e+07 1.868796e+06 
1.803951e+02 3.284522e+07 1.764974e+06 
1.731734e+02 3.448473e+07 1.736186e+06 
1.673121e+02 3.348389e+07 1.807074e+06 
1.614874e+02 3.320929e+07 1.868796e+06 
1.629801e+02 3.373180e+07 1.807074e+06 
1.533437e+02 3.428050e+07 3.011791e+06 
1.554795e+02 3.263659e+07 2.007860e+06 

1.686478e+02 3.559573e+07 1.832641e+06 
1.571987e+02 3.489004e+07 2.811005e+06 
1.639003e+02 3.350706e+07 1.868796e+06 
1.731989e+02 3.221835e+07 2.076440e+06 
1.619761e+02 3.279221e+07 1.972618e+06 
1.710718e+02 3.519677e+07 1.764974e+06 
1.624601e+02 3.235835e+07 2.076440e+06 
1.585456e+02 3.317284e+07 2.076440e+06 
1.686388e+02 3.238921e+07 2.076440e+06 
1.718056e+02 3.234575e+07 2.007860e+06 
1.680409e+02 3.599752e+07 1.764974e+06 
1.551752e+02 3.702693e+07 3.413363e+06 
1.599549e+02 3.303973e+07 2.076440e+06 
1.597696e+02 3.318876e+07 2.007860e+06 
1.887589e+02 3.678540e+07 1.736186e+06 
1.566740e+02 3.675180e+07 3.212577e+06 
1.926318e+02 3.711295e+07 1.736186e+06 
1.711297e+02 3.486896e+07 1.832641e+06 
1.785975e+02 3.288572e+07 1.868796e+06 
1.572927e+02 3.471024e+07 2.610219e+06 
1.559451e+02 3.727102e+07 3.212577e+06 
1.684835e+02 3.563047e+07 1.807074e+06 
1.572535e+02 3.407681e+07 2.610219e+06 
1.703158e+02 3.536499e+07 1.764974e+06 
1.645374e+02 3.261681e+07 1.972618e+06 
1.721740e+02 3.234360e+07 2.076440e+06 
1.581983e+02 3.422820e+07 2.208646e+06 
1.622066e+02 3.374757e+07 1.868796e+06 
1.591965e+02 3.348310e+07 2.055676e+06 
1.595351e+02 3.331387e+07 2.007860e+06 
1.805238e+02 3.775970e+07 1.736186e+06 
1.732144e+02 3.504290e+07 1.807074e+06 
1.694407e+02 3.256406e+07 1.972618e+06 
1.628788e+02 3.414930e+07 1.868796e+06 
1.551820e+02 3.721293e+07 3.413363e+06 
1.757074e+02 3.196690e+07 2.076440e+06 
1.731998e+02 3.488076e+07 1.832641e+06 
1.650839e+02 3.335323e+07 1.868796e+06 
1.768413e+02 3.226695e+07 1.972618e+06 
1.652079e+02 3.604672e+07 1.832641e+06 
1.564089e+02 3.654911e+07 3.413363e+06 
1.687582e+02 3.488767e+07 1.832641e+06 
1.700293e+02 3.539893e+07 1.764974e+06 
1.717379e+02 3.504020e+07 1.764974e+06 
1.609590e+02 3.287223e+07 2.076440e+06 
1.581539e+02 3.395416e+07 2.409432e+06 
1.604658e+02 3.298658e+07 2.076440e+06 
1.602625e+02 3.311091e+07 1.972618e+06 
1.727441e+02 3.215883e+07 1.972618e+06 
1.710929e+02 3.488457e+07 1.832641e+06 
1.549229e+02 3.760158e+07 3.413363e+06 
1.676457e+02 3.259541e+07 1.972618e+06 
1.587369e+02 3.371556e+07 2.076440e+06 
1.604145e+02 3.302656e+07 2.076440e+06 
1.633650e+02 3.365081e+07 1.868796e+06 
1.656239e+02 3.233922e+07 2.076440e+06 
1.665379e+02 3.324877e+07 1.868796e+06 
1.634273e+02 3.360706e+07 1.868796e+06 
1.707037e+02 3.245555e+07 1.972618e+06 
1.875793e+02 3.720891e+07 1.736186e+06 
1.752904e+02 3.307234e+07 1.868796e+06 
1.670537e+02 3.576721e+07 1.832641e+06 
1.598375e+02 3.289444e+07 1.972618e+06 
1.612828e+02 3.419842e+07 1.868796e+06 
1.731741e+02 3.301578e+07 1.868796e+06 
1.707507e+02 3.525814e+07 1.764974e+06 
1.594684e+02 3.330155e+07 2.007860e+06 
1.584370e+02 3.326177e+07 2.208646e+06 
1.629510e+02 3.256623e+07 2.076440e+06 
1.715620e+02 3.525671e+07 1.764974e+06 
1.644530e+02 3.275026e+07 1.972618e+06 
1.694196e+02 3.227679e+07 2.076440e+06 
1.723885e+02 3.229901e+07 2.007860e+06 
1.585612e+02 3.345464e+07 2.208646e+06 
1.561381e+02 3.676930e+07 3.413363e+06 
1.624109e+02 3.283380e+07 2.076440e+06 
1.671944e+02 3.617879e+07 1.807074e+06 
1.612677e+02 3.285967e+07 2.076440e+06 
1.571185e+02 3.544043e+07 2.811005e+06 
1.559793e+02 3.708750e+07 3.212577e+06 
1.827891e+02 3.778789e+07 1.736186e+06 
1.608046e+02 3.300341e+07 1.972618e+06 
1.597758e+02 3.310216e+07 2.076440e+06 
1.692614e+02 3.256500e+07 1.972618e+06 
1.617670e+02 3.386074e+07 1.868796e+06 
1.577903e+02 3.426604e+07 2.610219e+06 
1.676174e+02 3.260643e+07 1.972618e+06 
1.565283e+02 3.634131e+07 3.212577e+06 
1.687218e+02 3.540002e+07 1.807074e+06 
1.802333e+02 3.822290e+07 1.736186e+06 
1.575632e+02 3.457894e+07 2.811005e+06 
1.801223e+02 3.851257e+07 1.736186e+06 
1.616209e+02 3.279939e+07 1.972618e+06 
1.579650e+02 3.387784e+07 2.409432e+06 
1.759764e+02 3.215683e+07 1.972618e+06 
1.808182e+02 3.224425e+07 1.972618e+06 
1.605038e+02 3.287151e+07 2.007860e+06 
1.679682e+02 3.565505e+07 1.764974e+06 
1.687161e+02 3.280611e+07 2.007860e+06 
1.595836e+02 3.328412e+07 1.972618e+06 

1.589598e+02 3.506471e+07 1.807074e+06 
1.590537e+02 3.249281e+07 1.972618e+06 
1.548597e+02 3.311439e+07 2.076440e+06 
1.554379e+02 3.360120e+07 1.972618e+06 
1.583677e+02 3.341348e+07 1.868796e+06 
1.642806e+02 3.586136e+07 1.736186e+06 
1.619077e+02 3.216657e+07 1.972618e+06 
1.650722e+02 3.577252e+07 1.736186e+06 
1.637596e+02 3.604786e+07 1.661152e+06 
1.647462e+02 3.986513e+07 1.639732e+06 
1.551883e+02 3.301282e+07 2.076440e+06 
1.529985e+02 3.408564e+07 2.208646e+06 
1.536491e+02 3.338177e+07 2.076440e+06 
1.654367e+02 3.212935e+07 1.972618e+06 
1.715862e+02 3.940266e+07 1.606288e+06 
1.645882e+02 3.294447e+07 1.868796e+06 
1.673860e+02 3.194409e+07 1.972618e+06 
1.539271e+02 3.334563e+07 2.007860e+06 
1.662537e+02 3.209594e+07 1.972618e+06 
1.575118e+02 3.390902e+07 1.868796e+06 
1.526971e+02 3.448142e+07 2.409432e+06 
1.655694e+02 4.051753e+07 1.606288e+06 
1.554696e+02 3.276830e+07 2.076440e+06 
1.724454e+02 3.548965e+07 1.661152e+06 
1.617288e+02 3.680484e+07 1.661152e+06 
1.666295e+02 3.978298e+07 1.606288e+06 
1.675500e+02 3.556597e+07 1.661152e+06 
1.684338e+02 3.696354e+07 1.639732e+06 
1.580583e+02 3.364381e+07 1.868796e+06 
1.648964e+02 3.773021e+07 1.639732e+06 
1.578637e+02 3.373960e+07 1.868796e+06 
1.645916e+02 3.997694e+07 1.606288e+06 
1.536618e+02 3.384589e+07 2.007860e+06 
1.642145e+02 3.292384e+07 1.868796e+06 
1.594489e+02 3.226630e+07 1.972618e+06 
1.543753e+02 3.308942e+07 2.076440e+06 
1.528587e+02 3.387581e+07 2.409432e+06 
1.594262e+02 3.226884e+07 1.972618e+06 
1.692890e+02 3.548747e+07 1.661152e+06 
1.665477e+02 3.424280e+07 1.807074e+06 
1.532767e+02 3.382541e+07 2.007860e+06 
1.579731e+02 3.239292e+07 1.972618e+06 
1.580653e+02 3.259226e+07 1.972618e+06 
1.553015e+02 3.415836e+07 1.972618e+06 
1.673520e+02 3.568354e+07 1.736186e+06 
1.576855e+02 3.443255e+07 1.868796e+06 
1.560429e+02 3.275225e+07 2.076440e+06 
1.588854e+02 3.230446e+07 1.972618e+06 
1.626854e+02 3.643925e+07 1.661152e+06 
1.529566e+02 3.376395e+07 2.208646e+06 
1.532078e+02 3.349484e+07 2.208646e+06 
1.525888e+02 3.448883e+07 2.610219e+06 
1.681603e+02 3.399573e+07 1.764974e+06 
1.674859e+02 3.422331e+07 1.807074e+06 
1.553250e+02 3.406001e+07 1.972618e+06 
1.625609e+02 4.030460e+07 1.606288e+06 
1.634732e+02 3.620918e+07 1.736186e+06 
1.597424e+02 3.433584e+07 1.764974e+06 
1.633861e+02 3.626976e+07 1.736186e+06 
1.543862e+02 3.295339e+07 2.007860e+06 
1.716718e+02 3.827831e+07 1.606288e+06 
1.608416e+02 3.226538e+07 1.972618e+06 
1.527018e+02 3.562773e+07 2.811005e+06 
1.544747e+02 3.314919e+07 2.208646e+06 
1.634787e+02 3.199817e+07 1.972618e+06 
1.536130e+02 3.310749e+07 2.208646e+06 
1.521713e+02 3.426718e+07 2.811005e+06 
1.594218e+02 3.390637e+07 1.868796e+06 
1.570629e+02 3.265344e+07 1.972618e+06 
1.606182e+02 3.490410e+07 1.764974e+06 
1.532219e+02 3.375183e+07 2.076440e+06 
1.673985e+02 3.197120e+07 1.972618e+06 
1.571688e+02 3.263083e+07 1.972618e+06 
1.634598e+02 3.679525e+07 1.661152e+06 
1.639530e+02 3.615514e+07 1.661152e+06 
1.658667e+02 3.575210e+07 1.661152e+06 
1.743854e+02 3.653355e+07 1.639732e+06 
1.561322e+02 3.330014e+07 1.972618e+06 
1.674561e+02 3.570884e+07 1.661152e+06 
1.594623e+02 3.506381e+07 1.807074e+06 
1.595436e+02 3.233333e+07 1.972618e+06 
1.531548e+02 3.313154e+07 2.076440e+06 
1.585438e+02 3.253729e+07 1.972618e+06 
1.554313e+02 3.409078e+07 1.972618e+06 
1.567532e+02 3.287322e+07 1.972618e+06 
1.599674e+02 3.534928e+07 1.807074e+06 
1.573359e+02 3.263305e+07 1.972618e+06 
1.553611e+02 3.259659e+07 2.076440e+06 
1.538109e+02 3.320438e+07 2.076440e+06 
1.811056e+02 3.684680e+07 1.639732e+06 
1.618754e+02 3.221344e+07 1.972618e+06 
1.633388e+02 3.206332e+07 1.972618e+06 
1.641530e+02 3.435335e+07 1.807074e+06 
1.680896e+02 3.382806e+07 1.764974e+06 
1.727365e+02 3.829257e+07 1.606288e+06 
1.607269e+02 3.309626e+07 1.868796e+06 
1.527623e+02 3.480682e+07 2.811005e+06 
1.571401e+02 3.244064e+07 2.076440e+06 
1.622166e+02 3.217801e+07 1.972618e+06 
1.635932e+02 3.599688e+07 1.736186e+06 

1.814074e+02 3.540607e+07 1.661152e+06 
1.900826e+02 3.491769e+07 1.661152e+06 
1.615741e+02 3.408481e+07 2.007860e+06 
1.622183e+02 3.413608e+07 1.868796e+06 
1.636888e+02 3.455931e+07 1.807074e+06 
1.641234e+02 3.306193e+07 1.868796e+06 
1.639780e+02 3.221834e+07 1.972618e+06 
1.703315e+02 3.231427e+07 1.868796e+06 
1.787273e+02 3.535241e+07 1.661152e+06 
1.585251e+02 3.432507e+07 2.610219e+06 
1.625820e+02 3.407772e+07 1.832641e+06 
1.623530e+02 3.381033e+07 2.409432e+06 
1.681773e+02 3.534558e+07 1.736186e+06 
1.635703e+02 3.497620e+07 1.807074e+06 
1.633232e+02 3.340758e+07 1.868796e+06 
1.693174e+02 3.210135e+07 1.972618e+06 
1.660013e+02 3.261228e+07 1.868796e+06 
1.898644e+02 3.466240e+07 1.661152e+06 
1.628205e+02 3.322950e+07 2.208646e+06 
1.613456e+02 3.430380e+07 1.972618e+06 
1.606364e+02 3.475610e+07 2.007860e+06 
1.648646e+02 3.423783e+07 1.807074e+06 
1.662559e+02 3.393773e+07 1.764974e+06 
1.688499e+02 3.319850e+07 1.764974e+06 
1.636421e+02 3.295934e+07 1.972618e+06 
1.783898e+02 3.296217e+07 1.764974e+06 
1.683025e+02 3.310748e+07 1.832641e+06 
1.609730e+02 3.423322e+07 2.208646e+06 
1.589409e+02 3.554655e+07 2.409432e+06 
1.706016e+02 3.170479e+07 1.972618e+06 
1.640408e+02 3.258462e+07 1.972618e+06 
1.612085e+02 3.448708e+07 2.007860e+06 
1.636845e+02 3.456748e+07 1.764974e+06 
1.605685e+02 3.469525e+07 2.007860e+06 
1.707038e+02 3.223713e+07 1.972618e+06 
1.688988e+02 3.213000e+07 1.972618e+06 
1.577683e+02 3.787037e+07 3.212577e+06 
1.602980e+02 3.454602e+07 2.409432e+06 
1.671199e+02 3.253395e+07 1.868796e+06 
1.575458e+02 3.546332e+07 2.610219e+06 
1.638323e+02 3.289004e+07 1.972618e+06 
1.891114e+02 3.489954e+07 1.661152e+06 
1.758823e+02 3.402775e+07 1.764974e+06 
1.679868e+02 3.381201e+07 1.764974e+06 
1.638105e+02 3.320928e+07 1.832641e+06 
1.755011e+02 3.484635e+07 1.736186e+06 
1.720664e+02 3.556160e+07 1.736186e+06 
1.646840e+02 3.491209e+07 1.764974e+06 
1.636674e+02 3.304140e+07 1.868796e+06 
1.592339e+02 4.202863e+07 2.208646e+06 
1.647327e+02 3.425945e+07 1.764974e+06 
1.596658e+02 3.459120e+07 2.409432e+06 
1.658840e+02 3.255684e+07 1.972618e+06 
1.688948e+02 3.224109e+07 1.868796e+06 
1.728306e+02 3.307724e+07 1.832641e+06 
1.617725e+02 3.393994e+07 2.007860e+06 
1.661215e+02 3.424812e+07 1.764974e+06 
1.624102e+02 3.372925e+07 1.868796e+06 
1.681786e+02 3.374464e+07 1.764974e+06 
1.601337e+02 4.201966e+07 2.208646e+06 
1.578297e+02 3.528982e+07 2.610219e+06 
1.623828e+02 3.478825e+07 1.832641e+06 
1.845625e+02 3.467302e+07 1.736186e+06 
1.740614e+02 3.301820e+07 1.764974e+06 
1.605394e+02 3.412073e+07 2.208646e+06 
1.748044e+02 3.522265e+07 1.736186e+06 
1.629543e+02 3.345396e+07 1.832641e+06 
1.753986e+02 3.522227e+07 1.736186e+06 
1.622570e+02 3.298079e+07 2.007860e+06 
1.703937e+02 3.309456e+07 1.764974e+06 
1.757060e+02 3.362809e+07 1.832641e+06 
1.642588e+02 3.283645e+07 1.868796e+06 
1.684632e+02 3.245846e+07 1.868796e+06 
1.800330e+02 3.305018e+07 1.764974e+06 
1.575251e+02 3.589102e+07 3.011791e+06 
1.671924e+02 3.241675e+07 1.972618e+06 
1.688240e+02 3.355474e+07 1.764974e+06 
1.623898e+02 3.404502e+07 1.972618e+06 
1.644261e+02 3.428381e+07 1.764974e+06 
1.687153e+02 3.529235e+07 1.736186e+06 
1.624975e+02 3.364143e+07 1.868796e+06 
1.635235e+02 3.333535e+07 1.972618e+06 
1.623395e+02 3.409713e+07 1.972618e+06 
1.577452e+02 3.500210e+07 2.610219e+06 
1.687624e+02 3.278921e+07 1.868796e+06 
1.592566e+02 3.461302e+07 2.610219e+06 
1.620647e+02 3.416967e+07 1.972618e+06 
1.642395e+02 3.286865e+07 1.868796e+06 
1.651448e+02 3.265893e+07 1.868796e+06 
1.806197e+02 3.184757e+07 2.076440e+06 
1.586467e+02 3.490995e+07 2.610219e+06 
1.664373e+02 3.259315e+07 1.868796e+06 
1.641178e+02 3.292284e+07 1.868796e+06 
1.792665e+02 3.464662e+07 1.736186e+06 
1.636232e+02 3.305675e+07 1.868796e+06 
1.618644e+02 3.471760e+07 1.832641e+06 
1.666874e+02 3.437315e+07 1.807074e+06 
1.819525e+02 3.492404e+07 1.661152e+06 
1.637844e+02 3.432941e+07 1.807074e+06 
1.641826e+02 3.291650e+07 1.868796e+06 

1.538240e+02 3.495339e+07 3.212577e+06 
1.757441e+02 3.448537e+07 1.807074e+06 
1.800574e+02 3.211301e+07 2.076440e+06 
1.853245e+02 3.417286e+07 1.807074e+06 
1.592283e+02 3.285318e+07 2.409432e+06 
1.691838e+02 3.232068e+07 1.972618e+06 
1.827932e+02 3.177797e+07 2.208646e+06 
1.716597e+02 3.332065e+07 1.868796e+06 
1.601345e+02 3.273481e+07 2.409432e+06 
1.594498e+02 3.301204e+07 2.208646e+06 
1.539538e+02 3.484372e+07 3.212577e+06 
1.528478e+02 3.463519e+07 3.212577e+06 
1.547715e+02 3.477108e+07 3.011791e+06 
1.661912e+02 3.268553e+07 2.076440e+06 
1.622728e+02 3.330472e+07 2.007860e+06 
1.575977e+02 3.309640e+07 2.610219e+06 
1.682323e+02 3.351939e+07 1.868796e+06 
1.617215e+02 3.445165e+07 2.076440e+06 
1.650681e+02 3.269313e+07 1.972618e+06 
1.831453e+02 3.170537e+07 2.208646e+06 
1.671792e+02 3.249384e+07 1.972618e+06 
1.537587e+02 3.489885e+07 3.011791e+06 
1.640931e+02 3.275225e+07 1.972618e+06 
1.604577e+02 3.237845e+07 2.208646e+06 
1.862890e+02 3.181498e+07 2.208646e+06 
1.670400e+02 3.372551e+07 1.868796e+06 
1.685812e+02 3.191639e+07 2.208646e+06 
1.624064e+02 3.341280e+07 2.007860e+06 
1.772024e+02 3.225234e+07 2.076440e+06 
1.581167e+02 3.313038e+07 2.409432e+06 
1.638434e+02 3.291315e+07 1.972618e+06 
1.584203e+02 3.303459e+07 2.409432e+06 
1.541417e+02 3.523500e+07 3.011791e+06 
1.554122e+02 3.475751e+07 3.011791e+06 
1.619484e+02 3.381422e+07 2.076440e+06 
1.669156e+02 3.470343e+07 1.832641e+06 
1.586690e+02 3.363206e+07 2.208646e+06 
1.869937e+02 3.416461e+07 1.807074e+06 
1.663879e+02 3.478562e+07 1.868796e+06 
1.593922e+02 3.278104e+07 2.409432e+06 
1.731721e+02 3.195594e+07 2.208646e+06 
1.668673e+02 3.252367e+07 2.076440e+06 
1.544802e+02 3.486607e+07 3.011791e+06 
1.624454e+02 3.281910e+07 1.972618e+06 
1.750694e+02 3.454623e+07 1.807074e+06 
1.766764e+02 3.321840e+07 1.868796e+06 
1.759040e+02 3.233560e+07 1.972618e+06 
1.697805e+02 3.235812e+07 1.972618e+06 
1.659519e+02 3.373464e+07 1.868796e+06 
1.618454e+02 3.362958e+07 2.180262e+06 
1.569949e+02 3.320421e+07 2.610219e+06 
1.703050e+02 3.490304e+07 1.807074e+06 
1.716928e+02 3.315254e+07 1.868796e+06 
1.620704e+02 3.322600e+07 2.076440e+06 
1.756285e+02 3.291871e+07 1.868796e+06 
1.558975e+02 3.376293e+07 2.610219e+06 
1.604468e+02 3.266738e+07 2.409432e+06 
1.701397e+02 3.209494e+07 2.409432e+06 
1.585512e+02 3.287775e+07 2.409432e+06 
1.620669e+02 3.355257e+07 2.076440e+06 
1.714170e+02 3.479073e+07 1.807074e+06 
1.631703e+02 3.232353e+07 2.208646e+06 
1.556877e+02 3.475158e+07 3.011791e+06 
1.574535e+02 3.338031e+07 2.610219e+06 
1.681257e+02 3.520734e+07 1.832641e+06 
1.954083e+02 3.173309e+07 2.409432e+06 
1.675308e+02 3.352357e+07 1.868796e+06 
1.573604e+02 3.399947e+07 2.409432e+06 
1.807054e+02 3.180181e+07 2.208646e+06 
1.666916e+02 3.194210e+07 2.208646e+06 
1.569943e+02 3.385200e+07 2.409432e+06 
1.586888e+02 3.273896e+07 2.409432e+06 
1.637939e+02 3.214293e+07 2.208646e+06 
1.682927e+02 3.350035e+07 1.868796e+06 
1.590524e+02 3.303301e+07 2.208646e+06 
1.612753e+02 3.250548e+07 2.409432e+06 
1.619482e+02 3.406116e+07 2.076440e+06 
1.538043e+02 3.509912e+07 3.212577e+06 
1.621964e+02 3.317297e+07 2.180262e+06 
1.705087e+02 3.414168e+07 1.832641e+06 
1.558614e+02 3.359250e+07 2.610219e+06 
1.622334e+02 3.241593e+07 2.208646e+06 
1.860898e+02 3.419194e+07 1.807074e+06 
1.589726e+02 3.385857e+07 2.208646e+06 
1.590162e+02 3.305366e+07 2.409432e+06 
1.571554e+02 3.348056e+07 2.610219e+06 
1.657770e+02 3.219803e+07 2.208646e+06 
1.815373e+02 3.183103e+07 2.208646e+06 
1.760002e+02 3.428741e+07 1.807074e+06 
1.620714e+02 3.325985e+07 2.076440e+06 
1.718614e+02 3.467415e+07 1.807074e+06 
1.917650e+02 3.176303e+07 2.208646e+06 
1.578799e+02 3.324767e+07 2.610219e+06 
1.671411e+02 3.266297e+07 1.972618e+06 
1.730747e+02 3.454774e+07 1.807074e+06 
1.720990e+02 3.356895e+07 1.868796e+06 
1.559117e+02 3.352419e+07 2.811005e+06 
1.704364e+02 3.214550e+07 2.076440e+06 
1.666535e+02 3.524926e+07 1.832641e+06 
1.712397e+02 3.512655e+07 1.807074e+06 

1.535821e+02 3.592147e+07 3.011791e+06 
1.554522e+02 3.378592e+07 2.811005e+06 
1.637855e+02 3.165582e+07 1.972618e+06 
1.569243e+02 3.405010e+07 2.007860e+06 
1.715031e+02 3.371352e+07 1.807074e+06 
1.685412e+02 3.355804e+07 1.832641e+06 
1.762107e+02 3.366940e+07 1.807074e+06 
1.635530e+02 3.167940e+07 1.972618e+06 
1.608271e+02 3.190208e+07 1.972618e+06 
1.563583e+02 3.401425e+07 2.208646e+06 
1.581769e+02 3.284912e+07 2.409432e+06 
1.752352e+02 3.340644e+07 1.807074e+06 
1.650944e+02 3.436905e+07 1.807074e+06 
1.597372e+02 3.205705e+07 1.972618e+06 
1.599585e+02 3.170083e+07 1.972618e+06 
1.656613e+02 3.388460e+07 1.832641e+06 
1.704968e+02 3.131525e+07 1.972618e+06 
1.654654e+02 3.129582e+07 1.972618e+06 
1.637399e+02 3.498458e+07 1.832641e+06 
1.668234e+02 3.412487e+07 1.807074e+06 
1.584123e+02 3.375136e+07 2.007860e+06 
1.571146e+02 3.426355e+07 2.007860e+06 
1.653813e+02 3.152857e+07 1.868796e+06 
1.561207e+02 3.376141e+07 2.610219e+06 
1.586181e+02 3.228230e+07 2.007860e+06 
1.549721e+02 3.507865e+07 2.811005e+06 
1.748778e+02 3.346992e+07 1.832641e+06 
1.544506e+02 3.519404e+07 3.011791e+06 
1.700379e+02 3.383004e+07 1.807074e+06 
1.686159e+02 3.125530e+07 1.972618e+06 
1.558854e+02 3.445477e+07 2.409432e+06 
1.702874e+02 3.450435e+07 1.764974e+06 
1.599720e+02 3.284310e+07 1.868796e+06 
1.583713e+02 3.278970e+07 2.208646e+06 
1.667125e+02 3.431799e+07 1.807074e+06 
1.536721e+02 3.557858e+07 2.811005e+06 
1.568640e+02 3.294862e+07 2.409432e+06 
1.620685e+02 3.218767e+07 1.868796e+06 
1.572604e+02 3.275981e+07 2.409432e+06 
1.630963e+02 3.183641e+07 1.868796e+06 
1.686327e+02 3.145107e+07 1.868796e+06 
1.675882e+02 3.400245e+07 1.807074e+06 
1.549112e+02 3.429126e+07 2.811005e+06 
1.557890e+02 3.414319e+07 2.409432e+06 
1.554339e+02 3.449446e+07 2.610219e+06 
1.745997e+02 3.380241e+07 1.764974e+06 
1.537862e+02 3.556916e+07 3.212577e+06 
1.723468e+02 3.372038e+07 1.764974e+06 
1.576407e+02 3.289831e+07 2.208646e+06 
1.733858e+02 3.354831e+07 1.807074e+06 
1.640053e+02 3.149775e+07 1.972618e+06 
1.583633e+02 3.270844e+07 2.409432e+06 
1.705228e+02 3.123969e+07 1.972618e+06 
1.573442e+02 3.403898e+07 2.007860e+06 
1.637764e+02 3.155610e+07 1.972618e+06 
1.561545e+02 3.323086e+07 2.409432e+06 
1.732086e+02 3.327749e+07 1.832641e+06 
1.631846e+02 3.169337e+07 1.972618e+06 
1.754636e+02 3.141305e+07 1.868796e+06 
1.562805e+02 3.350376e+07 2.610219e+06 
1.643980e+02 3.458543e+07 1.832641e+06 
1.537225e+02 3.589222e+07 3.011791e+06 
1.552305e+02 3.427104e+07 2.811005e+06 
1.583745e+02 3.273632e+07 2.208646e+06 
1.613956e+02 3.234859e+07 1.868796e+06 
1.539647e+02 3.504389e+07 2.811005e+06 
1.558004e+02 3.368649e+07 2.610219e+06 
1.724822e+02 3.421457e+07 1.764974e+06 
1.656952e+02 3.138539e+07 1.972618e+06 
1.701818e+02 3.134836e+07 1.868796e+06 
1.560096e+02 3.360799e+07 2.409432e+06 
1.563799e+02 3.294471e+07 2.208646e+06 
1.668938e+02 3.459570e+07 1.807074e+06 
1.641553e+02 3.156334e+07 1.972618e+06 
1.555229e+02 3.429270e+07 2.811005e+06 
1.642584e+02 3.143068e+07 1.972618e+06 
1.535265e+02 3.599513e+07 3.212577e+06 
1.642526e+02 3.155862e+07 1.868796e+06 
1.588021e+02 3.234089e+07 2.007860e+06 
1.629670e+02 3.218198e+07 1.868796e+06 
1.615403e+02 3.180906e+07 1.972618e+06 
1.540991e+02 3.542551e+07 2.811005e+06 
1.633718e+02 3.481102e+07 1.832641e+06 
1.562995e+02 3.397784e+07 2.208646e+06 
1.654085e+02 3.135359e+07 1.972618e+06 
1.554096e+02 3.425471e+07 2.610219e+06 
1.536431e+02 3.566369e+07 3.011791e+06 
1.585583e+02 3.271859e+07 2.076440e+06 
1.557814e+02 3.406623e+07 2.610219e+06 
1.555629e+02 3.379403e+07 2.610219e+06 
1.719950e+02 3.130928e+07 1.972618e+06 
1.680592e+02 3.149305e+07 1.868796e+06 
1.650887e+02 3.141856e+07 1.972618e+06 
1.594077e+02 3.185375e+07 1.972618e+06 
1.603688e+02 3.236861e+07 1.868796e+06 
1.679436e+02 3.135355e+07 1.972618e+06 
1.600254e+02 3.419779e+07 1.868796e+06 
1.560783e+02 3.349330e+07 2.610219e+06 
1.595046e+02 3.390754e+07 1.868796e+06 
1.583261e+02 3.388010e+07 2.007860e+06 

