3.587926e+02 6.691893e+07 5.594378e+06 
3.185536e+02 7.760659e+07 5.690833e+06 
3.151561e+02 6.746122e+07 6.076652e+06 
3.334676e+02 6.695631e+07 5.883743e+06 
3.051690e+02 6.818564e+07 6.269562e+06 
3.583918e+02 6.814409e+07 5.305014e+06 
3.431773e+02 6.695789e+07 5.787288e+06 
3.263048e+02 6.791281e+07 5.787288e+06 
3.083799e+02 7.072601e+07 6.173107e+06 
3.064606e+02 6.814233e+07 6.269562e+06 
3.100241e+02 6.779627e+07 6.366017e+06 
3.142219e+02 6.984387e+07 5.883743e+06 
3.040953e+02 6.874221e+07 6.269562e+06 
3.223030e+02 6.744272e+07 6.366017e+06 
3.512247e+02 6.974631e+07 4.822740e+06 
3.188161e+02 7.152728e+07 5.690833e+06 
3.119249e+02 6.777754e+07 6.173107e+06 
3.652156e+02 6.661601e+07 5.787288e+06 
3.367715e+02 6.778420e+07 5.690833e+06 
3.429638e+02 6.930092e+07 5.112104e+06 
3.540753e+02 6.732632e+07 5.497924e+06 
3.369284e+02 6.694941e+07 6.173107e+06 
3.236145e+02 6.769914e+07 5.883743e+06 
3.518942e+02 6.784198e+07 5.497924e+06 
3.240805e+02 7.158442e+07 5.594378e+06 
3.375401e+02 6.880453e+07 5.497924e+06 
3.136550e+02 8.121687e+07 5.883743e+06 
3.385422e+02 6.686543e+07 6.076652e+06 
3.392194e+02 7.167528e+07 4.919195e+06 
3.577578e+02 6.891503e+07 5.015650e+06 
3.366491e+02 7.030369e+07 5.305014e+06 
3.320632e+02 6.741287e+07 5.787288e+06 
3.393019e+02 6.995361e+07 5.305014e+06 
3.190694e+02 6.925957e+07 5.690833e+06 
3.140409e+02 6.764939e+07 6.462472e+06 
3.462508e+02 7.129511e+07 4.822740e+06 
3.460302e+02 7.052459e+07 4.919195e+06 
3.493304e+02 6.975862e+07 5.015650e+06 
3.604614e+02 6.868916e+07 5.015650e+06 
3.465949e+02 6.879192e+07 5.305014e+06 
3.095734e+02 6.791962e+07 6.269562e+06 
3.116524e+02 7.105655e+07 5.980198e+06 
3.094066e+02 6.921163e+07 6.076652e+06 
3.552759e+02 7.043156e+07 4.629830e+06 
3.586797e+02 6.902688e+07 4.919195e+06 
3.602903e+02 6.679729e+07 6.269562e+06 
3.284333e+02 6.721540e+07 6.173107e+06 
3.553307e+02 6.727242e+07 5.594378e+06 
3.267841e+02 6.872061e+07 5.594378e+06 
3.127579e+02 6.886964e+07 6.076652e+06 
3.497650e+02 7.171048e+07 4.726285e+06 
3.838476e+02 6.995471e+07 4.629830e+06 
3.415471e+02 7.118062e+07 5.015650e+06 
3.602424e+02 6.990637e+07 4.726285e+06 
3.507131e+02 6.921879e+07 5.015650e+06 
3.677629e+02 6.916891e+07 4.822740e+06 
3.124858e+02 7.003855e+07 5.980198e+06 
3.222106e+02 7.884014e+07 5.497924e+06 
3.352805e+02 7.207432e+07 5.112104e+06 
3.241155e+02 7.486652e+07 5.497924e+06 
3.249392e+02 7.011515e+07 5.594378e+06 
3.261605e+02 6.819341e+07 5.690833e+06 
3.089523e+02 6.843460e+07 6.173107e+06 
3.491892e+02 6.740083e+07 5.594378e+06 
3.790198e+02 6.648406e+07 5.401469e+06 
3.204180e+02 6.830769e+07 5.690833e+06 
3.603024e+02 6.981343e+07 4.734323e+06 
3.314124e+02 7.087910e+07 5.401469e+06 
3.453934e+02 6.771489e+07 5.594378e+06 
3.169205e+02 6.752774e+07 5.980198e+06 
3.331669e+02 7.229215e+07 5.208559e+06 
3.630335e+02 6.850303e+07 5.208559e+06 
3.738523e+02 6.670018e+07 5.401469e+06 
3.314835e+02 6.718389e+07 5.883743e+06 
3.158061e+02 6.826760e+07 5.980198e+06 
3.586855e+02 7.021852e+07 4.568207e+06 
3.511879e+02 7.009496e+07 4.726285e+06 
3.294562e+02 7.270734e+07 5.015650e+06 
3.032418e+02 7.099798e+07 6.269562e+06 
3.187502e+02 6.880700e+07 5.787288e+06 
3.772116e+02 7.045633e+07 4.436921e+06 
3.443281e+02 7.224039e+07 4.822740e+06 
3.609006e+02 6.728584e+07 5.305014e+06 
3.335200e+02 6.927258e+07 5.497924e+06 
3.048872e+02 6.828104e+07 6.269562e+06 
3.221037e+02 7.629951e+07 5.594378e+06 
3.131115e+02 6.774760e+07 6.269562e+06 
3.619485e+02 6.680493e+07 5.497924e+06 
3.527847e+02 6.922081e+07 4.919195e+06 
3.146699e+02 6.921973e+07 5.980198e+06 
3.369827e+02 7.028813e+07 5.112104e+06 
3.137368e+02 7.051439e+07 5.787288e+06 
3.742874e+02 6.660964e+07 5.594378e+06 
3.640934e+02 7.230788e+07 4.533376e+06 
3.657334e+02 6.662863e+07 5.594378e+06 
3.304381e+02 7.197087e+07 5.401469e+06 
3.640657e+02 6.925264e+07 4.822740e+06 
3.180149e+02 6.851994e+07 5.883743e+06 
3.501366e+02 6.843625e+07 5.305014e+06 
3.669481e+02 6.842132e+07 5.208559e+06 

3.457796e+02 7.178195e+07 6.366017e+06 
3.339821e+02 8.060635e+07 5.594378e+06 
3.729679e+02 7.675990e+07 4.822740e+06 
3.422138e+02 7.768659e+07 5.305014e+06 
3.222487e+02 7.333023e+07 6.269562e+06 
3.729854e+02 7.772773e+07 4.726285e+06 
3.727111e+02 7.734684e+07 4.726285e+06 
3.278159e+02 7.308721e+07 6.076652e+06 
3.741483e+02 7.199489e+07 5.787288e+06 
3.439081e+02 7.379831e+07 5.208559e+06 
3.723794e+02 7.790382e+07 4.533376e+06 
3.809338e+02 7.477908e+07 5.112104e+06 
3.715209e+02 7.602576e+07 5.015650e+06 
3.143152e+02 7.433823e+07 6.366017e+06 
3.639717e+02 7.637405e+07 5.112104e+06 
3.538628e+02 7.184888e+07 5.980198e+06 
3.167159e+02 7.303792e+07 6.558926e+06 
3.253903e+02 7.295453e+07 6.173107e+06 
3.215891e+02 7.409996e+07 6.269562e+06 
3.194016e+02 7.518547e+07 6.076652e+06 
3.556529e+02 7.874890e+07 4.919195e+06 
3.233525e+02 7.263378e+07 6.366017e+06 
3.612654e+02 7.901198e+07 4.726285e+06 
3.431785e+02 7.309887e+07 5.305014e+06 
3.664311e+02 8.010327e+07 4.702171e+06 
3.179314e+02 7.650159e+07 6.173107e+06 
3.591488e+02 7.378637e+07 5.305014e+06 
3.773987e+02 7.157613e+07 5.787288e+06 
3.483186e+02 7.174406e+07 6.366017e+06 
3.591787e+02 7.750178e+07 4.919195e+06 
3.331140e+02 7.245967e+07 5.787288e+06 
3.429417e+02 7.207296e+07 5.690833e+06 
3.342157e+02 7.374403e+07 5.690833e+06 
3.242858e+02 7.374047e+07 5.883743e+06 
3.235726e+02 7.398779e+07 5.980198e+06 
3.743302e+02 7.211819e+07 5.594378e+06 
3.561636e+02 7.723628e+07 5.112104e+06 
3.773652e+02 7.156506e+07 5.594378e+06 
3.312033e+02 7.208753e+07 6.076652e+06 
3.425555e+02 7.178394e+07 6.366017e+06 
3.697640e+02 7.868940e+07 4.726285e+06 
3.556296e+02 7.792912e+07 5.112104e+06 
3.380843e+02 7.245157e+07 5.401469e+06 
3.628930e+02 7.233623e+07 6.076652e+06 
3.589604e+02 7.182778e+07 5.883743e+06 
3.198723e+02 7.304241e+07 6.366017e+06 
3.192745e+02 7.323836e+07 6.366017e+06 
3.802338e+02 7.144972e+07 6.173107e+06 
3.322888e+02 7.277720e+07 5.980198e+06 
3.605950e+02 7.726514e+07 4.919195e+06 
3.404634e+02 7.243558e+07 5.594378e+06 
3.753543e+02 7.568299e+07 5.015650e+06 
3.280222e+02 7.246644e+07 6.366017e+06 
3.140409e+02 7.377358e+07 6.558926e+06 
3.845906e+02 7.491594e+07 5.112104e+06 
3.180943e+02 7.428561e+07 6.269562e+06 
3.727242e+02 7.536924e+07 5.112104e+06 
3.201891e+02 7.436565e+07 6.076652e+06 
3.713363e+02 7.613480e+07 4.919195e+06 
3.526000e+02 7.192999e+07 6.076652e+06 
3.600937e+02 7.146860e+07 5.980198e+06 
3.707964e+02 7.203960e+07 5.787288e+06 
3.468586e+02 7.261944e+07 5.401469e+06 
3.177506e+02 7.491958e+07 6.269562e+06 
3.768420e+02 7.661455e+07 4.822740e+06 
3.718588e+02 7.802709e+07 4.726285e+06 
3.137040e+02 7.506193e+07 6.366017e+06 
3.621611e+02 7.216609e+07 5.401469e+06 
3.288371e+02 7.287586e+07 6.173107e+06 
3.388946e+02 7.244335e+07 5.401469e+06 
3.224863e+02 7.303647e+07 6.173107e+06 
3.123019e+02 7.544769e+07 6.366017e+06 
3.409614e+02 7.203479e+07 6.366017e+06 
3.512469e+02 7.195014e+07 5.980198e+06 
3.712392e+02 7.181447e+07 5.883743e+06 
3.380248e+02 7.306965e+07 5.594378e+06 
3.397991e+02 7.310904e+07 5.401469e+06 
3.692303e+02 7.628041e+07 4.919195e+06 
3.540293e+02 7.148492e+07 6.076652e+06 
3.354852e+02 7.252481e+07 5.401469e+06 
3.778678e+02 7.972496e+07 4.629830e+06 
3.652670e+02 7.688888e+07 4.919195e+06 
3.503315e+02 7.187211e+07 6.173107e+06 
3.545481e+02 7.161591e+07 5.980198e+06 
3.131750e+02 7.508253e+07 6.366017e+06 
3.487566e+02 7.170818e+07 6.366017e+06 
3.287215e+02 7.319783e+07 5.787288e+06 
3.661693e+02 7.663574e+07 4.919195e+06 
3.420835e+02 7.868364e+07 5.305014e+06 
3.284881e+02 7.338982e+07 5.980198e+06 
3.840316e+02 7.493278e+07 5.015650e+06 
3.150896e+02 7.337851e+07 6.366017e+06 
3.500180e+02 7.230218e+07 5.497924e+06 
3.580934e+02 7.820208e+07 5.015650e+06 
3.560539e+02 7.233479e+07 5.401469e+06 
3.330507e+02 7.483713e+07 5.690833e+06 
3.223937e+02 7.339055e+07 6.173107e+06 
3.607780e+02 7.137020e+07 5.980198e+06 
3.291938e+02 7.277059e+07 6.269562e+06 
3.184958e+02 7.423706e+07 6.269562e+06 

3.706452e+02 7.102538e+07 4.346896e+06 
3.232763e+02 7.276182e+07 5.594378e+06 
3.322561e+02 7.018948e+07 5.266432e+06 
3.805258e+02 6.925455e+07 4.436921e+06 
3.655717e+02 7.000859e+07 4.533376e+06 
3.164436e+02 7.895785e+07 6.076652e+06 
3.395297e+02 6.917929e+07 5.266432e+06 
3.244625e+02 7.437270e+07 5.401469e+06 
3.839131e+02 6.852869e+07 4.919195e+06 
3.572483e+02 6.989850e+07 4.681273e+06 
3.563083e+02 7.031867e+07 4.629830e+06 
3.948094e+02 6.981481e+07 4.147556e+06 
3.411604e+02 6.891641e+07 5.112104e+06 
3.464720e+02 7.511837e+07 4.629830e+06 
4.002407e+02 6.771768e+07 5.112104e+06 
3.630189e+02 6.997892e+07 4.597679e+06 
3.426238e+02 6.962114e+07 4.919195e+06 
3.548902e+02 6.896548e+07 4.919195e+06 
3.239086e+02 7.269295e+07 5.433620e+06 
3.301133e+02 7.084514e+07 5.401469e+06 
3.222632e+02 7.216214e+07 5.787288e+06 
3.582170e+02 7.083231e+07 4.533376e+06 
3.509355e+02 6.977880e+07 4.822740e+06 
3.259557e+02 7.181486e+07 5.350026e+06 
3.179871e+02 7.320079e+07 5.980198e+06 
3.906217e+02 7.065023e+07 4.179708e+06 
3.308619e+02 7.031568e+07 5.497924e+06 
3.225266e+02 7.175475e+07 5.787288e+06 
3.564326e+02 7.771438e+07 4.430490e+06 
3.233619e+02 7.159760e+07 5.980198e+06 
3.466880e+02 7.713147e+07 4.597679e+06 
3.169405e+02 7.756072e+07 6.269562e+06 
3.677757e+02 7.843487e+07 4.346896e+06 
3.917482e+02 7.086736e+07 4.147556e+06 
3.297658e+02 7.109421e+07 5.401469e+06 
3.647757e+02 6.926166e+07 4.726285e+06 
3.437597e+02 7.652679e+07 4.726285e+06 
3.456673e+02 7.599867e+07 4.681273e+06 
3.278839e+02 7.226556e+07 5.112104e+06 
3.378118e+02 6.965719e+07 5.208559e+06 
3.965534e+02 6.813453e+07 4.822740e+06 
3.697415e+02 7.652519e+07 4.263302e+06 
3.686694e+02 6.942561e+07 4.436921e+06 
3.647526e+02 7.056100e+07 4.436921e+06 
3.729307e+02 6.874258e+07 4.629830e+06 
3.359749e+02 6.993365e+07 5.182838e+06 
3.354474e+02 7.100943e+07 5.015650e+06 
3.174017e+02 7.775520e+07 5.980198e+06 
3.927335e+02 6.917780e+07 4.533376e+06 
3.451533e+02 6.881121e+07 5.015650e+06 
3.760382e+02 7.026337e+07 4.340466e+06 
3.248731e+02 7.778806e+07 5.266432e+06 
3.857089e+02 6.823612e+07 4.629830e+06 
3.366653e+02 6.976479e+07 5.208559e+06 
3.337747e+02 7.001600e+07 5.208559e+06 
3.272997e+02 7.154754e+07 5.497924e+06 
3.364419e+02 7.039108e+07 4.932055e+06 
3.572158e+02 7.145275e+07 4.436921e+06 
3.470125e+02 6.920231e+07 4.919195e+06 
3.207447e+02 7.345189e+07 5.594378e+06 
3.518932e+02 7.725952e+07 4.568207e+06 
4.063632e+02 6.778725e+07 4.533376e+06 
3.285884e+02 7.157517e+07 5.266432e+06 
3.820557e+02 6.977572e+07 4.340466e+06 
3.908144e+02 6.813542e+07 4.919195e+06 
3.335173e+02 7.004937e+07 5.208559e+06 
3.630803e+02 6.944730e+07 4.726285e+06 
3.381976e+02 6.948154e+07 5.015650e+06 
3.537563e+02 6.969977e+07 4.822740e+06 
3.514434e+02 7.028759e+07 4.681273e+06 
3.207131e+02 7.280593e+07 5.980198e+06 
3.249188e+02 7.281783e+07 5.350026e+06 
3.731318e+02 7.805513e+07 4.244011e+06 
3.529276e+02 7.249634e+07 4.533376e+06 
3.387185e+02 7.742922e+07 4.848461e+06 
3.729396e+02 6.868366e+07 4.822740e+06 
3.715814e+02 7.258332e+07 4.340466e+06 
3.276758e+02 7.135771e+07 5.517215e+06 
3.791564e+02 7.693162e+07 4.200606e+06 
3.390495e+02 7.096642e+07 4.919195e+06 
3.895971e+02 7.166037e+07 4.147556e+06 
3.320736e+02 7.029985e+07 5.099244e+06 
3.538919e+02 6.869326e+07 5.305014e+06 
3.291306e+02 7.110693e+07 5.401469e+06 
3.812481e+02 6.846142e+07 5.208559e+06 
3.334847e+02 7.598946e+07 5.015650e+06 
3.524882e+02 7.558332e+07 4.436921e+06 
3.400394e+02 7.071862e+07 4.822740e+06 
3.398297e+02 6.899402e+07 5.182838e+06 
3.445239e+02 7.129572e+07 4.726285e+06 
3.179744e+02 7.336360e+07 5.787288e+06 
3.866270e+02 7.249233e+07 4.179708e+06 
3.403692e+02 7.181416e+07 4.764867e+06 
3.687732e+02 7.750759e+07 4.263302e+06 
3.356601e+02 7.236509e+07 4.932055e+06 
3.285382e+02 8.233131e+07 5.099244e+06 
3.313339e+02 7.096166e+07 5.208559e+06 
3.458565e+02 7.021136e+07 4.848461e+06 
3.961892e+02 6.797587e+07 4.919195e+06 
3.789558e+02 7.078153e+07 4.263302e+06 

3.236100e+02 7.220454e+07 6.173107e+06 
4.063426e+02 7.245502e+07 4.436921e+06 
3.792946e+02 6.992163e+07 5.112104e+06 
3.572531e+02 7.086047e+07 5.401469e+06 
3.495228e+02 7.067001e+07 6.076652e+06 
3.592599e+02 7.281547e+07 4.932055e+06 
3.368888e+02 7.149558e+07 5.401469e+06 
3.196297e+02 7.589612e+07 5.883743e+06 
3.660146e+02 7.898669e+07 4.629830e+06 
3.399408e+02 7.604031e+07 4.932055e+06 
3.844239e+02 7.035952e+07 4.822740e+06 
3.394905e+02 7.311605e+07 5.112104e+06 
3.239802e+02 7.171557e+07 6.269562e+06 
3.707779e+02 7.013635e+07 5.112104e+06 
3.258518e+02 7.339751e+07 5.305014e+06 
3.138263e+02 7.483146e+07 6.558926e+06 
3.203376e+02 7.491713e+07 5.787288e+06 
3.924653e+02 7.155477e+07 4.629830e+06 
3.596511e+02 7.203358e+07 5.112104e+06 
3.760236e+02 7.031326e+07 4.919195e+06 
3.997305e+02 7.010243e+07 4.726285e+06 
3.202275e+02 7.314488e+07 6.366017e+06 
3.259571e+02 7.128202e+07 6.076652e+06 
3.311711e+02 7.498166e+07 5.266432e+06 
4.092147e+02 6.986178e+07 4.726285e+06 
3.165897e+02 7.446237e+07 6.173107e+06 
3.220846e+02 7.410026e+07 5.787288e+06 
3.566971e+02 7.256765e+07 5.112104e+06 
3.503331e+02 6.992961e+07 5.690833e+06 
3.827720e+02 7.727611e+07 4.597679e+06 
3.995182e+02 7.265322e+07 4.436921e+06 
3.560556e+02 7.113084e+07 5.305014e+06 
4.122664e+02 7.223830e+07 4.436921e+06 
3.188042e+02 7.425852e+07 5.980198e+06 
4.066201e+02 7.267387e+07 4.244011e+06 
3.191304e+02 7.382049e+07 6.076652e+06 
4.116254e+02 6.914550e+07 4.919195e+06 
3.297103e+02 7.162815e+07 5.497924e+06 
3.155702e+02 7.475387e+07 6.366017e+06 
3.576701e+02 7.205571e+07 5.208559e+06 
3.329375e+02 7.624159e+07 5.208559e+06 
3.716018e+02 7.089533e+07 5.015650e+06 
3.863140e+02 7.729758e+07 4.436921e+06 
3.169822e+02 7.415146e+07 6.366017e+06 
3.612482e+02 6.989959e+07 5.401469e+06 
3.203791e+02 7.271094e+07 6.076652e+06 
3.347641e+02 7.396047e+07 5.208559e+06 
3.963990e+02 7.109118e+07 4.533376e+06 
3.452176e+02 7.093130e+07 5.497924e+06 
3.695427e+02 7.747513e+07 4.764867e+06 
3.754869e+02 7.078213e+07 4.726285e+06 
4.169261e+02 7.178059e+07 4.436921e+06 
3.211779e+02 7.361999e+07 5.980198e+06 
3.831921e+02 7.810610e+07 4.533376e+06 
3.656983e+02 7.107588e+07 5.112104e+06 
3.347694e+02 7.099079e+07 5.690833e+06 
3.232661e+02 7.236741e+07 6.366017e+06 
3.597331e+02 7.011549e+07 5.305014e+06 
3.676062e+02 7.191110e+07 5.015650e+06 
3.205263e+02 7.582059e+07 5.497924e+06 
3.143844e+02 7.414676e+07 6.558926e+06 
3.439832e+02 7.096499e+07 5.883743e+06 
3.623788e+02 7.326155e+07 4.822740e+06 
3.134635e+02 7.478656e+07 6.751836e+06 
3.433838e+02 7.235685e+07 5.305014e+06 
3.155517e+02 7.371704e+07 6.558926e+06 
3.371683e+02 7.316973e+07 5.208559e+06 
3.229609e+02 7.267956e+07 5.883743e+06 
3.307867e+02 7.280046e+07 5.305014e+06 
3.262239e+02 7.189851e+07 5.497924e+06 
3.217974e+02 7.242559e+07 6.269562e+06 
3.839285e+02 7.648673e+07 4.597679e+06 
3.365943e+02 7.474520e+07 5.112104e+06 
3.851024e+02 7.044799e+07 4.726285e+06 
3.204101e+02 7.520574e+07 5.600809e+06 
3.497478e+02 7.146605e+07 5.305014e+06 
3.217079e+02 7.269714e+07 6.366017e+06 
3.255077e+02 7.657532e+07 5.401469e+06 
3.893400e+02 7.193280e+07 4.629830e+06 
3.784390e+02 7.548705e+07 4.629830e+06 
3.945543e+02 7.214328e+07 4.533376e+06 
3.164206e+02 7.319623e+07 6.558926e+06 
3.596224e+02 7.155712e+07 5.208559e+06 
3.328177e+02 7.196025e+07 5.401469e+06 
3.627031e+02 7.221800e+07 4.932055e+06 
3.724980e+02 7.085186e+07 4.919195e+06 
3.143999e+02 7.403365e+07 6.558926e+06 
3.317255e+02 7.099454e+07 5.497924e+06 
3.975880e+02 7.001038e+07 4.919195e+06 
3.725535e+02 7.243767e+07 4.822740e+06 
3.236267e+02 7.200764e+07 5.497924e+06 
3.992871e+02 7.053210e+07 4.533376e+06 
3.508165e+02 7.293678e+07 5.112104e+06 
3.923312e+02 6.965138e+07 5.208559e+06 
3.568013e+02 8.099260e+07 4.919195e+06 
3.182349e+02 7.582707e+07 5.980198e+06 
3.396157e+02 7.278489e+07 5.208559e+06 
3.285209e+02 7.220769e+07 5.401469e+06 
3.644334e+02 7.951443e+07 4.681273e+06 
3.391802e+02 7.114081e+07 5.401469e+06 

3.536334e+02 6.814745e+07 5.401469e+06 
3.299258e+02 7.423912e+07 6.655381e+06 
3.403984e+02 7.091201e+07 5.690833e+06 
3.549326e+02 6.854969e+07 5.305014e+06 
3.835835e+02 7.127471e+07 4.726285e+06 
3.769521e+02 6.795356e+07 5.015650e+06 
3.667295e+02 6.754426e+07 5.305014e+06 
3.634651e+02 6.768062e+07 5.305014e+06 
4.143240e+02 7.040198e+07 4.436921e+06 
3.288653e+02 7.434762e+07 6.655381e+06 
3.797787e+02 6.705797e+07 5.401469e+06 
3.859521e+02 6.752589e+07 5.112104e+06 
3.640751e+02 7.216492e+07 5.015650e+06 
3.913903e+02 7.075520e+07 4.629830e+06 
3.610880e+02 6.873896e+07 5.208559e+06 
4.052701e+02 7.011501e+07 4.533376e+06 
3.607023e+02 6.896476e+07 5.266432e+06 
3.678535e+02 6.781743e+07 5.208559e+06 
4.113935e+02 7.010905e+07 4.629830e+06 
3.291256e+02 7.527041e+07 6.462472e+06 
3.688983e+02 6.730434e+07 5.305014e+06 
3.649407e+02 6.898519e+07 5.112104e+06 
3.952447e+02 6.845225e+07 4.919195e+06 
3.350402e+02 6.900965e+07 5.980198e+06 
3.406676e+02 6.783855e+07 5.787288e+06 
3.331094e+02 6.961196e+07 5.787288e+06 
4.074970e+02 7.234108e+07 4.436921e+06 
3.368430e+02 6.810811e+07 5.787288e+06 
4.101576e+02 7.169553e+07 4.533376e+06 
3.449422e+02 6.720461e+07 5.787288e+06 
3.644651e+02 6.823574e+07 5.208559e+06 
3.520505e+02 6.724042e+07 5.497924e+06 
3.700902e+02 6.968762e+07 5.099244e+06 
3.313141e+02 7.410031e+07 6.655381e+06 
3.706735e+02 6.727336e+07 5.305014e+06 
3.416100e+02 6.765944e+07 5.787288e+06 
3.602496e+02 7.108415e+07 5.208559e+06 
3.644407e+02 6.899469e+07 5.112104e+06 
3.511687e+02 6.872504e+07 5.305014e+06 
3.477659e+02 6.719988e+07 5.787288e+06 
4.140110e+02 7.150025e+07 4.436921e+06 
3.410905e+02 6.904160e+07 5.594378e+06 
3.985957e+02 7.390479e+07 4.436921e+06 
3.373141e+02 7.247579e+07 5.594378e+06 
3.555058e+02 6.742106e+07 5.401469e+06 
4.209337e+02 7.384679e+07 4.244011e+06 
3.905870e+02 6.955678e+07 4.822740e+06 
3.596410e+02 7.232967e+07 5.208559e+06 
3.509813e+02 6.818535e+07 5.401469e+06 
3.565272e+02 6.777770e+07 5.305014e+06 
3.724851e+02 6.851960e+07 4.919195e+06 
3.810603e+02 6.968704e+07 4.726285e+06 
3.982307e+02 6.914139e+07 4.629830e+06 
3.957501e+02 7.045534e+07 4.629830e+06 
3.599762e+02 6.699580e+07 5.497924e+06 
3.450793e+02 6.731428e+07 5.594378e+06 
3.364750e+02 6.782990e+07 5.787288e+06 
3.438998e+02 6.741140e+07 5.787288e+06 
3.783837e+02 6.729493e+07 5.112104e+06 
3.557885e+02 6.710330e+07 5.787288e+06 
3.512308e+02 6.719555e+07 5.690833e+06 
4.143933e+02 7.146578e+07 4.340466e+06 
3.877143e+02 6.859446e+07 4.919195e+06 
3.971322e+02 6.837663e+07 5.099244e+06 
3.281582e+02 7.455672e+07 6.655381e+06 
3.631534e+02 6.776657e+07 5.305014e+06 
3.865502e+02 6.668748e+07 5.305014e+06 
3.483926e+02 6.844743e+07 5.401469e+06 
3.787560e+02 6.989804e+07 4.726285e+06 
3.764199e+02 6.775231e+07 5.112104e+06 
3.505498e+02 7.070735e+07 5.350026e+06 
3.652566e+02 6.851462e+07 5.112104e+06 
3.728833e+02 6.770722e+07 5.208559e+06 
3.615817e+02 6.837794e+07 5.208559e+06 
3.965847e+02 7.035639e+07 4.533376e+06 
3.792095e+02 6.704330e+07 5.305014e+06 
3.273563e+02 7.461216e+07 6.655381e+06 
3.348749e+02 6.925123e+07 5.980198e+06 
3.406834e+02 6.838568e+07 5.690833e+06 
3.705661e+02 6.830343e+07 5.112104e+06 
3.645309e+02 6.759475e+07 5.305014e+06 
3.577431e+02 6.953591e+07 5.266432e+06 
3.657826e+02 6.740014e+07 5.305014e+06 
3.711991e+02 6.782306e+07 5.112104e+06 
3.808743e+02 6.692245e+07 5.208559e+06 
3.768457e+02 7.114274e+07 4.764867e+06 
3.431430e+02 6.802871e+07 5.433620e+06 
3.592304e+02 6.941859e+07 5.266432e+06 
3.349103e+02 7.103102e+07 5.690833e+06 
3.558925e+02 6.695502e+07 5.594378e+06 
3.846546e+02 7.415888e+07 4.533376e+06 
3.307369e+02 7.011192e+07 5.980198e+06 
3.890817e+02 6.888502e+07 4.822740e+06 
3.670871e+02 6.833696e+07 5.112104e+06 
3.808372e+02 6.660216e+07 5.112104e+06 
4.084852e+02 7.402410e+07 4.340466e+06 
3.561852e+02 6.852131e+07 5.305014e+06 
3.864095e+02 6.938884e+07 4.822740e+06 
3.770032e+02 6.762080e+07 5.112104e+06 
3.332478e+02 7.044451e+07 5.980198e+06 

3.567505e+02 8.341479e+07 4.726285e+06 
3.711593e+02 7.063101e+07 5.015650e+06 
3.603424e+02 6.977056e+07 5.208559e+06 
3.499673e+02 7.050683e+07 5.401469e+06 
3.854714e+02 6.791180e+07 5.015650e+06 
3.473454e+02 7.584787e+07 5.401469e+06 
3.744086e+02 7.105954e+07 4.919195e+06 
3.341206e+02 7.034310e+07 5.980198e+06 
3.610266e+02 7.164464e+07 5.112104e+06 
3.797564e+02 6.853486e+07 5.401469e+06 
3.417317e+02 8.258747e+07 5.305014e+06 
3.898751e+02 6.858162e+07 4.822740e+06 
3.232028e+02 7.436197e+07 6.076652e+06 
3.562423e+02 7.212979e+07 5.208559e+06 
3.726919e+02 6.919107e+07 5.208559e+06 
3.397125e+02 6.988290e+07 5.594378e+06 
3.339849e+02 7.062756e+07 6.076652e+06 
3.481032e+02 6.891156e+07 5.787288e+06 
3.847765e+02 6.902770e+07 4.822740e+06 
3.775402e+02 7.171563e+07 4.726285e+06 
3.665007e+02 7.897070e+07 4.919195e+06 
3.614200e+02 6.894751e+07 5.497924e+06 
3.585221e+02 7.235074e+07 5.112104e+06 
3.948972e+02 6.724894e+07 5.401469e+06 
3.393066e+02 7.255139e+07 5.497924e+06 
4.051627e+02 6.747039e+07 5.401469e+06 
3.479938e+02 8.013131e+07 5.208559e+06 
3.728800e+02 7.231911e+07 4.629830e+06 
3.532202e+02 6.812589e+07 5.787288e+06 
3.765027e+02 6.775149e+07 5.787288e+06 
4.084327e+02 7.175124e+07 4.244011e+06 
3.936848e+02 7.108879e+07 4.629830e+06 
3.846354e+02 6.876844e+07 4.919195e+06 
3.213878e+02 7.326154e+07 6.462472e+06 
3.194193e+02 7.582633e+07 6.269562e+06 
3.886032e+02 6.742477e+07 5.401469e+06 
3.541455e+02 6.911278e+07 5.594378e+06 
3.587206e+02 8.298581e+07 4.702171e+06 
4.270558e+02 6.716589e+07 4.822740e+06 
4.157566e+02 6.677231e+07 5.015650e+06 
3.737663e+02 6.785884e+07 5.787288e+06 
3.242472e+02 7.182098e+07 5.883743e+06 
3.237184e+02 7.249872e+07 6.655381e+06 
3.540378e+02 7.347829e+07 5.305014e+06 
3.195530e+02 7.498911e+07 6.655381e+06 
4.093506e+02 7.156040e+07 4.436921e+06 
3.829101e+02 6.760140e+07 5.811401e+06 
3.779549e+02 6.936990e+07 5.015650e+06 
3.256167e+02 7.238266e+07 5.787288e+06 
3.765455e+02 7.017800e+07 4.822740e+06 
3.929681e+02 6.783904e+07 4.919195e+06 
3.533887e+02 6.993958e+07 5.401469e+06 
3.705742e+02 7.291181e+07 5.015650e+06 
3.653938e+02 6.814924e+07 5.497924e+06 
3.563636e+02 8.132529e+07 4.822740e+06 
3.493768e+02 6.838822e+07 5.690833e+06 
3.211175e+02 7.484446e+07 6.269562e+06 
3.544807e+02 8.366536e+07 4.806663e+06 
3.472952e+02 6.975038e+07 5.497924e+06 
4.339609e+02 6.868800e+07 4.629830e+06 
3.635994e+02 6.799069e+07 5.594378e+06 
3.993902e+02 6.698364e+07 5.401469e+06 
3.803436e+02 7.168159e+07 4.629830e+06 
3.535301e+02 8.288570e+07 5.015650e+06 
3.533900e+02 8.777599e+07 4.639474e+06 
3.187532e+02 7.547051e+07 6.462472e+06 
3.913780e+02 6.744536e+07 5.015650e+06 
3.814544e+02 6.999541e+07 4.726285e+06 
3.486149e+02 6.954370e+07 5.497924e+06 
3.413237e+02 6.918691e+07 5.980198e+06 
4.148645e+02 6.737282e+07 4.919195e+06 
3.926831e+02 6.880617e+07 4.726285e+06 
3.403191e+02 8.387246e+07 5.305014e+06 
3.825312e+02 6.861873e+07 5.112104e+06 
3.763956e+02 6.892934e+07 5.401469e+06 
4.171888e+02 7.153459e+07 4.340466e+06 
3.641411e+02 8.017356e+07 4.822740e+06 
4.232258e+02 6.695252e+07 4.919195e+06 
3.262477e+02 7.147264e+07 5.594378e+06 
3.304293e+02 7.073583e+07 5.690833e+06 
3.359209e+02 6.971333e+07 5.883743e+06 
3.439981e+02 7.966739e+07 5.401469e+06 
3.556794e+02 8.663538e+07 4.629830e+06 
4.208171e+02 6.668110e+07 5.305014e+06 
4.029293e+02 6.915271e+07 4.533376e+06 
3.494936e+02 8.426189e+07 4.869359e+06 
4.217574e+02 6.727502e+07 4.822740e+06 
3.257765e+02 7.078780e+07 5.787288e+06 
3.785600e+02 6.876025e+07 5.305014e+06 
3.728216e+02 6.781356e+07 5.980198e+06 
3.782355e+02 6.962289e+07 4.919195e+06 
3.612568e+02 6.836526e+07 5.594378e+06 
3.551020e+02 6.946249e+07 5.401469e+06 
3.777237e+02 6.893751e+07 5.112104e+06 
4.010273e+02 7.199307e+07 4.436921e+06 
3.908283e+02 6.739083e+07 5.208559e+06 
3.450698e+02 9.052748e+07 5.208559e+06 
3.944326e+02 6.756702e+07 4.726285e+06 
4.176667e+02 7.082105e+07 4.436921e+06 
4.038907e+02 6.680222e+07 5.015650e+06 

3.504277e+02 6.815488e+07 5.594378e+06 
3.539236e+02 6.972861e+07 5.497924e+06 
3.462831e+02 6.783098e+07 5.787288e+06 
3.833616e+02 6.542319e+07 5.690833e+06 
3.549122e+02 6.878970e+07 5.497924e+06 
3.292381e+02 7.087974e+07 5.980198e+06 
4.243257e+02 7.491845e+07 4.340466e+06 
3.835914e+02 6.906742e+07 5.208559e+06 
3.351934e+02 6.790159e+07 6.269562e+06 
3.882655e+02 7.054194e+07 4.919195e+06 
4.234346e+02 7.635743e+07 4.244011e+06 
3.754684e+02 7.142401e+07 5.112104e+06 
4.189333e+02 7.693848e+07 4.436921e+06 
3.812683e+02 6.521444e+07 5.787288e+06 
3.613647e+02 6.567821e+07 5.980198e+06 
3.633259e+02 7.092451e+07 5.401469e+06 
4.167530e+02 7.491879e+07 4.533376e+06 
3.429528e+02 6.847574e+07 5.787288e+06 
3.943062e+02 6.931161e+07 4.919195e+06 
4.285212e+02 7.373921e+07 4.340466e+06 
3.557016e+02 6.688217e+07 5.787288e+06 
3.728829e+02 6.717856e+07 5.401469e+06 
3.321694e+02 6.949330e+07 5.980198e+06 
3.781714e+02 7.010766e+07 5.015650e+06 
3.664525e+02 6.828962e+07 5.401469e+06 
3.625758e+02 6.851792e+07 5.497924e+06 
3.927117e+02 6.804113e+07 5.208559e+06 
3.385958e+02 6.763845e+07 5.980198e+06 
3.514283e+02 6.717098e+07 5.787288e+06 
3.335104e+02 6.865028e+07 5.980198e+06 
3.229302e+02 6.866744e+07 6.173107e+06 
3.410577e+02 6.700320e+07 5.980198e+06 
3.536055e+02 6.753901e+07 5.690833e+06 
3.514035e+02 7.200215e+07 5.401469e+06 
3.772467e+02 6.691467e+07 5.497924e+06 
4.549702e+02 7.374630e+07 4.244011e+06 
3.506323e+02 6.655378e+07 5.980198e+06 
3.492024e+02 6.759919e+07 5.690833e+06 
3.781241e+02 6.572345e+07 5.787288e+06 
3.359767e+02 6.801950e+07 5.883743e+06 
4.544209e+02 7.639002e+07 3.954647e+06 
3.793438e+02 6.560796e+07 5.980198e+06 
3.646809e+02 6.710356e+07 5.594378e+06 
3.711767e+02 6.922296e+07 5.208559e+06 
3.321865e+02 6.871839e+07 6.076652e+06 
3.516134e+02 6.627199e+07 5.980198e+06 
4.203538e+02 7.401154e+07 4.533376e+06 
3.327193e+02 6.907625e+07 5.787288e+06 
4.396922e+02 7.555742e+07 4.051102e+06 
3.552095e+02 6.613473e+07 5.980198e+06 
4.155765e+02 7.600389e+07 4.597679e+06 
3.716955e+02 6.729139e+07 5.497924e+06 
3.458000e+02 6.803868e+07 5.690833e+06 
3.400733e+02 6.708882e+07 6.173107e+06 
3.295134e+02 6.817711e+07 6.173107e+06 
3.758539e+02 6.597146e+07 5.690833e+06 
3.817543e+02 6.997009e+07 5.015650e+06 
3.690153e+02 6.688663e+07 5.594378e+06 
3.630237e+02 7.500668e+07 5.208559e+06 
3.668306e+02 6.759766e+07 5.401469e+06 
3.725943e+02 6.663495e+07 5.594378e+06 
3.368056e+02 7.306393e+07 5.690833e+06 
4.058629e+02 7.285458e+07 4.629830e+06 
3.307001e+02 6.802875e+07 6.173107e+06 
3.926985e+02 7.105663e+07 4.822740e+06 
3.686534e+02 7.261717e+07 5.208559e+06 
3.397208e+02 7.157854e+07 5.690833e+06 
3.422974e+02 7.304810e+07 5.594378e+06 
4.251314e+02 7.557231e+07 4.244011e+06 
3.648202e+02 7.175572e+07 5.305014e+06 
3.600029e+02 6.631238e+07 5.787288e+06 
4.339907e+02 7.323791e+07 4.340466e+06 
3.692026e+02 6.834872e+07 5.305014e+06 
3.988932e+02 6.964373e+07 4.726285e+06 
3.803242e+02 6.572696e+07 5.497924e+06 
3.743725e+02 7.332134e+07 5.015650e+06 
3.286689e+02 6.943010e+07 6.076652e+06 
3.394713e+02 7.786968e+07 5.594378e+06 
3.708269e+02 6.604346e+07 5.787288e+06 
3.473862e+02 7.055849e+07 5.594378e+06 
3.670964e+02 6.699895e+07 5.594378e+06 
3.656795e+02 6.615146e+07 5.787288e+06 
4.518484e+02 7.505987e+07 4.051102e+06 
3.554923e+02 6.611007e+07 6.173107e+06 
3.763882e+02 6.585567e+07 5.787288e+06 
3.594901e+02 6.602559e+07 5.980198e+06 
3.678203e+02 7.146548e+07 5.305014e+06 
3.324693e+02 6.772974e+07 6.366017e+06 
3.336744e+02 7.926408e+07 5.690833e+06 
3.472550e+02 7.287558e+07 5.305014e+06 
3.591956e+02 6.735195e+07 5.594378e+06 
4.537748e+02 7.665138e+07 3.954647e+06 
3.452581e+02 6.663464e+07 5.980198e+06 
3.660384e+02 6.756291e+07 5.497924e+06 
4.418586e+02 7.472287e+07 4.244011e+06 
4.625868e+02 7.507638e+07 3.858192e+06 
4.562227e+02 7.714132e+07 3.858192e+06 
4.039917e+02 7.481122e+07 4.681273e+06 
3.411334e+02 6.880228e+07 5.690833e+06 
3.754824e+02 6.701841e+07 5.497924e+06 

3.122782e+02 7.246938e+07 6.655381e+06 
3.214154e+02 6.908842e+07 6.751836e+06 
3.485377e+02 7.005656e+07 5.594378e+06 
3.300845e+02 7.798222e+07 5.594378e+06 
3.434387e+02 6.637724e+07 6.076652e+06 
3.352982e+02 6.911524e+07 5.787288e+06 
3.410164e+02 8.741963e+07 5.208559e+06 
3.363432e+02 6.673451e+07 6.076652e+06 
3.262552e+02 6.774299e+07 6.173107e+06 
3.479308e+02 6.614636e+07 6.366017e+06 
3.398059e+02 8.709031e+07 5.305014e+06 
3.346764e+02 6.672615e+07 6.269562e+06 
3.859195e+02 6.732467e+07 5.208559e+06 
3.216148e+02 6.801486e+07 6.173107e+06 
3.417130e+02 6.662876e+07 6.366017e+06 
3.405085e+02 6.818660e+07 5.787288e+06 
3.319642e+02 6.716105e+07 6.076652e+06 
3.414595e+02 7.101647e+07 5.594378e+06 
3.558513e+02 6.594516e+07 6.366017e+06 
3.667710e+02 6.703544e+07 5.594378e+06 
3.156157e+02 7.285792e+07 6.462472e+06 
3.763280e+02 6.761126e+07 5.401469e+06 
3.383063e+02 6.723390e+07 5.883743e+06 
3.358742e+02 7.714976e+07 5.497924e+06 
3.808192e+02 6.876987e+07 5.015650e+06 
3.280863e+02 7.217653e+07 5.787288e+06 
3.456992e+02 6.617426e+07 5.980198e+06 
3.182146e+02 7.299411e+07 6.173107e+06 
3.522863e+02 7.424160e+07 5.208559e+06 
3.655708e+02 7.119188e+07 5.112104e+06 
3.686317e+02 6.914772e+07 5.015650e+06 
3.280494e+02 6.764991e+07 6.269562e+06 
3.152749e+02 7.821395e+07 6.366017e+06 
3.801082e+02 6.705991e+07 5.401469e+06 
3.292714e+02 7.774683e+07 5.690833e+06 
3.447909e+02 7.333953e+07 5.401469e+06 
3.162230e+02 7.498530e+07 6.366017e+06 
3.599549e+02 6.668812e+07 5.690833e+06 
3.386802e+02 7.434923e+07 5.594378e+06 
3.561995e+02 6.823433e+07 5.594378e+06 
3.779503e+02 6.837460e+07 5.112104e+06 
3.312951e+02 6.743144e+07 6.269562e+06 
3.184548e+02 7.004174e+07 6.751836e+06 
3.208879e+02 6.915770e+07 6.269562e+06 
3.826273e+02 6.915003e+07 4.822740e+06 
3.940848e+02 6.690641e+07 5.015650e+06 
3.449916e+02 7.343815e+07 5.305014e+06 
3.785739e+02 6.617657e+07 5.690833e+06 
3.908239e+02 6.828929e+07 5.015650e+06 
3.427264e+02 6.695503e+07 5.883743e+06 
3.400553e+02 7.269539e+07 5.497924e+06 
3.358929e+02 7.357304e+07 5.690833e+06 
3.716457e+02 9.019349e+07 4.932055e+06 
3.173334e+02 7.297481e+07 6.269562e+06 
3.239423e+02 7.105680e+07 5.980198e+06 
3.830936e+02 6.761676e+07 5.305014e+06 
3.461522e+02 7.216757e+07 5.497924e+06 
3.332189e+02 6.706105e+07 6.173107e+06 
3.286537e+02 6.757791e+07 6.269562e+06 
3.319311e+02 7.576431e+07 5.690833e+06 
3.195499e+02 6.995280e+07 6.751836e+06 
3.268732e+02 7.890807e+07 5.787288e+06 
3.679026e+02 6.640185e+07 5.690833e+06 
3.326694e+02 6.713837e+07 6.173107e+06 
3.494715e+02 6.641760e+07 5.883743e+06 
3.228205e+02 7.367066e+07 5.980198e+06 
3.974965e+02 6.682600e+07 5.015650e+06 
3.212419e+02 7.317540e+07 6.076652e+06 
3.167217e+02 7.109035e+07 6.848291e+06 
3.304239e+02 6.931766e+07 5.787288e+06 
3.541632e+02 6.720442e+07 5.690833e+06 
3.366316e+02 7.247346e+07 5.690833e+06 
3.714534e+02 6.853541e+07 5.208559e+06 
3.536606e+02 6.875396e+07 5.208559e+06 
3.753206e+02 6.796420e+07 5.208559e+06 
3.391996e+02 8.639609e+07 5.401469e+06 
3.254637e+02 6.855271e+07 6.076652e+06 
3.781682e+02 6.903582e+07 4.919195e+06 
3.543897e+02 6.623908e+07 5.883743e+06 
3.193608e+02 6.999675e+07 6.462472e+06 
3.671135e+02 6.600032e+07 5.787288e+06 
3.661869e+02 6.649633e+07 5.690833e+06 
3.423933e+02 6.793667e+07 5.690833e+06 
3.651830e+02 6.829663e+07 5.401469e+06 
3.202238e+02 7.041690e+07 6.269562e+06 
3.198838e+02 7.669812e+07 5.883743e+06 
3.382454e+02 7.177636e+07 5.690833e+06 
3.917037e+02 6.882997e+07 4.822740e+06 
3.336702e+02 6.822774e+07 5.883743e+06 
3.286442e+02 6.806175e+07 5.980198e+06 
3.627858e+02 6.582818e+07 5.883743e+06 
3.232266e+02 6.933657e+07 6.076652e+06 
3.654834e+02 7.572163e+07 5.015650e+06 
3.404237e+02 6.663447e+07 6.366017e+06 
3.437764e+02 6.733817e+07 5.690833e+06 
3.288977e+02 6.749085e+07 5.980198e+06 
3.393981e+02 6.665463e+07 6.366017e+06 
3.616982e+02 7.496618e+07 5.112104e+06 
4.011233e+02 6.644735e+07 5.497924e+06 
3.338604e+02 7.729172e+07 5.594378e+06 

3.582455e+02 7.010831e+07 5.594378e+06 
3.366333e+02 7.246439e+07 5.401469e+06 
3.274985e+02 7.563417e+07 5.208559e+06 
3.623363e+02 7.643166e+07 4.822740e+06 
3.794340e+02 7.211870e+07 4.629830e+06 
3.144700e+02 7.389197e+07 5.787288e+06 
3.783553e+02 6.910248e+07 5.594378e+06 
3.176658e+02 7.379162e+07 5.690833e+06 
3.908761e+02 6.996326e+07 5.015650e+06 
3.970803e+02 6.990972e+07 4.726285e+06 
3.596550e+02 7.029793e+07 5.401469e+06 
3.418901e+02 7.178829e+07 5.305014e+06 
3.608653e+02 7.751181e+07 4.822740e+06 
3.558138e+02 7.745034e+07 4.919195e+06 
3.278917e+02 8.167976e+07 5.099244e+06 
3.840982e+02 7.278742e+07 4.436921e+06 
3.471249e+02 7.806194e+07 4.919195e+06 
3.355561e+02 7.178108e+07 5.497924e+06 
3.816038e+02 7.174087e+07 4.533376e+06 
3.461080e+02 7.192991e+07 5.208559e+06 
3.607476e+02 7.001942e+07 5.787288e+06 
3.688191e+02 7.355649e+07 4.822740e+06 
3.571178e+02 7.015097e+07 5.594378e+06 
3.759547e+02 7.085672e+07 5.015650e+06 
3.249302e+02 7.186273e+07 5.883743e+06 
3.310711e+02 7.614500e+07 5.112104e+06 
3.523501e+02 7.043119e+07 5.690833e+06 
3.576473e+02 7.102348e+07 5.112104e+06 
3.304054e+02 7.099923e+07 6.173107e+06 
3.833520e+02 7.071484e+07 4.726285e+06 
3.188336e+02 8.217677e+07 5.401469e+06 
3.185120e+02 7.309331e+07 5.787288e+06 
3.437514e+02 7.127766e+07 5.401469e+06 
3.250456e+02 7.603128e+07 5.208559e+06 
3.361686e+02 7.364838e+07 5.305014e+06 
3.762660e+02 6.897848e+07 5.690833e+06 
3.193685e+02 7.289484e+07 5.787288e+06 
3.456771e+02 7.119421e+07 5.401469e+06 
3.127391e+02 7.609874e+07 5.594378e+06 
3.228847e+02 8.201444e+07 5.305014e+06 
3.895791e+02 7.042880e+07 4.726285e+06 
3.260534e+02 7.407390e+07 5.401469e+06 
3.100279e+02 7.501664e+07 6.173107e+06 
3.306665e+02 7.327798e+07 5.497924e+06 
3.395279e+02 7.187244e+07 5.401469e+06 
3.367796e+02 7.127114e+07 5.594378e+06 
3.284136e+02 7.145304e+07 5.883743e+06 
3.480890e+02 7.258019e+07 5.112104e+06 
3.485731e+02 7.174050e+07 5.208559e+06 
3.685311e+02 7.052964e+07 5.112104e+06 
3.827164e+02 6.900581e+07 5.497924e+06 
3.641944e+02 6.955485e+07 5.305014e+06 
3.211107e+02 7.175348e+07 5.980198e+06 
3.441547e+02 7.069431e+07 5.497924e+06 
3.473810e+02 7.140471e+07 5.305014e+06 
3.209889e+02 7.169262e+07 6.173107e+06 
3.537075e+02 7.032832e+07 5.787288e+06 
3.113936e+02 7.429521e+07 6.173107e+06 
3.362350e+02 7.105554e+07 5.980198e+06 
3.945291e+02 7.140868e+07 4.436921e+06 
3.783428e+02 7.046152e+07 5.112104e+06 
3.731145e+02 7.244304e+07 4.919195e+06 
3.427607e+02 7.090480e+07 5.883743e+06 
4.043077e+02 7.264917e+07 4.340466e+06 
3.741846e+02 7.185963e+07 4.822740e+06 
3.370344e+02 7.864684e+07 4.822740e+06 
3.161000e+02 7.351553e+07 5.980198e+06 
3.405770e+02 7.093301e+07 5.787288e+06 
3.384208e+02 7.308354e+07 5.015650e+06 
3.320963e+02 7.207251e+07 5.594378e+06 
3.201395e+02 7.258104e+07 5.883743e+06 
3.156594e+02 7.283039e+07 6.173107e+06 
3.618064e+02 6.970482e+07 5.594378e+06 
3.232189e+02 7.143512e+07 5.980198e+06 
3.141616e+02 7.475471e+07 5.594378e+06 
3.989281e+02 7.055497e+07 4.629830e+06 
3.420437e+02 7.093182e+07 5.594378e+06 
3.214532e+02 7.354827e+07 5.594378e+06 
3.302251e+02 7.218107e+07 5.787288e+06 
3.232660e+02 7.131975e+07 6.173107e+06 
3.556328e+02 7.278519e+07 5.015650e+06 
3.775525e+02 7.105719e+07 4.726285e+06 
3.374693e+02 7.477683e+07 5.112104e+06 
3.216348e+02 7.637604e+07 5.401469e+06 
4.014673e+02 7.115934e+07 4.533376e+06 
3.836010e+02 7.053916e+07 5.015650e+06 
3.243055e+02 7.939808e+07 5.182838e+06 
3.135996e+02 7.383712e+07 6.173107e+06 
3.427746e+02 7.241325e+07 5.208559e+06 
3.131024e+02 7.435865e+07 5.980198e+06 
3.559063e+02 7.017332e+07 5.497924e+06 
3.512327e+02 7.050704e+07 5.787288e+06 
3.225037e+02 7.291536e+07 5.690833e+06 
3.230275e+02 8.041603e+07 5.266432e+06 
3.783040e+02 6.887572e+07 5.690833e+06 
4.113044e+02 7.119369e+07 4.436921e+06 
3.206646e+02 7.179708e+07 6.173107e+06 
3.693459e+02 6.950520e+07 5.787288e+06 
3.175640e+02 7.205761e+07 6.173107e+06 
3.229442e+02 7.545644e+07 5.401469e+06 

4.044289e+02 7.168913e+07 4.244011e+06 
3.793895e+02 6.748520e+07 5.015650e+06 
3.954193e+02 7.087870e+07 4.436921e+06 
3.501285e+02 7.034248e+07 4.726285e+06 
3.375634e+02 6.915996e+07 5.497924e+06 
3.212343e+02 8.241251e+07 6.944746e+06 
4.234425e+02 7.162309e+07 3.761737e+06 
3.813338e+02 6.796566e+07 4.822740e+06 
4.043102e+02 7.054336e+07 4.436921e+06 
4.216616e+02 7.118554e+07 3.858192e+06 
3.562052e+02 6.961506e+07 4.726285e+06 
3.478893e+02 7.097340e+07 4.848461e+06 
3.710484e+02 7.198333e+07 4.436921e+06 
4.245798e+02 7.071983e+07 3.954647e+06 
3.512405e+02 6.857377e+07 5.208559e+06 
3.416209e+02 7.186955e+07 5.266432e+06 
3.641813e+02 6.882518e+07 4.822740e+06 
3.243835e+02 7.982323e+07 6.655381e+06 
3.221772e+02 8.258688e+07 6.558926e+06 
3.397203e+02 6.833609e+07 5.401469e+06 
3.378585e+02 6.859327e+07 5.787288e+06 
3.332118e+02 6.916719e+07 5.690833e+06 
3.761849e+02 6.974403e+07 4.533376e+06 
4.119682e+02 7.182766e+07 4.051102e+06 
3.426715e+02 7.038922e+07 5.305014e+06 
3.374152e+02 7.397060e+07 5.208559e+06 
3.360328e+02 7.268360e+07 5.401469e+06 
4.399258e+02 7.024808e+07 4.244011e+06 
3.320279e+02 7.014533e+07 5.980198e+06 
3.699756e+02 6.925769e+07 4.629830e+06 
4.192603e+02 7.339533e+07 3.845331e+06 
3.409147e+02 6.811245e+07 5.497924e+06 
3.361708e+02 7.032317e+07 5.497924e+06 
3.287228e+02 7.810942e+07 5.401469e+06 
3.300100e+02 7.534581e+07 5.594378e+06 
3.823982e+02 7.150705e+07 4.436921e+06 
3.766083e+02 7.158128e+07 4.430490e+06 
4.188285e+02 7.114142e+07 4.051102e+06 
3.542883e+02 6.835845e+07 5.208559e+06 
3.686546e+02 6.844789e+07 4.822740e+06 
3.307826e+02 7.434745e+07 5.401469e+06 
3.675990e+02 6.781302e+07 5.208559e+06 
3.282789e+02 7.064881e+07 6.076652e+06 
4.015969e+02 7.065999e+07 4.340466e+06 
3.437026e+02 6.989510e+07 5.208559e+06 
3.730505e+02 6.724380e+07 5.112104e+06 
3.298975e+02 7.235568e+07 5.787288e+06 
3.421509e+02 7.535586e+07 4.919195e+06 
4.133328e+02 7.287520e+07 4.012520e+06 
3.355051e+02 6.959188e+07 5.594378e+06 
3.535778e+02 6.781348e+07 5.497924e+06 
3.321302e+02 7.508010e+07 5.015650e+06 
4.263679e+02 7.112609e+07 3.665282e+06 
3.578518e+02 6.884986e+07 5.015650e+06 
3.676530e+02 6.742502e+07 5.305014e+06 
3.554347e+02 6.994778e+07 4.629830e+06 
4.175490e+02 7.114489e+07 4.147556e+06 
3.586876e+02 6.813484e+07 5.208559e+06 
3.271183e+02 8.398779e+07 6.366017e+06 
3.605848e+02 6.812395e+07 5.112104e+06 
3.725791e+02 6.718770e+07 5.401469e+06 
3.819453e+02 6.720306e+07 5.208559e+06 
3.502131e+02 6.942835e+07 4.919195e+06 
3.259693e+02 8.095313e+07 6.558926e+06 
3.278825e+02 7.327431e+07 5.787288e+06 
3.630277e+02 6.836912e+07 5.015650e+06 
3.311084e+02 7.678746e+07 5.208559e+06 
4.010772e+02 7.126682e+07 4.346896e+06 
3.609233e+02 6.897663e+07 4.726285e+06 
3.595839e+02 6.798100e+07 5.305014e+06 
4.060062e+02 7.236179e+07 4.147556e+06 
3.449317e+02 6.921876e+07 5.208559e+06 
3.574626e+02 7.068136e+07 4.533376e+06 
3.319051e+02 7.419623e+07 5.401469e+06 
3.527108e+02 6.978144e+07 4.726285e+06 
4.215025e+02 7.193229e+07 3.665282e+06 
3.337791e+02 7.076036e+07 5.497924e+06 
3.449653e+02 6.996994e+07 5.112104e+06 
3.634684e+02 6.953755e+07 4.629830e+06 
3.758820e+02 6.888993e+07 4.629830e+06 
3.600380e+02 7.036018e+07 4.533376e+06 
3.309500e+02 7.327039e+07 5.594378e+06 
4.157362e+02 7.231913e+07 3.954647e+06 
4.207791e+02 7.121665e+07 3.954647e+06 
3.664928e+02 7.022840e+07 4.533376e+06 
3.473343e+02 7.156460e+07 4.848461e+06 
3.485414e+02 7.122616e+07 4.726285e+06 
3.532109e+02 6.724115e+07 5.787288e+06 
3.579407e+02 6.762846e+07 5.497924e+06 
4.337193e+02 7.022361e+07 4.340466e+06 
3.701226e+02 6.752554e+07 5.208559e+06 
3.532465e+02 6.944035e+07 4.822740e+06 
4.343620e+02 7.042352e+07 4.244011e+06 
3.520357e+02 6.736845e+07 5.690833e+06 
3.313404e+02 7.033358e+07 5.690833e+06 
3.754557e+02 6.789685e+07 4.919195e+06 
3.520620e+02 7.051436e+07 4.629830e+06 
3.355938e+02 6.896711e+07 5.787288e+06 
4.294480e+02 6.997494e+07 4.436921e+06 
4.088387e+02 7.163805e+07 4.096114e+06 

