3.570613e+02 6.492418e+07 5.497924e+06 
3.079168e+02 7.133169e+07 5.980198e+06 
3.532347e+02 6.584738e+07 5.787288e+06 
3.998902e+02 6.725361e+07 3.665282e+06 
4.600808e+02 6.963001e+07 3.183008e+06 
3.051690e+02 6.818564e+07 6.269562e+06 
4.408493e+02 6.381873e+07 4.436921e+06 
4.155618e+02 6.984582e+07 3.472373e+06 
3.118215e+02 6.719044e+07 6.173107e+06 
3.544307e+02 6.582523e+07 5.787288e+06 
3.509364e+02 6.597768e+07 5.883743e+06 
4.067108e+02 6.592252e+07 4.147556e+06 
3.064606e+02 6.814233e+07 6.269562e+06 
3.407304e+02 6.616102e+07 5.980198e+06 
3.040953e+02 6.874221e+07 6.269562e+06 
4.623068e+02 6.655132e+07 3.375918e+06 
4.028635e+02 6.443253e+07 5.015650e+06 
3.214910e+02 7.001092e+07 5.594378e+06 
3.747605e+02 6.442964e+07 5.305014e+06 
4.083832e+02 6.382673e+07 5.305014e+06 
3.225597e+02 6.663247e+07 6.173107e+06 
3.633657e+02 6.700822e+07 4.533376e+06 
4.055155e+02 6.400066e+07 5.690833e+06 
3.814503e+02 6.421598e+07 5.883743e+06 
3.827478e+02 6.761700e+07 4.051102e+06 
3.105349e+02 6.799072e+07 5.980198e+06 
3.023672e+02 6.966604e+07 6.462472e+06 
3.976870e+02 6.406560e+07 5.497924e+06 
3.392194e+02 7.167528e+07 4.919195e+06 
3.950577e+02 6.742988e+07 3.761737e+06 
3.489182e+02 6.845266e+07 4.822740e+06 
3.786138e+02 6.638773e+07 4.436921e+06 
4.073077e+02 6.500434e+07 4.244011e+06 
3.190694e+02 6.925957e+07 5.690833e+06 
3.547896e+02 6.802247e+07 4.533376e+06 
4.277555e+02 6.730219e+07 3.488449e+06 
3.559605e+02 6.699170e+07 4.726285e+06 
3.734416e+02 6.980676e+07 4.147556e+06 
3.380115e+02 6.619037e+07 5.980198e+06 
3.468477e+02 6.604499e+07 6.173107e+06 
3.557086e+02 6.529051e+07 5.883743e+06 
3.400262e+02 6.780318e+07 5.497924e+06 
4.610633e+02 6.600586e+07 3.761737e+06 
3.583383e+02 6.876792e+07 4.340466e+06 
3.267841e+02 6.872061e+07 5.594378e+06 
3.743125e+02 6.755657e+07 4.147556e+06 
3.497650e+02 7.171048e+07 4.726285e+06 
3.871122e+02 6.869057e+07 3.954647e+06 
4.088236e+02 6.448487e+07 4.436921e+06 
3.075212e+02 6.785572e+07 6.269562e+06 
4.428615e+02 6.417326e+07 4.244011e+06 
3.222106e+02 7.884014e+07 5.497924e+06 
4.358853e+02 6.927408e+07 3.375918e+06 
3.241155e+02 7.486652e+07 5.497924e+06 
3.112460e+02 6.770910e+07 6.558926e+06 
4.530428e+02 6.531301e+07 3.954647e+06 
3.345662e+02 6.650119e+07 5.980198e+06 
3.738174e+02 6.524742e+07 5.208559e+06 
4.299572e+02 6.658834e+07 3.665282e+06 
3.975859e+02 6.657699e+07 3.954647e+06 
3.204180e+02 6.830769e+07 5.690833e+06 
4.185006e+02 6.442460e+07 4.244011e+06 
3.313908e+02 6.681885e+07 5.690833e+06 
3.314124e+02 7.087910e+07 5.401469e+06 
3.441261e+02 6.759975e+07 5.112104e+06 
3.117702e+02 7.165778e+07 5.883743e+06 
4.468933e+02 6.854901e+07 3.279463e+06 
4.223297e+02 6.867098e+07 3.472373e+06 
3.090299e+02 6.774426e+07 6.366017e+06 
4.405009e+02 6.614210e+07 3.858192e+06 
3.990801e+02 6.689813e+07 3.761737e+06 
3.738926e+02 6.462007e+07 5.594378e+06 
3.294562e+02 7.270734e+07 5.015650e+06 
3.032418e+02 7.099798e+07 6.269562e+06 
3.600597e+02 6.597478e+07 5.401469e+06 
3.513735e+02 6.778668e+07 4.726285e+06 
3.357794e+02 6.621416e+07 5.883743e+06 
3.443281e+02 7.224039e+07 4.822740e+06 
4.011762e+02 6.528270e+07 4.436921e+06 
3.709569e+02 6.609671e+07 4.629830e+06 
3.869885e+02 6.533495e+07 4.919195e+06 
3.048872e+02 6.828104e+07 6.269562e+06 
3.739205e+02 6.894600e+07 4.051102e+06 
4.429973e+02 6.700017e+07 3.472373e+06 
3.920559e+02 6.569994e+07 4.533376e+06 
3.468013e+02 6.676099e+07 5.497924e+06 
4.727635e+02 6.923659e+07 3.183008e+06 
4.133170e+02 6.571401e+07 4.051102e+06 
4.719147e+02 7.038993e+07 3.086554e+06 
3.369827e+02 7.028813e+07 5.112104e+06 
3.137368e+02 7.051439e+07 5.787288e+06 
4.274999e+02 6.399355e+07 4.629830e+06 
4.370207e+02 6.445463e+07 4.051102e+06 
3.152392e+02 6.692520e+07 6.173107e+06 
3.213439e+02 6.722962e+07 5.883743e+06 
4.522495e+02 6.654773e+07 3.665282e+06 
3.822574e+02 6.684431e+07 4.244011e+06 
3.920677e+02 6.856261e+07 3.761737e+06 
3.213433e+02 6.690769e+07 6.269562e+06 
3.055499e+02 6.969348e+07 6.173107e+06 

4.317926e+02 7.093513e+07 4.147556e+06 
3.124836e+02 7.486510e+07 6.366017e+06 
4.724488e+02 6.645333e+07 3.954647e+06 
4.540541e+02 6.949618e+07 4.051102e+06 
4.526425e+02 6.851549e+07 4.147556e+06 
3.601322e+02 6.901574e+07 5.112104e+06 
3.723794e+02 7.790382e+07 4.533376e+06 
4.172519e+02 7.091757e+07 4.340466e+06 
4.122768e+02 6.503464e+07 5.208559e+06 
4.145513e+02 6.448532e+07 5.401469e+06 
4.029827e+02 6.450891e+07 5.594378e+06 
3.982746e+02 6.504958e+07 5.401469e+06 
3.222026e+02 7.112884e+07 6.173107e+06 
3.509065e+02 6.581439e+07 5.787288e+06 
4.653867e+02 6.938149e+07 3.954647e+06 
3.556529e+02 7.874890e+07 4.919195e+06 
3.669507e+02 6.518056e+07 5.980198e+06 
3.612654e+02 7.901198e+07 4.726285e+06 
4.154052e+02 6.432907e+07 5.497924e+06 
3.382286e+02 7.110158e+07 5.208559e+06 
3.281343e+02 6.783194e+07 6.076652e+06 
3.826238e+02 6.582564e+07 5.497924e+06 
3.396677e+02 7.436264e+07 5.112104e+06 
3.268756e+02 7.091589e+07 5.690833e+06 
3.705851e+02 6.788089e+07 4.919195e+06 
3.141607e+02 7.248191e+07 5.787288e+06 
4.623395e+02 6.645100e+07 4.244011e+06 
4.018891e+02 7.145752e+07 4.436921e+06 
3.245187e+02 6.846295e+07 6.462472e+06 
3.425024e+02 6.601488e+07 5.883743e+06 
4.280963e+02 7.241637e+07 4.051102e+06 
3.765357e+02 6.497928e+07 5.883743e+06 
3.396421e+02 6.969474e+07 5.401469e+06 
3.309286e+02 6.724112e+07 5.980198e+06 
4.319411e+02 6.444939e+07 5.401469e+06 
4.431667e+02 6.813825e+07 4.436921e+06 
3.115303e+02 7.518069e+07 6.366017e+06 
3.611660e+02 7.397003e+07 4.919195e+06 
3.639585e+02 7.435567e+07 4.702171e+06 
3.507713e+02 6.664217e+07 5.594378e+06 
3.837232e+02 6.455152e+07 6.076652e+06 
3.714600e+02 6.625866e+07 5.305014e+06 
3.761485e+02 6.825643e+07 4.726285e+06 
3.387638e+02 7.408178e+07 5.120142e+06 
3.644249e+02 6.902176e+07 4.919195e+06 
4.081048e+02 7.181451e+07 4.340466e+06 
3.256813e+02 6.877569e+07 6.076652e+06 
4.335001e+02 7.275569e+07 3.954647e+06 
4.489536e+02 6.651361e+07 4.533376e+06 
4.033079e+02 6.503119e+07 5.305014e+06 
3.166779e+02 7.186271e+07 5.594378e+06 
4.490751e+02 6.802611e+07 4.244011e+06 
4.179758e+02 7.339636e+07 4.147556e+06 
4.542143e+02 6.762624e+07 4.244011e+06 
3.677509e+02 6.563745e+07 5.690833e+06 
3.370921e+02 6.767123e+07 5.690833e+06 
4.291084e+02 6.402391e+07 5.690833e+06 
3.575634e+02 6.544401e+07 5.980198e+06 
3.228758e+02 6.855448e+07 6.462472e+06 
4.614518e+02 6.707952e+07 4.051102e+06 
4.241503e+02 6.614205e+07 4.919195e+06 
4.680331e+02 6.617198e+07 4.244011e+06 
3.586611e+02 6.707858e+07 5.305014e+06 
4.391157e+02 6.595468e+07 4.919195e+06 
3.651800e+02 6.717653e+07 5.015650e+06 
3.377474e+02 6.686917e+07 6.076652e+06 
4.667173e+02 6.624666e+07 4.051102e+06 
4.837919e+02 6.620074e+07 3.954647e+06 
3.801817e+02 6.977065e+07 4.533376e+06 
3.560730e+02 7.362740e+07 5.036547e+06 
4.281982e+02 7.309934e+07 3.858192e+06 
4.845321e+02 6.600251e+07 4.051102e+06 
4.686526e+02 6.851745e+07 3.858192e+06 
3.157720e+02 7.184798e+07 6.076652e+06 
4.113517e+02 7.224755e+07 4.244011e+06 
4.194211e+02 7.386940e+07 4.051102e+06 
3.320235e+02 6.695206e+07 6.076652e+06 
3.513653e+02 7.251915e+07 5.120142e+06 
3.427820e+02 7.007739e+07 5.305014e+06 
3.331737e+02 6.998530e+07 5.497924e+06 
3.304867e+02 7.392112e+07 5.305014e+06 
3.286579e+02 6.739276e+07 6.076652e+06 
3.245462e+02 7.243866e+07 5.401469e+06 
4.166439e+02 6.563077e+07 5.112104e+06 
3.155798e+02 7.423410e+07 5.594378e+06 
4.276273e+02 6.474743e+07 5.305014e+06 
4.277858e+02 6.644617e+07 4.726285e+06 
3.723650e+02 6.902405e+07 4.822740e+06 
3.823524e+02 6.913752e+07 4.629830e+06 
3.401319e+02 6.622487e+07 6.076652e+06 
3.421118e+02 6.819350e+07 5.594378e+06 
3.908182e+02 6.406934e+07 5.980198e+06 
4.222836e+02 7.128698e+07 4.147556e+06 
3.962618e+02 7.261557e+07 4.436921e+06 
3.381303e+02 6.674830e+07 6.076652e+06 
4.951099e+02 6.882047e+07 3.665282e+06 
3.210004e+02 7.138123e+07 6.173107e+06 
4.031387e+02 6.636357e+07 5.112104e+06 
3.548623e+02 6.556523e+07 5.787288e+06 
3.126181e+02 7.224484e+07 5.980198e+06 

3.982480e+02 6.777841e+07 3.761737e+06 
4.061765e+02 6.655972e+07 5.690833e+06 
3.922754e+02 6.759614e+07 3.954647e+06 
4.312177e+02 6.578246e+07 5.208559e+06 
3.438677e+02 7.061212e+07 4.726285e+06 
4.431423e+02 6.530511e+07 5.497924e+06 
3.164436e+02 7.895785e+07 6.076652e+06 
3.815357e+02 6.888414e+07 3.954647e+06 
3.808468e+02 6.819911e+07 4.179708e+06 
3.300725e+02 7.009864e+07 5.497924e+06 
3.202571e+02 7.252392e+07 5.980198e+06 
4.537475e+02 6.703847e+07 3.092984e+06 
3.691899e+02 6.735363e+07 4.726285e+06 
3.468160e+02 6.760748e+07 5.690833e+06 
3.453198e+02 6.827961e+07 5.690833e+06 
3.302477e+02 6.981720e+07 5.594378e+06 
3.619459e+02 6.895175e+07 4.436921e+06 
3.617785e+02 7.073921e+07 4.340466e+06 
4.516025e+02 6.704362e+07 2.907041e+06 
3.213107e+02 7.136287e+07 5.497924e+06 
4.224913e+02 6.834499e+07 3.260172e+06 
3.946937e+02 7.108238e+07 3.665282e+06 
4.542184e+02 6.664336e+07 3.375918e+06 
4.069949e+02 6.592110e+07 5.305014e+06 
4.179248e+02 6.999424e+07 3.279463e+06 
3.735519e+02 7.101972e+07 4.096114e+06 
4.274711e+02 6.843379e+07 2.990099e+06 
3.694003e+02 6.842063e+07 4.533376e+06 
4.170480e+02 6.635328e+07 5.015650e+06 
4.077795e+02 6.882064e+07 3.510955e+06 
4.541166e+02 6.663797e+07 3.665282e+06 
4.272546e+02 6.684832e+07 3.761737e+06 
3.464025e+02 6.849520e+07 4.919195e+06 
3.837693e+02 7.039258e+07 3.845331e+06 
3.179871e+02 7.320079e+07 5.980198e+06 
4.206161e+02 6.589758e+07 5.497924e+06 
3.512068e+02 7.057038e+07 4.436921e+06 
3.552451e+02 6.688753e+07 5.690833e+06 
4.001863e+02 6.664635e+07 5.594378e+06 
3.169405e+02 7.756072e+07 6.269562e+06 
4.142069e+02 6.795921e+07 3.405390e+06 
4.232690e+02 6.545274e+07 5.497924e+06 
3.632500e+02 6.777971e+07 4.726285e+06 
4.041733e+02 6.662549e+07 5.594378e+06 
4.264798e+02 6.519965e+07 5.401469e+06 
3.641055e+02 7.141837e+07 4.244011e+06 
3.278839e+02 7.226556e+07 5.112104e+06 
3.701833e+02 6.903265e+07 4.263302e+06 
3.338853e+02 6.931101e+07 5.015650e+06 
3.756172e+02 6.896174e+07 4.096114e+06 
3.174017e+02 7.775520e+07 5.980198e+06 
3.298954e+02 7.018195e+07 5.594378e+06 
3.248731e+02 7.778806e+07 5.266432e+06 
3.239666e+02 7.206018e+07 5.305014e+06 
4.281955e+02 6.693240e+07 3.279463e+06 
3.315345e+02 7.183882e+07 5.015650e+06 
3.327844e+02 6.936234e+07 5.401469e+06 
3.207447e+02 7.345189e+07 5.594378e+06 
4.732693e+02 6.812909e+07 2.811005e+06 
3.541620e+02 6.761675e+07 5.015650e+06 
4.328922e+02 6.608682e+07 4.822740e+06 
3.347122e+02 6.913985e+07 5.266432e+06 
4.195637e+02 6.590216e+07 5.594378e+06 
3.291657e+02 7.101864e+07 5.208559e+06 
3.759789e+02 7.076592e+07 3.928926e+06 
3.677483e+02 6.665351e+07 5.594378e+06 
3.353990e+02 6.876582e+07 5.208559e+06 
4.327457e+02 6.675846e+07 3.665282e+06 
3.892326e+02 7.143375e+07 3.761737e+06 
3.447480e+02 7.219451e+07 4.597679e+06 
3.421700e+02 6.835098e+07 5.594378e+06 
4.615084e+02 6.903768e+07 3.009390e+06 
3.789365e+02 6.775839e+07 4.436921e+06 
4.261827e+02 6.751144e+07 3.176578e+06 
3.675736e+02 6.999827e+07 4.179708e+06 
4.556524e+02 6.704036e+07 2.990099e+06 
3.541780e+02 6.882569e+07 4.726285e+06 
4.123356e+02 6.926547e+07 3.375918e+06 
3.669416e+02 7.014023e+07 4.430490e+06 
4.175695e+02 6.767253e+07 3.375918e+06 
3.312733e+02 6.970951e+07 5.497924e+06 
4.549208e+02 6.785392e+07 2.893644e+06 
3.373906e+02 7.055570e+07 4.822740e+06 
3.980251e+02 6.928719e+07 3.678143e+06 
4.776328e+02 6.706406e+07 2.811005e+06 
3.944641e+02 6.797093e+07 3.858192e+06 
3.179744e+02 7.336360e+07 5.787288e+06 
3.403692e+02 7.181416e+07 4.764867e+06 
4.198254e+02 6.730474e+07 3.665282e+06 
3.335729e+02 7.103043e+07 4.932055e+06 
3.862574e+02 6.702140e+07 4.340466e+06 
3.514442e+02 6.740898e+07 5.497924e+06 
4.065528e+02 6.632588e+07 5.594378e+06 
3.716357e+02 7.085161e+07 4.147556e+06 
3.214476e+02 7.067101e+07 5.690833e+06 
3.639730e+02 6.720324e+07 5.015650e+06 
4.491808e+02 6.681239e+07 3.183008e+06 
4.391603e+02 6.792692e+07 2.990099e+06 
3.697909e+02 6.692928e+07 5.305014e+06 
3.803316e+02 7.138674e+07 3.858192e+06 

3.865153e+02 7.075144e+07 4.096114e+06 
3.370257e+02 7.098030e+07 5.690833e+06 
4.097971e+02 6.921618e+07 4.096114e+06 
3.680162e+02 6.927739e+07 4.932055e+06 
3.623775e+02 7.140249e+07 4.822740e+06 
3.668232e+02 6.994959e+07 4.764867e+06 
3.660146e+02 7.898669e+07 4.629830e+06 
3.399408e+02 7.604031e+07 4.932055e+06 
3.773955e+02 6.878646e+07 5.112104e+06 
3.239802e+02 7.171557e+07 6.269562e+06 
4.382298e+02 7.148882e+07 3.594549e+06 
3.605315e+02 6.943644e+07 5.401469e+06 
3.258518e+02 7.339751e+07 5.305014e+06 
4.508300e+02 6.737069e+07 4.051102e+06 
3.807373e+02 6.889305e+07 4.822740e+06 
4.342386e+02 6.786155e+07 4.152915e+06 
3.182690e+02 7.276856e+07 5.497924e+06 
4.014919e+02 6.804029e+07 4.629830e+06 
4.193094e+02 7.037278e+07 3.845331e+06 
4.311911e+02 7.036275e+07 3.678143e+06 
3.493958e+02 7.048149e+07 5.787288e+06 
3.596122e+02 7.066823e+07 4.919195e+06 
3.480102e+02 7.062312e+07 5.690833e+06 
3.259571e+02 7.128202e+07 6.076652e+06 
3.311711e+02 7.498166e+07 5.266432e+06 
3.129807e+02 7.483222e+07 6.558926e+06 
3.669634e+02 6.903754e+07 5.112104e+06 
4.276679e+02 6.849684e+07 4.051102e+06 
3.503331e+02 6.992961e+07 5.690833e+06 
4.132441e+02 6.778895e+07 4.822740e+06 
3.741491e+02 7.147821e+07 4.533376e+06 
3.998067e+02 7.302452e+07 4.012520e+06 
4.180696e+02 6.851396e+07 4.152915e+06 
4.470081e+02 6.985618e+07 3.665282e+06 
3.586715e+02 6.988254e+07 5.112104e+06 
3.203332e+02 7.245470e+07 6.173107e+06 
4.059785e+02 7.276025e+07 3.858192e+06 
3.900203e+02 6.960063e+07 4.244011e+06 
4.198225e+02 6.906332e+07 3.954647e+06 
3.964897e+02 6.893952e+07 4.533376e+06 
3.155702e+02 7.475387e+07 6.366017e+06 
3.161381e+02 7.484191e+07 5.980198e+06 
3.389293e+02 7.079091e+07 5.787288e+06 
3.794028e+02 7.066699e+07 4.263302e+06 
3.329375e+02 7.624159e+07 5.208559e+06 
3.403356e+02 7.248790e+07 5.208559e+06 
3.761467e+02 6.924863e+07 4.629830e+06 
4.287103e+02 7.017201e+07 3.761737e+06 
3.347641e+02 7.396047e+07 5.208559e+06 
4.086783e+02 6.995777e+07 4.012520e+06 
3.577377e+02 7.338690e+07 4.919195e+06 
4.045847e+02 6.895570e+07 4.244011e+06 
3.256514e+02 7.179796e+07 5.690833e+06 
3.751190e+02 7.162396e+07 4.430490e+06 
3.655150e+02 6.940412e+07 5.015650e+06 
3.572253e+02 6.946707e+07 5.305014e+06 
3.705918e+02 6.979643e+07 4.681273e+06 
3.666585e+02 7.090578e+07 4.681273e+06 
3.881208e+02 6.847240e+07 5.015650e+06 
3.347694e+02 7.099079e+07 5.690833e+06 
4.473459e+02 6.813894e+07 3.954647e+06 
3.723505e+02 6.810580e+07 5.401469e+06 
3.143844e+02 7.414676e+07 6.558926e+06 
3.967622e+02 7.142959e+07 4.051102e+06 
4.009597e+02 6.845688e+07 4.533376e+06 
3.134635e+02 7.478656e+07 6.751836e+06 
3.550254e+02 7.176118e+07 5.015650e+06 
3.233430e+02 7.200670e+07 6.076652e+06 
3.502897e+02 7.016970e+07 5.497924e+06 
3.677837e+02 7.178500e+07 4.597679e+06 
3.155517e+02 7.371704e+07 6.558926e+06 
4.071880e+02 7.120461e+07 3.858192e+06 
4.075866e+02 7.204679e+07 3.761737e+06 
3.307867e+02 7.280046e+07 5.305014e+06 
3.217974e+02 7.242559e+07 6.269562e+06 
3.280984e+02 7.217594e+07 5.401469e+06 
3.365943e+02 7.474520e+07 5.112104e+06 
3.868039e+02 6.944318e+07 4.436921e+06 
3.497478e+02 7.146605e+07 5.305014e+06 
4.168010e+02 6.968845e+07 3.903740e+06 
3.255077e+02 7.657532e+07 5.401469e+06 
3.487730e+02 7.051896e+07 5.787288e+06 
3.538604e+02 6.983741e+07 5.497924e+06 
3.164206e+02 7.319623e+07 6.558926e+06 
3.711720e+02 6.872735e+07 5.594378e+06 
3.143999e+02 7.403365e+07 6.558926e+06 
4.019573e+02 7.193270e+07 3.954647e+06 
3.608836e+02 6.963906e+07 5.015650e+06 
3.317255e+02 7.099454e+07 5.497924e+06 
4.309552e+02 6.925417e+07 3.858192e+06 
3.472401e+02 7.067960e+07 5.883743e+06 
3.835558e+02 7.006073e+07 4.340466e+06 
3.236267e+02 7.200764e+07 5.497924e+06 
4.337206e+02 6.864430e+07 3.903740e+06 
4.233846e+02 6.810457e+07 4.340466e+06 
3.959860e+02 6.796680e+07 5.208559e+06 
3.759111e+02 6.966155e+07 4.533376e+06 
3.411108e+02 7.294542e+07 5.112104e+06 
3.644334e+02 7.951443e+07 4.681273e+06 
3.391802e+02 7.114081e+07 5.401469e+06 

3.554310e+02 6.516337e+07 5.594378e+06 
3.410273e+02 6.571672e+07 6.076652e+06 
3.735335e+02 6.346214e+07 5.883743e+06 
4.071068e+02 6.378189e+07 5.015650e+06 
3.558670e+02 6.646442e+07 5.112104e+06 
3.741333e+02 6.521177e+07 5.015650e+06 
3.330632e+02 6.665172e+07 5.594378e+06 
4.343655e+02 6.630639e+07 3.761737e+06 
3.725013e+02 6.797526e+07 4.629830e+06 
3.532769e+02 6.461141e+07 5.883743e+06 
3.369400e+02 6.632376e+07 5.980198e+06 
3.905127e+02 6.510561e+07 4.822740e+06 
3.272215e+02 6.847928e+07 5.690833e+06 
3.562785e+02 6.457477e+07 5.883743e+06 
4.245779e+02 6.308163e+07 5.015650e+06 
3.219076e+02 6.767443e+07 6.173107e+06 
3.363288e+02 6.786893e+07 5.401469e+06 
3.589266e+02 6.561079e+07 5.401469e+06 
4.308866e+02 6.269487e+07 5.208559e+06 
3.417766e+02 6.565114e+07 5.883743e+06 
3.765445e+02 6.327787e+07 5.883743e+06 
3.477145e+02 6.483710e+07 5.883743e+06 
4.217533e+02 6.672517e+07 3.761737e+06 
3.666307e+02 6.555029e+07 5.208559e+06 
3.415900e+02 6.724182e+07 5.401469e+06 
3.491555e+02 6.555812e+07 5.690833e+06 
3.229693e+02 6.841837e+07 5.980198e+06 
3.820939e+02 6.563442e+07 4.822740e+06 
3.926711e+02 6.683818e+07 4.533376e+06 
3.214779e+02 6.918875e+07 6.173107e+06 
4.074740e+02 6.753002e+07 3.954647e+06 
3.698837e+02 6.358579e+07 5.883743e+06 
3.987851e+02 6.834120e+07 4.147556e+06 
3.571712e+02 6.446770e+07 5.883743e+06 
3.975320e+02 6.790631e+07 4.340466e+06 
3.243250e+02 6.752792e+07 6.269562e+06 
4.051022e+02 6.547781e+07 4.340466e+06 
4.134359e+02 6.712467e+07 3.761737e+06 
3.373657e+02 6.614259e+07 6.269562e+06 
4.252355e+02 6.748605e+07 3.568828e+06 
3.576685e+02 6.432999e+07 5.980198e+06 
3.781552e+02 6.371097e+07 5.594378e+06 
4.009533e+02 6.880398e+07 3.761737e+06 
3.443184e+02 6.517803e+07 5.883743e+06 
3.720375e+02 6.354689e+07 5.980198e+06 
4.158789e+02 6.587428e+07 4.147556e+06 
3.960337e+02 6.618516e+07 4.436921e+06 
3.663954e+02 6.740215e+07 4.822740e+06 
3.909801e+02 6.421371e+07 5.112104e+06 
3.523821e+02 6.463513e+07 6.173107e+06 
4.477579e+02 6.582676e+07 4.147556e+06 
3.236019e+02 6.773976e+07 5.883743e+06 
4.220230e+02 6.303729e+07 5.401469e+06 
3.990039e+02 6.490082e+07 4.533376e+06 
3.284277e+02 6.734253e+07 5.980198e+06 
3.381492e+02 6.586178e+07 6.076652e+06 
3.458227e+02 6.849801e+07 5.208559e+06 
3.418683e+02 6.833690e+07 5.266432e+06 
3.278364e+02 6.742607e+07 5.980198e+06 
3.292182e+02 6.703791e+07 5.787288e+06 
3.241949e+02 6.902052e+07 5.787288e+06 
3.581625e+02 6.497500e+07 5.594378e+06 
3.484082e+02 6.475967e+07 5.883743e+06 
4.211523e+02 6.365017e+07 4.919195e+06 
3.726000e+02 6.499554e+07 5.208559e+06 
4.352191e+02 6.283066e+07 5.015650e+06 
3.572943e+02 6.438239e+07 5.883743e+06 
4.038355e+02 6.347327e+07 5.305014e+06 
4.296734e+02 6.285146e+07 5.401469e+06 
3.467195e+02 6.781911e+07 5.015650e+06 
4.080545e+02 6.821798e+07 3.761737e+06 
4.243274e+02 6.529991e+07 4.244011e+06 
3.583461e+02 6.373404e+07 5.883743e+06 
3.307961e+02 6.684372e+07 5.787288e+06 
3.563564e+02 6.786199e+07 4.932055e+06 
3.938185e+02 6.803020e+07 4.436921e+06 
3.703297e+02 6.656025e+07 4.822740e+06 
3.841446e+02 6.642072e+07 4.629830e+06 
3.846842e+02 6.381506e+07 5.401469e+06 
3.302741e+02 6.691272e+07 6.076652e+06 
3.937116e+02 6.305869e+07 5.497924e+06 
3.664529e+02 6.615697e+07 5.015650e+06 
4.002743e+02 6.753761e+07 4.147556e+06 
3.517892e+02 6.658446e+07 5.305014e+06 
4.135273e+02 6.504540e+07 4.340466e+06 
3.749410e+02 6.426119e+07 5.497924e+06 
3.528014e+02 6.589918e+07 5.497924e+06 
3.474166e+02 6.492207e+07 5.883743e+06 
3.684588e+02 6.406005e+07 5.594378e+06 
3.846546e+02 7.415888e+07 4.533376e+06 
4.048977e+02 6.456111e+07 4.629830e+06 
3.315421e+02 6.793160e+07 5.497924e+06 
3.611161e+02 6.831541e+07 4.919195e+06 
4.070924e+02 6.653711e+07 4.147556e+06 
3.624682e+02 6.416278e+07 5.690833e+06 
3.805423e+02 6.608055e+07 4.726285e+06 
3.211820e+02 6.800330e+07 6.462472e+06 
4.167596e+02 6.437160e+07 4.436921e+06 
3.360996e+02 6.648783e+07 5.980198e+06 
3.860173e+02 6.956913e+07 4.597679e+06 

4.030703e+02 6.437009e+07 6.173107e+06 
3.864589e+02 6.789364e+07 4.533376e+06 
3.709369e+02 6.594178e+07 5.594378e+06 
3.810061e+02 7.092159e+07 4.340466e+06 
4.387052e+02 6.399134e+07 5.594378e+06 
3.368240e+02 7.059299e+07 5.401469e+06 
3.992581e+02 6.466423e+07 5.883743e+06 
4.601771e+02 6.983353e+07 3.375918e+06 
3.356708e+02 6.801841e+07 5.980198e+06 
3.305248e+02 7.222149e+07 5.497924e+06 
3.276138e+02 6.930991e+07 6.076652e+06 
4.476577e+02 6.415582e+07 5.015650e+06 
3.955362e+02 6.825332e+07 4.340466e+06 
3.517894e+02 6.709530e+07 5.690833e+06 
3.230571e+02 6.994008e+07 6.366017e+06 
3.541250e+02 6.682666e+07 5.787288e+06 
4.172906e+02 6.456569e+07 5.015650e+06 
3.576475e+02 6.723580e+07 5.401469e+06 
4.309071e+02 6.435327e+07 5.015650e+06 
3.358862e+02 6.926834e+07 5.497924e+06 
3.650798e+02 6.640507e+07 5.787288e+06 
3.838880e+02 6.528370e+07 5.883743e+06 
3.958721e+02 6.921211e+07 4.147556e+06 
4.342332e+02 6.406581e+07 5.594378e+06 
4.294989e+02 6.718354e+07 4.340466e+06 
3.478015e+02 6.755517e+07 5.980198e+06 
3.728800e+02 7.231911e+07 4.629830e+06 
3.600454e+02 6.670081e+07 5.594378e+06 
5.048333e+02 6.709446e+07 3.665282e+06 
4.511578e+02 6.397906e+07 5.112104e+06 
3.448650e+02 6.836090e+07 5.497924e+06 
3.213878e+02 7.326154e+07 6.462472e+06 
3.194193e+02 7.582633e+07 6.269562e+06 
3.230173e+02 7.010127e+07 6.269562e+06 
3.782825e+02 6.923093e+07 4.533376e+06 
4.131672e+02 6.813146e+07 3.954647e+06 
3.666051e+02 6.638960e+07 5.980198e+06 
3.404376e+02 7.088742e+07 5.305014e+06 
4.428254e+02 6.652977e+07 4.436921e+06 
4.510656e+02 6.970352e+07 3.472373e+06 
5.006932e+02 6.698102e+07 3.858192e+06 
3.587206e+02 8.298581e+07 4.702171e+06 
3.485835e+02 7.058650e+07 5.208559e+06 
3.691974e+02 6.621150e+07 5.594378e+06 
4.185748e+02 7.009894e+07 3.761737e+06 
3.992484e+02 6.630519e+07 4.919195e+06 
3.831199e+02 6.941085e+07 4.340466e+06 
3.195530e+02 7.498911e+07 6.655381e+06 
3.242383e+02 7.106924e+07 5.787288e+06 
3.948910e+02 6.555916e+07 5.305014e+06 
4.689575e+02 6.859196e+07 3.375918e+06 
3.216951e+02 7.210162e+07 5.883743e+06 
3.590900e+02 7.038193e+07 5.112104e+06 
4.204135e+02 6.572736e+07 4.629830e+06 
3.915039e+02 6.477148e+07 5.690833e+06 
3.563636e+02 8.132529e+07 4.822740e+06 
4.324662e+02 6.484282e+07 4.629830e+06 
3.644677e+02 6.929223e+07 4.919195e+06 
3.211175e+02 7.484446e+07 6.269562e+06 
3.509304e+02 6.750813e+07 5.980198e+06 
3.214117e+02 7.254475e+07 6.269562e+06 
3.307254e+02 6.866498e+07 5.980198e+06 
3.228270e+02 7.056797e+07 6.173107e+06 
4.264663e+02 6.417091e+07 5.594378e+06 
3.533900e+02 8.777599e+07 4.639474e+06 
3.187532e+02 7.547051e+07 6.462472e+06 
3.854688e+02 6.518500e+07 5.690833e+06 
4.620384e+02 6.580005e+07 4.436921e+06 
4.834001e+02 6.615548e+07 3.954647e+06 
4.539581e+02 6.449150e+07 4.629830e+06 
3.615638e+02 6.652666e+07 5.594378e+06 
3.246187e+02 7.278285e+07 5.690833e+06 
4.186051e+02 6.772973e+07 4.051102e+06 
4.898359e+02 6.761882e+07 3.472373e+06 
4.219885e+02 6.453678e+07 4.919195e+06 
3.736387e+02 6.579449e+07 5.594378e+06 
4.084165e+02 6.913387e+07 3.954647e+06 
3.262477e+02 7.147264e+07 5.594378e+06 
3.576649e+02 6.897569e+07 5.208559e+06 
3.727950e+02 6.812846e+07 4.822740e+06 
4.528437e+02 6.631930e+07 4.244011e+06 
3.778163e+02 6.548708e+07 5.787288e+06 
3.672120e+02 6.957337e+07 4.822740e+06 
3.556794e+02 8.663538e+07 4.629830e+06 
4.975975e+02 6.738884e+07 3.568828e+06 
3.494936e+02 8.426189e+07 4.869359e+06 
3.752622e+02 6.883400e+07 4.629830e+06 
3.810995e+02 6.732784e+07 4.726285e+06 
4.589621e+02 6.761169e+07 3.761737e+06 
3.226449e+02 7.084746e+07 6.462472e+06 
4.431590e+02 6.832266e+07 3.571507e+06 
3.739811e+02 6.628814e+07 5.305014e+06 
3.804067e+02 6.534459e+07 5.787288e+06 
3.818688e+02 6.635405e+07 5.112104e+06 
3.220470e+02 7.137579e+07 5.980198e+06 
3.450698e+02 9.052748e+07 5.208559e+06 
4.163736e+02 6.917466e+07 3.858192e+06 
4.422076e+02 6.382632e+07 5.497924e+06 
3.892795e+02 6.507539e+07 5.497924e+06 
4.892557e+02 6.844958e+07 3.375918e+06 

3.959302e+02 6.623332e+07 4.629830e+06 
3.298647e+02 6.693564e+07 6.076652e+06 
3.852372e+02 6.379670e+07 5.883743e+06 
4.156995e+02 6.302494e+07 5.208559e+06 
3.324523e+02 6.684309e+07 6.076652e+06 
4.242182e+02 6.370923e+07 4.822740e+06 
3.439049e+02 6.591187e+07 6.269562e+06 
4.384394e+02 6.404802e+07 4.533376e+06 
3.397194e+02 6.845146e+07 5.497924e+06 
3.277962e+02 6.704272e+07 6.076652e+06 
4.234346e+02 7.635743e+07 4.244011e+06 
3.253635e+02 7.004793e+07 5.980198e+06 
4.189333e+02 7.693848e+07 4.436921e+06 
3.821174e+02 6.512742e+07 5.015650e+06 
3.679343e+02 6.462020e+07 5.401469e+06 
3.376820e+02 6.660247e+07 6.173107e+06 
3.456289e+02 6.867700e+07 5.305014e+06 
3.208457e+02 6.804599e+07 6.269562e+06 
4.391229e+02 6.499113e+07 4.244011e+06 
4.167530e+02 7.491879e+07 4.533376e+06 
3.842155e+02 6.740754e+07 4.822740e+06 
3.531465e+02 6.616729e+07 5.401469e+06 
3.614122e+02 6.463833e+07 6.076652e+06 
3.317625e+02 6.692254e+07 5.980198e+06 
4.003508e+02 6.508868e+07 4.726285e+06 
4.358152e+02 6.466951e+07 4.340466e+06 
3.258976e+02 6.724322e+07 6.076652e+06 
4.279930e+02 6.258679e+07 5.305014e+06 
3.557185e+02 6.519504e+07 5.497924e+06 
4.402512e+02 6.278700e+07 5.208559e+06 
3.282466e+02 6.856561e+07 5.787288e+06 
3.343428e+02 6.727337e+07 5.690833e+06 
3.213149e+02 6.764254e+07 6.173107e+06 
4.251784e+02 6.464398e+07 4.629830e+06 
3.353453e+02 6.668771e+07 6.269562e+06 
3.752933e+02 6.708727e+07 4.919195e+06 
3.186563e+02 6.839379e+07 6.269562e+06 
3.454178e+02 6.534473e+07 5.883743e+06 
4.521572e+02 6.333151e+07 4.436921e+06 
3.200625e+02 6.892232e+07 6.173107e+06 
3.713487e+02 6.414873e+07 5.787288e+06 
4.341267e+02 6.691346e+07 4.244011e+06 
4.231593e+02 6.654356e+07 4.436921e+06 
4.623497e+02 6.355301e+07 4.340466e+06 
3.707312e+02 6.622875e+07 5.112104e+06 
4.086782e+02 6.319014e+07 5.497924e+06 
3.246775e+02 6.849225e+07 6.076652e+06 
3.426906e+02 6.652364e+07 5.690833e+06 
3.880808e+02 6.363002e+07 5.690833e+06 
3.412951e+02 6.963592e+07 5.401469e+06 
3.574043e+02 6.539592e+07 5.401469e+06 
4.396922e+02 7.555742e+07 4.051102e+06 
4.155765e+02 7.600389e+07 4.597679e+06 
3.677793e+02 6.456436e+07 5.883743e+06 
3.613096e+02 6.504823e+07 5.883743e+06 
3.871292e+02 6.624053e+07 4.726285e+06 
3.570179e+02 6.972553e+07 5.112104e+06 
3.272672e+02 6.838325e+07 5.883743e+06 
3.664916e+02 6.522603e+07 5.305014e+06 
3.752179e+02 6.421747e+07 5.497924e+06 
3.511622e+02 6.568678e+07 5.497924e+06 
3.380389e+02 6.635707e+07 6.173107e+06 
4.201483e+02 6.294474e+07 5.594378e+06 
4.239670e+02 6.533367e+07 4.436921e+06 
4.032159e+02 6.339807e+07 5.594378e+06 
3.610291e+02 6.606594e+07 5.305014e+06 
4.251314e+02 7.557231e+07 4.244011e+06 
4.031576e+02 6.387678e+07 5.112104e+06 
3.321083e+02 6.758394e+07 5.690833e+06 
4.212580e+02 6.514467e+07 4.533376e+06 
4.149758e+02 6.360071e+07 4.919195e+06 
3.894910e+02 6.522958e+07 4.919195e+06 
3.743725e+02 7.332134e+07 5.015650e+06 
4.276516e+02 6.674586e+07 4.340466e+06 
4.696045e+02 6.509572e+07 4.147556e+06 
3.891266e+02 6.427870e+07 5.208559e+06 
3.232256e+02 6.758996e+07 6.173107e+06 
3.937122e+02 6.367053e+07 5.401469e+06 
4.107472e+02 6.298735e+07 5.497924e+06 
3.707452e+02 6.425706e+07 5.787288e+06 
3.989445e+02 6.489425e+07 4.919195e+06 
4.489312e+02 6.406871e+07 4.244011e+06 
4.518484e+02 7.505987e+07 4.051102e+06 
4.659567e+02 6.595293e+07 4.147556e+06 
3.459642e+02 6.767682e+07 5.208559e+06 
3.365179e+02 6.875121e+07 5.594378e+06 
3.690033e+02 6.445804e+07 5.787288e+06 
3.953402e+02 6.347463e+07 5.883743e+06 
3.383164e+02 6.612536e+07 6.076652e+06 
3.760802e+02 6.539752e+07 5.112104e+06 
4.537748e+02 7.665138e+07 3.954647e+06 
4.474697e+02 6.349335e+07 4.436921e+06 
4.048572e+02 6.333751e+07 5.594378e+06 
3.907180e+02 6.609247e+07 4.726285e+06 
4.625868e+02 7.507638e+07 3.858192e+06 
4.562227e+02 7.714132e+07 3.858192e+06 
3.570419e+02 6.511574e+07 5.787288e+06 
4.190112e+02 6.605248e+07 4.533376e+06 
4.205023e+02 6.315706e+07 5.112104e+06 
4.142569e+02 6.435046e+07 4.822740e+06 

3.386231e+02 6.820721e+07 5.594378e+06 
3.122782e+02 7.246938e+07 6.655381e+06 
3.356543e+02 6.563618e+07 6.366017e+06 
3.933614e+02 6.412678e+07 5.787288e+06 
3.300845e+02 7.798222e+07 5.594378e+06 
3.963005e+02 6.309194e+07 6.269562e+06 
3.523348e+02 6.455112e+07 6.558926e+06 
3.457245e+02 6.498609e+07 6.269562e+06 
3.410164e+02 8.741963e+07 5.208559e+06 
3.455927e+02 6.633906e+07 5.787288e+06 
3.153323e+02 7.419437e+07 6.269562e+06 
3.398059e+02 8.709031e+07 5.305014e+06 
3.735403e+02 7.326550e+07 4.919195e+06 
3.198680e+02 6.868066e+07 6.076652e+06 
3.170890e+02 6.914818e+07 6.366017e+06 
3.834131e+02 6.747950e+07 4.822740e+06 
3.391743e+02 6.555864e+07 6.366017e+06 
4.194661e+02 6.963535e+07 4.147556e+06 
3.299630e+02 6.610155e+07 6.366017e+06 
4.118098e+02 6.587381e+07 4.822740e+06 
3.353957e+02 6.568852e+07 6.366017e+06 
3.770355e+02 6.568630e+07 5.594378e+06 
3.358742e+02 7.714976e+07 5.497924e+06 
3.194418e+02 6.765361e+07 6.366017e+06 
3.280863e+02 7.217653e+07 5.787288e+06 
4.043237e+02 6.270799e+07 6.076652e+06 
3.522863e+02 7.424160e+07 5.208559e+06 
3.635109e+02 6.383556e+07 6.558926e+06 
3.687008e+02 6.428283e+07 5.980198e+06 
3.686317e+02 6.914772e+07 5.015650e+06 
3.977980e+02 6.669405e+07 4.822740e+06 
3.305294e+02 6.596357e+07 6.366017e+06 
3.875558e+02 7.026041e+07 4.533376e+06 
3.892552e+02 6.708623e+07 4.822740e+06 
4.035545e+02 6.417449e+07 5.690833e+06 
3.759558e+02 6.353939e+07 6.462472e+06 
3.400818e+02 6.867538e+07 5.497924e+06 
3.292714e+02 7.774683e+07 5.690833e+06 
3.866172e+02 6.327874e+07 6.173107e+06 
4.219371e+02 6.653300e+07 4.436921e+06 
3.671200e+02 6.369004e+07 6.173107e+06 
3.921533e+02 6.478733e+07 5.690833e+06 
3.173625e+02 6.855894e+07 6.366017e+06 
3.241415e+02 6.871456e+07 5.980198e+06 
3.631193e+02 6.643786e+07 5.401469e+06 
4.035369e+02 6.552717e+07 5.305014e+06 
4.017140e+02 6.705402e+07 4.533376e+06 
4.027143e+02 6.344189e+07 5.883743e+06 
3.396525e+02 6.519257e+07 6.366017e+06 
4.005352e+02 6.305299e+07 6.269562e+06 
3.495231e+02 6.534775e+07 6.076652e+06 
4.033935e+02 6.240958e+07 6.269562e+06 
3.517021e+02 6.459073e+07 6.366017e+06 
4.228305e+02 6.809839e+07 4.244011e+06 
3.450639e+02 6.866383e+07 5.305014e+06 
3.944508e+02 6.796032e+07 4.533376e+06 
3.716457e+02 9.019349e+07 4.932055e+06 
3.950741e+02 6.315007e+07 6.269562e+06 
4.023288e+02 6.403892e+07 5.787288e+06 
3.242664e+02 6.699626e+07 6.076652e+06 
3.274282e+02 6.668190e+07 6.076652e+06 
4.017039e+02 6.861834e+07 4.340466e+06 
3.268732e+02 7.890807e+07 5.787288e+06 
4.235847e+02 6.567717e+07 4.726285e+06 
4.103180e+02 6.882234e+07 4.244011e+06 
3.425796e+02 6.859489e+07 5.401469e+06 
3.481636e+02 6.800404e+07 5.305014e+06 
3.538249e+02 6.451700e+07 6.366017e+06 
4.066126e+02 6.340494e+07 5.980198e+06 
4.129313e+02 6.654750e+07 4.533376e+06 
3.835632e+02 7.119265e+07 4.533376e+06 
3.292931e+02 6.646883e+07 6.366017e+06 
4.348221e+02 6.861791e+07 4.147556e+06 
4.234413e+02 6.637661e+07 4.533376e+06 
3.781090e+02 6.816237e+07 4.919195e+06 
3.304239e+02 6.931766e+07 5.787288e+06 
3.621655e+02 6.404026e+07 6.173107e+06 
3.179821e+02 7.420300e+07 5.980198e+06 
3.984811e+02 6.611975e+07 5.112104e+06 
3.536606e+02 6.875396e+07 5.208559e+06 
3.562366e+02 6.428891e+07 6.558926e+06 
3.340919e+02 6.764134e+07 5.690833e+06 
3.933723e+02 6.653888e+07 5.015650e+06 
3.717547e+02 6.362077e+07 6.173107e+06 
3.910949e+02 6.739573e+07 4.726285e+06 
3.159463e+02 6.987396e+07 6.173107e+06 
3.791567e+02 6.347633e+07 6.366017e+06 
4.104428e+02 6.693776e+07 4.340466e+06 
3.485527e+02 6.479837e+07 6.655381e+06 
3.654815e+02 6.467943e+07 5.787288e+06 
3.231742e+02 6.660495e+07 6.462472e+06 
3.431183e+02 6.514642e+07 6.366017e+06 
3.198838e+02 7.669812e+07 5.883743e+06 
3.452274e+02 6.506837e+07 6.269562e+06 
3.398447e+02 6.591505e+07 6.076652e+06 
3.478260e+02 6.700498e+07 5.401469e+06 
3.654834e+02 7.572163e+07 5.015650e+06 
3.744877e+02 6.677815e+07 5.208559e+06 
3.770334e+02 7.043352e+07 4.726285e+06 
3.616982e+02 7.496618e+07 5.112104e+06 

3.929412e+02 7.204443e+07 3.761737e+06 
4.149992e+02 7.095196e+07 3.737624e+06 
3.140708e+02 7.154909e+07 5.980198e+06 
3.274985e+02 7.563417e+07 5.208559e+06 
4.239474e+02 7.073394e+07 3.665282e+06 
3.391019e+02 7.153663e+07 5.112104e+06 
3.477665e+02 7.097547e+07 4.919195e+06 
3.144700e+02 7.389197e+07 5.787288e+06 
3.296748e+02 7.064768e+07 6.173107e+06 
3.466689e+02 6.782949e+07 5.305014e+06 
3.443006e+02 6.910458e+07 5.208559e+06 
4.265608e+02 7.012750e+07 3.761737e+06 
3.894947e+02 6.980103e+07 4.147556e+06 
4.355262e+02 6.981264e+07 3.665282e+06 
3.465583e+02 6.876545e+07 5.015650e+06 
3.278917e+02 8.167976e+07 5.099244e+06 
3.332034e+02 7.026155e+07 5.690833e+06 
4.264395e+02 6.864614e+07 4.147556e+06 
3.376418e+02 6.805047e+07 5.401469e+06 
3.313512e+02 6.961278e+07 5.980198e+06 
3.977199e+02 7.026583e+07 3.954647e+06 
3.793600e+02 6.893030e+07 4.340466e+06 
3.572503e+02 6.929557e+07 4.726285e+06 
3.310711e+02 7.614500e+07 5.112104e+06 
3.268822e+02 7.111555e+07 5.787288e+06 
4.148973e+02 6.901237e+07 3.954647e+06 
3.421078e+02 6.902063e+07 5.305014e+06 
3.921668e+02 6.847313e+07 4.244011e+06 
4.356650e+02 6.896619e+07 3.954647e+06 
3.700329e+02 6.851676e+07 4.726285e+06 
3.209503e+02 7.200073e+07 5.787288e+06 
4.086344e+02 6.758075e+07 4.436921e+06 
3.188336e+02 8.217677e+07 5.401469e+06 
3.250456e+02 7.603128e+07 5.208559e+06 
3.703832e+02 6.702633e+07 5.305014e+06 
3.846464e+02 7.195596e+07 4.051102e+06 
3.355644e+02 6.869029e+07 5.497924e+06 
3.209275e+02 7.082750e+07 5.980198e+06 
3.630040e+02 6.818151e+07 4.919195e+06 
3.251006e+02 7.194179e+07 5.690833e+06 
3.127391e+02 7.609874e+07 5.594378e+06 
3.638391e+02 6.724223e+07 5.112104e+06 
3.442578e+02 6.874858e+07 5.305014e+06 
3.260534e+02 7.407390e+07 5.401469e+06 
3.100279e+02 7.501664e+07 6.173107e+06 
4.150392e+02 6.787028e+07 4.152915e+06 
3.499461e+02 6.846531e+07 5.015650e+06 
3.973554e+02 6.775341e+07 4.822740e+06 
3.536546e+02 6.753538e+07 5.112104e+06 
3.504004e+02 7.135247e+07 4.822740e+06 
4.066062e+02 6.752231e+07 4.485148e+06 
3.334811e+02 6.912375e+07 5.401469e+06 
3.431420e+02 6.795899e+07 5.401469e+06 
3.722026e+02 6.698256e+07 5.208559e+06 
3.785066e+02 6.849945e+07 4.533376e+06 
3.870191e+02 7.101623e+07 4.051102e+06 
3.113936e+02 7.429521e+07 6.173107e+06 
3.354571e+02 6.909446e+07 5.401469e+06 
3.784579e+02 7.002392e+07 4.319032e+06 
3.544540e+02 6.847007e+07 4.919195e+06 
3.370344e+02 7.864684e+07 4.822740e+06 
3.635313e+02 6.745749e+07 5.497924e+06 
3.443889e+02 7.010168e+07 5.015650e+06 
4.166915e+02 7.192690e+07 3.665282e+06 
3.384208e+02 7.308354e+07 5.015650e+06 
3.970608e+02 6.814838e+07 4.340466e+06 
3.661061e+02 6.798732e+07 4.919195e+06 
3.833686e+02 7.236236e+07 4.147556e+06 
4.006299e+02 6.738692e+07 5.015650e+06 
3.336548e+02 6.952896e+07 5.208559e+06 
3.535461e+02 6.836423e+07 5.015650e+06 
3.141616e+02 7.475471e+07 5.594378e+06 
3.468156e+02 6.849093e+07 5.208559e+06 
3.214532e+02 7.354827e+07 5.594378e+06 
3.897730e+02 7.096447e+07 3.954647e+06 
3.958865e+02 6.944768e+07 4.051102e+06 
4.061183e+02 6.752230e+07 4.629830e+06 
3.805398e+02 7.309146e+07 4.244011e+06 
3.428441e+02 7.042360e+07 5.015650e+06 
3.267394e+02 7.077053e+07 6.173107e+06 
3.216348e+02 7.637604e+07 5.401469e+06 
3.160020e+02 7.128181e+07 6.173107e+06 
3.489824e+02 6.866100e+07 5.015650e+06 
3.823682e+02 6.946832e+07 4.244011e+06 
3.971341e+02 6.887300e+07 4.147556e+06 
3.243055e+02 7.939808e+07 5.182838e+06 
3.135996e+02 7.383712e+07 6.173107e+06 
3.363900e+02 6.862561e+07 5.401469e+06 
3.584639e+02 6.806426e+07 5.015650e+06 
4.244171e+02 6.879455e+07 3.986798e+06 
3.665251e+02 6.955387e+07 4.533376e+06 
3.684628e+02 6.923323e+07 4.629830e+06 
3.692690e+02 7.100363e+07 4.436921e+06 
3.230275e+02 8.041603e+07 5.266432e+06 
4.032577e+02 7.095298e+07 3.858192e+06 
3.753905e+02 6.922110e+07 4.340466e+06 
3.746331e+02 7.036885e+07 4.340466e+06 
3.561172e+02 7.032037e+07 4.822740e+06 
3.574453e+02 6.753256e+07 5.690833e+06 
3.229442e+02 7.545644e+07 5.401469e+06 

4.027050e+02 6.830875e+07 3.954647e+06 
3.645464e+02 6.798751e+07 4.822740e+06 
3.280608e+02 6.983225e+07 5.401469e+06 
3.268032e+02 6.979576e+07 5.433620e+06 
3.212343e+02 8.241251e+07 6.944746e+06 
3.752009e+02 6.522667e+07 5.594378e+06 
3.485515e+02 7.024724e+07 4.726285e+06 
3.769019e+02 6.747785e+07 4.629830e+06 
3.516639e+02 6.713513e+07 5.305014e+06 
3.272356e+02 6.870857e+07 5.690833e+06 
4.067066e+02 6.530379e+07 5.015650e+06 
3.847359e+02 6.635923e+07 4.822740e+06 
3.780426e+02 6.774740e+07 4.436921e+06 
4.037872e+02 6.858198e+07 3.761737e+06 
3.236636e+02 6.871432e+07 5.787288e+06 
3.452189e+02 6.720774e+07 5.497924e+06 
3.734978e+02 6.559805e+07 5.401469e+06 
3.221772e+02 8.258688e+07 6.558926e+06 
3.630266e+02 6.630480e+07 5.305014e+06 
3.588338e+02 6.705123e+07 5.112104e+06 
3.238384e+02 6.987819e+07 5.594378e+06 
3.374152e+02 7.397060e+07 5.208559e+06 
3.549794e+02 6.652195e+07 5.401469e+06 
3.467416e+02 6.843543e+07 5.112104e+06 
4.190221e+02 6.602637e+07 4.629830e+06 
3.822615e+02 6.880473e+07 4.051102e+06 
3.689494e+02 6.775455e+07 4.629830e+06 
3.558058e+02 6.776820e+07 5.112104e+06 
3.976826e+02 6.470971e+07 5.305014e+06 
3.387056e+02 6.738724e+07 5.594378e+06 
3.497382e+02 6.683524e+07 5.401469e+06 
3.718673e+02 6.566376e+07 5.401469e+06 
3.676486e+02 6.603655e+07 5.208559e+06 
3.368514e+02 6.781356e+07 5.497924e+06 
3.713039e+02 6.568913e+07 5.401469e+06 
3.698816e+02 6.795716e+07 4.533376e+06 
3.344184e+02 6.763961e+07 5.787288e+06 
3.452780e+02 6.769214e+07 5.305014e+06 
3.542541e+02 6.824784e+07 4.919195e+06 
3.772327e+02 6.942757e+07 4.051102e+06 
3.825697e+02 6.519464e+07 5.112104e+06 
3.710031e+02 6.843282e+07 4.340466e+06 
3.421509e+02 7.535586e+07 4.919195e+06 
3.785570e+02 6.566060e+07 5.112104e+06 
3.321664e+02 6.797967e+07 5.594378e+06 
4.126089e+02 6.618679e+07 4.436921e+06 
4.151045e+02 6.535600e+07 4.919195e+06 
3.448295e+02 7.059384e+07 4.848461e+06 
3.321302e+02 7.508010e+07 5.015650e+06 
3.943882e+02 6.517092e+07 5.208559e+06 
4.263679e+02 7.112609e+07 3.665282e+06 
3.513568e+02 7.097624e+07 4.629830e+06 
3.854130e+02 6.556850e+07 4.919195e+06 
3.906346e+02 6.641266e+07 4.629830e+06 
3.963943e+02 7.074641e+07 3.858192e+06 
3.745970e+02 7.045012e+07 4.244011e+06 
4.199096e+02 6.538769e+07 4.822740e+06 
3.554347e+02 6.994778e+07 4.629830e+06 
3.923602e+02 6.961862e+07 3.954647e+06 
3.693631e+02 7.050789e+07 4.436921e+06 
3.793984e+02 6.847689e+07 4.244011e+06 
4.025534e+02 6.556480e+07 4.726285e+06 
3.502131e+02 6.942835e+07 4.919195e+06 
3.287591e+02 6.831260e+07 5.980198e+06 
3.726664e+02 6.693008e+07 4.919195e+06 
3.311084e+02 7.678746e+07 5.208559e+06 
3.609233e+02 6.897663e+07 4.726285e+06 
3.261973e+02 6.864679e+07 5.883743e+06 
3.574626e+02 7.068136e+07 4.533376e+06 
3.745225e+02 6.548777e+07 5.401469e+06 
3.722398e+02 6.726509e+07 4.726285e+06 
3.603915e+02 6.647208e+07 5.305014e+06 
3.405619e+02 6.911139e+07 5.208559e+06 
3.852590e+02 6.518790e+07 5.594378e+06 
3.295527e+02 6.888468e+07 5.401469e+06 
3.839803e+02 6.784126e+07 4.244011e+06 
3.658565e+02 6.870909e+07 4.533376e+06 
3.646713e+02 6.661801e+07 5.112104e+06 
3.447554e+02 6.727604e+07 5.594378e+06 
4.104973e+02 7.219378e+07 3.665282e+06 
3.397870e+02 7.147377e+07 5.182838e+06 
3.299336e+02 6.844598e+07 5.594378e+06 
3.430614e+02 7.165455e+07 4.919195e+06 
3.658611e+02 6.624849e+07 5.305014e+06 
3.674794e+02 6.618782e+07 5.401469e+06 
3.361272e+02 6.760433e+07 5.787288e+06 
3.627041e+02 6.722678e+07 4.919195e+06 
3.821465e+02 6.640120e+07 4.919195e+06 
3.869589e+02 6.632841e+07 4.726285e+06 
3.869431e+02 6.732263e+07 4.244011e+06 
3.532465e+02 6.944035e+07 4.822740e+06 
3.957318e+02 6.834607e+07 4.051102e+06 
4.032118e+02 6.618771e+07 4.629830e+06 
4.061041e+02 6.697757e+07 4.340466e+06 
3.401092e+02 6.866407e+07 5.305014e+06 
3.607759e+02 6.636484e+07 5.305014e+06 
3.705478e+02 6.597267e+07 5.305014e+06 
3.942191e+02 6.574304e+07 4.726285e+06 
3.962497e+02 6.662079e+07 4.436921e+06 
4.026504e+02 6.822104e+07 4.147556e+06 

