6.571900e+03 2.732389e+07 2.351427e+06 
6.567850e+03 2.753362e+07 2.351427e+06 
6.920900e+03 2.875956e+07 1.617271e+06 
7.024600e+03 2.867699e+07 1.532152e+06 
6.561150e+03 2.736372e+07 2.436546e+06 
6.934050e+03 2.855054e+07 1.617271e+06 
6.694450e+03 2.720483e+07 2.266307e+06 
7.653550e+03 3.296934e+07 1.057574e+06 
7.398800e+03 3.135430e+07 1.284197e+06 
6.679950e+03 2.717276e+07 2.298228e+06 
7.339250e+03 2.954056e+07 1.447032e+06 
7.470250e+03 3.033282e+07 1.359738e+06 
7.440600e+03 3.030630e+07 1.435279e+06 
6.579950e+03 2.729821e+07 2.521666e+06 
9.144800e+03 3.655559e+07 8.764034e+05 
6.949250e+03 2.853264e+07 1.532152e+06 
6.587900e+03 2.707485e+07 2.606786e+06 
6.938450e+03 2.830775e+07 1.702391e+06 
6.587850e+03 2.692895e+07 2.436546e+06 
8.439350e+03 3.532522e+07 8.942892e+05 
7.789600e+03 3.355854e+07 9.895141e+05 
6.598150e+03 2.707431e+07 2.521666e+06 
7.495150e+03 3.205823e+07 1.276793e+06 
7.712900e+03 3.267762e+07 1.133115e+06 
6.783750e+03 2.787325e+07 1.957750e+06 
7.686700e+03 3.293429e+07 1.106554e+06 
8.309800e+03 3.576870e+07 9.064920e+05 
7.528350e+03 3.187493e+07 1.284197e+06 
7.784050e+03 3.335259e+07 9.895141e+05 
6.759800e+03 2.787063e+07 1.872630e+06 
7.437350e+03 3.141858e+07 1.361913e+06 
7.788150e+03 3.359955e+07 9.820330e+05 
7.401650e+03 3.024995e+07 1.435279e+06 
6.718650e+03 2.723782e+07 2.213108e+06 
7.348350e+03 3.110074e+07 1.415112e+06 
7.034000e+03 2.886491e+07 1.510820e+06 
7.529500e+03 3.225796e+07 1.191674e+06 
7.290750e+03 2.939381e+07 1.447032e+06 
6.723750e+03 2.725930e+07 2.266307e+06 
6.607150e+03 2.696452e+07 2.521666e+06 
6.939450e+03 2.836419e+07 1.617271e+06 
8.103700e+03 3.498773e+07 9.363151e+05 
6.663750e+03 2.756066e+07 2.213108e+06 
7.043000e+03 2.884460e+07 1.510820e+06 
6.557850e+03 2.734594e+07 2.436546e+06 
6.761450e+03 2.781359e+07 1.872630e+06 
7.788250e+03 3.384350e+07 9.820330e+05 
6.632800e+03 2.696309e+07 2.521666e+06 
7.062500e+03 2.886567e+07 1.510820e+06 
9.059450e+03 3.616496e+07 8.764034e+05 
8.212700e+03 3.466219e+07 9.363151e+05 
6.787000e+03 2.771222e+07 1.957750e+06 
7.410300e+03 3.119217e+07 1.359738e+06 
6.711950e+03 2.725942e+07 2.127989e+06 
8.360450e+03 3.509423e+07 9.064920e+05 
7.304700e+03 3.120913e+07 1.500231e+06 
6.927500e+03 2.845353e+07 1.617271e+06 
7.357200e+03 3.174067e+07 1.361913e+06 
7.628000e+03 3.325037e+07 1.133115e+06 
6.634700e+03 2.718318e+07 2.351427e+06 
7.525800e+03 3.221437e+07 1.133115e+06 
6.675900e+03 2.746831e+07 2.127989e+06 
7.542650e+03 3.102760e+07 1.329992e+06 
9.030300e+03 3.734723e+07 8.764034e+05 
6.791900e+03 2.784089e+07 1.787511e+06 
6.920750e+03 2.870856e+07 1.617271e+06 
7.469150e+03 3.054566e+07 1.361913e+06 
6.817650e+03 2.783202e+07 1.872630e+06 
6.921950e+03 2.846223e+07 1.617271e+06 
6.701200e+03 2.733412e+07 2.042869e+06 
9.036850e+03 3.776501e+07 8.764034e+05 
7.475900e+03 3.127227e+07 1.329992e+06 
6.653600e+03 2.754241e+07 2.213108e+06 
6.609300e+03 2.699354e+07 2.436546e+06 
7.520050e+03 3.204897e+07 1.208656e+06 
7.415100e+03 3.151071e+07 1.359738e+06 
8.134650e+03 3.462438e+07 9.064920e+05 
7.377950e+03 3.103433e+07 1.361913e+06 
6.886950e+03 2.811987e+07 1.702391e+06 
7.577050e+03 3.091233e+07 1.284197e+06 
7.350950e+03 3.092818e+07 1.415112e+06 
6.703000e+03 2.767290e+07 2.042869e+06 
6.558450e+03 2.731574e+07 2.521666e+06 
6.879350e+03 2.835604e+07 1.702391e+06 
8.078900e+03 3.481852e+07 9.363151e+05 
7.633000e+03 3.278826e+07 1.133115e+06 
6.856800e+03 2.834900e+07 1.702391e+06 
6.941700e+03 2.821738e+07 1.617271e+06 
6.923050e+03 2.810512e+07 1.702391e+06 
6.665050e+03 2.743406e+07 2.127989e+06 
7.411050e+03 3.027317e+07 1.361913e+06 
7.352350e+03 3.125263e+07 1.415112e+06 
6.577950e+03 2.738010e+07 2.266307e+06 
7.664450e+03 3.304370e+07 1.057574e+06 
6.801900e+03 2.809402e+07 1.787511e+06 
7.459250e+03 3.173829e+07 1.276793e+06 
8.127050e+03 3.493190e+07 9.363151e+05 
6.919150e+03 2.831932e+07 1.702391e+06 
6.667800e+03 2.740126e+07 2.213108e+06 
6.745150e+03 2.789960e+07 1.872630e+06 

7.525400e+03 3.000542e+07 1.702391e+06 
7.429950e+03 3.167314e+07 1.447032e+06 
8.151700e+03 3.538043e+07 9.363151e+05 
7.479500e+03 3.165224e+07 1.447032e+06 
7.347550e+03 3.178943e+07 1.500231e+06 
8.026350e+03 3.308778e+07 1.106554e+06 
6.876250e+03 2.814632e+07 1.787511e+06 
7.587300e+03 3.226695e+07 1.276793e+06 
7.267600e+03 3.029006e+07 1.617271e+06 
7.451100e+03 3.224747e+07 1.532152e+06 
8.144800e+03 3.338739e+07 1.133115e+06 
7.435650e+03 3.186080e+07 1.284197e+06 
9.659850e+03 3.986558e+07 8.406318e+05 
7.515950e+03 3.105120e+07 1.447032e+06 
9.659200e+03 3.965613e+07 8.511955e+05 
7.552700e+03 3.059664e+07 1.361913e+06 
7.324700e+03 3.054330e+07 1.532152e+06 
6.958050e+03 2.849899e+07 1.702391e+06 
9.686300e+03 3.918669e+07 8.525681e+05 
7.326050e+03 3.174650e+07 1.670470e+06 
6.559550e+03 2.695647e+07 2.298228e+06 
8.040000e+03 3.473182e+07 1.074634e+06 
8.276700e+03 3.579344e+07 9.121750e+05 
8.061500e+03 3.477595e+07 1.021435e+06 
7.310650e+03 3.165764e+07 1.532152e+06 
7.433150e+03 3.178039e+07 1.361913e+06 
7.379350e+03 3.203110e+07 1.361913e+06 
7.432550e+03 3.232702e+07 1.284197e+06 
8.122850e+03 3.386094e+07 1.021435e+06 
7.542000e+03 3.027814e+07 1.532152e+06 
8.910200e+03 3.632792e+07 9.064920e+05 
7.462050e+03 3.172012e+07 1.329992e+06 
7.240000e+03 3.032110e+07 1.617271e+06 
9.648450e+03 4.048421e+07 8.406318e+05 
9.948500e+03 3.988453e+07 8.406318e+05 
6.609350e+03 2.705964e+07 2.127989e+06 
8.221750e+03 3.553388e+07 9.363151e+05 
7.624950e+03 3.269008e+07 1.208656e+06 
8.015950e+03 3.488697e+07 1.106554e+06 
7.950800e+03 3.272344e+07 1.133115e+06 
7.415150e+03 3.198072e+07 1.329992e+06 
8.017050e+03 3.311601e+07 1.106554e+06 
8.051500e+03 3.494124e+07 1.057574e+06 
6.544450e+03 2.698385e+07 2.383347e+06 
7.291200e+03 3.036817e+07 1.702391e+06 
7.423650e+03 3.179601e+07 1.361913e+06 
9.428100e+03 3.906249e+07 8.511955e+05 
6.656750e+03 2.722574e+07 2.213108e+06 
7.762600e+03 3.177316e+07 1.208656e+06 
8.199250e+03 3.397334e+07 9.363151e+05 
6.549200e+03 2.710325e+07 2.468467e+06 
8.093100e+03 3.365698e+07 1.057574e+06 
7.625650e+03 3.253997e+07 1.208656e+06 
7.377700e+03 3.181566e+07 1.415112e+06 
7.767950e+03 3.057542e+07 1.447032e+06 
8.160850e+03 3.416288e+07 1.021435e+06 
7.779300e+03 3.051600e+07 1.447032e+06 
7.546650e+03 3.068159e+07 1.447032e+06 
8.086050e+03 3.321794e+07 1.074634e+06 
6.729100e+03 2.768070e+07 1.957750e+06 
7.362100e+03 3.092213e+07 1.585351e+06 
9.038900e+03 3.730082e+07 8.987604e+05 
7.971400e+03 3.270488e+07 1.191674e+06 
6.659100e+03 2.730737e+07 2.042869e+06 
7.371900e+03 3.175211e+07 1.447032e+06 
7.668200e+03 3.274167e+07 1.276793e+06 
7.433000e+03 2.982388e+07 1.617271e+06 
7.497350e+03 3.184852e+07 1.284197e+06 
8.504100e+03 3.721330e+07 9.064920e+05 
7.286950e+03 3.155314e+07 1.585351e+06 
6.758900e+03 2.783793e+07 1.957750e+06 
6.559250e+03 2.687045e+07 2.213108e+06 
8.111100e+03 3.325341e+07 1.057574e+06 
7.386300e+03 3.090661e+07 1.500231e+06 
7.337350e+03 3.217675e+07 1.500231e+06 
7.373000e+03 3.192837e+07 1.415112e+06 
8.321850e+03 3.467184e+07 9.820330e+05 
6.732200e+03 2.763779e+07 1.957750e+06 
7.979300e+03 3.269348e+07 1.191674e+06 
6.880150e+03 2.823975e+07 1.787511e+06 
6.868250e+03 2.820108e+07 1.787511e+06 
8.262150e+03 3.400734e+07 1.106554e+06 
7.749200e+03 3.170331e+07 1.284197e+06 
8.107200e+03 3.350244e+07 1.057574e+06 
7.475700e+03 3.185939e+07 1.284197e+06 
7.770600e+03 3.326721e+07 1.191674e+06 
8.529350e+03 3.708593e+07 9.064920e+05 
8.095750e+03 3.528477e+07 9.820330e+05 
8.045350e+03 3.496864e+07 1.057574e+06 
8.055600e+03 3.381960e+07 1.057574e+06 
8.884000e+03 3.610855e+07 9.064920e+05 
7.432650e+03 3.140838e+07 1.468311e+06 
7.973050e+03 3.301219e+07 1.208656e+06 
9.623350e+03 3.959167e+07 8.456996e+05 
8.105950e+03 3.502479e+07 9.895141e+05 
6.767350e+03 2.791222e+07 1.872630e+06 
8.090450e+03 3.526369e+07 9.895141e+05 
8.979950e+03 3.683055e+07 8.987604e+05 
9.657300e+03 4.054720e+07 8.511955e+05 
7.548750e+03 3.236048e+07 1.276793e+06 

9.286100e+03 3.778950e+07 8.309510e+05 
8.352200e+03 3.677132e+07 9.363151e+05 
7.909550e+03 3.290776e+07 1.191674e+06 
6.968500e+03 2.848686e+07 1.872630e+06 
6.704800e+03 2.768192e+07 2.042869e+06 
7.758450e+03 3.270408e+07 1.208656e+06 
7.399100e+03 3.080545e+07 1.532152e+06 
9.217450e+03 3.833935e+07 8.511955e+05 
7.950200e+03 3.211478e+07 1.359738e+06 
8.238450e+03 3.266180e+07 1.133115e+06 
6.949200e+03 2.839604e+07 1.872630e+06 
7.772900e+03 3.223222e+07 1.329992e+06 
7.440300e+03 3.093758e+07 1.532152e+06 
6.922800e+03 2.857594e+07 1.872630e+06 
7.862300e+03 3.308438e+07 1.133115e+06 
6.522900e+03 2.700399e+07 2.298228e+06 
6.946850e+03 2.850053e+07 1.787511e+06 
9.788600e+03 4.008082e+07 7.869745e+05 
7.951400e+03 3.343579e+07 1.133115e+06 
8.502700e+03 3.670719e+07 9.363151e+05 
6.970350e+03 2.894695e+07 1.617271e+06 
6.690350e+03 2.773926e+07 2.127989e+06 
9.312450e+03 3.805998e+07 8.724740e+05 
6.710950e+03 2.764663e+07 2.042869e+06 
7.357650e+03 3.116706e+07 1.532152e+06 
7.894900e+03 3.316138e+07 1.191674e+06 
8.253200e+03 3.578372e+07 9.820330e+05 
6.508650e+03 2.687144e+07 2.383347e+06 
8.874650e+03 3.437632e+07 1.106554e+06 
6.939950e+03 2.848096e+07 1.872630e+06 
7.746300e+03 3.287579e+07 1.208656e+06 
7.006350e+03 2.850367e+07 1.702391e+06 
7.714900e+03 3.159061e+07 1.361913e+06 
8.270800e+03 3.236295e+07 1.191674e+06 
8.544900e+03 3.720319e+07 8.942892e+05 
7.870550e+03 3.302260e+07 1.191674e+06 
8.128700e+03 3.481679e+07 1.057574e+06 
6.927900e+03 2.820968e+07 1.957750e+06 
7.381000e+03 3.087814e+07 1.532152e+06 
8.594600e+03 3.706652e+07 9.064920e+05 
6.540350e+03 2.687568e+07 2.298228e+06 
6.964950e+03 2.892131e+07 1.617271e+06 
7.418200e+03 3.134802e+07 1.447032e+06 
6.707250e+03 2.754410e+07 2.127989e+06 
7.456300e+03 3.134698e+07 1.361913e+06 
6.520800e+03 2.686577e+07 2.383347e+06 
6.962100e+03 2.910572e+07 1.787511e+06 
8.626650e+03 3.748133e+07 8.942892e+05 
6.515350e+03 2.682346e+07 2.383347e+06 
7.733100e+03 3.216395e+07 1.208656e+06 
6.952900e+03 2.828025e+07 1.872630e+06 
7.383900e+03 3.099048e+07 1.447032e+06 
6.730150e+03 2.763588e+07 2.127989e+06 
6.514200e+03 2.700245e+07 2.468467e+06 
8.200250e+03 3.518193e+07 9.820330e+05 
8.227900e+03 3.538453e+07 9.895141e+05 
8.090150e+03 3.504549e+07 1.021435e+06 
8.029750e+03 3.462297e+07 1.106554e+06 
6.918800e+03 2.877328e+07 1.702391e+06 
6.968650e+03 2.819660e+07 1.787511e+06 
6.712800e+03 2.808774e+07 2.127989e+06 
6.987750e+03 2.830354e+07 1.787511e+06 
7.003050e+03 2.817959e+07 1.787511e+06 
8.029750e+03 3.483814e+07 1.021435e+06 
8.390250e+03 3.690404e+07 9.363151e+05 
7.408200e+03 3.110891e+07 1.532152e+06 
8.529200e+03 3.722307e+07 9.064920e+05 
6.896750e+03 2.854209e+07 1.957750e+06 
7.601700e+03 3.176258e+07 1.361913e+06 
6.877200e+03 2.873842e+07 1.872630e+06 
7.742200e+03 3.253653e+07 1.244873e+06 
7.997650e+03 3.433763e+07 1.106554e+06 
8.162950e+03 3.484827e+07 1.057574e+06 
8.549800e+03 3.672446e+07 9.064920e+05 
9.089500e+03 3.853879e+07 8.511955e+05 
9.116700e+03 3.793261e+07 8.511955e+05 
8.162450e+03 3.462601e+07 1.057574e+06 
6.574400e+03 2.710522e+07 2.213108e+06 
7.738350e+03 3.237657e+07 1.276793e+06 
6.730400e+03 2.777432e+07 2.042869e+06 
9.275550e+03 3.804997e+07 8.305760e+05 
6.853450e+03 2.878573e+07 1.957750e+06 
6.882300e+03 2.868587e+07 1.872630e+06 
7.672850e+03 3.222585e+07 1.284197e+06 
9.475700e+03 3.888510e+07 8.305760e+05 
9.802400e+03 4.004052e+07 7.869745e+05 
7.836150e+03 3.209633e+07 1.284197e+06 
7.380250e+03 3.100402e+07 1.447032e+06 
6.868750e+03 2.869655e+07 1.957750e+06 
6.940150e+03 2.808061e+07 1.957750e+06 
6.547450e+03 2.682223e+07 2.298228e+06 
9.676700e+03 3.977163e+07 7.869745e+05 
7.860000e+03 3.330569e+07 1.191674e+06 
6.720150e+03 2.782934e+07 2.127989e+06 
8.846400e+03 3.446434e+07 1.057574e+06 
9.187500e+03 3.867761e+07 8.511955e+05 
8.377050e+03 3.647524e+07 9.363151e+05 
8.432800e+03 3.673821e+07 9.064920e+05 
7.685750e+03 3.243533e+07 1.276793e+06 
6.562000e+03 2.707526e+07 2.213108e+06 

8.930750e+03 3.474730e+07 9.895141e+05 
1.019105e+04 4.061280e+07 8.406318e+05 
1.023475e+04 4.087039e+07 8.406318e+05 
8.084200e+03 3.455848e+07 9.363151e+05 
6.771750e+03 2.838576e+07 2.383347e+06 
7.470250e+03 3.167841e+07 1.191674e+06 
7.169400e+03 3.064006e+07 1.586361e+06 
1.023050e+04 4.064103e+07 8.724740e+05 
8.453500e+03 3.692157e+07 9.064920e+05 
6.958750e+03 2.882868e+07 1.872630e+06 
6.771400e+03 2.848007e+07 2.468467e+06 
7.780850e+03 3.292539e+07 1.159753e+06 
7.180400e+03 3.057210e+07 1.532152e+06 
8.402500e+03 3.738848e+07 9.064920e+05 
8.007050e+03 3.348916e+07 1.021435e+06 
8.491850e+03 3.783758e+07 8.942892e+05 
6.877250e+03 2.850793e+07 2.213108e+06 
7.246400e+03 3.109618e+07 1.361913e+06 
7.355050e+03 3.164120e+07 1.276793e+06 
6.834350e+03 2.845846e+07 2.298228e+06 
7.046600e+03 3.006475e+07 1.702391e+06 
8.562400e+03 3.723347e+07 8.942892e+05 
6.884400e+03 2.861317e+07 2.127989e+06 
6.781000e+03 2.836885e+07 2.468467e+06 
6.742900e+03 2.843547e+07 2.553587e+06 
8.911600e+03 3.451570e+07 9.895141e+05 
6.822000e+03 2.880642e+07 2.298228e+06 
7.952000e+03 3.303157e+07 1.106554e+06 
7.181800e+03 2.962445e+07 1.702391e+06 
7.370150e+03 3.159277e+07 1.361913e+06 
8.534650e+03 3.713394e+07 8.942892e+05 
7.282000e+03 3.099210e+07 1.447032e+06 
7.398000e+03 3.029379e+07 1.532152e+06 
8.409850e+03 3.636423e+07 9.064920e+05 
7.072900e+03 3.000707e+07 1.872630e+06 
7.099600e+03 2.933198e+07 1.872630e+06 
7.676000e+03 3.399882e+07 1.106554e+06 
8.114900e+03 3.346262e+07 1.021435e+06 
6.852500e+03 2.866497e+07 2.213108e+06 
7.183550e+03 2.944954e+07 1.702391e+06 
7.320350e+03 3.009302e+07 1.586361e+06 
6.778550e+03 2.869354e+07 2.298228e+06 
6.826650e+03 2.871080e+07 2.127989e+06 
7.837050e+03 3.359166e+07 1.057574e+06 
6.750100e+03 2.838605e+07 2.553587e+06 
7.140450e+03 2.966904e+07 1.787511e+06 
6.811000e+03 2.860114e+07 2.298228e+06 
7.051550e+03 2.991619e+07 1.787511e+06 
6.880350e+03 2.897632e+07 2.042869e+06 
6.774850e+03 2.860256e+07 2.468467e+06 
7.175950e+03 2.954102e+07 1.787511e+06 
8.409450e+03 3.639671e+07 9.300608e+05 
7.302500e+03 2.986627e+07 1.617271e+06 
6.756850e+03 2.849419e+07 2.553587e+06 
7.409700e+03 3.158866e+07 1.276793e+06 
7.395150e+03 2.986587e+07 1.447032e+06 
7.699200e+03 3.383738e+07 1.106554e+06 
6.896250e+03 2.861633e+07 2.042869e+06 
7.175800e+03 2.970355e+07 1.787511e+06 
7.404350e+03 3.157140e+07 1.276793e+06 
7.209700e+03 2.981891e+07 1.617271e+06 
6.918850e+03 2.885878e+07 2.042869e+06 
7.843850e+03 3.387277e+07 1.057574e+06 
6.906300e+03 2.869470e+07 2.127989e+06 
7.373250e+03 3.101365e+07 1.532152e+06 
8.715800e+03 3.350001e+07 1.019490e+06 
8.523700e+03 3.739207e+07 9.043945e+05 
7.167100e+03 3.053135e+07 1.617271e+06 
7.958850e+03 3.308238e+07 1.106554e+06 
7.396600e+03 3.165541e+07 1.191674e+06 
8.068150e+03 3.372914e+07 1.021435e+06 
6.945150e+03 2.870737e+07 1.957750e+06 
7.305600e+03 3.093216e+07 1.447032e+06 
7.472450e+03 3.036387e+07 1.435279e+06 
6.841200e+03 2.874507e+07 2.127989e+06 
1.023395e+04 4.044226e+07 8.618347e+05 
7.888150e+03 3.344347e+07 1.057574e+06 
8.463500e+03 3.642428e+07 9.064920e+05 
7.291500e+03 2.968406e+07 1.617271e+06 
8.237150e+03 3.562425e+07 9.300608e+05 
8.470700e+03 3.743045e+07 8.942892e+05 
7.326250e+03 3.162302e+07 1.284197e+06 
7.757150e+03 3.306872e+07 1.106554e+06 
8.529200e+03 3.761482e+07 8.942892e+05 
7.146900e+03 3.046961e+07 1.586361e+06 
8.567750e+03 3.698635e+07 8.942892e+05 
8.101550e+03 3.482952e+07 9.363151e+05 
7.953000e+03 3.366367e+07 1.021435e+06 
8.538600e+03 3.693462e+07 8.942892e+05 
6.814850e+03 2.841216e+07 2.383347e+06 
7.821000e+03 3.351410e+07 1.106554e+06 
7.272700e+03 3.113643e+07 1.447032e+06 
8.818250e+03 3.423604e+07 1.019490e+06 
6.768000e+03 2.837261e+07 2.553587e+06 
7.408600e+03 3.157011e+07 1.276793e+06 
7.179850e+03 2.950171e+07 1.702391e+06 
6.732400e+03 2.846117e+07 2.553587e+06 
7.196300e+03 2.949624e+07 1.787511e+06 
7.130500e+03 3.030641e+07 1.617271e+06 
7.149950e+03 3.038183e+07 1.586361e+06 

7.446350e+03 3.053403e+07 1.284197e+06 
6.482800e+03 2.684645e+07 2.213108e+06 
8.327000e+03 3.375918e+07 1.106554e+06 
7.436450e+03 3.076998e+07 1.276793e+06 
8.306100e+03 3.450798e+07 9.788749e+05 
6.403150e+03 2.601935e+07 2.468467e+06 
8.272850e+03 3.395258e+07 1.106554e+06 
8.277600e+03 3.422777e+07 1.032074e+06 
7.497600e+03 3.092103e+07 1.208656e+06 
6.446400e+03 2.636635e+07 2.298228e+06 
7.079700e+03 2.942477e+07 1.500231e+06 
7.160250e+03 2.947740e+07 1.532152e+06 
8.273250e+03 3.710244e+07 9.064920e+05 
6.387850e+03 2.610811e+07 2.468467e+06 
8.318150e+03 3.766270e+07 8.942892e+05 
7.317100e+03 2.976750e+07 1.435279e+06 
6.397000e+03 2.609702e+07 2.383347e+06 
6.507850e+03 2.707528e+07 2.127989e+06 
6.468750e+03 2.609666e+07 2.468467e+06 
6.549050e+03 2.697429e+07 2.127989e+06 
7.311700e+03 2.995123e+07 1.435279e+06 
8.243800e+03 3.714532e+07 9.064920e+05 
6.603050e+03 2.736162e+07 2.042869e+06 
8.273700e+03 3.701783e+07 9.064920e+05 
7.772750e+03 3.412048e+07 1.106554e+06 
6.750050e+03 2.824612e+07 1.787511e+06 
8.610200e+03 3.555332e+07 8.987604e+05 
7.784950e+03 3.450551e+07 1.021435e+06 
8.216350e+03 3.697099e+07 9.363151e+05 
8.328550e+03 3.471358e+07 9.345320e+05 
6.764050e+03 2.816457e+07 1.702391e+06 
7.339850e+03 3.004650e+07 1.447032e+06 
7.264200e+03 3.082884e+07 1.361913e+06 
8.639100e+03 3.579100e+07 8.987604e+05 
7.322650e+03 2.995997e+07 1.361913e+06 
7.093000e+03 2.938549e+07 1.447032e+06 
7.819700e+03 3.447458e+07 1.021435e+06 
7.656700e+03 3.171866e+07 1.191674e+06 
8.405550e+03 3.493648e+07 9.064920e+05 
7.739250e+03 3.135178e+07 1.159753e+06 
8.088000e+03 3.427113e+07 1.021435e+06 
7.879450e+03 3.467625e+07 9.820330e+05 
8.337400e+03 3.730569e+07 8.942892e+05 
6.577050e+03 2.663161e+07 2.213108e+06 
6.416250e+03 2.605539e+07 2.383347e+06 
7.802250e+03 3.442876e+07 1.106554e+06 
8.250500e+03 3.740225e+07 8.942892e+05 
8.259100e+03 3.465448e+07 9.788749e+05 
7.722550e+03 3.173205e+07 1.208656e+06 
6.386200e+03 2.617900e+07 2.383347e+06 
7.568250e+03 3.338516e+07 1.191674e+06 
6.534850e+03 2.699686e+07 2.127989e+06 
7.289250e+03 3.030238e+07 1.435279e+06 
8.330450e+03 3.413215e+07 1.021435e+06 
6.848900e+03 2.855959e+07 1.617271e+06 
6.684250e+03 2.809651e+07 1.872630e+06 
6.507600e+03 2.672424e+07 2.213108e+06 
6.392050e+03 2.612146e+07 2.383347e+06 
7.187650e+03 3.072521e+07 1.415112e+06 
6.402200e+03 2.614614e+07 2.468467e+06 
7.289000e+03 3.114442e+07 1.359738e+06 
6.951600e+03 2.906489e+07 1.532152e+06 
6.400500e+03 2.607391e+07 2.468467e+06 
7.828600e+03 3.224815e+07 1.133115e+06 
7.439450e+03 3.056018e+07 1.276793e+06 
6.633950e+03 2.716944e+07 2.042869e+06 
7.049800e+03 2.946812e+07 1.447032e+06 
7.684850e+03 3.187752e+07 1.159753e+06 
8.311950e+03 3.400755e+07 1.057574e+06 
6.564950e+03 2.693089e+07 2.127989e+06 
7.368650e+03 3.069556e+07 1.284197e+06 
7.535550e+03 3.323784e+07 1.191674e+06 
8.290600e+03 3.466943e+07 9.363151e+05 
6.626650e+03 2.692067e+07 2.127989e+06 
7.775450e+03 3.396528e+07 1.106554e+06 
8.179400e+03 3.666869e+07 1.021435e+06 
8.321900e+03 3.734104e+07 8.942892e+05 
6.773350e+03 2.808417e+07 1.787511e+06 
6.609200e+03 2.731076e+07 1.957750e+06 
7.774100e+03 3.456768e+07 1.021435e+06 
6.768450e+03 2.820299e+07 1.617271e+06 
7.786200e+03 3.232047e+07 1.191674e+06 
8.368050e+03 3.482014e+07 1.063994e+06 
6.597150e+03 2.767083e+07 2.042869e+06 
7.693050e+03 3.135430e+07 1.191674e+06 
6.727550e+03 2.805784e+07 1.872630e+06 
7.770750e+03 3.439509e+07 1.106554e+06 
7.582350e+03 3.323320e+07 1.133115e+06 
8.343850e+03 3.447647e+07 9.820330e+05 
6.495400e+03 2.677172e+07 2.213108e+06 
8.224250e+03 3.682203e+07 9.363151e+05 
6.459400e+03 2.620872e+07 2.298228e+06 
7.498200e+03 3.052905e+07 1.276793e+06 
8.199650e+03 3.404322e+07 1.063994e+06 
6.375500e+03 2.612690e+07 2.383347e+06 
8.600150e+03 3.598172e+07 8.987604e+05 
7.433350e+03 3.091975e+07 1.276793e+06 
7.818100e+03 3.431415e+07 1.057574e+06 
7.579250e+03 3.328365e+07 1.244873e+06 
8.333100e+03 3.735594e+07 8.942892e+05 

6.834350e+03 2.844861e+07 1.872630e+06 
6.319050e+03 2.570798e+07 2.606786e+06 
6.902000e+03 2.925137e+07 1.532152e+06 
6.910900e+03 2.938130e+07 1.532152e+06 
7.294800e+03 3.074267e+07 1.415112e+06 
6.889300e+03 2.942071e+07 1.447032e+06 
7.477300e+03 3.239979e+07 1.284197e+06 
7.796300e+03 3.347769e+07 1.191674e+06 
7.889300e+03 3.317009e+07 1.191674e+06 
8.005700e+03 3.578843e+07 9.820330e+05 
7.912100e+03 3.352481e+07 1.133115e+06 
7.527600e+03 3.191060e+07 1.284197e+06 
8.718350e+03 3.576359e+07 9.363151e+05 
6.375500e+03 2.590031e+07 2.468467e+06 
6.603700e+03 2.744317e+07 2.127989e+06 
7.880900e+03 3.337415e+07 1.159753e+06 
6.899250e+03 2.935326e+07 1.532152e+06 
6.920700e+03 2.900942e+07 1.532152e+06 
7.888650e+03 3.330189e+07 1.191674e+06 
8.485150e+03 3.479391e+07 9.820330e+05 
7.804400e+03 3.323605e+07 1.191674e+06 
7.909200e+03 3.311219e+07 1.191674e+06 
8.929650e+03 3.647989e+07 8.987604e+05 
6.836200e+03 2.834657e+07 1.787511e+06 
6.385900e+03 2.582668e+07 2.521666e+06 
6.357200e+03 2.593422e+07 2.521666e+06 
9.007750e+03 3.624944e+07 9.064920e+05 
6.541700e+03 2.665810e+07 2.298228e+06 
8.073250e+03 3.480202e+07 1.021435e+06 
7.885050e+03 3.395627e+07 1.106554e+06 
6.309550e+03 2.575617e+07 2.606786e+06 
7.531850e+03 3.214087e+07 1.276793e+06 
6.674050e+03 2.760893e+07 2.042869e+06 
6.808850e+03 2.837263e+07 1.872630e+06 
6.717150e+03 2.789340e+07 1.957750e+06 
6.709950e+03 2.778158e+07 2.042869e+06 
6.344100e+03 2.586051e+07 2.468467e+06 
6.493000e+03 2.660889e+07 2.213108e+06 
6.691750e+03 2.756093e+07 2.042869e+06 
8.008000e+03 3.609815e+07 1.021435e+06 
8.155950e+03 3.481721e+07 1.021435e+06 
8.416500e+03 3.417232e+07 1.057574e+06 
6.863350e+03 2.875870e+07 1.702391e+06 
7.899300e+03 3.423147e+07 1.057574e+06 
7.967300e+03 3.465781e+07 1.057574e+06 
6.729750e+03 2.768762e+07 2.042869e+06 
6.903500e+03 2.880277e+07 1.617271e+06 
6.517050e+03 2.685301e+07 2.213108e+06 
7.796350e+03 3.411184e+07 1.159753e+06 
7.741100e+03 3.370830e+07 1.133115e+06 
6.389450e+03 2.608206e+07 2.383347e+06 
7.553900e+03 3.263627e+07 1.276793e+06 
8.022300e+03 3.455482e+07 1.057574e+06 
6.885850e+03 2.944362e+07 1.532152e+06 
7.847300e+03 3.177148e+07 1.276793e+06 
6.825700e+03 2.861982e+07 1.787511e+06 
6.910550e+03 2.935374e+07 1.447032e+06 
7.860300e+03 3.409059e+07 1.106554e+06 
6.500650e+03 2.667617e+07 2.298228e+06 
6.578350e+03 2.732996e+07 2.127989e+06 
7.902050e+03 3.421480e+07 1.106554e+06 
8.025400e+03 3.443975e+07 1.057574e+06 
6.734300e+03 2.797595e+07 1.957750e+06 
6.890450e+03 2.863277e+07 1.702391e+06 
6.932000e+03 2.869536e+07 1.617271e+06 
7.774800e+03 3.324016e+07 1.191674e+06 
6.882600e+03 2.868986e+07 1.702391e+06 
6.302350e+03 2.567126e+07 2.606786e+06 
7.884700e+03 3.321280e+07 1.191674e+06 
6.315350e+03 2.568623e+07 2.553587e+06 
6.321850e+03 2.567929e+07 2.553587e+06 
7.492950e+03 3.224971e+07 1.208656e+06 
8.541100e+03 3.479793e+07 9.820330e+05 
7.484550e+03 3.228855e+07 1.276793e+06 
6.882550e+03 2.959062e+07 1.532152e+06 
6.343500e+03 2.556994e+07 2.553587e+06 
8.448650e+03 3.479698e+07 1.021435e+06 
7.406800e+03 3.183272e+07 1.359738e+06 
6.952500e+03 2.956167e+07 1.447032e+06 
8.567550e+03 3.513368e+07 9.064920e+05 
6.407050e+03 2.617567e+07 2.383347e+06 
7.839150e+03 3.321657e+07 1.191674e+06 
6.927450e+03 2.982141e+07 1.447032e+06 
7.278250e+03 3.050263e+07 1.329992e+06 
7.546900e+03 3.271651e+07 1.276793e+06 
7.871700e+03 3.372214e+07 1.133115e+06 
6.911550e+03 2.891011e+07 1.532152e+06 
6.862200e+03 2.872307e+07 1.617271e+06 
7.499450e+03 3.200301e+07 1.284197e+06 
7.935600e+03 3.514469e+07 1.021435e+06 
6.332350e+03 2.562922e+07 2.606786e+06 
6.899350e+03 2.965915e+07 1.532152e+06 
6.896750e+03 2.872245e+07 1.617271e+06 
8.765100e+03 3.632823e+07 8.987604e+05 
6.914250e+03 2.923018e+07 1.532152e+06 
6.342900e+03 2.596227e+07 2.521666e+06 
6.862550e+03 2.854629e+07 1.787511e+06 
6.384200e+03 2.558048e+07 2.553587e+06 
6.373400e+03 2.560413e+07 2.553587e+06 
7.463950e+03 3.191700e+07 1.284197e+06 

7.894700e+03 3.209696e+07 1.106554e+06 
6.859200e+03 2.832062e+07 1.532152e+06 
7.632100e+03 3.133146e+07 1.133115e+06 
7.669950e+03 3.119170e+07 1.133115e+06 
8.875900e+03 3.664624e+07 8.987604e+05 
6.628100e+03 2.703640e+07 2.298228e+06 
6.606400e+03 2.711904e+07 2.298228e+06 
7.217550e+03 2.950490e+07 1.447032e+06 
7.501050e+03 3.042965e+07 1.191674e+06 
6.611900e+03 2.755835e+07 2.213108e+06 
6.710250e+03 2.772810e+07 2.042869e+06 
7.926550e+03 3.199993e+07 1.057574e+06 
6.652500e+03 2.777950e+07 2.127989e+06 
6.520050e+03 2.673035e+07 2.383347e+06 
7.206500e+03 2.953258e+07 1.447032e+06 
8.845300e+03 3.566887e+07 9.064920e+05 
7.539650e+03 3.112950e+07 1.159753e+06 
7.752900e+03 3.341129e+07 1.057574e+06 
7.245900e+03 2.942786e+07 1.284197e+06 
6.655550e+03 2.788627e+07 1.957750e+06 
7.346800e+03 3.014369e+07 1.276793e+06 
6.591500e+03 2.709531e+07 2.298228e+06 
6.533700e+03 2.683154e+07 2.468467e+06 
7.794400e+03 3.339727e+07 1.074634e+06 
6.603250e+03 2.722917e+07 2.213108e+06 
7.846350e+03 3.457286e+07 1.021435e+06 
6.719550e+03 2.804031e+07 1.872630e+06 
6.689150e+03 2.797230e+07 1.872630e+06 
6.596700e+03 2.749725e+07 2.298228e+06 
7.750550e+03 3.320248e+07 1.106554e+06 
7.005950e+03 2.894265e+07 1.532152e+06 
7.612450e+03 3.301862e+07 1.133115e+06 
6.592250e+03 2.770154e+07 2.298228e+06 
7.931700e+03 3.480286e+07 9.820330e+05 
8.895800e+03 3.605595e+07 8.987604e+05 
7.875250e+03 3.459672e+07 9.820330e+05 
6.757900e+03 2.822846e+07 1.787511e+06 
8.577800e+03 3.533931e+07 9.363151e+05 
6.594800e+03 2.759507e+07 2.298228e+06 
8.646000e+03 3.551776e+07 9.064920e+05 
6.632800e+03 2.752056e+07 2.127989e+06 
7.555250e+03 3.102199e+07 1.133115e+06 
7.551550e+03 3.105299e+07 1.159753e+06 
7.709900e+03 3.376838e+07 1.074634e+06 
7.168200e+03 2.909265e+07 1.447032e+06 
8.025600e+03 3.214488e+07 1.106554e+06 
6.869000e+03 2.842768e+07 1.617271e+06 
8.049350e+03 3.475632e+07 9.363151e+05 
7.365250e+03 3.002202e+07 1.276793e+06 
6.895600e+03 2.839017e+07 1.617271e+06 
6.709300e+03 2.782831e+07 1.957750e+06 
8.267350e+03 3.763581e+07 9.064920e+05 
8.874250e+03 3.579667e+07 8.987604e+05 
6.737550e+03 2.839194e+07 1.787511e+06 
6.659300e+03 2.774486e+07 2.127989e+06 
6.996050e+03 2.896219e+07 1.532152e+06 
8.869650e+03 3.588854e+07 8.987604e+05 
7.419950e+03 3.003494e+07 1.276793e+06 
6.545100e+03 2.692537e+07 2.383347e+06 
7.856350e+03 3.504030e+07 1.021435e+06 
8.290300e+03 3.721774e+07 9.064920e+05 
7.283900e+03 2.940827e+07 1.447032e+06 
6.752550e+03 2.816388e+07 1.787511e+06 
7.964200e+03 3.441028e+07 1.021435e+06 
6.633100e+03 2.792321e+07 2.042869e+06 
6.614500e+03 2.734989e+07 2.213108e+06 
7.360100e+03 3.010483e+07 1.276793e+06 
7.388500e+03 3.008250e+07 1.276793e+06 
7.761750e+03 3.338887e+07 1.074634e+06 
6.507150e+03 2.675636e+07 2.468467e+06 
7.592000e+03 3.098494e+07 1.133115e+06 
7.360350e+03 2.984439e+07 1.284197e+06 
8.031000e+03 3.459501e+07 1.021435e+06 
7.619650e+03 3.311366e+07 1.106554e+06 
6.560750e+03 2.686020e+07 2.383347e+06 
7.431950e+03 3.015926e+07 1.208656e+06 
7.960850e+03 3.231148e+07 1.057574e+06 
7.931100e+03 3.446141e+07 1.021435e+06 
6.603200e+03 2.723846e+07 2.213108e+06 
7.436750e+03 3.057790e+07 1.208656e+06 
6.605000e+03 2.716987e+07 2.298228e+06 
7.771750e+03 3.354789e+07 1.057574e+06 
8.339100e+03 3.743271e+07 9.064920e+05 
6.627250e+03 2.779657e+07 1.957750e+06 
7.716100e+03 3.348250e+07 1.057574e+06 
7.920650e+03 3.253763e+07 1.106554e+06 
8.583200e+03 3.516150e+07 9.064920e+05 
7.803350e+03 3.465079e+07 1.021435e+06 
8.210300e+03 3.757158e+07 9.064920e+05 
7.246300e+03 2.962820e+07 1.361913e+06 
6.509400e+03 2.692961e+07 2.468467e+06 
7.628500e+03 3.301626e+07 1.106554e+06 
6.692150e+03 2.782096e+07 2.042869e+06 
7.727600e+03 3.372186e+07 1.057574e+06 
6.793450e+03 2.839960e+07 1.702391e+06 
8.058500e+03 3.599933e+07 9.363151e+05 
6.545650e+03 2.683673e+07 2.468467e+06 
7.502700e+03 3.081938e+07 1.191674e+06 
8.850000e+03 3.617121e+07 8.987604e+05 
6.601900e+03 2.723677e+07 2.298228e+06 

7.487200e+03 3.135452e+07 1.208656e+06 
8.345500e+03 3.613685e+07 8.942892e+05 
7.589700e+03 3.123778e+07 1.191674e+06 
6.671050e+03 2.776108e+07 1.872630e+06 
6.563350e+03 2.683852e+07 2.213108e+06 
6.658350e+03 2.768739e+07 1.957750e+06 
6.673000e+03 2.789343e+07 1.872630e+06 
7.114950e+03 2.919359e+07 1.617271e+06 
6.529300e+03 2.646490e+07 2.383347e+06 
8.209250e+03 3.551631e+07 9.363151e+05 
6.709550e+03 2.810175e+07 1.787511e+06 
6.731200e+03 2.807636e+07 1.787511e+06 
8.161050e+03 3.633226e+07 9.121750e+05 
6.997750e+03 2.932152e+07 1.617271e+06 
6.494900e+03 2.637603e+07 2.468467e+06 
7.519000e+03 3.231480e+07 1.191674e+06 
6.983050e+03 2.935945e+07 1.617271e+06 
6.447900e+03 2.657461e+07 2.298228e+06 
6.659150e+03 2.772738e+07 1.957750e+06 
6.658250e+03 2.779894e+07 1.872630e+06 
7.229050e+03 2.962179e+07 1.435279e+06 
6.976550e+03 2.925522e+07 1.670470e+06 
7.458500e+03 3.140537e+07 1.208656e+06 
6.392650e+03 2.624299e+07 2.553587e+06 
7.562650e+03 3.210774e+07 1.021435e+06 
7.096450e+03 2.905937e+07 1.617271e+06 
8.112850e+03 3.564216e+07 9.363151e+05 
7.079300e+03 3.010466e+07 1.447032e+06 
8.286150e+03 3.673466e+07 8.942892e+05 
6.608050e+03 2.709368e+07 2.127989e+06 
7.478700e+03 3.174379e+07 1.191674e+06 
7.540700e+03 3.188377e+07 1.106554e+06 
7.564200e+03 3.123239e+07 1.191674e+06 
8.305650e+03 3.564254e+07 9.121750e+05 
6.684800e+03 2.758525e+07 1.957750e+06 
8.166250e+03 3.544935e+07 9.363151e+05 
6.656600e+03 2.771516e+07 1.957750e+06 
6.664500e+03 2.768107e+07 1.957750e+06 
7.282400e+03 3.007262e+07 1.361913e+06 
7.564650e+03 3.196112e+07 1.133115e+06 
6.714500e+03 2.819475e+07 1.702391e+06 
6.656600e+03 2.746324e+07 2.042869e+06 
7.156400e+03 2.928236e+07 1.435279e+06 
6.432400e+03 2.621379e+07 2.553587e+06 
8.196450e+03 3.593206e+07 9.121750e+05 
8.139250e+03 3.552542e+07 9.363151e+05 
7.089450e+03 2.931796e+07 1.532152e+06 
7.582000e+03 3.177724e+07 1.159753e+06 
7.364550e+03 3.062678e+07 1.284197e+06 
6.434250e+03 2.643119e+07 2.468467e+06 
7.079900e+03 2.916396e+07 1.617271e+06 
8.198700e+03 3.578936e+07 8.942892e+05 
8.236550e+03 3.578920e+07 9.300608e+05 
7.687450e+03 3.292858e+07 9.895141e+05 
8.783300e+03 3.604831e+07 8.987604e+05 
6.649600e+03 2.754523e+07 2.042869e+06 
6.511250e+03 2.648204e+07 2.383347e+06 
7.363900e+03 3.076203e+07 1.284197e+06 
7.499450e+03 3.089289e+07 1.208656e+06 
6.801150e+03 2.842533e+07 1.702391e+06 
8.135550e+03 3.547467e+07 9.363151e+05 
6.666650e+03 2.776161e+07 1.872630e+06 
7.400700e+03 3.020873e+07 1.359738e+06 
7.536050e+03 3.225187e+07 1.106554e+06 
7.314600e+03 2.979729e+07 1.361913e+06 
7.095300e+03 2.913344e+07 1.617271e+06 
7.487050e+03 3.158511e+07 1.244873e+06 
8.171900e+03 3.653791e+07 9.121750e+05 
7.621150e+03 3.256874e+07 1.021435e+06 
6.595850e+03 2.713250e+07 2.042869e+06 
7.607050e+03 3.121336e+07 1.191674e+06 
7.055150e+03 2.964174e+07 1.532152e+06 
7.543400e+03 3.214263e+07 1.106554e+06 
7.306000e+03 2.995532e+07 1.284197e+06 
8.221050e+03 3.586237e+07 9.300608e+05 
8.309200e+03 3.634184e+07 8.942892e+05 
7.174650e+03 2.924954e+07 1.435279e+06 
6.619100e+03 2.713493e+07 2.127989e+06 
7.621250e+03 3.259979e+07 9.820330e+05 
6.722300e+03 2.775596e+07 1.872630e+06 
7.192400e+03 2.955201e+07 1.361913e+06 
7.771150e+03 3.317951e+07 9.820330e+05 
7.167150e+03 2.921239e+07 1.532152e+06 
6.711850e+03 2.811262e+07 1.787511e+06 
6.383700e+03 2.617542e+07 2.553587e+06 
7.407200e+03 3.036668e+07 1.276793e+06 
7.126700e+03 3.035140e+07 1.447032e+06 
6.535400e+03 2.649505e+07 2.383347e+06 
8.210350e+03 3.544079e+07 9.363151e+05 
6.473750e+03 2.659207e+07 2.468467e+06 
7.521750e+03 3.097242e+07 1.208656e+06 
7.519200e+03 3.196378e+07 1.133115e+06 
6.499400e+03 2.675312e+07 2.213108e+06 
7.089800e+03 2.992238e+07 1.617271e+06 
6.687250e+03 2.763550e+07 1.872630e+06 
7.505250e+03 3.155112e+07 1.191674e+06 
7.199800e+03 2.936866e+07 1.532152e+06 
6.727750e+03 2.810331e+07 1.787511e+06 
7.519050e+03 3.110935e+07 1.276793e+06 
6.423050e+03 2.651335e+07 2.383347e+06 

7.303950e+03 3.025214e+07 1.702391e+06 
9.889900e+03 4.114735e+07 8.406318e+05 
7.191850e+03 3.075088e+07 1.532152e+06 
9.603750e+03 4.000786e+07 8.762762e+05 
8.584950e+03 3.583909e+07 9.363151e+05 
6.619450e+03 2.731217e+07 2.127989e+06 
6.484900e+03 2.681079e+07 2.213108e+06 
7.777850e+03 3.325955e+07 1.106554e+06 
6.438200e+03 2.658354e+07 2.468467e+06 
7.294150e+03 3.020228e+07 1.702391e+06 
6.672850e+03 2.771212e+07 1.872630e+06 
7.297300e+03 3.105917e+07 1.415112e+06 
9.632700e+03 4.038537e+07 8.406318e+05 
8.034000e+03 3.557289e+07 9.820330e+05 
6.463200e+03 2.660186e+07 2.383347e+06 
6.659000e+03 2.793222e+07 1.872630e+06 
9.603650e+03 4.010379e+07 9.043945e+05 
7.994050e+03 3.529248e+07 1.021435e+06 
7.520850e+03 3.230583e+07 1.191674e+06 
6.607800e+03 2.746680e+07 1.957750e+06 
7.322200e+03 3.137296e+07 1.361913e+06 
8.765700e+03 3.626179e+07 9.345320e+05 
7.990550e+03 3.519370e+07 1.021435e+06 
7.182900e+03 3.069405e+07 1.617271e+06 
8.641350e+03 3.782987e+07 9.043945e+05 
8.076950e+03 3.531079e+07 9.820330e+05 
7.498300e+03 3.190590e+07 1.276793e+06 
6.490800e+03 2.676599e+07 2.213108e+06 
6.787050e+03 2.859782e+07 1.787511e+06 
1.000840e+04 4.000693e+07 8.937553e+05 
8.118400e+03 3.526506e+07 9.820330e+05 
9.661750e+03 4.026567e+07 8.762762e+05 
7.344200e+03 3.129488e+07 1.361913e+06 
8.318650e+03 3.413673e+07 1.021435e+06 
6.457200e+03 2.664362e+07 2.553587e+06 
6.611250e+03 2.752551e+07 1.957750e+06 
7.431300e+03 3.201712e+07 1.276793e+06 
6.474600e+03 2.675748e+07 2.298228e+06 
8.471350e+03 3.516476e+07 9.820330e+05 
6.494950e+03 2.672928e+07 2.213108e+06 
6.781250e+03 2.832640e+07 1.787511e+06 
9.967300e+03 4.007531e+07 8.525681e+05 
8.050950e+03 3.525967e+07 1.074634e+06 
7.266450e+03 3.086886e+07 1.447032e+06 
6.440650e+03 2.673216e+07 2.468467e+06 
8.780650e+03 3.629982e+07 8.987604e+05 
6.461350e+03 2.682906e+07 2.298228e+06 
7.709000e+03 3.295065e+07 1.133115e+06 
6.610650e+03 2.744355e+07 2.213108e+06 
7.359850e+03 3.156495e+07 1.361913e+06 
6.655950e+03 2.818759e+07 1.872630e+06 
8.504200e+03 3.466054e+07 9.363151e+05 
1.004715e+04 3.972346e+07 8.896366e+05 
7.170500e+03 3.066549e+07 1.617271e+06 
6.612150e+03 2.734927e+07 1.957750e+06 
7.249650e+03 3.064094e+07 1.617271e+06 
7.159300e+03 3.076906e+07 1.617271e+06 
7.169650e+03 3.076869e+07 1.617271e+06 
7.172550e+03 3.059108e+07 1.702391e+06 
7.936750e+03 3.431662e+07 1.057574e+06 
1.005475e+04 4.036943e+07 8.511955e+05 
7.143350e+03 3.047400e+07 1.702391e+06 
6.483600e+03 2.669506e+07 2.298228e+06 
7.484900e+03 3.167292e+07 1.244873e+06 
8.531650e+03 3.513069e+07 9.064920e+05 
8.457850e+03 3.440750e+07 1.021435e+06 
6.466400e+03 2.663911e+07 2.468467e+06 
7.983300e+03 3.530228e+07 9.895141e+05 
7.592750e+03 3.300273e+07 1.208656e+06 
6.473100e+03 2.684353e+07 2.383347e+06 
7.609800e+03 3.209606e+07 1.191674e+06 
8.761950e+03 3.654735e+07 8.987604e+05 
7.292850e+03 3.112477e+07 1.532152e+06 
7.914950e+03 3.413729e+07 1.074634e+06 
9.607300e+03 4.040377e+07 8.511955e+05 
7.779850e+03 3.338229e+07 1.106554e+06 
6.434150e+03 2.673490e+07 2.383347e+06 
7.480050e+03 3.198774e+07 1.208656e+06 
6.718850e+03 2.797638e+07 1.872630e+06 
1.006525e+04 3.990265e+07 8.937553e+05 
8.456700e+03 3.479937e+07 1.021435e+06 
6.437800e+03 2.664174e+07 2.553587e+06 
6.857650e+03 2.820255e+07 1.787511e+06 
6.797850e+03 2.828731e+07 1.787511e+06 
6.490800e+03 2.678634e+07 2.298228e+06 
6.718450e+03 2.767152e+07 1.872630e+06 
7.709700e+03 3.275945e+07 1.191674e+06 
6.588200e+03 2.709347e+07 2.042869e+06 
6.441100e+03 2.664884e+07 2.383347e+06 
7.354500e+03 3.133084e+07 1.415112e+06 
7.601650e+03 3.261576e+07 1.159753e+06 
8.711550e+03 3.653425e+07 9.345320e+05 
7.632500e+03 3.295357e+07 1.133115e+06 
9.629900e+03 4.045254e+07 8.511955e+05 
7.482150e+03 3.238010e+07 1.329992e+06 
7.989850e+03 3.527625e+07 1.021435e+06 
8.787750e+03 3.832270e+07 8.942892e+05 
8.101050e+03 3.558980e+07 9.820330e+05 
8.557400e+03 3.723418e+07 9.363151e+05 
7.467750e+03 3.060711e+07 1.617271e+06 

6.713450e+03 2.774421e+07 1.957750e+06 
7.884700e+03 3.510491e+07 1.057574e+06 
9.196850e+03 3.864137e+07 8.764034e+05 
6.441000e+03 2.637877e+07 2.468467e+06 
6.574550e+03 2.686186e+07 2.127989e+06 
7.472600e+03 3.238356e+07 1.191674e+06 
9.142200e+03 3.866302e+07 8.764034e+05 
7.266750e+03 3.116218e+07 1.361913e+06 
6.438700e+03 2.650724e+07 2.383347e+06 
6.849100e+03 2.851540e+07 1.702391e+06 
6.872300e+03 2.914386e+07 1.702391e+06 
6.878250e+03 2.910941e+07 1.617271e+06 
6.582050e+03 2.735004e+07 2.042869e+06 
6.475000e+03 2.667046e+07 2.298228e+06 
7.467150e+03 3.249323e+07 1.191674e+06 
7.209650e+03 2.878785e+07 1.617271e+06 
8.274850e+03 3.548406e+07 9.363151e+05 
6.694600e+03 2.752490e+07 1.872630e+06 
6.587750e+03 2.675578e+07 2.213108e+06 
6.571100e+03 2.684694e+07 2.127989e+06 
6.458300e+03 2.637963e+07 2.383347e+06 
8.139050e+03 3.375556e+07 1.021435e+06 
7.967600e+03 3.351890e+07 1.106554e+06 
7.710800e+03 3.419878e+07 1.133115e+06 
7.680950e+03 3.282673e+07 1.159753e+06 
7.619950e+03 3.055024e+07 1.361913e+06 
6.531600e+03 2.680211e+07 2.213108e+06 
7.599700e+03 3.271935e+07 1.159753e+06 
6.451400e+03 2.663695e+07 2.298228e+06 
7.800800e+03 3.444936e+07 1.106554e+06 
7.928100e+03 3.403486e+07 1.021435e+06 
7.184350e+03 2.896022e+07 1.532152e+06 
6.903650e+03 2.935763e+07 1.617271e+06 
7.737900e+03 3.424239e+07 1.133115e+06 
8.304100e+03 3.563620e+07 9.064920e+05 
6.600650e+03 2.734681e+07 2.042869e+06 
7.448500e+03 3.207783e+07 1.191674e+06 
7.945900e+03 3.394035e+07 1.021435e+06 
6.899650e+03 2.853660e+07 1.702391e+06 
6.561350e+03 2.700321e+07 2.127989e+06 
8.199300e+03 3.348429e+07 1.133115e+06 
7.213100e+03 3.080390e+07 1.447032e+06 
7.472250e+03 3.037572e+07 1.532152e+06 
6.629200e+03 2.692754e+07 2.042869e+06 
7.282600e+03 3.100882e+07 1.361913e+06 
7.280000e+03 3.123201e+07 1.284197e+06 
6.417300e+03 2.634211e+07 2.553587e+06 
6.437600e+03 2.634516e+07 2.553587e+06 
6.440950e+03 2.669496e+07 2.298228e+06 
8.272350e+03 3.523477e+07 9.363151e+05 
6.526050e+03 2.690256e+07 2.213108e+06 
7.756050e+03 3.448855e+07 1.106554e+06 
7.258900e+03 3.137766e+07 1.361913e+06 
7.653450e+03 3.039521e+07 1.361913e+06 
7.617750e+03 3.047407e+07 1.435279e+06 
7.222650e+03 3.137186e+07 1.361913e+06 
8.024200e+03 3.384621e+07 1.021435e+06 
9.187050e+03 3.820334e+07 8.764034e+05 
6.584650e+03 2.719162e+07 2.042869e+06 
7.517950e+03 3.013281e+07 1.435279e+06 
7.745050e+03 3.474660e+07 1.057574e+06 
6.428450e+03 2.646028e+07 2.468467e+06 
7.853450e+03 3.458795e+07 1.057574e+06 
7.325800e+03 3.148442e+07 1.208656e+06 
6.831900e+03 2.899795e+07 1.702391e+06 
7.271700e+03 3.130322e+07 1.284197e+06 
6.431800e+03 2.650765e+07 2.468467e+06 
7.383500e+03 3.202244e+07 1.244873e+06 
8.337400e+03 3.586115e+07 9.064920e+05 
6.592950e+03 2.704372e+07 2.042869e+06 
6.926550e+03 2.926884e+07 1.532152e+06 
7.341200e+03 3.163560e+07 1.284197e+06 
7.606250e+03 3.101287e+07 1.284197e+06 
8.014300e+03 3.387357e+07 9.820330e+05 
6.747550e+03 2.770377e+07 1.872630e+06 
7.309350e+03 2.927528e+07 1.447032e+06 
7.930350e+03 3.387693e+07 1.021435e+06 
7.960900e+03 3.365585e+07 1.106554e+06 
7.256750e+03 3.102144e+07 1.361913e+06 
6.626700e+03 2.722587e+07 1.957750e+06 
6.822300e+03 2.821853e+07 1.787511e+06 
6.606350e+03 2.735903e+07 1.957750e+06 
7.796800e+03 3.479199e+07 1.106554e+06 
7.254750e+03 3.119087e+07 1.361913e+06 
8.033100e+03 3.370227e+07 1.106554e+06 
7.448150e+03 3.015979e+07 1.435279e+06 
8.541750e+03 3.568768e+07 8.942892e+05 
7.254250e+03 3.133728e+07 1.284197e+06 
6.922700e+03 2.906292e+07 1.617271e+06 
7.986700e+03 3.367876e+07 1.057574e+06 
7.793300e+03 3.460609e+07 1.057574e+06 
8.403500e+03 3.532481e+07 9.064920e+05 
7.541000e+03 3.069359e+07 1.361913e+06 
7.272400e+03 3.124489e+07 1.276793e+06 
6.788650e+03 2.814129e+07 1.787511e+06 
6.837900e+03 2.868396e+07 1.702391e+06 
6.594150e+03 2.676860e+07 2.127989e+06 
7.871200e+03 3.367096e+07 1.106554e+06 
7.207100e+03 3.106956e+07 1.447032e+06 
7.225650e+03 3.087194e+07 1.447032e+06 

