9.041000e+03 3.500858e+07 9.064920e+05 
8.992100e+03 3.502186e+07 9.064920e+05 
8.915850e+03 3.437678e+07 9.363151e+05 
8.829500e+03 3.601811e+07 9.121750e+05 
7.551000e+03 3.195689e+07 1.617271e+06 
7.282250e+03 3.123095e+07 1.872630e+06 
7.424450e+03 3.144469e+07 1.787511e+06 
7.074600e+03 3.005631e+07 2.127989e+06 
7.188950e+03 3.053859e+07 1.957750e+06 
7.104200e+03 3.016094e+07 2.042869e+06 
6.825650e+03 2.833388e+07 2.468467e+06 
6.838550e+03 2.841658e+07 2.383347e+06 
6.882600e+03 2.856310e+07 2.298228e+06 
8.289650e+03 3.434749e+07 1.133115e+06 
8.049200e+03 3.329803e+07 1.415112e+06 
8.380400e+03 3.406067e+07 9.895141e+05 
8.076900e+03 3.341944e+07 1.244873e+06 
8.142650e+03 3.372062e+07 1.208656e+06 
6.905800e+03 2.840904e+07 2.383347e+06 
7.944000e+03 3.352283e+07 1.361913e+06 
8.478750e+03 3.448018e+07 9.820330e+05 
8.050650e+03 3.370770e+07 1.276793e+06 
7.082450e+03 2.991996e+07 2.213108e+06 
6.917100e+03 2.849988e+07 2.298228e+06 
8.016750e+03 3.398779e+07 1.276793e+06 

8.580000e+03 3.518468e+07 1.191674e+06 
8.135400e+03 3.403986e+07 1.284197e+06 
8.588550e+03 3.499357e+07 9.895141e+05 
8.169900e+03 3.367584e+07 1.276793e+06 
8.043900e+03 3.372980e+07 1.361913e+06 
7.732300e+03 3.291388e+07 1.532152e+06 
8.054200e+03 3.344787e+07 1.361913e+06 
8.713200e+03 3.485134e+07 1.042713e+06 
8.770750e+03 3.509051e+07 9.121750e+05 
6.934700e+03 2.893915e+07 1.957750e+06 
8.161050e+03 3.317150e+07 1.284197e+06 
7.661450e+03 3.233067e+07 1.787511e+06 
6.994900e+03 2.892518e+07 2.213108e+06 
8.068550e+03 3.323464e+07 1.361913e+06 
8.683950e+03 3.491063e+07 1.074634e+06 
8.696900e+03 3.505233e+07 9.363151e+05 
8.149950e+03 3.402312e+07 1.284197e+06 
7.038950e+03 2.923922e+07 1.872630e+06 
7.619300e+03 3.235659e+07 1.787511e+06 
7.689750e+03 3.282809e+07 1.702391e+06 
8.023750e+03 3.396333e+07 1.447032e+06 
7.043750e+03 2.909594e+07 1.872630e+06 
7.095950e+03 2.939555e+07 1.957750e+06 
8.112900e+03 3.391219e+07 1.361913e+06 
8.422750e+03 3.439351e+07 1.208656e+06 

8.356500e+03 3.395028e+07 1.276793e+06 
8.377050e+03 3.407490e+07 1.191674e+06 
8.207950e+03 3.400909e+07 1.359738e+06 
7.234850e+03 3.132113e+07 1.787511e+06 
7.032250e+03 2.929340e+07 1.872630e+06 
8.164150e+03 3.353845e+07 1.415112e+06 
7.833450e+03 3.083262e+07 1.617271e+06 
6.791950e+03 2.808683e+07 2.213108e+06 
7.740000e+03 3.094862e+07 1.617271e+06 
7.717200e+03 3.076498e+07 1.702391e+06 
7.703000e+03 3.129656e+07 1.787511e+06 
7.723600e+03 3.063412e+07 1.702391e+06 
7.801900e+03 3.093224e+07 1.617271e+06 
8.581550e+03 3.463435e+07 9.820330e+05 
8.062050e+03 3.357657e+07 1.361913e+06 
7.697250e+03 3.100412e+07 1.830070e+06 
6.875950e+03 2.838859e+07 2.042869e+06 
7.711850e+03 3.092014e+07 1.830070e+06 
8.142050e+03 3.367587e+07 1.415112e+06 
7.724500e+03 3.058278e+07 1.702391e+06 
7.779300e+03 3.108552e+07 1.510820e+06 
7.771500e+03 3.093528e+07 1.617271e+06 
7.716100e+03 3.094755e+07 1.702391e+06 
6.773650e+03 2.816337e+07 2.127989e+06 
6.884550e+03 2.841939e+07 2.127989e+06 

8.501150e+03 3.485285e+07 1.106554e+06 
8.407400e+03 3.598506e+07 9.300608e+05 
8.048600e+03 3.263854e+07 1.532152e+06 
8.242750e+03 3.483773e+07 1.191674e+06 
7.325500e+03 3.015382e+07 1.872630e+06 
8.520850e+03 3.485444e+07 9.363151e+05 
7.176200e+03 2.986846e+07 2.213108e+06 
7.166150e+03 3.036924e+07 2.127989e+06 
7.081200e+03 2.981108e+07 2.298228e+06 
7.065100e+03 2.972404e+07 2.383347e+06 
8.263250e+03 3.486011e+07 1.106554e+06 
7.474050e+03 3.057547e+07 1.787511e+06 
8.236450e+03 3.503245e+07 9.820330e+05 
7.378250e+03 2.987899e+07 1.872630e+06 
7.299400e+03 2.994976e+07 1.957750e+06 
7.259150e+03 2.996095e+07 1.957750e+06 
7.940450e+03 3.205488e+07 1.617271e+06 
8.568900e+03 3.505714e+07 8.987604e+05 
8.162500e+03 3.315907e+07 1.447032e+06 
7.448000e+03 3.058023e+07 1.787511e+06 
8.182950e+03 3.468296e+07 1.361913e+06 
7.376750e+03 3.005257e+07 1.872630e+06 
7.092100e+03 2.955382e+07 2.298228e+06 
7.163900e+03 3.040781e+07 2.127989e+06 
7.119450e+03 3.001887e+07 2.213108e+06 

8.641350e+03 3.590908e+07 8.765331e+05 
7.783050e+03 3.246118e+07 1.191674e+06 
6.475650e+03 2.662336e+07 2.468467e+06 
8.343200e+03 3.464239e+07 9.064920e+05 
6.650750e+03 2.769292e+07 2.213108e+06 
6.685700e+03 2.767773e+07 2.213108e+06 
7.865950e+03 3.237951e+07 9.820330e+05 
7.539150e+03 3.150817e+07 1.361913e+06 
6.473850e+03 2.681434e+07 2.468467e+06 
7.138700e+03 3.033209e+07 1.744951e+06 
7.079300e+03 2.995100e+07 2.000309e+06 
7.308250e+03 3.032788e+07 1.489592e+06 
7.107350e+03 3.006955e+07 1.872630e+06 
7.117500e+03 2.985864e+07 2.000309e+06 
6.698900e+03 2.760928e+07 2.213108e+06 
7.958800e+03 3.290585e+07 9.363151e+05 
7.801250e+03 3.179647e+07 1.191674e+06 
7.200200e+03 3.035983e+07 1.659831e+06 
8.123250e+03 3.316270e+07 9.121750e+05 
7.302200e+03 3.035198e+07 1.489592e+06 
7.145500e+03 2.996900e+07 1.702391e+06 
7.446700e+03 3.107036e+07 1.435279e+06 
7.110750e+03 3.015334e+07 1.787511e+06 
7.225250e+03 3.010812e+07 1.659831e+06 
7.301400e+03 3.060396e+07 1.627911e+06 

8.466900e+03 3.504563e+07 1.208656e+06 
8.801900e+03 3.636532e+07 9.381979e+05 
7.435050e+03 3.128315e+07 1.617271e+06 
7.431050e+03 3.115309e+07 1.532152e+06 
7.447450e+03 3.127804e+07 1.447032e+06 
7.136050e+03 3.002710e+07 1.872630e+06 
7.526500e+03 3.157379e+07 1.361913e+06 
7.362950e+03 3.085281e+07 1.702391e+06 
6.760500e+03 2.818906e+07 2.383347e+06 
7.062850e+03 2.974412e+07 1.957750e+06 
7.133300e+03 3.009521e+07 1.702391e+06 
7.383050e+03 3.064457e+07 1.617271e+06 
7.419050e+03 3.138199e+07 1.435279e+06 
6.789100e+03 2.825091e+07 2.298228e+06 
8.157800e+03 3.346664e+07 1.359738e+06 
8.440850e+03 3.554558e+07 1.106554e+06 
7.142300e+03 2.989506e+07 1.872630e+06 
8.263750e+03 3.389282e+07 1.244873e+06 
7.480700e+03 3.115151e+07 1.532152e+06 
7.285350e+03 3.040674e+07 1.670470e+06 
7.472900e+03 3.104126e+07 1.617271e+06 
6.790050e+03 2.808939e+07 2.127989e+06 
8.450000e+03 3.530417e+07 1.191674e+06 
7.380150e+03 3.087810e+07 1.617271e+06 
8.555250e+03 3.456318e+07 1.212952e+06 

8.454200e+03 3.485765e+07 9.064920e+05 
8.335850e+03 3.404100e+07 9.363151e+05 
8.262950e+03 3.414407e+07 9.363151e+05 
8.222250e+03 3.376736e+07 9.820330e+05 
8.020350e+03 3.369233e+07 1.191674e+06 
7.995000e+03 3.357453e+07 1.276793e+06 
8.497350e+03 3.550727e+07 8.853436e+05 
6.640600e+03 2.761258e+07 2.213108e+06 
6.997700e+03 2.873944e+07 1.957750e+06 
6.921000e+03 2.904827e+07 1.957750e+06 
7.458550e+03 3.094423e+07 1.617271e+06 
6.611000e+03 2.739969e+07 2.298228e+06 
6.709200e+03 2.797559e+07 2.127989e+06 
6.565150e+03 2.762078e+07 2.468467e+06 
8.096200e+03 3.347818e+07 1.106554e+06 
7.484800e+03 3.097954e+07 1.361913e+06 
8.069450e+03 3.362638e+07 1.191674e+06 
6.610900e+03 2.788448e+07 2.298228e+06 
6.651600e+03 2.756542e+07 2.213108e+06 
6.730450e+03 2.781455e+07 2.127989e+06 
7.592900e+03 3.145235e+07 1.284197e+06 
7.306550e+03 3.026283e+07 1.755590e+06 
8.181650e+03 3.417702e+07 1.021435e+06 
8.044200e+03 3.352545e+07 1.276793e+06 
8.349750e+03 3.524025e+07 9.064920e+05 

8.594050e+03 3.639610e+07 9.895141e+05 
8.746350e+03 3.613706e+07 9.064920e+05 
8.458750e+03 3.567875e+07 1.244873e+06 
6.930000e+03 2.896808e+07 1.957750e+06 
7.273500e+03 3.076866e+07 1.702391e+06 
8.475850e+03 3.446295e+07 1.329992e+06 
8.489350e+03 3.497934e+07 1.208656e+06 
8.393000e+03 3.465589e+07 1.276793e+06 
6.975100e+03 2.903362e+07 1.872630e+06 
8.535700e+03 3.548097e+07 1.191674e+06 
6.961050e+03 2.884068e+07 2.127989e+06 
6.979100e+03 2.890394e+07 2.042869e+06 
8.586650e+03 3.558700e+07 1.106554e+06 
7.147500e+03 3.040682e+07 1.787511e+06 
8.647450e+03 3.505786e+07 1.159753e+06 
8.489000e+03 3.544654e+07 1.244873e+06 
8.275750e+03 3.374142e+07 1.435279e+06 
8.698750e+03 3.552729e+07 9.895141e+05 
8.148300e+03 3.487595e+07 1.447032e+06 
8.272650e+03 3.401500e+07 1.359738e+06 
8.294650e+03 3.380538e+07 1.359738e+06 
8.603800e+03 3.527101e+07 1.159753e+06 
8.154950e+03 3.477080e+07 1.447032e+06 
8.568200e+03 3.529044e+07 1.133115e+06 
7.885050e+03 3.335975e+07 1.532152e+06 

8.752650e+03 3.638483e+07 9.363151e+05 
8.868250e+03 3.711844e+07 9.064920e+05 
7.746400e+03 3.201386e+07 1.435279e+06 
7.878200e+03 3.275937e+07 1.359738e+06 
7.853150e+03 3.279345e+07 1.361913e+06 
7.879150e+03 3.265730e+07 1.361913e+06 
7.890800e+03 3.249396e+07 1.359738e+06 
7.824850e+03 3.278165e+07 1.415112e+06 
6.499050e+03 2.639411e+07 2.298228e+06 
7.744400e+03 3.208566e+07 1.510820e+06 
6.584950e+03 2.678669e+07 2.127989e+06 
6.550200e+03 2.680188e+07 1.957750e+06 
7.915550e+03 3.286661e+07 1.284197e+06 
7.655600e+03 3.183057e+07 1.617271e+06 
6.532200e+03 2.681775e+07 2.042869e+06 
8.495500e+03 3.563281e+07 9.820330e+05 
6.529500e+03 2.688363e+07 2.042869e+06 
6.561600e+03 2.666665e+07 2.213108e+06 
7.891650e+03 3.229688e+07 1.359738e+06 
7.697250e+03 3.226223e+07 1.532152e+06 
6.744500e+03 2.745773e+07 2.042869e+06 
8.469350e+03 3.594358e+07 1.191674e+06 
8.359550e+03 3.508159e+07 1.208656e+06 
7.660650e+03 3.212492e+07 1.787511e+06 
7.642400e+03 3.210419e+07 1.617271e+06 

8.371900e+03 3.329920e+07 9.954608e+05 
8.069300e+03 3.244184e+07 1.057574e+06 
7.784300e+03 3.140906e+07 1.361913e+06 
6.625150e+03 2.755502e+07 1.872630e+06 
6.644650e+03 2.779750e+07 1.702391e+06 
8.137650e+03 3.281811e+07 1.133115e+06 
6.477150e+03 2.675053e+07 2.298228e+06 
6.589900e+03 2.745463e+07 1.957750e+06 
6.636650e+03 2.712757e+07 2.042869e+06 
6.584200e+03 2.716942e+07 2.127989e+06 
8.015400e+03 3.213604e+07 1.191674e+06 
6.609050e+03 2.726191e+07 2.000309e+06 
6.581450e+03 2.679498e+07 2.213108e+06 
8.012200e+03 3.313664e+07 1.617271e+06 
6.626900e+03 2.735019e+07 1.957750e+06 
6.639850e+03 2.752945e+07 1.915190e+06 
6.692950e+03 2.768379e+07 1.830070e+06 
6.515000e+03 2.670153e+07 2.298228e+06 
6.535950e+03 2.680579e+07 2.127989e+06 
6.576900e+03 2.718067e+07 2.042869e+06 
7.994100e+03 3.177452e+07 1.276793e+06 
6.525150e+03 2.660268e+07 2.213108e+06 
6.727650e+03 2.763772e+07 1.702391e+06 
6.619250e+03 2.707614e+07 2.127989e+06 
7.283250e+03 3.019578e+07 1.659831e+06 

