3.290341e+02 6.657422e+07 6.944746e+06 
4.619652e+02 6.328509e+07 6.269562e+06 
4.532739e+02 6.411047e+07 5.883743e+06 
3.025424e+02 6.747199e+07 6.944746e+06 
4.115520e+02 6.770736e+07 5.594378e+06 
4.482090e+02 6.295077e+07 6.366017e+06 
4.125293e+02 6.392209e+07 6.269562e+06 
3.743470e+02 6.521569e+07 6.269562e+06 
3.852310e+02 6.724422e+07 5.787288e+06 
3.934709e+02 6.535486e+07 5.980198e+06 
3.830966e+02 6.816685e+07 5.690833e+06 
4.213643e+02 6.369453e+07 6.076652e+06 
3.442892e+02 6.616200e+07 6.366017e+06 
3.710946e+02 6.819468e+07 5.787288e+06 
3.332482e+02 6.692273e+07 6.558926e+06 
4.900372e+02 6.507546e+07 5.015650e+06 
4.157411e+02 6.626253e+07 5.497924e+06 
3.032653e+02 6.746654e+07 6.848291e+06 
2.772959e+02 6.917946e+07 6.944746e+06 
4.277575e+02 6.332745e+07 6.366017e+06 
4.375852e+02 6.513933e+07 5.594378e+06 
4.805048e+02 6.441865e+07 5.690833e+06 
3.419458e+02 6.535363e+07 6.848291e+06 
4.104648e+02 6.602069e+07 5.787288e+06 
4.594166e+02 6.591917e+07 5.208559e+06 
3.333312e+02 6.737185e+07 6.462472e+06 
4.927173e+02 6.449855e+07 5.594378e+06 
3.062058e+02 6.808516e+07 6.655381e+06 
3.522796e+02 6.825482e+07 6.076652e+06 
4.454828e+02 6.682431e+07 5.015650e+06 
3.349584e+02 6.635254e+07 6.751836e+06 
4.706117e+02 6.609019e+07 4.919195e+06 
3.226046e+02 6.684988e+07 6.944746e+06 
3.635609e+02 6.527792e+07 6.848291e+06 
4.248070e+02 6.798004e+07 5.208559e+06 
3.706092e+02 6.687502e+07 5.980198e+06 
3.227564e+02 6.755537e+07 6.558926e+06 
4.445737e+02 6.359356e+07 5.980198e+06 
3.226947e+02 6.867004e+07 6.366017e+06 
4.125249e+02 6.508494e+07 5.883743e+06 
3.019510e+02 6.818407e+07 6.751836e+06 
4.455860e+02 6.580152e+07 5.401469e+06 
3.577048e+02 6.646404e+07 6.269562e+06 
3.562566e+02 6.591027e+07 6.462472e+06 
3.198662e+02 6.860377e+07 6.462472e+06 
4.077057e+02 6.484518e+07 5.980198e+06 
2.822178e+02 6.871790e+07 6.944746e+06 
3.166782e+02 6.712482e+07 6.751836e+06 
5.116568e+02 6.454190e+07 5.208559e+06 
3.159982e+02 6.732289e+07 6.944746e+06 
4.088984e+02 6.411750e+07 6.173107e+06 
3.773307e+02 6.432617e+07 6.848291e+06 
2.872021e+02 6.812144e+07 6.944746e+06 
2.930062e+02 6.875243e+07 6.848291e+06 
4.311326e+02 6.723722e+07 5.112104e+06 
4.480010e+02 6.334472e+07 6.076652e+06 
3.412631e+02 6.634617e+07 6.462472e+06 
3.790115e+02 6.689895e+07 5.883743e+06 
4.422731e+02 6.557307e+07 5.497924e+06 
4.806269e+02 6.567113e+07 4.822740e+06 
3.850789e+02 6.478280e+07 6.366017e+06 
2.861011e+02 6.838907e+07 6.944746e+06 
3.171253e+02 6.702526e+07 6.944746e+06 
4.287981e+02 6.507168e+07 5.787288e+06 
3.113005e+02 6.861334e+07 6.558926e+06 
3.364493e+02 6.792315e+07 6.269562e+06 
3.240223e+02 6.674013e+07 6.944746e+06 
2.917109e+02 6.771433e+07 6.944746e+06 
4.502438e+02 6.652761e+07 4.919195e+06 
3.617100e+02 6.534662e+07 6.848291e+06 
4.154586e+02 6.373668e+07 6.269562e+06 
4.727864e+02 6.489975e+07 5.305014e+06 
2.962083e+02 6.760702e+07 6.944746e+06 
4.146663e+02 6.600449e+07 5.594378e+06 
4.524937e+02 6.661903e+07 4.822740e+06 
3.805327e+02 6.544168e+07 6.076652e+06 
3.650617e+02 6.480686e+07 6.655381e+06 
4.351193e+02 6.780429e+07 5.015650e+06 
4.372642e+02 6.392127e+07 5.980198e+06 
4.879723e+02 6.461238e+07 5.401469e+06 
3.034468e+02 6.739225e+07 6.944746e+06 
4.211779e+02 6.344791e+07 6.173107e+06 
3.054780e+02 6.867367e+07 6.655381e+06 
4.667591e+02 6.510594e+07 5.401469e+06 
3.797019e+02 6.611004e+07 5.980198e+06 
3.685300e+02 6.475248e+07 6.751836e+06 
3.629861e+02 6.766592e+07 5.883743e+06 
4.029358e+02 6.751561e+07 5.690833e+06 
4.170362e+02 6.370031e+07 6.173107e+06 
4.408564e+02 6.736795e+07 4.919195e+06 
3.162755e+02 6.719165e+07 6.848291e+06 
4.830444e+02 6.783996e+07 4.726285e+06 
4.121555e+02 6.773800e+07 5.497924e+06 
3.428226e+02 6.758054e+07 6.173107e+06 
4.763757e+02 6.546189e+07 5.112104e+06 
3.838447e+02 6.465865e+07 6.462472e+06 
2.910369e+02 6.798104e+07 6.944746e+06 
3.610903e+02 6.832661e+07 5.883743e+06 
3.178319e+02 6.689867e+07 6.751836e+06 
3.321944e+02 6.618734e+07 6.944746e+06 

4.342676e+02 6.296010e+07 6.558926e+06 
3.212143e+02 6.790365e+07 6.558926e+06 
3.075653e+02 6.804503e+07 6.655381e+06 
5.092187e+02 6.529295e+07 5.112104e+06 
3.685954e+02 6.633448e+07 5.980198e+06 
3.360965e+02 6.793416e+07 6.269562e+06 
4.697545e+02 6.413340e+07 5.883743e+06 
3.482285e+02 6.776475e+07 6.076652e+06 
4.809023e+02 6.724356e+07 5.015650e+06 
4.228277e+02 6.369864e+07 6.366017e+06 
3.759688e+02 6.420747e+07 6.751836e+06 
4.956878e+02 6.396867e+07 5.305014e+06 
3.591152e+02 6.589744e+07 6.558926e+06 
4.265789e+02 6.373606e+07 6.269562e+06 
4.112585e+02 6.589265e+07 5.497924e+06 
3.528301e+02 6.609296e+07 6.848291e+06 
3.934276e+02 6.633113e+07 5.594378e+06 
3.222539e+02 6.686296e+07 6.751836e+06 
4.343358e+02 6.333832e+07 6.462472e+06 
3.923243e+02 6.563914e+07 5.690833e+06 
2.772959e+02 6.917946e+07 6.944746e+06 
4.761914e+02 6.817418e+07 5.015650e+06 
4.471085e+02 6.358414e+07 6.269562e+06 
3.626073e+02 6.522759e+07 6.751836e+06 
5.260632e+02 6.722893e+07 4.436921e+06 
4.786825e+02 6.465914e+07 5.497924e+06 
4.151300e+02 6.411510e+07 6.558926e+06 
3.646712e+02 6.676750e+07 5.980198e+06 
3.576335e+02 6.566774e+07 6.944746e+06 
4.902032e+02 6.758186e+07 4.822740e+06 
3.552127e+02 6.603980e+07 6.655381e+06 
4.558673e+02 6.426752e+07 6.076652e+06 
4.864294e+02 6.680769e+07 4.919195e+06 
3.794844e+02 6.564315e+07 6.076652e+06 
4.920906e+02 6.634076e+07 4.919195e+06 
5.041975e+02 6.604978e+07 4.919195e+06 
3.315515e+02 6.689401e+07 6.462472e+06 
4.626858e+02 6.479554e+07 5.594378e+06 
4.801803e+02 6.359439e+07 5.980198e+06 
3.809639e+02 6.495077e+07 6.558926e+06 
3.854487e+02 6.530360e+07 6.173107e+06 
2.964835e+02 6.728074e+07 6.944746e+06 
4.100593e+02 6.423420e+07 6.173107e+06 
3.115966e+02 6.714613e+07 6.848291e+06 
3.734005e+02 6.532258e+07 6.558926e+06 
3.238740e+02 6.892320e+07 6.462472e+06 
3.351922e+02 6.666418e+07 6.848291e+06 
3.930924e+02 6.465092e+07 6.366017e+06 
3.090829e+02 6.720000e+07 6.944746e+06 
4.738112e+02 6.501880e+07 5.305014e+06 
2.921699e+02 6.781465e+07 6.944746e+06 
3.574393e+02 6.587208e+07 6.944746e+06 
3.601034e+02 6.739620e+07 5.883743e+06 
3.046796e+02 6.733886e+07 6.751836e+06 
3.209899e+02 6.706953e+07 6.848291e+06 
3.506665e+02 6.767724e+07 5.980198e+06 
4.108113e+02 6.463643e+07 5.980198e+06 
3.224399e+02 6.735820e+07 6.655381e+06 
5.166950e+02 6.751379e+07 4.629830e+06 
5.009987e+02 6.778762e+07 4.726285e+06 
3.471424e+02 6.617965e+07 6.848291e+06 
3.790315e+02 6.791019e+07 5.787288e+06 
3.990273e+02 6.528266e+07 5.787288e+06 
3.343036e+02 6.675129e+07 6.944746e+06 
2.831623e+02 6.877224e+07 6.944746e+06 
4.101110e+02 6.501310e+07 5.787288e+06 
3.447376e+02 6.642083e+07 6.366017e+06 
3.369192e+02 6.620447e+07 6.462472e+06 
4.949868e+02 6.814320e+07 4.726285e+06 
2.846933e+02 6.852640e+07 6.944746e+06 
3.532842e+02 6.606150e+07 6.944746e+06 
3.860085e+02 6.573657e+07 5.883743e+06 
2.910862e+02 6.811944e+07 6.944746e+06 
2.951543e+02 6.827504e+07 6.848291e+06 
3.866983e+02 6.468348e+07 6.462472e+06 
4.919852e+02 6.400605e+07 5.401469e+06 
3.894927e+02 6.600365e+07 5.787288e+06 
3.258911e+02 6.679761e+07 6.944746e+06 
4.016650e+02 6.437832e+07 6.269562e+06 
2.883649e+02 6.836043e+07 6.944746e+06 
3.285059e+02 6.808152e+07 6.366017e+06 
5.014537e+02 6.832086e+07 4.436921e+06 
4.244724e+02 6.485233e+07 5.883743e+06 
2.890227e+02 6.815653e+07 6.944746e+06 
4.837177e+02 6.790162e+07 4.919195e+06 
4.225797e+02 6.676633e+07 5.401469e+06 
5.193623e+02 6.761099e+07 4.436921e+06 
3.517886e+02 6.613639e+07 6.848291e+06 
3.502072e+02 6.730008e+07 6.173107e+06 
4.906260e+02 6.365087e+07 5.690833e+06 
3.009245e+02 6.876719e+07 6.751836e+06 
2.849924e+02 6.839699e+07 6.944746e+06 
4.127514e+02 6.532000e+07 5.594378e+06 
2.955458e+02 6.757392e+07 6.944746e+06 
4.733541e+02 6.391623e+07 5.787288e+06 
3.984713e+02 6.493633e+07 6.076652e+06 
4.780200e+02 6.442153e+07 5.594378e+06 
5.002847e+02 6.698900e+07 4.822740e+06 
3.186019e+02 6.872181e+07 6.558926e+06 
4.186814e+02 6.339383e+07 6.558926e+06 

4.038964e+02 6.628143e+07 5.401469e+06 
2.887893e+02 6.794687e+07 6.944746e+06 
4.040488e+02 6.573867e+07 5.690833e+06 
3.977873e+02 6.593013e+07 5.594378e+06 
3.576684e+02 6.777841e+07 5.787288e+06 
3.992499e+02 6.842699e+07 5.112104e+06 
4.707866e+02 6.604486e+07 5.112104e+06 
3.454525e+02 6.654695e+07 6.366017e+06 
4.621756e+02 6.732009e+07 4.340466e+06 
3.373397e+02 6.633924e+07 6.558926e+06 
3.427282e+02 6.618553e+07 6.655381e+06 
3.215595e+02 6.659068e+07 6.751836e+06 
3.523652e+02 6.643723e+07 6.173107e+06 
3.339120e+02 6.654447e+07 6.848291e+06 
4.183225e+02 6.415909e+07 6.076652e+06 
4.261437e+02 6.373967e+07 6.269562e+06 
4.240915e+02 6.646671e+07 4.726285e+06 
4.275339e+02 6.537244e+07 5.594378e+06 
3.905778e+02 6.651089e+07 5.690833e+06 
3.767736e+02 6.766373e+07 5.497924e+06 
4.387474e+02 6.397749e+07 5.980198e+06 
3.946738e+02 6.821836e+07 5.208559e+06 
4.600551e+02 6.272330e+07 6.173107e+06 
3.711187e+02 6.562602e+07 6.269562e+06 
4.448362e+02 6.318323e+07 6.173107e+06 
4.357749e+02 6.323213e+07 6.558926e+06 
4.586010e+02 6.695425e+07 4.533376e+06 
4.546777e+02 6.310702e+07 6.269562e+06 
2.772959e+02 6.917946e+07 6.944746e+06 
3.822209e+02 6.451298e+07 6.655381e+06 
4.413885e+02 6.833341e+07 4.244011e+06 
4.336138e+02 6.838417e+07 4.340466e+06 
4.825965e+02 6.606059e+07 4.726285e+06 
4.255083e+02 6.582624e+07 5.305014e+06 
4.378269e+02 6.501867e+07 5.594378e+06 
4.136932e+02 6.848145e+07 4.822740e+06 
4.646323e+02 6.264683e+07 6.173107e+06 
4.213162e+02 6.658120e+07 5.015650e+06 
4.353771e+02 6.736934e+07 4.436921e+06 
3.999208e+02 6.717081e+07 5.208559e+06 
4.305753e+02 6.369761e+07 6.558926e+06 
4.492202e+02 6.767804e+07 4.147556e+06 
3.016248e+02 6.903003e+07 6.655381e+06 
3.781323e+02 6.523849e+07 6.173107e+06 
3.171308e+02 6.714328e+07 6.558926e+06 
4.760927e+02 6.292473e+07 6.076652e+06 
4.330315e+02 6.365455e+07 6.366017e+06 
3.499049e+02 6.788110e+07 6.076652e+06 
2.825919e+02 6.825377e+07 6.944746e+06 
3.740313e+02 6.798899e+07 5.690833e+06 
4.080603e+02 6.745918e+07 4.919195e+06 
2.879151e+02 6.807663e+07 6.944746e+06 
2.915766e+02 6.791294e+07 6.944746e+06 
4.430424e+02 6.575963e+07 5.208559e+06 
4.543938e+02 6.654900e+07 4.629830e+06 
3.162003e+02 6.788199e+07 6.462472e+06 
3.286350e+02 6.673734e+07 6.655381e+06 
4.118350e+02 6.442780e+07 6.076652e+06 
3.891893e+02 6.514310e+07 5.883743e+06 
4.458697e+02 6.513311e+07 5.497924e+06 
4.356679e+02 6.701989e+07 4.533376e+06 
4.218525e+02 6.776029e+07 4.436921e+06 
3.114772e+02 6.697605e+07 6.848291e+06 
3.310442e+02 6.771074e+07 6.366017e+06 
2.795792e+02 6.888385e+07 6.944746e+06 
3.003815e+02 6.733226e+07 6.944746e+06 
4.346760e+02 6.355196e+07 6.076652e+06 
4.418131e+02 6.482103e+07 5.690833e+06 
2.865073e+02 6.821396e+07 6.944746e+06 
2.926326e+02 6.748396e+07 6.944746e+06 
4.150901e+02 6.715868e+07 4.822740e+06 
3.904011e+02 6.799347e+07 5.305014e+06 
3.847712e+02 6.483445e+07 6.558926e+06 
3.698438e+02 6.662332e+07 5.787288e+06 
3.580662e+02 6.589928e+07 6.462472e+06 
4.380781e+02 6.526227e+07 5.305014e+06 
3.501153e+02 6.606923e+07 6.751836e+06 
3.080031e+02 6.818231e+07 6.558926e+06 
4.696832e+02 6.754864e+07 4.051102e+06 
3.482214e+02 6.625342e+07 6.366017e+06 
4.317886e+02 6.615325e+07 5.112104e+06 
3.359322e+02 6.638352e+07 6.848291e+06 
3.841452e+02 6.711514e+07 5.594378e+06 
3.534954e+02 6.545792e+07 6.558926e+06 
3.118194e+02 6.757736e+07 6.655381e+06 
4.332719e+02 6.455953e+07 5.883743e+06 
3.048639e+02 6.725925e+07 6.944746e+06 
4.938302e+02 6.695474e+07 4.436921e+06 
2.971677e+02 6.855888e+07 6.751836e+06 
3.776024e+02 6.556137e+07 6.076652e+06 
4.242956e+02 6.632505e+07 5.015650e+06 
4.286804e+02 6.405805e+07 5.980198e+06 
3.754144e+02 6.530399e+07 6.751836e+06 
4.594059e+02 6.704818e+07 4.436921e+06 
2.931635e+02 6.895541e+07 6.848291e+06 
3.625915e+02 6.676195e+07 5.980198e+06 
4.375185e+02 6.335858e+07 6.173107e+06 
3.009409e+02 6.797064e+07 6.751836e+06 
3.249776e+02 6.732023e+07 6.462472e+06 
4.593708e+02 6.526627e+07 5.208559e+06 

3.418608e+02 6.643832e+07 6.462472e+06 
4.229015e+02 6.413473e+07 5.980198e+06 
2.839245e+02 6.886583e+07 6.944746e+06 
4.606315e+02 6.708527e+07 4.533376e+06 
4.286327e+02 6.729385e+07 4.919195e+06 
3.615895e+02 6.721554e+07 5.594378e+06 
3.620543e+02 6.546271e+07 6.751836e+06 
3.867943e+02 6.453224e+07 6.462472e+06 
3.315666e+02 6.828211e+07 6.269562e+06 
3.766830e+02 6.488577e+07 6.462472e+06 
4.186514e+02 6.402615e+07 6.173107e+06 
3.892978e+02 6.660044e+07 5.690833e+06 
4.093791e+02 6.822283e+07 5.305014e+06 
4.355104e+02 6.409036e+07 5.690833e+06 
3.130076e+02 6.755905e+07 6.655381e+06 
4.140673e+02 6.454347e+07 5.883743e+06 
3.440083e+02 6.617068e+07 6.944746e+06 
3.218453e+02 6.780722e+07 6.462472e+06 
3.968958e+02 6.482074e+07 5.980198e+06 
4.162110e+02 6.777158e+07 5.112104e+06 
2.772959e+02 6.917946e+07 6.944746e+06 
4.315740e+02 6.696569e+07 5.015650e+06 
4.763163e+02 6.571537e+07 4.919195e+06 
4.273911e+02 6.504391e+07 5.594378e+06 
3.947039e+02 6.757242e+07 5.497924e+06 
4.136221e+02 6.561269e+07 5.690833e+06 
4.476121e+02 6.498310e+07 5.208559e+06 
4.236975e+02 6.572689e+07 5.305014e+06 
4.447287e+02 6.418979e+07 5.401469e+06 
4.624148e+02 6.729464e+07 4.436921e+06 
4.194262e+02 6.677351e+07 5.208559e+06 
3.271513e+02 6.695114e+07 6.655381e+06 
4.524926e+02 6.678538e+07 4.726285e+06 
4.673075e+02 6.800484e+07 4.340466e+06 
4.550431e+02 6.581110e+07 4.822740e+06 
3.294062e+02 6.653280e+07 6.751836e+06 
3.507058e+02 6.614376e+07 6.751836e+06 
4.134076e+02 6.764214e+07 5.208559e+06 
3.414190e+02 6.647011e+07 6.462472e+06 
3.725380e+02 6.551353e+07 6.269562e+06 
4.351155e+02 6.548104e+07 5.112104e+06 
3.252927e+02 6.827301e+07 6.366017e+06 
3.113451e+02 6.720725e+07 6.944746e+06 
4.748863e+02 6.572538e+07 4.822740e+06 
3.684512e+02 6.540862e+07 6.462472e+06 
4.560007e+02 6.804572e+07 4.629830e+06 
4.423517e+02 6.598241e+07 4.919195e+06 
3.735700e+02 6.592488e+07 6.076652e+06 
3.024046e+02 6.738795e+07 6.944746e+06 
3.168962e+02 6.714888e+07 6.751836e+06 
3.993565e+02 6.428301e+07 6.366017e+06 
4.250476e+02 6.583720e+07 5.208559e+06 
3.510019e+02 6.679971e+07 5.980198e+06 
4.506057e+02 6.500686e+07 5.015650e+06 
4.031309e+02 6.732535e+07 5.401469e+06 
4.424890e+02 6.513791e+07 5.208559e+06 
3.981930e+02 6.467807e+07 6.076652e+06 
2.861334e+02 6.826345e+07 6.944746e+06 
3.516993e+02 6.590754e+07 6.558926e+06 
2.910241e+02 6.783969e+07 6.944746e+06 
3.898574e+02 6.557710e+07 5.883743e+06 
2.948107e+02 6.883429e+07 6.848291e+06 
3.571305e+02 6.594400e+07 6.366017e+06 
2.963877e+02 6.756978e+07 6.944746e+06 
4.740361e+02 6.728960e+07 4.244011e+06 
3.138393e+02 6.854354e+07 6.558926e+06 
3.516736e+02 6.725020e+07 5.883743e+06 
2.955112e+02 6.781588e+07 6.944746e+06 
3.718121e+02 6.527160e+07 6.655381e+06 
3.046347e+02 6.730652e+07 6.751836e+06 
2.988003e+02 6.868401e+07 6.751836e+06 
3.595738e+02 6.658201e+07 5.980198e+06 
3.513836e+02 6.604638e+07 6.848291e+06 
3.441238e+02 6.645605e+07 6.269562e+06 
3.246302e+02 6.721508e+07 6.462472e+06 
4.095912e+02 6.400494e+07 6.366017e+06 
4.216982e+02 6.530641e+07 5.594378e+06 
3.879387e+02 6.493478e+07 6.076652e+06 
3.965625e+02 6.608133e+07 5.594378e+06 
4.002348e+02 6.775470e+07 5.401469e+06 
3.470323e+02 6.841640e+07 5.883743e+06 
3.299173e+02 6.706702e+07 6.366017e+06 
4.698119e+02 6.590918e+07 4.726285e+06 
4.737075e+02 6.707234e+07 4.436921e+06 
2.907470e+02 6.792697e+07 6.944746e+06 
2.903159e+02 6.799301e+07 6.944746e+06 
4.457449e+02 6.676427e+07 4.822740e+06 
3.329174e+02 6.791164e+07 6.173107e+06 
2.994511e+02 6.739076e+07 6.944746e+06 
4.492451e+02 6.468550e+07 5.305014e+06 
3.801716e+02 6.617813e+07 5.883743e+06 
3.352173e+02 6.719097e+07 6.173107e+06 
2.853650e+02 6.837602e+07 6.944746e+06 
4.089848e+02 6.623814e+07 5.497924e+06 
4.441053e+02 6.397374e+07 5.883743e+06 
2.991705e+02 6.805898e+07 6.751836e+06 
2.898577e+02 6.803172e+07 6.944746e+06 
4.726449e+02 6.663629e+07 4.533376e+06 
3.241168e+02 6.696962e+07 6.848291e+06 
3.370101e+02 6.799597e+07 6.076652e+06 

3.100169e+02 6.853310e+07 6.655381e+06 
4.164719e+02 6.460914e+07 6.076652e+06 
2.893299e+02 6.805997e+07 6.944746e+06 
3.857812e+02 6.403685e+07 6.751836e+06 
3.419901e+02 6.578232e+07 6.751836e+06 
3.193791e+02 6.728708e+07 6.558926e+06 
3.907194e+02 6.489871e+07 6.366017e+06 
3.744649e+02 6.430919e+07 6.751836e+06 
3.920879e+02 6.390741e+07 6.558926e+06 
3.645148e+02 6.460747e+07 6.655381e+06 
3.401141e+02 6.655549e+07 6.462472e+06 
3.268477e+02 6.670767e+07 6.751836e+06 
4.421126e+02 6.403443e+07 6.269562e+06 
4.600161e+02 6.640019e+07 5.015650e+06 
4.196095e+02 6.776664e+07 4.726285e+06 
3.537203e+02 6.519065e+07 6.655381e+06 
4.278131e+02 6.633199e+07 5.305014e+06 
3.824266e+02 6.569769e+07 5.980198e+06 
4.069980e+02 6.381731e+07 6.751836e+06 
4.204633e+02 6.704774e+07 4.822740e+06 
4.017797e+02 6.674388e+07 5.401469e+06 
3.749213e+02 6.853187e+07 5.690833e+06 
4.275006e+02 6.438552e+07 5.883743e+06 
4.180394e+02 6.447844e+07 6.173107e+06 
2.772959e+02 6.917946e+07 6.944746e+06 
4.049304e+02 6.639641e+07 5.690833e+06 
3.256649e+02 6.692148e+07 6.558926e+06 
4.189828e+02 6.601384e+07 5.594378e+06 
3.473371e+02 6.715669e+07 6.173107e+06 
4.124308e+02 6.691736e+07 5.112104e+06 
4.102091e+02 6.571784e+07 5.787288e+06 
4.133146e+02 6.535522e+07 5.883743e+06 
3.349802e+02 6.641337e+07 6.655381e+06 
3.641394e+02 6.645802e+07 5.787288e+06 
3.686552e+02 6.591007e+07 6.269562e+06 
4.439953e+02 6.571335e+07 5.497924e+06 
4.220098e+02 6.470904e+07 5.883743e+06 
3.507386e+02 6.539592e+07 6.751836e+06 
4.587287e+02 6.453811e+07 5.690833e+06 
3.434118e+02 6.556823e+07 6.848291e+06 
3.361943e+02 6.597591e+07 6.848291e+06 
3.638192e+02 6.474221e+07 6.848291e+06 
3.848005e+02 6.688499e+07 5.690833e+06 
3.575752e+02 6.858216e+07 6.076652e+06 
4.144304e+02 6.668745e+07 5.208559e+06 
4.309201e+02 6.406465e+07 6.076652e+06 
4.452290e+02 6.588742e+07 5.401469e+06 
3.208965e+02 6.713329e+07 6.751836e+06 
2.874951e+02 6.819821e+07 6.944746e+06 
3.318263e+02 6.768458e+07 6.462472e+06 
3.151853e+02 6.721501e+07 6.848291e+06 
3.580979e+02 6.496608e+07 6.848291e+06 
3.965462e+02 6.744447e+07 5.208559e+06 
4.353034e+02 6.478077e+07 5.787288e+06 
3.330732e+02 6.765896e+07 6.366017e+06 
2.958357e+02 6.762799e+07 6.944746e+06 
3.946566e+02 6.435695e+07 6.462472e+06 
3.398382e+02 6.594241e+07 6.751836e+06 
4.258821e+02 6.558888e+07 5.594378e+06 
3.410400e+02 6.749694e+07 6.269562e+06 
3.671478e+02 6.454779e+07 6.848291e+06 
3.608180e+02 6.520053e+07 6.462472e+06 
3.792590e+02 6.860145e+07 5.497924e+06 
4.190108e+02 6.818755e+07 4.822740e+06 
2.974471e+02 6.742345e+07 6.944746e+06 
3.500813e+02 6.589269e+07 6.558926e+06 
4.419035e+02 6.497716e+07 5.594378e+06 
2.937318e+02 6.788636e+07 6.944746e+06 
3.925669e+02 6.852408e+07 5.208559e+06 
3.526329e+02 6.647048e+07 6.269562e+06 
3.794619e+02 6.424853e+07 6.944746e+06 
3.928113e+02 6.884036e+07 5.015650e+06 
3.842468e+02 6.818781e+07 5.401469e+06 
3.848581e+02 6.728832e+07 5.305014e+06 
3.211383e+02 6.693352e+07 6.655381e+06 
2.884226e+02 6.817632e+07 6.944746e+06 
2.841585e+02 6.843398e+07 6.944746e+06 
2.946945e+02 6.770223e+07 6.944746e+06 
3.484057e+02 6.555328e+07 6.848291e+06 
2.951792e+02 6.856830e+07 6.848291e+06 
3.644783e+02 6.482488e+07 6.462472e+06 
3.141214e+02 6.721977e+07 6.751836e+06 
3.003181e+02 6.796825e+07 6.751836e+06 
3.893421e+02 6.712275e+07 5.305014e+06 
3.964776e+02 6.847219e+07 4.919195e+06 
3.339788e+02 6.649771e+07 6.655381e+06 
3.680239e+02 6.451160e+07 6.848291e+06 
3.990489e+02 6.556740e+07 5.980198e+06 
3.774692e+02 6.536218e+07 6.269562e+06 
4.085234e+02 6.502455e+07 6.076652e+06 
2.899293e+02 6.790114e+07 6.944746e+06 
3.021752e+02 6.775766e+07 6.751836e+06 
3.337822e+02 6.660627e+07 6.751836e+06 
4.061245e+02 6.760761e+07 4.919195e+06 
3.976338e+02 6.819175e+07 5.015650e+06 
4.642046e+02 6.630480e+07 5.015650e+06 
3.794862e+02 6.721603e+07 5.594378e+06 
3.361730e+02 6.810342e+07 6.173107e+06 
3.043553e+02 6.724738e+07 6.944746e+06 
3.637884e+02 6.615222e+07 6.173107e+06 

3.572214e+02 6.499626e+07 6.751836e+06 
3.554246e+02 6.547549e+07 6.462472e+06 
3.210786e+02 6.677707e+07 6.848291e+06 
3.376616e+02 6.632338e+07 6.848291e+06 
3.684900e+02 6.644340e+07 5.787288e+06 
3.970092e+02 6.537384e+07 5.594378e+06 
3.512599e+02 6.849414e+07 5.787288e+06 
4.026906e+02 6.415495e+07 6.558926e+06 
3.151833e+02 6.785706e+07 6.558926e+06 
3.810555e+02 6.761611e+07 5.497924e+06 
3.181007e+02 6.719353e+07 6.944746e+06 
4.042609e+02 6.374809e+07 6.751836e+06 
3.916961e+02 6.642074e+07 5.305014e+06 
3.411050e+02 6.834630e+07 5.883743e+06 
4.222796e+02 6.292237e+07 6.558926e+06 
3.446166e+02 6.667215e+07 6.269562e+06 
4.025572e+02 6.631405e+07 5.401469e+06 
3.814000e+02 6.545866e+07 5.980198e+06 
3.601356e+02 6.728653e+07 5.883743e+06 
3.887087e+02 6.539325e+07 5.980198e+06 
3.659470e+02 6.478063e+07 6.655381e+06 
4.001961e+02 6.433383e+07 6.558926e+06 
3.329189e+02 6.758851e+07 6.269562e+06 
2.772959e+02 6.917946e+07 6.944746e+06 
3.715424e+02 6.537629e+07 6.366017e+06 
3.576710e+02 6.667390e+07 5.980198e+06 
3.737864e+02 6.491983e+07 6.462472e+06 
3.621602e+02 6.632747e+07 5.980198e+06 
4.089747e+02 6.360077e+07 6.751836e+06 
3.787756e+02 6.701905e+07 5.594378e+06 
3.454231e+02 6.775725e+07 5.980198e+06 
3.515284e+02 6.507868e+07 6.655381e+06 
4.015643e+02 6.542191e+07 5.497924e+06 
4.268839e+02 6.305739e+07 6.462472e+06 
3.653437e+02 6.514021e+07 6.462472e+06 
3.376461e+02 6.667570e+07 6.558926e+06 
3.867915e+02 6.452080e+07 6.269562e+06 
3.809556e+02 6.474442e+07 6.558926e+06 
3.333809e+02 6.664013e+07 6.751836e+06 
3.746654e+02 6.596542e+07 5.883743e+06 
3.801835e+02 6.441169e+07 6.751836e+06 
4.169038e+02 6.433146e+07 6.269562e+06 
4.060319e+02 6.421560e+07 6.462472e+06 
3.397205e+02 6.709556e+07 6.366017e+06 
2.868960e+02 6.813018e+07 6.944746e+06 
3.215850e+02 6.753474e+07 6.655381e+06 
4.095922e+02 6.710057e+07 5.112104e+06 
3.734109e+02 6.855082e+07 5.594378e+06 
3.930669e+02 6.662704e+07 5.208559e+06 
2.952467e+02 6.770332e+07 6.944746e+06 
3.009209e+02 6.761372e+07 6.944746e+06 
3.761014e+02 6.462008e+07 6.848291e+06 
3.737069e+02 6.679649e+07 5.690833e+06 
3.634097e+02 6.615955e+07 6.076652e+06 
3.045233e+02 6.750994e+07 6.944746e+06 
4.170796e+02 6.666188e+07 5.112104e+06 
3.856442e+02 6.688812e+07 5.401469e+06 
2.981649e+02 6.767495e+07 6.944746e+06 
3.622153e+02 6.563950e+07 6.366017e+06 
3.556259e+02 6.758149e+07 5.883743e+06 
4.100478e+02 6.342996e+07 6.655381e+06 
4.159100e+02 6.341070e+07 6.558926e+06 
3.018556e+02 6.759735e+07 6.944746e+06 
3.528548e+02 6.628121e+07 6.269562e+06 
3.096586e+02 6.817539e+07 6.655381e+06 
4.194303e+02 6.319769e+07 6.173107e+06 
4.118622e+02 6.380632e+07 6.366017e+06 
3.252688e+02 6.762967e+07 6.366017e+06 
3.383146e+02 6.865483e+07 6.173107e+06 
3.996689e+02 6.637738e+07 5.208559e+06 
2.867898e+02 6.850272e+07 6.944746e+06 
3.099213e+02 6.774226e+07 6.751836e+06 
3.017157e+02 6.805578e+07 6.751836e+06 
3.438493e+02 6.598095e+07 6.655381e+06 
3.924610e+02 6.518010e+07 6.076652e+06 
3.492608e+02 6.580302e+07 6.558926e+06 
2.953671e+02 6.814793e+07 6.848291e+06 
3.210507e+02 6.847058e+07 6.462472e+06 
3.589770e+02 6.815383e+07 5.787288e+06 
3.665079e+02 6.574070e+07 6.173107e+06 
3.492013e+02 6.694507e+07 5.980198e+06 
3.489280e+02 6.612310e+07 6.462472e+06 
3.064015e+02 6.730162e+07 6.944746e+06 
3.284080e+02 6.670889e+07 6.848291e+06 
3.970062e+02 6.446741e+07 5.883743e+06 
3.421124e+02 6.575765e+07 6.751836e+06 
3.133047e+02 6.737537e+07 6.848291e+06 
2.885155e+02 6.782999e+07 6.944746e+06 
4.170091e+02 6.329752e+07 6.655381e+06 
3.719865e+02 6.560855e+07 6.076652e+06 
3.232178e+02 6.837640e+07 6.269562e+06 
3.385033e+02 6.625335e+07 6.751836e+06 
3.856318e+02 6.406868e+07 6.751836e+06 
3.407779e+02 6.592205e+07 6.751836e+06 
3.267142e+02 6.687287e+07 6.655381e+06 
3.845683e+02 6.701397e+07 5.208559e+06 
3.489228e+02 6.536677e+07 6.655381e+06 
3.860486e+02 6.583874e+07 5.690833e+06 
4.041760e+02 6.511575e+07 5.690833e+06 
2.940708e+02 6.856279e+07 6.848291e+06 

4.555206e+02 6.669564e+07 4.051102e+06 
4.422881e+02 6.865360e+07 4.147556e+06 
3.641416e+02 6.550051e+07 6.462472e+06 
3.524286e+02 6.526189e+07 6.655381e+06 
3.339389e+02 6.651335e+07 6.462472e+06 
4.298371e+02 6.755514e+07 4.436921e+06 
4.018993e+02 6.411661e+07 6.366017e+06 
3.422958e+02 6.709751e+07 6.076652e+06 
3.875322e+02 6.703512e+07 5.497924e+06 
3.253729e+02 6.693728e+07 6.558926e+06 
3.786100e+02 6.503562e+07 6.269562e+06 
4.252151e+02 6.726053e+07 4.629830e+06 
2.995115e+02 6.825057e+07 6.751836e+06 
3.362138e+02 6.611352e+07 6.655381e+06 
4.477057e+02 6.698247e+07 4.051102e+06 
4.213752e+02 6.631243e+07 5.208559e+06 
4.486884e+02 6.326623e+07 6.366017e+06 
4.108307e+02 6.568556e+07 5.497924e+06 
4.347205e+02 6.711653e+07 4.533376e+06 
2.772959e+02 6.917946e+07 6.944746e+06 
4.441037e+02 6.354339e+07 6.173107e+06 
4.122194e+02 6.723579e+07 4.726285e+06 
4.362287e+02 6.550271e+07 5.208559e+06 
4.098662e+02 6.505060e+07 5.883743e+06 
3.589272e+02 6.737361e+07 5.883743e+06 
3.805205e+02 6.451704e+07 6.462472e+06 
3.944505e+02 6.718491e+07 5.208559e+06 
4.090444e+02 6.436899e+07 6.076652e+06 
3.940649e+02 6.510160e+07 5.980198e+06 
4.499556e+02 6.632901e+07 4.919195e+06 
3.352560e+02 6.895139e+07 6.269562e+06 
3.534871e+02 6.776598e+07 5.980198e+06 
3.257864e+02 6.781396e+07 6.366017e+06 
4.061829e+02 6.585757e+07 5.594378e+06 
4.417628e+02 6.704321e+07 4.244011e+06 
3.990782e+02 6.446251e+07 6.269562e+06 
3.377833e+02 6.705096e+07 6.173107e+06 
3.682240e+02 6.680289e+07 5.690833e+06 
4.028128e+02 6.861922e+07 5.112104e+06 
3.221622e+02 6.663251e+07 6.944746e+06 
4.276183e+02 6.650169e+07 4.822740e+06 
4.147349e+02 6.397267e+07 6.366017e+06 
4.255218e+02 6.389000e+07 6.173107e+06 
2.941618e+02 6.790814e+07 6.944746e+06 
2.972333e+02 6.776196e+07 6.944746e+06 
3.965363e+02 6.604445e+07 5.690833e+06 
2.944430e+02 6.779034e+07 6.944746e+06 
3.896168e+02 6.749475e+07 5.401469e+06 
3.466964e+02 6.673729e+07 6.173107e+06 
4.338838e+02 6.497222e+07 5.787288e+06 
4.143633e+02 6.693636e+07 4.822740e+06 
4.001788e+02 6.433019e+07 6.558926e+06 
3.502668e+02 6.637322e+07 6.366017e+06 
2.909653e+02 6.811161e+07 6.944746e+06 
4.176256e+02 6.385027e+07 6.269562e+06 
3.737781e+02 6.504625e+07 6.462472e+06 
4.587750e+02 6.639908e+07 4.629830e+06 
3.351460e+02 6.630569e+07 6.655381e+06 
4.410020e+02 6.549082e+07 5.497924e+06 
4.218540e+02 6.431079e+07 5.980198e+06 
4.258990e+02 6.591468e+07 5.305014e+06 
4.518518e+02 6.649039e+07 4.533376e+06 
3.380091e+02 6.557797e+07 6.655381e+06 
3.034886e+02 6.759340e+07 6.848291e+06 
3.532514e+02 6.849108e+07 5.787288e+06 
2.848367e+02 6.904578e+07 6.944746e+06 
3.240066e+02 6.767605e+07 6.462472e+06 
3.071185e+02 6.713250e+07 6.944746e+06 
2.870593e+02 6.815574e+07 6.944746e+06 
3.649128e+02 6.747892e+07 5.594378e+06 
3.047966e+02 6.753653e+07 6.848291e+06 
3.001284e+02 6.767573e+07 6.944746e+06 
3.668590e+02 6.541983e+07 6.366017e+06 
3.741896e+02 6.581491e+07 6.173107e+06 
3.084697e+02 6.715135e+07 6.751836e+06 
2.894770e+02 6.814834e+07 6.944746e+06 
3.591735e+02 6.645791e+07 5.980198e+06 
2.999230e+02 6.771631e+07 6.944746e+06 
3.964056e+02 6.707477e+07 5.208559e+06 
4.164484e+02 6.542669e+07 5.594378e+06 
3.184042e+02 6.708230e+07 6.848291e+06 
2.928001e+02 6.797337e+07 6.944746e+06 
2.856216e+02 6.864354e+07 6.944746e+06 
3.060009e+02 6.769090e+07 6.655381e+06 
4.424785e+02 6.327000e+07 6.269562e+06 
2.865694e+02 6.849371e+07 6.944746e+06 
4.494858e+02 6.675746e+07 3.954647e+06 
3.651447e+02 6.621253e+07 5.883743e+06 
3.210157e+02 6.723666e+07 6.558926e+06 
4.388118e+02 6.797667e+07 4.244011e+06 
3.647106e+02 6.813216e+07 5.690833e+06 
3.959287e+02 6.658156e+07 5.497924e+06 
2.981133e+02 6.809442e+07 6.848291e+06 
4.169220e+02 6.650466e+07 5.112104e+06 
3.813993e+02 6.480742e+07 6.366017e+06 
4.191576e+02 6.376752e+07 6.269562e+06 
3.257799e+02 6.668489e+07 6.751836e+06 
3.066974e+02 6.829845e+07 6.558926e+06 
3.600251e+02 6.614055e+07 6.269562e+06 
4.288551e+02 6.362918e+07 6.462472e+06 

4.850995e+02 6.639656e+07 4.147556e+06 
4.055949e+02 6.658736e+07 5.497924e+06 
3.607553e+02 6.666140e+07 6.173107e+06 
3.125674e+02 6.680391e+07 6.944746e+06 
3.638146e+02 6.541612e+07 6.944746e+06 
3.678379e+02 6.526321e+07 6.944746e+06 
4.515366e+02 6.331532e+07 6.269562e+06 
4.586828e+02 6.459215e+07 5.497924e+06 
3.118183e+02 6.862828e+07 6.558926e+06 
2.927712e+02 6.789483e+07 6.944746e+06 
3.618906e+02 6.804812e+07 6.076652e+06 
4.145642e+02 6.696374e+07 5.305014e+06 
4.720109e+02 6.613169e+07 4.629830e+06 
3.686436e+02 6.629119e+07 6.076652e+06 
4.741513e+02 6.717870e+07 4.147556e+06 
4.606635e+02 6.721283e+07 4.340466e+06 
4.282892e+02 6.720520e+07 5.112104e+06 
3.835943e+02 6.674995e+07 5.787288e+06 
3.766107e+02 6.425335e+07 6.944746e+06 
3.898568e+02 6.415831e+07 6.655381e+06 
4.405078e+02 6.807567e+07 4.726285e+06 
3.919812e+02 6.405248e+07 6.944746e+06 
2.772959e+02 6.917946e+07 6.944746e+06 
4.966076e+02 6.577567e+07 4.340466e+06 
4.186318e+02 6.337980e+07 6.366017e+06 
3.491461e+02 6.576835e+07 6.848291e+06 
4.907214e+02 6.582778e+07 4.629830e+06 
5.020735e+02 6.737306e+07 4.051102e+06 
3.535525e+02 6.569953e+07 6.462472e+06 
4.305809e+02 6.815323e+07 4.919195e+06 
4.077473e+02 6.557882e+07 5.594378e+06 
4.826917e+02 6.798607e+07 4.051102e+06 
4.595346e+02 6.514808e+07 5.305014e+06 
3.225760e+02 6.899802e+07 6.366017e+06 
4.070947e+02 6.498565e+07 5.787288e+06 
4.120429e+02 6.332676e+07 6.848291e+06 
3.992255e+02 6.367486e+07 6.944746e+06 
4.434578e+02 6.776449e+07 4.340466e+06 
4.249743e+02 6.411903e+07 5.787288e+06 
3.955988e+02 6.445107e+07 6.269562e+06 
4.272270e+02 6.365465e+07 6.173107e+06 
4.393968e+02 6.566124e+07 5.208559e+06 
4.206284e+02 6.466972e+07 5.690833e+06 
4.512149e+02 6.726080e+07 4.436921e+06 
3.224262e+02 6.760991e+07 6.462472e+06 
4.417277e+02 6.344064e+07 6.076652e+06 
3.839283e+02 6.447187e+07 6.462472e+06 
3.710825e+02 6.522107e+07 6.944746e+06 
3.866327e+02 6.419829e+07 6.944746e+06 
2.861173e+02 6.832626e+07 6.944746e+06 
4.920285e+02 6.539199e+07 4.919195e+06 
4.407502e+02 6.446742e+07 5.690833e+06 
3.740626e+02 6.527431e+07 6.366017e+06 
3.427812e+02 6.824792e+07 6.173107e+06 
5.055358e+02 6.619196e+07 4.244011e+06 
4.373833e+02 6.718220e+07 4.919195e+06 
2.909160e+02 6.797321e+07 6.944746e+06 
2.951385e+02 6.783685e+07 6.944746e+06 
4.245597e+02 6.798309e+07 5.112104e+06 
3.870403e+02 6.489503e+07 6.173107e+06 
4.461521e+02 6.342564e+07 6.076652e+06 
2.887883e+02 6.803469e+07 6.944746e+06 
3.707597e+02 6.705332e+07 5.980198e+06 
2.977683e+02 6.743972e+07 6.944746e+06 
4.181434e+02 6.418005e+07 6.173107e+06 
3.919837e+02 6.728247e+07 5.594378e+06 
4.194354e+02 6.758057e+07 5.208559e+06 
3.768748e+02 6.512166e+07 6.558926e+06 
4.839135e+02 6.634123e+07 4.244011e+06 
2.808687e+02 6.839551e+07 6.944746e+06 
2.964417e+02 6.781669e+07 6.944746e+06 
3.574449e+02 6.549889e+07 6.848291e+06 
4.495471e+02 6.683434e+07 4.726285e+06 
3.400897e+02 6.729988e+07 6.269562e+06 
3.052457e+02 6.705481e+07 6.944746e+06 
4.065129e+02 6.382175e+07 6.366017e+06 
2.956363e+02 6.831468e+07 6.751836e+06 
4.050531e+02 6.721105e+07 5.497924e+06 
2.889676e+02 6.799744e+07 6.944746e+06 
3.066605e+02 6.703814e+07 6.944746e+06 
4.654705e+02 6.617333e+07 4.822740e+06 
3.091632e+02 6.751542e+07 6.751836e+06 
4.467227e+02 6.659282e+07 4.919195e+06 
4.658212e+02 6.643358e+07 4.436921e+06 
4.462846e+02 6.399489e+07 5.980198e+06 
3.159211e+02 6.627239e+07 6.751836e+06 
3.427715e+02 6.653126e+07 6.462472e+06 
3.112293e+02 6.835920e+07 6.655381e+06 
3.520699e+02 6.560811e+07 6.751836e+06 
4.475763e+02 6.456581e+07 5.594378e+06 
3.316468e+02 6.750212e+07 6.366017e+06 
3.996401e+02 6.600712e+07 5.690833e+06 
4.181146e+02 6.610758e+07 5.401469e+06 
3.714341e+02 6.512805e+07 6.944746e+06 
3.664512e+02 6.535193e+07 6.751836e+06 
3.317028e+02 6.634085e+07 6.655381e+06 
3.872996e+02 6.573500e+07 5.787288e+06 
4.846848e+02 6.577883e+07 4.822740e+06 
4.535163e+02 6.462626e+07 5.401469e+06 
2.971940e+02 6.776692e+07 6.944746e+06 

3.302330e+02 6.653757e+07 6.751836e+06 
3.734931e+02 6.540389e+07 6.173107e+06 
3.213421e+02 6.745823e+07 6.462472e+06 
3.932597e+02 6.423600e+07 6.558926e+06 
3.574602e+02 6.545712e+07 6.558926e+06 
3.571308e+02 6.700755e+07 5.980198e+06 
3.081692e+02 6.755698e+07 6.751836e+06 
3.957273e+02 6.487642e+07 5.883743e+06 
3.925090e+02 6.594209e+07 5.594378e+06 
3.829875e+02 6.778641e+07 5.594378e+06 
3.708908e+02 6.731897e+07 5.690833e+06 
3.768623e+02 6.458621e+07 6.751836e+06 
4.255114e+02 6.920147e+07 5.015650e+06 
4.058526e+02 6.378281e+07 6.558926e+06 
3.554463e+02 6.659695e+07 6.173107e+06 
3.476210e+02 6.603738e+07 6.558926e+06 
3.990171e+02 6.533028e+07 5.594378e+06 
4.088979e+02 6.626408e+07 5.497924e+06 
4.002142e+02 6.422445e+07 6.462472e+06 
3.616309e+02 6.529839e+07 6.751836e+06 
3.806753e+02 6.627919e+07 5.690833e+06 
3.771838e+02 6.492803e+07 6.173107e+06 
3.360834e+02 6.579356e+07 6.848291e+06 
2.772959e+02 6.917946e+07 6.944746e+06 
3.878857e+02 6.723506e+07 5.594378e+06 
3.461032e+02 6.649470e+07 6.462472e+06 
3.619403e+02 6.514181e+07 6.462472e+06 
3.947734e+02 6.768747e+07 5.401469e+06 
3.516785e+02 6.703697e+07 6.269562e+06 
3.823047e+02 6.456703e+07 6.366017e+06 
3.886656e+02 6.529909e+07 5.787288e+06 
3.398487e+02 6.829125e+07 6.269562e+06 
4.213048e+02 6.916514e+07 5.208559e+06 
3.509096e+02 6.547293e+07 6.848291e+06 
3.642632e+02 6.692704e+07 5.883743e+06 
3.988216e+02 6.438808e+07 6.173107e+06 
4.052817e+02 6.412929e+07 6.655381e+06 
3.204774e+02 6.696591e+07 6.848291e+06 
3.212775e+02 6.669081e+07 6.944746e+06 
3.357204e+02 6.619583e+07 6.848291e+06 
3.410474e+02 6.639744e+07 6.558926e+06 
3.054590e+02 6.800687e+07 6.751836e+06 
3.564611e+02 6.605442e+07 6.366017e+06 
3.147277e+02 6.712332e+07 6.848291e+06 
3.724203e+02 6.633582e+07 5.980198e+06 
3.116343e+02 6.778795e+07 6.655381e+06 
3.804198e+02 6.570780e+07 5.980198e+06 
3.841747e+02 6.453352e+07 6.173107e+06 
3.856219e+02 6.436841e+07 6.269562e+06 
3.923023e+02 6.430677e+07 6.366017e+06 
3.920246e+02 6.481878e+07 5.980198e+06 
2.981509e+02 6.756211e+07 6.944746e+06 
4.250041e+02 6.855598e+07 5.208559e+06 
3.636447e+02 6.669228e+07 5.980198e+06 
2.968466e+02 6.767010e+07 6.944746e+06 
3.171330e+02 6.855455e+07 6.462472e+06 
2.860365e+02 6.864031e+07 6.944746e+06 
4.112042e+02 6.841133e+07 5.305014e+06 
4.022884e+02 6.413419e+07 6.558926e+06 
2.836901e+02 6.874399e+07 6.944746e+06 
2.915981e+02 6.773935e+07 6.944746e+06 
4.103848e+02 6.480587e+07 5.787288e+06 
3.542429e+02 6.767713e+07 6.076652e+06 
3.755167e+02 6.502357e+07 6.751836e+06 
4.199832e+02 6.462530e+07 5.980198e+06 
3.616676e+02 6.585535e+07 6.366017e+06 
3.699477e+02 6.503489e+07 6.366017e+06 
4.019879e+02 6.429153e+07 6.366017e+06 
3.675283e+02 6.684753e+07 5.787288e+06 
3.866783e+02 6.431016e+07 6.558926e+06 
3.050017e+02 6.734330e+07 6.944746e+06 
3.896362e+02 6.789090e+07 5.497924e+06 
3.231072e+02 6.681729e+07 6.558926e+06 
2.863128e+02 6.822620e+07 6.944746e+06 
3.597873e+02 6.625967e+07 6.076652e+06 
4.011094e+02 6.503478e+07 5.690833e+06 
2.977266e+02 6.883190e+07 6.751836e+06 
4.241815e+02 6.777966e+07 5.305014e+06 
4.101343e+02 6.968517e+07 5.305014e+06 
3.733327e+02 6.655952e+07 5.690833e+06 
3.506759e+02 6.851224e+07 6.076652e+06 
3.434815e+02 6.795758e+07 6.173107e+06 
2.900281e+02 6.776329e+07 6.944746e+06 
3.298784e+02 6.840213e+07 6.366017e+06 
2.871239e+02 6.790450e+07 6.944746e+06 
4.083954e+02 6.460833e+07 6.076652e+06 
4.221786e+02 6.989059e+07 5.112104e+06 
3.673925e+02 6.616277e+07 6.076652e+06 
3.540397e+02 6.555304e+07 6.462472e+06 
3.092373e+02 6.815825e+07 6.655381e+06 
3.618546e+02 6.503822e+07 6.558926e+06 
3.842866e+02 6.512397e+07 5.883743e+06 
2.867039e+02 6.802608e+07 6.944746e+06 
3.171652e+02 6.760674e+07 6.558926e+06 
3.988883e+02 6.694151e+07 5.401469e+06 
3.004319e+02 6.738284e+07 6.944746e+06 
2.968852e+02 6.845358e+07 6.848291e+06 
4.088024e+02 6.682971e+07 5.401469e+06 
3.628221e+02 6.771509e+07 5.787288e+06 
3.564412e+02 6.800459e+07 5.787288e+06 

2.885961e+02 6.793059e+07 6.944746e+06 
3.966609e+02 6.376934e+07 6.462472e+06 
4.199908e+02 6.428150e+07 5.980198e+06 
3.675891e+02 6.511918e+07 6.558926e+06 
3.656650e+02 6.699826e+07 5.980198e+06 
3.628689e+02 6.471991e+07 6.848291e+06 
3.725235e+02 6.479657e+07 6.655381e+06 
4.072209e+02 6.350956e+07 6.558926e+06 
4.130637e+02 6.324257e+07 6.366017e+06 
3.941482e+02 6.401232e+07 6.558926e+06 
3.811434e+02 6.460623e+07 6.655381e+06 
4.039245e+02 6.613830e+07 5.787288e+06 
3.442382e+02 6.843493e+07 6.173107e+06 
3.634753e+02 6.547374e+07 6.462472e+06 
3.767944e+02 6.578301e+07 6.076652e+06 
3.592273e+02 6.599754e+07 6.462472e+06 
3.886673e+02 6.545231e+07 6.173107e+06 
4.216784e+02 6.501850e+07 5.497924e+06 
3.746275e+02 6.533886e+07 6.366017e+06 
4.623701e+02 6.377192e+07 5.883743e+06 
4.080669e+02 6.455172e+07 6.076652e+06 
4.357453e+02 6.349727e+07 6.269562e+06 
3.555825e+02 6.648847e+07 6.269562e+06 
2.772959e+02 6.917946e+07 6.944746e+06 
4.645262e+02 6.343513e+07 5.980198e+06 
3.411385e+02 6.630972e+07 6.848291e+06 
3.964297e+02 6.526172e+07 6.076652e+06 
3.579477e+02 6.481638e+07 6.848291e+06 
3.658454e+02 6.593877e+07 6.269562e+06 
3.896405e+02 6.407338e+07 6.558926e+06 
4.699011e+02 6.319440e+07 5.980198e+06 
3.859108e+02 6.444789e+07 6.269562e+06 
3.344354e+02 6.636765e+07 6.944746e+06 
3.624276e+02 6.636129e+07 6.173107e+06 
3.943280e+02 6.575954e+07 5.980198e+06 
3.242015e+02 6.751394e+07 6.558926e+06 
3.504217e+02 6.758280e+07 6.173107e+06 
4.422032e+02 6.353596e+07 6.076652e+06 
3.850383e+02 6.444312e+07 6.558926e+06 
3.810037e+02 6.498624e+07 6.269562e+06 
3.515089e+02 6.733864e+07 5.980198e+06 
3.497556e+02 6.621143e+07 6.558926e+06 
3.252315e+02 6.798677e+07 6.366017e+06 
2.866223e+02 6.801330e+07 6.944746e+06 
3.213235e+02 6.694967e+07 6.751836e+06 
3.477472e+02 6.838922e+07 6.076652e+06 
4.191523e+02 6.454641e+07 5.883743e+06 
3.565728e+02 6.803629e+07 5.883743e+06 
3.326692e+02 6.664327e+07 6.848291e+06 
3.341716e+02 6.653518e+07 6.944746e+06 
3.258999e+02 6.681457e+07 6.944746e+06 
3.514741e+02 6.556294e+07 6.848291e+06 
3.019311e+02 6.854588e+07 6.751836e+06 
3.421248e+02 6.560506e+07 6.848291e+06 
4.351215e+02 6.406414e+07 5.980198e+06 
4.069259e+02 6.542612e+07 5.594378e+06 
3.797637e+02 6.466071e+07 6.462472e+06 
4.389148e+02 6.411366e+07 5.594378e+06 
3.106537e+02 6.868055e+07 6.655381e+06 
3.078244e+02 6.718930e+07 6.944746e+06 
3.141218e+02 6.689342e+07 6.848291e+06 
3.665806e+02 6.720983e+07 5.787288e+06 
3.641703e+02 6.487987e+07 6.751836e+06 
4.349068e+02 6.414280e+07 5.497924e+06 
3.271083e+02 6.733183e+07 6.558926e+06 
4.294858e+02 6.469725e+07 5.690833e+06 
3.479413e+02 6.589855e+07 6.751836e+06 
3.060896e+02 6.793734e+07 6.751836e+06 
2.982018e+02 6.825621e+07 6.848291e+06 
3.200064e+02 6.847255e+07 6.558926e+06 
3.986604e+02 6.473350e+07 6.173107e+06 
4.090790e+02 6.502335e+07 5.883743e+06 
3.225166e+02 6.688365e+07 6.944746e+06 
4.000247e+02 6.663069e+07 5.787288e+06 
3.132679e+02 6.710262e+07 6.751836e+06 
2.831461e+02 6.883505e+07 6.944746e+06 
2.946806e+02 6.764871e+07 6.944746e+06 
2.841457e+02 6.829263e+07 6.944746e+06 
3.377746e+02 6.668654e+07 6.751836e+06 
3.029312e+02 6.738821e+07 6.944746e+06 
4.222639e+02 6.479994e+07 5.787288e+06 
3.731572e+02 6.608886e+07 5.980198e+06 
3.146335e+02 6.788378e+07 6.655381e+06 
4.432491e+02 6.375510e+07 5.980198e+06 
3.457512e+02 6.675254e+07 6.462472e+06 
4.134997e+02 6.418154e+07 6.076652e+06 
3.224561e+02 6.883744e+07 6.462472e+06 
3.490140e+02 6.877960e+07 5.787288e+06 
3.599618e+02 6.544906e+07 6.655381e+06 
4.171657e+02 6.536121e+07 5.594378e+06 
3.021913e+02 6.774982e+07 6.848291e+06 
2.891987e+02 6.867820e+07 6.848291e+06 
4.061436e+02 6.622498e+07 5.690833e+06 
3.560450e+02 6.723239e+07 6.076652e+06 
2.973355e+02 6.741995e+07 6.944746e+06 
3.415600e+02 6.693732e+07 6.462472e+06 
3.285721e+02 6.760179e+07 6.462472e+06 
2.905448e+02 6.767951e+07 6.944746e+06 
3.274070e+02 6.706952e+07 6.655381e+06 
3.169226e+02 6.901862e+07 6.558926e+06 

