3.014957e+02 5.698751e+07 5.232670e+06 
3.000130e+02 5.331581e+07 6.462470e+06 
3.083303e+02 5.783998e+07 4.919193e+06 
2.588730e+02 5.707606e+07 6.197218e+06 
3.294797e+02 5.567765e+07 5.015648e+06 
3.264236e+02 5.352298e+07 5.690831e+06 
3.236366e+02 5.258504e+07 6.076650e+06 
3.656459e+02 5.638747e+07 4.244009e+06 
3.596255e+02 5.732030e+07 4.244009e+06 
2.671687e+02 5.502251e+07 6.558924e+06 
2.926409e+02 5.437383e+07 6.100764e+06 
3.812944e+02 5.341702e+07 5.208557e+06 
3.481633e+02 5.560480e+07 4.822738e+06 
3.362140e+02 5.215655e+07 5.883741e+06 
3.023857e+02 5.457627e+07 5.787286e+06 
2.663049e+02 5.538625e+07 6.558924e+06 
2.316213e+02 5.671238e+07 6.679492e+06 
3.662448e+02 5.190359e+07 5.980196e+06 
2.759590e+02 5.483449e+07 6.269560e+06 
3.502750e+02 5.208054e+07 6.197218e+06 
3.748882e+02 5.552418e+07 4.340464e+06 
3.253744e+02 5.284127e+07 5.883741e+06 
2.088588e+02 5.816221e+07 6.679492e+06 
3.292030e+02 5.414855e+07 5.401467e+06 
3.117416e+02 5.560367e+07 5.305012e+06 
2.868416e+02 5.408593e+07 6.269560e+06 
2.954311e+02 5.561095e+07 5.690831e+06 
2.826817e+02 5.390134e+07 6.462470e+06 
3.680593e+02 5.374564e+07 5.015648e+06 
3.738914e+02 5.525944e+07 4.436919e+06 
3.073761e+02 5.763068e+07 5.208557e+06 
2.461421e+02 5.647119e+07 6.679492e+06 
2.332245e+02 5.745605e+07 6.486583e+06 
3.104550e+02 5.314029e+07 6.269560e+06 
3.412788e+02 5.308355e+07 5.594376e+06 
2.773277e+02 5.452380e+07 6.462470e+06 
3.364003e+02 5.343712e+07 5.401467e+06 
3.195988e+02 5.634452e+07 5.015648e+06 
2.267444e+02 5.794084e+07 6.583038e+06 
3.115965e+02 5.374386e+07 5.980196e+06 
2.556973e+02 5.741268e+07 6.293673e+06 
3.047599e+02 5.327929e+07 6.269560e+06 
3.762634e+02 5.514864e+07 4.629828e+06 
2.676343e+02 5.661628e+07 6.100764e+06 
2.796860e+02 5.428735e+07 6.462470e+06 
3.579123e+02 5.199587e+07 6.197218e+06 
2.218476e+02 5.701356e+07 6.679492e+06 
2.385729e+02 5.651315e+07 6.679492e+06 
2.860623e+02 5.584660e+07 5.787286e+06 
3.831990e+02 5.344104e+07 5.015648e+06 
2.117415e+02 5.770778e+07 6.679492e+06 
3.672134e+02 5.512785e+07 4.822738e+06 
3.199520e+02 5.380722e+07 5.787286e+06 
2.263631e+02 5.691389e+07 6.679492e+06 
3.059260e+02 5.324521e+07 6.390128e+06 
3.173964e+02 5.455840e+07 5.594376e+06 
3.111758e+02 5.294917e+07 6.390128e+06 
2.742943e+02 5.709349e+07 5.811399e+06 
3.728405e+02 5.179625e+07 6.004309e+06 
3.378535e+02 5.425296e+07 5.208557e+06 
2.953373e+02 5.728917e+07 5.522035e+06 
3.500525e+02 5.357721e+07 5.208557e+06 
2.519293e+02 5.590341e+07 6.679492e+06 
2.496745e+02 5.639917e+07 6.486583e+06 
3.527803e+02 5.426524e+07 5.112102e+06 
2.499656e+02 5.636323e+07 6.679492e+06 
2.834990e+02 5.717995e+07 5.618490e+06 
2.097646e+02 5.779941e+07 6.679492e+06 
2.413681e+02 5.668526e+07 6.486583e+06 
3.625385e+02 5.215241e+07 5.787286e+06 
3.578639e+02 5.251779e+07 5.401467e+06 
2.138688e+02 5.731203e+07 6.679492e+06 
2.622510e+02 5.802129e+07 6.004309e+06 
2.672443e+02 5.495189e+07 6.679492e+06 
2.914354e+02 5.379726e+07 6.462470e+06 
2.634947e+02 5.556015e+07 6.486583e+06 
3.187577e+02 5.487939e+07 5.305012e+06 
2.511215e+02 5.621861e+07 6.679492e+06 
3.269143e+02 5.676731e+07 4.629828e+06 
2.445912e+02 5.746821e+07 6.390128e+06 
2.203386e+02 5.703544e+07 6.679492e+06 
3.060054e+02 5.528229e+07 5.497922e+06 
2.124356e+02 5.750784e+07 6.679492e+06 
3.175400e+02 5.748659e+07 4.822738e+06 
2.718561e+02 5.461602e+07 6.462470e+06 
2.900764e+02 5.512493e+07 5.883741e+06 
3.526254e+02 5.232092e+07 5.690831e+06 
2.568957e+02 5.566565e+07 6.679492e+06 
3.599591e+02 5.572441e+07 4.436919e+06 
3.404751e+02 5.634436e+07 4.436919e+06 
2.143666e+02 5.707365e+07 6.679492e+06 
2.750426e+02 5.565712e+07 6.100764e+06 
2.784534e+02 5.443609e+07 6.462470e+06 
3.242537e+02 5.765011e+07 4.726283e+06 
3.095349e+02 5.701847e+07 5.015648e+06 
2.935361e+02 5.373960e+07 6.341902e+06 
2.347155e+02 5.660687e+07 6.679492e+06 
2.846489e+02 5.499535e+07 6.076650e+06 
2.570135e+02 5.635493e+07 6.293673e+06 
3.665883e+02 5.190117e+07 6.004309e+06 

3.753804e+02 5.547760e+07 4.509260e+06 
2.955041e+02 5.672065e+07 5.425580e+06 
2.262838e+02 5.742985e+07 6.583038e+06 
3.436344e+02 5.896068e+07 4.051100e+06 
2.154526e+02 5.734161e+07 6.679492e+06 
2.890692e+02 5.397082e+07 6.462470e+06 
2.913173e+02 5.521365e+07 5.714944e+06 
2.433571e+02 5.745689e+07 6.293673e+06 
3.319864e+02 5.212797e+07 6.486583e+06 
3.417039e+02 5.220692e+07 6.197218e+06 
3.741996e+02 5.744779e+07 4.436919e+06 
2.723596e+02 5.487233e+07 6.462470e+06 
3.582130e+02 5.764814e+07 4.051100e+06 
3.442157e+02 5.769881e+07 4.147554e+06 
3.447842e+02 5.274914e+07 5.907854e+06 
3.484048e+02 5.144823e+07 6.390128e+06 
3.243560e+02 5.225665e+07 6.486583e+06 
3.339673e+02 5.201466e+07 6.486583e+06 
3.641487e+02 5.624587e+07 4.533374e+06 
3.164895e+02 5.523170e+07 5.329125e+06 
3.380713e+02 5.663822e+07 4.750396e+06 
3.608455e+02 5.746337e+07 4.340464e+06 
2.518926e+02 5.557104e+07 6.679492e+06 
3.081424e+02 5.334568e+07 6.583038e+06 
3.777856e+02 5.659285e+07 4.461032e+06 
2.088588e+02 5.816221e+07 6.679492e+06 
2.853142e+02 5.445975e+07 6.100764e+06 
3.754262e+02 5.341115e+07 5.112102e+06 
2.571901e+02 5.536413e+07 6.679492e+06 
2.543107e+02 5.721651e+07 6.100764e+06 
3.478659e+02 5.356818e+07 5.425580e+06 
2.688900e+02 5.528208e+07 6.100764e+06 
3.066771e+02 5.446828e+07 5.714944e+06 
3.258124e+02 5.303037e+07 5.907854e+06 
2.912327e+02 5.380932e+07 6.366015e+06 
3.341712e+02 5.919093e+07 4.171668e+06 
3.628356e+02 5.319508e+07 5.280899e+06 
3.004910e+02 5.604338e+07 5.329125e+06 
3.554577e+02 5.795358e+07 3.954645e+06 
3.327891e+02 5.761616e+07 4.533374e+06 
2.799305e+02 5.407236e+07 6.462470e+06 
2.451805e+02 5.747792e+07 6.197218e+06 
2.627578e+02 5.511122e+07 6.462470e+06 
3.152558e+02 5.882376e+07 5.015648e+06 
2.371876e+02 5.700457e+07 6.486583e+06 
2.648070e+02 5.492003e+07 6.462470e+06 
3.144713e+02 5.276787e+07 6.486583e+06 
2.821066e+02 5.649084e+07 5.714944e+06 
3.440958e+02 5.203874e+07 6.293673e+06 
2.194850e+02 5.718005e+07 6.679492e+06 
3.268009e+02 5.849650e+07 4.557487e+06 
2.273512e+02 5.678515e+07 6.679492e+06 
2.740204e+02 5.728765e+07 5.811399e+06 
3.835137e+02 5.519911e+07 4.702170e+06 
3.179102e+02 5.864744e+07 4.629828e+06 
2.759969e+02 5.436059e+07 6.462470e+06 
3.490707e+02 5.838834e+07 3.954645e+06 
3.060716e+02 5.776837e+07 5.136216e+06 
3.387785e+02 5.468925e+07 4.822738e+06 
2.735914e+02 5.463783e+07 6.583038e+06 
3.582837e+02 5.347442e+07 5.015648e+06 
3.291505e+02 5.243879e+07 6.197218e+06 
2.391348e+02 5.635840e+07 6.679492e+06 
3.665677e+02 5.380860e+07 4.895080e+06 
3.225491e+02 5.247681e+07 6.486583e+06 
3.317916e+02 5.836044e+07 4.340464e+06 
3.358342e+02 5.166358e+07 6.390128e+06 
3.372470e+02 5.887638e+07 4.147554e+06 
2.167881e+02 5.719583e+07 6.679492e+06 
2.680261e+02 5.489221e+07 6.583038e+06 
3.231996e+02 5.226516e+07 6.486583e+06 
3.168501e+02 5.276033e+07 6.583038e+06 
2.586685e+02 5.783803e+07 5.907854e+06 
2.935399e+02 5.366659e+07 6.462470e+06 
3.081697e+02 5.364053e+07 5.907854e+06 
3.224024e+02 5.260365e+07 6.583038e+06 
3.327797e+02 5.462418e+07 5.087989e+06 
2.220549e+02 5.714267e+07 6.679492e+06 
2.148132e+02 5.736636e+07 6.679492e+06 
2.582486e+02 5.531419e+07 6.583038e+06 
3.117667e+02 5.486877e+07 5.522035e+06 
3.288152e+02 5.703622e+07 4.943306e+06 
2.338117e+02 5.664006e+07 6.679492e+06 
3.128333e+02 5.589171e+07 5.232670e+06 
3.430247e+02 5.396891e+07 5.208557e+06 
2.765204e+02 5.595538e+07 5.811399e+06 
2.480713e+02 5.840757e+07 6.004309e+06 
2.978908e+02 5.426954e+07 5.907854e+06 
2.128815e+02 5.766205e+07 6.679492e+06 
3.011115e+02 5.361678e+07 6.486583e+06 
3.164887e+02 5.950998e+07 4.822738e+06 
3.763210e+02 5.357246e+07 4.919193e+06 
2.428067e+02 5.608375e+07 6.679492e+06 
2.480980e+02 5.584973e+07 6.583038e+06 
3.331525e+02 5.880163e+07 4.244009e+06 
2.569016e+02 5.546861e+07 6.583038e+06 
3.353510e+02 5.406582e+07 5.497922e+06 
3.041952e+02 5.357318e+07 6.293673e+06 
2.614669e+02 5.600463e+07 6.293673e+06 
2.902275e+02 5.791517e+07 5.522035e+06 

3.117178e+02 5.153010e+07 6.438356e+06 
2.914460e+02 5.400136e+07 5.980196e+06 
3.455812e+02 5.207183e+07 5.787286e+06 
3.063712e+02 5.434654e+07 5.787286e+06 
3.065802e+02 5.233280e+07 6.148992e+06 
3.314036e+02 5.468449e+07 5.594376e+06 
2.573432e+02 5.529947e+07 6.679492e+06 
4.245233e+02 5.668190e+07 3.882303e+06 
3.748704e+02 5.714287e+07 4.653942e+06 
3.544703e+02 5.706644e+07 4.846851e+06 
2.763794e+02 5.433692e+07 6.583038e+06 
3.629888e+02 5.362206e+07 5.208557e+06 
4.266852e+02 5.886364e+07 3.207120e+06 
3.536789e+02 5.161388e+07 5.980196e+06 
4.156100e+02 5.859880e+07 3.400029e+06 
3.277723e+02 5.320679e+07 5.787286e+06 
3.671453e+02 4.992681e+07 6.462470e+06 
2.985560e+02 5.634634e+07 5.232670e+06 
2.683259e+02 5.563042e+07 6.004309e+06 
3.555762e+02 5.034574e+07 6.245447e+06 
3.324805e+02 5.079097e+07 6.438356e+06 
3.149786e+02 5.267083e+07 5.956082e+06 
2.088588e+02 5.816221e+07 6.679492e+06 
3.538748e+02 5.263014e+07 5.690831e+06 
2.683070e+02 5.694094e+07 5.907854e+06 
3.685382e+02 5.627384e+07 4.750396e+06 
4.103905e+02 5.512082e+07 4.750396e+06 
2.969486e+02 5.249760e+07 6.462470e+06 
3.915079e+02 5.562668e+07 4.653942e+06 
3.004352e+02 5.237583e+07 6.462470e+06 
2.587164e+02 5.519855e+07 6.679492e+06 
3.916164e+02 5.416001e+07 5.039761e+06 
2.858597e+02 5.326337e+07 6.366015e+06 
2.938002e+02 5.296401e+07 6.462470e+06 
2.807221e+02 5.736735e+07 5.425580e+06 
3.140064e+02 5.111796e+07 6.438356e+06 
4.673843e+02 5.565046e+07 4.268122e+06 
2.201298e+02 5.769914e+07 6.583038e+06 
2.948563e+02 5.289783e+07 6.462470e+06 
2.912705e+02 5.722440e+07 5.232670e+06 
3.274180e+02 5.110872e+07 6.438356e+06 
3.040689e+02 5.184795e+07 6.438356e+06 
3.935838e+02 5.431240e+07 4.943306e+06 
2.710647e+02 5.731193e+07 5.714944e+06 
3.536574e+02 5.120331e+07 6.076650e+06 
3.082414e+02 5.161280e+07 6.317788e+06 
2.228467e+02 5.689271e+07 6.679492e+06 
2.773563e+02 5.424693e+07 6.583038e+06 
2.363389e+02 5.657019e+07 6.679492e+06 
4.102583e+02 5.897066e+07 3.592939e+06 
3.623413e+02 5.323089e+07 5.401467e+06 
2.391306e+02 5.768065e+07 6.293673e+06 
3.236868e+02 5.178410e+07 6.052537e+06 
2.632306e+02 5.451471e+07 6.679492e+06 
3.597222e+02 5.280833e+07 5.594376e+06 
2.820761e+02 5.369071e+07 6.366015e+06 
3.806523e+02 5.834397e+07 4.364577e+06 
3.466060e+02 5.510436e+07 5.232670e+06 
4.567596e+02 5.611287e+07 3.882303e+06 
4.252543e+02 5.743298e+07 3.400029e+06 
2.131555e+02 5.758369e+07 6.679492e+06 
4.042546e+02 5.875312e+07 3.785848e+06 
2.782270e+02 5.691351e+07 5.618490e+06 
3.855592e+02 5.862254e+07 4.171668e+06 
2.960163e+02 5.273045e+07 6.462470e+06 
2.335590e+02 5.749336e+07 6.390128e+06 
2.459106e+02 5.768401e+07 6.197218e+06 
2.535529e+02 5.662311e+07 6.197218e+06 
3.113563e+02 5.154154e+07 6.317788e+06 
3.529509e+02 5.037926e+07 6.245447e+06 
2.306808e+02 5.682488e+07 6.679492e+06 
4.049361e+02 5.747002e+07 4.075213e+06 
3.581413e+02 5.016021e+07 6.462470e+06 
2.165002e+02 5.722066e+07 6.679492e+06 
4.143950e+02 5.876434e+07 3.496484e+06 
2.292433e+02 5.707948e+07 6.486583e+06 
4.173127e+02 5.908002e+07 3.207120e+06 
2.326777e+02 5.671998e+07 6.679492e+06 
3.039460e+02 5.738473e+07 5.039761e+06 
4.440106e+02 5.627634e+07 3.496484e+06 
2.829101e+02 5.779335e+07 5.329125e+06 
3.008650e+02 5.213504e+07 6.462470e+06 
2.496969e+02 5.591367e+07 6.679492e+06 
3.414501e+02 5.052797e+07 6.462470e+06 
2.784264e+02 5.379881e+07 6.462470e+06 
3.998259e+02 5.822346e+07 3.978758e+06 
2.625361e+02 5.472191e+07 6.679492e+06 
2.947977e+02 5.783614e+07 5.039761e+06 
3.074864e+02 5.175663e+07 6.438356e+06 
2.588681e+02 5.749374e+07 6.004309e+06 
2.443110e+02 5.607521e+07 6.679492e+06 
2.917020e+02 5.308130e+07 6.462470e+06 
2.505426e+02 5.538587e+07 6.679492e+06 
4.045174e+02 5.442979e+07 4.846851e+06 
2.372469e+02 5.611209e+07 6.679492e+06 
3.293089e+02 5.093671e+07 6.341902e+06 
2.205345e+02 5.710978e+07 6.679492e+06 
2.598773e+02 5.498038e+07 6.679492e+06 
2.135404e+02 5.737033e+07 6.679492e+06 
3.629555e+02 5.422660e+07 5.039761e+06 

2.838151e+02 5.400829e+07 6.486583e+06 
2.448380e+02 5.616079e+07 6.583038e+06 
2.879927e+02 5.339716e+07 6.486583e+06 
2.735070e+02 5.510465e+07 5.907854e+06 
4.340988e+02 5.410004e+07 4.846851e+06 
2.162272e+02 5.724228e+07 6.679492e+06 
3.128475e+02 5.793559e+07 5.136216e+06 
2.462962e+02 5.775669e+07 6.197218e+06 
3.060178e+02 5.294048e+07 6.390128e+06 
3.941585e+02 5.639914e+07 4.461032e+06 
3.413090e+02 5.716973e+07 5.039761e+06 
2.841880e+02 5.699829e+07 5.522035e+06 
2.291799e+02 5.680886e+07 6.486583e+06 
2.464491e+02 5.586607e+07 6.583038e+06 
2.492334e+02 5.558572e+07 6.486583e+06 
2.955598e+02 5.617853e+07 5.522035e+06 
2.875422e+02 5.370814e+07 6.486583e+06 
3.109615e+02 5.269343e+07 6.390128e+06 
2.785991e+02 5.420694e+07 6.486583e+06 
3.599988e+02 5.308872e+07 5.811399e+06 
3.798470e+02 5.384091e+07 5.039761e+06 
2.602300e+02 5.528399e+07 6.679492e+06 
2.088588e+02 5.816221e+07 6.679492e+06 
4.317821e+02 5.367077e+07 5.136216e+06 
2.876534e+02 5.361993e+07 6.486583e+06 
3.114294e+02 5.532139e+07 5.618490e+06 
3.004351e+02 5.842306e+07 5.329125e+06 
3.813766e+02 5.731398e+07 4.340464e+06 
3.696208e+02 5.257627e+07 5.907854e+06 
4.023821e+02 5.652054e+07 4.340464e+06 
3.521331e+02 5.705003e+07 4.461032e+06 
3.332274e+02 5.398410e+07 5.811399e+06 
2.557993e+02 5.547588e+07 6.679492e+06 
3.203239e+02 5.468165e+07 5.714944e+06 
4.192220e+02 5.204468e+07 5.811399e+06 
3.505322e+02 5.711287e+07 4.653942e+06 
3.002380e+02 5.309061e+07 6.486583e+06 
4.353378e+02 5.382233e+07 5.039761e+06 
2.984881e+02 5.312529e+07 6.390128e+06 
2.741497e+02 5.446720e+07 6.486583e+06 
3.683332e+02 5.457113e+07 4.846851e+06 
2.345422e+02 5.747910e+07 6.293673e+06 
4.086937e+02 5.255706e+07 5.618490e+06 
2.945035e+02 5.419747e+07 6.100764e+06 
4.198083e+02 5.284190e+07 5.329125e+06 
2.791944e+02 5.558071e+07 5.811399e+06 
4.270536e+02 5.323851e+07 5.232670e+06 
2.136894e+02 5.734928e+07 6.679492e+06 
3.636387e+02 5.464681e+07 4.846851e+06 
2.721429e+02 5.450495e+07 6.583038e+06 
2.145082e+02 5.728728e+07 6.679492e+06 
2.558511e+02 5.784885e+07 5.907854e+06 
2.844813e+02 5.387326e+07 6.486583e+06 
2.273440e+02 5.686985e+07 6.679492e+06 
2.211428e+02 5.696272e+07 6.679492e+06 
2.774181e+02 5.774097e+07 5.522035e+06 
4.056365e+02 5.766157e+07 4.244009e+06 
3.049539e+02 5.311120e+07 6.197218e+06 
3.014856e+02 5.863861e+07 5.232670e+06 
3.612119e+02 5.437442e+07 5.232670e+06 
3.551466e+02 5.298783e+07 6.004309e+06 
2.445578e+02 5.642938e+07 6.293673e+06 
2.337462e+02 5.650585e+07 6.679492e+06 
3.429622e+02 5.669372e+07 4.846851e+06 
2.175274e+02 5.719995e+07 6.679492e+06 
2.113772e+02 5.756635e+07 6.679492e+06 
3.482435e+02 5.594789e+07 4.846851e+06 
2.814056e+02 5.409441e+07 6.486583e+06 
3.290828e+02 5.649014e+07 5.425580e+06 
4.085073e+02 5.348026e+07 5.232670e+06 
2.944802e+02 5.775849e+07 5.425580e+06 
3.664772e+02 5.404263e+07 5.425580e+06 
2.773670e+02 5.426769e+07 6.583038e+06 
3.661005e+02 5.349139e+07 5.714944e+06 
3.712531e+02 5.525614e+07 4.653942e+06 
2.622575e+02 5.501836e+07 6.679492e+06 
2.476843e+02 5.569333e+07 6.583038e+06 
2.893370e+02 5.500814e+07 5.811399e+06 
4.039144e+02 5.305759e+07 5.425580e+06 
2.537170e+02 5.555022e+07 6.583038e+06 
4.065994e+02 5.211718e+07 5.811399e+06 
2.290988e+02 5.663901e+07 6.679492e+06 
2.119573e+02 5.747925e+07 6.679492e+06 
2.626641e+02 5.725592e+07 5.811399e+06 
3.395078e+02 5.596662e+07 5.232670e+06 
2.713105e+02 5.457257e+07 6.583038e+06 
2.701245e+02 5.478919e+07 6.486583e+06 
2.181236e+02 5.705004e+07 6.679492e+06 
2.465523e+02 5.747092e+07 6.004309e+06 
2.343451e+02 5.622577e+07 6.679492e+06 
2.608853e+02 5.525993e+07 6.486583e+06 
2.731755e+02 5.804027e+07 5.714944e+06 
4.057395e+02 5.245334e+07 6.004309e+06 
2.644939e+02 5.480692e+07 6.486583e+06 
3.578008e+02 5.535230e+07 4.653942e+06 
2.658786e+02 5.589346e+07 5.907854e+06 
2.846216e+02 5.421374e+07 6.293673e+06 
3.029805e+02 5.415682e+07 6.004309e+06 
3.493339e+02 5.487769e+07 5.329125e+06 
4.003209e+02 5.871421e+07 4.147554e+06 

3.092751e+02 5.587181e+07 5.136216e+06 
2.371078e+02 5.646913e+07 6.679492e+06 
3.043602e+02 5.639792e+07 4.919193e+06 
3.431747e+02 5.657812e+07 4.509260e+06 
3.200542e+02 5.363517e+07 6.004309e+06 
2.423982e+02 5.632343e+07 6.486583e+06 
2.506375e+02 5.635505e+07 6.293673e+06 
2.763736e+02 5.521826e+07 6.100764e+06 
2.673908e+02 5.497087e+07 6.486583e+06 
4.404355e+02 5.336844e+07 4.702170e+06 
3.499847e+02 5.716628e+07 4.244009e+06 
3.195936e+02 5.424479e+07 5.473808e+06 
3.113158e+02 5.541740e+07 5.305012e+06 
2.983138e+02 5.508838e+07 5.618490e+06 
3.597179e+02 5.565531e+07 4.412806e+06 
3.117684e+02 5.325247e+07 6.486583e+06 
3.534490e+02 5.675316e+07 4.316351e+06 
3.063555e+02 5.391958e+07 6.100764e+06 
3.871573e+02 5.451793e+07 4.702170e+06 
2.648479e+02 5.753451e+07 5.907854e+06 
4.152397e+02 5.511593e+07 3.858190e+06 
3.998790e+02 5.490470e+07 4.051100e+06 
3.381064e+02 5.656037e+07 4.653942e+06 
2.940828e+02 5.662887e+07 5.401467e+06 
3.701048e+02 5.300393e+07 5.763173e+06 
2.088588e+02 5.816221e+07 6.679492e+06 
3.205826e+02 5.300696e+07 6.197218e+06 
3.959016e+02 5.379320e+07 4.702170e+06 
3.444726e+02 5.389796e+07 5.015648e+06 
3.029918e+02 5.621549e+07 5.305012e+06 
2.905143e+02 5.409476e+07 6.679492e+06 
3.991117e+02 5.265304e+07 5.305012e+06 
2.755062e+02 5.702518e+07 5.811399e+06 
3.884246e+02 5.266794e+07 5.497922e+06 
3.905289e+02 5.329069e+07 5.208557e+06 
2.864388e+02 5.654868e+07 5.618490e+06 
2.931441e+02 5.376536e+07 6.679492e+06 
2.839489e+02 5.572552e+07 5.714944e+06 
3.907750e+02 5.257176e+07 5.497922e+06 
2.922390e+02 5.656654e+07 5.522035e+06 
2.591561e+02 5.548995e+07 6.486583e+06 
3.502940e+02 5.344799e+07 5.208557e+06 
2.297978e+02 5.788876e+07 6.486583e+06 
3.484647e+02 5.510747e+07 4.629828e+06 
2.654605e+02 5.522098e+07 6.293673e+06 
2.253086e+02 5.699382e+07 6.679492e+06 
3.031450e+02 5.334717e+07 6.679492e+06 
2.889677e+02 5.455038e+07 6.293673e+06 
2.795979e+02 5.449534e+07 6.679492e+06 
3.119553e+02 5.284535e+07 6.486583e+06 
3.978570e+02 5.598768e+07 3.858190e+06 
4.072817e+02 5.465366e+07 4.051100e+06 
2.308439e+02 5.813038e+07 6.390128e+06 
2.190068e+02 5.715146e+07 6.679492e+06 
3.964680e+02 5.431940e+07 4.436919e+06 
3.081545e+02 5.330913e+07 6.486583e+06 
3.402165e+02 5.435500e+07 5.015648e+06 
2.210288e+02 5.707556e+07 6.679492e+06 
4.090781e+02 5.404273e+07 4.316351e+06 
3.251753e+02 5.684877e+07 4.846851e+06 
3.736146e+02 5.539782e+07 4.219896e+06 
2.814611e+02 5.700748e+07 5.714944e+06 
3.063937e+02 5.473731e+07 5.666718e+06 
3.395040e+02 5.267646e+07 6.486583e+06 
2.481484e+02 5.550867e+07 6.679492e+06 
2.564011e+02 5.677908e+07 6.100764e+06 
3.834252e+02 5.654081e+07 4.051100e+06 
4.232454e+02 5.347643e+07 4.895080e+06 
4.182518e+02 5.426735e+07 4.051100e+06 
2.271261e+02 5.693865e+07 6.679492e+06 
2.409311e+02 5.814367e+07 6.100764e+06 
2.215088e+02 5.702882e+07 6.679492e+06 
2.614877e+02 5.717853e+07 6.004309e+06 
4.176090e+02 5.254681e+07 5.497922e+06 
2.130911e+02 5.742028e+07 6.679492e+06 
3.266922e+02 5.383564e+07 5.570263e+06 
3.467171e+02 5.471078e+07 4.822738e+06 
3.126090e+02 5.438026e+07 5.666718e+06 
2.192313e+02 5.712994e+07 6.679492e+06 
2.118523e+02 5.760386e+07 6.679492e+06 
3.318823e+02 5.506000e+07 4.919193e+06 
4.077836e+02 5.255156e+07 5.497922e+06 
3.278958e+02 5.289187e+07 6.293673e+06 
3.010396e+02 5.351564e+07 6.486583e+06 
3.413032e+02 5.673492e+07 4.605715e+06 
3.605373e+02 5.694987e+07 4.219896e+06 
2.319622e+02 5.650535e+07 6.679492e+06 
4.208415e+02 5.363529e+07 4.702170e+06 
2.161326e+02 5.728339e+07 6.679492e+06 
3.358621e+02 5.374837e+07 5.280899e+06 
2.870750e+02 5.434830e+07 6.486583e+06 
3.281074e+02 5.682036e+07 4.726283e+06 
3.936048e+02 5.478187e+07 4.244009e+06 
3.968187e+02 5.671707e+07 3.978758e+06 
3.467656e+02 5.306241e+07 6.100764e+06 
3.645322e+02 5.324586e+07 5.377354e+06 
2.468056e+02 5.587432e+07 6.486583e+06 
2.213560e+02 5.745884e+07 6.583038e+06 
2.149110e+02 5.731633e+07 6.679492e+06 
4.322637e+02 5.376972e+07 4.244009e+06 

2.680021e+02 5.486822e+07 6.679492e+06 
2.398882e+02 5.606893e+07 6.679492e+06 
2.187974e+02 5.697858e+07 6.679492e+06 
2.826907e+02 5.476349e+07 6.173105e+06 
2.448445e+02 5.790320e+07 6.100764e+06 
3.436326e+02 5.285172e+07 5.594376e+06 
3.033474e+02 5.776021e+07 5.208557e+06 
3.167097e+02 5.277499e+07 6.076650e+06 
2.848718e+02 5.362623e+07 6.583038e+06 
2.379574e+02 5.616008e+07 6.679492e+06 
2.534244e+02 5.821193e+07 5.907854e+06 
2.991535e+02 5.313148e+07 6.679492e+06 
3.319398e+02 5.798598e+07 4.461032e+06 
3.267362e+02 5.518621e+07 4.991534e+06 
2.719414e+02 5.502653e+07 6.293673e+06 
3.062355e+02 5.773008e+07 5.112102e+06 
2.242523e+02 5.746446e+07 6.583038e+06 
3.442171e+02 5.739984e+07 4.461032e+06 
3.489305e+02 5.342258e+07 5.425580e+06 
2.860870e+02 5.577695e+07 5.763173e+06 
3.271788e+02 5.497099e+07 5.184444e+06 
2.837274e+02 5.389428e+07 6.390128e+06 
3.657801e+02 5.662708e+07 4.653942e+06 
3.404115e+02 5.704571e+07 4.653942e+06 
3.142249e+02 5.453459e+07 5.377354e+06 
2.669452e+02 5.496442e+07 6.679492e+06 
2.088588e+02 5.816221e+07 6.679492e+06 
2.870201e+02 5.348566e+07 6.679492e+06 
3.009221e+02 5.581291e+07 5.497922e+06 
2.748670e+02 5.430898e+07 6.679492e+06 
2.405957e+02 5.732891e+07 6.197218e+06 
3.419541e+02 5.399070e+07 5.329125e+06 
3.225907e+02 5.297138e+07 5.763173e+06 
2.457184e+02 5.564135e+07 6.679492e+06 
3.231311e+02 5.822319e+07 4.846851e+06 
3.087135e+02 5.341881e+07 5.883741e+06 
3.413615e+02 5.487439e+07 5.208557e+06 
2.512790e+02 5.770747e+07 6.004309e+06 
2.578292e+02 5.520969e+07 6.679492e+06 
3.515251e+02 5.875173e+07 3.978758e+06 
2.945558e+02 5.323082e+07 6.366015e+06 
2.463306e+02 5.651944e+07 6.390128e+06 
3.614910e+02 5.405728e+07 5.232670e+06 
2.336162e+02 5.789431e+07 6.486583e+06 
2.350463e+02 5.657634e+07 6.679492e+06 
3.601991e+02 5.627159e+07 4.846851e+06 
2.700952e+02 5.451318e+07 6.679492e+06 
2.442478e+02 5.596165e+07 6.679492e+06 
2.313019e+02 5.659608e+07 6.679492e+06 
3.497408e+02 5.841400e+07 4.171668e+06 
2.682398e+02 5.466190e+07 6.679492e+06 
2.156320e+02 5.730436e+07 6.679492e+06 
2.661736e+02 5.573931e+07 6.293673e+06 
3.520126e+02 5.786563e+07 4.171668e+06 
2.905371e+02 5.391115e+07 6.173105e+06 
3.010834e+02 5.308552e+07 6.583038e+06 
2.297200e+02 5.683335e+07 6.679492e+06 
2.417615e+02 5.598085e+07 6.679492e+06 
2.359909e+02 5.652110e+07 6.583038e+06 
2.911273e+02 5.814669e+07 5.329125e+06 
2.489815e+02 5.535423e+07 6.679492e+06 
3.066819e+02 5.203981e+07 6.583038e+06 
2.993482e+02 5.311293e+07 6.679492e+06 
2.927297e+02 5.332084e+07 6.366015e+06 
3.253997e+02 5.850403e+07 4.750396e+06 
2.606431e+02 5.811497e+07 5.714944e+06 
2.116479e+02 5.769215e+07 6.679492e+06 
2.686082e+02 5.657005e+07 5.907854e+06 
2.119694e+02 5.748210e+07 6.679492e+06 
3.449918e+02 5.743626e+07 4.364577e+06 
2.165991e+02 5.708281e+07 6.679492e+06 
3.136075e+02 5.630867e+07 5.112102e+06 
2.115137e+02 5.793346e+07 6.679492e+06 
3.299425e+02 5.775519e+07 4.653942e+06 
3.296410e+02 5.281713e+07 5.787286e+06 
2.640973e+02 5.499457e+07 6.679492e+06 
3.175203e+02 5.390476e+07 5.570263e+06 
2.615824e+02 5.778969e+07 5.714944e+06 
2.902267e+02 5.687569e+07 5.522035e+06 
2.997481e+02 5.388433e+07 5.980196e+06 
3.478732e+02 5.665286e+07 4.653942e+06 
2.357452e+02 5.824888e+07 6.390128e+06 
3.374407e+02 5.251994e+07 5.859628e+06 
2.763278e+02 5.374973e+07 6.679492e+06 
2.674199e+02 5.613400e+07 6.100764e+06 
3.821398e+02 5.354345e+07 5.232670e+06 
3.021380e+02 5.397743e+07 5.859628e+06 
3.551482e+02 5.346136e+07 5.401467e+06 
3.186654e+02 5.759416e+07 4.943306e+06 
2.236311e+02 5.687742e+07 6.679492e+06 
3.089778e+02 5.759523e+07 5.015648e+06 
2.731370e+02 5.449277e+07 6.486583e+06 
3.414057e+02 5.862058e+07 4.268122e+06 
3.048192e+02 5.266841e+07 6.583038e+06 
2.930965e+02 5.514042e+07 5.763173e+06 
3.367904e+02 5.799679e+07 4.364577e+06 
3.091303e+02 5.446811e+07 5.473808e+06 
2.132071e+02 5.738635e+07 6.679492e+06 
2.614878e+02 5.520282e+07 6.679492e+06 
2.365365e+02 5.634996e+07 6.679492e+06 

4.168701e+02 5.751476e+07 3.785848e+06 
2.325875e+02 5.699576e+07 6.583038e+06 
2.123216e+02 5.762068e+07 6.679492e+06 
3.204789e+02 5.663358e+07 5.112102e+06 
2.770435e+02 5.711459e+07 5.811399e+06 
2.562886e+02 5.561256e+07 6.679492e+06 
2.663506e+02 5.561619e+07 6.293673e+06 
3.497307e+02 5.540044e+07 4.653942e+06 
3.725028e+02 5.603517e+07 4.268122e+06 
3.338187e+02 5.763980e+07 4.653942e+06 
3.473605e+02 5.864037e+07 4.364577e+06 
2.962091e+02 5.326978e+07 6.583038e+06 
2.908629e+02 5.556430e+07 5.787286e+06 
3.659064e+02 5.779996e+07 3.785848e+06 
3.079642e+02 5.301026e+07 5.980196e+06 
3.660753e+02 5.476439e+07 4.461032e+06 
2.897254e+02 5.362282e+07 6.486583e+06 
3.143188e+02 5.845961e+07 5.136216e+06 
3.075885e+02 5.478604e+07 5.570263e+06 
3.352967e+02 5.345511e+07 5.377354e+06 
2.088588e+02 5.816221e+07 6.679492e+06 
2.549735e+02 5.575869e+07 6.679492e+06 
4.117275e+02 5.792595e+07 3.592939e+06 
3.349475e+02 5.234454e+07 5.859628e+06 
2.804307e+02 5.783245e+07 5.714944e+06 
2.596597e+02 5.506710e+07 6.679492e+06 
2.621486e+02 5.500796e+07 6.679492e+06 
3.175554e+02 5.290961e+07 5.787286e+06 
2.514328e+02 5.583881e+07 6.679492e+06 
2.589600e+02 5.536909e+07 6.679492e+06 
3.539339e+02 5.500594e+07 4.461032e+06 
2.490618e+02 5.631692e+07 6.390128e+06 
2.394216e+02 5.622608e+07 6.583038e+06 
2.879367e+02 5.750166e+07 5.522035e+06 
2.484668e+02 5.590227e+07 6.679492e+06 
2.856045e+02 5.378642e+07 6.583038e+06 
3.759284e+02 5.442156e+07 4.822738e+06 
4.052423e+02 5.796181e+07 3.592939e+06 
3.049059e+02 5.411883e+07 5.763173e+06 
3.183176e+02 5.272151e+07 5.666718e+06 
2.345438e+02 5.652095e+07 6.679492e+06 
2.781543e+02 5.409145e+07 6.583038e+06 
2.732495e+02 5.443511e+07 6.679492e+06 
3.655266e+02 5.646967e+07 4.268122e+06 
2.689349e+02 5.754217e+07 5.907854e+06 
3.139154e+02 5.355844e+07 5.594376e+06 
2.576935e+02 5.541552e+07 6.679492e+06 
2.746606e+02 5.526595e+07 6.197218e+06 
2.534804e+02 5.578411e+07 6.583038e+06 
3.522635e+02 5.815821e+07 4.171668e+06 
2.748166e+02 5.409921e+07 6.679492e+06 
4.072658e+02 5.653872e+07 3.978758e+06 
3.287949e+02 5.670099e+07 4.726283e+06 
3.384778e+02 5.229090e+07 5.666718e+06 
2.265191e+02 5.705357e+07 6.679492e+06 
3.367876e+02 5.379540e+07 5.305012e+06 
3.165759e+02 5.409405e+07 5.377354e+06 
2.670139e+02 5.742734e+07 6.004309e+06 
2.831156e+02 5.390296e+07 6.583038e+06 
3.417147e+02 5.219397e+07 5.883741e+06 
2.975821e+02 5.498351e+07 5.787286e+06 
2.593872e+02 5.522841e+07 6.679492e+06 
2.385096e+02 5.636267e+07 6.679492e+06 
2.188756e+02 5.722660e+07 6.679492e+06 
2.612063e+02 5.505050e+07 6.679492e+06 
2.907011e+02 5.675401e+07 5.425580e+06 
2.133210e+02 5.727351e+07 6.679492e+06 
2.733067e+02 5.643525e+07 6.004309e+06 
3.309919e+02 5.527328e+07 4.919193e+06 
2.441508e+02 5.607020e+07 6.679492e+06 
3.873074e+02 5.725226e+07 3.882303e+06 
3.405775e+02 5.306888e+07 5.642605e+06 
2.204529e+02 5.709700e+07 6.679492e+06 
2.436829e+02 5.763667e+07 6.293673e+06 
3.330977e+02 5.341021e+07 5.570263e+06 
3.364781e+02 5.227933e+07 5.787286e+06 
3.378987e+02 5.768163e+07 4.557487e+06 
2.575017e+02 5.545388e+07 6.679492e+06 
2.819652e+02 5.404363e+07 6.679492e+06 
3.230476e+02 5.674126e+07 5.039761e+06 
2.933453e+02 5.376085e+07 6.293673e+06 
2.298396e+02 5.701483e+07 6.679492e+06 
3.673537e+02 5.384890e+07 4.919193e+06 
2.261162e+02 5.803615e+07 6.486583e+06 
3.076846e+02 5.808208e+07 5.232670e+06 
2.121261e+02 5.772074e+07 6.679492e+06 
3.593079e+02 5.446479e+07 4.653942e+06 
2.672944e+02 5.462120e+07 6.679492e+06 
2.653827e+02 5.494836e+07 6.679492e+06 
3.329558e+02 5.254837e+07 5.883741e+06 
2.705306e+02 5.456898e+07 6.679492e+06 
3.584578e+02 5.811987e+07 3.978758e+06 
3.394562e+02 5.814479e+07 4.461032e+06 
3.270793e+02 5.638665e+07 4.943306e+06 
2.362097e+02 5.826313e+07 6.390128e+06 
3.145430e+02 5.455509e+07 5.184444e+06 
3.296138e+02 5.334160e+07 5.594376e+06 
3.430144e+02 5.428014e+07 4.919193e+06 
3.211188e+02 5.261330e+07 5.859628e+06 
2.619962e+02 5.768092e+07 6.100764e+06 

2.418039e+02 5.663501e+07 6.390128e+06 
4.027442e+02 5.298490e+07 4.991534e+06 
4.154557e+02 5.333013e+07 4.726283e+06 
3.856834e+02 5.410492e+07 4.919193e+06 
2.607008e+02 5.798790e+07 5.811399e+06 
3.144101e+02 5.753257e+07 4.653942e+06 
3.743097e+02 5.781988e+07 3.785848e+06 
2.427744e+02 5.643411e+07 6.679492e+06 
3.886866e+02 5.458348e+07 4.726283e+06 
2.259796e+02 5.680641e+07 6.583038e+06 
2.937155e+02 5.704627e+07 5.232670e+06 
2.792020e+02 5.402467e+07 6.583038e+06 
3.638421e+02 5.856915e+07 3.882303e+06 
2.867326e+02 5.771836e+07 5.329125e+06 
3.560609e+02 5.685105e+07 4.268122e+06 
3.017768e+02 5.331040e+07 6.679492e+06 
3.239709e+02 5.799384e+07 4.364577e+06 
3.763986e+02 5.781740e+07 3.785848e+06 
3.230520e+02 5.492509e+07 5.232670e+06 
2.628770e+02 5.580411e+07 6.100764e+06 
2.810740e+02 5.397579e+07 6.486583e+06 
2.886787e+02 5.439314e+07 6.197218e+06 
4.120992e+02 5.355511e+07 4.605715e+06 
3.262273e+02 5.306919e+07 5.907854e+06 
2.677594e+02 5.487486e+07 6.583038e+06 
2.088588e+02 5.816221e+07 6.679492e+06 
2.710056e+02 5.413827e+07 6.583038e+06 
2.910605e+02 5.342494e+07 6.583038e+06 
3.233901e+02 5.545082e+07 5.039761e+06 
2.996069e+02 5.596722e+07 5.136216e+06 
3.743199e+02 5.506704e+07 4.533374e+06 
3.069279e+02 5.526374e+07 5.425580e+06 
3.482419e+02 5.397807e+07 5.401467e+06 
3.144313e+02 5.315087e+07 6.293673e+06 
3.116639e+02 5.316511e+07 6.293673e+06 
3.865985e+02 5.565620e+07 4.268122e+06 
2.390534e+02 5.807789e+07 6.197218e+06 
3.314363e+02 5.708191e+07 4.364577e+06 
3.039522e+02 5.329554e+07 6.486583e+06 
3.175856e+02 5.248020e+07 6.293673e+06 
3.035146e+02 5.778774e+07 4.943306e+06 
3.616638e+02 5.460397e+07 4.919193e+06 
3.167830e+02 5.339585e+07 5.907854e+06 
2.141826e+02 5.756298e+07 6.679492e+06 
2.274904e+02 5.647294e+07 6.679492e+06 
2.534842e+02 5.558358e+07 6.583038e+06 
2.678231e+02 5.727242e+07 5.522035e+06 
3.283354e+02 5.611857e+07 4.846851e+06 
4.106203e+02 5.254748e+07 5.087989e+06 
2.858282e+02 5.383332e+07 6.583038e+06 
3.169835e+02 5.280355e+07 6.486583e+06 
2.253001e+02 5.682416e+07 6.679492e+06 
2.200975e+02 5.696733e+07 6.679492e+06 
4.232576e+02 5.311159e+07 4.798625e+06 
2.126732e+02 5.762076e+07 6.679492e+06 
3.182669e+02 5.658135e+07 4.846851e+06 
3.337265e+02 5.763655e+07 4.268122e+06 
2.505637e+02 5.785866e+07 6.004309e+06 
3.162282e+02 5.288834e+07 6.293673e+06 
3.882187e+02 5.696220e+07 3.978758e+06 
3.702272e+02 5.300015e+07 5.497922e+06 
2.969973e+02 5.777662e+07 5.136216e+06 
2.327161e+02 5.763777e+07 6.390128e+06 
3.052457e+02 5.326933e+07 6.679492e+06 
2.150508e+02 5.747928e+07 6.679492e+06 
3.921703e+02 5.587426e+07 4.075213e+06 
3.261394e+02 5.845533e+07 4.268122e+06 
4.056944e+02 5.355320e+07 4.798625e+06 
2.814703e+02 5.648041e+07 5.522035e+06 
2.576621e+02 5.548921e+07 6.583038e+06 
3.575518e+02 5.869663e+07 4.171668e+06 
2.887637e+02 5.358677e+07 6.679492e+06 
3.849723e+02 5.309316e+07 5.112102e+06 
2.592848e+02 5.530543e+07 6.583038e+06 
2.472226e+02 5.774521e+07 6.100764e+06 
2.156482e+02 5.724155e+07 6.679492e+06 
2.171640e+02 5.717414e+07 6.679492e+06 
2.344110e+02 5.646807e+07 6.679492e+06 
2.654510e+02 5.513293e+07 6.583038e+06 
3.621222e+02 5.790030e+07 4.075213e+06 
2.220793e+02 5.797636e+07 6.583038e+06 
2.883396e+02 5.538128e+07 5.907854e+06 
2.868075e+02 5.372548e+07 6.486583e+06 
4.105106e+02 5.277076e+07 4.991534e+06 
3.880439e+02 5.731660e+07 3.882303e+06 
2.259865e+02 5.778744e+07 6.486583e+06 
2.116599e+02 5.769500e+07 6.679492e+06 
3.115234e+02 5.339512e+07 6.100764e+06 
3.319383e+02 5.392226e+07 5.690831e+06 
2.110219e+02 5.809794e+07 6.679492e+06 
2.540579e+02 5.786611e+07 5.907854e+06 
2.802841e+02 5.443799e+07 6.293673e+06 
3.594274e+02 5.313861e+07 5.594376e+06 
2.488155e+02 5.716560e+07 6.100764e+06 
3.645471e+02 5.578584e+07 4.653942e+06 
3.684585e+02 5.288551e+07 5.594376e+06 
3.008073e+02 5.336403e+07 6.583038e+06 
2.794413e+02 5.742268e+07 5.425580e+06 
2.435076e+02 5.593650e+07 6.679492e+06 
3.677535e+02 5.757230e+07 3.978758e+06 

2.622831e+02 5.526353e+07 6.679492e+06 
2.263011e+02 5.786837e+07 6.486583e+06 
3.817219e+02 5.335558e+07 4.726283e+06 
3.199261e+02 5.182443e+07 6.679492e+06 
3.547135e+02 5.503514e+07 4.340464e+06 
3.121547e+02 5.402129e+07 6.004309e+06 
2.734664e+02 5.656183e+07 5.811399e+06 
3.822182e+02 5.684055e+07 3.882303e+06 
2.847673e+02 5.413864e+07 6.679492e+06 
3.196614e+02 5.208539e+07 6.679492e+06 
3.606223e+02 5.716572e+07 3.978758e+06 
2.322057e+02 5.669726e+07 6.583038e+06 
4.557964e+02 5.503506e+07 4.051100e+06 
3.229042e+02 5.414719e+07 5.329125e+06 
3.055480e+02 5.661500e+07 5.039761e+06 
4.304478e+02 5.602749e+07 3.544712e+06 
3.431482e+02 5.502388e+07 4.436919e+06 
3.275976e+02 5.446489e+07 5.136216e+06 
3.267561e+02 5.273778e+07 6.293673e+06 
3.052457e+02 5.291888e+07 6.679492e+06 
4.172994e+02 5.636085e+07 3.472371e+06 
2.088588e+02 5.816221e+07 6.679492e+06 
2.955649e+02 5.390377e+07 6.679492e+06 
3.034837e+02 5.321031e+07 6.679492e+06 
3.025206e+02 5.473894e+07 5.522035e+06 
2.631130e+02 5.517452e+07 6.679492e+06 
3.412719e+02 5.798847e+07 4.364577e+06 
4.165579e+02 5.613222e+07 3.665280e+06 
3.460612e+02 5.155117e+07 6.486583e+06 
4.010851e+02 5.575412e+07 4.075213e+06 
3.272545e+02 5.148108e+07 6.679492e+06 
2.655563e+02 5.494663e+07 6.679492e+06 
3.160663e+02 5.672494e+07 4.846851e+06 
3.501157e+02 5.741037e+07 4.171668e+06 
4.117718e+02 5.671830e+07 3.641167e+06 
3.126299e+02 5.742050e+07 4.943306e+06 
2.940990e+02 5.716637e+07 5.425580e+06 
2.440181e+02 5.796196e+07 6.197218e+06 
4.303635e+02 5.519645e+07 4.051100e+06 
3.361452e+02 5.605388e+07 4.629828e+06 
2.781188e+02 5.462925e+07 6.679492e+06 
2.755751e+02 5.750546e+07 5.714944e+06 
2.456672e+02 5.557085e+07 6.679492e+06 
2.948222e+02 5.403616e+07 6.679492e+06 
3.233133e+02 5.304608e+07 6.100764e+06 
2.671424e+02 5.820224e+07 5.907854e+06 
2.355124e+02 5.636851e+07 6.679492e+06 
2.161326e+02 5.728339e+07 6.679492e+06 
4.159589e+02 5.694151e+07 3.544712e+06 
3.748629e+02 5.394549e+07 4.629828e+06 
3.726661e+02 5.419587e+07 4.436919e+06 
3.128263e+02 5.569301e+07 5.136216e+06 
3.026764e+02 5.326615e+07 6.679492e+06 
2.942222e+02 5.464756e+07 5.907854e+06 
3.422903e+02 5.131029e+07 6.679492e+06 
3.304337e+02 5.598867e+07 4.726283e+06 
3.775454e+02 5.396547e+07 4.533374e+06 
2.971231e+02 5.342255e+07 6.679492e+06 
3.938949e+02 5.686527e+07 3.858190e+06 
2.490264e+02 5.726989e+07 6.100764e+06 
3.164831e+02 5.230106e+07 6.679492e+06 
2.951640e+02 5.394447e+07 6.679492e+06 
2.955466e+02 5.728560e+07 5.136216e+06 
2.817727e+02 5.461178e+07 6.679492e+06 
3.144046e+02 5.252254e+07 6.679492e+06 
2.164036e+02 5.718287e+07 6.679492e+06 
3.377772e+02 5.598001e+07 4.557487e+06 
2.911246e+02 5.749118e+07 5.522035e+06 
2.611257e+02 5.541085e+07 6.679492e+06 
2.839808e+02 5.431281e+07 6.679492e+06 
3.040599e+02 5.318909e+07 6.679492e+06 
3.413821e+02 5.281072e+07 5.907854e+06 
2.310471e+02 5.688277e+07 6.679492e+06 
4.369873e+02 5.626577e+07 3.472371e+06 
2.737401e+02 5.551350e+07 6.197218e+06 
2.547335e+02 5.757741e+07 6.004309e+06 
3.369373e+02 5.528326e+07 4.629828e+06 
3.844049e+02 5.425314e+07 4.244009e+06 
3.661197e+02 5.478973e+07 4.244009e+06 
3.524654e+02 5.231554e+07 6.293673e+06 
3.489821e+02 5.427171e+07 4.629828e+06 
3.078241e+02 5.262406e+07 6.679492e+06 
4.405851e+02 5.554400e+07 3.665280e+06 
2.987720e+02 5.613299e+07 5.329125e+06 
3.991000e+02 5.717413e+07 3.665280e+06 
3.065874e+02 5.363729e+07 6.293673e+06 
2.125495e+02 5.739500e+07 6.679492e+06 
2.892213e+02 5.482143e+07 6.100764e+06 
2.169988e+02 5.712078e+07 6.679492e+06 
2.193764e+02 5.697930e+07 6.679492e+06 
4.348873e+02 5.553589e+07 3.978758e+06 
3.510590e+02 5.352978e+07 5.714944e+06 
2.361728e+02 5.777015e+07 6.390128e+06 
2.961836e+02 5.343495e+07 6.679492e+06 
2.389344e+02 5.644711e+07 6.390128e+06 
2.433223e+02 5.573212e+07 6.583038e+06 
2.588618e+02 5.546691e+07 6.679492e+06 
2.204536e+02 5.811227e+07 6.583038e+06 
2.429545e+02 5.823478e+07 6.293673e+06 
2.597564e+02 5.646478e+07 6.004309e+06 

2.944903e+02 5.469988e+07 5.690831e+06 
3.254545e+02 5.228377e+07 5.763173e+06 
3.178142e+02 5.253444e+07 5.956082e+06 
2.764954e+02 5.569239e+07 6.004309e+06 
2.399724e+02 5.581404e+07 6.583038e+06 
2.504460e+02 5.706401e+07 6.197218e+06 
2.949663e+02 5.839017e+07 5.329125e+06 
3.385539e+02 5.253232e+07 5.473808e+06 
2.356289e+02 5.677088e+07 6.679492e+06 
2.705144e+02 5.748141e+07 5.714944e+06 
3.103174e+02 5.313182e+07 5.883741e+06 
3.310850e+02 5.193729e+07 5.763173e+06 
2.775223e+02 5.474927e+07 6.583038e+06 
3.685472e+02 5.146414e+07 5.690831e+06 
3.032817e+02 5.347118e+07 6.148992e+06 
2.970537e+02 5.383105e+07 6.269560e+06 
3.639387e+02 5.836082e+07 3.978758e+06 
3.757210e+02 5.694960e+07 3.978758e+06 
3.486418e+02 5.774941e+07 4.557487e+06 
3.902262e+02 5.672741e+07 4.653942e+06 
3.021815e+02 5.352577e+07 5.787286e+06 
2.593024e+02 5.492596e+07 6.679492e+06 
3.653851e+02 5.733104e+07 3.978758e+06 
2.817910e+02 5.739726e+07 5.522035e+06 
3.219305e+02 5.240255e+07 5.763173e+06 
3.625202e+02 5.680511e+07 4.557487e+06 
2.088588e+02 5.816221e+07 6.679492e+06 
3.182159e+02 5.281645e+07 5.763173e+06 
3.004767e+02 5.378022e+07 5.690831e+06 
3.778891e+02 5.894305e+07 3.882303e+06 
3.480626e+02 5.540382e+07 4.822738e+06 
3.834732e+02 5.524833e+07 4.943306e+06 
3.827860e+02 5.868427e+07 3.882303e+06 
3.487824e+02 5.345726e+07 5.112102e+06 
2.672073e+02 5.534279e+07 6.293673e+06 
3.509229e+02 5.150028e+07 5.883741e+06 
3.315103e+02 5.191556e+07 5.763173e+06 
2.666500e+02 5.728922e+07 5.811399e+06 
3.498288e+02 5.164520e+07 5.883741e+06 
3.282586e+02 5.294602e+07 5.666718e+06 
3.499494e+02 5.325861e+07 5.305012e+06 
3.892184e+02 5.627747e+07 4.750396e+06 
3.504476e+02 5.872269e+07 4.268122e+06 
2.157641e+02 5.720762e+07 6.679492e+06 
3.519990e+02 5.120049e+07 5.883741e+06 
2.833809e+02 5.645855e+07 5.618490e+06 
3.099231e+02 5.285658e+07 6.148992e+06 
3.148473e+02 5.276552e+07 5.859628e+06 
3.547859e+02 5.264105e+07 5.377354e+06 
2.201478e+02 5.701791e+07 6.679492e+06 
3.330177e+02 5.180493e+07 5.956082e+06 
3.246818e+02 5.648349e+07 4.822738e+06 
2.853771e+02 5.460257e+07 6.390128e+06 
3.297471e+02 5.218588e+07 5.763173e+06 
3.428828e+02 5.172697e+07 5.763173e+06 
3.255983e+02 5.327503e+07 5.473808e+06 
2.905206e+02 5.837312e+07 5.425580e+06 
3.130934e+02 5.435353e+07 5.305012e+06 
3.270849e+02 5.469003e+07 5.208557e+06 
3.742268e+02 5.142595e+07 5.690831e+06 
3.398174e+02 5.503707e+07 5.015648e+06 
2.629733e+02 5.486324e+07 6.679492e+06 
2.252806e+02 5.781312e+07 6.583038e+06 
2.889119e+02 5.445176e+07 5.883741e+06 
3.200417e+02 5.248338e+07 5.956082e+06 
3.027352e+02 5.452591e+07 5.497922e+06 
2.368101e+02 5.667324e+07 6.679492e+06 
2.360459e+02 5.757509e+07 6.390128e+06 
2.554962e+02 5.807138e+07 6.100764e+06 
2.387649e+02 5.618085e+07 6.679492e+06 
2.956431e+02 5.797384e+07 5.232670e+06 
3.473301e+02 5.787696e+07 4.653942e+06 
2.592269e+02 5.831459e+07 5.907854e+06 
2.874312e+02 5.424328e+07 6.390128e+06 
2.117190e+02 5.722783e+07 6.679492e+06 
3.208247e+02 5.242813e+07 5.956082e+06 
3.280226e+02 5.225491e+07 5.763173e+06 
2.226826e+02 5.688875e+07 6.679492e+06 
2.939583e+02 5.421540e+07 5.883741e+06 
3.056696e+02 5.518009e+07 5.305012e+06 
3.248986e+02 5.231579e+07 5.956082e+06 
2.474747e+02 5.751137e+07 6.293673e+06 
3.054712e+02 5.342431e+07 6.148992e+06 
2.506373e+02 5.547902e+07 6.679492e+06 
2.671115e+02 5.477142e+07 6.486583e+06 
2.626821e+02 5.616397e+07 6.100764e+06 
2.465530e+02 5.568159e+07 6.583038e+06 
3.059390e+02 5.319961e+07 6.052537e+06 
3.171637e+02 5.579039e+07 5.015648e+06 
2.185737e+02 5.713859e+07 6.679492e+06 
2.762079e+02 5.752498e+07 5.618490e+06 
3.139094e+02 5.643776e+07 5.015648e+06 
3.564788e+02 5.823340e+07 4.075213e+06 
3.363169e+02 5.374496e+07 5.208557e+06 
2.312613e+02 5.687350e+07 6.679492e+06 
2.569558e+02 5.520949e+07 6.679492e+06 
3.353297e+02 5.194751e+07 5.666718e+06 
2.372631e+02 5.638034e+07 6.679492e+06 
2.268630e+02 5.741298e+07 6.486583e+06 
3.302675e+02 5.200022e+07 5.763173e+06 

