3.072729e+02 4.328548e+07 5.822795e+06 
2.417623e+02 4.520725e+07 5.822795e+06 
2.150460e+02 4.733407e+07 5.822795e+06 
2.182551e+02 4.780200e+07 5.822795e+06 
2.250733e+02 4.642992e+07 5.822795e+06 
2.866177e+02 4.380290e+07 5.822795e+06 
2.111248e+02 4.810902e+07 5.822795e+06 
2.111248e+02 4.810902e+07 5.822795e+06 
2.111248e+02 4.810902e+07 5.822795e+06 
2.111248e+02 4.810902e+07 5.822795e+06 
2.111248e+02 4.810902e+07 5.822795e+06 
2.111248e+02 4.810902e+07 5.822795e+06 
2.111248e+02 4.810902e+07 5.822795e+06 
2.111248e+02 4.810902e+07 5.822795e+06 
2.111248e+02 4.810902e+07 5.822795e+06 
2.111248e+02 4.810902e+07 5.822795e+06 
2.111248e+02 4.810902e+07 5.822795e+06 
2.111248e+02 4.810902e+07 5.822795e+06 
2.111248e+02 4.810902e+07 5.822795e+06 
2.111248e+02 4.810902e+07 5.822795e+06 
2.111248e+02 4.810902e+07 5.822795e+06 
2.111248e+02 4.810902e+07 5.822795e+06 
2.111248e+02 4.810902e+07 5.822795e+06 
2.111248e+02 4.810902e+07 5.822795e+06 
2.111248e+02 4.810902e+07 5.822795e+06 
2.111248e+02 4.810902e+07 5.822795e+06 
2.111248e+02 4.810902e+07 5.822795e+06 
2.111248e+02 4.810902e+07 5.822795e+06 
2.111248e+02 4.810902e+07 5.822795e+06 
2.111248e+02 4.810902e+07 5.822795e+06 
2.111248e+02 4.810902e+07 5.822795e+06 
2.111248e+02 4.810902e+07 5.822795e+06 
2.111248e+02 4.810902e+07 5.822795e+06 
2.111248e+02 4.810902e+07 5.822795e+06 
2.111248e+02 4.810902e+07 5.822795e+06 
2.111248e+02 4.810902e+07 5.822795e+06 
2.111248e+02 4.810902e+07 5.822795e+06 
2.111248e+02 4.810902e+07 5.822795e+06 
2.111248e+02 4.810902e+07 5.822795e+06 
2.111248e+02 4.810902e+07 5.822795e+06 
2.111248e+02 4.810902e+07 5.822795e+06 
2.111248e+02 4.810902e+07 5.822795e+06 
2.791390e+02 4.414485e+07 5.822795e+06 
2.818258e+02 4.404265e+07 5.822795e+06 
2.621492e+02 4.448348e+07 5.822795e+06 
2.580625e+02 4.477898e+07 5.822795e+06 
2.557402e+02 4.504408e+07 5.822795e+06 
2.835171e+02 4.392342e+07 5.822795e+06 
2.577954e+02 4.482385e+07 5.822795e+06 
2.318695e+02 4.598570e+07 5.822795e+06 
2.232610e+02 4.664752e+07 5.822795e+06 
2.167703e+02 4.710450e+07 5.822795e+06 
2.201946e+02 4.667535e+07 5.822795e+06 
2.621261e+02 4.474110e+07 5.822795e+06 
2.826933e+02 4.394385e+07 5.822795e+06 
2.575181e+02 4.497166e+07 5.822795e+06 
2.253827e+02 4.699958e+07 5.822795e+06 
2.730524e+02 4.415598e+07 5.822795e+06 
2.131505e+02 4.763372e+07 5.822795e+06 
2.515615e+02 4.518527e+07 5.822795e+06 
2.411852e+02 4.538629e+07 5.822795e+06 
2.342357e+02 4.589567e+07 5.822795e+06 
2.864690e+02 4.384619e+07 5.822795e+06 
2.842243e+02 4.384881e+07 5.822795e+06 
2.525870e+02 4.513210e+07 5.822795e+06 
2.273457e+02 4.620687e+07 5.822795e+06 
2.204722e+02 4.771136e+07 5.822795e+06 
2.132482e+02 4.758369e+07 5.822795e+06 
2.362828e+02 4.573888e+07 5.822795e+06 
2.592748e+02 4.474946e+07 5.822795e+06 
2.616992e+02 4.474592e+07 5.822795e+06 
2.240294e+02 4.653494e+07 5.822795e+06 
2.697536e+02 4.436241e+07 5.822795e+06 
2.153393e+02 4.718398e+07 5.822795e+06 
2.318845e+02 4.598486e+07 5.822795e+06 
2.281366e+02 4.619003e+07 5.822795e+06 
2.908981e+02 4.367447e+07 5.822795e+06 
2.140166e+02 4.747111e+07 5.822795e+06 
2.255285e+02 4.639723e+07 5.822795e+06 
2.341182e+02 4.593204e+07 5.822795e+06 
2.172430e+02 4.691717e+07 5.822795e+06 
2.242250e+02 4.643488e+07 5.822795e+06 
2.179136e+02 4.685462e+07 5.822795e+06 
2.168842e+02 4.699166e+07 5.822795e+06 
2.990794e+02 4.335660e+07 5.822795e+06 
2.370927e+02 4.570270e+07 5.822795e+06 
2.199175e+02 4.676262e+07 5.822795e+06 
2.240456e+02 4.647213e+07 5.822795e+06 
2.957898e+02 4.331519e+07 5.822795e+06 
2.409130e+02 4.549565e+07 5.822795e+06 
2.831572e+02 4.398203e+07 5.822795e+06 
2.303408e+02 4.611520e+07 5.822795e+06 
2.211101e+02 4.665114e+07 5.822795e+06 
2.396390e+02 4.552526e+07 5.822795e+06 
2.255932e+02 4.633569e+07 5.822795e+06 
2.309136e+02 4.610268e+07 5.822795e+06 
2.239317e+02 4.658497e+07 5.822795e+06 
2.808939e+02 4.410718e+07 5.822795e+06 
2.349520e+02 4.589506e+07 5.822795e+06 
2.879610e+02 4.376487e+07 5.822795e+06 

2.556627e+02 4.468438e+07 5.822795e+06 
2.747883e+02 4.362168e+07 5.822795e+06 
2.403985e+02 4.539120e+07 5.822795e+06 
2.151761e+02 4.715842e+07 5.822795e+06 
2.210608e+02 4.651274e+07 5.822795e+06 
3.059171e+02 4.323874e+07 5.822795e+06 
2.327622e+02 4.579534e+07 5.822795e+06 
2.111248e+02 4.810902e+07 5.822795e+06 
2.111248e+02 4.810902e+07 5.822795e+06 
2.111248e+02 4.810902e+07 5.822795e+06 
2.111248e+02 4.810902e+07 5.822795e+06 
2.111248e+02 4.810902e+07 5.822795e+06 
2.111248e+02 4.810902e+07 5.822795e+06 
2.111248e+02 4.810902e+07 5.822795e+06 
2.111248e+02 4.810902e+07 5.822795e+06 
2.111248e+02 4.810902e+07 5.822795e+06 
2.111248e+02 4.810902e+07 5.822795e+06 
2.111248e+02 4.810902e+07 5.822795e+06 
2.111248e+02 4.810902e+07 5.822795e+06 
2.111248e+02 4.810902e+07 5.822795e+06 
2.111248e+02 4.810902e+07 5.822795e+06 
2.111248e+02 4.810902e+07 5.822795e+06 
2.111248e+02 4.810902e+07 5.822795e+06 
2.111248e+02 4.810902e+07 5.822795e+06 
2.111248e+02 4.810902e+07 5.822795e+06 
2.111248e+02 4.810902e+07 5.822795e+06 
2.111248e+02 4.810902e+07 5.822795e+06 
2.111248e+02 4.810902e+07 5.822795e+06 
2.111248e+02 4.810902e+07 5.822795e+06 
2.111248e+02 4.810902e+07 5.822795e+06 
2.111248e+02 4.810902e+07 5.822795e+06 
2.111248e+02 4.810902e+07 5.822795e+06 
2.111248e+02 4.810902e+07 5.822795e+06 
2.111248e+02 4.810902e+07 5.822795e+06 
2.111248e+02 4.810902e+07 5.822795e+06 
2.111248e+02 4.810902e+07 5.822795e+06 
2.111248e+02 4.810902e+07 5.822795e+06 
2.111248e+02 4.810902e+07 5.822795e+06 
2.111248e+02 4.810902e+07 5.822795e+06 
2.111248e+02 4.810902e+07 5.822795e+06 
2.111248e+02 4.810902e+07 5.822795e+06 
2.111248e+02 4.810902e+07 5.822795e+06 
2.111248e+02 4.810902e+07 5.822795e+06 
3.137432e+02 4.293699e+07 5.822795e+06 
2.471858e+02 4.510317e+07 5.822795e+06 
2.254765e+02 4.639265e+07 5.822795e+06 
2.206374e+02 4.683848e+07 5.822795e+06 
2.184865e+02 4.684210e+07 5.822795e+06 
2.177181e+02 4.695468e+07 5.822795e+06 
3.007676e+02 4.328217e+07 5.822795e+06 
2.741055e+02 4.374094e+07 5.822795e+06 
3.033279e+02 4.327369e+07 5.822795e+06 
2.130204e+02 4.780937e+07 5.822795e+06 
3.093915e+02 4.322177e+07 5.822795e+06 
2.578807e+02 4.445187e+07 5.822795e+06 
3.203904e+02 4.274135e+07 5.822795e+06 
2.161732e+02 4.714699e+07 5.822795e+06 
2.721766e+02 4.379886e+07 5.822795e+06 
2.171452e+02 4.696720e+07 5.822795e+06 
2.467888e+02 4.510908e+07 5.822795e+06 
2.135738e+02 4.730798e+07 5.822795e+06 
2.133460e+02 4.753366e+07 5.822795e+06 
2.232279e+02 4.644631e+07 5.822795e+06 
2.284779e+02 4.606121e+07 5.822795e+06 
2.631459e+02 4.427443e+07 5.822795e+06 
2.428080e+02 4.522772e+07 5.822795e+06 
2.956336e+02 4.343203e+07 5.822795e+06 
2.473887e+02 4.510157e+07 5.822795e+06 
2.254927e+02 4.632984e+07 5.822795e+06 
2.206536e+02 4.677567e+07 5.822795e+06 
2.165329e+02 4.713909e+07 5.822795e+06 
2.965922e+02 4.330427e+07 5.822795e+06 
2.546822e+02 4.471446e+07 5.822795e+06 
2.150703e+02 4.730410e+07 5.822795e+06 
2.305534e+02 4.597876e+07 5.822795e+06 
2.425721e+02 4.522994e+07 5.822795e+06 
2.488127e+02 4.473983e+07 5.822795e+06 
2.626023e+02 4.429140e+07 5.822795e+06 
2.685564e+02 4.388521e+07 5.822795e+06 
2.890252e+02 4.351723e+07 5.822795e+06 
2.272582e+02 4.620584e+07 5.822795e+06 
2.133621e+02 4.747085e+07 5.822795e+06 
2.375830e+02 4.558047e+07 5.822795e+06 
2.182548e+02 4.757816e+07 5.822795e+06 
2.648124e+02 4.409931e+07 5.822795e+06 
2.602304e+02 4.429505e+07 5.822795e+06 
2.563302e+02 4.457645e+07 5.822795e+06 
2.682614e+02 4.400269e+07 5.822795e+06 
2.312473e+02 4.585981e+07 5.822795e+06 
2.397039e+02 4.551146e+07 5.822795e+06 
3.120815e+02 4.305751e+07 5.822795e+06 
2.183071e+02 4.687935e+07 5.822795e+06 
2.476495e+02 4.502108e+07 5.822795e+06 
2.339507e+02 4.567082e+07 5.822795e+06 
3.218875e+02 4.314071e+07 5.822795e+06 
2.439720e+02 4.515196e+07 5.822795e+06 
2.374880e+02 4.561441e+07 5.822795e+06 
2.568739e+02 4.455014e+07 5.822795e+06 
2.314995e+02 4.583686e+07 5.822795e+06 
2.487739e+02 4.499586e+07 5.822795e+06 

3.021470e+02 4.334464e+07 5.822795e+06 
2.890925e+02 4.358195e+07 5.822795e+06 
2.662226e+02 4.423316e+07 5.822795e+06 
2.764126e+02 4.398082e+07 5.822795e+06 
2.111248e+02 4.810902e+07 5.822795e+06 
2.111248e+02 4.810902e+07 5.822795e+06 
2.111248e+02 4.810902e+07 5.822795e+06 
2.111248e+02 4.810902e+07 5.822795e+06 
2.111248e+02 4.810902e+07 5.822795e+06 
2.111248e+02 4.810902e+07 5.822795e+06 
2.111248e+02 4.810902e+07 5.822795e+06 
2.111248e+02 4.810902e+07 5.822795e+06 
2.111248e+02 4.810902e+07 5.822795e+06 
2.111248e+02 4.810902e+07 5.822795e+06 
2.111248e+02 4.810902e+07 5.822795e+06 
2.111248e+02 4.810902e+07 5.822795e+06 
2.111248e+02 4.810902e+07 5.822795e+06 
2.111248e+02 4.810902e+07 5.822795e+06 
2.111248e+02 4.810902e+07 5.822795e+06 
2.111248e+02 4.810902e+07 5.822795e+06 
2.111248e+02 4.810902e+07 5.822795e+06 
2.111248e+02 4.810902e+07 5.822795e+06 
2.111248e+02 4.810902e+07 5.822795e+06 
2.111248e+02 4.810902e+07 5.822795e+06 
2.111248e+02 4.810902e+07 5.822795e+06 
2.111248e+02 4.810902e+07 5.822795e+06 
2.111248e+02 4.810902e+07 5.822795e+06 
2.111248e+02 4.810902e+07 5.822795e+06 
2.111248e+02 4.810902e+07 5.822795e+06 
2.111248e+02 4.810902e+07 5.822795e+06 
2.111248e+02 4.810902e+07 5.822795e+06 
2.111248e+02 4.810902e+07 5.822795e+06 
2.111248e+02 4.810902e+07 5.822795e+06 
2.111248e+02 4.810902e+07 5.822795e+06 
2.111248e+02 4.810902e+07 5.822795e+06 
2.111248e+02 4.810902e+07 5.822795e+06 
2.111248e+02 4.810902e+07 5.822795e+06 
2.111248e+02 4.810902e+07 5.822795e+06 
2.111248e+02 4.810902e+07 5.822795e+06 
2.111248e+02 4.810902e+07 5.822795e+06 
2.111248e+02 4.810902e+07 5.822795e+06 
2.111248e+02 4.810902e+07 5.822795e+06 
2.111248e+02 4.810902e+07 5.822795e+06 
2.111248e+02 4.810902e+07 5.822795e+06 
2.111248e+02 4.810902e+07 5.822795e+06 
2.111248e+02 4.810902e+07 5.822795e+06 
2.111248e+02 4.810902e+07 5.822795e+06 
2.111248e+02 4.810902e+07 5.822795e+06 
2.111248e+02 4.810902e+07 5.822795e+06 
2.111248e+02 4.810902e+07 5.822795e+06 
2.875955e+02 4.358511e+07 5.822795e+06 
3.125963e+02 4.339281e+07 5.822795e+06 
2.859197e+02 4.376527e+07 5.822795e+06 
2.194585e+02 4.666230e+07 5.822795e+06 
2.775434e+02 4.396924e+07 5.822795e+06 
2.158225e+02 4.725433e+07 5.822795e+06 
2.867789e+02 4.368378e+07 5.822795e+06 
2.233095e+02 4.645909e+07 5.822795e+06 
2.950666e+02 4.353791e+07 5.822795e+06 
2.982167e+02 4.352515e+07 5.822795e+06 
2.660788e+02 4.448471e+07 5.822795e+06 
2.516976e+02 4.502207e+07 5.822795e+06 
2.154613e+02 4.710398e+07 5.822795e+06 
2.302591e+02 4.610242e+07 5.822795e+06 
2.744942e+02 4.402329e+07 5.822795e+06 
2.614307e+02 4.455441e+07 5.822795e+06 
2.404465e+02 4.564784e+07 5.822795e+06 
2.357859e+02 4.585807e+07 5.822795e+06 
2.143754e+02 4.739662e+07 5.822795e+06 
3.020841e+02 4.348349e+07 5.822795e+06 
2.714740e+02 4.412744e+07 5.822795e+06 
2.137534e+02 4.808628e+07 5.822795e+06 
2.266522e+02 4.601715e+07 5.822795e+06 
2.623686e+02 4.458522e+07 5.822795e+06 
2.603136e+02 4.474407e+07 5.822795e+06 
2.327195e+02 4.588590e+07 5.822795e+06 
2.218211e+02 4.649581e+07 5.822795e+06 
2.570154e+02 4.490790e+07 5.822795e+06 
3.004236e+02 4.343631e+07 5.822795e+06 
2.161078e+02 4.707140e+07 5.822795e+06 
2.297347e+02 4.592651e+07 5.822795e+06 
2.396369e+02 4.565485e+07 5.822795e+06 
2.255582e+02 4.640543e+07 5.822795e+06 
2.428818e+02 4.526294e+07 5.822795e+06 
2.134599e+02 4.742082e+07 5.822795e+06 
2.178975e+02 4.691743e+07 5.822795e+06 
2.788664e+02 4.382589e+07 5.822795e+06 
2.778665e+02 4.378889e+07 5.822795e+06 
2.588125e+02 4.490591e+07 5.822795e+06 
2.418613e+02 4.563117e+07 5.822795e+06 
2.163113e+02 4.700418e+07 5.822795e+06 
2.359976e+02 4.569520e+07 5.822795e+06 
2.527495e+02 4.502641e+07 5.822795e+06 
2.496148e+02 4.525908e+07 5.822795e+06 
2.711040e+02 4.419732e+07 5.822795e+06 
2.126915e+02 4.753340e+07 5.822795e+06 
2.179298e+02 4.679181e+07 5.822795e+06 
2.411001e+02 4.544976e+07 5.822795e+06 
2.536272e+02 4.499886e+07 5.822795e+06 
2.195401e+02 4.667509e+07 5.822795e+06 

2.521118e+02 4.490242e+07 5.822795e+06 
2.440338e+02 4.539239e+07 5.822795e+06 
2.478230e+02 4.514920e+07 5.822795e+06 
2.623406e+02 4.441130e+07 5.822795e+06 
2.866060e+02 4.378378e+07 5.822795e+06 
2.454769e+02 4.530565e+07 5.822795e+06 
2.561067e+02 4.473926e+07 5.822795e+06 
2.111248e+02 4.810902e+07 5.822795e+06 
2.111248e+02 4.810902e+07 5.822795e+06 
2.111248e+02 4.810902e+07 5.822795e+06 
2.111248e+02 4.810902e+07 5.822795e+06 
2.111248e+02 4.810902e+07 5.822795e+06 
2.111248e+02 4.810902e+07 5.822795e+06 
2.111248e+02 4.810902e+07 5.822795e+06 
2.111248e+02 4.810902e+07 5.822795e+06 
2.111248e+02 4.810902e+07 5.822795e+06 
2.111248e+02 4.810902e+07 5.822795e+06 
2.111248e+02 4.810902e+07 5.822795e+06 
2.111248e+02 4.810902e+07 5.822795e+06 
2.111248e+02 4.810902e+07 5.822795e+06 
2.111248e+02 4.810902e+07 5.822795e+06 
2.111248e+02 4.810902e+07 5.822795e+06 
2.111248e+02 4.810902e+07 5.822795e+06 
2.111248e+02 4.810902e+07 5.822795e+06 
2.111248e+02 4.810902e+07 5.822795e+06 
2.111248e+02 4.810902e+07 5.822795e+06 
2.111248e+02 4.810902e+07 5.822795e+06 
2.111248e+02 4.810902e+07 5.822795e+06 
2.111248e+02 4.810902e+07 5.822795e+06 
2.111248e+02 4.810902e+07 5.822795e+06 
2.111248e+02 4.810902e+07 5.822795e+06 
2.111248e+02 4.810902e+07 5.822795e+06 
2.111248e+02 4.810902e+07 5.822795e+06 
2.111248e+02 4.810902e+07 5.822795e+06 
2.111248e+02 4.810902e+07 5.822795e+06 
2.111248e+02 4.810902e+07 5.822795e+06 
2.111248e+02 4.810902e+07 5.822795e+06 
2.111248e+02 4.810902e+07 5.822795e+06 
2.111248e+02 4.810902e+07 5.822795e+06 
2.111248e+02 4.810902e+07 5.822795e+06 
2.111248e+02 4.810902e+07 5.822795e+06 
2.111248e+02 4.810902e+07 5.822795e+06 
2.111248e+02 4.810902e+07 5.822795e+06 
2.479228e+02 4.500901e+07 5.822795e+06 
2.997570e+02 4.329604e+07 5.822795e+06 
2.867028e+02 4.374275e+07 5.822795e+06 
2.531652e+02 4.476516e+07 5.822795e+06 
2.584025e+02 4.458474e+07 5.822795e+06 
2.669895e+02 4.426555e+07 5.822795e+06 
2.761792e+02 4.402036e+07 5.822795e+06 
2.623243e+02 4.445084e+07 5.822795e+06 
2.154936e+02 4.697836e+07 5.822795e+06 
2.281979e+02 4.615167e+07 5.822795e+06 
2.668403e+02 4.434651e+07 5.822795e+06 
2.890150e+02 4.355533e+07 5.822795e+06 
2.133460e+02 4.753366e+07 5.822795e+06 
2.569538e+02 4.462587e+07 5.822795e+06 
2.176365e+02 4.694190e+07 5.822795e+06 
2.825671e+02 4.388267e+07 5.822795e+06 
2.685732e+02 4.423626e+07 5.822795e+06 
2.306422e+02 4.586947e+07 5.822795e+06 
2.404456e+02 4.544950e+07 5.822795e+06 
2.452484e+02 4.532528e+07 5.822795e+06 
2.529288e+02 4.478838e+07 5.822795e+06 
2.743170e+02 4.408543e+07 5.822795e+06 
2.904353e+02 4.348473e+07 5.822795e+06 
2.150299e+02 4.739688e+07 5.822795e+06 
2.187062e+02 4.671207e+07 5.822795e+06 
2.524439e+02 4.489953e+07 5.822795e+06 
2.385212e+02 4.548738e+07 5.822795e+06 
2.661529e+02 4.440805e+07 5.822795e+06 
2.133298e+02 4.759647e+07 5.822795e+06 
2.366745e+02 4.570347e+07 5.822795e+06 
2.701557e+02 4.422554e+07 5.822795e+06 
2.403636e+02 4.548017e+07 5.822795e+06 
2.426701e+02 4.542581e+07 5.822795e+06 
2.195401e+02 4.667509e+07 5.822795e+06 
2.510917e+02 4.492152e+07 5.822795e+06 
2.589322e+02 4.450580e+07 5.822795e+06 
2.205202e+02 4.639964e+07 5.822795e+06 
2.132975e+02 4.772209e+07 5.822795e+06 
2.942067e+02 4.339610e+07 5.822795e+06 
2.289170e+02 4.590069e+07 5.822795e+06 
2.365824e+02 4.573928e+07 5.822795e+06 
2.276181e+02 4.623521e+07 5.822795e+06 
2.134599e+02 4.742082e+07 5.822795e+06 
2.350660e+02 4.578222e+07 5.822795e+06 
2.184704e+02 4.690491e+07 5.822795e+06 
2.203740e+02 4.663810e+07 5.822795e+06 
2.740708e+02 4.419497e+07 5.822795e+06 
2.897874e+02 4.354595e+07 5.822795e+06 
2.279127e+02 4.620610e+07 5.822795e+06 
2.460084e+02 4.521810e+07 5.822795e+06 
2.865559e+02 4.384496e+07 5.822795e+06 
2.205525e+02 4.627402e+07 5.822795e+06 
2.150703e+02 4.730410e+07 5.822795e+06 
2.365543e+02 4.574549e+07 5.822795e+06 
2.184865e+02 4.684210e+07 5.822795e+06 
2.265059e+02 4.625561e+07 5.822795e+06 
2.376612e+02 4.559754e+07 5.822795e+06 

2.341576e+02 4.531448e+07 5.822795e+06 
2.136554e+02 4.732076e+07 5.822795e+06 
2.917629e+02 4.339414e+07 5.822795e+06 
2.819807e+02 4.374929e+07 5.822795e+06 
2.169165e+02 4.686604e+07 5.822795e+06 
2.358109e+02 4.527274e+07 5.822795e+06 
2.282000e+02 4.553597e+07 5.822795e+06 
2.111248e+02 4.810902e+07 5.822795e+06 
2.111248e+02 4.810902e+07 5.822795e+06 
2.111248e+02 4.810902e+07 5.822795e+06 
2.111248e+02 4.810902e+07 5.822795e+06 
2.111248e+02 4.810902e+07 5.822795e+06 
2.111248e+02 4.810902e+07 5.822795e+06 
2.111248e+02 4.810902e+07 5.822795e+06 
2.111248e+02 4.810902e+07 5.822795e+06 
2.111248e+02 4.810902e+07 5.822795e+06 
2.111248e+02 4.810902e+07 5.822795e+06 
2.111248e+02 4.810902e+07 5.822795e+06 
2.111248e+02 4.810902e+07 5.822795e+06 
2.111248e+02 4.810902e+07 5.822795e+06 
2.111248e+02 4.810902e+07 5.822795e+06 
2.111248e+02 4.810902e+07 5.822795e+06 
2.111248e+02 4.810902e+07 5.822795e+06 
2.111248e+02 4.810902e+07 5.822795e+06 
2.111248e+02 4.810902e+07 5.822795e+06 
2.111248e+02 4.810902e+07 5.822795e+06 
2.111248e+02 4.810902e+07 5.822795e+06 
2.111248e+02 4.810902e+07 5.822795e+06 
2.111248e+02 4.810902e+07 5.822795e+06 
2.111248e+02 4.810902e+07 5.822795e+06 
2.111248e+02 4.810902e+07 5.822795e+06 
2.111248e+02 4.810902e+07 5.822795e+06 
2.111248e+02 4.810902e+07 5.822795e+06 
2.111248e+02 4.810902e+07 5.822795e+06 
2.111248e+02 4.810902e+07 5.822795e+06 
2.111248e+02 4.810902e+07 5.822795e+06 
2.111248e+02 4.810902e+07 5.822795e+06 
2.111248e+02 4.810902e+07 5.822795e+06 
2.111248e+02 4.810902e+07 5.822795e+06 
2.111248e+02 4.810902e+07 5.822795e+06 
2.111248e+02 4.810902e+07 5.822795e+06 
2.111248e+02 4.810902e+07 5.822795e+06 
2.111248e+02 4.810902e+07 5.822795e+06 
2.111248e+02 4.810902e+07 5.822795e+06 
2.111248e+02 4.810902e+07 5.822795e+06 
2.111248e+02 4.810902e+07 5.822795e+06 
2.111248e+02 4.810902e+07 5.822795e+06 
2.111248e+02 4.810902e+07 5.822795e+06 
2.111248e+02 4.810902e+07 5.822795e+06 
2.111248e+02 4.810902e+07 5.822795e+06 
2.111248e+02 4.810902e+07 5.822795e+06 
2.111248e+02 4.810902e+07 5.822795e+06 
2.111248e+02 4.810902e+07 5.822795e+06 
2.111248e+02 4.810902e+07 5.822795e+06 
2.111248e+02 4.810902e+07 5.822795e+06 
2.111248e+02 4.810902e+07 5.822795e+06 
2.111248e+02 4.810902e+07 5.822795e+06 
3.109255e+02 4.305018e+07 5.822795e+06 
2.499915e+02 4.466637e+07 5.822795e+06 
2.533675e+02 4.456486e+07 5.822795e+06 
2.277940e+02 4.581140e+07 5.822795e+06 
2.680502e+02 4.409959e+07 5.822795e+06 
2.461357e+02 4.490179e+07 5.822795e+06 
2.378718e+02 4.513800e+07 5.822795e+06 
2.185269e+02 4.674932e+07 5.822795e+06 
2.203901e+02 4.657529e+07 5.822795e+06 
2.809885e+02 4.377009e+07 5.822795e+06 
2.360225e+02 4.525579e+07 5.822795e+06 
3.000170e+02 4.310921e+07 5.822795e+06 
3.107084e+02 4.299793e+07 5.822795e+06 
2.791828e+02 4.377772e+07 5.822795e+06 
2.542916e+02 4.451155e+07 5.822795e+06 
2.595363e+02 4.411473e+07 5.822795e+06 
2.949942e+02 4.335671e+07 5.822795e+06 
2.167865e+02 4.704169e+07 5.822795e+06 
2.409181e+02 4.490421e+07 5.822795e+06 
2.376484e+02 4.525074e+07 5.822795e+06 
2.494588e+02 4.468704e+07 5.822795e+06 
2.254457e+02 4.583736e+07 5.822795e+06 
2.986916e+02 4.320152e+07 5.822795e+06 
2.566416e+02 4.448175e+07 5.822795e+06 
2.281899e+02 4.565887e+07 5.822795e+06 
2.724152e+02 4.407631e+07 5.822795e+06 
2.821719e+02 4.374361e+07 5.822795e+06 
2.145216e+02 4.715816e+07 5.822795e+06 
2.854825e+02 4.355532e+07 5.822795e+06 
2.523459e+02 4.460972e+07 5.822795e+06 
2.201130e+02 4.666257e+07 5.822795e+06 
2.188897e+02 4.672038e+07 5.822795e+06 
2.236835e+02 4.599495e+07 5.822795e+06 
2.161894e+02 4.708418e+07 5.822795e+06 
2.583651e+02 4.435199e+07 5.822795e+06 
2.467382e+02 4.470425e+07 5.822795e+06 
2.119748e+02 4.800922e+07 5.822795e+06 
2.217252e+02 4.615633e+07 5.822795e+06 
2.726761e+02 4.398259e+07 5.822795e+06 
2.311430e+02 4.538972e+07 5.822795e+06 
2.842017e+02 4.356895e+07 5.822795e+06 
2.746887e+02 4.388398e+07 5.822795e+06 
2.882374e+02 4.355335e+07 5.822795e+06 

2.940985e+02 4.359610e+07 5.822795e+06 
2.489663e+02 4.451772e+07 5.822795e+06 
2.786758e+02 4.378159e+07 5.822795e+06 
2.658507e+02 4.409225e+07 5.822795e+06 
2.192468e+02 4.682517e+07 5.822795e+06 
2.111248e+02 4.810902e+07 5.822795e+06 
2.111248e+02 4.810902e+07 5.822795e+06 
2.111248e+02 4.810902e+07 5.822795e+06 
2.111248e+02 4.810902e+07 5.822795e+06 
2.111248e+02 4.810902e+07 5.822795e+06 
2.111248e+02 4.810902e+07 5.822795e+06 
2.111248e+02 4.810902e+07 5.822795e+06 
2.111248e+02 4.810902e+07 5.822795e+06 
2.111248e+02 4.810902e+07 5.822795e+06 
2.111248e+02 4.810902e+07 5.822795e+06 
2.111248e+02 4.810902e+07 5.822795e+06 
2.111248e+02 4.810902e+07 5.822795e+06 
2.111248e+02 4.810902e+07 5.822795e+06 
2.111248e+02 4.810902e+07 5.822795e+06 
2.111248e+02 4.810902e+07 5.822795e+06 
2.111248e+02 4.810902e+07 5.822795e+06 
2.111248e+02 4.810902e+07 5.822795e+06 
2.111248e+02 4.810902e+07 5.822795e+06 
2.111248e+02 4.810902e+07 5.822795e+06 
2.111248e+02 4.810902e+07 5.822795e+06 
2.111248e+02 4.810902e+07 5.822795e+06 
2.111248e+02 4.810902e+07 5.822795e+06 
2.111248e+02 4.810902e+07 5.822795e+06 
2.111248e+02 4.810902e+07 5.822795e+06 
2.111248e+02 4.810902e+07 5.822795e+06 
2.111248e+02 4.810902e+07 5.822795e+06 
2.111248e+02 4.810902e+07 5.822795e+06 
2.111248e+02 4.810902e+07 5.822795e+06 
2.111248e+02 4.810902e+07 5.822795e+06 
2.111248e+02 4.810902e+07 5.822795e+06 
2.111248e+02 4.810902e+07 5.822795e+06 
2.111248e+02 4.810902e+07 5.822795e+06 
2.111248e+02 4.810902e+07 5.822795e+06 
2.111248e+02 4.810902e+07 5.822795e+06 
2.111248e+02 4.810902e+07 5.822795e+06 
2.111248e+02 4.810902e+07 5.822795e+06 
2.111248e+02 4.810902e+07 5.822795e+06 
2.111248e+02 4.810902e+07 5.822795e+06 
2.111248e+02 4.810902e+07 5.822795e+06 
2.111248e+02 4.810902e+07 5.822795e+06 
2.111248e+02 4.810902e+07 5.822795e+06 
2.111248e+02 4.810902e+07 5.822795e+06 
2.111248e+02 4.810902e+07 5.822795e+06 
2.111248e+02 4.810902e+07 5.822795e+06 
2.111248e+02 4.810902e+07 5.822795e+06 
2.111248e+02 4.810902e+07 5.822795e+06 
2.111248e+02 4.810902e+07 5.822795e+06 
2.111248e+02 4.810902e+07 5.822795e+06 
2.111248e+02 4.810902e+07 5.822795e+06 
2.111248e+02 4.810902e+07 5.822795e+06 
2.111248e+02 4.810902e+07 5.822795e+06 
2.111248e+02 4.810902e+07 5.822795e+06 
2.140821e+02 4.754670e+07 5.822795e+06 
2.361853e+02 4.565444e+07 5.822795e+06 
2.302430e+02 4.616523e+07 5.822795e+06 
2.317879e+02 4.597292e+07 5.822795e+06 
2.367916e+02 4.544601e+07 5.822795e+06 
2.342895e+02 4.586196e+07 5.822795e+06 
2.764042e+02 4.376812e+07 5.822795e+06 
2.898956e+02 4.374367e+07 5.822795e+06 
2.128377e+02 4.729494e+07 5.822795e+06 
2.194343e+02 4.669228e+07 5.822795e+06 
2.369906e+02 4.541014e+07 5.822795e+06 
2.341182e+02 4.593204e+07 5.822795e+06 
2.664989e+02 4.413701e+07 5.822795e+06 
2.209792e+02 4.649996e+07 5.822795e+06 
2.359160e+02 4.568242e+07 5.822795e+06 
2.303408e+02 4.611520e+07 5.822795e+06 
2.257698e+02 4.624257e+07 5.822795e+06 
2.310930e+02 4.606543e+07 5.822795e+06 
2.409309e+02 4.524753e+07 5.822795e+06 
2.589068e+02 4.412078e+07 5.822795e+06 
2.921280e+02 4.363217e+07 5.822795e+06 
2.441260e+02 4.484901e+07 5.822795e+06 
2.682683e+02 4.383352e+07 5.822795e+06 
2.193114e+02 4.657393e+07 5.822795e+06 
2.130656e+02 4.706926e+07 5.822795e+06 
2.354254e+02 4.569130e+07 5.822795e+06 
2.702884e+02 4.382977e+07 5.822795e+06 
2.289445e+02 4.619111e+07 5.822795e+06 
3.018093e+02 4.330204e+07 5.822795e+06 
2.552869e+02 4.449939e+07 5.822795e+06 
2.334395e+02 4.596175e+07 5.822795e+06 
2.436215e+02 4.480354e+07 5.822795e+06 
2.167865e+02 4.704169e+07 5.822795e+06 
2.886623e+02 4.376182e+07 5.822795e+06 
3.123531e+02 4.337786e+07 5.822795e+06 
2.184865e+02 4.684210e+07 5.822795e+06 
2.961136e+02 4.349829e+07 5.822795e+06 
2.255743e+02 4.634262e+07 5.822795e+06 
2.241595e+02 4.635929e+07 5.822795e+06 
2.413985e+02 4.513683e+07 5.822795e+06 
2.563966e+02 4.438503e+07 5.822795e+06 
2.169004e+02 4.692885e+07 5.822795e+06 
2.349236e+02 4.585293e+07 5.822795e+06 

2.660411e+02 4.419371e+07 5.822795e+06 
2.414581e+02 4.561951e+07 5.822795e+06 
2.560777e+02 4.480977e+07 5.822795e+06 
2.498860e+02 4.518684e+07 5.822795e+06 
2.111248e+02 4.810902e+07 5.822795e+06 
2.111248e+02 4.810902e+07 5.822795e+06 
2.111248e+02 4.810902e+07 5.822795e+06 
2.111248e+02 4.810902e+07 5.822795e+06 
2.111248e+02 4.810902e+07 5.822795e+06 
2.111248e+02 4.810902e+07 5.822795e+06 
2.111248e+02 4.810902e+07 5.822795e+06 
2.111248e+02 4.810902e+07 5.822795e+06 
2.111248e+02 4.810902e+07 5.822795e+06 
2.111248e+02 4.810902e+07 5.822795e+06 
2.111248e+02 4.810902e+07 5.822795e+06 
2.111248e+02 4.810902e+07 5.822795e+06 
2.111248e+02 4.810902e+07 5.822795e+06 
2.111248e+02 4.810902e+07 5.822795e+06 
2.111248e+02 4.810902e+07 5.822795e+06 
2.111248e+02 4.810902e+07 5.822795e+06 
2.111248e+02 4.810902e+07 5.822795e+06 
2.111248e+02 4.810902e+07 5.822795e+06 
2.111248e+02 4.810902e+07 5.822795e+06 
2.111248e+02 4.810902e+07 5.822795e+06 
2.111248e+02 4.810902e+07 5.822795e+06 
2.111248e+02 4.810902e+07 5.822795e+06 
2.111248e+02 4.810902e+07 5.822795e+06 
2.111248e+02 4.810902e+07 5.822795e+06 
2.111248e+02 4.810902e+07 5.822795e+06 
2.111248e+02 4.810902e+07 5.822795e+06 
2.111248e+02 4.810902e+07 5.822795e+06 
2.111248e+02 4.810902e+07 5.822795e+06 
2.111248e+02 4.810902e+07 5.822795e+06 
2.111248e+02 4.810902e+07 5.822795e+06 
2.111248e+02 4.810902e+07 5.822795e+06 
2.111248e+02 4.810902e+07 5.822795e+06 
2.111248e+02 4.810902e+07 5.822795e+06 
2.111248e+02 4.810902e+07 5.822795e+06 
2.111248e+02 4.810902e+07 5.822795e+06 
2.111248e+02 4.810902e+07 5.822795e+06 
2.111248e+02 4.810902e+07 5.822795e+06 
2.111248e+02 4.810902e+07 5.822795e+06 
2.111248e+02 4.810902e+07 5.822795e+06 
2.111248e+02 4.810902e+07 5.822795e+06 
2.111248e+02 4.810902e+07 5.822795e+06 
2.111248e+02 4.810902e+07 5.822795e+06 
2.111248e+02 4.810902e+07 5.822795e+06 
2.111248e+02 4.810902e+07 5.822795e+06 
2.111248e+02 4.810902e+07 5.822795e+06 
2.111248e+02 4.810902e+07 5.822795e+06 
2.111248e+02 4.810902e+07 5.822795e+06 
2.111248e+02 4.810902e+07 5.822795e+06 
2.111248e+02 4.810902e+07 5.822795e+06 
2.111248e+02 4.810902e+07 5.822795e+06 
2.150299e+02 4.739688e+07 5.822795e+06 
2.926789e+02 4.344984e+07 5.822795e+06 
2.802213e+02 4.394753e+07 5.822795e+06 
2.728938e+02 4.410742e+07 5.822795e+06 
2.141960e+02 4.743386e+07 5.822795e+06 
2.248140e+02 4.635955e+07 5.822795e+06 
2.161974e+02 4.711702e+07 5.822795e+06 
2.150945e+02 4.714564e+07 5.822795e+06 
2.434666e+02 4.526890e+07 5.822795e+06 
2.641302e+02 4.430854e+07 5.822795e+06 
2.816095e+02 4.376590e+07 5.822795e+06 
2.134438e+02 4.748363e+07 5.822795e+06 
2.335534e+02 4.584891e+07 5.822795e+06 
2.403568e+02 4.573071e+07 5.822795e+06 
2.202269e+02 4.654973e+07 5.822795e+06 
2.257295e+02 4.633535e+07 5.822795e+06 
2.579703e+02 4.470692e+07 5.822795e+06 
2.164414e+02 4.682854e+07 5.822795e+06 
2.319511e+02 4.599848e+07 5.822795e+06 
2.234072e+02 4.640906e+07 5.822795e+06 
2.210446e+02 4.657555e+07 5.822795e+06 
2.372743e+02 4.582135e+07 5.822795e+06 
2.601970e+02 4.438270e+07 5.822795e+06 
2.282849e+02 4.617654e+07 5.822795e+06 
2.829111e+02 4.373453e+07 5.822795e+06 
2.327195e+02 4.588590e+07 5.822795e+06 
2.134599e+02 4.742082e+07 5.822795e+06 
2.703617e+02 4.410936e+07 5.822795e+06 
2.294147e+02 4.609009e+07 5.822795e+06 
2.586307e+02 4.463030e+07 5.822795e+06 
2.563742e+02 4.488548e+07 5.822795e+06 
2.427194e+02 4.556421e+07 5.822795e+06 
2.661920e+02 4.430219e+07 5.822795e+06 
2.743394e+02 4.395984e+07 5.822795e+06 
2.556752e+02 4.486807e+07 5.822795e+06 
2.258515e+02 4.625535e+07 5.822795e+06 
2.187960e+02 4.662920e+07 5.822795e+06 
2.372904e+02 4.575854e+07 5.822795e+06 
2.566323e+02 4.473163e+07 5.822795e+06 
2.186085e+02 4.676210e+07 5.822795e+06 
2.498143e+02 4.526647e+07 5.822795e+06 
2.320650e+02 4.588564e+07 5.822795e+06 
2.836328e+02 4.359791e+07 5.822795e+06 
2.962502e+02 4.357051e+07 5.822795e+06 
2.501884e+02 4.499371e+07 5.822795e+06 
2.875994e+02 4.366697e+07 5.822795e+06 

2.249429e+02 4.630447e+07 5.822795e+06 
2.299551e+02 4.622839e+07 5.822795e+06 
2.945732e+02 4.353553e+07 5.822795e+06 
2.199668e+02 4.690103e+07 5.822795e+06 
2.173742e+02 4.708301e+07 5.822795e+06 
2.800983e+02 4.375718e+07 5.822795e+06 
2.199991e+02 4.677541e+07 5.822795e+06 
2.111248e+02 4.810902e+07 5.822795e+06 
2.111248e+02 4.810902e+07 5.822795e+06 
2.111248e+02 4.810902e+07 5.822795e+06 
2.111248e+02 4.810902e+07 5.822795e+06 
2.111248e+02 4.810902e+07 5.822795e+06 
2.111248e+02 4.810902e+07 5.822795e+06 
2.111248e+02 4.810902e+07 5.822795e+06 
2.111248e+02 4.810902e+07 5.822795e+06 
2.111248e+02 4.810902e+07 5.822795e+06 
2.111248e+02 4.810902e+07 5.822795e+06 
2.111248e+02 4.810902e+07 5.822795e+06 
2.111248e+02 4.810902e+07 5.822795e+06 
2.111248e+02 4.810902e+07 5.822795e+06 
2.111248e+02 4.810902e+07 5.822795e+06 
2.111248e+02 4.810902e+07 5.822795e+06 
2.111248e+02 4.810902e+07 5.822795e+06 
2.111248e+02 4.810902e+07 5.822795e+06 
2.111248e+02 4.810902e+07 5.822795e+06 
2.111248e+02 4.810902e+07 5.822795e+06 
2.111248e+02 4.810902e+07 5.822795e+06 
2.111248e+02 4.810902e+07 5.822795e+06 
2.111248e+02 4.810902e+07 5.822795e+06 
2.111248e+02 4.810902e+07 5.822795e+06 
2.111248e+02 4.810902e+07 5.822795e+06 
2.111248e+02 4.810902e+07 5.822795e+06 
2.111248e+02 4.810902e+07 5.822795e+06 
2.111248e+02 4.810902e+07 5.822795e+06 
2.111248e+02 4.810902e+07 5.822795e+06 
2.111248e+02 4.810902e+07 5.822795e+06 
2.111248e+02 4.810902e+07 5.822795e+06 
2.111248e+02 4.810902e+07 5.822795e+06 
2.111248e+02 4.810902e+07 5.822795e+06 
2.111248e+02 4.810902e+07 5.822795e+06 
2.111248e+02 4.810902e+07 5.822795e+06 
2.111248e+02 4.810902e+07 5.822795e+06 
2.492961e+02 4.490372e+07 5.822795e+06 
2.239317e+02 4.658497e+07 5.822795e+06 
3.270892e+02 4.308035e+07 5.822795e+06 
2.733005e+02 4.477122e+07 5.822795e+06 
2.143261e+02 4.725821e+07 5.822795e+06 
2.149983e+02 4.713802e+07 5.822795e+06 
3.042101e+02 4.357931e+07 5.822795e+06 
2.726594e+02 4.378753e+07 5.822795e+06 
2.306903e+02 4.602852e+07 5.822795e+06 
2.852730e+02 4.373197e+07 5.822795e+06 
2.475415e+02 4.514506e+07 5.822795e+06 
2.491653e+02 4.513596e+07 5.822795e+06 
2.435533e+02 4.552723e+07 5.822795e+06 
2.907456e+02 4.356616e+07 5.822795e+06 
2.190925e+02 4.703079e+07 5.822795e+06 
2.183403e+02 4.708056e+07 5.822795e+06 
2.242904e+02 4.651047e+07 5.822795e+06 
2.197464e+02 4.692846e+07 5.822795e+06 
2.907863e+02 4.356295e+07 5.822795e+06 
2.555405e+02 4.471586e+07 5.822795e+06 
2.445217e+02 4.542635e+07 5.822795e+06 
2.356371e+02 4.570065e+07 5.822795e+06 
2.431670e+02 4.556975e+07 5.822795e+06 
2.646505e+02 4.417383e+07 5.822795e+06 
2.600966e+02 4.455152e+07 5.822795e+06 
2.293205e+02 4.624536e+07 5.822795e+06 
2.216256e+02 4.659587e+07 5.822795e+06 
2.187387e+02 4.703824e+07 5.822795e+06 
3.027874e+02 4.332863e+07 5.822795e+06 
2.923330e+02 4.355507e+07 5.822795e+06 
2.574079e+02 4.468909e+07 5.822795e+06 
3.142948e+02 4.300558e+07 5.822795e+06 
2.191329e+02 4.693801e+07 5.822795e+06 
2.864205e+02 4.358656e+07 5.822795e+06 
2.442320e+02 4.549752e+07 5.822795e+06 
3.140258e+02 4.302254e+07 5.822795e+06 
2.132975e+02 4.772209e+07 5.822795e+06 
2.421305e+02 4.557745e+07 5.822795e+06 
2.601088e+02 4.432380e+07 5.822795e+06 
2.459399e+02 4.532387e+07 5.822795e+06 
2.277046e+02 4.625676e+07 5.822795e+06 
2.412378e+02 4.564535e+07 5.822795e+06 
2.240288e+02 4.658377e+07 5.822795e+06 
2.348739e+02 4.588615e+07 5.822795e+06 
2.137011e+02 4.795381e+07 5.822795e+06 
3.082510e+02 4.327149e+07 5.822795e+06 
2.455994e+02 4.534033e+07 5.822795e+06 
2.274223e+02 4.625604e+07 5.822795e+06 
2.985170e+02 4.338571e+07 5.822795e+06 
2.215691e+02 4.675146e+07 5.822795e+06 
2.590486e+02 4.461574e+07 5.822795e+06 
2.419414e+02 4.561361e+07 5.822795e+06 
2.265177e+02 4.630435e+07 5.822795e+06 
2.969341e+02 4.351095e+07 5.822795e+06 
3.048837e+02 4.331927e+07 5.822795e+06 
2.347323e+02 4.602509e+07 5.822795e+06 
2.449415e+02 4.536880e+07 5.822795e+06 
2.547739e+02 4.480268e+07 5.822795e+06 

3.005371e+02 4.361652e+07 5.822795e+06 
2.158880e+02 4.732992e+07 5.822795e+06 
3.304894e+02 4.322770e+07 5.822795e+06 
3.298948e+02 4.296220e+07 5.822795e+06 
2.170636e+02 4.695442e+07 5.822795e+06 
3.034866e+02 4.355981e+07 5.822795e+06 
3.180176e+02 4.331861e+07 5.822795e+06 
2.347760e+02 4.584667e+07 5.822795e+06 
2.606316e+02 4.472679e+07 5.822795e+06 
2.111248e+02 4.810902e+07 5.822795e+06 
2.111248e+02 4.810902e+07 5.822795e+06 
2.111248e+02 4.810902e+07 5.822795e+06 
2.111248e+02 4.810902e+07 5.822795e+06 
2.111248e+02 4.810902e+07 5.822795e+06 
2.111248e+02 4.810902e+07 5.822795e+06 
2.111248e+02 4.810902e+07 5.822795e+06 
2.111248e+02 4.810902e+07 5.822795e+06 
2.111248e+02 4.810902e+07 5.822795e+06 
2.111248e+02 4.810902e+07 5.822795e+06 
2.111248e+02 4.810902e+07 5.822795e+06 
2.111248e+02 4.810902e+07 5.822795e+06 
2.111248e+02 4.810902e+07 5.822795e+06 
2.111248e+02 4.810902e+07 5.822795e+06 
2.111248e+02 4.810902e+07 5.822795e+06 
2.111248e+02 4.810902e+07 5.822795e+06 
2.111248e+02 4.810902e+07 5.822795e+06 
2.111248e+02 4.810902e+07 5.822795e+06 
2.111248e+02 4.810902e+07 5.822795e+06 
2.111248e+02 4.810902e+07 5.822795e+06 
2.111248e+02 4.810902e+07 5.822795e+06 
2.111248e+02 4.810902e+07 5.822795e+06 
2.111248e+02 4.810902e+07 5.822795e+06 
2.111248e+02 4.810902e+07 5.822795e+06 
2.111248e+02 4.810902e+07 5.822795e+06 
2.111248e+02 4.810902e+07 5.822795e+06 
2.111248e+02 4.810902e+07 5.822795e+06 
2.111248e+02 4.810902e+07 5.822795e+06 
2.111248e+02 4.810902e+07 5.822795e+06 
2.111248e+02 4.810902e+07 5.822795e+06 
2.111248e+02 4.810902e+07 5.822795e+06 
2.111248e+02 4.810902e+07 5.822795e+06 
2.111248e+02 4.810902e+07 5.822795e+06 
2.111248e+02 4.810902e+07 5.822795e+06 
2.111248e+02 4.810902e+07 5.822795e+06 
2.111248e+02 4.810902e+07 5.822795e+06 
2.111248e+02 4.810902e+07 5.822795e+06 
2.111248e+02 4.810902e+07 5.822795e+06 
2.111248e+02 4.810902e+07 5.822795e+06 
3.176134e+02 4.331950e+07 5.822795e+06 
2.829982e+02 4.389198e+07 5.822795e+06 
2.560491e+02 4.481981e+07 5.822795e+06 
2.250163e+02 4.645738e+07 5.822795e+06 
2.258653e+02 4.633995e+07 5.822795e+06 
2.351991e+02 4.568828e+07 5.822795e+06 
2.132482e+02 4.758369e+07 5.822795e+06 
2.756579e+02 4.386516e+07 5.822795e+06 
2.715208e+02 4.425771e+07 5.822795e+06 
2.530081e+02 4.498157e+07 5.822795e+06 
2.352526e+02 4.570292e+07 5.822795e+06 
2.168842e+02 4.699166e+07 5.822795e+06 
2.159041e+02 4.726711e+07 5.822795e+06 
2.282284e+02 4.604769e+07 5.822795e+06 
2.597581e+02 4.474132e+07 5.822795e+06 
2.135868e+02 4.802328e+07 5.822795e+06 
2.214139e+02 4.675874e+07 5.822795e+06 
2.608048e+02 4.465934e+07 5.822795e+06 
2.533713e+02 4.494093e+07 5.822795e+06 
2.224756e+02 4.649607e+07 5.822795e+06 
2.306462e+02 4.599340e+07 5.822795e+06 
3.250115e+02 4.315958e+07 5.822795e+06 
2.413319e+02 4.529407e+07 5.822795e+06 
2.378363e+02 4.552126e+07 5.822795e+06 
2.934090e+02 4.362870e+07 5.822795e+06 
2.334395e+02 4.596175e+07 5.822795e+06 
2.242271e+02 4.648285e+07 5.822795e+06 
2.599954e+02 4.469284e+07 5.822795e+06 
2.160180e+02 4.715427e+07 5.822795e+06 
2.528560e+02 4.510072e+07 5.822795e+06 
2.505272e+02 4.514059e+07 5.822795e+06 
2.142938e+02 4.738383e+07 5.822795e+06 
2.280843e+02 4.620889e+07 5.822795e+06 
2.334556e+02 4.589894e+07 5.822795e+06 
3.146470e+02 4.331954e+07 5.822795e+06 
2.222559e+02 4.662610e+07 5.822795e+06 
2.178482e+02 4.677903e+07 5.822795e+06 
2.255339e+02 4.643541e+07 5.822795e+06 
3.102963e+02 4.335581e+07 5.822795e+06 
2.433113e+02 4.515052e+07 5.822795e+06 
3.195605e+02 4.321185e+07 5.822795e+06 
2.194262e+02 4.678792e+07 5.822795e+06 
3.043418e+02 4.341992e+07 5.822795e+06 
2.193446e+02 4.677514e+07 5.822795e+06 
3.113420e+02 4.339204e+07 5.822795e+06 
2.665430e+02 4.435748e+07 5.822795e+06 
2.678525e+02 4.428606e+07 5.822795e+06 
2.142776e+02 4.744664e+07 5.822795e+06 
2.633479e+02 4.446877e+07 5.822795e+06 
2.607846e+02 4.468092e+07 5.822795e+06 
2.193446e+02 4.677514e+07 5.822795e+06 
2.161158e+02 4.710424e+07 5.822795e+06 

2.673424e+02 4.457017e+07 5.822795e+06 
2.171121e+02 4.676599e+07 5.822795e+06 
2.678894e+02 4.456887e+07 5.822795e+06 
2.305363e+02 4.601514e+07 5.822795e+06 
2.282719e+02 4.606690e+07 5.822795e+06 
2.111248e+02 4.810902e+07 5.822795e+06 
2.111248e+02 4.810902e+07 5.822795e+06 
2.111248e+02 4.810902e+07 5.822795e+06 
2.111248e+02 4.810902e+07 5.822795e+06 
2.111248e+02 4.810902e+07 5.822795e+06 
2.111248e+02 4.810902e+07 5.822795e+06 
2.111248e+02 4.810902e+07 5.822795e+06 
2.111248e+02 4.810902e+07 5.822795e+06 
2.111248e+02 4.810902e+07 5.822795e+06 
2.111248e+02 4.810902e+07 5.822795e+06 
2.111248e+02 4.810902e+07 5.822795e+06 
2.111248e+02 4.810902e+07 5.822795e+06 
2.111248e+02 4.810902e+07 5.822795e+06 
2.111248e+02 4.810902e+07 5.822795e+06 
2.111248e+02 4.810902e+07 5.822795e+06 
2.111248e+02 4.810902e+07 5.822795e+06 
2.111248e+02 4.810902e+07 5.822795e+06 
2.111248e+02 4.810902e+07 5.822795e+06 
2.111248e+02 4.810902e+07 5.822795e+06 
2.111248e+02 4.810902e+07 5.822795e+06 
2.111248e+02 4.810902e+07 5.822795e+06 
2.111248e+02 4.810902e+07 5.822795e+06 
2.111248e+02 4.810902e+07 5.822795e+06 
2.111248e+02 4.810902e+07 5.822795e+06 
2.111248e+02 4.810902e+07 5.822795e+06 
2.111248e+02 4.810902e+07 5.822795e+06 
2.111248e+02 4.810902e+07 5.822795e+06 
2.111248e+02 4.810902e+07 5.822795e+06 
2.111248e+02 4.810902e+07 5.822795e+06 
2.111248e+02 4.810902e+07 5.822795e+06 
2.111248e+02 4.810902e+07 5.822795e+06 
2.111248e+02 4.810902e+07 5.822795e+06 
2.111248e+02 4.810902e+07 5.822795e+06 
2.111248e+02 4.810902e+07 5.822795e+06 
2.111248e+02 4.810902e+07 5.822795e+06 
2.111248e+02 4.810902e+07 5.822795e+06 
2.111248e+02 4.810902e+07 5.822795e+06 
2.111248e+02 4.810902e+07 5.822795e+06 
2.111248e+02 4.810902e+07 5.822795e+06 
2.111248e+02 4.810902e+07 5.822795e+06 
2.111248e+02 4.810902e+07 5.822795e+06 
2.111248e+02 4.810902e+07 5.822795e+06 
2.111248e+02 4.810902e+07 5.822795e+06 
2.111248e+02 4.810902e+07 5.822795e+06 
2.111248e+02 4.810902e+07 5.822795e+06 
2.111248e+02 4.810902e+07 5.822795e+06 
2.111248e+02 4.810902e+07 5.822795e+06 
2.111248e+02 4.810902e+07 5.822795e+06 
2.111248e+02 4.810902e+07 5.822795e+06 
2.111248e+02 4.810902e+07 5.822795e+06 
2.111248e+02 4.810902e+07 5.822795e+06 
2.111248e+02 4.810902e+07 5.822795e+06 
2.668076e+02 4.462370e+07 5.822795e+06 
2.942505e+02 4.394470e+07 5.822795e+06 
2.679839e+02 4.444119e+07 5.822795e+06 
2.879237e+02 4.396636e+07 5.822795e+06 
2.334556e+02 4.589894e+07 5.822795e+06 
2.679334e+02 4.448185e+07 5.822795e+06 
2.692809e+02 4.439351e+07 5.822795e+06 
2.353730e+02 4.574416e+07 5.822795e+06 
2.166725e+02 4.715453e+07 5.822795e+06 
2.528361e+02 4.498623e+07 5.822795e+06 
2.556695e+02 4.490323e+07 5.822795e+06 
2.420972e+02 4.543833e+07 5.822795e+06 
2.365003e+02 4.560062e+07 5.822795e+06 
2.168842e+02 4.699166e+07 5.822795e+06 
2.828972e+02 4.404675e+07 5.822795e+06 
2.919681e+02 4.388291e+07 5.822795e+06 
2.133621e+02 4.747085e+07 5.822795e+06 
2.159777e+02 4.724705e+07 5.822795e+06 
2.483235e+02 4.505612e+07 5.822795e+06 
2.135415e+02 4.743360e+07 5.822795e+06 
2.736626e+02 4.416001e+07 5.822795e+06 
2.446733e+02 4.527334e+07 5.822795e+06 
2.158225e+02 4.725433e+07 5.822795e+06 
2.165143e+02 4.724050e+07 5.822795e+06 
2.481928e+02 4.521618e+07 5.822795e+06 
2.311253e+02 4.593981e+07 5.822795e+06 
2.142938e+02 4.738383e+07 5.822795e+06 
2.373199e+02 4.555794e+07 5.822795e+06 
2.607754e+02 4.467018e+07 5.822795e+06 
2.569602e+02 4.471133e+07 5.822795e+06 
2.170143e+02 4.681602e+07 5.822795e+06 
2.730300e+02 4.423129e+07 5.822795e+06 
2.166887e+02 4.709172e+07 5.822795e+06 
2.539812e+02 4.491320e+07 5.822795e+06 
2.609279e+02 4.464544e+07 5.822795e+06 
2.693966e+02 4.423566e+07 5.822795e+06 
2.627781e+02 4.462647e+07 5.822795e+06 
2.403479e+02 4.549952e+07 5.822795e+06 
2.342159e+02 4.588201e+07 5.822795e+06 
2.143261e+02 4.725821e+07 5.822795e+06 
2.189753e+02 4.659196e+07 5.822795e+06 
2.222059e+02 4.623827e+07 5.822795e+06 
2.926423e+02 4.371793e+07 5.822795e+06 

