8.237800e+03 3.359403e+07 1.191674e+06 
8.709150e+03 3.452436e+07 9.363151e+05 
8.395400e+03 3.437702e+07 9.820330e+05 
8.307450e+03 3.388402e+07 9.895141e+05 
8.794850e+03 3.440272e+07 9.363151e+05 
8.777900e+03 3.458432e+07 9.064920e+05 
8.269350e+03 3.414079e+07 1.057574e+06 
7.460650e+03 3.164580e+07 1.532152e+06 
8.155750e+03 3.370326e+07 1.133115e+06 
7.542800e+03 3.188931e+07 1.361913e+06 
8.200850e+03 3.368746e+07 1.133115e+06 
7.262450e+03 3.027177e+07 2.042869e+06 
7.260000e+03 3.050559e+07 2.127989e+06 
8.234100e+03 3.333465e+07 1.359738e+06 
7.459600e+03 3.048854e+07 1.957750e+06 
7.271400e+03 3.024827e+07 2.127989e+06 
7.284350e+03 3.063766e+07 1.957750e+06 
7.499100e+03 3.152202e+07 1.617271e+06 
7.204000e+03 3.057351e+07 2.127989e+06 
8.259850e+03 3.363255e+07 1.106554e+06 
7.225200e+03 3.057258e+07 2.127989e+06 
7.237050e+03 3.071854e+07 2.042869e+06 
7.138850e+03 3.026667e+07 2.213108e+06 
7.099750e+03 2.994466e+07 2.298228e+06 
7.472150e+03 3.160573e+07 1.532152e+06 

8.532650e+03 3.438346e+07 9.121750e+05 
8.345050e+03 3.420017e+07 1.191674e+06 
8.140500e+03 3.284618e+07 1.284197e+06 
8.035100e+03 3.245745e+07 1.447032e+06 
8.018750e+03 3.312535e+07 1.447032e+06 
8.076650e+03 3.266932e+07 1.361913e+06 
7.451500e+03 3.100741e+07 1.957750e+06 
7.464150e+03 3.094482e+07 1.957750e+06 
7.405150e+03 3.043091e+07 2.042869e+06 
7.377400e+03 3.057989e+07 2.042869e+06 
7.438000e+03 3.110812e+07 2.127989e+06 
7.368150e+03 3.044130e+07 2.127989e+06 
7.753300e+03 3.202408e+07 1.872630e+06 
7.974400e+03 3.318861e+07 1.447032e+06 
7.963350e+03 3.332048e+07 1.447032e+06 
8.038550e+03 3.300480e+07 1.361913e+06 
7.471800e+03 3.097364e+07 1.872630e+06 
7.850850e+03 3.274954e+07 1.617271e+06 
7.450700e+03 3.104093e+07 2.127989e+06 
7.389650e+03 3.046730e+07 2.042869e+06 
7.682450e+03 3.196356e+07 1.787511e+06 
7.944050e+03 3.239489e+07 1.532152e+06 
8.465300e+03 3.405117e+07 9.363151e+05 
8.019850e+03 3.290788e+07 1.447032e+06 
7.995800e+03 3.313413e+07 1.447032e+06 

7.846750e+03 3.215726e+07 1.532152e+06 
6.988800e+03 2.892919e+07 2.042869e+06 
8.344750e+03 3.464124e+07 1.447032e+06 
6.809750e+03 2.835504e+07 2.213108e+06 
6.962400e+03 2.911706e+07 2.042869e+06 
6.705550e+03 2.821379e+07 2.425907e+06 
6.753500e+03 2.820666e+07 2.255668e+06 
8.347050e+03 3.435263e+07 1.361913e+06 
7.849950e+03 3.210019e+07 1.532152e+06 
7.002700e+03 2.896190e+07 1.957750e+06 
6.690350e+03 2.823245e+07 2.425907e+06 
7.050500e+03 2.882917e+07 2.042869e+06 
8.379000e+03 3.420540e+07 1.361913e+06 
6.912850e+03 2.831687e+07 2.127989e+06 
7.778800e+03 3.147608e+07 1.617271e+06 
7.595150e+03 3.205475e+07 1.702391e+06 
6.736850e+03 2.837843e+07 2.213108e+06 
8.487950e+03 3.494044e+07 1.276793e+06 
8.476050e+03 3.484206e+07 1.532152e+06 
6.769900e+03 2.804751e+07 2.425907e+06 
8.496500e+03 3.452221e+07 9.820330e+05 
6.979350e+03 2.902696e+07 2.042869e+06 
8.481600e+03 3.509663e+07 1.276793e+06 
7.705100e+03 3.273555e+07 1.787511e+06 
6.726500e+03 2.835766e+07 2.340788e+06 

7.797550e+03 3.295139e+07 9.479465e+05 
7.692600e+03 3.264375e+07 1.361913e+06 
7.703750e+03 3.314724e+07 1.106554e+06 
7.706650e+03 3.260500e+07 1.106554e+06 
7.308900e+03 3.094829e+07 1.532152e+06 
7.081800e+03 2.969850e+07 1.787511e+06 
7.040800e+03 2.923407e+07 1.957750e+06 
7.048000e+03 2.977506e+07 1.702391e+06 
7.032050e+03 2.942349e+07 1.872630e+06 
6.687100e+03 2.794050e+07 2.468467e+06 
7.394300e+03 3.127061e+07 1.447032e+06 
6.704200e+03 2.820781e+07 2.383347e+06 
7.679150e+03 3.272766e+07 1.191674e+06 
7.444950e+03 3.101200e+07 1.447032e+06 
6.710100e+03 2.795849e+07 2.383347e+06 
6.739250e+03 2.802592e+07 2.298228e+06 
8.568900e+03 3.505714e+07 8.987604e+05 
7.863550e+03 3.304166e+07 9.363151e+05 
7.066700e+03 2.972331e+07 1.702391e+06 
7.020650e+03 2.953008e+07 1.957750e+06 
7.017950e+03 2.966134e+07 1.872630e+06 
6.798250e+03 2.833032e+07 2.213108e+06 
6.735900e+03 2.790671e+07 2.383347e+06 
6.719200e+03 2.793142e+07 2.383347e+06 
7.025200e+03 2.948640e+07 2.042869e+06 

8.558900e+03 3.553493e+07 9.820330e+05 
6.498150e+03 2.692354e+07 2.468467e+06 
8.327950e+03 3.411952e+07 9.064920e+05 
8.530600e+03 3.582364e+07 8.764034e+05 
8.496450e+03 3.571344e+07 8.765331e+05 
6.932900e+03 2.895123e+07 2.042869e+06 
6.925450e+03 2.919562e+07 1.787511e+06 
6.884450e+03 2.936602e+07 1.957750e+06 
6.577700e+03 2.688915e+07 2.383347e+06 
7.865950e+03 3.237951e+07 9.820330e+05 
6.546600e+03 2.700138e+07 2.298228e+06 
6.970100e+03 2.907102e+07 1.787511e+06 
7.117300e+03 2.947146e+07 1.617271e+06 
6.975400e+03 2.899600e+07 1.957750e+06 
7.707950e+03 3.226486e+07 1.276793e+06 
6.510000e+03 2.688959e+07 2.383347e+06 
7.743250e+03 3.160787e+07 1.319353e+06 
7.019700e+03 2.918816e+07 1.702391e+06 
7.817950e+03 3.213077e+07 1.057574e+06 
6.554700e+03 2.692281e+07 2.298228e+06 
8.696750e+03 3.679207e+07 9.363151e+05 
8.123250e+03 3.316270e+07 9.121750e+05 
7.969500e+03 3.284047e+07 9.363151e+05 
6.952200e+03 2.901773e+07 1.872630e+06 
7.715350e+03 3.166931e+07 1.191674e+06 

8.328250e+03 3.574316e+07 9.064920e+05 
8.426500e+03 3.495731e+07 9.166462e+05 
8.097600e+03 3.417452e+07 9.820330e+05 
8.052350e+03 3.458156e+07 1.159753e+06 
8.093900e+03 3.446448e+07 1.057574e+06 
8.066150e+03 3.468178e+07 1.106554e+06 
8.225600e+03 3.527726e+07 9.602209e+05 
7.285900e+03 3.026061e+07 1.755590e+06 
7.401400e+03 3.018606e+07 1.670470e+06 
8.082450e+03 3.455399e+07 1.159753e+06 
7.207150e+03 3.000210e+07 1.925829e+06 
7.242000e+03 2.992922e+07 1.872630e+06 
7.221950e+03 2.972750e+07 2.266307e+06 
7.297200e+03 2.985873e+07 1.755590e+06 
7.247700e+03 2.991779e+07 1.872630e+06 
7.232300e+03 2.972317e+07 2.127989e+06 
7.277850e+03 3.006226e+07 1.840710e+06 
7.784150e+03 3.305897e+07 1.329992e+06 
7.216250e+03 2.973623e+07 1.957750e+06 
7.262800e+03 2.989860e+07 1.872630e+06 
7.253300e+03 3.064239e+07 1.702391e+06 
7.257850e+03 3.062706e+07 1.702391e+06 
7.307200e+03 3.088186e+07 1.617271e+06 
7.899850e+03 3.332292e+07 1.284197e+06 
7.163500e+03 2.990780e+07 1.979028e+06 

8.391800e+03 3.456408e+07 8.764034e+05 
8.335850e+03 3.404100e+07 9.363151e+05 
8.308550e+03 3.430525e+07 9.064920e+05 
8.167700e+03 3.359548e+07 9.820330e+05 
7.632700e+03 3.169379e+07 1.329992e+06 
7.136400e+03 3.012682e+07 2.042869e+06 
8.024250e+03 3.312890e+07 1.191674e+06 
7.308500e+03 2.995146e+07 2.127989e+06 
8.252900e+03 3.414503e+07 9.363151e+05 
8.213950e+03 3.322234e+07 1.149114e+06 
8.360500e+03 3.460497e+07 8.764034e+05 
7.933300e+03 3.287494e+07 1.234234e+06 
8.074250e+03 3.306362e+07 1.208656e+06 
7.267750e+03 3.001943e+07 2.042869e+06 
7.608000e+03 3.063234e+07 1.617271e+06 
7.525050e+03 3.030822e+07 1.787511e+06 
8.131400e+03 3.286543e+07 1.234234e+06 
7.498300e+03 3.038114e+07 1.872630e+06 
7.484150e+03 3.110631e+07 1.702391e+06 
8.223300e+03 3.317706e+07 1.149114e+06 
8.041550e+03 3.340352e+07 1.063994e+06 
7.946100e+03 3.316345e+07 1.191674e+06 
7.507700e+03 3.039719e+07 1.702391e+06 
7.620150e+03 3.141153e+07 1.415112e+06 
7.479150e+03 3.094909e+07 1.872630e+06 

8.512200e+03 3.486538e+07 1.021435e+06 
8.775900e+03 3.627833e+07 9.895141e+05 
7.973450e+03 3.382000e+07 1.359738e+06 
8.598900e+03 3.572454e+07 9.043945e+05 
8.457200e+03 3.487428e+07 1.074634e+06 
8.578700e+03 3.567044e+07 9.575935e+05 
8.499250e+03 3.516699e+07 1.021435e+06 
8.178000e+03 3.418364e+07 1.159753e+06 
7.247900e+03 3.001435e+07 2.127989e+06 
8.081250e+03 3.380854e+07 1.359738e+06 
7.574350e+03 3.156778e+07 1.447032e+06 
7.243650e+03 3.037691e+07 2.127989e+06 
7.901300e+03 3.396881e+07 1.276793e+06 
7.253500e+03 2.989603e+07 1.957750e+06 
7.905400e+03 3.331332e+07 1.361913e+06 
8.215900e+03 3.422423e+07 1.106554e+06 
8.532000e+03 3.494427e+07 9.895141e+05 
8.013100e+03 3.390085e+07 1.284197e+06 
7.684000e+03 3.194899e+07 1.404473e+06 
7.502450e+03 3.112399e+07 1.702391e+06 
8.212150e+03 3.410096e+07 1.244873e+06 
7.514900e+03 3.169027e+07 1.532152e+06 
7.218500e+03 3.002880e+07 2.213108e+06 
7.461100e+03 3.127783e+07 1.744951e+06 
7.495500e+03 3.092952e+07 1.872630e+06 

8.461050e+03 3.549103e+07 1.133115e+06 
8.665650e+03 3.589734e+07 9.551220e+05 
8.693100e+03 3.656911e+07 9.064920e+05 
8.587150e+03 3.596674e+07 9.363151e+05 
8.401250e+03 3.557511e+07 1.191674e+06 
7.230900e+03 3.036027e+07 1.957750e+06 
8.149700e+03 3.332430e+07 1.361913e+06 
6.425200e+03 2.657027e+07 2.383347e+06 
6.426100e+03 2.652507e+07 2.468467e+06 
8.449450e+03 3.514119e+07 1.244873e+06 
6.437250e+03 2.655899e+07 2.383347e+06 
7.197850e+03 3.038076e+07 1.957750e+06 
7.964200e+03 3.342486e+07 1.787511e+06 
7.106450e+03 3.011640e+07 2.127989e+06 
6.464950e+03 2.686507e+07 2.298228e+06 
7.266150e+03 3.061100e+07 1.872630e+06 
7.972600e+03 3.341077e+07 1.787511e+06 
7.116500e+03 2.976804e+07 2.127989e+06 
8.495500e+03 3.563281e+07 9.820330e+05 
8.491950e+03 3.539118e+07 1.191674e+06 
6.453350e+03 2.647555e+07 2.553587e+06 
7.114950e+03 3.008202e+07 2.127989e+06 
7.992550e+03 3.293894e+07 1.447032e+06 
7.142900e+03 2.992524e+07 2.042869e+06 
7.161450e+03 2.984112e+07 2.042869e+06 

6.785050e+03 2.826354e+07 2.127989e+06 
6.743950e+03 2.850200e+07 2.127989e+06 
8.333800e+03 3.279152e+07 1.159753e+06 
7.657300e+03 3.184403e+07 1.284197e+06 
7.016100e+03 2.924262e+07 1.872630e+06 
6.559400e+03 2.695572e+07 2.553587e+06 
7.094900e+03 2.917728e+07 1.787511e+06 
8.349000e+03 3.318026e+07 9.954608e+05 
7.095450e+03 2.909028e+07 1.787511e+06 
6.574850e+03 2.723344e+07 2.383347e+06 
7.016750e+03 2.907265e+07 1.872630e+06 
7.433250e+03 3.100225e+07 1.617271e+06 
7.634350e+03 3.124264e+07 1.447032e+06 
6.797350e+03 2.838038e+07 2.042869e+06 
6.612200e+03 2.736053e+07 2.213108e+06 
7.726550e+03 3.158813e+07 1.361913e+06 
6.637050e+03 2.714153e+07 2.383347e+06 
6.581700e+03 2.719212e+07 2.298228e+06 
6.562200e+03 2.699609e+07 2.468467e+06 
8.057600e+03 3.174097e+07 1.208656e+06 
7.582450e+03 3.144475e+07 1.447032e+06 
7.506400e+03 3.086266e+07 1.532152e+06 
6.555100e+03 2.702187e+07 2.468467e+06 
7.470700e+03 3.156855e+07 1.702391e+06 
6.617950e+03 2.719521e+07 2.468467e+06 

