1.685716e+02 3.677016e+07 1.832641e+06 
1.567444e+02 3.768014e+07 2.811005e+06 
1.628977e+02 3.381611e+07 1.951854e+06 
1.613730e+02 3.336715e+07 2.055676e+06 
1.640548e+02 3.276526e+07 1.951854e+06 
1.653282e+02 3.355979e+07 1.848032e+06 
1.689976e+02 3.331645e+07 1.848032e+06 
1.731327e+02 3.488038e+07 1.807074e+06 
1.617073e+02 3.363262e+07 2.159498e+06 
1.709691e+02 3.544669e+07 1.807074e+06 
1.751855e+02 3.265887e+07 2.055676e+06 
1.598267e+02 3.485257e+07 2.007860e+06 
1.673874e+02 3.287551e+07 2.055676e+06 
1.583361e+02 3.419728e+07 2.208646e+06 
1.664232e+02 3.671197e+07 1.832641e+06 
1.579861e+02 3.453591e+07 2.409432e+06 
1.579824e+02 3.447092e+07 2.409432e+06 
1.575005e+02 3.580831e+07 2.610219e+06 
1.714692e+02 3.554138e+07 1.807074e+06 
1.575542e+02 3.482071e+07 2.208646e+06 
1.635367e+02 3.338230e+07 1.848032e+06 
1.592809e+02 3.396903e+07 2.208646e+06 
1.703002e+02 3.759655e+07 1.807074e+06 
1.634154e+02 3.336184e+07 1.951854e+06 
1.716261e+02 3.273875e+07 1.951854e+06 
1.587545e+02 3.507885e+07 2.007860e+06 
1.686512e+02 3.634855e+07 1.832641e+06 
1.624617e+02 3.342484e+07 2.007860e+06 
1.606300e+02 3.442913e+07 2.007860e+06 
1.624373e+02 3.370981e+07 2.007860e+06 
1.752235e+02 3.262685e+07 1.951854e+06 
1.636025e+02 3.343627e+07 2.007860e+06 
1.707699e+02 3.621046e+07 1.807074e+06 
1.698529e+02 3.274035e+07 2.055676e+06 
1.570537e+02 3.583353e+07 3.212577e+06 
1.636959e+02 3.449243e+07 1.848032e+06 
1.699969e+02 3.645242e+07 1.807074e+06 
1.607232e+02 3.463166e+07 2.055676e+06 
1.713624e+02 3.505223e+07 1.807074e+06 
1.616656e+02 3.429581e+07 2.007860e+06 
1.725167e+02 3.497907e+07 1.807074e+06 
1.578237e+02 3.567849e+07 2.208646e+06 
1.701856e+02 3.259243e+07 1.951854e+06 
1.692970e+02 3.274593e+07 2.055676e+06 
1.604386e+02 3.366721e+07 2.208646e+06 
1.634245e+02 3.347346e+07 2.208646e+06 
1.583775e+02 3.397033e+07 2.208646e+06 
1.628985e+02 3.497713e+07 1.951854e+06 
1.624154e+02 3.467301e+07 1.848032e+06 
1.668709e+02 3.660627e+07 1.832641e+06 
1.576736e+02 3.551506e+07 3.011791e+06 
1.683825e+02 3.655102e+07 1.832641e+06 
1.612653e+02 3.441409e+07 2.055676e+06 
1.580960e+02 3.448485e+07 2.409432e+06 
1.599126e+02 3.380822e+07 2.242557e+06 
1.604343e+02 3.601224e+07 1.848032e+06 
1.729547e+02 3.297555e+07 1.848032e+06 
1.802948e+02 3.446107e+07 1.807074e+06 
1.568406e+02 3.976368e+07 3.212577e+06 
1.630911e+02 3.467726e+07 1.848032e+06 
1.732287e+02 3.502682e+07 1.807074e+06 
1.579233e+02 3.518557e+07 2.007860e+06 
1.643389e+02 3.291966e+07 1.951854e+06 
1.723727e+02 3.515342e+07 1.807074e+06 
1.574370e+02 3.616379e+07 2.409432e+06 
1.649883e+02 3.407799e+07 1.848032e+06 
1.745837e+02 3.447077e+07 1.807074e+06 
1.583335e+02 3.425607e+07 2.409432e+06 
1.571105e+02 3.518034e+07 2.007860e+06 
1.683384e+02 3.718679e+07 1.832641e+06 
1.626477e+02 3.368130e+07 2.007860e+06 
1.623192e+02 3.459446e+07 1.951854e+06 
1.593605e+02 3.456851e+07 2.007860e+06 
1.637208e+02 3.340053e+07 2.055676e+06 
1.602573e+02 3.341964e+07 2.159498e+06 
1.641391e+02 3.328176e+07 2.208646e+06 
1.705014e+02 3.271231e+07 2.055676e+06 
1.691732e+02 3.269629e+07 2.055676e+06 
1.578100e+02 3.507693e+07 2.007860e+06 
1.631041e+02 3.457163e+07 1.848032e+06 
1.582953e+02 3.502944e+07 2.208646e+06 
1.748626e+02 3.268685e+07 1.951854e+06 
1.583503e+02 3.418292e+07 2.221793e+06 
1.592309e+02 3.393708e+07 2.208646e+06 
1.747199e+02 3.270571e+07 2.055676e+06 
1.755234e+02 3.480401e+07 1.807074e+06 
1.616282e+02 3.404394e+07 2.055676e+06 
1.636401e+02 3.359609e+07 1.951854e+06 
1.687777e+02 3.575504e+07 1.832641e+06 
1.617692e+02 3.437486e+07 2.007860e+06 
1.586999e+02 3.463719e+07 2.007860e+06 
1.572845e+02 3.624682e+07 3.212577e+06 
1.611605e+02 3.416207e+07 2.055676e+06 
1.721916e+02 3.500343e+07 1.807074e+06 
1.665880e+02 3.321740e+07 1.848032e+06 
1.768009e+02 3.451708e+07 1.807074e+06 
1.645716e+02 3.335427e+07 1.848032e+06 
1.585092e+02 3.417224e+07 2.409432e+06 
1.570032e+02 3.783999e+07 2.811005e+06 
1.613148e+02 3.388465e+07 2.055676e+06 

1.677905e+02 3.604568e+07 2.007860e+06 
1.648760e+02 3.645813e+07 2.208646e+06 
1.680317e+02 3.503339e+07 2.208646e+06 
1.671972e+02 3.527246e+07 2.208646e+06 
1.750876e+02 3.798379e+07 1.807074e+06 
1.857773e+02 3.371283e+07 2.208646e+06 
1.696347e+02 3.445476e+07 2.208646e+06 
1.630555e+02 3.307596e+07 2.610219e+06 
1.684040e+02 3.587693e+07 1.972618e+06 
1.759482e+02 3.505398e+07 1.972618e+06 
1.695128e+02 3.618636e+07 1.868796e+06 
1.642597e+02 3.646978e+07 2.055676e+06 
1.650084e+02 3.636223e+07 2.159498e+06 
1.565255e+02 3.406168e+07 2.811005e+06 
1.755730e+02 3.394477e+07 2.208646e+06 
1.661275e+02 3.637435e+07 1.972618e+06 
1.703027e+02 3.516423e+07 1.972618e+06 
1.793332e+02 3.634483e+07 1.764974e+06 
1.670735e+02 3.452717e+07 2.409432e+06 
1.794980e+02 3.374610e+07 2.076440e+06 
1.710341e+02 3.536055e+07 1.868796e+06 
1.630507e+02 3.294341e+07 2.610219e+06 
1.714012e+02 3.443919e+07 2.208646e+06 
1.750805e+02 3.450793e+07 2.076440e+06 
1.677790e+02 3.622539e+07 1.972618e+06 
1.626113e+02 3.520374e+07 2.409432e+06 
1.796470e+02 3.415625e+07 2.076440e+06 
1.772239e+02 3.688849e+07 1.764974e+06 
1.714559e+02 3.542232e+07 1.972618e+06 
1.843780e+02 3.512330e+07 1.868796e+06 
1.757679e+02 3.886942e+07 1.807074e+06 
1.611833e+02 3.325696e+07 2.610219e+06 
1.707912e+02 3.585345e+07 1.972618e+06 
1.740807e+02 3.528659e+07 1.868796e+06 
1.691701e+02 3.557991e+07 1.972618e+06 
1.772496e+02 3.359390e+07 2.208646e+06 
1.596871e+02 3.325402e+07 2.610219e+06 
1.654460e+02 3.614222e+07 2.208646e+06 
1.641876e+02 3.667967e+07 2.208646e+06 
1.680086e+02 3.449308e+07 2.208646e+06 
1.698146e+02 3.651806e+07 1.868796e+06 
1.800141e+02 3.378550e+07 2.208646e+06 
1.739478e+02 3.519510e+07 1.972618e+06 
1.684127e+02 3.448562e+07 2.208646e+06 
1.754971e+02 3.414067e+07 2.208646e+06 
1.663381e+02 3.573120e+07 2.076440e+06 
1.647637e+02 3.637262e+07 2.208646e+06 
1.655689e+02 3.587394e+07 2.076440e+06 
1.778263e+02 3.398531e+07 2.208646e+06 
1.761623e+02 3.690835e+07 1.764974e+06 
1.666259e+02 3.677457e+07 1.868796e+06 
1.555473e+02 3.427290e+07 3.011791e+06 
1.674355e+02 3.668258e+07 1.868796e+06 
1.732835e+02 3.565678e+07 1.868796e+06 
1.660922e+02 3.662061e+07 2.007860e+06 
1.677984e+02 3.483640e+07 2.409432e+06 
1.686033e+02 3.717872e+07 1.868796e+06 
1.691207e+02 3.663192e+07 1.951854e+06 
1.577966e+02 3.368537e+07 2.610219e+06 
1.669802e+02 3.620389e+07 2.007860e+06 
1.668428e+02 3.561893e+07 2.208646e+06 
1.620740e+02 3.601463e+07 2.409432e+06 
1.680706e+02 3.600675e+07 1.972618e+06 
1.561227e+02 3.441466e+07 2.811005e+06 
1.669348e+02 3.742204e+07 1.868796e+06 
1.750040e+02 3.425627e+07 2.208646e+06 
1.683381e+02 3.604189e+07 1.972618e+06 
1.696582e+02 3.295867e+07 2.610219e+06 
1.757578e+02 3.772587e+07 1.807074e+06 
1.619977e+02 3.555068e+07 2.409432e+06 
1.737480e+02 3.414673e+07 2.208646e+06 
1.789786e+02 3.629235e+07 1.764974e+06 
1.760084e+02 3.519424e+07 1.868796e+06 
1.775114e+02 3.403724e+07 2.208646e+06 
1.711802e+02 3.586850e+07 1.868796e+06 
1.707068e+02 3.262852e+07 2.610219e+06 
1.817124e+02 3.620390e+07 1.764974e+06 
1.681461e+02 3.682408e+07 1.951854e+06 
1.713039e+02 3.428257e+07 2.409432e+06 
1.687378e+02 3.435341e+07 2.208646e+06 
1.555463e+02 3.365200e+07 2.811005e+06 
1.739923e+02 3.527745e+07 1.868796e+06 
1.576660e+02 3.364600e+07 2.610219e+06 
1.767498e+02 3.693308e+07 1.764974e+06 
1.783598e+02 3.682291e+07 1.764974e+06 
1.654926e+02 3.629127e+07 1.972618e+06 
1.553799e+02 3.473591e+07 3.011791e+06 
1.625135e+02 3.519702e+07 2.409432e+06 
1.647158e+02 3.653945e+07 2.076440e+06 
1.654597e+02 3.554432e+07 2.007860e+06 
1.743328e+02 3.504312e+07 1.972618e+06 
1.638441e+02 3.640145e+07 2.208646e+06 
1.741144e+02 3.420929e+07 2.409432e+06 
1.748286e+02 3.412776e+07 2.208646e+06 
1.724056e+02 3.435376e+07 2.208646e+06 
1.599087e+02 3.330050e+07 2.610219e+06 
1.781459e+02 3.395466e+07 2.208646e+06 
1.703653e+02 3.589718e+07 1.868796e+06 
1.763539e+02 3.504726e+07 1.868796e+06 
1.682710e+02 3.306158e+07 2.610219e+06 

1.794283e+02 3.355255e+07 1.807074e+06 
1.603437e+02 3.661874e+07 2.208646e+06 
1.670114e+02 3.448425e+07 1.807074e+06 
1.695640e+02 3.342670e+07 1.972618e+06 
1.626691e+02 3.473504e+07 2.409432e+06 
1.708210e+02 3.400013e+07 1.807074e+06 
1.685036e+02 3.927764e+07 1.639732e+06 
1.724810e+02 3.325497e+07 1.972618e+06 
1.672473e+02 3.373219e+07 1.868796e+06 
1.622790e+02 3.657143e+07 1.764974e+06 
1.621207e+02 3.491096e+07 2.208646e+06 
1.604412e+02 3.652204e+07 1.868796e+06 
1.628571e+02 3.454139e+07 2.610219e+06 
1.608166e+02 3.643362e+07 2.208646e+06 
1.722990e+02 3.340997e+07 1.868796e+06 
1.653024e+02 3.369869e+07 1.972618e+06 
1.711680e+02 3.272242e+07 2.076440e+06 
1.806008e+02 3.341193e+07 1.868796e+06 
1.650202e+02 3.411768e+07 1.868796e+06 
1.698368e+02 3.430655e+07 1.807074e+06 
1.950343e+02 3.310173e+07 2.007860e+06 
1.625945e+02 3.435033e+07 2.811005e+06 
1.632635e+02 3.438319e+07 2.811005e+06 
1.634012e+02 3.443976e+07 2.409432e+06 
1.691578e+02 3.432278e+07 1.807074e+06 
1.685055e+02 3.247673e+07 2.076440e+06 
1.707569e+02 3.819273e+07 1.639732e+06 
1.763563e+02 3.531513e+07 1.764974e+06 
1.628458e+02 3.449706e+07 2.811005e+06 
1.640005e+02 3.355879e+07 2.409432e+06 
1.789803e+02 3.394142e+07 1.807074e+06 
1.680229e+02 3.369168e+07 1.972618e+06 
1.652458e+02 3.374483e+07 2.007860e+06 
1.667861e+02 3.396775e+07 1.868796e+06 
1.713065e+02 3.334603e+07 1.972618e+06 
1.640483e+02 3.414814e+07 2.007860e+06 
1.668740e+02 3.309871e+07 2.208646e+06 
1.758224e+02 3.402773e+07 1.807074e+06 
1.669304e+02 3.890545e+07 1.661152e+06 
1.704951e+02 3.859273e+07 1.639732e+06 
1.592906e+02 3.783985e+07 2.610219e+06 
1.662934e+02 3.814202e+07 1.736186e+06 
1.643895e+02 3.408257e+07 2.208646e+06 
1.697302e+02 3.535599e+07 1.764974e+06 
1.652685e+02 3.349991e+07 2.208646e+06 
1.674096e+02 3.432581e+07 1.807074e+06 
1.674202e+02 3.399808e+07 1.868796e+06 
1.637961e+02 3.426643e+07 2.208646e+06 
1.605604e+02 3.672486e+07 2.208646e+06 
1.743692e+02 3.234166e+07 2.076440e+06 
1.680097e+02 3.826703e+07 1.661152e+06 
1.683151e+02 3.688668e+07 1.736186e+06 
1.611414e+02 3.650111e+07 2.058056e+06 
1.703309e+02 3.286842e+07 2.076440e+06 
1.702767e+02 3.358213e+07 1.868796e+06 
1.639443e+02 3.405626e+07 2.610219e+06 
1.669701e+02 3.317750e+07 2.076440e+06 
1.787854e+02 3.509467e+07 1.764974e+06 
1.735341e+02 3.657728e+07 1.736186e+06 
1.626245e+02 3.454928e+07 2.610219e+06 
1.748412e+02 3.257114e+07 2.076440e+06 
1.651517e+02 3.394015e+07 1.972618e+06 
1.719977e+02 3.737252e+07 1.661152e+06 
1.649399e+02 3.405994e+07 1.972618e+06 
1.693881e+02 3.363116e+07 1.972618e+06 
1.710402e+02 3.816325e+07 1.639732e+06 
1.649176e+02 3.402027e+07 2.409432e+06 
1.616582e+02 3.638192e+07 1.807074e+06 
1.837476e+02 3.379143e+07 1.807074e+06 
1.621253e+02 3.492390e+07 2.610219e+06 
1.647354e+02 3.388597e+07 2.007860e+06 
1.744712e+02 3.329471e+07 1.972618e+06 
1.649715e+02 3.360244e+07 2.409432e+06 
1.618108e+02 3.624382e+07 1.807074e+06 
1.694467e+02 3.901369e+07 1.639732e+06 
1.645158e+02 3.342907e+07 2.208646e+06 
1.778514e+02 3.316125e+07 2.007860e+06 
1.644111e+02 3.406595e+07 2.007860e+06 
1.732893e+02 3.314655e+07 1.972618e+06 
1.727246e+02 3.399588e+07 1.807074e+06 
1.636888e+02 3.433701e+07 2.811005e+06 
1.681981e+02 3.312691e+07 2.076440e+06 
1.654820e+02 3.314523e+07 2.076440e+06 
1.720478e+02 3.333575e+07 1.972618e+06 
1.604003e+02 3.677633e+07 2.208646e+06 
1.648724e+02 3.411710e+07 1.972618e+06 
1.669876e+02 3.723161e+07 1.661152e+06 
1.672185e+02 3.385410e+07 1.868796e+06 
1.684388e+02 3.700585e+07 1.736186e+06 
1.697555e+02 3.841551e+07 1.639732e+06 
1.685037e+02 3.361758e+07 2.007860e+06 
1.608947e+02 3.683423e+07 2.007860e+06 
1.692013e+02 3.363552e+07 1.868796e+06 
1.611584e+02 3.643522e+07 2.007860e+06 
1.635742e+02 3.445189e+07 2.208646e+06 
1.601759e+02 3.682314e+07 2.208646e+06 
1.680402e+02 3.276017e+07 2.076440e+06 
1.696290e+02 3.358523e+07 1.868796e+06 
1.618101e+02 3.544386e+07 1.764974e+06 
1.821005e+02 3.548081e+07 1.764974e+06 

1.703356e+02 3.641590e+07 1.661152e+06 
1.595274e+02 3.284626e+07 2.076440e+06 
1.571056e+02 3.506848e+07 2.610219e+06 
1.674436e+02 3.553986e+07 1.764974e+06 
1.641470e+02 3.590422e+07 1.807074e+06 
1.703399e+02 3.483118e+07 1.807074e+06 
1.641990e+02 3.711743e+07 1.764974e+06 
1.583985e+02 3.395583e+07 2.208646e+06 
1.666163e+02 3.631726e+07 1.744210e+06 
1.612665e+02 3.392664e+07 1.868796e+06 
1.586337e+02 3.550818e+07 2.007860e+06 
1.591928e+02 3.340380e+07 2.076440e+06 
1.680854e+02 3.524307e+07 1.736186e+06 
1.730169e+02 3.496542e+07 1.764974e+06 
1.600607e+02 3.338519e+07 2.007860e+06 
1.714826e+02 3.501332e+07 1.661152e+06 
1.718727e+02 3.475353e+07 1.764974e+06 
1.638941e+02 3.281723e+07 2.076440e+06 
1.583726e+02 3.383185e+07 2.610219e+06 
1.641752e+02 3.291100e+07 1.972618e+06 
1.577271e+02 3.457454e+07 2.409432e+06 
1.581347e+02 3.385644e+07 2.610219e+06 
1.578217e+02 3.442831e+07 2.208646e+06 
1.658549e+02 3.344910e+07 1.868796e+06 
1.606099e+02 3.300950e+07 2.076440e+06 
1.583855e+02 3.360905e+07 2.076440e+06 
1.581190e+02 3.446144e+07 2.076440e+06 
1.690322e+02 3.540756e+07 1.764974e+06 
1.646612e+02 3.507760e+07 1.856754e+06 
1.638185e+02 3.334953e+07 1.868796e+06 
1.567004e+02 3.549225e+07 3.011791e+06 
1.569033e+02 3.520761e+07 2.610219e+06 
1.577250e+02 3.400685e+07 2.610219e+06 
1.618782e+02 3.329799e+07 1.972618e+06 
1.579817e+02 3.402167e+07 2.208646e+06 
1.603464e+02 3.310195e+07 2.007860e+06 
1.626119e+02 3.298936e+07 2.055676e+06 
1.574816e+02 3.509757e+07 2.610219e+06 
1.591159e+02 3.355879e+07 2.409432e+06 
1.601534e+02 3.392001e+07 1.868796e+06 
1.576066e+02 3.463372e+07 2.811005e+06 
1.645602e+02 3.538650e+07 1.856754e+06 
1.606628e+02 3.367446e+07 1.972618e+06 
1.586652e+02 3.324281e+07 2.610219e+06 
1.592205e+02 3.339669e+07 2.076440e+06 
1.569248e+02 3.533331e+07 3.011791e+06 
1.598415e+02 3.336619e+07 2.007860e+06 
1.648221e+02 3.487633e+07 1.807074e+06 
1.575448e+02 3.478630e+07 3.011791e+06 
1.585139e+02 3.362395e+07 2.208646e+06 
1.596316e+02 3.337636e+07 2.007860e+06 
1.599889e+02 3.422309e+07 1.868796e+06 
1.632037e+02 3.244144e+07 2.076440e+06 
1.604136e+02 3.309058e+07 2.076440e+06 
1.703000e+02 3.619967e+07 1.661152e+06 
1.580335e+02 3.391076e+07 2.208646e+06 
1.618407e+02 3.553656e+07 1.856754e+06 
1.595371e+02 3.369721e+07 1.972618e+06 
1.586948e+02 3.403404e+07 2.076440e+06 
1.589471e+02 3.369370e+07 2.007860e+06 
1.622479e+02 3.696016e+07 1.832641e+06 
1.584533e+02 3.342247e+07 2.076440e+06 
1.575313e+02 3.491525e+07 2.409432e+06 
1.591973e+02 3.303923e+07 2.076440e+06 
1.594856e+02 3.314934e+07 2.076440e+06 
1.614673e+02 3.384524e+07 1.868796e+06 
1.647571e+02 3.268716e+07 1.972618e+06 
1.673580e+02 3.629056e+07 1.764974e+06 
1.695072e+02 3.607275e+07 1.736186e+06 
1.582123e+02 3.423257e+07 2.208646e+06 
1.592506e+02 3.346831e+07 1.972618e+06 
1.641187e+02 3.664389e+07 1.807074e+06 
1.711077e+02 3.481735e+07 1.736186e+06 
1.580835e+02 3.432008e+07 2.409432e+06 
1.582271e+02 3.397599e+07 2.076440e+06 
1.658024e+02 3.508290e+07 1.807074e+06 
1.617533e+02 3.301684e+07 1.972618e+06 
1.576332e+02 3.386636e+07 2.409432e+06 
1.628172e+02 3.712218e+07 1.832641e+06 
1.606909e+02 3.440169e+07 1.868796e+06 
1.601866e+02 3.306616e+07 1.972618e+06 
1.570922e+02 3.461701e+07 2.811005e+06 
1.634647e+02 3.666907e+07 1.807074e+06 
1.637995e+02 3.664113e+07 1.807074e+06 
1.592197e+02 3.422750e+07 2.007860e+06 
1.713059e+02 3.593462e+07 1.661152e+06 
1.565326e+02 3.614048e+07 3.413363e+06 
1.621780e+02 3.244828e+07 1.972618e+06 
1.589919e+02 3.365718e+07 2.007860e+06 
1.649704e+02 3.562769e+07 1.764974e+06 
1.566894e+02 3.477632e+07 3.011791e+06 
1.707305e+02 3.519104e+07 1.764974e+06 
1.724095e+02 3.509115e+07 1.661152e+06 
1.624926e+02 3.596920e+07 1.856754e+06 
1.710188e+02 3.526898e+07 1.736186e+06 
1.588852e+02 3.388759e+07 2.007860e+06 
1.666989e+02 3.497162e+07 1.807074e+06 
1.589187e+02 3.362148e+07 2.409432e+06 
1.573330e+02 3.519074e+07 3.011791e+06 
1.587367e+02 3.333540e+07 2.208646e+06 

1.592111e+02 3.267844e+07 2.076440e+06 
1.680350e+02 3.350119e+07 1.868796e+06 
1.599959e+02 3.346247e+07 2.007860e+06 
1.736821e+02 3.443475e+07 1.832641e+06 
1.847659e+02 3.890335e+07 1.639732e+06 
1.671469e+02 3.605075e+07 1.832641e+06 
1.593401e+02 3.331692e+07 1.972618e+06 
1.811161e+02 3.446187e+07 1.764974e+06 
1.800178e+02 3.900909e+07 1.736186e+06 
1.572703e+02 3.358395e+07 2.409432e+06 
1.601366e+02 3.324714e+07 2.208646e+06 
1.678208e+02 3.503560e+07 1.832641e+06 
1.759724e+02 3.471877e+07 1.764974e+06 
1.769434e+02 3.440722e+07 1.764974e+06 
1.683817e+02 3.470504e+07 1.832641e+06 
1.776468e+02 4.048094e+07 1.639732e+06 
1.662458e+02 3.213148e+07 1.972618e+06 
1.792766e+02 3.426382e+07 1.764974e+06 
1.543892e+02 3.692196e+07 3.614149e+06 
1.641077e+02 3.244837e+07 1.972618e+06 
1.594777e+02 3.353417e+07 2.076440e+06 
1.550917e+02 3.667536e+07 3.614149e+06 
1.625002e+02 3.210672e+07 2.076440e+06 
1.684483e+02 3.324626e+07 1.868796e+06 
1.792892e+02 3.426208e+07 1.832641e+06 
1.767922e+02 3.992505e+07 1.661152e+06 
1.718642e+02 4.015867e+07 1.736186e+06 
1.852302e+02 3.859824e+07 1.639732e+06 
1.829936e+02 3.819269e+07 1.661152e+06 
1.613500e+02 3.307170e+07 1.972618e+06 
1.785406e+02 3.174994e+07 1.972618e+06 
1.662793e+02 3.515943e+07 1.832641e+06 
1.778765e+02 3.930356e+07 1.661152e+06 
1.580235e+02 3.371479e+07 2.208646e+06 
1.623830e+02 3.271422e+07 1.972618e+06 
1.791368e+02 3.911727e+07 1.661152e+06 
1.767415e+02 3.430122e+07 1.832641e+06 
1.745593e+02 3.196443e+07 1.972618e+06 
1.855670e+02 3.844133e+07 1.661152e+06 
1.545110e+02 3.698662e+07 3.614149e+06 
1.565438e+02 3.370310e+07 2.409432e+06 
1.768255e+02 3.444391e+07 1.764974e+06 
1.624557e+02 3.371698e+07 1.868796e+06 
1.680287e+02 3.475308e+07 1.832641e+06 
1.673004e+02 3.505948e+07 1.832641e+06 
1.636542e+02 3.260293e+07 1.972618e+06 
1.566351e+02 3.367502e+07 2.409432e+06 
1.741945e+02 3.789679e+07 1.764974e+06 
1.706225e+02 3.452656e+07 1.832641e+06 
1.558801e+02 3.443162e+07 2.409432e+06 
1.729115e+02 3.962508e+07 1.736186e+06 
1.777918e+02 3.912599e+07 1.736186e+06 
1.561201e+02 3.368476e+07 2.409432e+06 
1.745144e+02 3.915937e+07 1.736186e+06 
1.802353e+02 4.022634e+07 1.639732e+06 
1.605069e+02 3.316907e+07 1.972618e+06 
1.581506e+02 3.339994e+07 2.409432e+06 
1.904989e+02 3.806095e+07 1.661152e+06 
1.664859e+02 3.209995e+07 1.972618e+06 
1.831364e+02 3.961364e+07 1.639732e+06 
1.625232e+02 3.270457e+07 1.972618e+06 
1.661799e+02 3.595313e+07 1.832641e+06 
1.781088e+02 3.430352e+07 1.764974e+06 
1.717171e+02 3.450264e+07 1.832641e+06 
1.842300e+02 3.921899e+07 1.639732e+06 
1.633360e+02 3.240648e+07 2.076440e+06 
1.837558e+02 3.811441e+07 1.661152e+06 
1.700787e+02 4.014698e+07 1.807074e+06 
1.729369e+02 3.799650e+07 1.764974e+06 
1.624983e+02 3.228976e+07 2.076440e+06 
1.787527e+02 3.501396e+07 1.807074e+06 
1.689575e+02 3.451902e+07 1.832641e+06 
1.840277e+02 3.813686e+07 1.736186e+06 
1.679469e+02 3.201088e+07 1.972618e+06 
1.877238e+02 3.873163e+07 1.639732e+06 
1.765034e+02 4.031818e+07 1.639732e+06 
1.637156e+02 3.246728e+07 1.972618e+06 
1.663411e+02 3.352798e+07 1.868796e+06 
1.744786e+02 3.428185e+07 1.832641e+06 
1.642481e+02 3.228805e+07 1.972618e+06 
1.604946e+02 3.281515e+07 2.076440e+06 
1.591795e+02 3.354069e+07 2.208646e+06 
1.751982e+02 3.913851e+07 1.736186e+06 
1.774625e+02 3.192457e+07 1.972618e+06 
1.734361e+02 3.182752e+07 1.972618e+06 
1.733005e+02 3.815295e+07 1.764974e+06 
1.685435e+02 3.465179e+07 1.832641e+06 
1.584687e+02 3.337006e+07 2.208646e+06 
1.557628e+02 3.406677e+07 2.409432e+06 
1.810622e+02 3.998965e+07 1.639732e+06 
1.662200e+02 3.206797e+07 1.972618e+06 
1.722465e+02 3.198561e+07 1.972618e+06 
1.760165e+02 3.455861e+07 1.764974e+06 
1.629130e+02 3.249021e+07 2.076440e+06 
1.562670e+02 3.380393e+07 2.409432e+06 
1.718591e+02 3.330518e+07 1.868796e+06 
1.724951e+02 3.447809e+07 1.832641e+06 
1.706107e+02 3.454651e+07 1.807074e+06 
1.631049e+02 3.396153e+07 1.868796e+06 
1.701348e+02 3.203802e+07 1.972618e+06 

1.596644e+02 3.603192e+07 2.811005e+06 
1.579416e+02 3.765038e+07 3.614149e+06 
1.568211e+02 3.865680e+07 3.614149e+06 
1.755693e+02 3.341553e+07 1.972618e+06 
1.719572e+02 3.351676e+07 1.972618e+06 
1.753782e+02 3.508846e+07 1.832641e+06 
1.718939e+02 3.579202e+07 1.832641e+06 
1.751936e+02 3.532761e+07 1.832641e+06 
1.616624e+02 3.595964e+07 2.208646e+06 
1.621411e+02 3.496216e+07 2.007860e+06 
1.654109e+02 3.375947e+07 1.972618e+06 
1.592176e+02 3.620699e+07 2.811005e+06 
1.674379e+02 3.392493e+07 1.972618e+06 
1.728189e+02 3.708994e+07 1.807074e+06 
1.642605e+02 3.561172e+07 1.972618e+06 
1.578106e+02 3.771847e+07 3.614149e+06 
1.835469e+02 3.734180e+07 1.764974e+06 
1.619308e+02 3.532318e+07 2.208646e+06 
1.855803e+02 3.659290e+07 1.764974e+06 
1.659781e+02 3.406304e+07 2.076440e+06 
1.573139e+02 3.908631e+07 3.413363e+06 
1.805238e+02 3.775970e+07 1.736186e+06 
1.798909e+02 3.672555e+07 1.807074e+06 
1.778182e+02 3.704239e+07 1.807074e+06 
1.613368e+02 3.525241e+07 2.409432e+06 
1.668285e+02 3.404156e+07 2.055676e+06 
1.736218e+02 3.530079e+07 1.832641e+06 
1.640678e+02 3.425150e+07 1.972618e+06 
1.685343e+02 3.375428e+07 1.972618e+06 
1.792616e+02 3.769502e+07 1.764974e+06 
1.573785e+02 3.841546e+07 3.413363e+06 
1.669971e+02 3.380907e+07 2.076440e+06 
1.607817e+02 3.602908e+07 2.610219e+06 
1.622380e+02 3.540770e+07 2.610219e+06 
1.612695e+02 3.580341e+07 2.409432e+06 
1.784376e+02 3.349063e+07 1.972618e+06 
1.604513e+02 3.681412e+07 2.610219e+06 
1.597216e+02 3.628177e+07 2.610219e+06 
1.589603e+02 3.676186e+07 2.811005e+06 
1.702809e+02 3.593072e+07 1.832641e+06 
1.605972e+02 3.558450e+07 2.610219e+06 
1.654978e+02 3.467337e+07 1.868796e+06 
1.564754e+02 4.007925e+07 3.614149e+06 
1.626410e+02 3.511235e+07 2.409432e+06 
1.593036e+02 3.698981e+07 2.811005e+06 
1.692729e+02 3.380281e+07 1.972618e+06 
1.618164e+02 3.536285e+07 2.208646e+06 
1.623769e+02 3.514611e+07 2.409432e+06 
1.635354e+02 3.444862e+07 2.076440e+06 
1.862369e+02 3.681349e+07 1.807074e+06 
1.617515e+02 3.517344e+07 2.409432e+06 
1.673393e+02 3.635805e+07 1.832641e+06 
1.708247e+02 3.346847e+07 1.972618e+06 
1.741606e+02 3.746011e+07 1.807074e+06 
1.649726e+02 3.503179e+07 1.868796e+06 
1.691384e+02 3.507983e+07 1.868796e+06 
1.696966e+02 3.617201e+07 1.832641e+06 
1.821154e+02 3.733709e+07 1.764974e+06 
1.728780e+02 3.572594e+07 1.832641e+06 
1.788688e+02 3.337381e+07 1.972618e+06 
1.592975e+02 3.685820e+07 3.011791e+06 
1.599281e+02 3.604570e+07 2.811005e+06 
1.599054e+02 3.653627e+07 2.811005e+06 
1.660002e+02 3.677299e+07 1.832641e+06 
1.672204e+02 3.633469e+07 1.832641e+06 
1.588845e+02 3.882584e+07 3.212577e+06 
1.644125e+02 3.418690e+07 2.076440e+06 
1.676454e+02 3.620929e+07 1.832641e+06 
1.656053e+02 3.612689e+07 1.868796e+06 
1.564729e+02 3.832028e+07 3.614149e+06 
1.623438e+02 3.463494e+07 2.007860e+06 
1.664611e+02 3.727950e+07 1.832641e+06 
1.669295e+02 3.644086e+07 1.848032e+06 
1.609335e+02 3.624595e+07 2.409432e+06 
1.665000e+02 3.645918e+07 1.832641e+06 
1.613773e+02 3.539788e+07 2.208646e+06 
1.561718e+02 4.012210e+07 3.614149e+06 
1.615771e+02 3.543668e+07 2.409432e+06 
1.629383e+02 3.466928e+07 2.007860e+06 
1.572445e+02 3.822435e+07 3.614149e+06 
1.563033e+02 4.032853e+07 3.413363e+06 
1.604111e+02 3.637189e+07 2.409432e+06 
1.802333e+02 3.822290e+07 1.736186e+06 
1.697397e+02 3.607108e+07 1.832641e+06 
1.646502e+02 3.428825e+07 1.972618e+06 
1.642109e+02 3.402469e+07 2.076440e+06 
1.778509e+02 3.315668e+07 1.972618e+06 
1.562736e+02 4.055164e+07 3.814935e+06 
1.808476e+02 3.782952e+07 1.736186e+06 
1.623636e+02 3.514772e+07 2.208646e+06 
1.569522e+02 3.849480e+07 3.814935e+06 
1.585513e+02 3.746430e+07 3.614149e+06 
1.592861e+02 3.966543e+07 3.413363e+06 
1.786372e+02 3.345031e+07 1.972618e+06 
1.862962e+02 3.643868e+07 1.807074e+06 
1.887570e+02 3.668897e+07 1.807074e+06 
1.630606e+02 3.435894e+07 2.007860e+06 
1.694969e+02 3.490069e+07 1.868796e+06 
1.619048e+02 3.557235e+07 2.208646e+06 
1.611506e+02 3.567198e+07 2.409432e+06 

1.787963e+02 3.477393e+07 1.764974e+06 
1.650538e+02 3.822049e+07 1.661152e+06 
1.632413e+02 3.587150e+07 1.807074e+06 
1.679669e+02 3.517965e+07 1.764974e+06 
1.673154e+02 4.090249e+07 1.606288e+06 
1.657079e+02 3.527523e+07 1.807074e+06 
1.547438e+02 3.462164e+07 2.208646e+06 
1.546951e+02 3.437069e+07 2.409432e+06 
1.630151e+02 3.688160e+07 1.764974e+06 
1.614738e+02 3.606108e+07 1.807074e+06 
1.621237e+02 3.514632e+07 1.868796e+06 
1.680239e+02 3.333896e+07 1.972618e+06 
1.576194e+02 3.377566e+07 2.208646e+06 
1.619956e+02 3.637003e+07 1.868796e+06 
1.585315e+02 3.410015e+07 2.208646e+06 
1.647462e+02 3.986513e+07 1.639732e+06 
1.548604e+02 3.458219e+07 2.208646e+06 
1.562806e+02 3.417542e+07 2.208646e+06 
1.656100e+02 3.343721e+07 1.972618e+06 
1.630779e+02 3.607693e+07 1.764974e+06 
1.613309e+02 3.351633e+07 1.972618e+06 
1.827450e+02 3.544872e+07 1.764974e+06 
1.536667e+02 3.575077e+07 3.011791e+06 
1.683886e+02 3.647138e+07 1.736186e+06 
1.713312e+02 3.349628e+07 1.868796e+06 
1.666295e+02 3.978298e+07 1.606288e+06 
1.656603e+02 3.426989e+07 1.868796e+06 
1.655055e+02 3.544779e+07 1.807074e+06 
1.648964e+02 3.773021e+07 1.639732e+06 
1.686017e+02 3.620434e+07 1.736186e+06 
1.660879e+02 3.556164e+07 1.764974e+06 
1.645916e+02 3.997694e+07 1.606288e+06 
1.571458e+02 3.413225e+07 2.208646e+06 
1.732464e+02 3.317327e+07 1.972618e+06 
1.639423e+02 3.343187e+07 1.972618e+06 
1.607499e+02 3.407572e+07 2.007860e+06 
1.610684e+02 3.375879e+07 1.972618e+06 
1.689091e+02 3.329507e+07 1.972618e+06 
1.663990e+02 3.677238e+07 1.736186e+06 
1.806762e+02 3.518714e+07 1.807074e+06 
1.819502e+02 3.435754e+07 1.764974e+06 
1.833189e+02 3.463412e+07 1.764974e+06 
1.628681e+02 3.945027e+07 1.736186e+06 
1.643873e+02 4.045226e+07 1.736186e+06 
1.607792e+02 3.340148e+07 1.972618e+06 
1.773228e+02 3.478856e+07 1.764974e+06 
1.548914e+02 3.418461e+07 2.007860e+06 
1.660731e+02 3.663277e+07 1.736186e+06 
1.729366e+02 3.482003e+07 1.764974e+06 
1.539426e+02 3.536366e+07 2.811005e+06 
1.628796e+02 3.593902e+07 1.807074e+06 
1.559782e+02 3.418326e+07 2.208646e+06 
1.645159e+02 4.032682e+07 1.639732e+06 
1.547463e+02 3.463794e+07 2.208646e+06 
1.601792e+02 3.860564e+07 1.832641e+06 
1.746041e+02 3.367941e+07 1.868796e+06 
1.677104e+02 3.536253e+07 1.764974e+06 
1.634751e+02 3.920129e+07 1.736186e+06 
1.549736e+02 3.438616e+07 2.007860e+06 
1.698953e+02 3.798917e+07 1.661152e+06 
1.680025e+02 3.394451e+07 1.868796e+06 
1.647430e+02 3.573500e+07 1.764974e+06 
1.539239e+02 3.559558e+07 2.409432e+06 
1.626150e+02 3.587964e+07 1.807074e+06 
1.626472e+02 3.974798e+07 1.736186e+06 
1.536000e+02 3.442966e+07 2.610219e+06 
1.613542e+02 3.737595e+07 1.807074e+06 
1.687532e+02 3.627945e+07 1.736186e+06 
1.569231e+02 3.419578e+07 2.208646e+06 
1.590113e+02 3.411146e+07 2.007860e+06 
1.606585e+02 3.784363e+07 1.807074e+06 
1.677238e+02 3.491211e+07 1.764974e+06 
1.673678e+02 3.744324e+07 1.661152e+06 
1.695009e+02 3.855867e+07 1.639732e+06 
1.604523e+02 3.821228e+07 1.832641e+06 
1.732098e+02 3.929206e+07 1.606288e+06 
1.539669e+02 3.465409e+07 2.610219e+06 
1.558335e+02 3.426716e+07 2.076440e+06 
1.632984e+02 3.456719e+07 1.868796e+06 
1.604693e+02 3.401935e+07 2.007860e+06 
1.649606e+02 3.311852e+07 1.972618e+06 
1.600186e+02 3.501814e+07 1.868796e+06 
1.583642e+02 3.416476e+07 2.007860e+06 
1.649674e+02 3.566857e+07 1.764974e+06 
1.635730e+02 3.733206e+07 1.736186e+06 
1.642161e+02 3.972513e+07 1.661152e+06 
1.685544e+02 3.640334e+07 1.736186e+06 
1.705995e+02 3.364490e+07 1.868796e+06 
1.645871e+02 3.331957e+07 1.972618e+06 
1.647914e+02 3.344899e+07 1.972618e+06 
1.645123e+02 3.338659e+07 1.972618e+06 
1.540612e+02 3.483719e+07 2.409432e+06 
1.727365e+02 3.829257e+07 1.606288e+06 
1.758090e+02 3.490290e+07 1.764974e+06 
1.621590e+02 3.853318e+07 1.764974e+06 
1.619178e+02 3.593586e+07 1.807074e+06 
1.653382e+02 4.065227e+07 1.639732e+06 
1.637308e+02 3.419638e+07 1.868796e+06 
1.728190e+02 3.426003e+07 1.868796e+06 
1.694160e+02 3.610262e+07 1.736186e+06 

1.762625e+02 3.581217e+07 1.764974e+06 
1.626542e+02 3.493044e+07 2.208646e+06 
1.594304e+02 3.651310e+07 2.610219e+06 
1.730910e+02 3.357023e+07 2.076440e+06 
1.596266e+02 4.273574e+07 2.409432e+06 
1.717140e+02 3.358993e+07 2.076440e+06 
1.628410e+02 3.440631e+07 2.076440e+06 
1.757817e+02 3.621940e+07 1.764974e+06 
1.632077e+02 3.496184e+07 1.972618e+06 
1.620949e+02 3.541717e+07 2.208646e+06 
1.638837e+02 3.555171e+07 1.868796e+06 
1.622496e+02 3.512120e+07 2.208646e+06 
1.595963e+02 3.550139e+07 2.811005e+06 
1.747351e+02 3.657321e+07 1.807074e+06 
1.667381e+02 3.521760e+07 1.868796e+06 
1.749648e+02 3.667717e+07 1.764974e+06 
1.658617e+02 3.437752e+07 1.972618e+06 
1.621095e+02 3.525090e+07 2.208646e+06 
1.714200e+02 3.390076e+07 2.076440e+06 
1.756416e+02 3.632989e+07 1.764974e+06 
1.794371e+02 3.593722e+07 1.764974e+06 
1.749445e+02 3.639522e+07 1.807074e+06 
1.616945e+02 3.549274e+07 2.007860e+06 
1.610737e+02 3.547743e+07 2.610219e+06 
1.624636e+02 3.474769e+07 2.076440e+06 
1.624090e+02 3.475127e+07 2.007860e+06 
1.717480e+02 3.490875e+07 1.868796e+06 
1.637788e+02 3.407567e+07 2.076440e+06 
1.661346e+02 3.404820e+07 1.972618e+06 
1.644893e+02 3.441242e+07 1.972618e+06 
1.788793e+02 3.445824e+07 1.868796e+06 
1.616983e+02 3.548673e+07 2.409432e+06 
1.726921e+02 3.392207e+07 1.972618e+06 
1.661666e+02 3.553582e+07 1.868796e+06 
1.951161e+02 3.978179e+07 1.736186e+06 
1.718910e+02 3.393605e+07 1.972618e+06 
1.638948e+02 3.405579e+07 2.076440e+06 
1.747302e+02 3.713222e+07 1.764974e+06 
1.585735e+02 4.412321e+07 2.811005e+06 
1.591391e+02 4.234298e+07 2.811005e+06 
1.584160e+02 4.304738e+07 2.811005e+06 
1.700956e+02 3.379828e+07 2.076440e+06 
1.738479e+02 3.606393e+07 1.832641e+06 
1.633450e+02 3.436910e+07 2.076440e+06 
1.653412e+02 3.397400e+07 2.076440e+06 
1.595685e+02 3.617103e+07 2.610219e+06 
1.669549e+02 3.404509e+07 1.972618e+06 
1.638731e+02 3.422645e+07 2.076440e+06 
1.607412e+02 3.573731e+07 2.409432e+06 
1.650307e+02 3.561052e+07 1.868796e+06 
1.700078e+02 3.671921e+07 1.832641e+06 
1.771939e+02 3.374277e+07 1.972618e+06 
1.610301e+02 3.601714e+07 2.208646e+06 
1.805403e+02 3.569846e+07 1.832641e+06 
1.623274e+02 3.548904e+07 2.055676e+06 
1.611651e+02 3.571921e+07 2.409432e+06 
1.877513e+02 3.942996e+07 1.736186e+06 
1.684329e+02 3.683339e+07 1.832641e+06 
1.599702e+02 3.605857e+07 2.409432e+06 
1.750915e+02 3.648111e+07 1.764974e+06 
1.677060e+02 3.514456e+07 1.868796e+06 
1.615205e+02 3.573311e+07 2.007860e+06 
1.631370e+02 3.445729e+07 2.076440e+06 
1.596993e+02 4.195597e+07 2.409432e+06 
1.735195e+02 3.705200e+07 1.807074e+06 
1.623559e+02 3.491286e+07 2.208646e+06 
1.617671e+02 3.530676e+07 2.208646e+06 
1.691601e+02 3.739327e+07 1.832641e+06 
1.639025e+02 3.441695e+07 1.972618e+06 
1.638094e+02 3.444761e+07 1.972618e+06 
1.585816e+02 4.319112e+07 3.011791e+06 
1.713559e+02 3.356650e+07 2.076440e+06 
1.811021e+02 3.454437e+07 1.868796e+06 
1.606275e+02 4.204676e+07 2.208646e+06 
1.711462e+02 3.615865e+07 1.832641e+06 
1.612054e+02 3.577899e+07 2.208646e+06 
1.659429e+02 3.423825e+07 1.972618e+06 
1.734350e+02 3.675550e+07 1.764974e+06 
1.715925e+02 3.505906e+07 1.868796e+06 
1.627626e+02 3.524054e+07 1.972618e+06 
1.628296e+02 3.521946e+07 1.972618e+06 
1.599820e+02 3.586141e+07 2.610219e+06 
1.607327e+02 3.600927e+07 2.409432e+06 
1.723760e+02 3.481334e+07 1.868796e+06 
1.934559e+02 4.024368e+07 1.736186e+06 
1.757640e+02 3.630323e+07 1.764974e+06 
1.614848e+02 3.569504e+07 2.409432e+06 
1.916417e+02 3.393338e+07 1.972618e+06 
1.592782e+02 3.571977e+07 2.811005e+06 
1.588728e+02 3.563900e+07 2.811005e+06 
1.678647e+02 3.403224e+07 1.972618e+06 
1.672987e+02 3.393655e+07 1.972618e+06 
1.585021e+02 3.626504e+07 2.610219e+06 
1.637226e+02 3.419600e+07 2.076440e+06 
1.647004e+02 3.407944e+07 2.076440e+06 
1.755602e+02 3.465602e+07 1.868796e+06 
1.607372e+02 4.273995e+07 2.208646e+06 
1.702778e+02 3.618536e+07 1.832641e+06 
1.786684e+02 3.561742e+07 1.764974e+06 
1.626676e+02 3.459504e+07 2.076440e+06 

1.631701e+02 3.567650e+07 2.076440e+06 
1.607950e+02 3.365469e+07 2.208646e+06 
1.574211e+02 3.386335e+07 2.610219e+06 
1.616237e+02 3.329375e+07 2.409432e+06 
1.551321e+02 3.480064e+07 3.011791e+06 
1.563816e+02 3.482463e+07 3.011791e+06 
1.583390e+02 3.426659e+07 2.610219e+06 
1.664393e+02 3.256219e+07 2.208646e+06 
1.591917e+02 3.391183e+07 2.610219e+06 
1.577432e+02 3.419737e+07 2.811005e+06 
1.669040e+02 3.442567e+07 2.076440e+06 
1.631306e+02 3.567941e+07 2.007860e+06 
1.628019e+02 3.320835e+07 2.208646e+06 
1.648108e+02 3.442331e+07 2.076440e+06 
1.677018e+02 3.434061e+07 2.076440e+06 
1.620812e+02 3.357156e+07 2.208646e+06 
1.596790e+02 3.404056e+07 2.409432e+06 
1.528478e+02 3.463519e+07 3.212577e+06 
1.648968e+02 3.515847e+07 2.007860e+06 
1.643324e+02 3.518062e+07 2.007860e+06 
1.616977e+02 3.358007e+07 2.208646e+06 
1.638932e+02 3.545264e+07 2.007860e+06 
1.674725e+02 3.500403e+07 2.007860e+06 
1.576015e+02 3.462053e+07 2.811005e+06 
1.604655e+02 3.407099e+07 2.409432e+06 
1.668035e+02 3.298094e+07 2.208646e+06 
1.553048e+02 3.555212e+07 3.212577e+06 
1.575383e+02 3.453256e+07 2.610219e+06 
1.544482e+02 3.560314e+07 3.212577e+06 
1.638015e+02 3.324466e+07 2.208646e+06 
1.620029e+02 3.325289e+07 2.409432e+06 
1.689261e+02 3.423968e+07 2.076440e+06 
1.677171e+02 3.420355e+07 2.076440e+06 
1.603658e+02 3.355342e+07 2.208646e+06 
1.603802e+02 3.374453e+07 2.409432e+06 
1.703178e+02 3.505422e+07 2.007860e+06 
1.671078e+02 3.300629e+07 2.208646e+06 
1.683876e+02 3.289666e+07 2.208646e+06 
1.563701e+02 3.431847e+07 2.610219e+06 
1.638638e+02 3.564678e+07 2.007860e+06 
1.632269e+02 3.566308e+07 2.007860e+06 
1.657133e+02 3.309668e+07 2.208646e+06 
1.670449e+02 3.430931e+07 2.076440e+06 
1.649724e+02 3.449502e+07 2.076440e+06 
1.643011e+02 3.322781e+07 2.208646e+06 
1.629689e+02 3.495846e+07 2.007860e+06 
1.703471e+02 3.276340e+07 2.208646e+06 
1.631293e+02 3.600341e+07 2.007860e+06 
1.639238e+02 3.539680e+07 2.007860e+06 
1.687800e+02 3.296163e+07 2.208646e+06 
1.750534e+02 3.394626e+07 2.076440e+06 
1.628352e+02 3.301145e+07 2.409432e+06 
1.659209e+02 3.515703e+07 2.007860e+06 
1.567753e+02 3.453780e+07 2.610219e+06 
1.625142e+02 3.350821e+07 2.208646e+06 
1.639267e+02 3.301690e+07 2.208646e+06 
1.603278e+02 3.390447e+07 2.409432e+06 
1.647200e+02 3.319670e+07 2.208646e+06 
1.743812e+02 3.419783e+07 2.076440e+06 
1.635545e+02 3.333177e+07 2.208646e+06 
1.614920e+02 3.332200e+07 2.208646e+06 
1.583848e+02 3.421415e+07 2.409432e+06 
1.648470e+02 3.312250e+07 2.409432e+06 
1.631891e+02 3.309633e+07 2.409432e+06 
1.574974e+02 3.404990e+07 2.409432e+06 
1.633617e+02 3.349913e+07 2.208646e+06 
1.557148e+02 3.507757e+07 3.212577e+06 
1.601581e+02 3.446483e+07 2.208646e+06 
1.677750e+02 3.297701e+07 2.208646e+06 
1.632830e+02 3.317080e+07 2.409432e+06 
1.648190e+02 3.296162e+07 2.208646e+06 
1.593963e+02 3.414698e+07 2.409432e+06 
1.628976e+02 3.324442e+07 2.409432e+06 
1.587549e+02 3.429548e+07 2.409432e+06 
1.553342e+02 3.562884e+07 3.212577e+06 
1.556568e+02 3.474459e+07 3.212577e+06 
1.596816e+02 3.392024e+07 2.409432e+06 
1.654688e+02 3.294201e+07 2.208646e+06 
1.666587e+02 3.282934e+07 2.409432e+06 
1.698451e+02 3.391853e+07 2.076440e+06 
1.589726e+02 3.385857e+07 2.208646e+06 
1.660430e+02 3.307389e+07 2.409432e+06 
1.631715e+02 3.569960e+07 2.007860e+06 
1.600866e+02 3.448830e+07 2.208646e+06 
1.709951e+02 3.402075e+07 2.076440e+06 
1.665050e+02 3.432819e+07 2.076440e+06 
1.606156e+02 3.377168e+07 2.208646e+06 
1.620889e+02 3.355565e+07 2.409432e+06 
1.591024e+02 3.419197e+07 2.409432e+06 
1.671327e+02 3.442404e+07 2.076440e+06 
1.697785e+02 3.279246e+07 2.208646e+06 
1.651449e+02 3.308315e+07 2.610219e+06 
1.580646e+02 3.440464e+07 2.610219e+06 
1.612519e+02 3.358737e+07 2.208646e+06 
1.584073e+02 3.372977e+07 2.409432e+06 
1.585575e+02 3.420415e+07 2.409432e+06 
1.663301e+02 3.300097e+07 2.208646e+06 
1.641804e+02 3.523574e+07 2.007860e+06 
1.707130e+02 3.291384e+07 2.208646e+06 
1.602377e+02 3.437242e+07 2.208646e+06 

1.702233e+02 3.604882e+07 1.807074e+06 
1.632781e+02 3.305693e+07 2.076440e+06 
1.709240e+02 3.273780e+07 2.007860e+06 
1.630051e+02 3.315257e+07 1.868796e+06 
1.673735e+02 3.456289e+07 1.832641e+06 
1.720821e+02 3.273479e+07 2.007860e+06 
1.572478e+02 3.529645e+07 3.011791e+06 
1.684126e+02 3.265272e+07 1.972618e+06 
1.658798e+02 3.485141e+07 1.832641e+06 
1.590006e+02 3.381374e+07 2.610219e+06 
1.573286e+02 3.612572e+07 2.811005e+06 
1.623149e+02 3.365635e+07 2.007860e+06 
1.691126e+02 3.457416e+07 1.832641e+06 
1.627577e+02 3.375452e+07 1.868796e+06 
1.588152e+02 3.404292e+07 2.409432e+06 
1.630255e+02 3.351391e+07 2.007860e+06 
1.731002e+02 3.295522e+07 1.972618e+06 
1.607429e+02 3.408357e+07 2.007860e+06 
1.582229e+02 3.691719e+07 2.610219e+06 
1.884301e+02 3.245877e+07 2.007860e+06 
1.721673e+02 3.365746e+07 1.868796e+06 
1.637399e+02 3.498458e+07 1.832641e+06 
1.799012e+02 3.256949e+07 2.007860e+06 
1.585039e+02 3.441962e+07 2.610219e+06 
1.889328e+02 3.263502e+07 2.007860e+06 
1.588500e+02 3.584321e+07 2.409432e+06 
1.684455e+02 3.624931e+07 1.807074e+06 
1.579219e+02 3.550641e+07 2.409432e+06 
1.618570e+02 3.436715e+07 2.007860e+06 
1.575608e+02 3.463063e+07 3.011791e+06 
1.634409e+02 3.385563e+07 1.868796e+06 
1.646021e+02 3.304179e+07 1.972618e+06 
1.701310e+02 3.528770e+07 1.807074e+06 
1.622869e+02 3.393377e+07 1.972618e+06 
1.724701e+02 3.450526e+07 1.832641e+06 
1.573426e+02 3.785136e+07 3.011791e+06 
1.583166e+02 3.473461e+07 2.811005e+06 
1.578591e+02 3.625445e+07 2.811005e+06 
1.634571e+02 3.320872e+07 1.972618e+06 
1.647331e+02 3.522253e+07 1.832641e+06 
1.749116e+02 3.474434e+07 1.807074e+06 
1.576435e+02 3.572232e+07 2.811005e+06 
1.631331e+02 3.389113e+07 1.868796e+06 
1.688750e+02 3.668108e+07 1.807074e+06 
1.701666e+02 3.420801e+07 1.832641e+06 
1.865449e+02 3.272092e+07 2.007860e+06 
1.570465e+02 3.582146e+07 3.011791e+06 
1.677440e+02 3.446759e+07 1.832641e+06 
1.620256e+02 3.375757e+07 2.007860e+06 
1.665245e+02 3.507642e+07 1.832641e+06 
1.625036e+02 3.360332e+07 1.972618e+06 
1.614954e+02 3.387920e+07 2.007860e+06 
1.724090e+02 3.265163e+07 1.972618e+06 
1.683702e+02 3.478393e+07 1.832641e+06 
1.617130e+02 3.347574e+07 1.972618e+06 
1.666225e+02 3.280366e+07 1.972618e+06 
1.657347e+02 3.351087e+07 1.868796e+06 
1.590542e+02 3.344729e+07 2.208646e+06 
1.574585e+02 3.564457e+07 3.011791e+06 
1.660337e+02 3.463756e+07 1.832641e+06 
1.724105e+02 3.516461e+07 1.807074e+06 
1.667655e+02 3.456327e+07 1.832641e+06 
1.578495e+02 3.499762e+07 3.212577e+06 
1.658092e+02 3.303853e+07 1.972618e+06 
1.577898e+02 3.504267e+07 3.011791e+06 
1.583522e+02 3.436531e+07 2.610219e+06 
1.583168e+02 3.578288e+07 2.610219e+06 
1.648143e+02 3.494349e+07 1.832641e+06 
1.705401e+02 3.585428e+07 1.807074e+06 
1.624899e+02 3.376655e+07 1.868796e+06 
1.622071e+02 3.381251e+07 1.868796e+06 
1.660252e+02 3.292190e+07 1.972618e+06 
1.684360e+02 3.332853e+07 1.868796e+06 
1.666194e+02 3.283202e+07 1.972618e+06 
1.698992e+02 3.607577e+07 1.807074e+06 
1.702637e+02 3.435285e+07 1.807074e+06 
1.626383e+02 3.284492e+07 1.972618e+06 
1.617696e+02 3.496701e+07 2.007860e+06 
1.580013e+02 3.638097e+07 3.011791e+06 
1.633132e+02 3.398252e+07 1.868796e+06 
1.578492e+02 3.557245e+07 2.610219e+06 
1.662795e+02 3.292711e+07 2.007860e+06 
1.639319e+02 3.309361e+07 1.972618e+06 
1.650041e+02 3.299682e+07 1.972618e+06 
1.636101e+02 3.311810e+07 2.007860e+06 
1.621213e+02 3.347451e+07 2.409432e+06 
1.652788e+02 3.363734e+07 1.868796e+06 
1.578320e+02 3.446338e+07 2.811005e+06 
1.662434e+02 3.276155e+07 1.972618e+06 
1.677579e+02 3.347265e+07 1.868796e+06 
1.590096e+02 3.433975e+07 2.811005e+06 
1.589613e+02 3.547338e+07 2.409432e+06 
1.634653e+02 3.318664e+07 1.972618e+06 
1.731467e+02 3.268497e+07 2.076440e+06 
1.631525e+02 3.347541e+07 2.007860e+06 
1.618899e+02 3.423004e+07 2.007860e+06 
1.693735e+02 3.274012e+07 1.972618e+06 
1.628645e+02 3.429426e+07 1.868796e+06 
1.644493e+02 3.553380e+07 1.832641e+06 
1.590578e+02 3.365379e+07 2.208646e+06 

