3.079168e+02 7.133169e+07 5.980198e+06 
3.726075e+02 6.691261e+07 5.015650e+06 
3.185536e+02 7.760659e+07 5.690833e+06 
3.051690e+02 6.818564e+07 6.269562e+06 
3.701545e+02 6.779293e+07 4.629830e+06 
4.461859e+02 6.811057e+07 3.472373e+06 
3.125685e+02 6.742270e+07 6.558926e+06 
3.565258e+02 6.630098e+07 5.690833e+06 
3.497054e+02 6.880258e+07 5.015650e+06 
3.877651e+02 6.791369e+07 4.147556e+06 
3.064606e+02 6.814233e+07 6.269562e+06 
4.058795e+02 6.654044e+07 3.954647e+06 
3.407304e+02 6.616102e+07 5.980198e+06 
3.040953e+02 6.874221e+07 6.269562e+06 
3.089602e+02 6.796983e+07 6.269562e+06 
4.358899e+02 6.436425e+07 4.244011e+06 
3.152053e+02 6.808349e+07 5.883743e+06 
4.072399e+02 6.506568e+07 5.015650e+06 
4.166806e+02 6.474286e+07 4.436921e+06 
3.665712e+02 6.837995e+07 4.919195e+06 
3.214910e+02 7.001092e+07 5.594378e+06 
4.326724e+02 6.871970e+07 3.472373e+06 
3.429638e+02 6.930092e+07 5.112104e+06 
3.225597e+02 6.663247e+07 6.173107e+06 
4.222763e+02 6.809365e+07 3.665282e+06 
3.741222e+02 6.587751e+07 5.594378e+06 
3.923348e+02 6.916856e+07 3.954647e+06 
3.960533e+02 6.660053e+07 4.244011e+06 
3.105349e+02 6.799072e+07 5.980198e+06 
3.023672e+02 6.966604e+07 6.462472e+06 
3.392194e+02 7.167528e+07 4.919195e+06 
3.733967e+02 6.873456e+07 4.436921e+06 
3.190694e+02 6.925957e+07 5.690833e+06 
3.547783e+02 6.941061e+07 4.822740e+06 
4.175748e+02 6.448124e+07 4.822740e+06 
3.460302e+02 7.052459e+07 4.919195e+06 
3.993919e+02 6.732953e+07 3.761737e+06 
3.380115e+02 6.619037e+07 5.980198e+06 
4.094754e+02 6.503834e+07 5.208559e+06 
3.468477e+02 6.604499e+07 6.173107e+06 
3.926050e+02 6.611219e+07 4.629830e+06 
3.400262e+02 6.780318e+07 5.497924e+06 
4.405920e+02 6.417192e+07 4.436921e+06 
3.552759e+02 7.043156e+07 4.629830e+06 
3.778100e+02 6.684250e+07 4.822740e+06 
3.123473e+02 6.766301e+07 6.462472e+06 
3.267841e+02 6.872061e+07 5.594378e+06 
3.497650e+02 7.171048e+07 4.726285e+06 
4.459697e+02 6.818241e+07 3.375918e+06 
3.971534e+02 6.545265e+07 5.208559e+06 
4.109527e+02 6.579657e+07 4.244011e+06 
3.222106e+02 7.884014e+07 5.497924e+06 
4.358853e+02 6.927408e+07 3.375918e+06 
3.732835e+02 6.824034e+07 4.533376e+06 
3.241155e+02 7.486652e+07 5.497924e+06 
3.112460e+02 6.770910e+07 6.558926e+06 
4.229259e+02 6.508632e+07 4.244011e+06 
3.345662e+02 6.650119e+07 5.980198e+06 
4.036532e+02 6.562065e+07 4.533376e+06 
3.204180e+02 6.830769e+07 5.690833e+06 
3.981411e+02 6.530578e+07 4.822740e+06 
3.721058e+02 6.949472e+07 4.436921e+06 
3.817603e+02 7.114763e+07 4.051102e+06 
3.632051e+02 7.077969e+07 4.485148e+06 
3.313908e+02 6.681885e+07 5.690833e+06 
3.314124e+02 7.087910e+07 5.401469e+06 
4.486662e+02 6.620912e+07 3.858192e+06 
3.141795e+02 6.738063e+07 6.076652e+06 
3.936672e+02 6.828969e+07 3.954647e+06 
3.823411e+02 6.584925e+07 5.015650e+06 
3.854869e+02 6.555338e+07 5.015650e+06 
3.596264e+02 7.125426e+07 4.533376e+06 
3.090299e+02 6.774426e+07 6.366017e+06 
4.267424e+02 6.652269e+07 3.858192e+06 
3.726931e+02 6.933049e+07 4.340466e+06 
3.586855e+02 7.021852e+07 4.568207e+06 
3.511879e+02 7.009496e+07 4.726285e+06 
3.294562e+02 7.270734e+07 5.015650e+06 
3.032418e+02 7.099798e+07 6.269562e+06 
3.357794e+02 6.621416e+07 5.883743e+06 
3.443281e+02 7.224039e+07 4.822740e+06 
3.609006e+02 6.728584e+07 5.305014e+06 
3.335200e+02 6.927258e+07 5.497924e+06 
3.048872e+02 6.828104e+07 6.269562e+06 
3.869474e+02 6.668211e+07 4.629830e+06 
3.959490e+02 6.987821e+07 3.858192e+06 
3.468013e+02 6.676099e+07 5.497924e+06 
3.860053e+02 6.740215e+07 4.244011e+06 
3.537737e+02 6.747622e+07 5.401469e+06 
3.369827e+02 7.028813e+07 5.112104e+06 
3.137368e+02 7.051439e+07 5.787288e+06 
3.689375e+02 6.640032e+07 5.305014e+06 
3.152392e+02 6.692520e+07 6.173107e+06 
3.849622e+02 6.565860e+07 5.401469e+06 
4.083729e+02 6.539454e+07 4.436921e+06 
3.213439e+02 6.722962e+07 5.883743e+06 
4.522495e+02 6.654773e+07 3.665282e+06 
4.303159e+02 6.732682e+07 3.568828e+06 
3.791242e+02 6.999827e+07 4.244011e+06 
3.055499e+02 6.969348e+07 6.173107e+06 

3.554842e+02 7.067341e+07 5.208559e+06 
3.124836e+02 7.486510e+07 6.366017e+06 
3.590449e+02 7.270188e+07 5.036547e+06 
3.634973e+02 7.134034e+07 5.112104e+06 
3.670908e+02 6.672401e+07 5.497924e+06 
3.300892e+02 6.821614e+07 6.269562e+06 
4.062366e+02 7.115632e+07 4.533376e+06 
3.924538e+02 6.987655e+07 4.919195e+06 
3.559322e+02 6.839140e+07 5.401469e+06 
3.667058e+02 6.972382e+07 5.208559e+06 
3.723794e+02 7.790382e+07 4.533376e+06 
3.953725e+02 7.079081e+07 4.822740e+06 
4.172519e+02 7.091757e+07 4.340466e+06 
3.626096e+02 6.949976e+07 5.305014e+06 
3.658070e+02 6.829477e+07 5.305014e+06 
3.855166e+02 7.058347e+07 4.919195e+06 
3.364853e+02 6.731241e+07 5.883743e+06 
4.163389e+02 7.117356e+07 4.244011e+06 
3.222026e+02 7.112884e+07 6.173107e+06 
3.964862e+02 6.920055e+07 4.919195e+06 
3.556529e+02 7.874890e+07 4.919195e+06 
3.612654e+02 7.901198e+07 4.726285e+06 
3.429919e+02 6.703584e+07 5.883743e+06 
3.867400e+02 6.826447e+07 5.208559e+06 
3.382286e+02 7.110158e+07 5.208559e+06 
3.396677e+02 7.436264e+07 5.112104e+06 
3.268756e+02 7.091589e+07 5.690833e+06 
3.591787e+02 7.750178e+07 4.919195e+06 
3.802543e+02 6.924759e+07 5.112104e+06 
3.141607e+02 7.248191e+07 5.787288e+06 
4.201278e+02 7.081211e+07 4.436921e+06 
4.018891e+02 7.145752e+07 4.436921e+06 
3.595458e+02 6.724452e+07 5.690833e+06 
3.351289e+02 6.761098e+07 6.076652e+06 
3.298954e+02 6.854767e+07 5.980198e+06 
4.280963e+02 7.241637e+07 4.051102e+06 
4.192245e+02 7.218778e+07 4.147556e+06 
3.396421e+02 6.969474e+07 5.401469e+06 
3.422192e+02 6.920583e+07 5.594378e+06 
3.838098e+02 6.625103e+07 5.305014e+06 
4.176252e+02 6.873388e+07 4.919195e+06 
3.358990e+02 6.718092e+07 6.173107e+06 
3.709439e+02 6.848743e+07 5.208559e+06 
3.115303e+02 7.518069e+07 6.366017e+06 
3.828596e+02 7.171828e+07 4.822740e+06 
3.611660e+02 7.397003e+07 4.919195e+06 
3.639585e+02 7.435567e+07 4.702171e+06 
3.832672e+02 6.617176e+07 5.497924e+06 
3.678268e+02 6.679204e+07 5.305014e+06 
3.387638e+02 7.408178e+07 5.120142e+06 
4.081048e+02 7.181451e+07 4.340466e+06 
3.256813e+02 6.877569e+07 6.076652e+06 
4.197453e+02 7.049799e+07 4.533376e+06 
4.153953e+02 7.092366e+07 4.340466e+06 
3.930119e+02 7.122465e+07 4.629830e+06 
3.166779e+02 7.186271e+07 5.594378e+06 
3.800144e+02 6.610420e+07 5.690833e+06 
3.768812e+02 7.024700e+07 5.112104e+06 
3.317449e+02 6.793935e+07 6.173107e+06 
3.266407e+02 6.868729e+07 6.076652e+06 
3.351342e+02 6.852805e+07 5.883743e+06 
3.659171e+02 7.349241e+07 4.869359e+06 
3.344674e+02 7.216418e+07 5.370924e+06 
4.410949e+02 7.038638e+07 4.533376e+06 
3.863684e+02 7.119244e+07 4.726285e+06 
3.994890e+02 6.560363e+07 5.497924e+06 
3.372267e+02 7.266226e+07 5.287330e+06 
3.560730e+02 7.362740e+07 5.036547e+06 
3.674402e+02 6.616134e+07 5.690833e+06 
3.157720e+02 7.184798e+07 6.076652e+06 
3.320670e+02 6.787313e+07 6.269562e+06 
4.113517e+02 7.224755e+07 4.244011e+06 
3.736044e+02 6.593732e+07 5.883743e+06 
3.340634e+02 6.781582e+07 6.076652e+06 
3.624650e+02 6.734784e+07 5.594378e+06 
3.729235e+02 7.104979e+07 5.015650e+06 
3.487182e+02 6.632650e+07 5.883743e+06 
3.513653e+02 7.251915e+07 5.120142e+06 
3.295581e+02 6.855096e+07 6.269562e+06 
3.427820e+02 7.007739e+07 5.305014e+06 
3.331737e+02 6.998530e+07 5.497924e+06 
3.702655e+02 6.662788e+07 5.497924e+06 
3.383816e+02 6.807252e+07 5.787288e+06 
3.304867e+02 7.392112e+07 5.305014e+06 
3.245462e+02 7.243866e+07 5.401469e+06 
4.196335e+02 7.101396e+07 4.244011e+06 
3.155798e+02 7.423410e+07 5.594378e+06 
3.819664e+02 6.955018e+07 5.015650e+06 
3.486416e+02 6.772968e+07 5.787288e+06 
3.401319e+02 6.622487e+07 6.076652e+06 
4.026878e+02 6.623608e+07 5.401469e+06 
3.449383e+02 6.824877e+07 5.690833e+06 
4.222836e+02 7.128698e+07 4.147556e+06 
3.962618e+02 7.261557e+07 4.436921e+06 
3.210004e+02 7.138123e+07 6.173107e+06 
4.008979e+02 7.052633e+07 4.629830e+06 
3.370999e+02 7.074113e+07 5.401469e+06 
3.438011e+02 6.656385e+07 5.980198e+06 
3.126181e+02 7.224484e+07 5.980198e+06 
3.787951e+02 7.254693e+07 4.919195e+06 

3.982480e+02 6.777841e+07 3.761737e+06 
4.423508e+02 6.811513e+07 3.343766e+06 
4.351504e+02 7.309965e+07 3.343766e+06 
3.297054e+02 7.070476e+07 5.497924e+06 
4.335312e+02 6.979660e+07 3.427361e+06 
4.247744e+02 6.660894e+07 4.919195e+06 
4.382651e+02 6.619505e+07 5.112104e+06 
3.438677e+02 7.061212e+07 4.726285e+06 
3.164436e+02 7.895785e+07 6.076652e+06 
3.815357e+02 6.888414e+07 3.954647e+06 
4.023921e+02 6.776863e+07 4.051102e+06 
3.300725e+02 7.009864e+07 5.497924e+06 
3.202571e+02 7.252392e+07 5.980198e+06 
3.971649e+02 6.773768e+07 4.147556e+06 
3.566525e+02 6.781856e+07 5.690833e+06 
3.302477e+02 6.981720e+07 5.594378e+06 
3.619459e+02 6.895175e+07 4.436921e+06 
3.617785e+02 7.073921e+07 4.340466e+06 
3.946937e+02 7.108238e+07 3.665282e+06 
3.558458e+02 6.954737e+07 4.629830e+06 
3.714416e+02 6.840617e+07 4.533376e+06 
3.413984e+02 6.946831e+07 4.919195e+06 
3.559702e+02 6.788770e+07 5.015650e+06 
3.518392e+02 6.790197e+07 5.015650e+06 
3.585354e+02 6.781181e+07 5.690833e+06 
4.617172e+02 6.948851e+07 3.009390e+06 
3.821495e+02 6.742742e+07 4.629830e+06 
3.222632e+02 7.216214e+07 5.787288e+06 
4.441999e+02 6.924558e+07 3.092984e+06 
3.464025e+02 6.849520e+07 4.919195e+06 
4.273351e+02 6.656844e+07 4.919195e+06 
3.179871e+02 7.320079e+07 5.980198e+06 
3.279069e+02 7.094569e+07 5.497924e+06 
3.461563e+02 7.004612e+07 4.726285e+06 
3.512068e+02 7.057038e+07 4.436921e+06 
3.225266e+02 7.175475e+07 5.787288e+06 
3.921119e+02 6.704664e+07 4.726285e+06 
3.564326e+02 7.771438e+07 4.430490e+06 
3.233619e+02 7.159760e+07 5.980198e+06 
4.541970e+02 6.802411e+07 3.260172e+06 
3.238217e+02 7.139606e+07 5.497924e+06 
3.169405e+02 7.756072e+07 6.269562e+06 
4.104321e+02 6.941875e+07 3.568828e+06 
3.469842e+02 6.893779e+07 4.848461e+06 
4.723261e+02 6.792475e+07 3.260172e+06 
3.877184e+02 6.987347e+07 3.858192e+06 
4.565253e+02 6.955305e+07 3.086554e+06 
3.632500e+02 6.777971e+07 4.726285e+06 
4.338176e+02 6.848241e+07 3.472373e+06 
3.889985e+02 6.784851e+07 4.096114e+06 
3.641055e+02 7.141837e+07 4.244011e+06 
3.949081e+02 6.756839e+07 4.436921e+06 
3.278839e+02 7.226556e+07 5.112104e+06 
3.510711e+02 7.090394e+07 4.436921e+06 
3.741286e+02 6.749317e+07 4.726285e+06 
3.701833e+02 6.903265e+07 4.263302e+06 
3.606843e+02 6.757483e+07 5.015650e+06 
3.338853e+02 6.931101e+07 5.015650e+06 
3.610566e+02 6.729633e+07 5.690833e+06 
4.359091e+02 7.011916e+07 3.260172e+06 
3.174017e+02 7.775520e+07 5.980198e+06 
3.298954e+02 7.018195e+07 5.594378e+06 
3.248731e+02 7.778806e+07 5.266432e+06 
3.239666e+02 7.206018e+07 5.305014e+06 
3.315345e+02 7.183882e+07 5.015650e+06 
4.088398e+02 7.003163e+07 3.568828e+06 
3.327844e+02 6.936234e+07 5.401469e+06 
3.729938e+02 7.023911e+07 4.179708e+06 
3.207447e+02 7.345189e+07 5.594378e+06 
4.230460e+02 6.856569e+07 3.665282e+06 
3.347122e+02 6.913985e+07 5.266432e+06 
4.137266e+02 7.078693e+07 3.472373e+06 
4.476007e+02 6.791490e+07 3.678143e+06 
3.291657e+02 7.101864e+07 5.208559e+06 
3.677483e+02 6.665351e+07 5.594378e+06 
3.353990e+02 6.876582e+07 5.208559e+06 
4.133478e+02 6.678253e+07 5.015650e+06 
3.447480e+02 7.219451e+07 4.597679e+06 
3.784189e+02 7.013032e+07 4.051102e+06 
3.281251e+02 7.085813e+07 5.594378e+06 
3.786091e+02 6.815136e+07 4.340466e+06 
4.356379e+02 6.695521e+07 4.822740e+06 
3.276758e+02 7.135771e+07 5.517215e+06 
4.280710e+02 6.644708e+07 4.919195e+06 
3.541780e+02 6.882569e+07 4.726285e+06 
4.325297e+02 7.075196e+07 3.375918e+06 
3.320736e+02 7.029985e+07 5.099244e+06 
3.373906e+02 7.055570e+07 4.822740e+06 
3.661215e+02 7.033952e+07 4.244011e+06 
3.980251e+02 6.928719e+07 3.678143e+06 
4.627971e+02 6.833397e+07 3.092984e+06 
3.179744e+02 7.336360e+07 5.787288e+06 
3.403692e+02 7.181416e+07 4.764867e+06 
3.335729e+02 7.103043e+07 4.932055e+06 
3.285382e+02 8.233131e+07 5.099244e+06 
3.779805e+02 6.932326e+07 4.096114e+06 
3.876156e+02 6.742466e+07 4.533376e+06 
3.697909e+02 6.692928e+07 5.305014e+06 
4.166953e+02 6.997694e+07 3.510955e+06 
3.758721e+02 7.067412e+07 4.096114e+06 

3.370257e+02 7.098030e+07 5.690833e+06 
4.195094e+02 6.998929e+07 4.244011e+06 
3.592599e+02 7.281547e+07 4.932055e+06 
4.052635e+02 6.860648e+07 4.533376e+06 
3.660146e+02 7.898669e+07 4.629830e+06 
4.170177e+02 7.262091e+07 3.761737e+06 
3.399408e+02 7.604031e+07 4.932055e+06 
4.244281e+02 6.973052e+07 4.147556e+06 
4.125150e+02 7.104039e+07 3.858192e+06 
3.239802e+02 7.171557e+07 6.269562e+06 
3.913475e+02 7.104281e+07 4.244011e+06 
3.605315e+02 6.943644e+07 5.401469e+06 
3.258518e+02 7.339751e+07 5.305014e+06 
4.322313e+02 6.899879e+07 4.244011e+06 
4.152627e+02 7.025752e+07 4.051102e+06 
3.182690e+02 7.276856e+07 5.497924e+06 
3.167277e+02 7.355983e+07 6.269562e+06 
3.899394e+02 7.017418e+07 4.436921e+06 
4.348279e+02 6.955326e+07 3.954647e+06 
4.009621e+02 6.994945e+07 4.340466e+06 
3.493958e+02 7.048149e+07 5.787288e+06 
3.692030e+02 7.008723e+07 4.822740e+06 
3.259571e+02 7.128202e+07 6.076652e+06 
3.311711e+02 7.498166e+07 5.266432e+06 
3.129807e+02 7.483222e+07 6.558926e+06 
4.047573e+02 7.202487e+07 3.954647e+06 
4.179104e+02 7.234700e+07 3.845331e+06 
3.770758e+02 6.933901e+07 5.112104e+06 
3.165897e+02 7.446237e+07 6.173107e+06 
3.886656e+02 6.978305e+07 4.533376e+06 
3.503331e+02 6.992961e+07 5.690833e+06 
3.915986e+02 6.912876e+07 4.629830e+06 
4.005946e+02 6.948016e+07 4.533376e+06 
3.551301e+02 7.020958e+07 5.401469e+06 
3.743256e+02 7.135955e+07 4.681273e+06 
3.753784e+02 7.076523e+07 4.726285e+06 
3.728031e+02 6.962513e+07 5.015650e+06 
4.090667e+02 7.069841e+07 4.051102e+06 
3.203332e+02 7.245470e+07 6.173107e+06 
4.355710e+02 6.927191e+07 4.051102e+06 
3.813005e+02 7.082942e+07 4.533376e+06 
3.155702e+02 7.475387e+07 6.366017e+06 
3.389293e+02 7.079091e+07 5.787288e+06 
3.329375e+02 7.624159e+07 5.208559e+06 
3.564797e+02 7.145752e+07 5.182838e+06 
4.478259e+02 6.892833e+07 4.051102e+06 
3.595474e+02 7.079253e+07 5.208559e+06 
3.347641e+02 7.396047e+07 5.208559e+06 
4.094721e+02 6.883947e+07 4.436921e+06 
3.577377e+02 7.338690e+07 4.919195e+06 
3.714779e+02 7.113312e+07 4.726285e+06 
3.256514e+02 7.179796e+07 5.690833e+06 
3.572253e+02 6.946707e+07 5.305014e+06 
4.393854e+02 6.854577e+07 4.340466e+06 
3.347694e+02 7.099079e+07 5.690833e+06 
3.699234e+02 7.463788e+07 4.629830e+06 
3.232661e+02 7.236741e+07 6.366017e+06 
3.997815e+02 7.105867e+07 4.147556e+06 
4.406510e+02 6.881157e+07 4.244011e+06 
4.153698e+02 7.095283e+07 3.858192e+06 
3.143844e+02 7.414676e+07 6.558926e+06 
4.266136e+02 6.839366e+07 4.436921e+06 
4.284760e+02 6.936537e+07 4.244011e+06 
3.623788e+02 7.326155e+07 4.822740e+06 
3.134635e+02 7.478656e+07 6.751836e+06 
3.233430e+02 7.200670e+07 6.076652e+06 
3.559677e+02 6.989769e+07 5.690833e+06 
3.155517e+02 7.371704e+07 6.558926e+06 
4.174857e+02 7.071120e+07 3.954647e+06 
3.710663e+02 6.994086e+07 4.822740e+06 
3.307867e+02 7.280046e+07 5.305014e+06 
3.217974e+02 7.242559e+07 6.269562e+06 
4.255970e+02 6.926050e+07 4.340466e+06 
3.280984e+02 7.217594e+07 5.401469e+06 
3.365943e+02 7.474520e+07 5.112104e+06 
3.497478e+02 7.146605e+07 5.305014e+06 
3.870402e+02 6.955819e+07 4.822740e+06 
3.658002e+02 7.364745e+07 4.764867e+06 
3.800277e+02 7.008231e+07 4.726285e+06 
3.255077e+02 7.657532e+07 5.401469e+06 
4.038297e+02 7.046893e+07 4.147556e+06 
3.487730e+02 7.051896e+07 5.787288e+06 
3.164206e+02 7.319623e+07 6.558926e+06 
4.429661e+02 6.881808e+07 4.147556e+06 
3.143999e+02 7.403365e+07 6.558926e+06 
3.529276e+02 7.089502e+07 5.305014e+06 
3.317255e+02 7.099454e+07 5.497924e+06 
3.651817e+02 7.022077e+07 4.848461e+06 
3.931843e+02 7.071378e+07 4.179708e+06 
3.904931e+02 7.042826e+07 4.340466e+06 
3.236267e+02 7.200764e+07 5.497924e+06 
3.830375e+02 7.263467e+07 4.346896e+06 
4.015069e+02 7.151154e+07 4.051102e+06 
3.396157e+02 7.278489e+07 5.208559e+06 
3.411108e+02 7.294542e+07 5.112104e+06 
3.604270e+02 7.110126e+07 5.015650e+06 
4.118575e+02 7.239567e+07 3.858192e+06 
3.779518e+02 6.972857e+07 4.822740e+06 
3.644334e+02 7.951443e+07 4.681273e+06 
3.391802e+02 7.114081e+07 5.401469e+06 

3.498766e+02 6.626215e+07 5.497924e+06 
3.521686e+02 6.543443e+07 5.690833e+06 
3.861153e+02 6.396825e+07 5.497924e+06 
4.198036e+02 6.439874e+07 4.822740e+06 
4.071068e+02 6.378189e+07 5.015650e+06 
3.558670e+02 6.646442e+07 5.112104e+06 
3.641787e+02 6.549372e+07 5.401469e+06 
4.165407e+02 6.354280e+07 5.208559e+06 
3.353842e+02 6.734082e+07 5.497924e+06 
3.958654e+02 6.399048e+07 5.208559e+06 
3.749278e+02 6.755584e+07 4.681273e+06 
3.330632e+02 6.665172e+07 5.594378e+06 
3.629614e+02 6.583527e+07 5.208559e+06 
3.753131e+02 6.575514e+07 5.015650e+06 
3.725013e+02 6.797526e+07 4.629830e+06 
3.823129e+02 6.522656e+07 5.112104e+06 
3.399265e+02 6.622933e+07 5.787288e+06 
3.272215e+02 6.847928e+07 5.690833e+06 
3.888514e+02 6.370103e+07 5.497924e+06 
3.472447e+02 6.583043e+07 5.690833e+06 
3.219076e+02 6.767443e+07 6.173107e+06 
4.272005e+02 6.362592e+07 5.015650e+06 
4.105131e+02 6.339810e+07 5.401469e+06 
3.929619e+02 6.338207e+07 5.690833e+06 
3.716318e+02 6.628917e+07 4.919195e+06 
4.074970e+02 7.234108e+07 4.436921e+06 
3.448050e+02 6.599526e+07 5.787288e+06 
3.415900e+02 6.724182e+07 5.401469e+06 
3.585352e+02 6.715888e+07 5.015650e+06 
3.847408e+02 6.620866e+07 4.726285e+06 
3.578107e+02 6.635105e+07 5.112104e+06 
3.229693e+02 6.841837e+07 5.980198e+06 
3.820939e+02 6.563442e+07 4.822740e+06 
3.699966e+02 6.610816e+07 5.015650e+06 
3.214779e+02 6.918875e+07 6.173107e+06 
3.743003e+02 6.503010e+07 5.305014e+06 
3.930521e+02 6.388361e+07 5.305014e+06 
3.564589e+02 6.529191e+07 5.883743e+06 
3.378626e+02 6.643684e+07 5.690833e+06 
3.250278e+02 6.774956e+07 5.787288e+06 
3.566184e+02 6.573089e+07 5.594378e+06 
4.165173e+02 6.621181e+07 4.533376e+06 
3.373657e+02 6.614259e+07 6.269562e+06 
3.618192e+02 6.527150e+07 5.497924e+06 
3.680225e+02 6.454598e+07 5.883743e+06 
3.985957e+02 7.390479e+07 4.436921e+06 
3.795040e+02 6.398371e+07 5.690833e+06 
4.209337e+02 7.384679e+07 4.244011e+06 
4.033826e+02 6.456250e+07 4.919195e+06 
3.862816e+02 6.366665e+07 5.883743e+06 
4.129211e+02 6.680186e+07 4.436921e+06 
3.663954e+02 6.740215e+07 4.822740e+06 
3.610795e+02 6.574805e+07 5.305014e+06 
3.793457e+02 6.486697e+07 5.305014e+06 
3.236019e+02 6.773976e+07 5.883743e+06 
3.284277e+02 6.734253e+07 5.980198e+06 
4.058181e+02 6.489498e+07 4.822740e+06 
3.458227e+02 6.849801e+07 5.208559e+06 
3.418683e+02 6.833690e+07 5.266432e+06 
3.278364e+02 6.742607e+07 5.980198e+06 
3.292182e+02 6.703791e+07 5.787288e+06 
3.241949e+02 6.902052e+07 5.787288e+06 
4.143933e+02 7.146578e+07 4.340466e+06 
3.704085e+02 6.426565e+07 5.690833e+06 
3.271480e+02 6.763454e+07 5.787288e+06 
3.951228e+02 7.112646e+07 4.533376e+06 
4.038355e+02 6.347327e+07 5.305014e+06 
3.489464e+02 6.761023e+07 5.112104e+06 
4.248207e+02 6.554158e+07 4.726285e+06 
3.467195e+02 6.781911e+07 5.015650e+06 
3.525203e+02 6.678390e+07 5.305014e+06 
3.759314e+02 6.416159e+07 5.497924e+06 
3.965847e+02 7.035639e+07 4.533376e+06 
3.307961e+02 6.684372e+07 5.787288e+06 
3.563564e+02 6.786199e+07 4.932055e+06 
3.460131e+02 6.727409e+07 5.266432e+06 
3.636671e+02 6.508313e+07 5.497924e+06 
3.703297e+02 6.656025e+07 4.822740e+06 
3.408142e+02 6.859986e+07 5.401469e+06 
3.930399e+02 6.423319e+07 5.112104e+06 
3.904862e+02 6.350295e+07 5.690833e+06 
3.302741e+02 6.691272e+07 6.076652e+06 
3.945932e+02 6.542544e+07 5.015650e+06 
3.723977e+02 6.553430e+07 5.112104e+06 
4.033368e+02 6.591689e+07 4.726285e+06 
3.503681e+02 6.576475e+07 5.787288e+06 
3.822893e+02 6.675979e+07 4.629830e+06 
3.846546e+02 7.415888e+07 4.533376e+06 
3.315421e+02 6.793160e+07 5.497924e+06 
3.611161e+02 6.831541e+07 4.919195e+06 
3.663640e+02 6.662718e+07 5.015650e+06 
3.569645e+02 6.510712e+07 5.690833e+06 
4.084852e+02 7.402410e+07 4.340466e+06 
3.955585e+02 6.652757e+07 4.629830e+06 
3.260526e+02 6.764667e+07 5.980198e+06 
4.277457e+02 6.436903e+07 4.919195e+06 
3.593278e+02 6.480565e+07 5.787288e+06 
3.861630e+02 6.447326e+07 5.305014e+06 
3.360996e+02 6.648783e+07 5.980198e+06 
3.860173e+02 6.956913e+07 4.597679e+06 

3.567505e+02 8.341479e+07 4.726285e+06 
4.291217e+02 6.752587e+07 4.436921e+06 
3.709369e+02 6.594178e+07 5.594378e+06 
4.406744e+02 6.857760e+07 4.051102e+06 
3.368240e+02 7.059299e+07 5.401469e+06 
4.243372e+02 6.661137e+07 4.726285e+06 
3.410917e+02 6.927331e+07 5.497924e+06 
3.356708e+02 6.801841e+07 5.980198e+06 
3.276446e+02 6.996844e+07 6.173107e+06 
3.405092e+02 6.849259e+07 5.787288e+06 
3.825471e+02 6.776910e+07 5.015650e+06 
4.006622e+02 6.783710e+07 4.533376e+06 
3.612955e+02 6.803295e+07 5.401469e+06 
4.414134e+02 6.656484e+07 4.629830e+06 
4.522972e+02 6.856512e+07 3.858192e+06 
3.637800e+02 7.200963e+07 4.919195e+06 
3.460186e+02 7.023230e+07 5.305014e+06 
4.224425e+02 6.620894e+07 5.015650e+06 
4.454206e+02 6.806946e+07 4.051102e+06 
4.507930e+02 6.755089e+07 4.147556e+06 
4.541653e+02 6.836191e+07 3.858192e+06 
3.699495e+02 6.663542e+07 5.594378e+06 
3.514566e+02 8.129582e+07 5.112104e+06 
3.737487e+02 6.885500e+07 4.822740e+06 
3.307106e+02 6.952130e+07 6.076652e+06 
3.800945e+02 6.870523e+07 4.629830e+06 
4.619606e+02 6.854344e+07 3.761737e+06 
3.531465e+02 6.920308e+07 5.305014e+06 
3.479938e+02 8.013131e+07 5.208559e+06 
3.905004e+02 6.893696e+07 4.340466e+06 
3.728800e+02 7.231911e+07 4.629830e+06 
3.344629e+02 6.940019e+07 5.787288e+06 
4.084327e+02 7.175124e+07 4.244011e+06 
3.448650e+02 6.836090e+07 5.497924e+06 
3.213878e+02 7.326154e+07 6.462472e+06 
3.194193e+02 7.582633e+07 6.269562e+06 
3.230173e+02 7.010127e+07 6.269562e+06 
3.295325e+02 6.953600e+07 6.076652e+06 
3.689430e+02 6.693232e+07 5.401469e+06 
3.862585e+02 6.808243e+07 4.533376e+06 
3.404376e+02 7.088742e+07 5.305014e+06 
3.687404e+02 6.694550e+07 5.883743e+06 
3.609082e+02 6.743293e+07 5.594378e+06 
3.673829e+02 6.832070e+07 5.208559e+06 
3.723281e+02 6.684628e+07 5.305014e+06 
3.587206e+02 8.298581e+07 4.702171e+06 
3.339333e+02 7.004561e+07 5.594378e+06 
3.638257e+02 6.742540e+07 5.594378e+06 
3.287638e+02 6.994063e+07 6.462472e+06 
3.540619e+02 7.034732e+07 5.208559e+06 
3.685632e+02 6.705912e+07 5.594378e+06 
3.195530e+02 7.498911e+07 6.655381e+06 
3.216951e+02 7.210162e+07 5.883743e+06 
4.260368e+02 6.686495e+07 4.533376e+06 
3.590900e+02 7.038193e+07 5.112104e+06 
4.351392e+02 7.026338e+07 4.147556e+06 
4.299590e+02 6.786906e+07 4.340466e+06 
3.647473e+02 6.712548e+07 5.594378e+06 
3.563636e+02 8.132529e+07 4.822740e+06 
3.644677e+02 6.929223e+07 4.919195e+06 
3.211175e+02 7.484446e+07 6.269562e+06 
3.544807e+02 8.366536e+07 4.806663e+06 
3.214117e+02 7.254475e+07 6.269562e+06 
3.682396e+02 6.710515e+07 5.594378e+06 
3.228270e+02 7.056797e+07 6.173107e+06 
4.634845e+02 6.762262e+07 3.858192e+06 
3.533900e+02 8.777599e+07 4.639474e+06 
3.187532e+02 7.547051e+07 6.462472e+06 
3.364112e+02 7.048131e+07 5.497924e+06 
4.355253e+02 6.961405e+07 4.051102e+06 
3.825967e+02 7.075136e+07 4.533376e+06 
4.490729e+02 6.983747e+07 3.858192e+06 
3.815826e+02 6.596789e+07 5.401469e+06 
3.581518e+02 6.768839e+07 6.076652e+06 
3.724205e+02 6.617264e+07 5.401469e+06 
3.641411e+02 8.017356e+07 4.822740e+06 
3.508733e+02 6.782269e+07 5.690833e+06 
3.262477e+02 7.147264e+07 5.594378e+06 
3.576649e+02 6.897569e+07 5.208559e+06 
3.647000e+02 6.715311e+07 5.594378e+06 
4.432518e+02 6.895224e+07 3.954647e+06 
4.564014e+02 6.801827e+07 3.858192e+06 
3.556794e+02 8.663538e+07 4.629830e+06 
3.447689e+02 6.812129e+07 5.594378e+06 
3.494936e+02 8.426189e+07 4.869359e+06 
4.596923e+02 6.915555e+07 3.665282e+06 
3.257765e+02 7.078780e+07 5.787288e+06 
4.331951e+02 6.615439e+07 5.112104e+06 
4.782075e+02 6.894173e+07 3.665282e+06 
3.816900e+02 6.592892e+07 5.497924e+06 
3.859538e+02 6.985431e+07 4.436921e+06 
3.893987e+02 6.568685e+07 5.305014e+06 
4.518093e+02 6.975331e+07 3.761737e+06 
4.345690e+02 6.631263e+07 4.822740e+06 
3.818688e+02 6.635405e+07 5.112104e+06 
3.220470e+02 7.137579e+07 5.980198e+06 
3.450698e+02 9.052748e+07 5.208559e+06 
3.944326e+02 6.756702e+07 4.726285e+06 
4.038907e+02 6.680222e+07 5.015650e+06 
3.312424e+02 6.927939e+07 6.076652e+06 

3.298647e+02 6.693564e+07 6.076652e+06 
3.334299e+02 6.806927e+07 5.787288e+06 
3.324523e+02 6.684309e+07 6.076652e+06 
4.160088e+02 6.389472e+07 5.305014e+06 
3.770777e+02 6.511557e+07 5.305014e+06 
3.836176e+02 6.440746e+07 5.497924e+06 
3.699797e+02 6.697512e+07 5.112104e+06 
3.537368e+02 6.564362e+07 5.787288e+06 
4.243257e+02 7.491845e+07 4.340466e+06 
3.277962e+02 6.704272e+07 6.076652e+06 
3.886341e+02 7.135070e+07 4.822740e+06 
3.854688e+02 6.507431e+07 5.208559e+06 
3.882655e+02 7.054194e+07 4.919195e+06 
4.234346e+02 7.635743e+07 4.244011e+06 
3.253635e+02 7.004793e+07 5.980198e+06 
4.189333e+02 7.693848e+07 4.436921e+06 
3.728809e+02 6.578660e+07 5.305014e+06 
3.323298e+02 6.721576e+07 5.883743e+06 
3.394252e+02 6.728702e+07 5.690833e+06 
3.381586e+02 6.670410e+07 5.980198e+06 
3.456289e+02 6.867700e+07 5.305014e+06 
4.167530e+02 7.491879e+07 4.533376e+06 
3.417275e+02 6.917083e+07 5.594378e+06 
3.516343e+02 6.701145e+07 5.497924e+06 
3.317625e+02 6.692254e+07 5.980198e+06 
4.285212e+02 7.373921e+07 4.340466e+06 
3.928067e+02 6.412250e+07 5.883743e+06 
3.781714e+02 7.010766e+07 5.015650e+06 
3.818867e+02 6.426796e+07 5.690833e+06 
3.890980e+02 6.700247e+07 5.015650e+06 
3.814020e+02 6.587895e+07 5.112104e+06 
3.540549e+02 6.789025e+07 5.401469e+06 
3.800515e+02 6.531444e+07 5.208559e+06 
3.213149e+02 6.764254e+07 6.173107e+06 
3.585289e+02 6.631095e+07 5.401469e+06 
3.186563e+02 6.839379e+07 6.269562e+06 
3.750509e+02 6.503542e+07 5.401469e+06 
3.454178e+02 6.534473e+07 5.883743e+06 
3.388472e+02 6.669093e+07 6.076652e+06 
3.395140e+02 6.658981e+07 6.173107e+06 
4.549702e+02 7.374630e+07 4.244011e+06 
3.534635e+02 6.651846e+07 5.594378e+06 
3.246775e+02 6.849225e+07 6.076652e+06 
4.544209e+02 7.639002e+07 3.954647e+06 
3.392063e+02 6.665878e+07 6.173107e+06 
3.426906e+02 6.652364e+07 5.690833e+06 
3.867074e+02 6.556604e+07 5.112104e+06 
3.686497e+02 6.499468e+07 5.594378e+06 
4.203538e+02 7.401154e+07 4.533376e+06 
3.591967e+02 6.521404e+07 5.980198e+06 
3.613992e+02 6.511096e+07 6.076652e+06 
4.396922e+02 7.555742e+07 4.051102e+06 
4.155765e+02 7.600389e+07 4.597679e+06 
3.677793e+02 6.456436e+07 5.883743e+06 
3.968504e+02 6.361431e+07 5.594378e+06 
3.920480e+02 6.726057e+07 4.919195e+06 
3.290793e+02 6.889399e+07 5.787288e+06 
3.605543e+02 6.514378e+07 5.497924e+06 
3.402132e+02 6.613245e+07 6.173107e+06 
3.964035e+02 6.435308e+07 5.401469e+06 
3.943059e+02 6.587564e+07 5.015650e+06 
3.368056e+02 7.306393e+07 5.690833e+06 
4.058629e+02 7.285458e+07 4.629830e+06 
3.908372e+02 6.438775e+07 5.208559e+06 
3.570772e+02 6.546962e+07 5.594378e+06 
4.251314e+02 7.557231e+07 4.244011e+06 
3.504378e+02 6.815814e+07 5.401469e+06 
3.615469e+02 6.602504e+07 5.401469e+06 
3.566237e+02 6.820164e+07 5.208559e+06 
4.339907e+02 7.323791e+07 4.340466e+06 
3.988932e+02 6.964373e+07 4.726285e+06 
3.446064e+02 6.859765e+07 5.401469e+06 
3.743725e+02 7.332134e+07 5.015650e+06 
3.394713e+02 7.786968e+07 5.594378e+06 
3.634903e+02 6.500751e+07 5.980198e+06 
3.707452e+02 6.425706e+07 5.787288e+06 
3.397170e+02 6.961934e+07 5.594378e+06 
3.267324e+02 6.753830e+07 6.269562e+06 
3.764714e+02 6.647841e+07 5.112104e+06 
3.970996e+02 6.499760e+07 5.015650e+06 
3.827331e+02 6.475108e+07 5.305014e+06 
4.518484e+02 7.505987e+07 4.051102e+06 
3.704143e+02 6.451216e+07 5.497924e+06 
3.454809e+02 6.733042e+07 5.497924e+06 
3.384894e+02 6.912536e+07 5.690833e+06 
3.690033e+02 6.445804e+07 5.787288e+06 
3.433959e+02 6.887364e+07 5.497924e+06 
3.336744e+02 7.926408e+07 5.690833e+06 
4.111910e+02 6.401325e+07 5.497924e+06 
4.537748e+02 7.665138e+07 3.954647e+06 
3.665667e+02 6.470712e+07 5.787288e+06 
3.724894e+02 6.645225e+07 5.208559e+06 
3.362054e+02 6.681533e+07 6.269562e+06 
4.418586e+02 7.472287e+07 4.244011e+06 
4.625868e+02 7.507638e+07 3.858192e+06 
4.562227e+02 7.714132e+07 3.858192e+06 
4.039917e+02 7.481122e+07 4.681273e+06 
3.278831e+02 6.890640e+07 5.883743e+06 
4.146568e+02 6.939905e+07 4.726285e+06 
3.520733e+02 6.925055e+07 5.208559e+06 

3.122782e+02 7.246938e+07 6.655381e+06 
4.067904e+02 6.969164e+07 4.533376e+06 
3.552375e+02 6.649032e+07 5.497924e+06 
3.300845e+02 7.798222e+07 5.594378e+06 
3.617880e+02 6.572679e+07 5.980198e+06 
3.410164e+02 8.741963e+07 5.208559e+06 
3.455927e+02 6.633906e+07 5.787288e+06 
3.153323e+02 7.419437e+07 6.269562e+06 
3.400169e+02 6.590908e+07 6.366017e+06 
3.259622e+02 7.267139e+07 5.883743e+06 
3.512837e+02 6.712302e+07 5.401469e+06 
3.398059e+02 8.709031e+07 5.305014e+06 
3.198680e+02 6.868066e+07 6.076652e+06 
3.205681e+02 6.782764e+07 6.173107e+06 
3.811929e+02 6.996044e+07 4.726285e+06 
4.022237e+02 6.794520e+07 4.919195e+06 
3.299630e+02 6.610155e+07 6.366017e+06 
3.445303e+02 6.564416e+07 6.462472e+06 
3.428550e+02 6.727689e+07 5.594378e+06 
3.358742e+02 7.714976e+07 5.497924e+06 
3.194418e+02 6.765361e+07 6.366017e+06 
3.758781e+02 6.738693e+07 5.208559e+06 
3.280863e+02 7.217653e+07 5.787288e+06 
3.717788e+02 6.568609e+07 5.690833e+06 
3.456992e+02 6.617426e+07 5.980198e+06 
3.522863e+02 7.424160e+07 5.208559e+06 
4.255176e+02 6.793067e+07 4.822740e+06 
3.404645e+02 6.597354e+07 6.173107e+06 
3.766928e+02 6.508046e+07 5.980198e+06 
3.686317e+02 6.914772e+07 5.015650e+06 
3.593224e+02 6.590350e+07 5.787288e+06 
3.292714e+02 7.774683e+07 5.690833e+06 
3.414404e+02 6.873684e+07 5.497924e+06 
4.139151e+02 6.691703e+07 4.919195e+06 
3.442125e+02 6.577124e+07 6.366017e+06 
3.347393e+02 6.854997e+07 5.690833e+06 
3.309574e+02 6.713632e+07 5.980198e+06 
3.835636e+02 6.701707e+07 5.208559e+06 
3.449916e+02 7.343815e+07 5.305014e+06 
3.173625e+02 6.855894e+07 6.366017e+06 
3.241415e+02 6.871456e+07 5.980198e+06 
3.631193e+02 6.643786e+07 5.401469e+06 
3.657465e+02 7.018136e+07 5.112104e+06 
4.035369e+02 6.552717e+07 5.305014e+06 
3.654582e+02 6.483452e+07 6.173107e+06 
3.398897e+02 6.833081e+07 5.594378e+06 
4.238279e+02 6.823787e+07 4.629830e+06 
3.663194e+02 6.742432e+07 5.305014e+06 
3.803547e+02 6.362104e+07 6.558926e+06 
3.400553e+02 7.269539e+07 5.497924e+06 
3.725387e+02 6.383084e+07 6.366017e+06 
3.502362e+02 6.687014e+07 5.594378e+06 
3.364716e+02 6.802219e+07 5.690833e+06 
3.551298e+02 6.533386e+07 6.173107e+06 
3.716457e+02 9.019349e+07 4.932055e+06 
3.242664e+02 6.699626e+07 6.076652e+06 
3.274282e+02 6.668190e+07 6.076652e+06 
3.449937e+02 6.788749e+07 5.497924e+06 
3.559654e+02 6.467423e+07 6.366017e+06 
3.319311e+02 7.576431e+07 5.690833e+06 
3.676684e+02 6.618233e+07 5.594378e+06 
3.268732e+02 7.890807e+07 5.787288e+06 
3.265434e+02 6.765366e+07 5.980198e+06 
3.425796e+02 6.859489e+07 5.401469e+06 
3.481636e+02 6.800404e+07 5.305014e+06 
3.432636e+02 6.584214e+07 6.462472e+06 
3.809472e+02 6.750852e+07 5.112104e+06 
3.752225e+02 6.481844e+07 6.173107e+06 
3.670141e+02 7.070492e+07 5.015650e+06 
4.133760e+02 6.609823e+07 5.112104e+06 
3.515728e+02 6.476109e+07 6.558926e+06 
3.801666e+02 6.584625e+07 5.594378e+06 
3.847199e+02 6.714860e+07 5.112104e+06 
3.304239e+02 6.931766e+07 5.787288e+06 
3.388326e+02 6.599493e+07 6.366017e+06 
3.179821e+02 7.420300e+07 5.980198e+06 
3.984811e+02 6.611975e+07 5.112104e+06 
3.536606e+02 6.875396e+07 5.208559e+06 
3.391996e+02 8.639609e+07 5.401469e+06 
3.895321e+02 7.024525e+07 4.533376e+06 
3.781682e+02 6.903582e+07 4.919195e+06 
3.901403e+02 6.783742e+07 5.015650e+06 
3.931925e+02 6.653199e+07 5.112104e+06 
3.159463e+02 6.987396e+07 6.173107e+06 
4.176708e+02 6.802009e+07 4.726285e+06 
3.863047e+02 6.865749e+07 4.726285e+06 
3.329376e+02 6.787884e+07 5.883743e+06 
3.956222e+02 6.966488e+07 4.629830e+06 
3.198838e+02 7.669812e+07 5.883743e+06 
3.452274e+02 6.506837e+07 6.269562e+06 
3.844502e+02 7.107743e+07 4.533376e+06 
3.688974e+02 6.538213e+07 5.980198e+06 
3.634031e+02 6.842639e+07 5.208559e+06 
3.654834e+02 7.572163e+07 5.015650e+06 
3.997583e+02 6.664831e+07 5.015650e+06 
3.236998e+02 6.744807e+07 6.558926e+06 
3.616982e+02 7.496618e+07 5.112104e+06 
3.632364e+02 6.455131e+07 6.558926e+06 
3.649732e+02 6.408924e+07 6.655381e+06 
3.752515e+02 7.146523e+07 4.919195e+06 

3.575881e+02 6.886301e+07 5.497924e+06 
3.929412e+02 7.204443e+07 3.761737e+06 
4.149992e+02 7.095196e+07 3.737624e+06 
3.140708e+02 7.154909e+07 5.980198e+06 
3.881787e+02 6.875254e+07 4.436921e+06 
3.485725e+02 7.016457e+07 5.787288e+06 
3.274985e+02 7.563417e+07 5.208559e+06 
4.239474e+02 7.073394e+07 3.665282e+06 
3.144700e+02 7.389197e+07 5.787288e+06 
3.683321e+02 7.080213e+07 4.726285e+06 
3.176658e+02 7.379162e+07 5.690833e+06 
3.661080e+02 7.070648e+07 4.822740e+06 
3.500573e+02 6.957192e+07 5.787288e+06 
3.418901e+02 7.178829e+07 5.305014e+06 
3.609058e+02 7.195558e+07 4.919195e+06 
3.523582e+02 7.338752e+07 4.919195e+06 
4.265608e+02 7.012750e+07 3.761737e+06 
3.975821e+02 6.977645e+07 4.051102e+06 
4.283936e+02 6.941536e+07 4.051102e+06 
4.355262e+02 6.981264e+07 3.665282e+06 
3.278917e+02 8.167976e+07 5.099244e+06 
3.694413e+02 7.344621e+07 4.436921e+06 
3.355561e+02 7.178108e+07 5.497924e+06 
3.404524e+02 7.048702e+07 6.173107e+06 
3.826733e+02 6.891923e+07 4.919195e+06 
3.310711e+02 7.614500e+07 5.112104e+06 
3.268822e+02 7.111555e+07 5.787288e+06 
3.685591e+02 7.208501e+07 4.533376e+06 
3.576473e+02 7.102348e+07 5.112104e+06 
3.784882e+02 6.925513e+07 4.919195e+06 
3.212858e+02 7.118694e+07 5.980198e+06 
3.721674e+02 6.978460e+07 5.015650e+06 
3.488541e+02 7.012087e+07 5.787288e+06 
3.188336e+02 8.217677e+07 5.401469e+06 
3.185120e+02 7.309331e+07 5.787288e+06 
3.601779e+02 6.882274e+07 5.305014e+06 
3.250456e+02 7.603128e+07 5.208559e+06 
3.846464e+02 7.195596e+07 4.051102e+06 
3.361686e+02 7.364838e+07 5.305014e+06 
4.245990e+02 6.902201e+07 4.147556e+06 
3.891449e+02 7.058303e+07 4.051102e+06 
4.455889e+02 6.853778e+07 4.436921e+06 
3.297885e+02 7.070341e+07 6.173107e+06 
3.471276e+02 7.028997e+07 5.690833e+06 
3.127391e+02 7.609874e+07 5.594378e+06 
3.541095e+02 6.900488e+07 5.594378e+06 
3.260534e+02 7.407390e+07 5.401469e+06 
3.100279e+02 7.501664e+07 6.173107e+06 
3.656225e+02 7.229695e+07 4.726285e+06 
3.306665e+02 7.327798e+07 5.497924e+06 
3.913401e+02 7.013167e+07 4.051102e+06 
3.871981e+02 6.893647e+07 4.244011e+06 
3.367796e+02 7.127114e+07 5.594378e+06 
3.441547e+02 7.069431e+07 5.497924e+06 
3.603599e+02 7.397120e+07 4.822740e+06 
3.511053e+02 6.980610e+07 5.305014e+06 
3.450074e+02 7.195790e+07 5.208559e+06 
3.113936e+02 7.429521e+07 6.173107e+06 
3.784579e+02 7.002392e+07 4.319032e+06 
3.823430e+02 6.942554e+07 4.340466e+06 
3.980484e+02 7.030823e+07 3.954647e+06 
4.221325e+02 6.881032e+07 4.340466e+06 
3.370344e+02 7.864684e+07 4.822740e+06 
4.304083e+02 6.949680e+07 3.954647e+06 
4.166915e+02 7.192690e+07 3.665282e+06 
3.358376e+02 7.232428e+07 5.401469e+06 
3.384208e+02 7.308354e+07 5.015650e+06 
3.320963e+02 7.207251e+07 5.594378e+06 
3.201567e+02 7.156053e+07 5.883743e+06 
3.702979e+02 7.112583e+07 4.629830e+06 
3.482194e+02 7.024127e+07 5.497924e+06 
4.022066e+02 6.839654e+07 4.533376e+06 
3.250773e+02 7.217235e+07 5.690833e+06 
3.141616e+02 7.475471e+07 5.594378e+06 
3.904626e+02 7.105019e+07 3.954647e+06 
3.214532e+02 7.354827e+07 5.594378e+06 
3.769477e+02 6.971426e+07 4.629830e+06 
3.809101e+02 7.086434e+07 4.244011e+06 
3.805398e+02 7.309146e+07 4.244011e+06 
3.267394e+02 7.077053e+07 6.173107e+06 
3.216348e+02 7.637604e+07 5.401469e+06 
3.160020e+02 7.128181e+07 6.173107e+06 
3.723160e+02 7.029716e+07 4.726285e+06 
3.775392e+02 7.184833e+07 4.340466e+06 
3.230954e+02 7.111461e+07 5.883743e+06 
3.493350e+02 7.248324e+07 5.112104e+06 
3.538531e+02 7.080405e+07 5.208559e+06 
3.648324e+02 6.876420e+07 5.208559e+06 
3.243055e+02 7.939808e+07 5.182838e+06 
3.135996e+02 7.383712e+07 6.173107e+06 
3.264980e+02 7.093848e+07 5.980198e+06 
3.772909e+02 6.997287e+07 4.436921e+06 
3.920492e+02 6.869076e+07 4.436921e+06 
3.505520e+02 6.957103e+07 5.594378e+06 
3.451776e+02 7.032205e+07 5.305014e+06 
3.230275e+02 8.041603e+07 5.266432e+06 
3.602425e+02 7.010219e+07 5.112104e+06 
3.898221e+02 7.299104e+07 3.954647e+06 
4.032577e+02 7.095298e+07 3.858192e+06 
3.229442e+02 7.545644e+07 5.401469e+06 

3.719350e+02 6.620158e+07 5.305014e+06 
3.376614e+02 6.952448e+07 5.401469e+06 
4.049658e+02 7.191327e+07 3.858192e+06 
3.905702e+02 6.996059e+07 4.340466e+06 
3.437977e+02 6.886077e+07 5.208559e+06 
3.212343e+02 8.241251e+07 6.944746e+06 
3.357204e+02 6.828251e+07 5.594378e+06 
3.642816e+02 6.963817e+07 4.533376e+06 
3.485515e+02 7.024724e+07 4.726285e+06 
3.540163e+02 6.761309e+07 5.401469e+06 
4.216616e+02 7.118554e+07 3.858192e+06 
3.315138e+02 6.864583e+07 5.980198e+06 
3.839524e+02 7.034810e+07 4.340466e+06 
3.710484e+02 7.198333e+07 4.436921e+06 
3.713592e+02 6.773170e+07 4.629830e+06 
3.658808e+02 6.827395e+07 4.822740e+06 
3.914605e+02 6.845585e+07 4.533376e+06 
4.430473e+02 6.754665e+07 4.629830e+06 
3.428793e+02 6.761328e+07 5.787288e+06 
3.243835e+02 7.982323e+07 6.655381e+06 
3.221772e+02 8.258688e+07 6.558926e+06 
4.198004e+02 7.183505e+07 3.665282e+06 
3.397203e+02 6.833609e+07 5.401469e+06 
3.653211e+02 6.658722e+07 5.305014e+06 
3.484063e+02 6.835092e+07 5.305014e+06 
3.374152e+02 7.397060e+07 5.208559e+06 
3.360328e+02 7.268360e+07 5.401469e+06 
3.851584e+02 6.922903e+07 4.436921e+06 
3.784565e+02 6.895439e+07 4.533376e+06 
3.734959e+02 6.952576e+07 4.436921e+06 
3.609997e+02 6.723551e+07 5.594378e+06 
3.709554e+02 6.732773e+07 4.919195e+06 
3.409147e+02 6.811245e+07 5.497924e+06 
3.287228e+02 7.810942e+07 5.401469e+06 
3.766083e+02 7.158128e+07 4.430490e+06 
3.307826e+02 7.434745e+07 5.401469e+06 
3.702766e+02 6.647298e+07 5.401469e+06 
3.510746e+02 6.776454e+07 5.401469e+06 
3.542541e+02 6.824784e+07 4.919195e+06 
4.201286e+02 6.696279e+07 4.726285e+06 
3.632634e+02 6.668078e+07 5.305014e+06 
3.421509e+02 7.535586e+07 4.919195e+06 
4.097539e+02 6.658231e+07 4.822740e+06 
3.846435e+02 6.745628e+07 4.726285e+06 
4.014193e+02 7.181518e+07 4.263302e+06 
3.448295e+02 7.059384e+07 4.848461e+06 
3.321302e+02 7.508010e+07 5.015650e+06 
3.943882e+02 6.517092e+07 5.208559e+06 
4.263679e+02 7.112609e+07 3.665282e+06 
3.513568e+02 7.097624e+07 4.629830e+06 
3.252243e+02 6.887361e+07 5.787288e+06 
3.554347e+02 6.994778e+07 4.629830e+06 
4.072553e+02 7.130636e+07 4.147556e+06 
3.789169e+02 6.602241e+07 5.305014e+06 
4.253658e+02 7.014344e+07 3.858192e+06 
3.887908e+02 6.541501e+07 5.112104e+06 
3.858756e+02 6.647092e+07 4.919195e+06 
3.502131e+02 6.942835e+07 4.919195e+06 
3.401255e+02 6.789416e+07 5.594378e+06 
3.819388e+02 6.564853e+07 5.112104e+06 
3.311084e+02 7.678746e+07 5.208559e+06 
3.443552e+02 6.773472e+07 5.594378e+06 
3.609233e+02 6.897663e+07 4.726285e+06 
3.298170e+02 6.995160e+07 5.594378e+06 
3.599923e+02 6.730575e+07 5.305014e+06 
4.153300e+02 6.626515e+07 4.822740e+06 
3.913607e+02 6.893234e+07 4.436921e+06 
3.574626e+02 7.068136e+07 4.533376e+06 
3.994391e+02 7.325874e+07 4.244011e+06 
3.839930e+02 6.531960e+07 5.497924e+06 
3.800695e+02 6.595038e+07 5.112104e+06 
3.679042e+02 6.782531e+07 4.919195e+06 
3.956351e+02 6.576204e+07 4.919195e+06 
3.698853e+02 6.652685e+07 5.305014e+06 
3.326088e+02 6.798676e+07 5.980198e+06 
3.337791e+02 7.076036e+07 5.497924e+06 
3.449653e+02 6.996994e+07 5.112104e+06 
3.746316e+02 6.615542e+07 5.305014e+06 
3.758625e+02 6.703811e+07 4.822740e+06 
3.758951e+02 6.674846e+07 5.015650e+06 
3.954098e+02 6.523488e+07 5.112104e+06 
3.646713e+02 6.661801e+07 5.112104e+06 
4.044590e+02 7.171610e+07 4.051102e+06 
4.104973e+02 7.219378e+07 3.665282e+06 
3.397870e+02 7.147377e+07 5.182838e+06 
3.273591e+02 6.887117e+07 5.787288e+06 
4.138796e+02 7.150684e+07 3.954647e+06 
3.438286e+02 7.107295e+07 5.112104e+06 
3.767750e+02 6.612936e+07 5.305014e+06 
3.532109e+02 6.724115e+07 5.787288e+06 
3.532465e+02 6.944035e+07 4.822740e+06 
3.520357e+02 6.736845e+07 5.690833e+06 
3.270941e+02 7.162429e+07 5.594378e+06 
4.136460e+02 7.095560e+07 4.051102e+06 
3.376945e+02 6.766513e+07 5.787288e+06 
3.621184e+02 6.715800e+07 5.208559e+06 
3.770339e+02 6.609391e+07 5.112104e+06 
3.830058e+02 6.561122e+07 5.112104e+06 
3.428748e+02 6.931812e+07 5.208559e+06 
3.317600e+02 6.832539e+07 5.980198e+06 

