6.346000e+03 1.990289e+07 1.510820e+06 
7.941050e+03 2.446699e+07 9.064920e+05 
6.328850e+03 2.034351e+07 1.208656e+06 
6.319000e+03 2.023324e+07 1.359738e+06 
6.310900e+03 2.031817e+07 1.435279e+06 
6.326450e+03 1.995003e+07 1.435279e+06 
6.548300e+03 2.094249e+07 1.133115e+06 
6.738250e+03 2.175976e+07 9.820330e+05 
6.316350e+03 2.014888e+07 1.284197e+06 
6.284350e+03 1.980121e+07 1.586361e+06 
7.858950e+03 2.459915e+07 9.064920e+05 
7.904100e+03 2.468888e+07 9.064920e+05 
6.339800e+03 2.012321e+07 1.359738e+06 
6.261250e+03 1.965448e+07 1.661902e+06 
6.231000e+03 1.962252e+07 1.737443e+06 
6.255300e+03 1.982635e+07 1.586361e+06 
8.104200e+03 2.512125e+07 8.309510e+05 
6.536100e+03 2.093770e+07 1.133115e+06 
6.266650e+03 1.957188e+07 1.737443e+06 
6.266050e+03 1.960492e+07 1.737443e+06 
6.234800e+03 1.961359e+07 1.737443e+06 
6.614600e+03 2.118024e+07 1.057574e+06 
7.960200e+03 2.470604e+07 8.309510e+05 
6.319900e+03 2.003865e+07 1.435279e+06 
6.608500e+03 2.120138e+07 1.057574e+06 
6.243800e+03 1.964027e+07 1.661902e+06 
6.739700e+03 2.139395e+07 9.820330e+05 
6.734600e+03 2.126450e+07 1.057574e+06 
6.342100e+03 2.035790e+07 1.208656e+06 
6.603200e+03 2.090496e+07 1.133115e+06 
6.228650e+03 1.971447e+07 1.737443e+06 
6.344000e+03 1.986087e+07 1.510820e+06 
6.208150e+03 1.948297e+07 1.812984e+06 
6.194400e+03 1.958229e+07 1.812984e+06 
7.873100e+03 2.443694e+07 9.064920e+05 
6.383250e+03 2.035286e+07 1.208656e+06 
6.321700e+03 1.960249e+07 1.737443e+06 
6.338000e+03 2.017208e+07 1.284197e+06 
6.235500e+03 1.976411e+07 1.661902e+06 
6.588700e+03 2.085319e+07 1.133115e+06 
6.340400e+03 1.992659e+07 1.510820e+06 
6.703550e+03 2.126632e+07 1.057574e+06 
6.246950e+03 1.980088e+07 1.586361e+06 
6.341500e+03 2.000038e+07 1.435279e+06 
6.182000e+03 1.946301e+07 1.812984e+06 
6.767500e+03 2.147838e+07 9.820330e+05 
6.345350e+03 1.983926e+07 1.510820e+06 
8.057850e+03 2.541049e+07 8.309510e+05 
8.001500e+03 2.497905e+07 8.641580e+05 
6.737100e+03 2.144273e+07 9.820330e+05 

6.417400e+03 1.970790e+07 1.359738e+06 
6.104700e+03 1.928635e+07 1.661902e+06 
6.135500e+03 1.958133e+07 1.586361e+06 
7.101250e+03 2.298099e+07 8.641580e+05 
6.580900e+03 2.023538e+07 1.208656e+06 
6.796200e+03 2.097598e+07 1.046086e+06 
6.844250e+03 2.137784e+07 9.820330e+05 
6.582450e+03 2.025742e+07 1.208656e+06 
6.852500e+03 2.101353e+07 1.046086e+06 
7.259500e+03 2.370462e+07 8.186760e+05 
6.155800e+03 1.951842e+07 1.586361e+06 
7.244750e+03 2.391340e+07 7.731940e+05 
6.896300e+03 2.125260e+07 1.000604e+06 
6.645850e+03 2.060761e+07 1.133115e+06 
6.416300e+03 1.963617e+07 1.510820e+06 
6.109400e+03 1.928871e+07 1.661902e+06 
6.614100e+03 2.070325e+07 1.133115e+06 
6.092050e+03 1.930922e+07 1.661902e+06 
6.624900e+03 2.066585e+07 1.133115e+06 
6.386000e+03 1.967152e+07 1.435279e+06 
7.318350e+03 2.392904e+07 7.731940e+05 
6.108400e+03 1.927966e+07 1.661902e+06 
6.627450e+03 2.065457e+07 1.133115e+06 
6.438500e+03 1.978277e+07 1.359738e+06 
6.238900e+03 1.985173e+07 1.510820e+06 
6.485500e+03 2.003563e+07 1.284197e+06 
7.029950e+03 2.258678e+07 9.064920e+05 
7.273000e+03 2.366260e+07 8.186760e+05 
7.160350e+03 2.306389e+07 8.309510e+05 
6.631150e+03 2.072596e+07 1.057574e+06 
7.080050e+03 2.294865e+07 8.641580e+05 
6.623300e+03 2.067367e+07 1.057574e+06 
6.232500e+03 1.994118e+07 1.510820e+06 
6.089550e+03 1.929146e+07 1.661902e+06 
6.833500e+03 2.113632e+07 1.000604e+06 
7.351700e+03 2.389908e+07 7.731940e+05 
6.207050e+03 1.955223e+07 1.586361e+06 
6.888750e+03 2.133554e+07 9.820330e+05 
6.226100e+03 1.996313e+07 1.510820e+06 
6.420200e+03 1.966853e+07 1.435279e+06 
6.442950e+03 2.087328e+07 1.284197e+06 
6.410950e+03 1.964998e+07 1.435279e+06 
7.252800e+03 2.312392e+07 8.309510e+05 
6.916150e+03 2.137715e+07 9.820330e+05 
6.502100e+03 2.108859e+07 1.208656e+06 
6.504450e+03 2.006216e+07 1.284197e+06 
6.357150e+03 2.038145e+07 1.435279e+06 
6.629150e+03 2.050028e+07 1.133115e+06 
6.555750e+03 2.031395e+07 1.208656e+06 
7.065750e+03 2.269158e+07 9.064920e+05 

6.855600e+03 2.137717e+07 1.133115e+06 
6.265650e+03 2.012947e+07 1.284197e+06 
6.064250e+03 1.910618e+07 1.661902e+06 
6.201650e+03 1.959930e+07 1.510820e+06 
7.804650e+03 2.413298e+07 9.005443e+05 
6.129150e+03 1.930757e+07 1.586361e+06 
6.318400e+03 2.031789e+07 1.208656e+06 
8.258500e+03 2.528406e+07 8.309510e+05 
8.087900e+03 2.528955e+07 8.309510e+05 
7.143050e+03 2.235194e+07 9.096400e+05 
6.292100e+03 1.995458e+07 1.359738e+06 
6.140900e+03 1.959637e+07 1.510820e+06 
7.824500e+03 2.377983e+07 8.641580e+05 
7.080550e+03 2.193797e+07 9.820330e+05 
6.034950e+03 1.894381e+07 1.737443e+06 
7.158200e+03 2.216490e+07 9.096400e+05 
6.996550e+03 2.187400e+07 9.820330e+05 
6.050450e+03 1.887478e+07 1.737443e+06 
6.296500e+03 2.004185e+07 1.359738e+06 
7.125400e+03 2.245398e+07 9.460263e+05 
7.114550e+03 2.264471e+07 9.460263e+05 
7.037350e+03 2.177323e+07 9.820330e+05 
6.239400e+03 2.006033e+07 1.359738e+06 
6.955300e+03 2.160528e+07 1.057574e+06 
8.113100e+03 2.499529e+07 8.309510e+05 
6.859650e+03 2.163680e+07 1.057574e+06 
6.062750e+03 1.890792e+07 1.737443e+06 
6.316600e+03 2.067135e+07 1.208656e+06 
6.036150e+03 1.893299e+07 1.737443e+06 
6.878850e+03 2.154717e+07 1.057574e+06 
6.881050e+03 2.149869e+07 1.057574e+06 
6.823550e+03 2.148144e+07 1.133115e+06 
6.859850e+03 2.131484e+07 1.133115e+06 
7.126850e+03 2.244787e+07 9.343980e+05 
6.907150e+03 2.145260e+07 1.057574e+06 
6.323050e+03 2.034427e+07 1.208656e+06 
6.082550e+03 1.915490e+07 1.661902e+06 
6.210000e+03 1.978111e+07 1.435279e+06 
7.816900e+03 2.387767e+07 9.005443e+05 
7.727350e+03 2.398163e+07 9.055372e+05 
7.279600e+03 2.262894e+07 9.064920e+05 
7.227350e+03 2.258060e+07 9.064920e+05 
7.163850e+03 2.248313e+07 9.096400e+05 
6.037750e+03 1.895065e+07 1.737443e+06 
6.188250e+03 1.977439e+07 1.435279e+06 
6.088950e+03 1.926295e+07 1.586361e+06 
6.329900e+03 2.018917e+07 1.284197e+06 
7.245400e+03 2.255881e+07 9.064920e+05 
6.039250e+03 1.891569e+07 1.737443e+06 
6.884600e+03 2.142009e+07 1.133115e+06 

6.106700e+03 1.934256e+07 1.888525e+06 
6.186200e+03 1.955419e+07 1.586361e+06 
6.603250e+03 2.101696e+07 1.133115e+06 
6.130200e+03 1.924928e+07 1.812984e+06 
6.105600e+03 1.937170e+07 1.888525e+06 
6.916700e+03 2.185904e+07 9.820330e+05 
6.106300e+03 1.926922e+07 1.888525e+06 
6.961400e+03 2.191298e+07 9.064920e+05 
6.600600e+03 2.088797e+07 1.208656e+06 
6.160500e+03 1.942264e+07 1.661902e+06 
6.558800e+03 2.044221e+07 1.284197e+06 
6.210600e+03 1.955148e+07 1.586361e+06 
6.641200e+03 2.123977e+07 1.057574e+06 
6.134400e+03 1.932964e+07 1.737443e+06 
6.558400e+03 2.078797e+07 1.208656e+06 
6.351700e+03 2.000367e+07 1.510820e+06 
6.209600e+03 1.950227e+07 1.586361e+06 
6.945900e+03 2.177465e+07 9.820330e+05 
6.390400e+03 2.008200e+07 1.435279e+06 
6.130800e+03 1.917715e+07 1.812984e+06 
6.137900e+03 1.921959e+07 1.812984e+06 
6.212500e+03 1.944857e+07 1.586361e+06 
6.137950e+03 1.918127e+07 1.812984e+06 
6.696600e+03 2.119642e+07 1.057574e+06 
7.071900e+03 2.174762e+07 9.820330e+05 
6.163100e+03 1.938272e+07 1.661902e+06 
6.096200e+03 1.939473e+07 1.888525e+06 
6.357300e+03 2.004767e+07 1.435279e+06 
6.958050e+03 2.187288e+07 9.064920e+05 
7.026100e+03 2.165966e+07 9.820330e+05 
6.517350e+03 2.034650e+07 1.359738e+06 
6.511550e+03 2.050994e+07 1.284197e+06 
6.136400e+03 1.926041e+07 1.737443e+06 
6.135200e+03 1.921251e+07 1.737443e+06 
6.204900e+03 1.933649e+07 1.661902e+06 
6.191500e+03 1.936520e+07 1.661902e+06 
6.372100e+03 2.001997e+07 1.510820e+06 
6.658650e+03 2.096537e+07 1.133115e+06 
6.481400e+03 2.033470e+07 1.359738e+06 
6.126900e+03 1.929303e+07 1.737443e+06 
7.018200e+03 2.188954e+07 9.064920e+05 
6.140600e+03 1.925156e+07 1.737443e+06 
6.534650e+03 2.074557e+07 1.284197e+06 
6.201800e+03 1.931618e+07 1.661902e+06 
6.155000e+03 1.945352e+07 1.661902e+06 
6.597000e+03 2.059844e+07 1.284197e+06 
6.655800e+03 2.102697e+07 1.133115e+06 
6.699500e+03 2.123802e+07 1.057574e+06 
6.120900e+03 1.928552e+07 1.812984e+06 
6.643850e+03 2.128890e+07 1.057574e+06 

6.121750e+03 1.920459e+07 1.661902e+06 
6.225500e+03 1.959658e+07 1.510820e+06 
6.456150e+03 2.041465e+07 1.359738e+06 
6.456250e+03 2.037700e+07 1.359738e+06 
6.585700e+03 2.083586e+07 1.133115e+06 
6.267500e+03 1.978674e+07 1.435279e+06 
5.957950e+03 1.857515e+07 1.888525e+06 
5.968000e+03 1.850097e+07 1.888525e+06 
7.459000e+03 2.382035e+07 9.064920e+05 
6.758500e+03 2.127091e+07 1.057574e+06 
6.008400e+03 1.864307e+07 1.812984e+06 
6.633750e+03 2.090162e+07 1.133115e+06 
6.484450e+03 2.040305e+07 1.284197e+06 
6.505450e+03 2.036661e+07 1.284197e+06 
7.436950e+03 2.367241e+07 9.064920e+05 
6.503250e+03 2.047386e+07 1.208656e+06 
6.041600e+03 1.876697e+07 1.737443e+06 
7.472950e+03 2.358032e+07 9.064920e+05 
6.147850e+03 1.946550e+07 1.586361e+06 
5.980650e+03 1.860156e+07 1.812984e+06 
6.238450e+03 1.965585e+07 1.510820e+06 
6.681700e+03 2.070973e+07 1.133115e+06 
5.971450e+03 1.850618e+07 1.888525e+06 
6.033700e+03 1.885939e+07 1.737443e+06 
6.477650e+03 2.042043e+07 1.284197e+06 
6.148200e+03 1.919590e+07 1.661902e+06 
6.433850e+03 2.043780e+07 1.359738e+06 
6.729750e+03 2.129818e+07 1.057574e+06 
7.061400e+03 2.196219e+07 9.820330e+05 
6.154350e+03 1.949410e+07 1.586361e+06 
5.995550e+03 1.849423e+07 1.888525e+06 
6.488050e+03 2.033211e+07 1.359738e+06 
6.427150e+03 2.049982e+07 1.359738e+06 
6.595250e+03 2.082200e+07 1.133115e+06 
6.031050e+03 1.895890e+07 1.737443e+06 
7.382000e+03 2.319846e+07 9.096400e+05 
6.963850e+03 2.178952e+07 9.820330e+05 
6.192500e+03 1.942382e+07 1.586361e+06 
6.754450e+03 2.138835e+07 1.057574e+06 
7.575450e+03 2.359158e+07 9.096400e+05 
6.252950e+03 1.975218e+07 1.435279e+06 
6.163500e+03 1.946312e+07 1.586361e+06 
7.537100e+03 2.369366e+07 8.641580e+05 
6.608350e+03 2.054910e+07 1.133115e+06 
7.551700e+03 2.389692e+07 8.641580e+05 
6.079400e+03 1.881302e+07 1.737443e+06 
6.494750e+03 2.033410e+07 1.208656e+06 
6.070150e+03 1.893698e+07 1.661902e+06 
6.164700e+03 1.942465e+07 1.586361e+06 
7.506500e+03 2.379518e+07 8.641580e+05 

6.830850e+03 2.181279e+07 9.820330e+05 
6.329050e+03 1.998339e+07 1.510820e+06 
6.730150e+03 2.117894e+07 1.057574e+06 
6.138050e+03 1.888224e+07 1.812984e+06 
6.156550e+03 1.898066e+07 1.737443e+06 
6.159950e+03 1.902456e+07 1.737443e+06 
6.423550e+03 2.031536e+07 1.284197e+06 
6.354600e+03 1.990468e+07 1.586361e+06 
6.141000e+03 1.906130e+07 1.812984e+06 
6.859450e+03 2.150123e+07 1.000604e+06 
6.837150e+03 2.182884e+07 1.000604e+06 
6.589550e+03 2.066073e+07 1.208656e+06 
6.709150e+03 2.117219e+07 1.057574e+06 
6.191450e+03 1.890025e+07 1.737443e+06 
6.800050e+03 2.154304e+07 1.000604e+06 
6.197850e+03 1.892057e+07 1.737443e+06 
6.408600e+03 2.036215e+07 1.284197e+06 
7.288300e+03 2.231853e+07 9.551220e+05 
6.429500e+03 2.030720e+07 1.284197e+06 
6.829700e+03 2.152898e+07 1.000604e+06 
6.179500e+03 1.894543e+07 1.737443e+06 
6.852750e+03 2.157472e+07 9.820330e+05 
7.169950e+03 2.223609e+07 9.551220e+05 
6.560550e+03 2.046082e+07 1.208656e+06 
7.226000e+03 2.232172e+07 9.551220e+05 
6.655950e+03 2.098689e+07 1.133115e+06 
6.356250e+03 1.998697e+07 1.359738e+06 
6.869300e+03 2.155451e+07 9.820330e+05 
6.832600e+03 2.148923e+07 9.820330e+05 
6.641450e+03 2.104848e+07 1.133115e+06 
6.761950e+03 2.116349e+07 1.057574e+06 
6.706650e+03 2.099894e+07 1.133115e+06 
6.160050e+03 1.897196e+07 1.737443e+06 
6.146200e+03 1.896045e+07 1.812984e+06 
6.197000e+03 1.912745e+07 1.661902e+06 
6.325700e+03 1.984201e+07 1.510820e+06 
6.367350e+03 1.997681e+07 1.435279e+06 
6.840450e+03 2.163940e+07 9.820330e+05 
6.165450e+03 1.897191e+07 1.737443e+06 
6.356050e+03 1.996512e+07 1.359738e+06 
6.659350e+03 2.107551e+07 1.133115e+06 
6.188600e+03 1.906590e+07 1.661902e+06 
6.149150e+03 1.888540e+07 1.812984e+06 
6.711200e+03 2.121699e+07 1.057574e+06 
6.147050e+03 1.889253e+07 1.812984e+06 
6.589950e+03 2.053915e+07 1.208656e+06 
6.673000e+03 2.101362e+07 1.133115e+06 
6.416000e+03 2.024299e+07 1.284197e+06 
6.182500e+03 1.893906e+07 1.737443e+06 
6.414300e+03 2.033367e+07 1.284197e+06 

6.231050e+03 1.947772e+07 1.510820e+06 
6.369700e+03 2.028960e+07 1.359738e+06 
6.372900e+03 2.018563e+07 1.359738e+06 
6.116300e+03 1.909906e+07 1.737443e+06 
6.873850e+03 2.157302e+07 1.057574e+06 
6.070600e+03 1.905656e+07 1.812984e+06 
6.147950e+03 1.918875e+07 1.661902e+06 
6.181500e+03 1.918296e+07 1.661902e+06 
6.439900e+03 2.068835e+07 1.284197e+06 
6.181000e+03 1.928033e+07 1.586361e+06 
6.198250e+03 1.917769e+07 1.661902e+06 
6.125700e+03 1.910195e+07 1.737443e+06 
6.083100e+03 1.886207e+07 1.812984e+06 
6.311200e+03 2.032784e+07 1.435279e+06 
6.482100e+03 2.085346e+07 1.208656e+06 
6.049200e+03 1.886797e+07 1.812984e+06 
6.387150e+03 2.061183e+07 1.284197e+06 
6.481450e+03 2.039103e+07 1.359738e+06 
6.418550e+03 2.058735e+07 1.359738e+06 
6.054800e+03 1.880445e+07 1.812984e+06 
6.367200e+03 2.024309e+07 1.435279e+06 
6.233950e+03 1.951817e+07 1.510820e+06 
6.746850e+03 2.145956e+07 1.133115e+06 
6.394550e+03 2.038373e+07 1.284197e+06 
6.813150e+03 2.178503e+07 1.057574e+06 
6.213550e+03 1.934939e+07 1.586361e+06 
6.875800e+03 2.168773e+07 9.820330e+05 
6.876200e+03 2.179857e+07 9.064920e+05 
6.814450e+03 2.162800e+07 1.057574e+06 
6.432750e+03 2.014977e+07 1.435279e+06 
6.191150e+03 1.916438e+07 1.661902e+06 
6.111000e+03 1.911566e+07 1.737443e+06 
6.458400e+03 2.064132e+07 1.208656e+06 
6.904750e+03 2.160291e+07 1.057574e+06 
6.331750e+03 2.028750e+07 1.435279e+06 
6.327450e+03 2.026226e+07 1.435279e+06 
6.225950e+03 1.953321e+07 1.510820e+06 
6.505100e+03 2.083745e+07 1.208656e+06 
6.428750e+03 2.007731e+07 1.435279e+06 
6.116400e+03 1.935676e+07 1.737443e+06 
6.826050e+03 2.168233e+07 1.057574e+06 
6.500900e+03 2.066769e+07 1.284197e+06 
6.923500e+03 2.183677e+07 9.064920e+05 
6.132750e+03 1.909114e+07 1.737443e+06 
6.043750e+03 1.870145e+07 1.888525e+06 
6.043300e+03 1.905157e+07 1.812984e+06 
6.891100e+03 2.173404e+07 9.820330e+05 
6.754250e+03 2.146285e+07 1.133115e+06 
6.042050e+03 1.869252e+07 1.888525e+06 
6.102600e+03 1.911657e+07 1.737443e+06 

6.890650e+03 2.208299e+07 9.064920e+05 
6.646850e+03 2.150684e+07 9.820330e+05 
6.648350e+03 2.155521e+07 1.057574e+06 
6.910400e+03 2.230261e+07 9.064920e+05 
6.303150e+03 2.000995e+07 1.435279e+06 
6.469600e+03 2.077035e+07 1.133115e+06 
6.302750e+03 2.001006e+07 1.435279e+06 
6.389250e+03 2.047752e+07 1.208656e+06 
6.875650e+03 2.214122e+07 9.096400e+05 
6.315050e+03 1.999378e+07 1.435279e+06 
6.372350e+03 2.049383e+07 1.208656e+06 
6.697850e+03 2.168270e+07 9.820330e+05 
6.341950e+03 2.031193e+07 1.284197e+06 
6.139200e+03 1.942128e+07 1.661902e+06 
6.352650e+03 2.025942e+07 1.284197e+06 
6.132350e+03 1.942011e+07 1.661902e+06 
7.011150e+03 2.222058e+07 9.064920e+05 
6.363200e+03 2.055103e+07 1.208656e+06 
6.656500e+03 2.171162e+07 9.820330e+05 
6.246900e+03 1.983028e+07 1.510820e+06 
6.334550e+03 2.043085e+07 1.284197e+06 
6.340750e+03 2.022883e+07 1.284197e+06 
6.151700e+03 1.946332e+07 1.661902e+06 
6.373700e+03 2.056270e+07 1.208656e+06 
6.475650e+03 2.075951e+07 1.133115e+06 
6.485250e+03 2.081099e+07 1.133115e+06 
6.293250e+03 1.995929e+07 1.359738e+06 
6.384100e+03 2.054550e+07 1.208656e+06 
6.316000e+03 2.003601e+07 1.359738e+06 
6.658800e+03 2.146200e+07 1.057574e+06 
6.686900e+03 2.173726e+07 9.820330e+05 
6.598800e+03 2.153834e+07 1.057574e+06 
6.638550e+03 2.163800e+07 1.057574e+06 
6.385550e+03 2.055019e+07 1.208656e+06 
6.646500e+03 2.158854e+07 1.057574e+06 
6.324750e+03 2.000619e+07 1.359738e+06 
6.458450e+03 2.104827e+07 1.133115e+06 
6.324550e+03 2.047099e+07 1.284197e+06 
6.900450e+03 2.209229e+07 9.096400e+05 
6.462150e+03 2.073859e+07 1.133115e+06 
6.324200e+03 1.998345e+07 1.435279e+06 
6.301300e+03 2.003170e+07 1.435279e+06 
6.178300e+03 1.979323e+07 1.510820e+06 
6.190950e+03 1.967546e+07 1.586361e+06 
6.994850e+03 2.258087e+07 9.064920e+05 
6.163900e+03 1.961907e+07 1.510820e+06 
6.201900e+03 1.978966e+07 1.510820e+06 
6.317350e+03 2.000677e+07 1.359738e+06 
6.309850e+03 2.007739e+07 1.359738e+06 
6.327750e+03 2.003412e+07 1.359738e+06 

6.116500e+03 1.942692e+07 1.586361e+06 
6.482650e+03 2.084038e+07 1.057574e+06 
6.073950e+03 1.918125e+07 1.661902e+06 
6.108550e+03 1.932946e+07 1.586361e+06 
6.549800e+03 2.061354e+07 1.133115e+06 
6.273000e+03 2.014689e+07 1.284197e+06 
6.121050e+03 1.939527e+07 1.510820e+06 
6.065800e+03 1.922600e+07 1.661902e+06 
6.077550e+03 1.917937e+07 1.661902e+06 
6.615650e+03 2.120831e+07 9.820330e+05 
6.398050e+03 2.020281e+07 1.208656e+06 
6.060750e+03 1.922377e+07 1.661902e+06 
6.440150e+03 2.063674e+07 1.133115e+06 
6.723250e+03 2.149160e+07 9.096400e+05 
6.278150e+03 1.986748e+07 1.359738e+06 
6.222000e+03 1.975878e+07 1.435279e+06 
6.575300e+03 2.110409e+07 9.820330e+05 
6.236500e+03 1.979425e+07 1.435279e+06 
6.119850e+03 1.970116e+07 1.510820e+06 
6.646250e+03 2.135202e+07 9.064920e+05 
6.313800e+03 2.031800e+07 1.208656e+06 
6.341600e+03 1.992521e+07 1.359738e+06 
6.497650e+03 2.078376e+07 1.057574e+06 
6.912950e+03 2.198872e+07 8.641580e+05 
6.684050e+03 2.161699e+07 9.064920e+05 
6.538400e+03 2.064369e+07 1.133115e+06 
6.540050e+03 2.062845e+07 1.133115e+06 
6.290100e+03 2.005694e+07 1.284197e+06 
6.416200e+03 2.029829e+07 1.208656e+06 
6.472150e+03 2.078742e+07 1.057574e+06 
6.062700e+03 1.922666e+07 1.661902e+06 
6.262450e+03 1.999096e+07 1.359738e+06 
6.301650e+03 2.024702e+07 1.284197e+06 
6.568450e+03 2.079030e+07 1.057574e+06 
6.244450e+03 1.971755e+07 1.435279e+06 
6.149050e+03 1.934548e+07 1.586361e+06 
6.335500e+03 2.034056e+07 1.208656e+06 
7.002950e+03 2.223445e+07 8.309510e+05 
6.257150e+03 1.991190e+07 1.359738e+06 
6.060850e+03 1.915943e+07 1.661902e+06 
6.267850e+03 1.973130e+07 1.435279e+06 
6.148250e+03 1.946748e+07 1.510820e+06 
6.868100e+03 2.195586e+07 8.309510e+05 
6.133750e+03 1.961460e+07 1.510820e+06 
6.774400e+03 2.150036e+07 9.064920e+05 
6.594650e+03 2.123629e+07 9.820330e+05 
6.232300e+03 1.974322e+07 1.435279e+06 
6.868850e+03 2.207284e+07 8.674190e+05 
6.392100e+03 2.025439e+07 1.208656e+06 
6.376500e+03 2.006261e+07 1.284197e+06 

6.444500e+03 2.071916e+07 1.284197e+06 
6.079450e+03 1.891672e+07 1.888525e+06 
6.466150e+03 2.011024e+07 1.359738e+06 
6.299700e+03 1.988045e+07 1.586361e+06 
6.815050e+03 2.183010e+07 9.820330e+05 
6.924250e+03 2.206868e+07 9.135506e+05 
6.106600e+03 1.890745e+07 1.888525e+06 
6.084450e+03 1.900717e+07 1.737443e+06 
6.819750e+03 2.171739e+07 9.820330e+05 
6.093100e+03 1.899341e+07 1.737443e+06 
6.387550e+03 1.997183e+07 1.510820e+06 
6.067400e+03 1.891952e+07 1.888525e+06 
6.441950e+03 2.010557e+07 1.435279e+06 
6.147800e+03 1.934268e+07 1.661902e+06 
6.753550e+03 2.145212e+07 1.133115e+06 
6.805950e+03 2.188298e+07 9.820330e+05 
6.926850e+03 2.228631e+07 9.096400e+05 
6.064300e+03 1.915812e+07 1.812984e+06 
6.098750e+03 1.896229e+07 1.812984e+06 
6.444650e+03 2.067207e+07 1.284197e+06 
6.850700e+03 2.160601e+07 1.057574e+06 
6.078000e+03 1.916357e+07 1.737443e+06 
6.079200e+03 1.904804e+07 1.737443e+06 
6.062750e+03 1.909652e+07 1.888525e+06 
6.377550e+03 2.017609e+07 1.435279e+06 
6.748200e+03 2.129143e+07 1.208656e+06 
6.970200e+03 2.205787e+07 9.096400e+05 
6.372600e+03 2.010687e+07 1.510820e+06 
6.107600e+03 1.893097e+07 1.888525e+06 
6.702900e+03 2.165163e+07 1.057574e+06 
6.080200e+03 1.901527e+07 1.812984e+06 
6.371500e+03 2.019553e+07 1.510820e+06 
6.194250e+03 1.938469e+07 1.661902e+06 
6.808950e+03 2.153423e+07 1.057574e+06 
6.452650e+03 2.003878e+07 1.510820e+06 
6.097750e+03 1.890840e+07 1.888525e+06 
6.409150e+03 2.069276e+07 1.359738e+06 
6.466750e+03 2.041352e+07 1.284197e+06 
7.082450e+03 2.236402e+07 9.096400e+05 
6.547300e+03 2.044182e+07 1.284197e+06 
6.834750e+03 2.194985e+07 9.551220e+05 
6.748300e+03 2.130863e+07 1.208656e+06 
6.739100e+03 2.131723e+07 1.208656e+06 
6.096150e+03 1.904006e+07 1.737443e+06 
6.469050e+03 2.017418e+07 1.359738e+06 
6.064850e+03 1.901945e+07 1.812984e+06 
6.425050e+03 2.080454e+07 1.284197e+06 
6.809500e+03 2.177418e+07 9.820330e+05 
6.637450e+03 2.138446e+07 1.133115e+06 
6.783250e+03 2.164066e+07 1.057574e+06 

