1.588538e+02 3.369372e+07 3.814935e+06 
1.590312e+02 3.362181e+07 3.814935e+06 
1.786110e+02 3.229321e+07 3.814935e+06 
2.191305e+02 3.162224e+07 3.814935e+06 
1.488936e+02 3.505928e+07 3.814935e+06 
1.953492e+02 3.189657e+07 3.814935e+06 
1.498899e+02 3.472103e+07 3.814935e+06 
1.497921e+02 3.477106e+07 3.814935e+06 
1.482747e+02 3.548508e+07 3.814935e+06 
1.482747e+02 3.548508e+07 3.814935e+06 
1.482747e+02 3.548508e+07 3.814935e+06 
1.482747e+02 3.548508e+07 3.814935e+06 
1.482747e+02 3.548508e+07 3.814935e+06 
1.482747e+02 3.548508e+07 3.814935e+06 
1.482747e+02 3.548508e+07 3.814935e+06 
1.482747e+02 3.548508e+07 3.814935e+06 
1.482747e+02 3.548508e+07 3.814935e+06 
1.482747e+02 3.548508e+07 3.814935e+06 
1.482747e+02 3.548508e+07 3.814935e+06 
1.482747e+02 3.548508e+07 3.814935e+06 
1.482747e+02 3.548508e+07 3.814935e+06 
1.482747e+02 3.548508e+07 3.814935e+06 
1.482747e+02 3.548508e+07 3.814935e+06 
1.482747e+02 3.548508e+07 3.814935e+06 
1.482747e+02 3.548508e+07 3.814935e+06 
1.482747e+02 3.548508e+07 3.814935e+06 
1.482747e+02 3.548508e+07 3.814935e+06 
1.482747e+02 3.548508e+07 3.814935e+06 
1.482747e+02 3.548508e+07 3.814935e+06 
1.482747e+02 3.548508e+07 3.814935e+06 
1.482747e+02 3.548508e+07 3.814935e+06 
1.482747e+02 3.548508e+07 3.814935e+06 
1.482747e+02 3.548508e+07 3.814935e+06 
1.482747e+02 3.548508e+07 3.814935e+06 
1.482747e+02 3.548508e+07 3.814935e+06 
1.482747e+02 3.548508e+07 3.814935e+06 
1.482747e+02 3.548508e+07 3.814935e+06 
1.482747e+02 3.548508e+07 3.814935e+06 
1.482747e+02 3.548508e+07 3.814935e+06 
1.482747e+02 3.548508e+07 3.814935e+06 
1.482747e+02 3.548508e+07 3.814935e+06 
1.482747e+02 3.548508e+07 3.814935e+06 
1.482747e+02 3.548508e+07 3.814935e+06 
1.482747e+02 3.548508e+07 3.814935e+06 
1.482747e+02 3.548508e+07 3.814935e+06 
1.482747e+02 3.548508e+07 3.814935e+06 
1.482747e+02 3.548508e+07 3.814935e+06 
1.482747e+02 3.548508e+07 3.814935e+06 
1.482747e+02 3.548508e+07 3.814935e+06 
1.482747e+02 3.548508e+07 3.814935e+06 
1.482747e+02 3.548508e+07 3.814935e+06 
1.482747e+02 3.548508e+07 3.814935e+06 
1.482747e+02 3.548508e+07 3.814935e+06 
1.482747e+02 3.548508e+07 3.814935e+06 
1.482747e+02 3.548508e+07 3.814935e+06 
1.482747e+02 3.548508e+07 3.814935e+06 
1.482747e+02 3.548508e+07 3.814935e+06 
1.482747e+02 3.548508e+07 3.814935e+06 
1.482747e+02 3.548508e+07 3.814935e+06 
1.482747e+02 3.548508e+07 3.814935e+06 
1.482747e+02 3.548508e+07 3.814935e+06 
1.482747e+02 3.548508e+07 3.814935e+06 
1.499876e+02 3.467100e+07 3.814935e+06 
1.583895e+02 3.382856e+07 3.814935e+06 
2.077070e+02 3.175569e+07 3.814935e+06 
1.724684e+02 3.289354e+07 3.814935e+06 
1.626132e+02 3.345286e+07 3.814935e+06 
1.488120e+02 3.504650e+07 3.814935e+06 
1.825828e+02 3.230098e+07 3.814935e+06 
1.511872e+02 3.412014e+07 3.814935e+06 
1.636492e+02 3.342260e+07 3.814935e+06 
1.941855e+02 3.190018e+07 3.814935e+06 
1.756033e+02 3.263832e+07 3.814935e+06 
1.618185e+02 3.347687e+07 3.814935e+06 
1.497598e+02 3.489668e+07 3.814935e+06 
1.545409e+02 3.398804e+07 3.814935e+06 
1.496459e+02 3.500952e+07 3.814935e+06 
2.246843e+02 3.170662e+07 3.814935e+06 
1.744325e+02 3.285981e+07 3.814935e+06 
2.183221e+02 3.162382e+07 3.814935e+06 
1.976665e+02 3.177926e+07 3.814935e+06 
1.712713e+02 3.302947e+07 3.814935e+06 
1.931763e+02 3.200257e+07 3.814935e+06 
1.488120e+02 3.504650e+07 3.814935e+06 
1.762790e+02 3.251334e+07 3.814935e+06 
1.682894e+02 3.316743e+07 3.814935e+06 
1.860022e+02 3.219221e+07 3.814935e+06 
1.595478e+02 3.368843e+07 3.814935e+06 
1.679693e+02 3.323885e+07 3.814935e+06 
1.553410e+02 3.391587e+07 3.814935e+06 
1.913275e+02 3.203879e+07 3.814935e+06 
1.674776e+02 3.330357e+07 3.814935e+06 
1.691617e+02 3.298022e+07 3.814935e+06 
1.922445e+02 3.199826e+07 3.814935e+06 
1.520256e+02 3.419803e+07 3.814935e+06 
1.577685e+02 3.388582e+07 3.814935e+06 
1.752027e+02 3.284576e+07 3.814935e+06 
1.645196e+02 3.334629e+07 3.814935e+06 
1.497759e+02 3.483387e+07 3.814935e+06 
1.875032e+02 3.213879e+07 3.814935e+06 

1.573086e+02 3.371048e+07 3.814935e+06 
2.008428e+02 3.207541e+07 3.814935e+06 
1.653449e+02 3.320628e+07 3.814935e+06 
1.482747e+02 3.548508e+07 3.814935e+06 
1.482747e+02 3.548508e+07 3.814935e+06 
1.482747e+02 3.548508e+07 3.814935e+06 
1.482747e+02 3.548508e+07 3.814935e+06 
1.482747e+02 3.548508e+07 3.814935e+06 
1.482747e+02 3.548508e+07 3.814935e+06 
1.482747e+02 3.548508e+07 3.814935e+06 
1.482747e+02 3.548508e+07 3.814935e+06 
1.482747e+02 3.548508e+07 3.814935e+06 
1.482747e+02 3.548508e+07 3.814935e+06 
1.482747e+02 3.548508e+07 3.814935e+06 
1.482747e+02 3.548508e+07 3.814935e+06 
1.482747e+02 3.548508e+07 3.814935e+06 
1.482747e+02 3.548508e+07 3.814935e+06 
1.482747e+02 3.548508e+07 3.814935e+06 
1.482747e+02 3.548508e+07 3.814935e+06 
1.482747e+02 3.548508e+07 3.814935e+06 
1.482747e+02 3.548508e+07 3.814935e+06 
1.482747e+02 3.548508e+07 3.814935e+06 
1.482747e+02 3.548508e+07 3.814935e+06 
1.482747e+02 3.548508e+07 3.814935e+06 
1.482747e+02 3.548508e+07 3.814935e+06 
1.482747e+02 3.548508e+07 3.814935e+06 
1.482747e+02 3.548508e+07 3.814935e+06 
1.482747e+02 3.548508e+07 3.814935e+06 
1.482747e+02 3.548508e+07 3.814935e+06 
1.482747e+02 3.548508e+07 3.814935e+06 
1.482747e+02 3.548508e+07 3.814935e+06 
1.482747e+02 3.548508e+07 3.814935e+06 
1.482747e+02 3.548508e+07 3.814935e+06 
1.482747e+02 3.548508e+07 3.814935e+06 
1.482747e+02 3.548508e+07 3.814935e+06 
1.482747e+02 3.548508e+07 3.814935e+06 
1.482747e+02 3.548508e+07 3.814935e+06 
1.482747e+02 3.548508e+07 3.814935e+06 
1.482747e+02 3.548508e+07 3.814935e+06 
1.482747e+02 3.548508e+07 3.814935e+06 
1.482747e+02 3.548508e+07 3.814935e+06 
1.482747e+02 3.548508e+07 3.814935e+06 
1.482747e+02 3.548508e+07 3.814935e+06 
1.482747e+02 3.548508e+07 3.814935e+06 
1.482747e+02 3.548508e+07 3.814935e+06 
1.482747e+02 3.548508e+07 3.814935e+06 
1.482747e+02 3.548508e+07 3.814935e+06 
1.482747e+02 3.548508e+07 3.814935e+06 
1.482747e+02 3.548508e+07 3.814935e+06 
1.482747e+02 3.548508e+07 3.814935e+06 
1.482747e+02 3.548508e+07 3.814935e+06 
1.482747e+02 3.548508e+07 3.814935e+06 
1.482747e+02 3.548508e+07 3.814935e+06 
1.482747e+02 3.548508e+07 3.814935e+06 
1.482747e+02 3.548508e+07 3.814935e+06 
1.482747e+02 3.548508e+07 3.814935e+06 
1.482747e+02 3.548508e+07 3.814935e+06 
1.482747e+02 3.548508e+07 3.814935e+06 
1.482747e+02 3.548508e+07 3.814935e+06 
1.482747e+02 3.548508e+07 3.814935e+06 
1.482747e+02 3.548508e+07 3.814935e+06 
1.482747e+02 3.548508e+07 3.814935e+06 
1.482747e+02 3.548508e+07 3.814935e+06 
1.482747e+02 3.548508e+07 3.814935e+06 
1.541804e+02 3.412926e+07 3.814935e+06 
1.950971e+02 3.215818e+07 3.814935e+06 
1.703984e+02 3.296759e+07 3.814935e+06 
1.594185e+02 3.343858e+07 3.814935e+06 
1.685375e+02 3.308542e+07 3.814935e+06 
1.754045e+02 3.280833e+07 3.814935e+06 
1.830816e+02 3.252539e+07 3.814935e+06 
1.617737e+02 3.335462e+07 3.814935e+06 
1.939795e+02 3.217720e+07 3.814935e+06 
1.699423e+02 3.303101e+07 3.814935e+06 
1.762143e+02 3.279361e+07 3.814935e+06 
1.488120e+02 3.504650e+07 3.814935e+06 
1.768925e+02 3.276415e+07 3.814935e+06 
1.586241e+02 3.370917e+07 3.814935e+06 
1.714856e+02 3.295640e+07 3.814935e+06 
1.719785e+02 3.280884e+07 3.814935e+06 
1.509677e+02 3.439555e+07 3.814935e+06 
1.502155e+02 3.444532e+07 3.814935e+06 
1.497759e+02 3.483387e+07 3.814935e+06 
1.497921e+02 3.477106e+07 3.814935e+06 
1.489098e+02 3.499647e+07 3.814935e+06 
1.561619e+02 3.385261e+07 3.814935e+06 
1.496782e+02 3.488390e+07 3.814935e+06 
1.880751e+02 3.245491e+07 3.814935e+06 
1.500693e+02 3.468378e+07 3.814935e+06 
1.532164e+02 3.434190e+07 3.814935e+06 
1.496620e+02 3.494671e+07 3.814935e+06 
1.809874e+02 3.270217e+07 3.814935e+06 
1.883511e+02 3.222922e+07 3.814935e+06 
1.858094e+02 3.247387e+07 3.814935e+06 
1.813395e+02 3.260930e+07 3.814935e+06 
1.788962e+02 3.271700e+07 3.814935e+06 
1.533958e+02 3.430465e+07 3.814935e+06 
1.586865e+02 3.368008e+07 3.814935e+06 
1.784844e+02 3.275725e+07 3.814935e+06 
1.675196e+02 3.309143e+07 3.814935e+06 

1.711624e+02 3.304772e+07 3.814935e+06 
1.531154e+02 3.402459e+07 3.814935e+06 
1.704401e+02 3.308519e+07 3.814935e+06 
1.572812e+02 3.366508e+07 3.814935e+06 
1.482747e+02 3.548508e+07 3.814935e+06 
1.482747e+02 3.548508e+07 3.814935e+06 
1.482747e+02 3.548508e+07 3.814935e+06 
1.482747e+02 3.548508e+07 3.814935e+06 
1.482747e+02 3.548508e+07 3.814935e+06 
1.482747e+02 3.548508e+07 3.814935e+06 
1.482747e+02 3.548508e+07 3.814935e+06 
1.482747e+02 3.548508e+07 3.814935e+06 
1.482747e+02 3.548508e+07 3.814935e+06 
1.482747e+02 3.548508e+07 3.814935e+06 
1.482747e+02 3.548508e+07 3.814935e+06 
1.482747e+02 3.548508e+07 3.814935e+06 
1.482747e+02 3.548508e+07 3.814935e+06 
1.482747e+02 3.548508e+07 3.814935e+06 
1.482747e+02 3.548508e+07 3.814935e+06 
1.482747e+02 3.548508e+07 3.814935e+06 
1.482747e+02 3.548508e+07 3.814935e+06 
1.482747e+02 3.548508e+07 3.814935e+06 
1.482747e+02 3.548508e+07 3.814935e+06 
1.482747e+02 3.548508e+07 3.814935e+06 
1.482747e+02 3.548508e+07 3.814935e+06 
1.482747e+02 3.548508e+07 3.814935e+06 
1.482747e+02 3.548508e+07 3.814935e+06 
1.482747e+02 3.548508e+07 3.814935e+06 
1.482747e+02 3.548508e+07 3.814935e+06 
1.482747e+02 3.548508e+07 3.814935e+06 
1.482747e+02 3.548508e+07 3.814935e+06 
1.482747e+02 3.548508e+07 3.814935e+06 
1.482747e+02 3.548508e+07 3.814935e+06 
1.482747e+02 3.548508e+07 3.814935e+06 
1.482747e+02 3.548508e+07 3.814935e+06 
1.482747e+02 3.548508e+07 3.814935e+06 
1.482747e+02 3.548508e+07 3.814935e+06 
1.482747e+02 3.548508e+07 3.814935e+06 
1.482747e+02 3.548508e+07 3.814935e+06 
1.482747e+02 3.548508e+07 3.814935e+06 
1.482747e+02 3.548508e+07 3.814935e+06 
1.482747e+02 3.548508e+07 3.814935e+06 
1.482747e+02 3.548508e+07 3.814935e+06 
1.482747e+02 3.548508e+07 3.814935e+06 
1.482747e+02 3.548508e+07 3.814935e+06 
1.482747e+02 3.548508e+07 3.814935e+06 
1.482747e+02 3.548508e+07 3.814935e+06 
1.482747e+02 3.548508e+07 3.814935e+06 
1.482747e+02 3.548508e+07 3.814935e+06 
1.482747e+02 3.548508e+07 3.814935e+06 
1.482747e+02 3.548508e+07 3.814935e+06 
1.482747e+02 3.548508e+07 3.814935e+06 
1.482747e+02 3.548508e+07 3.814935e+06 
1.982198e+02 3.189639e+07 3.814935e+06 
2.027536e+02 3.175852e+07 3.814935e+06 
1.839664e+02 3.269613e+07 3.814935e+06 
1.902703e+02 3.235326e+07 3.814935e+06 
1.944962e+02 3.213763e+07 3.814935e+06 
1.950986e+02 3.209484e+07 3.814935e+06 
1.996946e+02 3.178482e+07 3.814935e+06 
1.492515e+02 3.465796e+07 3.814935e+06 
2.047394e+02 3.171722e+07 3.814935e+06 
1.639141e+02 3.340110e+07 3.814935e+06 
1.485842e+02 3.527218e+07 3.814935e+06 
2.155038e+02 3.138557e+07 3.814935e+06 
1.490398e+02 3.482082e+07 3.814935e+06 
1.692956e+02 3.322735e+07 3.814935e+06 
1.517693e+02 3.448419e+07 3.814935e+06 
1.605240e+02 3.358391e+07 3.814935e+06 
1.822480e+02 3.273172e+07 3.814935e+06 
1.967049e+02 3.200526e+07 3.814935e+06 
1.912584e+02 3.219263e+07 3.814935e+06 
1.967806e+02 3.200433e+07 3.814935e+06 
1.744810e+02 3.290525e+07 3.814935e+06 
1.881276e+02 3.244485e+07 3.814935e+06 
1.683319e+02 3.336136e+07 3.814935e+06 
2.154956e+02 3.139251e+07 3.814935e+06 
1.951601e+02 3.206184e+07 3.814935e+06 
1.489098e+02 3.499647e+07 3.814935e+06 
1.881588e+02 3.240198e+07 3.814935e+06 
1.969792e+02 3.190798e+07 3.814935e+06 
1.781140e+02 3.279520e+07 3.814935e+06 
1.517855e+02 3.442138e+07 3.814935e+06 
1.944915e+02 3.214593e+07 3.814935e+06 
1.851286e+02 3.246080e+07 3.814935e+06 
1.841971e+02 3.258257e+07 3.814935e+06 
1.526859e+02 3.424181e+07 3.814935e+06 
2.068730e+02 3.152874e+07 3.814935e+06 
2.066943e+02 3.153186e+07 3.814935e+06 
1.724446e+02 3.295294e+07 3.814935e+06 
1.751680e+02 3.284690e+07 3.814935e+06 
1.682162e+02 3.338214e+07 3.814935e+06 
1.495448e+02 3.450787e+07 3.814935e+06 
1.836498e+02 3.272832e+07 3.814935e+06 
1.491376e+02 3.477079e+07 3.814935e+06 
1.542209e+02 3.393869e+07 3.814935e+06 
2.066422e+02 3.168871e+07 3.814935e+06 
1.490237e+02 3.488363e+07 3.814935e+06 
1.782319e+02 3.273403e+07 3.814935e+06 
2.059700e+02 3.169456e+07 3.814935e+06 

1.715055e+02 3.303279e+07 3.814935e+06 
1.513338e+02 3.422424e+07 3.814935e+06 
1.498899e+02 3.472103e+07 3.814935e+06 
1.585265e+02 3.362705e+07 3.814935e+06 
1.482747e+02 3.548508e+07 3.814935e+06 
1.482747e+02 3.548508e+07 3.814935e+06 
1.482747e+02 3.548508e+07 3.814935e+06 
1.482747e+02 3.548508e+07 3.814935e+06 
1.482747e+02 3.548508e+07 3.814935e+06 
1.482747e+02 3.548508e+07 3.814935e+06 
1.482747e+02 3.548508e+07 3.814935e+06 
1.482747e+02 3.548508e+07 3.814935e+06 
1.482747e+02 3.548508e+07 3.814935e+06 
1.482747e+02 3.548508e+07 3.814935e+06 
1.482747e+02 3.548508e+07 3.814935e+06 
1.482747e+02 3.548508e+07 3.814935e+06 
1.482747e+02 3.548508e+07 3.814935e+06 
1.482747e+02 3.548508e+07 3.814935e+06 
1.482747e+02 3.548508e+07 3.814935e+06 
1.482747e+02 3.548508e+07 3.814935e+06 
1.482747e+02 3.548508e+07 3.814935e+06 
1.482747e+02 3.548508e+07 3.814935e+06 
1.482747e+02 3.548508e+07 3.814935e+06 
1.482747e+02 3.548508e+07 3.814935e+06 
1.482747e+02 3.548508e+07 3.814935e+06 
1.482747e+02 3.548508e+07 3.814935e+06 
1.482747e+02 3.548508e+07 3.814935e+06 
1.482747e+02 3.548508e+07 3.814935e+06 
1.482747e+02 3.548508e+07 3.814935e+06 
1.482747e+02 3.548508e+07 3.814935e+06 
1.482747e+02 3.548508e+07 3.814935e+06 
1.482747e+02 3.548508e+07 3.814935e+06 
1.482747e+02 3.548508e+07 3.814935e+06 
1.482747e+02 3.548508e+07 3.814935e+06 
1.482747e+02 3.548508e+07 3.814935e+06 
1.482747e+02 3.548508e+07 3.814935e+06 
1.482747e+02 3.548508e+07 3.814935e+06 
1.482747e+02 3.548508e+07 3.814935e+06 
1.482747e+02 3.548508e+07 3.814935e+06 
1.482747e+02 3.548508e+07 3.814935e+06 
1.482747e+02 3.548508e+07 3.814935e+06 
1.482747e+02 3.548508e+07 3.814935e+06 
1.482747e+02 3.548508e+07 3.814935e+06 
1.482747e+02 3.548508e+07 3.814935e+06 
1.482747e+02 3.548508e+07 3.814935e+06 
1.482747e+02 3.548508e+07 3.814935e+06 
1.482747e+02 3.548508e+07 3.814935e+06 
1.482747e+02 3.548508e+07 3.814935e+06 
1.482747e+02 3.548508e+07 3.814935e+06 
1.482747e+02 3.548508e+07 3.814935e+06 
1.482747e+02 3.548508e+07 3.814935e+06 
1.482747e+02 3.548508e+07 3.814935e+06 
1.482747e+02 3.548508e+07 3.814935e+06 
1.482747e+02 3.548508e+07 3.814935e+06 
1.482747e+02 3.548508e+07 3.814935e+06 
1.482747e+02 3.548508e+07 3.814935e+06 
1.482747e+02 3.548508e+07 3.814935e+06 
1.482747e+02 3.548508e+07 3.814935e+06 
1.482747e+02 3.548508e+07 3.814935e+06 
1.482747e+02 3.548508e+07 3.814935e+06 
1.482747e+02 3.548508e+07 3.814935e+06 
1.482747e+02 3.548508e+07 3.814935e+06 
1.482747e+02 3.548508e+07 3.814935e+06 
1.482747e+02 3.548508e+07 3.814935e+06 
1.815604e+02 3.252909e+07 3.814935e+06 
1.551094e+02 3.388106e+07 3.814935e+06 
2.185807e+02 3.165905e+07 3.814935e+06 
1.620916e+02 3.341357e+07 3.814935e+06 
1.507344e+02 3.427374e+07 3.814935e+06 
1.645211e+02 3.330357e+07 3.814935e+06 
1.612780e+02 3.357447e+07 3.814935e+06 
1.610333e+02 3.358216e+07 3.814935e+06 
1.536545e+02 3.421329e+07 3.814935e+06 
1.491215e+02 3.483360e+07 3.814935e+06 
1.605853e+02 3.361358e+07 3.814935e+06 
1.566569e+02 3.384993e+07 3.814935e+06 
1.616345e+02 3.357143e+07 3.814935e+06 
1.497921e+02 3.477106e+07 3.814935e+06 
1.722925e+02 3.287299e+07 3.814935e+06 
1.907550e+02 3.201907e+07 3.814935e+06 
1.576561e+02 3.373335e+07 3.814935e+06 
1.811750e+02 3.256719e+07 3.814935e+06 
1.502316e+02 3.438251e+07 3.814935e+06 
1.744183e+02 3.284625e+07 3.814935e+06 
1.537067e+02 3.414420e+07 3.814935e+06 
1.816090e+02 3.246339e+07 3.814935e+06 
1.677215e+02 3.309945e+07 3.814935e+06 
1.617568e+02 3.347952e+07 3.814935e+06 
2.065751e+02 3.168123e+07 3.814935e+06 
1.715182e+02 3.288430e+07 3.814935e+06 
1.489914e+02 3.500925e+07 3.814935e+06 
1.767340e+02 3.279167e+07 3.814935e+06 
1.884686e+02 3.202699e+07 3.814935e+06 
1.498899e+02 3.472103e+07 3.814935e+06 
1.768263e+02 3.260148e+07 3.814935e+06 
1.929234e+02 3.176397e+07 3.814935e+06 
1.832842e+02 3.238224e+07 3.814935e+06 
1.860626e+02 3.220971e+07 3.814935e+06 
2.109514e+02 3.161937e+07 3.814935e+06 
1.573440e+02 3.376610e+07 3.814935e+06 

1.626194e+02 3.370448e+07 3.814935e+06 
1.653889e+02 3.359305e+07 3.814935e+06 
2.091738e+02 3.177322e+07 3.814935e+06 
1.606579e+02 3.379475e+07 3.814935e+06 
1.739514e+02 3.297070e+07 3.814935e+06 
1.482747e+02 3.548508e+07 3.814935e+06 
1.482747e+02 3.548508e+07 3.814935e+06 
1.482747e+02 3.548508e+07 3.814935e+06 
1.482747e+02 3.548508e+07 3.814935e+06 
1.482747e+02 3.548508e+07 3.814935e+06 
1.482747e+02 3.548508e+07 3.814935e+06 
1.482747e+02 3.548508e+07 3.814935e+06 
1.482747e+02 3.548508e+07 3.814935e+06 
1.482747e+02 3.548508e+07 3.814935e+06 
1.482747e+02 3.548508e+07 3.814935e+06 
1.482747e+02 3.548508e+07 3.814935e+06 
1.482747e+02 3.548508e+07 3.814935e+06 
1.482747e+02 3.548508e+07 3.814935e+06 
1.482747e+02 3.548508e+07 3.814935e+06 
1.482747e+02 3.548508e+07 3.814935e+06 
1.482747e+02 3.548508e+07 3.814935e+06 
1.482747e+02 3.548508e+07 3.814935e+06 
1.482747e+02 3.548508e+07 3.814935e+06 
1.482747e+02 3.548508e+07 3.814935e+06 
1.482747e+02 3.548508e+07 3.814935e+06 
1.482747e+02 3.548508e+07 3.814935e+06 
1.482747e+02 3.548508e+07 3.814935e+06 
1.482747e+02 3.548508e+07 3.814935e+06 
1.482747e+02 3.548508e+07 3.814935e+06 
1.482747e+02 3.548508e+07 3.814935e+06 
1.482747e+02 3.548508e+07 3.814935e+06 
1.482747e+02 3.548508e+07 3.814935e+06 
1.482747e+02 3.548508e+07 3.814935e+06 
1.482747e+02 3.548508e+07 3.814935e+06 
1.482747e+02 3.548508e+07 3.814935e+06 
1.482747e+02 3.548508e+07 3.814935e+06 
1.482747e+02 3.548508e+07 3.814935e+06 
1.482747e+02 3.548508e+07 3.814935e+06 
1.482747e+02 3.548508e+07 3.814935e+06 
1.482747e+02 3.548508e+07 3.814935e+06 
1.482747e+02 3.548508e+07 3.814935e+06 
1.482747e+02 3.548508e+07 3.814935e+06 
1.482747e+02 3.548508e+07 3.814935e+06 
1.482747e+02 3.548508e+07 3.814935e+06 
1.482747e+02 3.548508e+07 3.814935e+06 
1.482747e+02 3.548508e+07 3.814935e+06 
1.482747e+02 3.548508e+07 3.814935e+06 
1.482747e+02 3.548508e+07 3.814935e+06 
1.482747e+02 3.548508e+07 3.814935e+06 
1.482747e+02 3.548508e+07 3.814935e+06 
1.482747e+02 3.548508e+07 3.814935e+06 
1.482747e+02 3.548508e+07 3.814935e+06 
1.482747e+02 3.548508e+07 3.814935e+06 
1.482747e+02 3.548508e+07 3.814935e+06 
1.482747e+02 3.548508e+07 3.814935e+06 
1.482747e+02 3.548508e+07 3.814935e+06 
1.482747e+02 3.548508e+07 3.814935e+06 
1.482747e+02 3.548508e+07 3.814935e+06 
1.482747e+02 3.548508e+07 3.814935e+06 
1.482747e+02 3.548508e+07 3.814935e+06 
1.482747e+02 3.548508e+07 3.814935e+06 
1.655005e+02 3.331485e+07 3.814935e+06 
1.876950e+02 3.222221e+07 3.814935e+06 
1.519810e+02 3.432132e+07 3.814935e+06 
1.984059e+02 3.175577e+07 3.814935e+06 
1.625645e+02 3.374140e+07 3.814935e+06 
1.691498e+02 3.329991e+07 3.814935e+06 
1.649018e+02 3.360359e+07 3.814935e+06 
1.771757e+02 3.273380e+07 3.814935e+06 
1.654192e+02 3.347328e+07 3.814935e+06 
1.487304e+02 3.503372e+07 3.814935e+06 
1.820988e+02 3.240792e+07 3.814935e+06 
1.517038e+02 3.440860e+07 3.814935e+06 
1.724516e+02 3.299988e+07 3.814935e+06 
1.815521e+02 3.261803e+07 3.814935e+06 
1.897128e+02 3.197980e+07 3.814935e+06 
1.626933e+02 3.362589e+07 3.814935e+06 
1.490560e+02 3.475801e+07 3.814935e+06 
1.739312e+02 3.297201e+07 3.814935e+06 
1.691342e+02 3.331237e+07 3.814935e+06 
1.767451e+02 3.277958e+07 3.814935e+06 
1.958804e+02 3.197427e+07 3.814935e+06 
1.534119e+02 3.424184e+07 3.814935e+06 
1.491538e+02 3.470798e+07 3.814935e+06 
1.587236e+02 3.384803e+07 3.814935e+06 
1.889425e+02 3.221968e+07 3.814935e+06 
1.701605e+02 3.315847e+07 3.814935e+06 
1.845955e+02 3.222266e+07 3.814935e+06 
1.609208e+02 3.375597e+07 3.814935e+06 
1.557907e+02 3.401254e+07 3.814935e+06 
1.804394e+02 3.266028e+07 3.814935e+06 
1.660792e+02 3.331290e+07 3.814935e+06 
1.509516e+02 3.445836e+07 3.814935e+06 
1.813323e+02 3.262133e+07 3.814935e+06 
1.493654e+02 3.454512e+07 3.814935e+06 
1.749991e+02 3.278741e+07 3.814935e+06 
1.699557e+02 3.327188e+07 3.814935e+06 
1.549165e+02 3.414231e+07 3.814935e+06 
1.794479e+02 3.272937e+07 3.814935e+06 
1.704459e+02 3.306749e+07 3.814935e+06 

1.498737e+02 3.478384e+07 3.814935e+06 
1.834663e+02 3.252776e+07 3.814935e+06 
1.491086e+02 3.544809e+07 3.814935e+06 
1.582913e+02 3.379554e+07 3.814935e+06 
1.891286e+02 3.233512e+07 3.814935e+06 
1.520967e+02 3.446252e+07 3.814935e+06 
1.495804e+02 3.493392e+07 3.814935e+06 
2.164995e+02 3.184318e+07 3.814935e+06 
1.482747e+02 3.548508e+07 3.814935e+06 
1.482747e+02 3.548508e+07 3.814935e+06 
1.482747e+02 3.548508e+07 3.814935e+06 
1.482747e+02 3.548508e+07 3.814935e+06 
1.482747e+02 3.548508e+07 3.814935e+06 
1.482747e+02 3.548508e+07 3.814935e+06 
1.482747e+02 3.548508e+07 3.814935e+06 
1.482747e+02 3.548508e+07 3.814935e+06 
1.482747e+02 3.548508e+07 3.814935e+06 
1.482747e+02 3.548508e+07 3.814935e+06 
1.482747e+02 3.548508e+07 3.814935e+06 
1.482747e+02 3.548508e+07 3.814935e+06 
1.482747e+02 3.548508e+07 3.814935e+06 
1.482747e+02 3.548508e+07 3.814935e+06 
1.482747e+02 3.548508e+07 3.814935e+06 
1.482747e+02 3.548508e+07 3.814935e+06 
1.482747e+02 3.548508e+07 3.814935e+06 
1.482747e+02 3.548508e+07 3.814935e+06 
1.482747e+02 3.548508e+07 3.814935e+06 
1.482747e+02 3.548508e+07 3.814935e+06 
1.482747e+02 3.548508e+07 3.814935e+06 
1.482747e+02 3.548508e+07 3.814935e+06 
1.482747e+02 3.548508e+07 3.814935e+06 
1.482747e+02 3.548508e+07 3.814935e+06 
1.482747e+02 3.548508e+07 3.814935e+06 
1.482747e+02 3.548508e+07 3.814935e+06 
1.482747e+02 3.548508e+07 3.814935e+06 
1.482747e+02 3.548508e+07 3.814935e+06 
1.482747e+02 3.548508e+07 3.814935e+06 
1.482747e+02 3.548508e+07 3.814935e+06 
1.482747e+02 3.548508e+07 3.814935e+06 
1.482747e+02 3.548508e+07 3.814935e+06 
1.482747e+02 3.548508e+07 3.814935e+06 
1.482747e+02 3.548508e+07 3.814935e+06 
1.482747e+02 3.548508e+07 3.814935e+06 
1.482747e+02 3.548508e+07 3.814935e+06 
1.482747e+02 3.548508e+07 3.814935e+06 
1.482747e+02 3.548508e+07 3.814935e+06 
1.482747e+02 3.548508e+07 3.814935e+06 
1.482747e+02 3.548508e+07 3.814935e+06 
1.482747e+02 3.548508e+07 3.814935e+06 
1.482747e+02 3.548508e+07 3.814935e+06 
1.482747e+02 3.548508e+07 3.814935e+06 
1.482747e+02 3.548508e+07 3.814935e+06 
1.482747e+02 3.548508e+07 3.814935e+06 
1.482747e+02 3.548508e+07 3.814935e+06 
1.482747e+02 3.548508e+07 3.814935e+06 
1.482747e+02 3.548508e+07 3.814935e+06 
1.482747e+02 3.548508e+07 3.814935e+06 
1.482747e+02 3.548508e+07 3.814935e+06 
1.814259e+02 3.262809e+07 3.814935e+06 
1.720369e+02 3.297938e+07 3.814935e+06 
2.053582e+02 3.201758e+07 3.814935e+06 
1.499060e+02 3.465822e+07 3.814935e+06 
1.526027e+02 3.425249e+07 3.814935e+06 
1.508377e+02 3.457120e+07 3.814935e+06 
1.836017e+02 3.246362e+07 3.814935e+06 
1.859080e+02 3.246017e+07 3.814935e+06 
1.582783e+02 3.369800e+07 3.814935e+06 
1.570051e+02 3.391738e+07 3.814935e+06 
1.741717e+02 3.287199e+07 3.814935e+06 
1.495481e+02 3.505954e+07 3.814935e+06 
1.579532e+02 3.389457e+07 3.814935e+06 
1.815119e+02 3.259115e+07 3.814935e+06 
1.915916e+02 3.222660e+07 3.814935e+06 
1.920287e+02 3.208566e+07 3.814935e+06 
1.536568e+02 3.422022e+07 3.814935e+06 
1.741230e+02 3.304486e+07 3.814935e+06 
1.645194e+02 3.330787e+07 3.814935e+06 
2.181208e+02 3.177037e+07 3.814935e+06 
1.992468e+02 3.189286e+07 3.814935e+06 
1.666521e+02 3.319383e+07 3.814935e+06 
1.831712e+02 3.255603e+07 3.814935e+06 
1.493203e+02 3.528522e+07 3.814935e+06 
1.549966e+02 3.420950e+07 3.814935e+06 
1.557951e+02 3.401091e+07 3.814935e+06 
1.898970e+02 3.224636e+07 3.814935e+06 
1.494503e+02 3.510957e+07 3.814935e+06 
1.866350e+02 3.235135e+07 3.814935e+06 
1.669548e+02 3.340821e+07 3.814935e+06 
1.507399e+02 3.462123e+07 3.814935e+06 
1.955923e+02 3.206407e+07 3.814935e+06 
1.601016e+02 3.350802e+07 3.814935e+06 
1.565186e+02 3.396113e+07 3.814935e+06 
1.932514e+02 3.225018e+07 3.814935e+06 
1.553228e+02 3.410281e+07 3.814935e+06 
1.508538e+02 3.450839e+07 3.814935e+06 
1.805716e+02 3.260496e+07 3.814935e+06 
1.496459e+02 3.500952e+07 3.814935e+06 
2.060990e+02 3.179167e+07 3.814935e+06 
1.697164e+02 3.314368e+07 3.814935e+06 
1.793102e+02 3.283466e+07 3.814935e+06 

1.572933e+02 3.401549e+07 3.814935e+06 
1.493642e+02 3.468113e+07 3.814935e+06 
1.984940e+02 3.207145e+07 3.814935e+06 
1.800712e+02 3.247772e+07 3.814935e+06 
1.482747e+02 3.548508e+07 3.814935e+06 
1.482747e+02 3.548508e+07 3.814935e+06 
1.482747e+02 3.548508e+07 3.814935e+06 
1.482747e+02 3.548508e+07 3.814935e+06 
1.482747e+02 3.548508e+07 3.814935e+06 
1.482747e+02 3.548508e+07 3.814935e+06 
1.482747e+02 3.548508e+07 3.814935e+06 
1.482747e+02 3.548508e+07 3.814935e+06 
1.482747e+02 3.548508e+07 3.814935e+06 
1.482747e+02 3.548508e+07 3.814935e+06 
1.482747e+02 3.548508e+07 3.814935e+06 
1.482747e+02 3.548508e+07 3.814935e+06 
1.482747e+02 3.548508e+07 3.814935e+06 
1.482747e+02 3.548508e+07 3.814935e+06 
1.482747e+02 3.548508e+07 3.814935e+06 
1.482747e+02 3.548508e+07 3.814935e+06 
1.482747e+02 3.548508e+07 3.814935e+06 
1.482747e+02 3.548508e+07 3.814935e+06 
1.482747e+02 3.548508e+07 3.814935e+06 
1.482747e+02 3.548508e+07 3.814935e+06 
1.482747e+02 3.548508e+07 3.814935e+06 
1.482747e+02 3.548508e+07 3.814935e+06 
1.482747e+02 3.548508e+07 3.814935e+06 
1.482747e+02 3.548508e+07 3.814935e+06 
1.482747e+02 3.548508e+07 3.814935e+06 
1.482747e+02 3.548508e+07 3.814935e+06 
1.482747e+02 3.548508e+07 3.814935e+06 
1.482747e+02 3.548508e+07 3.814935e+06 
1.482747e+02 3.548508e+07 3.814935e+06 
1.482747e+02 3.548508e+07 3.814935e+06 
1.482747e+02 3.548508e+07 3.814935e+06 
1.482747e+02 3.548508e+07 3.814935e+06 
1.482747e+02 3.548508e+07 3.814935e+06 
1.482747e+02 3.548508e+07 3.814935e+06 
1.482747e+02 3.548508e+07 3.814935e+06 
1.482747e+02 3.548508e+07 3.814935e+06 
1.482747e+02 3.548508e+07 3.814935e+06 
1.482747e+02 3.548508e+07 3.814935e+06 
1.482747e+02 3.548508e+07 3.814935e+06 
1.482747e+02 3.548508e+07 3.814935e+06 
1.482747e+02 3.548508e+07 3.814935e+06 
1.482747e+02 3.548508e+07 3.814935e+06 
1.482747e+02 3.548508e+07 3.814935e+06 
1.482747e+02 3.548508e+07 3.814935e+06 
1.482747e+02 3.548508e+07 3.814935e+06 
1.482747e+02 3.548508e+07 3.814935e+06 
1.482747e+02 3.548508e+07 3.814935e+06 
1.482747e+02 3.548508e+07 3.814935e+06 
1.482747e+02 3.548508e+07 3.814935e+06 
1.482747e+02 3.548508e+07 3.814935e+06 
1.482747e+02 3.548508e+07 3.814935e+06 
1.482747e+02 3.548508e+07 3.814935e+06 
1.482747e+02 3.548508e+07 3.814935e+06 
1.482747e+02 3.548508e+07 3.814935e+06 
1.482747e+02 3.548508e+07 3.814935e+06 
1.713633e+02 3.301695e+07 3.814935e+06 
1.759725e+02 3.261860e+07 3.814935e+06 
1.564290e+02 3.407561e+07 3.814935e+06 
1.490883e+02 3.473896e+07 3.814935e+06 
1.734384e+02 3.280518e+07 3.814935e+06 
1.712341e+02 3.309272e+07 3.814935e+06 
2.102448e+02 3.181046e+07 3.814935e+06 
2.107964e+02 3.176240e+07 3.814935e+06 
1.842090e+02 3.238841e+07 3.814935e+06 
1.845208e+02 3.211845e+07 3.814935e+06 
1.541642e+02 3.419207e+07 3.814935e+06 
1.567749e+02 3.461560e+07 3.814935e+06 
1.583408e+02 3.371315e+07 3.814935e+06 
1.814643e+02 3.241532e+07 3.814935e+06 
1.508700e+02 3.444558e+07 3.814935e+06 
1.550352e+02 3.410330e+07 3.814935e+06 
1.562976e+02 3.409399e+07 3.814935e+06 
1.753537e+02 3.276785e+07 3.814935e+06 
1.549403e+02 3.418553e+07 3.814935e+06 
1.672638e+02 3.329619e+07 3.814935e+06 
1.488120e+02 3.504650e+07 3.814935e+06 
1.659549e+02 3.344475e+07 3.814935e+06 
1.673623e+02 3.315826e+07 3.814935e+06 
1.608682e+02 3.355159e+07 3.814935e+06 
2.063131e+02 3.187298e+07 3.814935e+06 
1.750153e+02 3.278563e+07 3.814935e+06 
1.493986e+02 3.474633e+07 3.814935e+06 
1.599971e+02 3.371022e+07 3.814935e+06 
2.108149e+02 3.175057e+07 3.814935e+06 
2.151453e+02 3.176890e+07 3.814935e+06 
1.515468e+02 3.422034e+07 3.814935e+06 
1.729746e+02 3.299683e+07 3.814935e+06 
1.491538e+02 3.470798e+07 3.814935e+06 
1.510493e+02 3.440833e+07 3.814935e+06 
2.031414e+02 3.187921e+07 3.814935e+06 
1.661083e+02 3.330078e+07 3.814935e+06 
1.564290e+02 3.407561e+07 3.814935e+06 
1.488282e+02 3.498369e+07 3.814935e+06 
1.566084e+02 3.403836e+07 3.814935e+06 
2.029698e+02 3.198616e+07 3.814935e+06 
1.672659e+02 3.319586e+07 3.814935e+06 

1.570420e+02 3.394563e+07 3.814935e+06 
1.753973e+02 3.299389e+07 3.814935e+06 
1.632510e+02 3.356258e+07 3.814935e+06 
2.060238e+02 3.188480e+07 3.814935e+06 
1.482747e+02 3.548508e+07 3.814935e+06 
1.482747e+02 3.548508e+07 3.814935e+06 
1.482747e+02 3.548508e+07 3.814935e+06 
1.482747e+02 3.548508e+07 3.814935e+06 
1.482747e+02 3.548508e+07 3.814935e+06 
1.482747e+02 3.548508e+07 3.814935e+06 
1.482747e+02 3.548508e+07 3.814935e+06 
1.482747e+02 3.548508e+07 3.814935e+06 
1.482747e+02 3.548508e+07 3.814935e+06 
1.482747e+02 3.548508e+07 3.814935e+06 
1.482747e+02 3.548508e+07 3.814935e+06 
1.482747e+02 3.548508e+07 3.814935e+06 
1.482747e+02 3.548508e+07 3.814935e+06 
1.482747e+02 3.548508e+07 3.814935e+06 
1.482747e+02 3.548508e+07 3.814935e+06 
1.482747e+02 3.548508e+07 3.814935e+06 
1.482747e+02 3.548508e+07 3.814935e+06 
1.482747e+02 3.548508e+07 3.814935e+06 
1.482747e+02 3.548508e+07 3.814935e+06 
1.482747e+02 3.548508e+07 3.814935e+06 
1.482747e+02 3.548508e+07 3.814935e+06 
1.482747e+02 3.548508e+07 3.814935e+06 
1.482747e+02 3.548508e+07 3.814935e+06 
1.482747e+02 3.548508e+07 3.814935e+06 
1.482747e+02 3.548508e+07 3.814935e+06 
1.482747e+02 3.548508e+07 3.814935e+06 
1.482747e+02 3.548508e+07 3.814935e+06 
1.482747e+02 3.548508e+07 3.814935e+06 
1.482747e+02 3.548508e+07 3.814935e+06 
1.482747e+02 3.548508e+07 3.814935e+06 
1.482747e+02 3.548508e+07 3.814935e+06 
1.482747e+02 3.548508e+07 3.814935e+06 
1.482747e+02 3.548508e+07 3.814935e+06 
1.482747e+02 3.548508e+07 3.814935e+06 
1.482747e+02 3.548508e+07 3.814935e+06 
1.482747e+02 3.548508e+07 3.814935e+06 
1.482747e+02 3.548508e+07 3.814935e+06 
1.482747e+02 3.548508e+07 3.814935e+06 
1.482747e+02 3.548508e+07 3.814935e+06 
1.482747e+02 3.548508e+07 3.814935e+06 
1.482747e+02 3.548508e+07 3.814935e+06 
1.482747e+02 3.548508e+07 3.814935e+06 
1.482747e+02 3.548508e+07 3.814935e+06 
1.482747e+02 3.548508e+07 3.814935e+06 
1.482747e+02 3.548508e+07 3.814935e+06 
1.482747e+02 3.548508e+07 3.814935e+06 
1.482747e+02 3.548508e+07 3.814935e+06 
1.482747e+02 3.548508e+07 3.814935e+06 
1.482747e+02 3.548508e+07 3.814935e+06 
1.482747e+02 3.548508e+07 3.814935e+06 
1.482747e+02 3.548508e+07 3.814935e+06 
1.482747e+02 3.548508e+07 3.814935e+06 
1.482747e+02 3.548508e+07 3.814935e+06 
1.482747e+02 3.548508e+07 3.814935e+06 
1.773352e+02 3.279033e+07 3.814935e+06 
1.606726e+02 3.377562e+07 3.814935e+06 
1.491376e+02 3.477079e+07 3.814935e+06 
1.704993e+02 3.318589e+07 3.814935e+06 
1.828817e+02 3.237232e+07 3.814935e+06 
1.754625e+02 3.293771e+07 3.814935e+06 
1.589056e+02 3.379628e+07 3.814935e+06 
1.896610e+02 3.231878e+07 3.814935e+06 
1.920784e+02 3.220272e+07 3.814935e+06 
1.794628e+02 3.276829e+07 3.814935e+06 
1.887513e+02 3.234709e+07 3.814935e+06 
1.575866e+02 3.384217e+07 3.814935e+06 
1.936527e+02 3.216375e+07 3.814935e+06 
1.497275e+02 3.502230e+07 3.814935e+06 
1.489259e+02 3.493366e+07 3.814935e+06 
1.649867e+02 3.339190e+07 3.814935e+06 
1.670354e+02 3.330566e+07 3.814935e+06 
1.638350e+02 3.344789e+07 3.814935e+06 
1.908498e+02 3.263891e+07 3.814935e+06 
1.540503e+02 3.430491e+07 3.814935e+06 
1.493170e+02 3.473355e+07 3.814935e+06 
1.652494e+02 3.331600e+07 3.814935e+06 
1.960282e+02 3.202428e+07 3.814935e+06 
1.587545e+02 3.382823e+07 3.814935e+06 
1.574825e+02 3.385872e+07 3.814935e+06 
1.551031e+02 3.395632e+07 3.814935e+06 
1.716209e+02 3.305635e+07 3.814935e+06 
1.569282e+02 3.395609e+07 3.814935e+06 
1.511849e+02 3.439854e+07 3.814935e+06 
1.932284e+02 3.220217e+07 3.814935e+06 
1.627991e+02 3.363928e+07 3.814935e+06 
1.912343e+02 3.231500e+07 3.814935e+06 
1.606433e+02 3.378509e+07 3.814935e+06 
1.540664e+02 3.424210e+07 3.814935e+06 
1.996665e+02 3.205110e+07 3.814935e+06 
1.538800e+02 3.435062e+07 3.814935e+06 
1.617310e+02 3.371522e+07 3.814935e+06 
1.802188e+02 3.259630e+07 3.814935e+06 
1.675812e+02 3.326484e+07 3.814935e+06 
1.500038e+02 3.460819e+07 3.814935e+06 
1.762891e+02 3.288992e+07 3.814935e+06 
1.501016e+02 3.455816e+07 3.814935e+06 

1.905719e+02 3.215308e+07 3.814935e+06 
1.709890e+02 3.298473e+07 3.814935e+06 
1.721102e+02 3.287225e+07 3.814935e+06 
1.800448e+02 3.241765e+07 3.814935e+06 
1.486981e+02 3.515934e+07 3.814935e+06 
1.623667e+02 3.345940e+07 3.814935e+06 
1.482747e+02 3.548508e+07 3.814935e+06 
1.482747e+02 3.548508e+07 3.814935e+06 
1.482747e+02 3.548508e+07 3.814935e+06 
1.482747e+02 3.548508e+07 3.814935e+06 
1.482747e+02 3.548508e+07 3.814935e+06 
1.482747e+02 3.548508e+07 3.814935e+06 
1.482747e+02 3.548508e+07 3.814935e+06 
1.482747e+02 3.548508e+07 3.814935e+06 
1.482747e+02 3.548508e+07 3.814935e+06 
1.482747e+02 3.548508e+07 3.814935e+06 
1.482747e+02 3.548508e+07 3.814935e+06 
1.482747e+02 3.548508e+07 3.814935e+06 
1.482747e+02 3.548508e+07 3.814935e+06 
1.482747e+02 3.548508e+07 3.814935e+06 
1.482747e+02 3.548508e+07 3.814935e+06 
1.482747e+02 3.548508e+07 3.814935e+06 
1.482747e+02 3.548508e+07 3.814935e+06 
1.482747e+02 3.548508e+07 3.814935e+06 
1.482747e+02 3.548508e+07 3.814935e+06 
1.482747e+02 3.548508e+07 3.814935e+06 
1.482747e+02 3.548508e+07 3.814935e+06 
1.482747e+02 3.548508e+07 3.814935e+06 
1.482747e+02 3.548508e+07 3.814935e+06 
1.482747e+02 3.548508e+07 3.814935e+06 
1.482747e+02 3.548508e+07 3.814935e+06 
1.482747e+02 3.548508e+07 3.814935e+06 
1.482747e+02 3.548508e+07 3.814935e+06 
1.482747e+02 3.548508e+07 3.814935e+06 
1.482747e+02 3.548508e+07 3.814935e+06 
1.482747e+02 3.548508e+07 3.814935e+06 
1.482747e+02 3.548508e+07 3.814935e+06 
1.482747e+02 3.548508e+07 3.814935e+06 
1.482747e+02 3.548508e+07 3.814935e+06 
1.482747e+02 3.548508e+07 3.814935e+06 
1.482747e+02 3.548508e+07 3.814935e+06 
1.482747e+02 3.548508e+07 3.814935e+06 
1.482747e+02 3.548508e+07 3.814935e+06 
1.482747e+02 3.548508e+07 3.814935e+06 
1.482747e+02 3.548508e+07 3.814935e+06 
1.482747e+02 3.548508e+07 3.814935e+06 
1.482747e+02 3.548508e+07 3.814935e+06 
1.482747e+02 3.548508e+07 3.814935e+06 
1.482747e+02 3.548508e+07 3.814935e+06 
1.482747e+02 3.548508e+07 3.814935e+06 
1.482747e+02 3.548508e+07 3.814935e+06 
1.482747e+02 3.548508e+07 3.814935e+06 
1.482747e+02 3.548508e+07 3.814935e+06 
1.482747e+02 3.548508e+07 3.814935e+06 
1.482747e+02 3.548508e+07 3.814935e+06 
1.482747e+02 3.548508e+07 3.814935e+06 
1.482747e+02 3.548508e+07 3.814935e+06 
1.482747e+02 3.548508e+07 3.814935e+06 
1.482747e+02 3.548508e+07 3.814935e+06 
1.482747e+02 3.548508e+07 3.814935e+06 
1.580648e+02 3.399579e+07 3.814935e+06 
1.491538e+02 3.470798e+07 3.814935e+06 
1.582272e+02 3.389239e+07 3.814935e+06 
1.754144e+02 3.273134e+07 3.814935e+06 
1.716674e+02 3.289833e+07 3.814935e+06 
1.808155e+02 3.237266e+07 3.814935e+06 
1.754304e+02 3.271295e+07 3.814935e+06 
1.760157e+02 3.270325e+07 3.814935e+06 
1.766396e+02 3.302034e+07 3.814935e+06 
1.662884e+02 3.322687e+07 3.814935e+06 
1.534119e+02 3.424184e+07 3.814935e+06 
1.945972e+02 3.218142e+07 3.814935e+06 
1.640900e+02 3.335517e+07 3.814935e+06 
1.662079e+02 3.329583e+07 3.814935e+06 
1.527252e+02 3.436720e+07 3.814935e+06 
1.617513e+02 3.355535e+07 3.814935e+06 
1.837468e+02 3.225764e+07 3.814935e+06 
1.489098e+02 3.499647e+07 3.814935e+06 
1.616039e+02 3.356875e+07 3.814935e+06 
1.725225e+02 3.275476e+07 3.814935e+06 
1.773696e+02 3.245108e+07 3.814935e+06 
1.944253e+02 3.215011e+07 3.814935e+06 
1.947813e+02 3.203496e+07 3.814935e+06 
1.515738e+02 3.458424e+07 3.814935e+06 
1.564290e+02 3.407561e+07 3.814935e+06 
1.587548e+02 3.367377e+07 3.814935e+06 
1.612859e+02 3.366696e+07 3.814935e+06 
1.973898e+02 3.203225e+07 3.814935e+06 
1.889668e+02 3.216779e+07 3.814935e+06 
1.542458e+02 3.420486e+07 3.814935e+06 
2.101135e+02 3.202794e+07 3.814935e+06 
1.483725e+02 3.543505e+07 3.814935e+06 
1.995535e+02 3.200113e+07 3.814935e+06 
1.769921e+02 3.269510e+07 3.814935e+06 
1.520303e+02 3.445972e+07 3.814935e+06 
1.492192e+02 3.478358e+07 3.814935e+06 
1.847837e+02 3.263638e+07 3.814935e+06 
1.670141e+02 3.320376e+07 3.814935e+06 
1.702346e+02 3.305846e+07 3.814935e+06 
1.674055e+02 3.309623e+07 3.814935e+06 

1.662648e+02 3.337562e+07 3.814935e+06 
1.518832e+02 3.437135e+07 3.814935e+06 
1.674659e+02 3.328308e+07 3.814935e+06 
1.739360e+02 3.286077e+07 3.814935e+06 
1.482747e+02 3.548508e+07 3.814935e+06 
1.482747e+02 3.548508e+07 3.814935e+06 
1.482747e+02 3.548508e+07 3.814935e+06 
1.482747e+02 3.548508e+07 3.814935e+06 
1.482747e+02 3.548508e+07 3.814935e+06 
1.482747e+02 3.548508e+07 3.814935e+06 
1.482747e+02 3.548508e+07 3.814935e+06 
1.482747e+02 3.548508e+07 3.814935e+06 
1.482747e+02 3.548508e+07 3.814935e+06 
1.482747e+02 3.548508e+07 3.814935e+06 
1.482747e+02 3.548508e+07 3.814935e+06 
1.482747e+02 3.548508e+07 3.814935e+06 
1.482747e+02 3.548508e+07 3.814935e+06 
1.482747e+02 3.548508e+07 3.814935e+06 
1.482747e+02 3.548508e+07 3.814935e+06 
1.482747e+02 3.548508e+07 3.814935e+06 
1.482747e+02 3.548508e+07 3.814935e+06 
1.482747e+02 3.548508e+07 3.814935e+06 
1.482747e+02 3.548508e+07 3.814935e+06 
1.482747e+02 3.548508e+07 3.814935e+06 
1.482747e+02 3.548508e+07 3.814935e+06 
1.482747e+02 3.548508e+07 3.814935e+06 
1.482747e+02 3.548508e+07 3.814935e+06 
1.482747e+02 3.548508e+07 3.814935e+06 
1.482747e+02 3.548508e+07 3.814935e+06 
1.482747e+02 3.548508e+07 3.814935e+06 
1.482747e+02 3.548508e+07 3.814935e+06 
1.482747e+02 3.548508e+07 3.814935e+06 
1.482747e+02 3.548508e+07 3.814935e+06 
1.482747e+02 3.548508e+07 3.814935e+06 
1.482747e+02 3.548508e+07 3.814935e+06 
1.482747e+02 3.548508e+07 3.814935e+06 
1.482747e+02 3.548508e+07 3.814935e+06 
1.482747e+02 3.548508e+07 3.814935e+06 
1.482747e+02 3.548508e+07 3.814935e+06 
1.482747e+02 3.548508e+07 3.814935e+06 
1.482747e+02 3.548508e+07 3.814935e+06 
1.482747e+02 3.548508e+07 3.814935e+06 
1.482747e+02 3.548508e+07 3.814935e+06 
1.482747e+02 3.548508e+07 3.814935e+06 
1.482747e+02 3.548508e+07 3.814935e+06 
1.482747e+02 3.548508e+07 3.814935e+06 
1.482747e+02 3.548508e+07 3.814935e+06 
1.482747e+02 3.548508e+07 3.814935e+06 
1.482747e+02 3.548508e+07 3.814935e+06 
1.482747e+02 3.548508e+07 3.814935e+06 
1.482747e+02 3.548508e+07 3.814935e+06 
1.482747e+02 3.548508e+07 3.814935e+06 
1.482747e+02 3.548508e+07 3.814935e+06 
1.482747e+02 3.548508e+07 3.814935e+06 
1.482747e+02 3.548508e+07 3.814935e+06 
1.482747e+02 3.548508e+07 3.814935e+06 
1.482747e+02 3.548508e+07 3.814935e+06 
1.482747e+02 3.548508e+07 3.814935e+06 
1.654310e+02 3.341531e+07 3.814935e+06 
1.775871e+02 3.284672e+07 3.814935e+06 
1.628704e+02 3.357209e+07 3.814935e+06 
1.533958e+02 3.430465e+07 3.814935e+06 
1.514794e+02 3.449042e+07 3.814935e+06 
1.513723e+02 3.449215e+07 3.814935e+06 
1.508377e+02 3.457120e+07 3.814935e+06 
1.490398e+02 3.482082e+07 3.814935e+06 
1.619664e+02 3.360094e+07 3.814935e+06 
1.732653e+02 3.298975e+07 3.814935e+06 
2.184929e+02 3.212964e+07 3.814935e+06 
2.090295e+02 3.237342e+07 3.814935e+06 
2.268202e+02 3.251946e+07 3.814935e+06 
1.566407e+02 3.391274e+07 3.814935e+06 
1.719989e+02 3.308466e+07 3.814935e+06 
1.500531e+02 3.474659e+07 3.814935e+06 
1.712330e+02 3.323992e+07 3.814935e+06 
1.923583e+02 3.241265e+07 3.814935e+06 
1.697152e+02 3.324681e+07 3.814935e+06 
1.776674e+02 3.274504e+07 3.814935e+06 
1.535097e+02 3.419181e+07 3.814935e+06 
1.588108e+02 3.382731e+07 3.814935e+06 
1.727716e+02 3.306118e+07 3.814935e+06 
1.923663e+02 3.238361e+07 3.814935e+06 
1.487797e+02 3.517212e+07 3.814935e+06 
1.643678e+02 3.357096e+07 3.814935e+06 
1.652244e+02 3.354449e+07 3.814935e+06 
1.500854e+02 3.462097e+07 3.814935e+06 
1.664683e+02 3.328827e+07 3.814935e+06 
1.535259e+02 3.412900e+07 3.814935e+06 
1.580974e+02 3.388120e+07 3.814935e+06 
1.498737e+02 3.478384e+07 3.814935e+06 
1.865321e+02 3.245682e+07 3.814935e+06 
1.525619e+02 3.434164e+07 3.814935e+06 
1.809778e+02 3.267847e+07 3.814935e+06 
1.645924e+02 3.356558e+07 3.814935e+06 
2.109839e+02 3.213914e+07 3.814935e+06 
1.813000e+02 3.256768e+07 3.814935e+06 
1.516061e+02 3.445862e+07 3.814935e+06 
1.557907e+02 3.401254e+07 3.814935e+06 
1.488762e+02 3.511602e+07 3.814935e+06 
1.595173e+02 3.368727e+07 3.814935e+06 

