9.003000e+03 3.632803e+07 9.166462e+05 
8.370900e+03 3.455393e+07 1.276793e+06 
7.926200e+03 3.272651e+07 1.361913e+06 
8.551100e+03 3.453922e+07 1.106554e+06 
6.666050e+03 2.752665e+07 2.213108e+06 
8.500900e+03 3.416897e+07 1.208656e+06 
7.681450e+03 3.159815e+07 1.532152e+06 
8.517950e+03 3.395422e+07 1.244873e+06 
7.640050e+03 3.203216e+07 1.787511e+06 
6.626850e+03 2.739076e+07 2.383347e+06 
8.615100e+03 3.492255e+07 1.074634e+06 
7.668400e+03 3.223207e+07 1.702391e+06 
6.624750e+03 2.762065e+07 2.468467e+06 
8.521950e+03 3.399573e+07 1.159753e+06 
7.680850e+03 3.192509e+07 1.532152e+06 
7.757100e+03 3.206336e+07 1.447032e+06 
6.825050e+03 2.828822e+07 1.872630e+06 
8.291450e+03 3.443894e+07 1.329992e+06 
6.657300e+03 2.768711e+07 2.298228e+06 
6.802950e+03 2.804936e+07 2.127989e+06 
8.488000e+03 3.455566e+07 1.106554e+06 
8.504550e+03 3.413189e+07 1.329992e+06 
8.645250e+03 3.438601e+07 1.106554e+06 
8.605350e+03 3.494102e+07 1.063994e+06 
6.750050e+03 2.808231e+07 2.042869e+06 

6.959100e+03 2.879749e+07 1.957750e+06 
7.089300e+03 2.901677e+07 1.787511e+06 
7.089550e+03 2.936760e+07 1.744951e+06 
8.282400e+03 3.369090e+07 1.191674e+06 
8.267450e+03 3.419838e+07 1.208656e+06 
8.411050e+03 3.449911e+07 9.820330e+05 
6.918850e+03 2.860215e+07 2.127989e+06 
8.506900e+03 3.445393e+07 1.021435e+06 
7.967500e+03 3.236841e+07 1.284197e+06 
6.959350e+03 2.840678e+07 2.170549e+06 
7.033750e+03 2.857519e+07 2.042869e+06 
7.887900e+03 3.237494e+07 1.361913e+06 
6.992950e+03 2.873334e+07 1.872630e+06 
6.858300e+03 2.848358e+07 2.213108e+06 
6.894300e+03 2.888003e+07 2.127989e+06 
6.830100e+03 2.845583e+07 2.266307e+06 
6.977800e+03 2.859847e+07 2.096068e+06 
8.005050e+03 3.295232e+07 1.276793e+06 
6.940800e+03 2.898606e+07 2.096068e+06 
7.611200e+03 3.104687e+07 1.617271e+06 
6.879600e+03 2.825133e+07 2.266307e+06 
9.070450e+03 3.608682e+07 8.764034e+05 
6.954200e+03 2.857619e+07 2.170549e+06 
6.973800e+03 2.859960e+07 2.085429e+06 
7.589850e+03 3.128542e+07 1.702391e+06 

7.058850e+03 2.918146e+07 1.872630e+06 
9.595050e+03 3.829814e+07 9.479465e+05 
9.341800e+03 3.693955e+07 9.820330e+05 
7.103500e+03 2.934471e+07 1.702391e+06 
8.250850e+03 3.210570e+07 1.208656e+06 
8.199750e+03 3.211649e+07 1.208656e+06 
8.130700e+03 3.241798e+07 1.133115e+06 
7.415100e+03 3.054803e+07 1.510820e+06 
7.064750e+03 2.912165e+07 1.872630e+06 
8.078600e+03 3.268553e+07 1.244873e+06 
8.029650e+03 3.254751e+07 1.329992e+06 
9.301800e+03 3.634074e+07 1.057574e+06 
8.206700e+03 3.203773e+07 1.244873e+06 
9.230000e+03 3.671638e+07 1.021435e+06 
8.128900e+03 3.254258e+07 1.244873e+06 
7.021100e+03 2.905262e+07 1.957750e+06 
8.119650e+03 3.261421e+07 1.276793e+06 
9.207550e+03 3.700089e+07 1.021435e+06 
8.139150e+03 3.227168e+07 1.208656e+06 
9.800600e+03 3.888161e+07 9.820330e+05 
7.562100e+03 3.108292e+07 1.435279e+06 
7.035900e+03 2.904337e+07 2.042869e+06 
8.000050e+03 3.252146e+07 1.415112e+06 
8.412100e+03 3.322884e+07 1.074634e+06 
8.074900e+03 3.235490e+07 1.329992e+06 

7.171050e+03 3.077602e+07 1.638550e+06 
6.900500e+03 2.912387e+07 1.957750e+06 
6.861950e+03 2.884667e+07 2.127989e+06 
8.681900e+03 3.402907e+07 1.057574e+06 
6.892950e+03 2.949923e+07 1.957750e+06 
7.101400e+03 2.997045e+07 1.755590e+06 
6.830300e+03 2.870334e+07 2.298228e+06 
8.615600e+03 3.398417e+07 1.106554e+06 
6.907300e+03 2.933973e+07 1.872630e+06 
8.533500e+03 3.432312e+07 1.106554e+06 
8.622650e+03 3.338892e+07 1.208656e+06 
7.182500e+03 3.006142e+07 1.670470e+06 
8.469650e+03 3.418843e+07 1.191674e+06 
7.136350e+03 3.041709e+07 1.670470e+06 
7.157300e+03 3.019203e+07 1.670470e+06 
6.841450e+03 2.894071e+07 2.042869e+06 
7.080650e+03 3.005221e+07 1.840710e+06 
8.566150e+03 3.340448e+07 1.133115e+06 
6.821850e+03 2.890597e+07 2.298228e+06 
9.098200e+03 3.667768e+07 9.363151e+05 
7.137750e+03 2.995014e+07 1.840710e+06 
6.855600e+03 2.887086e+07 2.213108e+06 
8.230500e+03 3.373150e+07 1.361913e+06 
8.416100e+03 3.423872e+07 1.191674e+06 
7.175600e+03 3.032140e+07 1.500231e+06 

7.867800e+03 3.340587e+07 1.191674e+06 
7.638400e+03 3.213701e+07 1.532152e+06 
7.698200e+03 3.182955e+07 1.404473e+06 
7.003650e+03 2.946027e+07 2.042869e+06 
7.813900e+03 3.243311e+07 1.359738e+06 
7.796900e+03 3.243328e+07 1.361913e+06 
7.803450e+03 3.361820e+07 1.191674e+06 
6.935400e+03 2.929023e+07 2.213108e+06 
7.644300e+03 3.189898e+07 1.574712e+06 
7.601500e+03 3.178885e+07 1.617271e+06 
8.318000e+03 3.432382e+07 1.149114e+06 
8.692450e+03 3.631826e+07 8.853414e+05 
7.114400e+03 2.989969e+07 1.787511e+06 
7.801750e+03 3.166176e+07 1.435279e+06 
6.988350e+03 2.922678e+07 2.298228e+06 
8.337250e+03 3.409153e+07 9.820330e+05 
7.717250e+03 3.180252e+07 1.447032e+06 
7.709650e+03 3.256099e+07 1.276793e+06 
7.674050e+03 3.184556e+07 1.435279e+06 
7.662050e+03 3.180661e+07 1.447032e+06 
7.642200e+03 3.191195e+07 1.532152e+06 
7.209500e+03 3.046576e+07 1.659831e+06 
7.148400e+03 2.980476e+07 1.702391e+06 
7.868700e+03 3.333021e+07 1.191674e+06 
6.952900e+03 2.945140e+07 2.127989e+06 

8.630200e+03 3.606485e+07 1.159753e+06 
7.432150e+03 3.079828e+07 1.659831e+06 
8.426850e+03 3.578396e+07 1.329992e+06 
8.514550e+03 3.583055e+07 1.191674e+06 
8.459350e+03 3.575190e+07 1.415112e+06 
7.035150e+03 2.951521e+07 1.872630e+06 
7.464500e+03 3.118225e+07 1.447032e+06 
6.690400e+03 2.780829e+07 2.127989e+06 
8.607500e+03 3.618944e+07 1.106554e+06 
7.087500e+03 2.971933e+07 1.787511e+06 
8.424450e+03 3.594809e+07 1.276793e+06 
7.072250e+03 2.974545e+07 1.787511e+06 
8.452550e+03 3.582630e+07 1.244873e+06 
9.241900e+03 3.776476e+07 9.363151e+05 
9.013950e+03 3.692483e+07 1.021435e+06 
6.741100e+03 2.816319e+07 2.042869e+06 
7.491850e+03 3.103705e+07 1.447032e+06 
8.878350e+03 3.707871e+07 1.057574e+06 
7.432900e+03 3.079593e+07 1.702391e+06 
8.564050e+03 3.582583e+07 1.276793e+06 
8.548700e+03 3.607214e+07 1.159753e+06 
7.037150e+03 2.973060e+07 1.830070e+06 
8.883950e+03 3.650387e+07 1.057574e+06 
6.844400e+03 2.916070e+07 1.915190e+06 
6.653600e+03 2.765420e+07 2.213108e+06 

9.226250e+03 3.730251e+07 8.764034e+05 
8.902450e+03 3.526318e+07 1.021435e+06 
7.126700e+03 2.966341e+07 1.872630e+06 
7.880800e+03 3.224357e+07 1.532152e+06 
7.869400e+03 3.221952e+07 1.617271e+06 
6.785850e+03 2.812339e+07 2.383347e+06 
6.775600e+03 2.823016e+07 2.383347e+06 
9.133150e+03 3.680089e+07 9.363151e+05 
8.452600e+03 3.413581e+07 1.276793e+06 
7.089050e+03 2.902913e+07 1.957750e+06 
7.090750e+03 2.892462e+07 1.957750e+06 
8.876650e+03 3.527030e+07 1.057574e+06 
8.821400e+03 3.547287e+07 1.021435e+06 
8.505950e+03 3.446775e+07 1.191674e+06 
9.024050e+03 3.633427e+07 9.820330e+05 
8.791850e+03 3.543398e+07 1.106554e+06 
9.206600e+03 3.671971e+07 9.363151e+05 
6.831700e+03 2.814795e+07 2.213108e+06 
7.852700e+03 3.247956e+07 1.702391e+06 
9.008250e+03 3.665081e+07 9.820330e+05 
7.180850e+03 2.938926e+07 1.787511e+06 
6.823500e+03 2.830239e+07 2.042869e+06 
8.450300e+03 3.423961e+07 1.276793e+06 
6.764100e+03 2.809007e+07 2.468467e+06 
6.828550e+03 2.822621e+07 2.213108e+06 

8.090250e+03 3.276813e+07 1.284197e+06 
8.630850e+03 3.517603e+07 1.276793e+06 
6.976750e+03 2.859957e+07 2.383347e+06 
6.958800e+03 2.861150e+07 2.468467e+06 
8.682150e+03 3.525913e+07 1.057574e+06 
8.891300e+03 3.618451e+07 9.363151e+05 
7.988650e+03 3.245815e+07 1.361913e+06 
8.778750e+03 3.595603e+07 1.021435e+06 
8.747400e+03 3.508282e+07 1.276793e+06 
7.552700e+03 3.202552e+07 1.702391e+06 
7.672550e+03 3.201428e+07 2.127989e+06 
9.122150e+03 3.624624e+07 9.820330e+05 
8.901150e+03 3.557647e+07 9.820330e+05 
6.965800e+03 2.869785e+07 2.383347e+06 
7.498600e+03 3.180534e+07 1.872630e+06 
7.599250e+03 3.214014e+07 1.617271e+06 
6.914800e+03 2.862895e+07 2.468467e+06 
6.915550e+03 2.850300e+07 2.383347e+06 
6.914850e+03 2.861295e+07 2.468467e+06 
8.746950e+03 3.547102e+07 1.057574e+06 
8.627350e+03 3.498760e+07 1.106554e+06 
7.692250e+03 3.148702e+07 1.359738e+06 
6.975150e+03 2.877620e+07 2.298228e+06 
8.924300e+03 3.635309e+07 9.121750e+05 
7.670600e+03 3.189100e+07 1.702391e+06 

8.951550e+03 3.817945e+07 9.820330e+05 
8.952600e+03 3.792534e+07 9.064920e+05 
7.930050e+03 3.339085e+07 1.359738e+06 
7.431700e+03 3.088937e+07 1.510820e+06 
7.094400e+03 2.985768e+07 1.787511e+06 
7.105700e+03 2.965313e+07 1.787511e+06 
7.819950e+03 3.335039e+07 1.447032e+06 
8.621850e+03 3.587630e+07 1.244873e+06 
9.026600e+03 3.854043e+07 9.895141e+05 
7.319650e+03 3.094254e+07 1.510820e+06 
8.751450e+03 3.669962e+07 1.159753e+06 
7.269950e+03 3.076807e+07 1.532152e+06 
7.239700e+03 3.057612e+07 1.702391e+06 
8.641600e+03 3.629119e+07 1.191674e+06 
7.826650e+03 3.280541e+07 1.361913e+06 
7.289600e+03 3.051033e+07 1.617271e+06 
7.289750e+03 3.091819e+07 1.532152e+06 
6.963700e+03 2.899180e+07 1.872630e+06 
8.711850e+03 3.678666e+07 1.021435e+06 
7.247600e+03 3.054865e+07 1.617271e+06 
7.112400e+03 2.942014e+07 2.042869e+06 
6.902600e+03 2.862287e+07 1.957750e+06 
8.703300e+03 3.649743e+07 1.329992e+06 
8.567350e+03 3.634060e+07 1.329992e+06 
8.830100e+03 3.768017e+07 1.042713e+06 

6.942800e+03 2.885220e+07 1.957750e+06 
8.687800e+03 3.541266e+07 1.159753e+06 
7.341350e+03 3.021540e+07 1.532152e+06 
7.448700e+03 3.050719e+07 1.361913e+06 
6.879200e+03 2.837264e+07 2.127989e+06 
6.990150e+03 2.880512e+07 1.830070e+06 
6.897550e+03 2.833759e+07 2.000309e+06 
7.090800e+03 2.919161e+07 1.617271e+06 
7.337400e+03 3.025717e+07 1.489592e+06 
9.080500e+03 3.635102e+07 1.057574e+06 
6.808300e+03 2.796607e+07 2.340788e+06 
8.946400e+03 3.620665e+07 1.057574e+06 
6.841650e+03 2.819802e+07 2.170549e+06 
6.820400e+03 2.809433e+07 2.213108e+06 
6.829950e+03 2.829836e+07 2.170549e+06 
6.668800e+03 2.751098e+07 2.468467e+06 
8.726550e+03 3.531419e+07 1.276793e+06 
6.822900e+03 2.805003e+07 2.298228e+06 
8.920000e+03 3.626779e+07 9.363151e+05 
8.781050e+03 3.588568e+07 1.106554e+06 
6.852550e+03 2.801321e+07 2.213108e+06 
8.758800e+03 3.635941e+07 1.106554e+06 
9.029650e+03 3.604321e+07 1.021435e+06 
6.681950e+03 2.752123e+07 2.383347e+06 
6.835300e+03 2.810657e+07 2.340788e+06 

