6.312000e+03 2.580391e+07 2.383347e+06 
6.349500e+03 2.582436e+07 2.298228e+06 
6.358700e+03 2.568023e+07 2.298228e+06 
6.313000e+03 2.567772e+07 2.383347e+06 
7.027650e+03 2.892436e+07 1.872630e+06 
6.300900e+03 2.573363e+07 2.468467e+06 
7.779700e+03 3.193572e+07 1.500231e+06 
7.029000e+03 2.929976e+07 1.787511e+06 
7.061150e+03 2.902336e+07 1.787511e+06 
6.328700e+03 2.562572e+07 2.383347e+06 
7.003850e+03 2.894695e+07 1.872630e+06 
6.784250e+03 2.840325e+07 2.127989e+06 
6.832050e+03 2.839027e+07 2.042869e+06 
6.888000e+03 2.867858e+07 1.957750e+06 
7.928700e+03 3.308971e+07 1.276793e+06 
6.934100e+03 2.904109e+07 1.872630e+06 
7.835950e+03 3.219732e+07 1.361913e+06 
6.420300e+03 2.602508e+07 2.213108e+06 
7.311550e+03 3.069932e+07 1.532152e+06 
7.923950e+03 3.204375e+07 1.329992e+06 
8.026650e+03 3.223520e+07 1.057574e+06 
8.036950e+03 3.230478e+07 1.191674e+06 
7.148350e+03 2.982293e+07 1.617271e+06 
8.014200e+03 3.241192e+07 1.361913e+06 
7.948300e+03 3.192081e+07 1.191674e+06 

7.903150e+03 3.258499e+07 1.106554e+06 
7.571950e+03 3.117521e+07 1.361913e+06 
7.745300e+03 3.186167e+07 1.208656e+06 
7.089950e+03 2.943910e+07 1.617271e+06 
6.420050e+03 2.645445e+07 2.298228e+06 
7.074950e+03 2.960325e+07 1.617271e+06 
7.614300e+03 3.130449e+07 1.276793e+06 
7.549400e+03 3.119492e+07 1.361913e+06 
7.561000e+03 3.114308e+07 1.415112e+06 
6.504100e+03 2.640416e+07 2.298228e+06 
7.626150e+03 3.129860e+07 1.329992e+06 
7.573150e+03 3.107274e+07 1.361913e+06 
6.365550e+03 2.609591e+07 2.383347e+06 
7.069750e+03 2.964467e+07 1.617271e+06 
6.786150e+03 2.824930e+07 2.042869e+06 
6.775700e+03 2.827199e+07 2.042869e+06 
6.664550e+03 2.802756e+07 2.213108e+06 
6.690000e+03 2.802746e+07 2.127989e+06 
7.067100e+03 2.966389e+07 1.532152e+06 
7.024850e+03 2.963279e+07 1.702391e+06 
7.704550e+03 3.189642e+07 1.133115e+06 
6.855250e+03 2.859706e+07 1.787511e+06 
6.802700e+03 2.813902e+07 1.872630e+06 
6.745150e+03 2.848447e+07 1.957750e+06 
7.965050e+03 3.267816e+07 1.037375e+06 

8.342150e+03 3.299810e+07 1.057574e+06 
8.210000e+03 3.254398e+07 1.133115e+06 
6.686400e+03 2.785944e+07 1.787511e+06 
8.342000e+03 3.300015e+07 1.021435e+06 
8.258250e+03 3.275110e+07 1.106554e+06 
6.646250e+03 2.757897e+07 2.042869e+06 
8.051450e+03 3.214822e+07 1.191674e+06 
6.677700e+03 2.795854e+07 1.957750e+06 
6.430050e+03 2.634816e+07 2.383347e+06 
7.964150e+03 3.228524e+07 1.191674e+06 
7.293150e+03 2.979823e+07 1.447032e+06 
8.200250e+03 3.255836e+07 1.133115e+06 
6.453250e+03 2.657053e+07 2.298228e+06 
7.334700e+03 2.962120e+07 1.447032e+06 
8.241850e+03 3.283561e+07 1.106554e+06 
7.215150e+03 2.921990e+07 1.702391e+06 
7.330650e+03 2.979238e+07 1.361913e+06 
7.254550e+03 2.970637e+07 1.532152e+06 
8.156750e+03 3.268330e+07 1.133115e+06 
7.218500e+03 2.935614e+07 1.617271e+06 
7.259800e+03 2.935524e+07 1.532152e+06 
8.199950e+03 3.290191e+07 1.106554e+06 
6.712100e+03 2.785480e+07 1.872630e+06 
7.832800e+03 3.169555e+07 1.276793e+06 
6.503800e+03 2.632107e+07 2.298228e+06 

8.048450e+03 3.339247e+07 1.208656e+06 
7.985250e+03 3.368149e+07 1.021435e+06 
7.183500e+03 3.036350e+07 1.617271e+06 
8.089950e+03 3.417945e+07 1.159753e+06 
7.874350e+03 3.301472e+07 1.244873e+06 
6.675500e+03 2.796910e+07 2.298228e+06 
6.653900e+03 2.804817e+07 2.213108e+06 
7.756600e+03 3.279996e+07 1.447032e+06 
7.224350e+03 3.051214e+07 1.532152e+06 
6.510050e+03 2.695274e+07 2.383347e+06 
7.855050e+03 3.279278e+07 1.447032e+06 
7.834200e+03 3.311958e+07 1.415112e+06 
6.782100e+03 2.841914e+07 1.957750e+06 
6.839650e+03 2.873091e+07 1.787511e+06 
7.867300e+03 3.374895e+07 1.415112e+06 
6.552000e+03 2.690861e+07 2.383347e+06 
7.814850e+03 3.340943e+07 1.415112e+06 
7.199000e+03 3.048026e+07 1.787511e+06 
7.821500e+03 3.329920e+07 1.435279e+06 
6.710250e+03 2.842000e+07 1.957750e+06 
6.726100e+03 2.822157e+07 2.042869e+06 
6.933900e+03 2.878255e+07 1.872630e+06 
7.984850e+03 3.398953e+07 1.208656e+06 
7.797850e+03 3.275495e+07 1.500231e+06 
6.694550e+03 2.739905e+07 2.383347e+06 

6.594350e+03 2.758875e+07 2.213108e+06 
8.318450e+03 3.417321e+07 9.820330e+05 
8.061350e+03 3.277928e+07 1.106554e+06 
7.071850e+03 2.881688e+07 1.702391e+06 
7.818500e+03 3.161649e+07 1.532152e+06 
8.047250e+03 3.249052e+07 1.276793e+06 
7.795650e+03 3.194480e+07 1.447032e+06 
7.977200e+03 3.302833e+07 1.276793e+06 
8.015800e+03 3.270880e+07 1.191674e+06 
7.837700e+03 3.272974e+07 1.329992e+06 
6.886100e+03 2.847144e+07 1.872630e+06 
7.987650e+03 3.259924e+07 1.191674e+06 
6.981800e+03 2.874114e+07 1.787511e+06 
6.813200e+03 2.844637e+07 1.957750e+06 
7.766200e+03 3.193114e+07 1.617271e+06 
8.011500e+03 3.243632e+07 1.284197e+06 
6.984650e+03 2.867230e+07 1.787511e+06 
6.679450e+03 2.786754e+07 2.042869e+06 
7.867150e+03 3.240260e+07 1.617271e+06 
7.815800e+03 3.160696e+07 1.617271e+06 
7.058650e+03 2.891344e+07 1.702391e+06 
7.826650e+03 3.211673e+07 1.361913e+06 
7.972800e+03 3.308965e+07 1.276793e+06 
8.151450e+03 3.341479e+07 1.021435e+06 
7.006800e+03 2.900179e+07 1.957750e+06 

7.979350e+03 3.402040e+07 1.021435e+06 
6.570000e+03 2.704235e+07 2.213108e+06 
7.955650e+03 3.410911e+07 1.057574e+06 
6.458250e+03 2.663927e+07 2.383347e+06 
6.447400e+03 2.667011e+07 2.383347e+06 
6.655900e+03 2.754987e+07 2.042869e+06 
6.561950e+03 2.708041e+07 2.127989e+06 
7.939550e+03 3.365109e+07 1.074634e+06 
7.458100e+03 3.138034e+07 1.447032e+06 
7.648950e+03 3.217619e+07 1.284197e+06 
7.740300e+03 3.225376e+07 1.276793e+06 
6.560800e+03 2.706840e+07 2.298228e+06 
7.123700e+03 3.025312e+07 1.532152e+06 
7.849800e+03 3.299982e+07 1.191674e+06 
7.190600e+03 2.989574e+07 1.532152e+06 
6.972650e+03 2.905066e+07 1.702391e+06 
6.458500e+03 2.655627e+07 2.383347e+06 
6.896650e+03 2.870777e+07 1.872630e+06 
6.985000e+03 2.904331e+07 1.702391e+06 
6.999250e+03 2.932112e+07 1.617271e+06 
7.678400e+03 3.229633e+07 1.208656e+06 
6.937750e+03 2.883959e+07 1.787511e+06 
6.589200e+03 2.691615e+07 2.213108e+06 
6.923250e+03 2.848573e+07 1.872630e+06 
7.413000e+03 3.139835e+07 1.319353e+06 

7.383000e+03 3.114555e+07 1.244873e+06 
6.737700e+03 2.828692e+07 1.510820e+06 
7.265500e+03 3.041042e+07 1.284197e+06 
6.648000e+03 2.823280e+07 1.840710e+06 
6.577650e+03 2.726150e+07 2.127989e+06 
6.605550e+03 2.735700e+07 2.042869e+06 
6.760550e+03 2.789943e+07 1.872630e+06 
7.210250e+03 2.981907e+07 1.435279e+06 
6.710350e+03 2.840814e+07 1.586361e+06 
6.668850e+03 2.830851e+07 1.702391e+06 
6.669250e+03 2.810636e+07 1.702391e+06 
6.794950e+03 2.775879e+07 1.872630e+06 
6.665100e+03 2.831025e+07 1.787511e+06 
7.265600e+03 3.035212e+07 1.276793e+06 
6.712600e+03 2.833255e+07 1.532152e+06 
7.137250e+03 2.982379e+07 1.361913e+06 
6.651350e+03 2.816063e+07 1.840710e+06 
6.720650e+03 2.809726e+07 1.702391e+06 
7.849600e+03 3.293258e+07 1.133115e+06 
6.709750e+03 2.813217e+07 1.617271e+06 
6.700650e+03 2.809141e+07 1.872630e+06 
7.256700e+03 3.009365e+07 1.359738e+06 
6.646300e+03 2.722511e+07 2.127989e+06 
6.655000e+03 2.814146e+07 1.872630e+06 
6.665400e+03 2.809887e+07 1.787511e+06 

8.112200e+03 3.339602e+07 1.133115e+06 
7.977000e+03 3.300712e+07 1.057574e+06 
7.228900e+03 3.003881e+07 1.702391e+06 
7.828950e+03 3.239333e+07 1.191674e+06 
7.779750e+03 3.248442e+07 1.191674e+06 
7.833650e+03 3.227054e+07 1.191674e+06 
7.693250e+03 3.159767e+07 1.361913e+06 
7.885850e+03 3.226611e+07 1.159753e+06 
7.362250e+03 3.033944e+07 1.532152e+06 
7.787400e+03 3.194820e+07 1.208656e+06 
7.750150e+03 3.186505e+07 1.276793e+06 
7.132200e+03 2.943182e+07 1.957750e+06 
7.316000e+03 3.042079e+07 1.617271e+06 
7.662300e+03 3.180727e+07 1.284197e+06 
7.039350e+03 2.937669e+07 2.042869e+06 
6.981650e+03 2.918170e+07 2.127989e+06 
7.220300e+03 2.982363e+07 1.872630e+06 
7.381750e+03 3.058480e+07 1.447032e+06 
7.614450e+03 3.128203e+07 1.361913e+06 
7.174400e+03 2.989071e+07 1.872630e+06 
7.184000e+03 2.931980e+07 2.042869e+06 
7.187300e+03 2.964127e+07 1.872630e+06 
7.047250e+03 2.944016e+07 2.127989e+06 
7.720450e+03 3.213919e+07 1.276793e+06 
8.069500e+03 3.305684e+07 9.837181e+05 

7.636250e+03 3.167045e+07 1.447032e+06 
7.307100e+03 3.058712e+07 1.617271e+06 
7.731300e+03 3.159931e+07 1.284197e+06 
6.923700e+03 2.909244e+07 2.127989e+06 
7.650300e+03 3.150320e+07 1.532152e+06 
6.927400e+03 2.924613e+07 2.042869e+06 
6.963950e+03 2.959084e+07 1.872630e+06 
7.490500e+03 3.199537e+07 1.532152e+06 
7.230650e+03 3.040199e+07 1.702391e+06 
6.421700e+03 2.659492e+07 2.213108e+06 
6.931900e+03 2.901721e+07 2.042869e+06 
7.380350e+03 3.142314e+07 1.585351e+06 
7.183500e+03 3.022934e+07 1.755590e+06 
6.991950e+03 2.938098e+07 1.872630e+06 
6.965250e+03 2.940822e+07 1.872630e+06 
8.216950e+03 3.437568e+07 1.074634e+06 
6.940250e+03 2.929955e+07 1.957750e+06 
6.456650e+03 2.650800e+07 2.468467e+06 
7.681550e+03 3.212316e+07 1.361913e+06 
6.922150e+03 2.924825e+07 2.042869e+06 
7.700200e+03 3.166911e+07 1.435279e+06 
7.814900e+03 3.265662e+07 1.208656e+06 
7.579350e+03 3.164606e+07 1.532152e+06 
7.727550e+03 3.206260e+07 1.276793e+06 
7.644300e+03 3.154807e+07 1.447032e+06 

