8.811300e+03 3.543409e+07 9.345320e+05 
9.795300e+03 3.795703e+07 8.501059e+05 
9.817100e+03 3.782709e+07 8.501059e+05 
9.709050e+03 3.806002e+07 9.064920e+05 
7.899850e+03 3.218030e+07 1.284197e+06 
9.514000e+03 3.680988e+07 9.064920e+05 
7.636650e+03 3.105876e+07 1.361913e+06 
9.555800e+03 3.678225e+07 9.064920e+05 
8.826700e+03 3.525929e+07 9.568890e+05 
7.581650e+03 3.144232e+07 1.361913e+06 
8.845800e+03 3.537725e+07 9.345320e+05 
6.887100e+03 2.895573e+07 1.957750e+06 
6.653850e+03 2.743994e+07 2.213108e+06 
7.370050e+03 2.936179e+07 1.617271e+06 
9.784700e+03 3.801191e+07 8.937553e+05 
9.122700e+03 3.607735e+07 9.211174e+05 
6.972100e+03 2.890126e+07 2.042869e+06 
8.881200e+03 3.532545e+07 9.345320e+05 
8.682100e+03 3.457102e+07 9.568890e+05 
8.063650e+03 3.207473e+07 1.191674e+06 
7.520650e+03 3.050321e+07 1.435279e+06 
7.353150e+03 2.939335e+07 1.532152e+06 
6.973350e+03 2.885301e+07 1.957750e+06 
6.970550e+03 2.891058e+07 1.872630e+06 
7.112500e+03 3.008409e+07 1.617271e+06 
8.073900e+03 3.254610e+07 1.133115e+06 
7.152950e+03 2.866791e+07 1.702391e+06 
7.600900e+03 3.007811e+07 1.510820e+06 
7.448500e+03 3.025251e+07 1.447032e+06 
8.871000e+03 3.533180e+07 9.345320e+05 
6.833150e+03 2.857708e+07 2.042869e+06 
7.062700e+03 2.992909e+07 1.617271e+06 
7.363950e+03 2.921228e+07 1.702391e+06 
7.368150e+03 2.933516e+07 1.532152e+06 
7.245450e+03 3.031727e+07 1.532152e+06 
7.205550e+03 3.068318e+07 1.532152e+06 
9.644800e+03 3.718253e+07 8.511955e+05 
7.251350e+03 2.879588e+07 1.872630e+06 
7.644200e+03 3.093090e+07 1.361913e+06 
6.693750e+03 2.769813e+07 2.127989e+06 
7.192450e+03 3.033026e+07 1.447032e+06 
8.075650e+03 3.294811e+07 1.191674e+06 
6.995100e+03 2.975821e+07 1.787511e+06 
7.589350e+03 3.129967e+07 1.361913e+06 
7.293800e+03 2.912033e+07 1.617271e+06 
7.660800e+03 3.145275e+07 1.284197e+06 
7.596650e+03 3.159703e+07 1.361913e+06 
8.199450e+03 3.250726e+07 1.057574e+06 
8.059450e+03 3.273006e+07 1.133115e+06 
6.529450e+03 2.680566e+07 2.468467e+06 
8.162550e+03 3.233588e+07 1.133115e+06 
6.869150e+03 2.893429e+07 1.957750e+06 
7.620400e+03 3.101422e+07 1.359738e+06 
7.012300e+03 2.963033e+07 1.702391e+06 
8.069650e+03 3.287895e+07 1.057574e+06 
8.120450e+03 3.248219e+07 1.057574e+06 
6.964700e+03 2.893980e+07 1.872630e+06 
8.078950e+03 3.232980e+07 1.106554e+06 
7.617150e+03 3.098931e+07 1.361913e+06 
6.964250e+03 2.892726e+07 1.957750e+06 
7.212900e+03 2.917735e+07 1.617271e+06 
8.002200e+03 3.211527e+07 1.191674e+06 
6.907650e+03 2.821249e+07 2.127989e+06 
7.785200e+03 3.152792e+07 1.276793e+06 
9.455250e+03 3.685244e+07 9.363151e+05 
7.017850e+03 3.000266e+07 1.787511e+06 
7.593700e+03 3.118969e+07 1.361913e+06 
7.858050e+03 3.204838e+07 1.208656e+06 
8.158800e+03 3.231935e+07 1.106554e+06 
7.062450e+03 2.947070e+07 1.787511e+06 
7.313200e+03 2.943662e+07 1.532152e+06 
6.594050e+03 2.713455e+07 2.383347e+06 
6.605200e+03 2.708241e+07 2.298228e+06 
8.170950e+03 3.257727e+07 1.021435e+06 
6.616550e+03 2.714113e+07 2.298228e+06 
7.155000e+03 2.959798e+07 1.787511e+06 
7.508000e+03 3.069606e+07 1.435279e+06 
7.145650e+03 2.883806e+07 1.872630e+06 
6.823550e+03 2.834090e+07 2.127989e+06 
7.663850e+03 3.075597e+07 1.361913e+06 
7.241450e+03 3.068218e+07 1.447032e+06 
7.359550e+03 2.989307e+07 1.510820e+06 
8.080300e+03 3.225293e+07 1.133115e+06 
8.149150e+03 3.239046e+07 1.133115e+06 
6.520700e+03 2.679682e+07 2.468467e+06 
6.923400e+03 2.894938e+07 2.042869e+06 
6.912900e+03 2.913952e+07 1.872630e+06 
7.717850e+03 3.064853e+07 1.361913e+06 
7.945400e+03 3.251218e+07 1.191674e+06 
8.086800e+03 3.237209e+07 1.208656e+06 
7.431500e+03 2.953085e+07 1.510820e+06 
7.164750e+03 2.910667e+07 1.787511e+06 
7.944850e+03 3.266571e+07 1.191674e+06 
7.128950e+03 3.024447e+07 1.532152e+06 
6.903600e+03 2.848204e+07 2.042869e+06 
8.167700e+03 3.253104e+07 1.106554e+06 
7.371850e+03 3.125631e+07 1.435279e+06 
8.251050e+03 3.247350e+07 9.820330e+05 
6.973500e+03 2.902260e+07 1.872630e+06 
7.108800e+03 2.983041e+07 1.702391e+06 

9.137750e+03 3.681204e+07 9.064920e+05 
9.087050e+03 3.707905e+07 9.064920e+05 
9.175800e+03 3.693966e+07 9.043945e+05 
6.828200e+03 2.837961e+07 1.957750e+06 
9.172400e+03 3.677353e+07 8.511955e+05 
7.936450e+03 3.408801e+07 9.820330e+05 
6.757050e+03 2.812772e+07 2.127989e+06 
7.446450e+03 3.071079e+07 1.276793e+06 
7.293250e+03 3.011983e+07 1.447032e+06 
7.303800e+03 3.041755e+07 1.359738e+06 
7.339750e+03 3.035283e+07 1.359738e+06 
8.903800e+03 3.553984e+07 9.043945e+05 
8.885000e+03 3.578816e+07 9.064920e+05 
6.746350e+03 2.783114e+07 2.127989e+06 
6.745950e+03 2.824353e+07 2.127989e+06 
7.003300e+03 2.841543e+07 1.787511e+06 
6.930450e+03 2.844430e+07 1.787511e+06 
7.332300e+03 2.987973e+07 1.361913e+06 
6.892900e+03 2.839365e+07 1.787511e+06 
6.846100e+03 2.807368e+07 2.042869e+06 
7.034900e+03 2.832188e+07 1.957750e+06 
7.793450e+03 3.152157e+07 1.208656e+06 
7.256100e+03 3.023415e+07 1.447032e+06 
7.344550e+03 3.053739e+07 1.359738e+06 
6.745550e+03 2.767404e+07 2.298228e+06 
7.400600e+03 3.039394e+07 1.284197e+06 
7.332100e+03 3.026808e+07 1.361913e+06 
7.296950e+03 2.982244e+07 1.447032e+06 
6.730600e+03 2.814147e+07 2.213108e+06 
6.835950e+03 2.805323e+07 2.127989e+06 
7.034650e+03 2.823774e+07 1.702391e+06 
7.247750e+03 3.003298e+07 1.435279e+06 
6.759500e+03 2.779991e+07 2.213108e+06 
6.796800e+03 2.806686e+07 2.127989e+06 
7.957750e+03 3.401482e+07 9.895141e+05 
7.489100e+03 3.087272e+07 1.284197e+06 
6.781900e+03 2.811830e+07 2.127989e+06 
7.834550e+03 3.321466e+07 1.057574e+06 
6.939000e+03 2.843511e+07 1.702391e+06 
6.720200e+03 2.773887e+07 2.298228e+06 
7.433800e+03 3.002817e+07 1.361913e+06 
6.697400e+03 2.783702e+07 2.298228e+06 
6.745050e+03 2.834073e+07 2.127989e+06 
7.345300e+03 3.003482e+07 1.359738e+06 
6.978000e+03 2.820987e+07 1.872630e+06 
7.858000e+03 3.350818e+07 1.021435e+06 
7.296100e+03 3.066783e+07 1.361913e+06 
7.518650e+03 3.101294e+07 1.276793e+06 
6.950150e+03 2.842991e+07 1.787511e+06 
7.694550e+03 3.224632e+07 1.106554e+06 
6.692950e+03 2.762518e+07 2.383347e+06 
9.106450e+03 3.760179e+07 9.043945e+05 
7.966650e+03 3.335638e+07 9.820330e+05 
6.980900e+03 2.837045e+07 1.787511e+06 
7.874650e+03 3.351290e+07 1.021435e+06 
6.885000e+03 2.827885e+07 1.872630e+06 
8.133550e+03 3.475369e+07 9.166462e+05 
7.866350e+03 3.338753e+07 1.057574e+06 
7.278000e+03 2.964390e+07 1.489592e+06 
7.782100e+03 3.251284e+07 1.106554e+06 
6.716650e+03 2.786401e+07 2.213108e+06 
7.829550e+03 3.312774e+07 1.074634e+06 
6.759450e+03 2.796262e+07 2.213108e+06 
9.327850e+03 3.752780e+07 8.309510e+05 
7.319950e+03 3.008618e+07 1.447032e+06 
9.181650e+03 3.728294e+07 8.412954e+05 
7.294700e+03 2.995298e+07 1.447032e+06 
7.768300e+03 3.140717e+07 1.208656e+06 
6.670650e+03 2.779827e+07 2.298228e+06 
6.857250e+03 2.799025e+07 2.127989e+06 
6.926050e+03 2.832659e+07 1.957750e+06 
7.148700e+03 2.977478e+07 1.532152e+06 
6.818400e+03 2.823693e+07 1.957750e+06 
8.115150e+03 3.466094e+07 9.166462e+05 
9.118200e+03 3.725795e+07 9.043945e+05 
6.751850e+03 2.803615e+07 2.042869e+06 
6.789000e+03 2.802460e+07 2.042869e+06 
9.284050e+03 3.769779e+07 8.309510e+05 
7.204000e+03 2.946767e+07 1.532152e+06 
7.296700e+03 3.027123e+07 1.361913e+06 
6.993250e+03 2.856183e+07 1.617271e+06 
7.359600e+03 2.982104e+07 1.447032e+06 
6.788900e+03 2.816419e+07 2.042869e+06 
7.891400e+03 3.339207e+07 1.021435e+06 
9.366950e+03 3.813414e+07 8.309510e+05 
6.680700e+03 2.776389e+07 2.298228e+06 
6.953800e+03 2.839390e+07 1.872630e+06 
7.714550e+03 3.093143e+07 1.244873e+06 
7.274100e+03 3.026524e+07 1.361913e+06 
6.973750e+03 2.846163e+07 1.702391e+06 
7.761350e+03 3.283617e+07 1.159753e+06 
7.112200e+03 2.906464e+07 1.532152e+06 
6.829450e+03 2.800322e+07 1.957750e+06 
6.740250e+03 2.756587e+07 2.298228e+06 
7.201700e+03 3.008151e+07 1.447032e+06 
6.750000e+03 2.794907e+07 2.255668e+06 
6.695850e+03 2.773569e+07 2.383347e+06 
8.003050e+03 3.384230e+07 9.820330e+05 
7.273250e+03 2.997066e+07 1.447032e+06 
6.809200e+03 2.791644e+07 2.213108e+06 

9.529550e+03 4.191879e+07 8.511955e+05 
9.631150e+03 4.086740e+07 9.064920e+05 
7.311000e+03 3.077720e+07 1.435279e+06 
9.527600e+03 4.213312e+07 8.511955e+05 
7.389950e+03 3.048396e+07 1.435279e+06 
9.546350e+03 4.195674e+07 9.064920e+05 
7.247600e+03 3.027118e+07 1.447032e+06 
8.380950e+03 3.351713e+07 9.121750e+05 
8.389400e+03 3.293077e+07 1.006075e+06 
9.508250e+03 4.238434e+07 8.309510e+05 
8.375750e+03 3.497582e+07 9.820330e+05 
7.332950e+03 3.058620e+07 1.361913e+06 
7.523450e+03 3.032066e+07 1.361913e+06 
7.788400e+03 3.237893e+07 1.106554e+06 
7.822200e+03 3.175565e+07 1.057574e+06 
7.714350e+03 3.271345e+07 1.191674e+06 
7.721950e+03 3.232095e+07 1.191674e+06 
6.587150e+03 2.740065e+07 2.468467e+06 
6.519800e+03 2.714905e+07 2.553587e+06 
7.554600e+03 3.043571e+07 1.276793e+06 
6.537000e+03 2.727472e+07 2.468467e+06 
7.137200e+03 2.963128e+07 1.617271e+06 
9.120500e+03 3.571801e+07 9.064920e+05 
7.106200e+03 2.944801e+07 1.702391e+06 
7.802750e+03 3.127300e+07 1.208656e+06 
7.767000e+03 3.181743e+07 1.133115e+06 
6.728250e+03 2.802074e+07 2.127989e+06 
6.892250e+03 2.860170e+07 1.872630e+06 
6.721050e+03 2.820883e+07 2.127989e+06 
7.884650e+03 3.209455e+07 1.057574e+06 
6.726650e+03 2.791462e+07 2.213108e+06 
9.358900e+03 4.208279e+07 8.788104e+05 
6.884950e+03 2.873778e+07 1.872630e+06 
7.660400e+03 3.263990e+07 1.191674e+06 
8.300500e+03 3.330514e+07 9.363151e+05 
6.768450e+03 2.766481e+07 2.213108e+06 
8.155250e+03 3.335055e+07 9.363151e+05 
6.557300e+03 2.726279e+07 2.553587e+06 
7.706500e+03 3.214552e+07 1.208656e+06 
6.667250e+03 2.761583e+07 2.298228e+06 
7.972700e+03 3.229556e+07 1.021435e+06 
7.465250e+03 3.059970e+07 1.415112e+06 
6.755900e+03 2.782069e+07 2.213108e+06 
6.599350e+03 2.757965e+07 2.383347e+06 
6.600250e+03 2.737575e+07 2.383347e+06 
7.755500e+03 3.179911e+07 1.191674e+06 
7.930050e+03 3.225490e+07 1.021435e+06 
7.358650e+03 3.051570e+07 1.435279e+06 
6.741450e+03 2.803801e+07 1.957750e+06 
7.743250e+03 3.226255e+07 1.191674e+06 
6.671650e+03 2.768077e+07 2.298228e+06 
8.937400e+03 3.736173e+07 8.629888e+05 
6.770200e+03 2.789320e+07 2.213108e+06 
6.721500e+03 2.791305e+07 2.127989e+06 
7.355550e+03 3.056952e+07 1.435279e+06 
7.668950e+03 3.093431e+07 1.329992e+06 
9.723600e+03 4.105599e+07 8.511955e+05 
7.315600e+03 3.075088e+07 1.361913e+06 
6.719850e+03 2.806215e+07 2.042869e+06 
7.775100e+03 3.235403e+07 1.133115e+06 
6.772250e+03 2.763010e+07 2.042869e+06 
6.618950e+03 2.751005e+07 2.383347e+06 
6.714250e+03 2.831936e+07 2.213108e+06 
7.121450e+03 2.983577e+07 1.532152e+06 
7.167250e+03 2.985275e+07 1.532152e+06 
6.645300e+03 2.765179e+07 2.298228e+06 
6.659700e+03 2.809943e+07 2.298228e+06 
7.808700e+03 3.181293e+07 1.133115e+06 
6.549200e+03 2.732925e+07 2.553587e+06 
7.572900e+03 3.045901e+07 1.500231e+06 
7.124850e+03 2.982159e+07 1.617271e+06 
7.597200e+03 3.044168e+07 1.361913e+06 
9.866200e+03 4.054003e+07 8.511955e+05 
7.141700e+03 2.968043e+07 1.702391e+06 
7.362700e+03 3.056679e+07 1.361913e+06 
7.786600e+03 3.134797e+07 1.208656e+06 
8.186500e+03 3.313774e+07 9.820330e+05 
9.955700e+03 4.017627e+07 8.406318e+05 
7.338400e+03 3.069479e+07 1.435279e+06 
7.165600e+03 2.963006e+07 1.702391e+06 
6.971300e+03 2.913070e+07 1.787511e+06 
6.678100e+03 2.799859e+07 2.213108e+06 
7.170350e+03 2.980041e+07 1.617271e+06 
7.784350e+03 3.135151e+07 1.208656e+06 
7.455100e+03 3.039779e+07 1.361913e+06 
6.673250e+03 2.764663e+07 2.298228e+06 
7.250650e+03 3.005605e+07 1.447032e+06 
7.090800e+03 2.948282e+07 1.702391e+06 
6.733050e+03 2.830982e+07 1.957750e+06 
9.765650e+03 4.065501e+07 8.309510e+05 
7.666450e+03 3.136222e+07 1.208656e+06 
6.758450e+03 2.780957e+07 2.213108e+06 
6.586050e+03 2.725285e+07 2.468467e+06 
7.757700e+03 3.268129e+07 1.133115e+06 
7.729550e+03 3.286591e+07 1.133115e+06 
7.804800e+03 3.181783e+07 1.133115e+06 
1.016665e+04 4.007947e+07 8.511955e+05 
8.171950e+03 3.365288e+07 9.121750e+05 
7.068000e+03 2.937355e+07 1.787511e+06 
6.709350e+03 2.797395e+07 2.127989e+06 

8.737200e+03 3.676385e+07 9.043945e+05 
8.682500e+03 3.602663e+07 9.064920e+05 
8.743650e+03 3.632264e+07 8.764034e+05 
8.059250e+03 3.358559e+07 1.133115e+06 
7.862150e+03 3.315451e+07 1.191674e+06 
7.730850e+03 3.172626e+07 1.244873e+06 
8.079000e+03 3.439892e+07 1.106554e+06 
8.026050e+03 3.388745e+07 1.159753e+06 
6.724050e+03 2.795840e+07 2.042869e+06 
7.834750e+03 3.328628e+07 1.191674e+06 
8.022400e+03 3.349098e+07 1.276793e+06 
7.259450e+03 2.968515e+07 1.447032e+06 
7.174450e+03 3.080078e+07 1.361913e+06 
8.650800e+03 3.653759e+07 9.820330e+05 
6.796750e+03 2.840751e+07 1.787511e+06 
7.185900e+03 3.072006e+07 1.359738e+06 
8.146300e+03 3.468303e+07 1.057574e+06 
7.262050e+03 3.006797e+07 1.276793e+06 
7.233650e+03 2.972462e+07 1.447032e+06 
8.133400e+03 3.471174e+07 1.106554e+06 
7.826000e+03 3.322229e+07 1.208656e+06 
6.345050e+03 2.613072e+07 2.383347e+06 
8.121750e+03 3.263638e+07 1.191674e+06 
8.664500e+03 3.594015e+07 9.363151e+05 
8.640700e+03 3.616022e+07 9.363151e+05 
6.986750e+03 2.983206e+07 1.510820e+06 
6.386850e+03 2.587994e+07 2.468467e+06 
7.204550e+03 3.069972e+07 1.435279e+06 
8.436850e+03 3.533785e+07 9.820330e+05 
7.097300e+03 2.936489e+07 1.532152e+06 
6.666700e+03 2.743119e+07 2.042869e+06 
6.992900e+03 2.985411e+07 1.532152e+06 
8.250800e+03 3.255802e+07 1.191674e+06 
6.401350e+03 2.651518e+07 2.213108e+06 
6.989550e+03 2.960998e+07 1.617271e+06 
7.892750e+03 3.302357e+07 1.191674e+06 
6.746250e+03 2.788233e+07 2.042869e+06 
8.402500e+03 3.327751e+07 1.057574e+06 
6.714250e+03 2.808352e+07 1.957750e+06 
7.339800e+03 3.026926e+07 1.415112e+06 
7.095800e+03 2.928912e+07 1.617271e+06 
7.131150e+03 2.901823e+07 1.617271e+06 
6.622650e+03 2.737886e+07 2.213108e+06 
7.051850e+03 2.918103e+07 1.670470e+06 
6.336200e+03 2.597189e+07 2.468467e+06 
6.413100e+03 2.582624e+07 2.468467e+06 
8.346800e+03 3.506243e+07 1.021435e+06 
6.910900e+03 2.950931e+07 1.532152e+06 
6.349700e+03 2.594584e+07 2.468467e+06 
7.018700e+03 2.962181e+07 1.532152e+06 
8.127300e+03 3.397740e+07 1.106554e+06 
6.910250e+03 2.904591e+07 1.617271e+06 
8.693200e+03 3.614414e+07 9.820330e+05 
8.898250e+03 3.448136e+07 1.021435e+06 
8.065700e+03 3.441452e+07 1.106554e+06 
6.802750e+03 2.828240e+07 1.702391e+06 
6.773050e+03 2.787106e+07 2.042869e+06 
7.146750e+03 2.932668e+07 1.532152e+06 
8.193350e+03 3.515457e+07 1.021435e+06 
6.358050e+03 2.601818e+07 2.298228e+06 
7.225600e+03 2.997041e+07 1.447032e+06 
6.469650e+03 2.602249e+07 2.383347e+06 
6.583650e+03 2.717183e+07 2.127989e+06 
6.318100e+03 2.593140e+07 2.553587e+06 
8.334750e+03 3.281969e+07 1.133115e+06 
6.580550e+03 2.760923e+07 2.213108e+06 
7.987500e+03 3.394839e+07 1.191674e+06 
7.841850e+03 3.284301e+07 1.208656e+06 
8.312200e+03 3.326356e+07 1.208656e+06 
6.681100e+03 2.759719e+07 2.127989e+06 
7.332450e+03 3.033406e+07 1.361913e+06 
8.239650e+03 3.292863e+07 1.133115e+06 
6.834300e+03 2.802128e+07 1.957750e+06 
6.338650e+03 2.620790e+07 2.383347e+06 
6.744200e+03 2.832068e+07 1.872630e+06 
6.853600e+03 2.815780e+07 1.787511e+06 
6.707550e+03 2.769217e+07 1.957750e+06 
6.731600e+03 2.799294e+07 1.872630e+06 
8.681700e+03 3.572868e+07 9.363151e+05 
6.609850e+03 2.771232e+07 2.127989e+06 
7.262850e+03 2.979017e+07 1.447032e+06 
8.560150e+03 3.616859e+07 9.363151e+05 
6.315700e+03 2.577484e+07 2.553587e+06 
8.103200e+03 3.295828e+07 1.191674e+06 
6.723700e+03 2.764577e+07 1.957750e+06 
6.935950e+03 2.944984e+07 1.532152e+06 
7.055650e+03 2.980728e+07 1.447032e+06 
7.331600e+03 3.068267e+07 1.361913e+06 
7.126800e+03 2.949666e+07 1.532152e+06 
7.228500e+03 2.993827e+07 1.361913e+06 
8.280100e+03 3.513737e+07 1.021435e+06 
6.337650e+03 2.619212e+07 2.468467e+06 
6.384200e+03 2.586174e+07 2.553587e+06 
7.172600e+03 3.079609e+07 1.361913e+06 
6.658550e+03 2.778548e+07 2.042869e+06 
6.706450e+03 2.780985e+07 1.957750e+06 
6.347550e+03 2.583461e+07 2.468467e+06 
6.379350e+03 2.599772e+07 2.383347e+06 
8.300400e+03 3.296549e+07 1.276793e+06 
6.790300e+03 2.792499e+07 1.872630e+06 

7.145150e+03 3.006164e+07 1.574712e+06 
7.152850e+03 2.982736e+07 1.532152e+06 
8.274500e+03 3.387792e+07 9.558168e+05 
7.220250e+03 2.978469e+07 1.532152e+06 
7.138200e+03 2.982327e+07 1.659831e+06 
7.759600e+03 3.151224e+07 1.284197e+06 
7.885450e+03 3.219791e+07 1.149114e+06 
8.209650e+03 3.364616e+07 1.021435e+06 
8.152400e+03 3.370779e+07 1.063994e+06 
6.858650e+03 2.909770e+07 2.000309e+06 
7.531000e+03 3.074550e+07 1.447032e+06 
7.239200e+03 3.011442e+07 1.447032e+06 
7.705100e+03 3.133539e+07 1.208656e+06 
6.868950e+03 2.821124e+07 1.957750e+06 
6.854250e+03 2.858914e+07 2.042869e+06 
6.860300e+03 2.820477e+07 1.915190e+06 
6.990050e+03 2.847526e+07 1.787511e+06 
6.915250e+03 2.839325e+07 1.915190e+06 
8.308150e+03 3.482941e+07 8.511955e+05 
6.870950e+03 2.813923e+07 1.915190e+06 
6.920750e+03 2.908598e+07 1.787511e+06 
7.143100e+03 2.977615e+07 1.510820e+06 
7.138050e+03 2.983686e+07 1.510820e+06 
6.845300e+03 2.826727e+07 2.170549e+06 
6.931150e+03 2.838063e+07 1.830070e+06 
6.980450e+03 2.944581e+07 1.659831e+06 
7.780650e+03 3.164465e+07 1.191674e+06 
7.773200e+03 3.161749e+07 1.191674e+06 
6.927250e+03 2.840891e+07 1.830070e+06 
8.468000e+03 3.543713e+07 9.064920e+05 
6.861400e+03 2.812317e+07 2.170549e+06 
8.116800e+03 3.393596e+07 9.788749e+05 
8.273100e+03 3.509351e+07 8.511955e+05 
8.168400e+03 3.418761e+07 9.363151e+05 
7.425250e+03 3.059892e+07 1.361913e+06 
6.536750e+03 2.693037e+07 2.553587e+06 
6.687350e+03 2.727293e+07 2.213108e+06 
7.085150e+03 2.984199e+07 1.574712e+06 
7.546200e+03 3.178155e+07 1.284197e+06 
6.576050e+03 2.700492e+07 2.298228e+06 
6.996750e+03 2.858880e+07 1.872630e+06 
6.867450e+03 2.880618e+07 1.872630e+06 
6.541600e+03 2.702353e+07 2.553587e+06 
6.903950e+03 2.860222e+07 1.872630e+06 
7.014200e+03 2.863338e+07 1.787511e+06 
6.873650e+03 2.812690e+07 1.915190e+06 
7.775050e+03 3.243187e+07 1.133115e+06 
6.525850e+03 2.707714e+07 2.553587e+06 
7.784650e+03 3.236614e+07 1.159753e+06 
6.528450e+03 2.693123e+07 2.468467e+06 
7.697900e+03 3.218178e+07 1.276793e+06 
8.241350e+03 3.437772e+07 9.064920e+05 
6.648750e+03 2.699152e+07 2.383347e+06 
6.871000e+03 2.812977e+07 2.000309e+06 
8.216850e+03 3.405894e+07 9.363151e+05 
6.849200e+03 2.819729e+07 2.000309e+06 
6.545300e+03 2.714005e+07 2.468467e+06 
7.315250e+03 3.031676e+07 1.435279e+06 
6.669600e+03 2.707190e+07 2.213108e+06 
6.996750e+03 2.951426e+07 1.586361e+06 
6.659700e+03 2.713340e+07 2.213108e+06 
6.817100e+03 2.816092e+07 2.085429e+06 
7.935000e+03 3.403497e+07 1.021435e+06 
6.626750e+03 2.725977e+07 2.383347e+06 
8.375450e+03 3.559310e+07 8.451031e+05 
8.092050e+03 3.385116e+07 1.057574e+06 
7.749400e+03 3.181025e+07 1.191674e+06 
6.752900e+03 2.818215e+07 2.085429e+06 
6.634000e+03 2.693285e+07 2.298228e+06 
7.975750e+03 3.365778e+07 1.021435e+06 
6.850950e+03 2.883025e+07 1.957750e+06 
6.904350e+03 2.894393e+07 1.787511e+06 
8.054100e+03 3.362180e+07 1.106554e+06 
8.120100e+03 3.383046e+07 9.820330e+05 
6.960200e+03 2.942935e+07 1.744951e+06 
7.494750e+03 3.133523e+07 1.359738e+06 
6.995050e+03 2.914828e+07 1.702391e+06 
7.743800e+03 3.155207e+07 1.276793e+06 
7.986100e+03 3.243911e+07 1.106554e+06 
7.740800e+03 3.131795e+07 1.208656e+06 
7.094000e+03 2.969875e+07 1.574712e+06 
6.797050e+03 2.839955e+07 2.042869e+06 
7.230500e+03 3.008044e+07 1.510820e+06 
6.642400e+03 2.713223e+07 2.298228e+06 
6.911150e+03 2.852875e+07 1.830070e+06 
8.036450e+03 3.426657e+07 9.820330e+05 
6.550400e+03 2.703456e+07 2.468467e+06 
7.469250e+03 3.080015e+07 1.359738e+06 
6.982300e+03 2.867134e+07 1.702391e+06 
6.975100e+03 2.908133e+07 1.702391e+06 
6.794650e+03 2.849919e+07 2.042869e+06 
6.988750e+03 2.836890e+07 1.915190e+06 
7.872200e+03 3.245934e+07 1.057574e+06 
7.137150e+03 2.997267e+07 1.510820e+06 
7.999150e+03 3.404961e+07 1.106554e+06 
6.548200e+03 2.693804e+07 2.553587e+06 
8.066050e+03 3.421745e+07 9.363151e+05 
6.860150e+03 2.824145e+07 1.915190e+06 
6.882250e+03 2.853888e+07 1.915190e+06 
6.557700e+03 2.698215e+07 2.468467e+06 

9.756050e+03 4.205172e+07 8.585176e+05 
9.789050e+03 4.148712e+07 8.585176e+05 
7.226700e+03 2.907111e+07 1.489592e+06 
7.246500e+03 2.934737e+07 1.435279e+06 
8.617800e+03 3.539247e+07 8.764034e+05 
7.305450e+03 2.922598e+07 1.435279e+06 
6.761250e+03 2.800166e+07 1.787511e+06 
7.386900e+03 3.156088e+07 1.149114e+06 
9.788350e+03 4.173874e+07 8.585176e+05 
8.561800e+03 3.530614e+07 8.937553e+05 
6.763500e+03 2.772206e+07 1.787511e+06 
7.103400e+03 2.904941e+07 1.404473e+06 
7.167450e+03 2.888979e+07 1.435279e+06 
8.787100e+03 3.600675e+07 9.019924e+05 
7.320650e+03 3.121560e+07 1.319353e+06 
6.732600e+03 2.760606e+07 1.787511e+06 
7.450200e+03 3.165860e+07 1.191674e+06 
7.390650e+03 3.117360e+07 1.133115e+06 
7.189400e+03 2.942040e+07 1.404473e+06 
8.553700e+03 3.459953e+07 9.479465e+05 
8.385250e+03 3.449443e+07 9.363151e+05 
7.118550e+03 3.035803e+07 1.359738e+06 
6.882100e+03 2.780616e+07 1.574712e+06 
7.212300e+03 2.908780e+07 1.361913e+06 
8.355600e+03 3.440127e+07 9.820330e+05 
8.395200e+03 3.435320e+07 9.788749e+05 
8.582450e+03 3.506716e+07 9.363151e+05 
7.187000e+03 3.098838e+07 1.208656e+06 
7.317450e+03 3.147397e+07 1.284197e+06 
7.098400e+03 3.012338e+07 1.361913e+06 
6.743700e+03 2.792963e+07 1.702391e+06 
8.342000e+03 3.462569e+07 9.064920e+05 
6.543150e+03 2.699645e+07 2.042869e+06 
6.773050e+03 2.815135e+07 1.702391e+06 
8.204350e+03 3.431259e+07 1.021435e+06 
6.506250e+03 2.704152e+07 2.213108e+06 
6.461400e+03 2.672219e+07 2.298228e+06 
7.046900e+03 2.987259e+07 1.361913e+06 
6.908150e+03 2.780724e+07 1.532152e+06 
8.170650e+03 3.411673e+07 9.820330e+05 
6.533250e+03 2.693840e+07 2.213108e+06 
6.959850e+03 2.813213e+07 1.532152e+06 
6.893500e+03 2.797906e+07 1.617271e+06 
1.000530e+04 4.058418e+07 8.585176e+05 
6.572650e+03 2.708891e+07 2.042869e+06 
6.816300e+03 2.848447e+07 1.617271e+06 
6.783850e+03 2.779333e+07 1.702391e+06 
6.565400e+03 2.697847e+07 2.213108e+06 
6.551350e+03 2.702336e+07 2.213108e+06 
8.323950e+03 3.491656e+07 9.064920e+05 
6.657750e+03 2.714216e+07 1.872630e+06 
8.514600e+03 3.439140e+07 9.363151e+05 
6.584050e+03 2.692447e+07 2.127989e+06 
6.625600e+03 2.707810e+07 2.042869e+06 
6.952150e+03 2.824117e+07 1.574712e+06 
9.851150e+03 4.131273e+07 8.585176e+05 
7.479450e+03 3.161918e+07 1.133115e+06 
6.688350e+03 2.723780e+07 1.957750e+06 
9.999250e+03 4.107997e+07 8.585176e+05 
6.513500e+03 2.704027e+07 2.213108e+06 
6.689500e+03 2.725032e+07 1.872630e+06 
6.980750e+03 2.839961e+07 1.510820e+06 
8.977450e+03 3.884826e+07 8.629888e+05 
7.190200e+03 2.912423e+07 1.359738e+06 
7.121900e+03 3.018031e+07 1.284197e+06 
9.049150e+03 3.884179e+07 8.629888e+05 
6.613200e+03 2.710811e+07 1.957750e+06 
7.199900e+03 2.923250e+07 1.489592e+06 
7.247600e+03 2.926925e+07 1.404473e+06 
6.767300e+03 2.773519e+07 1.702391e+06 
9.701450e+03 4.148204e+07 8.641580e+05 
6.769550e+03 2.783970e+07 1.617271e+06 
7.278700e+03 3.060798e+07 1.208656e+06 
7.677950e+03 3.193162e+07 1.057574e+06 
7.669950e+03 3.158093e+07 1.106554e+06 
6.953050e+03 2.829963e+07 1.532152e+06 
7.842600e+03 3.308497e+07 1.106554e+06 
6.816650e+03 2.812722e+07 1.532152e+06 
6.870650e+03 2.796959e+07 1.532152e+06 
9.768150e+03 4.174489e+07 8.585176e+05 
6.758300e+03 2.786209e+07 1.617271e+06 
7.045150e+03 2.868900e+07 1.447032e+06 
7.138250e+03 3.007181e+07 1.284197e+06 
6.891600e+03 2.787786e+07 1.532152e+06 
6.488100e+03 2.686717e+07 2.298228e+06 
6.821150e+03 2.798355e+07 1.617271e+06 
6.540350e+03 2.694612e+07 2.127989e+06 
7.313250e+03 3.109756e+07 1.191674e+06 
6.870200e+03 2.805352e+07 1.532152e+06 
8.464150e+03 3.472522e+07 9.788749e+05 
7.364400e+03 3.108740e+07 1.191674e+06 
6.903300e+03 2.813801e+07 1.510820e+06 
7.426150e+03 2.976829e+07 1.284197e+06 
6.887650e+03 2.836046e+07 1.532152e+06 
7.407200e+03 3.102449e+07 1.208656e+06 
7.575450e+03 3.183125e+07 1.106554e+06 
7.249200e+03 3.058933e+07 1.276793e+06 
7.400300e+03 3.107155e+07 1.191674e+06 
6.607950e+03 2.716761e+07 1.957750e+06 
8.928300e+03 3.788959e+07 8.987604e+05 

