3.361427e+02 5.606267e+07 5.136218e+06 
3.591744e+02 5.493915e+07 5.353240e+06 
3.243356e+02 6.529171e+07 3.737622e+06 
3.601151e+02 6.224086e+07 3.351803e+06 
3.651752e+02 5.610994e+07 4.750398e+06 
2.713744e+02 6.122495e+07 5.232672e+06 
3.731047e+02 5.535742e+07 5.256786e+06 
2.901782e+02 6.728460e+07 4.509260e+06 
2.923327e+02 6.605663e+07 4.316351e+06 
3.375473e+02 6.040429e+07 4.702170e+06 
3.199373e+02 5.439261e+07 5.739060e+06 
3.433964e+02 6.194825e+07 3.544712e+06 
2.574890e+02 5.675072e+07 6.366015e+06 
3.544001e+02 5.407400e+07 5.449695e+06 
3.561525e+02 6.322642e+07 3.158893e+06 
3.515393e+02 5.612703e+07 4.750398e+06 
2.330200e+02 6.038564e+07 6.173105e+06 
2.325069e+02 5.872876e+07 6.245447e+06 
2.583486e+02 5.656142e+07 6.245447e+06 
3.180180e+02 6.652518e+07 3.930532e+06 
2.424160e+02 5.811638e+07 5.835514e+06 
3.390570e+02 6.285227e+07 3.351803e+06 
2.482053e+02 5.743875e+07 6.245447e+06 
2.488079e+02 5.941889e+07 5.546150e+06 
3.279813e+02 5.431058e+07 6.124879e+06 
3.604247e+02 5.368993e+07 5.449695e+06 
2.372411e+02 5.840509e+07 6.148992e+06 
2.443630e+02 5.772277e+07 6.366015e+06 
2.497487e+02 5.729749e+07 6.366015e+06 
2.862898e+02 6.556032e+07 4.702170e+06 
2.781732e+02 5.579024e+07 6.245447e+06 
3.388664e+02 6.643367e+07 3.158893e+06 
2.610510e+02 5.634805e+07 6.245447e+06 
3.050967e+02 5.509628e+07 5.739060e+06 
2.528946e+02 5.683111e+07 6.245447e+06 
2.384958e+02 5.943227e+07 5.907856e+06 
3.512867e+02 5.555598e+07 5.136218e+06 
2.400089e+02 5.817120e+07 6.245447e+06 
3.323424e+02 6.660220e+07 3.351803e+06 
3.132034e+02 5.442995e+07 5.931969e+06 
2.967608e+02 5.558100e+07 5.811401e+06 
2.467921e+02 5.836496e+07 5.642605e+06 
3.272510e+02 6.640485e+07 3.544712e+06 
2.508254e+02 5.721579e+07 6.245447e+06 
3.013418e+02 5.536981e+07 6.052537e+06 
2.571752e+02 6.104800e+07 5.425582e+06 
2.846704e+02 6.342303e+07 5.087989e+06 
2.316380e+02 5.956944e+07 6.486583e+06 
2.630404e+02 5.598383e+07 6.245447e+06 
3.482569e+02 6.079887e+07 4.629828e+06 

3.235999e+02 6.207906e+07 4.422854e+06 
3.000293e+02 5.614174e+07 6.004309e+06 
3.520501e+02 6.322407e+07 4.256737e+06 
3.369907e+02 6.484399e+07 3.375916e+06 
3.586676e+02 5.728445e+07 4.919193e+06 
2.628387e+02 5.775356e+07 6.004309e+06 
3.011872e+02 5.608869e+07 6.004309e+06 
3.191803e+02 5.596694e+07 5.811399e+06 
3.493213e+02 5.534401e+07 5.425580e+06 
2.930010e+02 5.686207e+07 6.004309e+06 
3.397194e+02 6.865801e+07 3.281067e+06 
2.805232e+02 6.685285e+07 4.533374e+06 
3.439120e+02 6.343898e+07 3.954645e+06 
3.221855e+02 6.627357e+07 3.472371e+06 
3.111420e+02 6.716643e+07 3.761735e+06 
2.528609e+02 5.905637e+07 6.052537e+06 
2.761872e+02 5.723874e+07 6.004309e+06 
3.248388e+02 5.551684e+07 5.811399e+06 
2.856243e+02 5.698091e+07 6.004309e+06 
3.600530e+02 5.579299e+07 5.039761e+06 
3.591594e+02 5.544811e+07 5.232670e+06 
3.156252e+02 6.876089e+07 3.568826e+06 
3.325030e+02 6.102131e+07 4.605715e+06 
2.480784e+02 5.940936e+07 6.293673e+06 
3.417146e+02 6.355116e+07 3.924504e+06 
2.710604e+02 5.747428e+07 6.004309e+06 
3.302617e+02 6.646933e+07 3.375916e+06 
2.966572e+02 5.679296e+07 6.004309e+06 
2.574294e+02 5.891762e+07 6.173105e+06 
3.323482e+02 5.547852e+07 6.004309e+06 
3.564641e+02 6.711165e+07 3.279461e+06 
3.199465e+02 6.210355e+07 4.412806e+06 
2.864685e+02 6.571637e+07 4.412806e+06 
3.534720e+02 6.400814e+07 3.592271e+06 
3.457726e+02 6.434106e+07 3.568826e+06 
2.625407e+02 6.424619e+07 4.991534e+06 
2.450161e+02 6.069144e+07 6.173105e+06 
2.567444e+02 6.536846e+07 5.184444e+06 
2.916836e+02 6.575413e+07 4.200603e+06 
2.446061e+02 5.969944e+07 6.293673e+06 
3.452677e+02 5.544220e+07 5.811399e+06 
3.033522e+02 6.817501e+07 3.866226e+06 
3.149797e+02 5.692123e+07 5.690831e+06 
2.945290e+02 5.683189e+07 6.004309e+06 
2.538212e+02 6.496906e+07 5.377354e+06 
2.437373e+02 6.003176e+07 6.293673e+06 
2.738017e+02 6.701465e+07 4.726283e+06 
3.247567e+02 6.139152e+07 4.533374e+06 
3.506884e+02 6.369545e+07 3.761735e+06 
2.751866e+02 5.726671e+07 6.004309e+06 

2.797755e+02 5.822356e+07 5.787286e+06 
2.527237e+02 6.058560e+07 6.366015e+06 
3.826080e+02 6.064634e+07 3.134780e+06 
2.660995e+02 5.932538e+07 5.763173e+06 
2.550544e+02 5.965766e+07 5.980196e+06 
3.354653e+02 5.818385e+07 4.774512e+06 
2.478865e+02 6.122649e+07 6.269560e+06 
2.610615e+02 5.943305e+07 6.173105e+06 
2.699059e+02 5.876910e+07 5.883741e+06 
3.848834e+02 5.968754e+07 3.400031e+06 
3.618622e+02 6.010876e+07 3.327690e+06 
2.853222e+02 5.820385e+07 5.883741e+06 
3.157731e+02 5.795793e+07 5.063876e+06 
2.781009e+02 5.833428e+07 5.763173e+06 
2.481266e+02 6.226457e+07 5.956082e+06 
2.515182e+02 6.114448e+07 5.473808e+06 
2.809366e+02 6.539986e+07 4.412806e+06 
3.372589e+02 6.521043e+07 3.014212e+06 
2.816636e+02 6.329764e+07 4.319032e+06 
3.283642e+02 5.729429e+07 4.967421e+06 
3.161587e+02 6.437213e+07 3.641167e+06 
2.725642e+02 5.871571e+07 6.004309e+06 
2.535331e+02 6.042006e+07 5.859628e+06 
2.500187e+02 6.161348e+07 5.666718e+06 
2.793717e+02 6.685999e+07 4.798625e+06 
3.831878e+02 6.058918e+07 3.239274e+06 
3.298518e+02 6.433916e+07 3.134780e+06 
2.900084e+02 6.220377e+07 3.906418e+06 
3.201707e+02 6.411139e+07 3.424144e+06 
3.200259e+02 5.750883e+07 5.256786e+06 
2.472441e+02 6.362957e+07 6.052537e+06 
3.211128e+02 6.405545e+07 3.327690e+06 
3.098681e+02 6.507106e+07 3.809964e+06 
2.669146e+02 6.311683e+07 4.967421e+06 
2.453136e+02 6.176789e+07 6.269560e+06 
3.749421e+02 6.163230e+07 2.907041e+06 
3.171045e+02 5.786519e+07 5.256786e+06 
3.798759e+02 6.060696e+07 3.156215e+06 
3.310525e+02 5.912614e+07 4.581602e+06 
2.724661e+02 6.401930e+07 4.895080e+06 
3.227967e+02 6.465046e+07 3.255348e+06 
2.769376e+02 5.857722e+07 5.883741e+06 
2.580414e+02 6.431976e+07 5.256786e+06 
2.623715e+02 6.261054e+07 5.160331e+06 
2.539579e+02 6.028338e+07 5.787286e+06 
3.839913e+02 6.083596e+07 2.990099e+06 
2.905574e+02 6.040809e+07 4.319032e+06 
3.181308e+02 6.289086e+07 3.571507e+06 
2.496550e+02 6.091367e+07 5.859628e+06 
2.832413e+02 6.271623e+07 4.099328e+06 

2.783065e+02 5.639418e+07 6.486583e+06 
3.152856e+02 5.441196e+07 6.052537e+06 
3.344206e+02 5.384964e+07 6.052537e+06 
3.543154e+02 5.376119e+07 5.859628e+06 
2.949965e+02 6.219493e+07 4.629828e+06 
3.121764e+02 6.729010e+07 4.412806e+06 
3.432567e+02 5.378089e+07 6.173105e+06 
2.560409e+02 6.118121e+07 5.522035e+06 
4.107743e+02 5.623835e+07 4.629828e+06 
2.943366e+02 5.533417e+07 6.366015e+06 
2.952705e+02 5.678334e+07 4.798625e+06 
2.537902e+02 5.829047e+07 6.293673e+06 
3.264016e+02 5.404028e+07 6.052537e+06 
2.473205e+02 6.247559e+07 5.907854e+06 
2.840453e+02 5.862925e+07 4.702170e+06 
2.829690e+02 5.725490e+07 5.087989e+06 
3.035926e+02 5.478521e+07 6.052537e+06 
3.600931e+02 5.465791e+07 5.160331e+06 
2.986910e+02 5.915126e+07 4.509260e+06 
2.914762e+02 5.561825e+07 6.245447e+06 
4.147416e+02 5.527371e+07 4.702170e+06 
2.467861e+02 5.980610e+07 6.293673e+06 
3.061042e+02 5.469528e+07 6.052537e+06 
2.997774e+02 5.504710e+07 6.245447e+06 
2.716045e+02 5.676692e+07 6.366015e+06 
2.497928e+02 6.218124e+07 5.714944e+06 
2.597488e+02 5.753221e+07 6.173105e+06 
3.487900e+02 5.361038e+07 6.173105e+06 
2.755790e+02 5.645827e+07 6.486583e+06 
4.128473e+02 5.739039e+07 4.509260e+06 
3.935660e+02 5.419362e+07 5.063876e+06 
2.443379e+02 6.102648e+07 6.100764e+06 
2.576576e+02 5.792309e+07 6.293673e+06 
2.816539e+02 5.567111e+07 6.245447e+06 
2.681729e+02 6.201170e+07 5.208557e+06 
3.546519e+02 5.366275e+07 6.052537e+06 
3.232867e+02 5.427837e+07 6.052537e+06 
2.732933e+02 6.007455e+07 5.015648e+06 
2.651220e+02 6.338420e+07 5.329125e+06 
3.116895e+02 5.467369e+07 6.052537e+06 
3.206576e+02 5.784673e+07 4.533374e+06 
2.526879e+02 5.855618e+07 6.293673e+06 
2.765514e+02 6.121927e+07 4.822738e+06 
3.771715e+02 5.424612e+07 4.967421e+06 
2.635714e+02 6.382387e+07 5.401467e+06 
3.100091e+02 6.906395e+07 4.412806e+06 
3.562148e+02 5.591772e+07 5.353240e+06 
2.704699e+02 5.710799e+07 6.486583e+06 
2.660493e+02 5.743873e+07 6.486583e+06 
3.138470e+02 5.506384e+07 5.859628e+06 

2.429329e+02 5.900333e+07 5.642605e+06 
2.457262e+02 5.795503e+07 5.642605e+06 
2.424149e+02 6.529681e+07 6.390128e+06 
3.639595e+02 6.006574e+07 2.917757e+06 
3.227068e+02 5.472717e+07 5.232672e+06 
2.900662e+02 6.039856e+07 4.292238e+06 
3.429127e+02 5.816588e+07 3.882305e+06 
3.413542e+02 6.165893e+07 3.343764e+06 
2.664982e+02 6.066693e+07 4.943308e+06 
3.674853e+02 5.718464e+07 3.617054e+06 
2.841143e+02 6.005201e+07 4.485147e+06 
2.441520e+02 5.840430e+07 5.642605e+06 
3.884011e+02 5.859237e+07 3.110667e+06 
3.508533e+02 5.678657e+07 3.882305e+06 
3.049706e+02 5.419052e+07 5.618492e+06 
2.699192e+02 6.204261e+07 4.750398e+06 
3.269878e+02 5.351184e+07 5.618492e+06 
3.146595e+02 6.114549e+07 3.617054e+06 
3.205741e+02 5.381798e+07 5.425582e+06 
2.692597e+02 5.624627e+07 5.907856e+06 
2.802587e+02 5.555515e+07 5.714946e+06 
3.754147e+02 5.882582e+07 2.917757e+06 
2.499696e+02 5.867577e+07 5.329127e+06 
2.822984e+02 5.498968e+07 5.714946e+06 
3.405731e+02 5.599295e+07 4.485147e+06 
2.606791e+02 5.675508e+07 6.148992e+06 
3.077992e+02 6.195888e+07 3.782632e+06 
3.444907e+02 5.551541e+07 4.678057e+06 
3.657060e+02 5.735548e+07 3.303576e+06 
2.923871e+02 5.475893e+07 5.714946e+06 
3.046442e+02 5.751331e+07 4.557489e+06 
3.154677e+02 5.400610e+07 5.618492e+06 
3.779884e+02 5.979963e+07 2.740924e+06 
2.511883e+02 5.724598e+07 5.522037e+06 
3.189367e+02 5.382886e+07 5.425582e+06 
3.591912e+02 5.713091e+07 3.689396e+06 
2.484056e+02 5.766410e+07 5.642605e+06 
4.013412e+02 6.006434e+07 2.574807e+06 
2.735022e+02 5.590266e+07 5.907856e+06 
3.508889e+02 6.204217e+07 3.110667e+06 
3.947421e+02 6.109912e+07 2.435483e+06 
3.471078e+02 5.528187e+07 4.774512e+06 
3.450334e+02 5.575911e+07 4.605715e+06 
3.288648e+02 5.506766e+07 5.160331e+06 
2.590754e+02 5.900721e+07 5.136218e+06 
3.221178e+02 5.656290e+07 4.461034e+06 
3.836399e+02 6.239593e+07 2.531938e+06 
3.761951e+02 6.436419e+07 2.628393e+06 
4.030628e+02 6.008124e+07 2.477393e+06 
3.041875e+02 6.214013e+07 4.002873e+06 

2.436686e+02 5.657732e+07 5.497922e+06 
2.383950e+02 5.945348e+07 5.401467e+06 
2.839243e+02 5.445764e+07 5.401467e+06 
2.355674e+02 5.770959e+07 5.787286e+06 
2.877829e+02 6.254530e+07 4.147554e+06 
2.841915e+02 6.398830e+07 4.051100e+06 
2.298421e+02 5.861796e+07 6.100764e+06 
2.584423e+02 5.521352e+07 5.522035e+06 
2.697133e+02 6.299631e+07 4.461032e+06 
2.794487e+02 6.510131e+07 3.978758e+06 
2.499218e+02 6.161655e+07 5.039761e+06 
2.286068e+02 6.117868e+07 5.714944e+06 
2.497359e+02 5.596298e+07 5.714944e+06 
3.129698e+02 5.400812e+07 5.015648e+06 
2.957723e+02 6.255063e+07 4.075213e+06 
2.437668e+02 5.851149e+07 5.305012e+06 
2.372607e+02 5.764998e+07 5.787286e+06 
2.390340e+02 5.723434e+07 5.714944e+06 
3.145890e+02 5.372967e+07 5.497922e+06 
2.388175e+02 5.729629e+07 5.787286e+06 
2.891118e+02 6.188534e+07 4.268122e+06 
2.849442e+02 5.739727e+07 4.822738e+06 
2.551202e+02 5.956105e+07 4.846851e+06 
2.284911e+02 5.906338e+07 5.907854e+06 
2.487034e+02 5.648760e+07 5.497922e+06 
2.348802e+02 5.778834e+07 5.811399e+06 
2.705272e+02 5.468282e+07 5.594376e+06 
2.862301e+02 6.181592e+07 4.277501e+06 
2.541403e+02 6.243981e+07 4.943306e+06 
2.663359e+02 5.484225e+07 5.522035e+06 
2.744537e+02 6.547785e+07 4.268122e+06 
2.412695e+02 5.684681e+07 5.594376e+06 
3.165733e+02 5.455557e+07 4.919193e+06 
2.814112e+02 5.915642e+07 4.436919e+06 
2.819840e+02 5.453545e+07 5.618490e+06 
2.566822e+02 5.576591e+07 5.714944e+06 
2.727071e+02 6.369825e+07 4.340464e+06 
2.907312e+02 6.479014e+07 3.954645e+06 
2.320524e+02 5.790441e+07 6.100764e+06 
2.871555e+02 6.221188e+07 4.194442e+06 
2.789779e+02 5.843926e+07 4.750396e+06 
2.861000e+02 5.438972e+07 5.787286e+06 
2.626403e+02 6.360071e+07 4.726283e+06 
2.941782e+02 5.416709e+07 5.714944e+06 
2.277552e+02 5.919851e+07 6.293673e+06 
3.121746e+02 5.379296e+07 5.305012e+06 
2.987394e+02 5.397880e+07 5.401467e+06 
2.365565e+02 6.057447e+07 5.522035e+06 
2.913458e+02 5.854382e+07 4.629828e+06 
2.934643e+02 5.429493e+07 5.401467e+06 

2.640215e+02 5.535372e+07 4.919193e+06 
3.244841e+02 5.697684e+07 3.255348e+06 
2.922272e+02 5.423174e+07 4.919193e+06 
2.406739e+02 5.802555e+07 5.618490e+06 
2.377141e+02 6.056917e+07 5.618490e+06 
3.326406e+02 5.615591e+07 3.351803e+06 
2.807140e+02 5.894482e+07 3.834077e+06 
3.225660e+02 5.847082e+07 3.351803e+06 
3.372001e+02 5.549515e+07 3.834077e+06 
2.574147e+02 5.847834e+07 4.412806e+06 
3.449243e+02 5.631469e+07 2.965984e+06 
2.952835e+02 5.391465e+07 4.798625e+06 
2.860849e+02 5.446762e+07 4.412806e+06 
2.500462e+02 5.810619e+07 4.509260e+06 
2.996935e+02 5.427953e+07 4.412806e+06 
3.004480e+02 5.425962e+07 4.605715e+06 
2.607657e+02 5.559526e+07 5.112102e+06 
2.395730e+02 6.337710e+07 5.112102e+06 
2.729835e+02 5.532255e+07 4.533374e+06 
3.001245e+02 5.623159e+07 4.026986e+06 
2.982992e+02 5.396662e+07 4.726283e+06 
2.427296e+02 5.786542e+07 4.726283e+06 
2.491291e+02 5.625494e+07 4.943306e+06 
3.247505e+02 5.493195e+07 3.930532e+06 
2.915476e+02 5.569718e+07 4.219896e+06 
2.853019e+02 5.935248e+07 3.641167e+06 
2.685916e+02 7.047636e+07 3.954647e+06 
2.781682e+02 5.764951e+07 3.858190e+06 
3.290411e+02 5.781732e+07 3.158893e+06 
3.049219e+02 5.469238e+07 4.219896e+06 
2.888650e+02 5.868335e+07 3.544712e+06 
3.401462e+02 5.804981e+07 2.965984e+06 
2.875762e+02 5.441244e+07 4.605715e+06 
3.354069e+02 5.759978e+07 3.062438e+06 
3.183774e+02 5.480430e+07 4.123441e+06 
2.649598e+02 6.864859e+07 4.147554e+06 
2.786009e+02 5.521627e+07 4.919193e+06 
2.414385e+02 6.049934e+07 4.822738e+06 
2.604194e+02 6.029523e+07 4.316351e+06 
2.518714e+02 5.563357e+07 4.822738e+06 
2.421383e+02 5.768809e+07 5.305012e+06 
2.387199e+02 5.819381e+07 5.425580e+06 
2.815290e+02 5.852203e+07 3.737622e+06 
2.435948e+02 5.664898e+07 5.232670e+06 
2.808841e+02 5.459355e+07 5.039761e+06 
3.438855e+02 5.560791e+07 3.351803e+06 
2.477091e+02 5.643264e+07 5.015648e+06 
3.199951e+02 5.689583e+07 3.488449e+06 
2.470662e+02 5.709909e+07 4.629828e+06 
2.553609e+02 6.226438e+07 4.436919e+06 

3.259504e+02 7.327389e+07 3.882303e+06 
3.129453e+02 5.760212e+07 4.919193e+06 
2.719739e+02 6.533111e+07 4.869356e+06 
3.093796e+02 5.788461e+07 4.726283e+06 
2.481819e+02 5.703770e+07 5.690831e+06 
3.308569e+02 7.357320e+07 3.689394e+06 
3.202493e+02 7.466855e+07 4.096111e+06 
3.285715e+02 7.108613e+07 4.263299e+06 
2.340983e+02 6.142633e+07 5.618490e+06 
2.360909e+02 5.924218e+07 5.690831e+06 
3.077624e+02 5.595137e+07 5.112102e+06 
2.380713e+02 5.803408e+07 5.883741e+06 
2.681747e+02 5.584143e+07 5.690831e+06 
2.463429e+02 5.858315e+07 5.497922e+06 
3.022743e+02 5.552714e+07 5.305012e+06 
2.317865e+02 6.080767e+07 5.811399e+06 
2.366163e+02 5.861424e+07 5.883741e+06 
2.393697e+02 5.790856e+07 5.690831e+06 
2.437558e+02 5.769974e+07 5.690831e+06 
3.276379e+02 6.952399e+07 4.340464e+06 
3.285168e+02 7.155666e+07 3.882303e+06 
2.811635e+02 6.515044e+07 4.726283e+06 
3.037732e+02 5.537113e+07 5.497922e+06 
2.865035e+02 6.507353e+07 4.702168e+06 
2.463661e+02 5.747147e+07 5.690831e+06 
2.892197e+02 6.369036e+07 4.702168e+06 
2.619091e+02 5.620240e+07 5.690831e+06 
2.336262e+02 5.987622e+07 5.811399e+06 
3.323720e+02 7.002782e+07 4.268122e+06 
2.310866e+02 6.201671e+07 5.811399e+06 
2.794034e+02 6.698893e+07 4.785762e+06 
2.304614e+02 6.214687e+07 5.811399e+06 
2.566850e+02 5.664408e+07 5.690831e+06 
2.471503e+02 5.727598e+07 5.690831e+06 
2.454025e+02 5.763141e+07 5.690831e+06 
2.688541e+02 5.574162e+07 5.690831e+06 
2.489832e+02 6.486735e+07 5.136216e+06 
2.551786e+02 6.534554e+07 4.943306e+06 
3.076668e+02 7.340597e+07 4.461032e+06 
3.329966e+02 7.310495e+07 3.761734e+06 
2.350144e+02 5.968952e+07 5.883741e+06 
3.025469e+02 7.233457e+07 4.653942e+06 
3.312789e+02 6.779119e+07 4.461032e+06 
3.190723e+02 7.326879e+07 4.268122e+06 
2.315777e+02 6.154203e+07 5.811399e+06 
2.513439e+02 6.370892e+07 5.039761e+06 
3.328380e+02 6.927908e+07 4.430488e+06 
2.532676e+02 5.675186e+07 5.690831e+06 
3.084206e+02 5.482071e+07 5.497922e+06 
2.606033e+02 5.648992e+07 5.690831e+06 

2.437161e+02 5.690075e+07 5.690831e+06 
3.595638e+02 5.599952e+07 3.592941e+06 
2.410086e+02 5.708239e+07 5.690831e+06 
2.964801e+02 5.731723e+07 4.557489e+06 
3.157448e+02 5.697738e+07 3.882305e+06 
2.656633e+02 6.244373e+07 5.015648e+06 
3.312529e+02 5.799028e+07 3.713509e+06 
2.956061e+02 5.430398e+07 5.546150e+06 
3.552560e+02 5.540395e+07 4.388692e+06 
2.657051e+02 5.614812e+07 5.087989e+06 
2.926052e+02 5.444555e+07 5.546150e+06 
3.162655e+02 5.350125e+07 6.148992e+06 
2.873392e+02 6.382897e+07 4.268122e+06 
3.348933e+02 5.806503e+07 3.657242e+06 
2.707935e+02 5.508521e+07 6.100764e+06 
3.074072e+02 5.398869e+07 5.666718e+06 
3.878957e+02 5.417356e+07 3.689396e+06 
2.609623e+02 5.569830e+07 5.787286e+06 
2.579531e+02 6.245036e+07 5.208557e+06 
2.679289e+02 5.530229e+07 5.787286e+06 
2.979488e+02 6.451099e+07 4.075213e+06 
3.818176e+02 5.373238e+07 4.268124e+06 
2.822332e+02 5.454684e+07 5.666718e+06 
2.829517e+02 6.563853e+07 4.557487e+06 
2.745855e+02 6.292549e+07 4.822738e+06 
2.466201e+02 5.818171e+07 5.594376e+06 
2.603694e+02 5.578611e+07 5.980196e+06 
2.622422e+02 6.436498e+07 5.136216e+06 
3.620104e+02 5.403718e+07 4.075215e+06 
2.472933e+02 5.625035e+07 5.787286e+06 
2.843866e+02 6.604762e+07 4.364577e+06 
2.650410e+02 5.563092e+07 5.980196e+06 
3.130310e+02 5.705538e+07 4.002873e+06 
3.056882e+02 5.419373e+07 5.980196e+06 
2.448258e+02 5.658334e+07 5.690831e+06 
3.281039e+02 5.845154e+07 3.834077e+06 
2.616520e+02 5.566722e+07 5.787286e+06 
3.761159e+02 5.446917e+07 3.592941e+06 
2.784194e+02 6.407245e+07 4.653942e+06 
3.260257e+02 5.317692e+07 5.763173e+06 
3.740841e+02 5.637286e+07 3.496486e+06 
2.678615e+02 6.504041e+07 4.943306e+06 
2.667121e+02 5.554016e+07 5.787286e+06 
3.756937e+02 5.351471e+07 4.461034e+06 
3.780661e+02 5.403555e+07 4.171670e+06 
2.576395e+02 5.600353e+07 5.787286e+06 
2.504614e+02 5.831155e+07 5.497922e+06 
2.563018e+02 5.604706e+07 5.787286e+06 
2.395281e+02 5.730263e+07 5.787286e+06 
3.628897e+02 5.714507e+07 3.496486e+06 

3.425752e+02 6.168775e+07 3.472371e+06 
3.038363e+02 6.592414e+07 4.123441e+06 
3.669507e+02 5.437447e+07 5.305012e+06 
2.458844e+02 5.783627e+07 6.245447e+06 
3.126297e+02 5.441858e+07 5.883741e+06 
3.075437e+02 6.625043e+07 3.930532e+06 
3.755774e+02 5.763061e+07 4.026986e+06 
3.799790e+02 5.384506e+07 5.329125e+06 
2.487110e+02 5.831637e+07 6.052537e+06 
3.320114e+02 5.519497e+07 5.690831e+06 
2.782897e+02 6.407747e+07 4.702170e+06 
3.863319e+02 5.480253e+07 4.991534e+06 
2.758891e+02 6.415953e+07 4.785762e+06 
2.559530e+02 5.929589e+07 5.859628e+06 
3.320938e+02 5.393699e+07 5.883741e+06 
3.846266e+02 5.592343e+07 4.726283e+06 
2.559459e+02 5.655625e+07 6.173105e+06 
3.776571e+02 5.593596e+07 4.605715e+06 
2.971326e+02 5.515251e+07 6.173105e+06 
3.727188e+02 5.453208e+07 5.208557e+06 
3.876912e+02 5.500229e+07 4.895080e+06 
3.279885e+02 6.093024e+07 3.641167e+06 
3.238310e+02 6.063904e+07 3.845329e+06 
2.859197e+02 5.533998e+07 6.052537e+06 
2.829834e+02 5.559159e+07 6.173105e+06 
3.009795e+02 5.477467e+07 6.173105e+06 
3.295960e+02 5.425629e+07 5.883741e+06 
3.180377e+02 5.437166e+07 5.883741e+06 
3.373939e+02 6.118469e+07 3.531850e+06 
2.678901e+02 6.588387e+07 5.015647e+06 
3.650420e+02 5.975416e+07 3.255348e+06 
2.822758e+02 6.644029e+07 4.514082e+06 
3.851034e+02 5.792563e+07 3.448258e+06 
3.851430e+02 5.469079e+07 5.136216e+06 
2.532022e+02 5.669083e+07 6.173105e+06 
3.975006e+02 5.775314e+07 3.834077e+06 
3.691029e+02 6.179257e+07 3.158893e+06 
2.501809e+02 5.750100e+07 6.173105e+06 
3.808180e+02 5.956853e+07 3.351803e+06 
3.312049e+02 6.096329e+07 3.615444e+06 
2.635345e+02 5.593183e+07 6.052537e+06 
2.623927e+02 6.364403e+07 5.208557e+06 
3.914071e+02 5.550744e+07 4.822738e+06 
3.531181e+02 6.116998e+07 3.281067e+06 
3.808534e+02 6.018204e+07 3.158893e+06 
2.758442e+02 5.571099e+07 6.052537e+06 
2.592295e+02 5.648436e+07 6.173105e+06 
2.585087e+02 6.473032e+07 5.287327e+06 
3.104809e+02 5.462681e+07 6.173105e+06 
2.942136e+02 6.575842e+07 4.316351e+06 

