1.943173e+01 5.258956e+06 4.152880e+05 
2.010016e+01 4.406593e+06 3.114660e+05 
1.943173e+01 5.258956e+06 4.152880e+05 
1.969166e+01 4.515534e+06 4.152880e+05 
1.968232e+01 4.561703e+06 3.114660e+05 
1.950473e+01 4.943665e+06 4.152880e+05 
1.943173e+01 5.258956e+06 4.152880e+05 
1.951155e+01 4.927024e+06 3.114660e+05 
1.943173e+01 5.258956e+06 4.152880e+05 
1.950473e+01 4.943665e+06 4.152880e+05 
1.943855e+01 5.242315e+06 4.015721e+05 
1.968232e+01 4.561703e+06 3.114660e+05 
1.950473e+01 4.943665e+06 4.152880e+05 
1.943855e+01 5.242315e+06 4.015721e+05 
1.957774e+01 4.628373e+06 4.152880e+05 
1.969166e+01 4.515534e+06 4.152880e+05 
1.950473e+01 4.943665e+06 4.152880e+05 
1.975500e+01 4.727254e+06 2.732880e+05 
1.943855e+01 5.242315e+06 4.015721e+05 
1.969166e+01 4.515534e+06 4.152880e+05 
1.950473e+01 4.943665e+06 4.152880e+05 
1.950473e+01 4.943665e+06 4.152880e+05 
1.950473e+01 4.943665e+06 4.152880e+05 
1.957774e+01 4.628373e+06 4.152880e+05 
1.943173e+01 5.258956e+06 4.152880e+05 
1.969166e+01 4.515534e+06 4.152880e+05 
1.957774e+01 4.628373e+06 4.152880e+05 
1.950473e+01 4.943665e+06 4.152880e+05 
1.987561e+01 4.596546e+06 2.567240e+05 
1.951837e+01 4.910383e+06 2.567240e+05 
1.951155e+01 4.927024e+06 3.114660e+05 
1.950473e+01 4.943665e+06 4.152880e+05 
1.951155e+01 4.927024e+06 3.114660e+05 
1.969166e+01 4.515534e+06 4.152880e+05 
1.943855e+01 5.242315e+06 4.015721e+05 
1.950473e+01 4.943665e+06 4.152880e+05 
1.989953e+01 4.544032e+06 2.567240e+05 
1.969166e+01 4.515534e+06 4.152880e+05 
1.943173e+01 5.258956e+06 4.152880e+05 
1.943173e+01 5.258956e+06 4.152880e+05 
1.943855e+01 5.242315e+06 4.015721e+05 
2.021408e+01 4.293754e+06 3.114660e+05 
1.951155e+01 4.927024e+06 3.114660e+05 
1.943855e+01 5.242315e+06 4.015721e+05 
1.951837e+01 4.910383e+06 2.567240e+05 
1.958456e+01 4.611732e+06 3.114660e+05 
1.943173e+01 5.258956e+06 4.152880e+05 
1.971463e+01 4.471604e+06 3.114660e+05 
1.943173e+01 5.258956e+06 4.152880e+05 
1.969166e+01 4.515534e+06 4.152880e+05 
1.950473e+01 4.943665e+06 4.152880e+05 
1.969166e+01 4.515534e+06 4.152880e+05 
1.957774e+01 4.628373e+06 4.152880e+05 
1.950473e+01 4.943665e+06 4.152880e+05 
1.950473e+01 4.943665e+06 4.152880e+05 
1.950473e+01 4.943665e+06 4.152880e+05 
1.969166e+01 4.515534e+06 4.152880e+05 
1.950473e+01 4.943665e+06 4.152880e+05 
1.943855e+01 5.242315e+06 4.015721e+05 
1.959390e+01 4.601084e+06 4.152880e+05 
1.943173e+01 5.258956e+06 4.152880e+05 
1.943173e+01 5.258956e+06 4.152880e+05 
1.978561e+01 4.656871e+06 2.567240e+05 
1.957774e+01 4.628373e+06 4.152880e+05 
1.970781e+01 4.488245e+06 4.152880e+05 
1.943173e+01 5.258956e+06 4.152880e+05 
1.950473e+01 4.943665e+06 4.152880e+05 
1.943173e+01 5.258956e+06 4.152880e+05 
1.968232e+01 4.561703e+06 3.114660e+05 
1.950473e+01 4.943665e+06 4.152880e+05 
1.951155e+01 4.927024e+06 3.114660e+05 
1.950473e+01 4.943665e+06 4.152880e+05 
1.969166e+01 4.515534e+06 4.152880e+05 
1.943173e+01 5.258956e+06 4.152880e+05 
1.950473e+01 4.943665e+06 4.152880e+05 
1.968232e+01 4.561703e+06 3.114660e+05 
1.969166e+01 4.515534e+06 4.152880e+05 
1.979507e+01 4.654001e+06 2.567240e+05 
1.957774e+01 4.628373e+06 4.152880e+05 
1.943173e+01 5.258956e+06 4.152880e+05 
1.950473e+01 4.943665e+06 4.152880e+05 
1.943173e+01 5.258956e+06 4.152880e+05 
1.943173e+01 5.258956e+06 4.152880e+05 
1.943173e+01 5.258956e+06 4.152880e+05 
1.951155e+01 4.927024e+06 3.114660e+05 
1.943173e+01 5.258956e+06 4.152880e+05 
1.967551e+01 4.578344e+06 4.152880e+05 
1.943173e+01 5.258956e+06 4.152880e+05 
2.282643e+01 5.848603e+06 2.471200e+05 
1.944789e+01 5.231667e+06 4.152880e+05 
1.969166e+01 4.515534e+06 4.152880e+05 
2.269761e+01 5.870570e+06 2.471200e+05 
1.943173e+01 5.258956e+06 4.152880e+05 
1.969166e+01 4.515534e+06 4.152880e+05 
1.969166e+01 4.515534e+06 4.152880e+05 
1.962582e+01 4.751309e+06 2.567240e+05 
1.943173e+01 5.258956e+06 4.152880e+05 
2.264617e+01 5.875374e+06 2.471200e+05 
1.972397e+01 4.460956e+06 4.152880e+05 
1.951155e+01 4.927024e+06 3.114660e+05 

1.943173e+01 5.258956e+06 4.152880e+05 
1.943173e+01 5.258956e+06 4.152880e+05 
1.943173e+01 5.258956e+06 4.152880e+05 
1.943173e+01 5.258956e+06 4.152880e+05 
1.943173e+01 5.258956e+06 4.152880e+05 
1.943855e+01 5.242315e+06 4.015721e+05 
2.340494e+01 4.520511e+06 4.152880e+05 
2.329103e+01 4.633350e+06 4.152880e+05 
2.329103e+01 4.633350e+06 4.152880e+05 
1.950473e+01 4.943665e+06 4.152880e+05 
1.943173e+01 5.258956e+06 4.152880e+05 
2.327487e+01 4.660639e+06 4.152880e+05 
1.943855e+01 5.242315e+06 4.015721e+05 
2.325872e+01 4.723449e+06 4.152880e+05 
2.327487e+01 4.660639e+06 4.152880e+05 
1.951837e+01 4.910383e+06 2.567240e+05 
2.330718e+01 4.606061e+06 4.152880e+05 
1.950473e+01 4.943665e+06 4.152880e+05 
2.338879e+01 4.547800e+06 4.152880e+05 
1.943173e+01 5.258956e+06 4.152880e+05 
1.944536e+01 5.225674e+06 4.015721e+05 
1.943173e+01 5.258956e+06 4.152880e+05 
2.327487e+01 4.660639e+06 4.152880e+05 
2.325872e+01 4.723449e+06 4.152880e+05 
1.943173e+01 5.258956e+06 4.152880e+05 
2.329103e+01 4.633350e+06 4.152880e+05 
1.943173e+01 5.258956e+06 4.152880e+05 
1.943855e+01 5.242315e+06 4.015721e+05 
2.342110e+01 4.493222e+06 4.152880e+05 
1.951155e+01 4.927024e+06 3.114660e+05 
1.943173e+01 5.258956e+06 4.152880e+05 
1.943855e+01 5.242315e+06 4.015721e+05 
1.943173e+01 5.258956e+06 4.152880e+05 
1.943173e+01 5.258956e+06 4.152880e+05 
1.946834e+01 5.185072e+06 4.015721e+05 
1.943173e+01 5.258956e+06 4.152880e+05 
2.330718e+01 4.606061e+06 4.152880e+05 
1.943855e+01 5.242315e+06 4.015721e+05 
1.943173e+01 5.258956e+06 4.152880e+05 
2.360047e+01 4.384932e+06 4.152880e+05 
1.944536e+01 5.225674e+06 4.015721e+05 
1.943173e+01 5.258956e+06 4.152880e+05 
2.338879e+01 4.547800e+06 4.152880e+05 
2.338879e+01 4.547800e+06 4.152880e+05 
1.943173e+01 5.258956e+06 4.152880e+05 
2.361663e+01 4.322122e+06 4.152880e+05 
2.340494e+01 4.520511e+06 4.152880e+05 
1.943855e+01 5.242315e+06 4.015721e+05 
1.943173e+01 5.258956e+06 4.152880e+05 
2.046868e+01 4.731029e+06 4.152880e+05 
2.327487e+01 4.660639e+06 4.152880e+05 
1.943173e+01 5.258956e+06 4.152880e+05 
2.329103e+01 4.633350e+06 4.152880e+05 
1.951837e+01 4.910383e+06 2.567240e+05 
2.342110e+01 4.493222e+06 4.152880e+05 
2.329103e+01 4.633350e+06 4.152880e+05 
1.943173e+01 5.258956e+06 4.152880e+05 
1.943173e+01 5.258956e+06 4.152880e+05 
1.943173e+01 5.258956e+06 4.152880e+05 
2.325872e+01 4.723449e+06 4.152880e+05 
1.951155e+01 4.927024e+06 3.114660e+05 
1.944536e+01 5.225674e+06 4.015721e+05 
2.330718e+01 4.606061e+06 4.152880e+05 
1.943173e+01 5.258956e+06 4.152880e+05 
1.943173e+01 5.258956e+06 4.152880e+05 
2.338879e+01 4.547800e+06 4.152880e+05 
1.945218e+01 5.215688e+06 4.015721e+05 
2.327487e+01 4.660639e+06 4.152880e+05 
1.943173e+01 5.258956e+06 4.152880e+05 
2.329103e+01 4.633350e+06 4.152880e+05 
1.943173e+01 5.258956e+06 4.152880e+05 
1.943173e+01 5.258956e+06 4.152880e+05 
2.351886e+01 4.407672e+06 4.152880e+05 
1.943173e+01 5.258956e+06 4.152880e+05 
1.950473e+01 4.943665e+06 4.152880e+05 
1.951837e+01 4.910383e+06 2.567240e+05 
1.943173e+01 5.258956e+06 4.152880e+05 
1.951155e+01 4.927024e+06 3.114660e+05 
1.943855e+01 5.242315e+06 4.015721e+05 
1.945470e+01 5.215026e+06 4.015721e+05 
2.338879e+01 4.547800e+06 4.152880e+05 
2.046868e+01 4.731029e+06 4.152880e+05 
1.943855e+01 5.242315e+06 4.015721e+05 
2.329103e+01 4.633350e+06 4.152880e+05 
2.327487e+01 4.660639e+06 4.152880e+05 
1.943173e+01 5.258956e+06 4.152880e+05 
1.943173e+01 5.258956e+06 4.152880e+05 
2.329103e+01 4.633350e+06 4.152880e+05 
1.951837e+01 4.910383e+06 2.567240e+05 
1.943173e+01 5.258956e+06 4.152880e+05 
2.325872e+01 4.723449e+06 4.152880e+05 
2.340494e+01 4.520511e+06 4.152880e+05 
2.340494e+01 4.520511e+06 4.152880e+05 
1.945470e+01 5.215026e+06 4.015721e+05 
2.340494e+01 4.520511e+06 4.152880e+05 
1.943173e+01 5.258956e+06 4.152880e+05 
1.943855e+01 5.242315e+06 4.015721e+05 
1.943173e+01 5.258956e+06 4.152880e+05 
2.350271e+01 4.434961e+06 4.152880e+05 
1.943173e+01 5.258956e+06 4.152880e+05 

2.456098e+01 4.982052e+06 4.152880e+05 
3.002081e+01 5.093805e+06 3.114660e+05 
3.002081e+01 5.093805e+06 3.114660e+05 
1.943173e+01 5.258956e+06 4.152880e+05 
2.187830e+01 6.160239e+06 2.746280e+05 
2.456780e+01 4.965411e+06 4.015721e+05 
2.456780e+01 4.965411e+06 4.015721e+05 
3.098018e+01 4.619339e+06 3.114660e+05 
2.456780e+01 4.965411e+06 4.015721e+05 
3.002081e+01 5.093805e+06 3.114660e+05 
2.308794e+01 5.088769e+06 4.152880e+05 
1.943173e+01 5.258956e+06 4.152880e+05 
3.002081e+01 5.093805e+06 3.114660e+05 
2.309476e+01 5.072128e+06 4.015721e+05 
3.003697e+01 5.066516e+06 3.114660e+05 
2.308794e+01 5.088769e+06 4.152880e+05 
1.943173e+01 5.258956e+06 4.152880e+05 
3.002081e+01 5.093805e+06 3.114660e+05 
3.002081e+01 5.093805e+06 3.114660e+05 
1.943855e+01 5.242315e+06 4.015721e+05 
2.309476e+01 5.072128e+06 4.015721e+05 
2.308794e+01 5.088769e+06 4.152880e+05 
2.308794e+01 5.088769e+06 4.152880e+05 
1.997776e+01 5.596061e+06 3.114660e+05 
2.227366e+01 5.291848e+06 3.114660e+05 
3.015771e+01 4.937036e+06 2.076440e+05 
2.309476e+01 5.072128e+06 4.015721e+05 
3.098018e+01 4.619339e+06 3.114660e+05 
2.440820e+01 5.057103e+06 4.015721e+05 
3.099633e+01 4.592050e+06 3.114660e+05 
2.309476e+01 5.072128e+06 4.015721e+05 
1.943173e+01 5.258956e+06 4.152880e+05 
2.456098e+01 4.982052e+06 4.152880e+05 
3.002081e+01 5.093805e+06 3.114660e+05 
1.943173e+01 5.258956e+06 4.152880e+05 
1.968883e+01 5.831387e+06 3.114660e+05 
2.456780e+01 4.965411e+06 4.015721e+05 
1.943173e+01 5.258956e+06 4.152880e+05 
2.308794e+01 5.088769e+06 4.152880e+05 
3.002081e+01 5.093805e+06 3.114660e+05 
3.002081e+01 5.093805e+06 3.114660e+05 
3.002081e+01 5.093805e+06 3.114660e+05 
3.002081e+01 5.093805e+06 3.114660e+05 
3.002081e+01 5.093805e+06 3.114660e+05 
2.308794e+01 5.088769e+06 4.152880e+05 
3.009382e+01 4.778513e+06 3.114660e+05 
3.002081e+01 5.093805e+06 3.114660e+05 
3.002081e+01 5.093805e+06 3.114660e+05 
2.503276e+01 4.948062e+06 4.015721e+05 
2.309476e+01 5.072128e+06 4.015721e+05 
2.310410e+01 5.061480e+06 4.152880e+05 
1.968883e+01 5.831387e+06 3.114660e+05 
1.997776e+01 5.596061e+06 3.114660e+05 
3.002763e+01 5.077164e+06 2.076440e+05 
1.943173e+01 5.258956e+06 4.152880e+05 
3.002081e+01 5.093805e+06 3.114660e+05 
3.012540e+01 5.027135e+06 2.076440e+05 
2.308794e+01 5.088769e+06 4.152880e+05 
2.322823e+01 5.065847e+06 4.015721e+05 
3.002081e+01 5.093805e+06 3.114660e+05 
2.016351e+01 5.423795e+06 3.114660e+05 
3.002081e+01 5.093805e+06 3.114660e+05 
2.309476e+01 5.072128e+06 4.015721e+05 
3.002081e+01 5.093805e+06 3.114660e+05 
3.002081e+01 5.093805e+06 3.114660e+05 
3.002081e+01 5.093805e+06 3.114660e+05 
2.309476e+01 5.072128e+06 4.015721e+05 
1.943173e+01 5.258956e+06 4.152880e+05 
2.309476e+01 5.072128e+06 4.015721e+05 
2.309476e+01 5.072128e+06 4.015721e+05 
2.456098e+01 4.982052e+06 4.152880e+05 
2.253725e+01 5.088866e+06 4.015721e+05 
3.002081e+01 5.093805e+06 3.114660e+05 
1.943173e+01 5.258956e+06 4.152880e+05 
3.014155e+01 4.964325e+06 2.076440e+05 
1.943173e+01 5.258956e+06 4.152880e+05 
1.943173e+01 5.258956e+06 4.152880e+05 
2.498957e+01 4.907349e+06 4.152880e+05 
3.020774e+01 4.665674e+06 3.114660e+05 
2.252275e+01 5.891704e+06 2.746280e+05 
3.009382e+01 4.778513e+06 3.114660e+05 
2.456780e+01 4.965411e+06 4.015721e+05 
2.018450e+01 6.435054e+06 2.746280e+05 
1.943173e+01 5.258956e+06 4.152880e+05 
2.309476e+01 5.072128e+06 4.015721e+05 
2.252275e+01 5.891704e+06 2.746280e+05 
2.456098e+01 4.982052e+06 4.152880e+05 
2.309476e+01 5.072128e+06 4.015721e+05 
2.308794e+01 5.088769e+06 4.152880e+05 
2.456780e+01 4.965411e+06 4.015721e+05 
1.943173e+01 5.258956e+06 4.152880e+05 
2.253725e+01 5.088866e+06 4.015721e+05 
2.309476e+01 5.072128e+06 4.015721e+05 
3.002081e+01 5.093805e+06 3.114660e+05 
2.158585e+01 5.154783e+06 4.015721e+05 
2.452157e+01 5.882386e+06 2.746280e+05 
2.308794e+01 5.088769e+06 4.152880e+05 
2.308794e+01 5.088769e+06 4.152880e+05 
1.943173e+01 5.258956e+06 4.152880e+05 
2.156970e+01 5.217593e+06 4.015721e+05 

1.950473e+01 4.943665e+06 4.152880e+05 
1.950473e+01 4.943665e+06 4.152880e+05 
1.950473e+01 4.943665e+06 4.152880e+05 
1.962547e+01 4.814185e+06 3.114660e+05 
1.950473e+01 4.943665e+06 4.152880e+05 
1.943173e+01 5.258956e+06 4.152880e+05 
1.943173e+01 5.258956e+06 4.152880e+05 
1.943173e+01 5.258956e+06 4.152880e+05 
2.019792e+01 4.356564e+06 3.114660e+05 
1.950473e+01 4.943665e+06 4.152880e+05 
1.950473e+01 4.943665e+06 4.152880e+05 
1.950473e+01 4.943665e+06 4.152880e+05 
1.950473e+01 4.943665e+06 4.152880e+05 
1.950473e+01 4.943665e+06 4.152880e+05 
1.950473e+01 4.943665e+06 4.152880e+05 
1.978942e+01 4.465505e+06 4.152880e+05 
1.967551e+01 4.578344e+06 4.152880e+05 
1.970781e+01 4.488245e+06 4.152880e+05 
2.011631e+01 4.379304e+06 3.114660e+05 
1.950473e+01 4.943665e+06 4.152880e+05 
1.957774e+01 4.628373e+06 4.152880e+05 
1.982173e+01 4.375406e+06 4.152880e+05 
1.950473e+01 4.943665e+06 4.152880e+05 
1.950473e+01 4.943665e+06 4.152880e+05 
1.950473e+01 4.943665e+06 4.152880e+05 
1.944789e+01 5.231667e+06 4.152880e+05 
2.004844e+01 4.347687e+06 4.152880e+05 
1.951837e+01 4.913710e+06 3.114660e+05 
1.950473e+01 4.943665e+06 4.152880e+05 
1.943173e+01 5.258956e+06 4.152880e+05 
1.943173e+01 5.258956e+06 4.152880e+05 
1.978942e+01 4.465505e+06 4.152880e+05 
1.967551e+01 4.578344e+06 4.152880e+05 
1.950473e+01 4.943665e+06 4.152880e+05 
1.943173e+01 5.258956e+06 4.152880e+05 
1.950473e+01 4.943665e+06 4.152880e+05 
1.943173e+01 5.258956e+06 4.152880e+05 
2.055285e+01 4.199626e+06 3.114660e+05 
1.943173e+01 5.258956e+06 4.152880e+05 
1.943173e+01 5.258956e+06 4.152880e+05 
1.950473e+01 4.943665e+06 4.152880e+05 
1.950473e+01 4.943665e+06 4.152880e+05 
1.950473e+01 4.943665e+06 4.152880e+05 
1.943173e+01 5.258956e+06 4.152880e+05 
1.943173e+01 5.258956e+06 4.152880e+05 
1.950473e+01 4.943665e+06 4.152880e+05 
1.943173e+01 5.258956e+06 4.152880e+05 
2.023023e+01 4.266465e+06 3.114660e+05 
1.957774e+01 4.628373e+06 4.152880e+05 
1.951837e+01 4.913710e+06 3.114660e+05 
1.943173e+01 5.258956e+06 4.152880e+05 
2.010016e+01 4.406593e+06 3.114660e+05 
1.943173e+01 5.258956e+06 4.152880e+05 
1.944789e+01 5.231667e+06 4.152880e+05 
2.010016e+01 4.406593e+06 3.114660e+05 
1.951155e+01 4.927024e+06 3.114660e+05 
1.943855e+01 5.242315e+06 4.015721e+05 
1.969166e+01 4.515534e+06 4.152880e+05 
1.960932e+01 4.876995e+06 3.114660e+05 
1.943173e+01 5.258956e+06 4.152880e+05 
1.964163e+01 4.786896e+06 3.114660e+05 
1.943173e+01 5.258956e+06 4.152880e+05 
1.944789e+01 5.231667e+06 4.152880e+05 
1.943173e+01 5.258956e+06 4.152880e+05 
1.968232e+01 4.561703e+06 3.114660e+05 
1.950473e+01 4.943665e+06 4.152880e+05 
1.980558e+01 4.402695e+06 4.152880e+05 
1.950473e+01 4.943665e+06 4.152880e+05 
1.943173e+01 5.258956e+06 4.152880e+05 
1.943173e+01 5.258956e+06 4.152880e+05 
2.021408e+01 4.293754e+06 3.114660e+05 
1.950473e+01 4.943665e+06 4.152880e+05 
1.950473e+01 4.943665e+06 4.152880e+05 
1.950473e+01 4.943665e+06 4.152880e+05 
1.943173e+01 5.258956e+06 4.152880e+05 
1.944789e+01 5.231667e+06 4.152880e+05 
1.967551e+01 4.578344e+06 4.152880e+05 
1.950473e+01 4.943665e+06 4.152880e+05 
1.950473e+01 4.943665e+06 4.152880e+05 
1.950473e+01 4.943665e+06 4.152880e+05 
1.950473e+01 4.943665e+06 4.152880e+05 
1.943173e+01 5.258956e+06 4.152880e+05 
1.943173e+01 5.258956e+06 4.152880e+05 
1.990334e+01 4.352666e+06 4.152880e+05 
1.950473e+01 4.943665e+06 4.152880e+05 
1.950473e+01 4.943665e+06 4.152880e+05 
1.943173e+01 5.258956e+06 4.152880e+05 
1.945470e+01 5.218354e+06 4.152880e+05 
1.978942e+01 4.465505e+06 4.152880e+05 
1.950473e+01 4.943665e+06 4.152880e+05 
1.960932e+01 4.876995e+06 3.114660e+05 
1.980558e+01 4.402695e+06 4.152880e+05 
1.943173e+01 5.258956e+06 4.152880e+05 
1.950473e+01 4.943665e+06 4.152880e+05 
1.967551e+01 4.578344e+06 4.152880e+05 
1.969166e+01 4.515534e+06 4.152880e+05 
1.969166e+01 4.515534e+06 4.152880e+05 
1.979624e+01 4.448864e+06 3.114660e+05 
1.978942e+01 4.465505e+06 4.152880e+05 
1.950473e+01 4.943665e+06 4.152880e+05 

2.028347e+01 5.012002e+06 3.114660e+05 
2.011465e+01 5.717868e+06 2.746280e+05 
2.035648e+01 4.696710e+06 3.114660e+05 
3.089718e+01 4.593913e+06 3.114660e+05 
2.058229e+01 5.007112e+06 2.518520e+05 
2.027666e+01 5.028643e+06 4.152880e+05 
2.011465e+01 5.717868e+06 2.746280e+05 
2.027666e+01 5.028643e+06 4.152880e+05 
3.133373e+01 4.449755e+06 3.114660e+05 
2.027666e+01 5.028643e+06 4.152880e+05 
2.043609e+01 5.077663e+06 2.518520e+05 
2.034966e+01 4.713351e+06 4.152880e+05 
2.101072e+01 4.686410e+06 3.114660e+05 
2.028347e+01 5.012002e+06 3.114660e+05 
2.027666e+01 5.028643e+06 4.152880e+05 
2.027666e+01 5.028643e+06 4.152880e+05 
2.027666e+01 5.028643e+06 4.152880e+05 
2.011465e+01 5.717868e+06 2.746280e+05 
1.986458e+01 5.632885e+06 3.114660e+05 
1.983078e+01 5.903544e+06 2.746280e+05 
2.028347e+01 5.012002e+06 3.114660e+05 
2.047323e+01 5.060957e+06 2.518520e+05 
2.027666e+01 5.028643e+06 4.152880e+05 
3.089718e+01 4.593913e+06 3.114660e+05 
2.028347e+01 5.012002e+06 3.114660e+05 
2.076298e+01 5.002650e+06 2.518520e+05 
2.048453e+01 5.057141e+06 2.518520e+05 
2.035648e+01 4.696710e+06 3.114660e+05 
2.046358e+01 4.600512e+06 4.152880e+05 
2.034966e+01 4.713351e+06 4.152880e+05 
2.018084e+01 5.419217e+06 3.114660e+05 
2.018084e+01 5.419217e+06 3.114660e+05 
2.018084e+01 5.419217e+06 3.114660e+05 
2.034966e+01 4.713351e+06 4.152880e+05 
2.027666e+01 5.028643e+06 4.152880e+05 
2.028542e+01 5.352547e+06 2.746280e+05 
2.034966e+01 4.713351e+06 4.152880e+05 
2.027666e+01 5.028643e+06 4.152880e+05 
1.943173e+01 5.258956e+06 4.152880e+05 
2.034966e+01 4.713351e+06 4.152880e+05 
3.089718e+01 4.593913e+06 3.114660e+05 
3.089718e+01 4.593913e+06 3.114660e+05 
2.027666e+01 5.028643e+06 4.152880e+05 
2.018084e+01 5.419217e+06 3.114660e+05 
2.034966e+01 4.713351e+06 4.152880e+05 
1.968079e+01 5.234915e+06 4.152880e+05 
2.034966e+01 4.713351e+06 4.152880e+05 
2.047323e+01 5.060957e+06 2.518520e+05 
3.091334e+01 4.566624e+06 3.114660e+05 
2.027666e+01 5.028643e+06 4.152880e+05 
2.027666e+01 5.028643e+06 4.152880e+05 
2.034966e+01 4.713351e+06 4.152880e+05 
2.021047e+01 5.327293e+06 4.015721e+05 
3.089718e+01 4.593913e+06 3.114660e+05 
2.016895e+01 5.626279e+06 2.746280e+05 
2.035648e+01 4.696710e+06 3.114660e+05 
2.021047e+01 5.327293e+06 4.015721e+05 
2.034966e+01 4.713351e+06 4.152880e+05 
2.011465e+01 5.717868e+06 2.746280e+05 
3.101110e+01 4.481074e+06 3.114660e+05 
1.943173e+01 5.258956e+06 4.152880e+05 
3.099495e+01 4.543884e+06 3.114660e+05 
2.021047e+01 5.327293e+06 4.015721e+05 
3.089718e+01 4.593913e+06 3.114660e+05 
2.002261e+01 5.887949e+06 2.746280e+05 
3.089718e+01 4.593913e+06 3.114660e+05 
1.973034e+01 5.211091e+06 4.152880e+05 
2.011465e+01 5.717868e+06 2.746280e+05 
2.018766e+01 5.402576e+06 2.746280e+05 
2.035648e+01 4.696710e+06 3.114660e+05 
2.044743e+01 4.663322e+06 4.152880e+05 
2.058816e+01 5.005300e+06 2.518520e+05 
2.044743e+01 4.663322e+06 4.152880e+05 
2.027666e+01 5.028643e+06 4.152880e+05 
2.034966e+01 4.713351e+06 4.152880e+05 
3.089718e+01 4.593913e+06 3.114660e+05 
2.035648e+01 4.696710e+06 3.114660e+05 
2.027666e+01 5.028643e+06 4.152880e+05 
3.089718e+01 4.593913e+06 3.114660e+05 
3.117765e+01 4.466503e+06 3.114660e+05 
3.089718e+01 4.593913e+06 3.114660e+05 
2.028347e+01 5.012002e+06 3.114660e+05 
2.027666e+01 5.028643e+06 4.152880e+05 
2.011465e+01 5.717868e+06 2.746280e+05 
3.089718e+01 4.593913e+06 3.114660e+05 
1.968883e+01 5.831387e+06 3.114660e+05 
3.089718e+01 4.593913e+06 3.114660e+05 
2.034966e+01 4.713351e+06 4.152880e+05 
2.011465e+01 5.717868e+06 2.746280e+05 
2.027666e+01 5.028643e+06 4.152880e+05 
2.034966e+01 4.713351e+06 4.152880e+05 
1.968883e+01 5.831387e+06 3.114660e+05 
1.961582e+01 6.146678e+06 4.015721e+05 
2.018766e+01 5.402576e+06 2.746280e+05 
2.027666e+01 5.028643e+06 4.152880e+05 
2.044743e+01 4.663322e+06 4.152880e+05 
2.028347e+01 5.012002e+06 3.114660e+05 
2.018766e+01 5.402576e+06 2.746280e+05 
2.018084e+01 5.419217e+06 3.114660e+05 
1.961582e+01 6.146678e+06 4.015721e+05 

1.943855e+01 5.242315e+06 4.015721e+05 
1.943173e+01 5.258956e+06 4.152880e+05 
1.950473e+01 4.943665e+06 4.152880e+05 
1.943173e+01 5.258956e+06 4.152880e+05 
1.943855e+01 5.242315e+06 4.015721e+05 
1.943173e+01 5.258956e+06 4.152880e+05 
1.950473e+01 4.943665e+06 4.152880e+05 
1.950473e+01 4.943665e+06 4.152880e+05 
1.943173e+01 5.258956e+06 4.152880e+05 
1.943173e+01 5.258956e+06 4.152880e+05 
1.943855e+01 5.242315e+06 4.015721e+05 
1.950473e+01 4.943665e+06 4.152880e+05 
1.943173e+01 5.258956e+06 4.152880e+05 
1.950473e+01 4.943665e+06 4.152880e+05 
1.960932e+01 4.876995e+06 3.114660e+05 
1.945470e+01 5.215026e+06 4.015721e+05 
1.971642e+01 4.780797e+06 4.152880e+05 
1.951155e+01 4.927024e+06 3.114660e+05 
1.950473e+01 4.943665e+06 4.152880e+05 
1.943855e+01 5.242315e+06 4.015721e+05 
1.943173e+01 5.258956e+06 4.152880e+05 
1.950473e+01 4.943665e+06 4.152880e+05 
1.973257e+01 4.717987e+06 4.152880e+05 
1.950473e+01 4.943665e+06 4.152880e+05 
1.950473e+01 4.943665e+06 4.152880e+05 
1.950473e+01 4.943665e+06 4.152880e+05 
1.950473e+01 4.943665e+06 4.152880e+05 
1.943173e+01 5.258956e+06 4.152880e+05 
1.943855e+01 5.242315e+06 4.015721e+05 
1.950473e+01 4.943665e+06 4.152880e+05 
1.943855e+01 5.242315e+06 4.015721e+05 
1.962547e+01 4.814185e+06 3.114660e+05 
1.960250e+01 4.893636e+06 4.152880e+05 
1.952771e+01 4.899735e+06 3.114660e+05 
1.960250e+01 4.893636e+06 4.152880e+05 
1.950473e+01 4.943665e+06 4.152880e+05 
1.950473e+01 4.943665e+06 4.152880e+05 
1.950473e+01 4.943665e+06 4.152880e+05 
1.943173e+01 5.258956e+06 4.152880e+05 
1.950473e+01 4.943665e+06 4.152880e+05 
1.943173e+01 5.258956e+06 4.152880e+05 
1.943173e+01 5.258956e+06 4.152880e+05 
1.943173e+01 5.258956e+06 4.152880e+05 
1.960250e+01 4.893636e+06 4.152880e+05 
1.974873e+01 4.690698e+06 4.152880e+05 
1.961613e+01 4.860354e+06 2.567240e+05 
1.950473e+01 4.943665e+06 4.152880e+05 
1.951155e+01 4.927024e+06 3.114660e+05 
1.943173e+01 5.258956e+06 4.152880e+05 
1.943173e+01 5.258956e+06 4.152880e+05 
1.943173e+01 5.258956e+06 4.152880e+05 
1.944536e+01 5.225674e+06 4.015721e+05 
1.943855e+01 5.242315e+06 4.015721e+05 
1.943855e+01 5.242315e+06 4.015721e+05 
1.943173e+01 5.258956e+06 4.152880e+05 
1.943173e+01 5.258956e+06 4.152880e+05 
1.972324e+01 4.764156e+06 3.114660e+05 
1.950473e+01 4.943665e+06 4.152880e+05 
1.943173e+01 5.258956e+06 4.152880e+05 
1.943173e+01 5.258956e+06 4.152880e+05 
1.943173e+01 5.258956e+06 4.152880e+05 
1.944536e+01 5.225674e+06 4.015721e+05 
1.973257e+01 4.717987e+06 4.152880e+05 
1.950473e+01 4.943665e+06 4.152880e+05 
1.951155e+01 4.927024e+06 3.114660e+05 
1.950473e+01 4.943665e+06 4.152880e+05 
1.943173e+01 5.258956e+06 4.152880e+05 
1.943173e+01 5.258956e+06 4.152880e+05 
1.943173e+01 5.258956e+06 4.152880e+05 
1.950473e+01 4.943665e+06 4.152880e+05 
1.943173e+01 5.258956e+06 4.152880e+05 
1.961613e+01 4.860354e+06 2.567240e+05 
1.943173e+01 5.258956e+06 4.152880e+05 
1.950473e+01 4.943665e+06 4.152880e+05 
1.960932e+01 4.876995e+06 3.114660e+05 
1.943173e+01 5.258956e+06 4.152880e+05 
1.943173e+01 5.258956e+06 4.152880e+05 
1.951155e+01 4.927024e+06 3.114660e+05 
1.943173e+01 5.258956e+06 4.152880e+05 
1.950473e+01 4.943665e+06 4.152880e+05 
1.943173e+01 5.258956e+06 4.152880e+05 
2.028653e+01 4.787244e+06 2.567240e+05 
1.963229e+01 4.797544e+06 2.567240e+05 
1.943173e+01 5.258956e+06 4.152880e+05 
1.943173e+01 5.258956e+06 4.152880e+05 
1.950473e+01 4.943665e+06 4.152880e+05 
1.961865e+01 4.830826e+06 4.152880e+05 
1.950473e+01 4.943665e+06 4.152880e+05 
1.943855e+01 5.242315e+06 4.015721e+05 
1.943173e+01 5.258956e+06 4.152880e+05 
1.950473e+01 4.943665e+06 4.152880e+05 
1.960932e+01 4.876995e+06 3.114660e+05 
1.961865e+01 4.830826e+06 4.152880e+05 
1.943173e+01 5.258956e+06 4.152880e+05 
1.951837e+01 4.910383e+06 2.567240e+05 
1.943173e+01 5.258956e+06 4.152880e+05 
1.960250e+01 4.893636e+06 4.152880e+05 
1.943173e+01 5.258956e+06 4.152880e+05 
1.973939e+01 4.736867e+06 3.114660e+05 
1.951155e+01 4.927024e+06 3.114660e+05 

1.943173e+01 5.258956e+06 4.152880e+05 
1.943855e+01 5.245643e+06 4.152880e+05 
1.944789e+01 5.231667e+06 4.152880e+05 
1.950473e+01 4.943665e+06 4.152880e+05 
2.034966e+01 4.713351e+06 4.152880e+05 
1.950473e+01 4.943665e+06 4.152880e+05 
1.944789e+01 5.231667e+06 4.152880e+05 
2.103947e+01 6.318625e+06 2.746280e+05 
1.943173e+01 5.258956e+06 4.152880e+05 
1.943173e+01 5.258956e+06 4.152880e+05 
1.950473e+01 4.943665e+06 4.152880e+05 
2.105548e+01 5.936071e+06 2.478350e+05 
1.968883e+01 5.831387e+06 3.114660e+05 
1.943173e+01 5.258956e+06 4.152880e+05 
1.943173e+01 5.258956e+06 4.152880e+05 
1.961582e+01 6.146678e+06 4.015721e+05 
2.034966e+01 4.713351e+06 4.152880e+05 
1.943173e+01 5.258956e+06 4.152880e+05 
1.943173e+01 5.258956e+06 4.152880e+05 
1.968883e+01 5.831387e+06 3.114660e+05 
2.103947e+01 6.318625e+06 2.746280e+05 
2.018084e+01 5.419217e+06 3.114660e+05 
2.044743e+01 4.663322e+06 4.152880e+05 
1.961582e+01 6.146678e+06 4.015721e+05 
1.963481e+01 4.803537e+06 4.152880e+05 
2.046358e+01 4.600512e+06 4.152880e+05 
2.018084e+01 5.419217e+06 3.114660e+05 
2.018084e+01 5.419217e+06 3.114660e+05 
2.029589e+01 5.329551e+06 3.114660e+05 
1.943173e+01 5.258956e+06 4.152880e+05 
1.943173e+01 5.258956e+06 4.152880e+05 
1.944789e+01 5.231667e+06 4.152880e+05 
1.944789e+01 5.231667e+06 4.152880e+05 
1.944789e+01 5.231667e+06 4.152880e+05 
1.943173e+01 5.258956e+06 4.152880e+05 
1.943173e+01 5.258956e+06 4.152880e+05 
2.031205e+01 5.302262e+06 3.114660e+05 
1.943173e+01 5.258956e+06 4.152880e+05 
1.961865e+01 4.830826e+06 4.152880e+05 
2.018084e+01 5.419217e+06 3.114660e+05 
1.943173e+01 5.258956e+06 4.152880e+05 
2.018084e+01 5.419217e+06 3.114660e+05 
1.943173e+01 5.258956e+06 4.152880e+05 
1.943173e+01 5.258956e+06 4.152880e+05 
2.018084e+01 5.419217e+06 3.114660e+05 
1.944789e+01 5.231667e+06 4.152880e+05 
1.950473e+01 4.943665e+06 4.152880e+05 
1.943173e+01 5.258956e+06 4.152880e+05 
2.080532e+01 5.160747e+06 3.114660e+05 
2.029589e+01 5.329551e+06 3.114660e+05 
1.944789e+01 5.231667e+06 4.152880e+05 
2.144425e+01 4.636220e+06 4.152880e+05 
1.961865e+01 4.830826e+06 4.152880e+05 
2.069910e+01 6.624725e+06 2.746280e+05 
1.960250e+01 4.893636e+06 4.152880e+05 
2.034966e+01 4.713351e+06 4.152880e+05 
1.961865e+01 4.830826e+06 4.152880e+05 
1.944789e+01 5.231667e+06 4.152880e+05 
2.176588e+01 5.098948e+06 3.114660e+05 
1.943173e+01 5.258956e+06 4.152880e+05 
1.950473e+01 4.943665e+06 4.152880e+05 
2.027861e+01 5.369188e+06 3.114660e+05 
1.950473e+01 4.943665e+06 4.152880e+05 
1.943173e+01 5.258956e+06 4.152880e+05 
1.950473e+01 4.943665e+06 4.152880e+05 
1.943173e+01 5.258956e+06 4.152880e+05 
1.944789e+01 5.231667e+06 4.152880e+05 
1.943173e+01 5.258956e+06 4.152880e+05 
1.968883e+01 5.831387e+06 3.114660e+05 
2.018084e+01 5.419217e+06 3.114660e+05 
2.018084e+01 5.419217e+06 3.114660e+05 
1.943173e+01 5.258956e+06 4.152880e+05 
1.950473e+01 4.943665e+06 4.152880e+05 
1.986458e+01 5.632885e+06 3.114660e+05 
2.018084e+01 5.419217e+06 3.114660e+05 
2.047974e+01 4.573223e+06 4.152880e+05 
2.224057e+01 4.691356e+06 3.114660e+05 
1.961865e+01 4.830826e+06 4.152880e+05 
1.950473e+01 4.943665e+06 4.152880e+05 
2.018084e+01 5.419217e+06 3.114660e+05 
2.069140e+01 5.273586e+06 3.114660e+05 
1.943173e+01 5.258956e+06 4.152880e+05 
1.943173e+01 5.258956e+06 4.152880e+05 
1.943173e+01 5.258956e+06 4.152880e+05 
1.960250e+01 4.893636e+06 4.152880e+05 
1.946404e+01 5.204378e+06 4.152880e+05 
1.961582e+01 6.146678e+06 4.015721e+05 
2.018084e+01 5.419217e+06 3.114660e+05 
1.943173e+01 5.258956e+06 4.152880e+05 
2.018084e+01 5.419217e+06 3.114660e+05 
1.960250e+01 4.893636e+06 4.152880e+05 
1.961582e+01 6.146678e+06 4.015721e+05 
1.961582e+01 6.146678e+06 4.015721e+05 
1.961865e+01 4.830826e+06 4.152880e+05 
2.069910e+01 6.624725e+06 2.746280e+05 
1.950473e+01 4.943665e+06 4.152880e+05 
2.031205e+01 5.302262e+06 3.114660e+05 
1.944789e+01 5.231667e+06 4.152880e+05 
1.950473e+01 4.943665e+06 4.152880e+05 
1.943173e+01 5.258956e+06 4.152880e+05 

1.950473e+01 4.943665e+06 4.152880e+05 
1.943173e+01 5.258956e+06 4.152880e+05 
1.943173e+01 5.258956e+06 4.152880e+05 
1.944789e+01 5.231667e+06 4.152880e+05 
1.943855e+01 5.242315e+06 4.015721e+05 
1.943173e+01 5.258956e+06 4.152880e+05 
1.952089e+01 4.916376e+06 4.152880e+05 
1.944789e+01 5.231667e+06 4.152880e+05 
1.943855e+01 5.242315e+06 4.015721e+05 
1.950473e+01 4.943665e+06 4.152880e+05 
1.943173e+01 5.258956e+06 4.152880e+05 
1.943855e+01 5.242315e+06 4.015721e+05 
1.943855e+01 5.242315e+06 4.015721e+05 
1.943855e+01 5.242315e+06 4.015721e+05 
1.951155e+01 4.927024e+06 3.114660e+05 
1.950473e+01 4.943665e+06 4.152880e+05 
1.943173e+01 5.258956e+06 4.152880e+05 
1.950473e+01 4.943665e+06 4.152880e+05 
1.952089e+01 4.916376e+06 4.152880e+05 
1.952089e+01 4.916376e+06 4.152880e+05 
1.952771e+01 4.899735e+06 3.114660e+05 
1.943173e+01 5.258956e+06 4.152880e+05 
1.943855e+01 5.242315e+06 4.015721e+05 
2.056605e+01 6.548092e+06 2.746280e+05 
1.943173e+01 5.258956e+06 4.152880e+05 
1.952771e+01 4.899735e+06 3.114660e+05 
1.943173e+01 5.258956e+06 4.152880e+05 
1.943855e+01 5.242315e+06 4.015721e+05 
1.952771e+01 4.899735e+06 3.114660e+05 
1.951155e+01 4.927024e+06 3.114660e+05 
1.943173e+01 5.258956e+06 4.152880e+05 
1.951155e+01 4.927024e+06 3.114660e+05 
1.952771e+01 4.899735e+06 3.114660e+05 
1.943173e+01 5.258956e+06 4.152880e+05 
1.943855e+01 5.242315e+06 4.015721e+05 
1.951155e+01 4.927024e+06 3.114660e+05 
1.943855e+01 5.242315e+06 4.015721e+05 
1.952089e+01 4.916376e+06 4.152880e+05 
1.943855e+01 5.242315e+06 4.015721e+05 
1.961865e+01 4.830826e+06 4.152880e+05 
1.951155e+01 4.927024e+06 3.114660e+05 
1.944789e+01 5.231667e+06 4.152880e+05 
1.952771e+01 4.899735e+06 3.114660e+05 
1.945470e+01 5.215026e+06 4.015721e+05 
1.943173e+01 5.258956e+06 4.152880e+05 
1.943855e+01 5.242315e+06 4.015721e+05 
1.950473e+01 4.943665e+06 4.152880e+05 
1.943173e+01 5.258956e+06 4.152880e+05 
1.943173e+01 5.258956e+06 4.152880e+05 
1.943855e+01 5.242315e+06 4.015721e+05 
1.943173e+01 5.258956e+06 4.152880e+05 
1.952771e+01 4.899735e+06 3.114660e+05 
1.952771e+01 4.899735e+06 3.114660e+05 
1.944789e+01 5.231667e+06 4.152880e+05 
1.943173e+01 5.258956e+06 4.152880e+05 
1.943855e+01 5.242315e+06 4.015721e+05 
1.952771e+01 4.899735e+06 3.114660e+05 
1.943855e+01 5.242315e+06 4.015721e+05 
1.943173e+01 5.258956e+06 4.152880e+05 
1.943855e+01 5.242315e+06 4.015721e+05 
1.950473e+01 4.943665e+06 4.152880e+05 
1.950473e+01 4.943665e+06 4.152880e+05 
1.943855e+01 5.242315e+06 4.015721e+05 
1.951155e+01 4.927024e+06 3.114660e+05 
1.943173e+01 5.258956e+06 4.152880e+05 
1.944789e+01 5.231667e+06 4.152880e+05 
1.952089e+01 4.916376e+06 4.152880e+05 
1.947086e+01 5.187737e+06 4.015721e+05 
1.950473e+01 4.943665e+06 4.152880e+05 
1.943173e+01 5.258956e+06 4.152880e+05 
1.943173e+01 5.258956e+06 4.152880e+05 
1.943173e+01 5.258956e+06 4.152880e+05 
1.943855e+01 5.242315e+06 4.015721e+05 
1.950473e+01 4.943665e+06 4.152880e+05 
1.944789e+01 5.231667e+06 4.152880e+05 
1.943173e+01 5.258956e+06 4.152880e+05 
1.943173e+01 5.258956e+06 4.152880e+05 
1.951155e+01 4.927024e+06 3.114660e+05 
1.943173e+01 5.258956e+06 4.152880e+05 
1.950473e+01 4.943665e+06 4.152880e+05 
2.059363e+01 6.393520e+06 2.746280e+05 
1.943173e+01 5.258956e+06 4.152880e+05 
1.951155e+01 4.927024e+06 3.114660e+05 
1.943855e+01 5.242315e+06 4.015721e+05 
1.943173e+01 5.258956e+06 4.152880e+05 
1.952771e+01 4.899735e+06 3.114660e+05 
1.943173e+01 5.258956e+06 4.152880e+05 
1.943173e+01 5.258956e+06 4.152880e+05 
1.943855e+01 5.242315e+06 4.015721e+05 
1.951155e+01 4.927024e+06 3.114660e+05 
1.943173e+01 5.258956e+06 4.152880e+05 
2.002033e+01 4.738526e+06 4.152880e+05 
1.952771e+01 4.899735e+06 3.114660e+05 
1.943173e+01 5.258956e+06 4.152880e+05 
1.952089e+01 4.916376e+06 4.152880e+05 
1.952089e+01 4.916376e+06 4.152880e+05 
1.954386e+01 4.872446e+06 3.114660e+05 
1.950473e+01 4.943665e+06 4.152880e+05 
1.952771e+01 4.899735e+06 3.114660e+05 
1.950473e+01 4.943665e+06 4.152880e+05 

2.104964e+01 5.396991e+06 2.746280e+05 
2.125456e+01 4.880200e+06 2.567240e+05 
1.943855e+01 5.242315e+06 4.015721e+05 
1.943173e+01 5.258956e+06 4.152880e+05 
2.136166e+01 4.784002e+06 3.114660e+05 
1.943173e+01 5.258956e+06 4.152880e+05 
1.943173e+01 5.258956e+06 4.152880e+05 
2.125456e+01 4.880200e+06 2.567240e+05 
2.125456e+01 4.880200e+06 2.567240e+05 
2.114064e+01 4.993039e+06 2.567240e+05 
2.125456e+01 4.880200e+06 2.567240e+05 
2.103348e+01 5.424280e+06 2.746280e+05 
2.113125e+01 5.374251e+06 2.746280e+05 
1.999515e+01 5.833791e+06 2.746280e+05 
2.125456e+01 4.880200e+06 2.567240e+05 
2.136166e+01 4.784002e+06 3.114660e+05 
2.114064e+01 4.993039e+06 2.567240e+05 
2.136848e+01 4.767361e+06 2.567240e+05 
2.019333e+01 5.631341e+06 2.746280e+05 
2.136166e+01 4.784002e+06 3.114660e+05 
1.943173e+01 5.258956e+06 4.152880e+05 
2.136166e+01 4.784002e+06 3.114660e+05 
2.123841e+01 4.943010e+06 2.567240e+05 
2.114064e+01 4.993039e+06 2.567240e+05 
1.943855e+01 5.242315e+06 4.015721e+05 
1.960250e+01 4.893636e+06 4.152880e+05 
2.136166e+01 4.784002e+06 3.114660e+05 
2.114064e+01 4.993039e+06 2.567240e+05 
1.943173e+01 5.258956e+06 4.152880e+05 
2.127071e+01 4.852911e+06 2.567240e+05 
2.136166e+01 4.784002e+06 3.114660e+05 
2.103348e+01 5.424280e+06 2.746280e+05 
2.136166e+01 4.784002e+06 3.114660e+05 
2.018378e+01 5.634535e+06 2.746280e+05 
2.123841e+01 4.943010e+06 2.567240e+05 
1.943173e+01 5.258956e+06 4.152880e+05 
1.951155e+01 4.927024e+06 3.114660e+05 
1.943173e+01 5.258956e+06 4.152880e+05 
1.943855e+01 5.242315e+06 4.015721e+05 
2.137782e+01 4.756713e+06 3.114660e+05 
1.952089e+01 4.916376e+06 4.152880e+05 
1.943173e+01 5.258956e+06 4.152880e+05 
2.103348e+01 5.424280e+06 2.746280e+05 
1.960250e+01 4.893636e+06 4.152880e+05 
2.103348e+01 5.424280e+06 2.746280e+05 
2.136166e+01 4.784002e+06 3.114660e+05 
2.125456e+01 4.880200e+06 2.567240e+05 
1.943855e+01 5.242315e+06 4.015721e+05 
1.960250e+01 4.893636e+06 4.152880e+05 
1.943173e+01 5.258956e+06 4.152880e+05 
1.951155e+01 4.927024e+06 3.114660e+05 
2.125456e+01 4.880200e+06 2.567240e+05 
2.114064e+01 4.993039e+06 2.567240e+05 
2.136848e+01 4.767361e+06 2.567240e+05 
2.138463e+01 4.740072e+06 2.567240e+05 
2.136166e+01 4.784002e+06 3.114660e+05 
1.943855e+01 5.242315e+06 4.015721e+05 
2.123841e+01 4.943010e+06 2.567240e+05 
2.038833e+01 5.435276e+06 2.746280e+05 
2.127071e+01 4.852911e+06 2.567240e+05 
2.114064e+01 4.993039e+06 2.567240e+05 
2.136848e+01 4.767361e+06 2.567240e+05 
1.943855e+01 5.242315e+06 4.015721e+05 
2.114064e+01 4.993039e+06 2.567240e+05 
2.136166e+01 4.784002e+06 3.114660e+05 
1.960250e+01 4.893636e+06 4.152880e+05 
1.943173e+01 5.258956e+06 4.152880e+05 
1.962547e+01 4.814185e+06 3.114660e+05 
2.137782e+01 4.756713e+06 3.114660e+05 
1.943173e+01 5.258956e+06 4.152880e+05 
1.943173e+01 5.258956e+06 4.152880e+05 
2.114064e+01 4.993039e+06 2.567240e+05 
1.943173e+01 5.258956e+06 4.152880e+05 
1.945470e+01 5.215026e+06 4.015721e+05 
2.018378e+01 5.634535e+06 2.746280e+05 
2.135232e+01 4.830171e+06 2.567240e+05 
2.029771e+01 5.557217e+06 2.746280e+05 
2.000418e+01 4.801336e+06 4.152880e+05 
2.136166e+01 4.784002e+06 3.114660e+05 
1.943173e+01 5.258956e+06 4.152880e+05 
2.125456e+01 4.880200e+06 2.567240e+05 
2.139397e+01 4.729424e+06 3.114660e+05 
2.136166e+01 4.784002e+06 3.114660e+05 
1.943173e+01 5.258956e+06 4.152880e+05 
2.114064e+01 4.993039e+06 2.567240e+05 
1.943173e+01 5.258956e+06 4.152880e+05 
2.136166e+01 4.784002e+06 3.114660e+05 
2.136166e+01 4.784002e+06 3.114660e+05 
2.104964e+01 5.396991e+06 2.746280e+05 
1.943173e+01 5.258956e+06 4.152880e+05 
1.960250e+01 4.893636e+06 4.152880e+05 
2.136166e+01 4.784002e+06 3.114660e+05 
1.943855e+01 5.242315e+06 4.015721e+05 
1.960250e+01 4.893636e+06 4.152880e+05 
2.125456e+01 4.880200e+06 2.567240e+05 
1.950473e+01 4.943665e+06 4.152880e+05 
1.943855e+01 5.242315e+06 4.015721e+05 
2.104964e+01 5.396991e+06 2.746280e+05 
1.943855e+01 5.242315e+06 4.015721e+05 
2.125456e+01 4.880200e+06 2.567240e+05 

1.951155e+01 4.927024e+06 3.114660e+05 
1.943173e+01 5.258956e+06 4.152880e+05 
1.943173e+01 5.258956e+06 4.152880e+05 
1.951155e+01 4.927024e+06 3.114660e+05 
1.990642e+01 4.851365e+06 4.152880e+05 
1.943855e+01 5.242315e+06 4.015721e+05 
1.943855e+01 5.242315e+06 4.015721e+05 
1.943855e+01 5.242315e+06 4.015721e+05 
1.990642e+01 4.851365e+06 4.152880e+05 
1.943173e+01 5.258956e+06 4.152880e+05 
1.943855e+01 5.242315e+06 4.015721e+05 
1.990642e+01 4.851365e+06 4.152880e+05 
1.951155e+01 4.927024e+06 3.114660e+05 
1.943855e+01 5.242315e+06 4.015721e+05 
1.951155e+01 4.927024e+06 3.114660e+05 
1.952518e+01 4.893742e+06 2.732880e+05 
1.943855e+01 5.242315e+06 4.015721e+05 
1.952518e+01 4.893742e+06 2.732880e+05 
1.951155e+01 4.927024e+06 3.114660e+05 
1.943855e+01 5.242315e+06 4.015721e+05 
1.950473e+01 4.943665e+06 4.152880e+05 
1.943173e+01 5.258956e+06 4.152880e+05 
1.943855e+01 5.242315e+06 4.015721e+05 
1.944536e+01 5.225674e+06 4.015721e+05 
1.951155e+01 4.927024e+06 3.114660e+05 
1.943173e+01 5.258956e+06 4.152880e+05 
1.950473e+01 4.943665e+06 4.152880e+05 
1.950473e+01 4.943665e+06 4.152880e+05 
1.951837e+01 4.910383e+06 2.567240e+05 
1.943173e+01 5.258956e+06 4.152880e+05 
1.951837e+01 4.910383e+06 2.567240e+05 
1.951155e+01 4.927024e+06 3.114660e+05 
1.992005e+01 4.818083e+06 2.567240e+05 
3.058198e+01 5.057337e+06 2.076440e+05 
1.943173e+01 5.258956e+06 4.152880e+05 
1.952518e+01 4.893742e+06 2.732880e+05 
1.990642e+01 4.851365e+06 4.152880e+05 
1.943173e+01 5.258956e+06 4.152880e+05 
1.991323e+01 4.834724e+06 3.114660e+05 
3.002763e+01 5.077164e+06 2.076440e+05 
1.943173e+01 5.258956e+06 4.152880e+05 
1.951155e+01 4.927024e+06 3.114660e+05 
1.943855e+01 5.242315e+06 4.015721e+05 
1.950473e+01 4.943665e+06 4.152880e+05 
1.951155e+01 4.927024e+06 3.114660e+05 
1.950473e+01 4.943665e+06 4.152880e+05 
1.943173e+01 5.258956e+06 4.152880e+05 
1.951155e+01 4.927024e+06 3.114660e+05 
1.943855e+01 5.242315e+06 4.015721e+05 
1.951837e+01 4.910383e+06 2.567240e+05 
1.951155e+01 4.927024e+06 3.114660e+05 
1.950473e+01 4.943665e+06 4.152880e+05 
3.003445e+01 5.060523e+06 2.007860e+05 
1.991323e+01 4.834724e+06 3.114660e+05 
1.951155e+01 4.927024e+06 3.114660e+05 
1.951155e+01 4.927024e+06 3.114660e+05 
1.950473e+01 4.943665e+06 4.152880e+05 
1.943173e+01 5.258956e+06 4.152880e+05 
1.951155e+01 4.927024e+06 3.114660e+05 
1.943173e+01 5.258956e+06 4.152880e+05 
1.950473e+01 4.943665e+06 4.152880e+05 
1.951155e+01 4.927024e+06 3.114660e+05 
1.943173e+01 5.258956e+06 4.152880e+05 
1.943855e+01 5.242315e+06 4.015721e+05 
1.950473e+01 4.943665e+06 4.152880e+05 
1.950473e+01 4.943665e+06 4.152880e+05 
1.943173e+01 5.258956e+06 4.152880e+05 
1.950473e+01 4.943665e+06 4.152880e+05 
1.950473e+01 4.943665e+06 4.152880e+05 
1.951155e+01 4.927024e+06 3.114660e+05 
1.943855e+01 5.242315e+06 4.015721e+05 
1.951837e+01 4.910383e+06 2.567240e+05 
1.943173e+01 5.258956e+06 4.152880e+05 
1.943173e+01 5.258956e+06 4.152880e+05 
1.950473e+01 4.943665e+06 4.152880e+05 
3.058198e+01 5.057337e+06 2.076440e+05 
1.950473e+01 4.943665e+06 4.152880e+05 
1.950473e+01 4.943665e+06 4.152880e+05 
1.951837e+01 4.910383e+06 2.567240e+05 
1.950473e+01 4.943665e+06 4.152880e+05 
1.990642e+01 4.851365e+06 4.152880e+05 
1.950473e+01 4.943665e+06 4.152880e+05 
1.943173e+01 5.258956e+06 4.152880e+05 
1.943855e+01 5.242315e+06 4.015721e+05 
1.943173e+01 5.258956e+06 4.152880e+05 
1.951155e+01 4.927024e+06 3.114660e+05 
1.965184e+01 4.904102e+06 2.567240e+05 
1.944536e+01 5.225674e+06 4.015721e+05 
1.943173e+01 5.258956e+06 4.152880e+05 
1.950473e+01 4.943665e+06 4.152880e+05 
1.951155e+01 4.927024e+06 3.114660e+05 
1.943173e+01 5.258956e+06 4.152880e+05 
1.951155e+01 4.927024e+06 3.114660e+05 
1.944536e+01 5.225674e+06 4.015721e+05 
1.943173e+01 5.258956e+06 4.152880e+05 
1.951155e+01 4.927024e+06 3.114660e+05 
1.943855e+01 5.242315e+06 4.015721e+05 
1.943173e+01 5.258956e+06 4.152880e+05 
1.943173e+01 5.258956e+06 4.152880e+05 
1.950473e+01 4.943665e+06 4.152880e+05 

