8.561700e+03 3.616244e+07 1.057574e+06 
8.167100e+03 3.169300e+07 1.284197e+06 
7.200250e+03 2.901715e+07 1.617271e+06 
6.441800e+03 2.597843e+07 2.127989e+06 
8.702700e+03 3.706283e+07 9.363151e+05 
8.297250e+03 3.511731e+07 1.133115e+06 
8.058700e+03 3.162848e+07 1.329992e+06 
8.728000e+03 3.671884e+07 9.820330e+05 
7.222600e+03 2.892163e+07 1.659831e+06 
6.323050e+03 2.554133e+07 2.298228e+06 
6.626300e+03 2.665314e+07 2.042869e+06 
7.943650e+03 3.075355e+07 1.359738e+06 
8.281750e+03 3.462683e+07 1.208656e+06 
6.582850e+03 2.692569e+07 2.085429e+06 
8.211700e+03 3.449359e+07 1.276793e+06 
6.437300e+03 2.604637e+07 2.127989e+06 
8.331400e+03 3.510010e+07 1.133115e+06 
8.258250e+03 3.506045e+07 1.208656e+06 
7.573750e+03 2.962962e+07 1.532152e+06 
7.479250e+03 2.986304e+07 1.435279e+06 
6.609100e+03 2.686416e+07 2.000309e+06 
6.607600e+03 2.689719e+07 2.000309e+06 
6.630050e+03 2.680213e+07 1.957750e+06 
9.161950e+03 3.827906e+07 8.309510e+05 
7.530450e+03 2.981411e+07 1.585351e+06 
7.913150e+03 3.111189e+07 1.415112e+06 
8.234000e+03 3.559870e+07 1.191674e+06 
7.104850e+03 2.851690e+07 1.702391e+06 
8.504600e+03 3.606063e+07 1.106554e+06 
6.373250e+03 2.562117e+07 2.213108e+06 
8.975650e+03 3.757611e+07 9.064920e+05 
8.399650e+03 3.468967e+07 1.133115e+06 
7.934350e+03 3.094158e+07 1.359738e+06 
8.081550e+03 3.205694e+07 1.284197e+06 
6.600850e+03 2.670210e+07 2.042869e+06 
6.368600e+03 2.563199e+07 2.298228e+06 
8.262750e+03 3.522316e+07 1.133115e+06 
6.335300e+03 2.553574e+07 2.298228e+06 
8.646900e+03 3.656543e+07 1.021435e+06 
6.586150e+03 2.676205e+07 2.042869e+06 
8.372650e+03 3.514463e+07 1.191674e+06 
8.984300e+03 3.724332e+07 9.064920e+05 
7.471250e+03 3.026784e+07 1.532152e+06 
7.238850e+03 2.892968e+07 1.617271e+06 
9.129700e+03 3.837251e+07 9.043945e+05 
8.183150e+03 3.513716e+07 1.208656e+06 
8.269650e+03 3.489732e+07 1.191674e+06 
7.528400e+03 2.985767e+07 1.585351e+06 
6.334200e+03 2.577400e+07 2.213108e+06 
6.711800e+03 2.706267e+07 1.872630e+06 

7.449600e+03 3.037847e+07 1.532152e+06 
7.321750e+03 2.977471e+07 1.872630e+06 
7.444000e+03 3.026835e+07 1.585351e+06 
7.370050e+03 2.954002e+07 1.872630e+06 
9.344550e+03 3.647748e+07 1.021435e+06 
9.816150e+03 4.026824e+07 9.820330e+05 
1.045020e+04 4.182551e+07 9.363151e+05 
1.065630e+04 4.303580e+07 8.809373e+05 
1.018805e+04 4.137401e+07 9.514126e+05 
6.366800e+03 2.603656e+07 2.553587e+06 
6.781550e+03 2.772950e+07 2.042869e+06 
1.049065e+04 4.204541e+07 9.029603e+05 
7.641600e+03 3.112154e+07 1.415112e+06 
6.463150e+03 2.626831e+07 2.298228e+06 
6.390650e+03 2.616161e+07 2.468467e+06 
6.444450e+03 2.633891e+07 2.298228e+06 
7.716800e+03 3.141612e+07 1.276793e+06 
6.407250e+03 2.621400e+07 2.383347e+06 
7.034250e+03 2.831475e+07 1.957750e+06 
1.020160e+04 4.160039e+07 9.369306e+05 
6.456150e+03 2.632312e+07 2.298228e+06 
7.330900e+03 2.957996e+07 1.787511e+06 
8.492250e+03 3.390694e+07 1.159753e+06 
8.329650e+03 3.328481e+07 1.244873e+06 
7.653800e+03 3.105714e+07 1.415112e+06 
8.978550e+03 3.648601e+07 1.074634e+06 
6.365600e+03 2.603689e+07 2.553587e+06 
6.498550e+03 2.630196e+07 2.298228e+06 
6.428050e+03 2.612948e+07 2.468467e+06 
6.696350e+03 2.727740e+07 2.127989e+06 
7.001950e+03 2.856531e+07 1.957750e+06 
9.160100e+03 3.738078e+07 1.021435e+06 
1.030855e+04 4.103923e+07 9.381979e+05 
8.525900e+03 3.400737e+07 1.091033e+06 
7.688750e+03 3.116303e+07 1.361913e+06 
1.069670e+04 4.302144e+07 8.641580e+05 
6.582800e+03 2.675861e+07 2.213108e+06 
1.046970e+04 4.221639e+07 9.267038e+05 
7.529600e+03 3.057739e+07 1.447032e+06 
1.071680e+04 4.262050e+07 8.809373e+05 
8.541200e+03 3.395449e+07 1.106554e+06 
8.367450e+03 3.349082e+07 1.191674e+06 
1.038235e+04 4.139017e+07 9.369306e+05 
7.731250e+03 3.120235e+07 1.329992e+06 
6.428250e+03 2.615329e+07 2.383347e+06 
6.556100e+03 2.688685e+07 2.213108e+06 
6.692150e+03 2.741167e+07 2.127989e+06 
7.016650e+03 2.845774e+07 1.957750e+06 
9.221800e+03 3.727957e+07 9.895141e+05 
7.382950e+03 3.003893e+07 1.702391e+06 

6.538000e+03 2.662393e+07 2.127989e+06 
9.525700e+03 3.712517e+07 1.057574e+06 
7.023600e+03 2.850056e+07 1.787511e+06 
6.472250e+03 2.666523e+07 2.553587e+06 
6.489050e+03 2.665186e+07 2.553587e+06 
8.984000e+03 3.799663e+07 9.822461e+05 
9.699550e+03 3.792184e+07 9.895141e+05 
8.743000e+03 3.523389e+07 1.191674e+06 
8.223450e+03 3.372850e+07 1.284197e+06 
6.536550e+03 2.658496e+07 2.213108e+06 
7.886400e+03 3.160747e+07 1.361913e+06 
7.116200e+03 2.940610e+07 1.617271e+06 
8.209750e+03 3.380445e+07 1.329992e+06 
8.550750e+03 3.439039e+07 1.234234e+06 
7.856450e+03 3.141221e+07 1.404473e+06 
6.523950e+03 2.671047e+07 2.298228e+06 
7.665000e+03 3.075318e+07 1.489592e+06 
7.128700e+03 2.937459e+07 1.617271e+06 
6.685050e+03 2.752017e+07 1.957750e+06 
7.993600e+03 3.196485e+07 1.359738e+06 
7.548300e+03 3.065568e+07 1.532152e+06 
8.510400e+03 3.513518e+07 1.234234e+06 
9.589450e+03 3.711215e+07 1.057574e+06 
1.001710e+04 3.993000e+07 9.524178e+05 
7.594100e+03 3.053498e+07 1.532152e+06 
6.689850e+03 2.751789e+07 1.957750e+06 
6.516600e+03 2.702051e+07 2.298228e+06 
8.245400e+03 3.385375e+07 1.276793e+06 
1.005380e+04 3.986777e+07 9.820330e+05 
6.485250e+03 2.665285e+07 2.553587e+06 
1.012855e+04 3.986984e+07 9.524178e+05 
8.700900e+03 3.501710e+07 1.208656e+06 
7.815650e+03 3.179955e+07 1.404473e+06 
7.087600e+03 2.926672e+07 1.702391e+06 
7.541050e+03 3.080277e+07 1.532152e+06 
7.821300e+03 3.153129e+07 1.361913e+06 
8.821800e+03 3.591076e+07 1.106554e+06 
6.979600e+03 2.856908e+07 1.787511e+06 
6.491950e+03 2.657269e+07 2.468467e+06 
7.795100e+03 3.171365e+07 1.435279e+06 
7.488900e+03 3.072219e+07 1.585351e+06 
7.583800e+03 3.084602e+07 1.447032e+06 
8.569550e+03 3.576980e+07 1.208656e+06 
6.499950e+03 2.653844e+07 2.468467e+06 
6.728500e+03 2.731031e+07 2.042869e+06 
8.887900e+03 3.576008e+07 1.106554e+06 
6.673700e+03 2.753653e+07 2.042869e+06 
8.902500e+03 3.774171e+07 1.057574e+06 
6.848150e+03 2.814401e+07 1.872630e+06 
7.026200e+03 2.928817e+07 1.702391e+06 

7.526550e+03 3.175990e+07 1.447032e+06 
9.624200e+03 3.842077e+07 9.064920e+05 
7.087450e+03 2.972055e+07 1.617271e+06 
7.624700e+03 3.180788e+07 1.404473e+06 
9.060050e+03 3.644432e+07 1.057574e+06 
6.349550e+03 2.582232e+07 2.468467e+06 
9.007850e+03 3.707376e+07 1.057574e+06 
6.925100e+03 2.923947e+07 1.702391e+06 
7.441900e+03 3.087381e+07 1.586361e+06 
6.708100e+03 2.812639e+07 2.042869e+06 
6.373900e+03 2.594425e+07 2.383347e+06 
9.035650e+03 3.608838e+07 1.106554e+06 
9.314000e+03 3.778213e+07 1.021435e+06 
6.904050e+03 2.896849e+07 1.787511e+06 
6.350850e+03 2.581362e+07 2.468467e+06 
9.651950e+03 3.914701e+07 8.511955e+05 
7.384300e+03 3.101402e+07 1.532152e+06 
7.663400e+03 3.170862e+07 1.447032e+06 
9.439900e+03 3.871384e+07 9.019924e+05 
6.438550e+03 2.687424e+07 2.127989e+06 
8.860800e+03 3.575728e+07 1.133115e+06 
7.376800e+03 3.096754e+07 1.574712e+06 
8.095550e+03 3.315760e+07 1.284197e+06 
9.493150e+03 3.848295e+07 8.674190e+05 
9.241850e+03 3.856639e+07 1.021435e+06 
9.552100e+03 3.831035e+07 9.820330e+05 
6.378400e+03 2.639030e+07 2.298228e+06 
6.826300e+03 2.873414e+07 1.957750e+06 
9.638500e+03 3.840189e+07 9.363151e+05 
6.309700e+03 2.574143e+07 2.553587e+06 
9.389650e+03 3.844719e+07 9.363151e+05 
6.372400e+03 2.600159e+07 2.383347e+06 
8.389200e+03 3.465210e+07 1.191674e+06 
7.646250e+03 3.204004e+07 1.361913e+06 
8.886200e+03 3.634382e+07 1.106554e+06 
7.712650e+03 3.195565e+07 1.361913e+06 
6.443250e+03 2.677566e+07 2.127989e+06 
6.383800e+03 2.642931e+07 2.213108e+06 
6.950950e+03 2.919665e+07 1.702391e+06 
9.508250e+03 3.808180e+07 9.913360e+05 
7.370000e+03 3.088728e+07 1.586361e+06 
6.826550e+03 2.844573e+07 1.872630e+06 
9.528350e+03 3.841670e+07 9.363151e+05 
6.484350e+03 2.672403e+07 2.127989e+06 
9.100500e+03 3.701099e+07 1.042466e+06 
7.384700e+03 3.088688e+07 1.510820e+06 
6.382550e+03 2.635224e+07 2.298228e+06 
8.996100e+03 3.711147e+07 1.057574e+06 
7.440100e+03 3.137499e+07 1.489592e+06 
6.886400e+03 2.897143e+07 1.787511e+06 

7.133950e+03 2.958165e+07 1.510820e+06 
6.973500e+03 2.898507e+07 1.787511e+06 
6.473050e+03 2.632390e+07 2.383347e+06 
9.541050e+03 3.850702e+07 9.300608e+05 
6.999050e+03 2.902800e+07 1.702391e+06 
6.401550e+03 2.638423e+07 2.553587e+06 
9.286350e+03 3.760822e+07 9.381979e+05 
8.467950e+03 3.471021e+07 1.208656e+06 
6.555900e+03 2.693180e+07 2.127989e+06 
6.430250e+03 2.614520e+07 2.553587e+06 
8.930850e+03 3.554799e+07 1.106554e+06 
6.402600e+03 2.647815e+07 2.468467e+06 
9.223300e+03 3.817034e+07 9.881893e+05 
6.504900e+03 2.707131e+07 2.127989e+06 
9.234750e+03 3.703662e+07 1.021435e+06 
7.668100e+03 3.264325e+07 1.361913e+06 
8.598850e+03 3.443009e+07 1.208656e+06 
9.636050e+03 3.839961e+07 9.363151e+05 
8.169250e+03 3.406762e+07 1.284197e+06 
6.489250e+03 2.633461e+07 2.298228e+06 
6.406100e+03 2.629588e+07 2.468467e+06 
8.533600e+03 3.425879e+07 1.276793e+06 
7.095850e+03 2.910041e+07 1.617271e+06 
9.099950e+03 3.579645e+07 1.276793e+06 
7.005150e+03 2.874163e+07 1.787511e+06 
6.432000e+03 2.604188e+07 2.553587e+06 
6.517350e+03 2.701084e+07 2.042869e+06 
7.850050e+03 3.301374e+07 1.359738e+06 
7.226400e+03 2.950336e+07 1.447032e+06 
6.548350e+03 2.696298e+07 2.042869e+06 
7.032550e+03 2.894205e+07 1.702391e+06 
7.745650e+03 3.246149e+07 1.361913e+06 
7.032450e+03 2.931664e+07 1.617271e+06 
6.422200e+03 2.638013e+07 2.298228e+06 
6.620850e+03 2.731184e+07 1.872630e+06 
6.453350e+03 2.620438e+07 2.468467e+06 
8.835550e+03 3.475800e+07 1.191674e+06 
6.472650e+03 2.656775e+07 2.213108e+06 
9.410250e+03 3.760754e+07 9.820330e+05 
6.565450e+03 2.718093e+07 1.957750e+06 
6.438950e+03 2.616351e+07 2.553587e+06 
6.411700e+03 2.617521e+07 2.468467e+06 
7.254200e+03 2.938861e+07 1.510820e+06 
8.802450e+03 3.598188e+07 1.191674e+06 
7.255950e+03 3.040362e+07 1.532152e+06 
6.604450e+03 2.752320e+07 1.872630e+06 
7.302800e+03 2.990667e+07 1.435279e+06 
6.411400e+03 2.625000e+07 2.468467e+06 
6.605750e+03 2.711091e+07 1.957750e+06 
8.514600e+03 3.461036e+07 1.208656e+06 

8.176350e+03 3.268140e+07 1.106554e+06 
6.784650e+03 2.785247e+07 1.872630e+06 
6.998950e+03 2.872125e+07 1.787511e+06 
7.020750e+03 2.933668e+07 1.702391e+06 
1.004775e+04 3.878602e+07 9.363151e+05 
6.434100e+03 2.625110e+07 2.553587e+06 
6.457450e+03 2.627210e+07 2.468467e+06 
8.162200e+03 3.257203e+07 1.191674e+06 
7.378200e+03 2.983107e+07 1.532152e+06 
8.085150e+03 3.250545e+07 1.202313e+06 
6.739550e+03 2.748637e+07 1.957750e+06 
6.811350e+03 2.772903e+07 1.872630e+06 
6.508400e+03 2.656150e+07 2.298228e+06 
6.922000e+03 2.880242e+07 1.787511e+06 
7.075750e+03 2.923467e+07 1.702391e+06 
6.697600e+03 2.735406e+07 2.042869e+06 
7.320200e+03 2.984325e+07 1.532152e+06 
8.308550e+03 3.287388e+07 1.074634e+06 
7.281000e+03 2.947613e+07 1.617271e+06 
8.168500e+03 3.238959e+07 1.212952e+06 
7.630400e+03 3.153688e+07 1.329992e+06 
9.953750e+03 3.845995e+07 9.363151e+05 
7.961850e+03 3.210006e+07 1.276793e+06 
8.276900e+03 3.328361e+07 1.074634e+06 
6.694750e+03 2.736215e+07 2.042869e+06 
6.518650e+03 2.655259e+07 2.298228e+06 
8.299000e+03 3.287338e+07 1.074634e+06 
6.478750e+03 2.641811e+07 2.383347e+06 
6.827750e+03 2.793333e+07 1.872630e+06 
6.435350e+03 2.625150e+07 2.468467e+06 
6.654800e+03 2.742743e+07 2.127989e+06 
8.088150e+03 3.261164e+07 1.133115e+06 
6.936600e+03 2.848974e+07 1.787511e+06 
6.796550e+03 2.774637e+07 1.872630e+06 
6.467950e+03 2.645947e+07 2.383347e+06 
6.480750e+03 2.632633e+07 2.383347e+06 
6.441300e+03 2.648267e+07 2.383347e+06 
7.378650e+03 3.001552e+07 1.447032e+06 
6.480800e+03 2.637106e+07 2.383347e+06 
8.359050e+03 3.342638e+07 1.057574e+06 
6.428050e+03 2.631898e+07 2.553587e+06 
7.635550e+03 3.127717e+07 1.415112e+06 
7.416050e+03 3.013624e+07 1.361913e+06 
6.664600e+03 2.738568e+07 2.127989e+06 
6.608850e+03 2.675139e+07 2.298228e+06 
8.249600e+03 3.339669e+07 1.074634e+06 
8.237850e+03 3.247498e+07 1.133115e+06 
6.738050e+03 2.744315e+07 1.957750e+06 
7.363450e+03 2.989803e+07 1.447032e+06 
8.614300e+03 3.401810e+07 1.055261e+06 

6.537350e+03 2.717489e+07 2.213108e+06 
7.501650e+03 3.040636e+07 1.361913e+06 
6.545450e+03 2.712791e+07 2.213108e+06 
9.368550e+03 3.841980e+07 8.942892e+05 
6.873200e+03 2.877219e+07 1.787511e+06 
8.353400e+03 3.353333e+07 1.057574e+06 
6.790800e+03 2.829566e+07 1.957750e+06 
9.665850e+03 3.898616e+07 8.585176e+05 
7.515450e+03 3.073437e+07 1.359738e+06 
6.457800e+03 2.714072e+07 2.298228e+06 
6.486250e+03 2.704926e+07 2.298228e+06 
8.966150e+03 3.647089e+07 9.881893e+05 
6.816800e+03 2.839157e+07 1.872630e+06 
6.556300e+03 2.709018e+07 2.213108e+06 
6.811350e+03 2.840712e+07 1.872630e+06 
7.901650e+03 3.235711e+07 1.133115e+06 
7.810850e+03 3.194418e+07 1.208656e+06 
6.781150e+03 2.845709e+07 1.957750e+06 
6.503250e+03 2.671307e+07 2.383347e+06 
6.565300e+03 2.689447e+07 2.213108e+06 
6.483150e+03 2.706243e+07 2.298228e+06 
9.264450e+03 3.814236e+07 9.064920e+05 
6.564300e+03 2.675996e+07 2.298228e+06 
7.855750e+03 3.185550e+07 1.276793e+06 
6.956400e+03 2.885730e+07 1.702391e+06 
6.423350e+03 2.679270e+07 2.383347e+06 
9.498250e+03 3.865956e+07 8.585176e+05 
6.548200e+03 2.671320e+07 2.298228e+06 
6.531000e+03 2.681390e+07 2.298228e+06 
6.988350e+03 2.900834e+07 1.702391e+06 
9.275100e+03 3.731515e+07 9.363151e+05 
7.532750e+03 3.045047e+07 1.359738e+06 
6.552550e+03 2.663841e+07 2.298228e+06 
7.448700e+03 3.043129e+07 1.447032e+06 
7.860350e+03 3.217582e+07 1.133115e+06 
9.183900e+03 3.708558e+07 9.363151e+05 
7.459300e+03 3.042090e+07 1.361913e+06 
7.214900e+03 2.997077e+07 1.617271e+06 
7.842850e+03 3.191735e+07 1.208656e+06 
7.456100e+03 3.056965e+07 1.435279e+06 
7.417600e+03 3.053580e+07 1.532152e+06 
7.482350e+03 3.024264e+07 1.361913e+06 
6.443150e+03 2.684431e+07 2.468467e+06 
6.604450e+03 2.761893e+07 2.127989e+06 
6.748800e+03 2.812603e+07 2.042869e+06 
7.810550e+03 3.192879e+07 1.276793e+06 
6.836150e+03 2.840301e+07 1.872630e+06 
7.661100e+03 3.117794e+07 1.284197e+06 
6.923500e+03 2.872551e+07 1.787511e+06 
6.948100e+03 2.870285e+07 1.787511e+06 

7.348000e+03 3.022825e+07 1.702391e+06 
6.525050e+03 2.696482e+07 2.383347e+06 
6.866550e+03 2.781974e+07 2.127989e+06 
6.507900e+03 2.705871e+07 2.468467e+06 
9.053000e+03 3.652878e+07 1.074634e+06 
6.499800e+03 2.698078e+07 2.553587e+06 
6.521400e+03 2.691583e+07 2.468467e+06 
8.187850e+03 3.330917e+07 1.329992e+06 
6.548250e+03 2.688340e+07 2.468467e+06 
7.927500e+03 3.104081e+07 1.585351e+06 
1.012055e+04 4.093338e+07 8.985561e+05 
9.333350e+03 3.642679e+07 1.074634e+06 
7.807800e+03 3.196702e+07 1.532152e+06 
6.875900e+03 2.799931e+07 2.042869e+06 
7.867150e+03 3.142789e+07 1.585351e+06 
8.640750e+03 3.500648e+07 1.276793e+06 
7.835550e+03 3.195496e+07 1.447032e+06 
8.139450e+03 3.290988e+07 1.415112e+06 
7.007100e+03 2.883842e+07 1.872630e+06 
9.956150e+03 4.066749e+07 9.300608e+05 
7.376650e+03 3.017645e+07 1.702391e+06 
8.531850e+03 3.466755e+07 1.276793e+06 
6.565100e+03 2.691987e+07 2.383347e+06 
6.553350e+03 2.705549e+07 2.298228e+06 
9.771350e+03 3.996369e+07 9.820330e+05 
9.241800e+03 3.710716e+07 9.895141e+05 
7.313250e+03 3.044190e+07 1.702391e+06 
6.531050e+03 2.689627e+07 2.468467e+06 
7.137250e+03 2.931641e+07 1.787511e+06 
8.541900e+03 3.450535e+07 1.276793e+06 
9.404150e+03 3.773249e+07 1.244873e+06 
6.622550e+03 2.754654e+07 2.213108e+06 
8.527550e+03 3.506814e+07 1.244873e+06 
9.729250e+03 4.027374e+07 9.820330e+05 
8.787750e+03 3.517691e+07 1.133115e+06 
6.964950e+03 2.857978e+07 1.957750e+06 
8.764350e+03 3.550658e+07 1.191674e+06 
7.943650e+03 3.140030e+07 1.532152e+06 
7.834250e+03 3.199276e+07 1.500231e+06 
6.548450e+03 2.685331e+07 2.468467e+06 
8.582200e+03 3.447060e+07 1.276793e+06 
8.581050e+03 3.458438e+07 1.208656e+06 
6.541950e+03 2.692154e+07 2.468467e+06 
6.540850e+03 2.709169e+07 2.298228e+06 
7.779050e+03 3.174547e+07 1.617271e+06 
8.192550e+03 3.290632e+07 1.361913e+06 
6.838050e+03 2.797803e+07 2.127989e+06 
9.271750e+03 3.660847e+07 1.057574e+06 
6.511800e+03 2.695007e+07 2.553587e+06 
7.860450e+03 3.112590e+07 1.617271e+06 

9.893200e+03 3.917246e+07 9.820330e+05 
6.545150e+03 2.640262e+07 2.127989e+06 
7.911200e+03 3.140254e+07 1.191674e+06 
6.449800e+03 2.604677e+07 2.213108e+06 
6.437350e+03 2.622263e+07 2.298228e+06 
9.135100e+03 3.671947e+07 9.837181e+05 
6.427650e+03 2.619459e+07 2.383347e+06 
9.014150e+03 3.644098e+07 1.021435e+06 
7.873050e+03 3.120890e+07 1.276793e+06 
7.119400e+03 2.866706e+07 1.702391e+06 
8.771250e+03 3.584510e+07 1.074634e+06 
9.645450e+03 4.010658e+07 8.764034e+05 
6.712850e+03 2.717522e+07 1.872630e+06 
6.671850e+03 2.700211e+07 1.957750e+06 
9.751050e+03 3.864728e+07 9.029603e+05 
9.957800e+03 3.951744e+07 8.764034e+05 
6.419500e+03 2.613687e+07 2.468467e+06 
7.292550e+03 2.948207e+07 1.532152e+06 
9.699550e+03 4.102036e+07 9.064920e+05 
7.047200e+03 2.827057e+07 1.787511e+06 
8.858050e+03 3.606069e+07 1.057574e+06 
9.891550e+03 3.972969e+07 8.764034e+05 
9.599050e+03 3.999083e+07 9.064920e+05 
7.200600e+03 2.862815e+07 1.617271e+06 
8.483850e+03 3.441009e+07 1.133115e+06 
9.112700e+03 3.618246e+07 1.021435e+06 
8.438150e+03 3.453721e+07 1.133115e+06 
6.431500e+03 2.614002e+07 2.383347e+06 
8.717600e+03 3.524934e+07 1.106554e+06 
9.071650e+03 3.570816e+07 1.057574e+06 
7.746450e+03 3.085386e+07 1.329992e+06 
9.149050e+03 3.680181e+07 1.057574e+06 
8.705850e+03 3.607093e+07 1.106554e+06 
7.285500e+03 2.951923e+07 1.585351e+06 
6.462350e+03 2.610261e+07 2.298228e+06 
6.730900e+03 2.731061e+07 1.957750e+06 
7.245950e+03 2.898397e+07 1.617271e+06 
6.707700e+03 2.721663e+07 1.872630e+06 
7.312800e+03 2.915182e+07 1.532152e+06 
7.342850e+03 2.946481e+07 1.361913e+06 
6.577600e+03 2.633256e+07 2.042869e+06 
7.154600e+03 2.853775e+07 1.702391e+06 
8.868750e+03 3.574364e+07 1.057574e+06 
7.927000e+03 3.145375e+07 1.208656e+06 
9.092550e+03 3.711822e+07 9.837181e+05 
8.791600e+03 3.524741e+07 1.106554e+06 
7.857800e+03 3.125592e+07 1.276793e+06 
7.350700e+03 2.964588e+07 1.532152e+06 
7.166650e+03 2.865211e+07 1.617271e+06 
9.614000e+03 3.935652e+07 9.121750e+05 

8.425000e+03 3.419100e+07 1.276793e+06 
6.900400e+03 2.810557e+07 2.042869e+06 
6.423800e+03 2.619564e+07 2.383347e+06 
7.254450e+03 3.022886e+07 1.702391e+06 
6.896800e+03 2.810884e+07 2.042869e+06 
8.666300e+03 3.489141e+07 1.057574e+06 
7.020150e+03 2.893334e+07 1.787511e+06 
6.548750e+03 2.675360e+07 2.298228e+06 
6.891700e+03 2.828643e+07 1.872630e+06 
8.072000e+03 3.243439e+07 1.447032e+06 
8.413700e+03 3.425839e+07 1.191674e+06 
6.366050e+03 2.592104e+07 2.553587e+06 
6.657050e+03 2.732864e+07 2.213108e+06 
6.368850e+03 2.596434e+07 2.468467e+06 
8.648550e+03 3.545910e+07 1.057574e+06 
6.365200e+03 2.592072e+07 2.553587e+06 
7.318050e+03 3.079032e+07 1.617271e+06 
7.732250e+03 3.096521e+07 1.532152e+06 
8.451200e+03 3.443550e+07 1.276793e+06 
6.595550e+03 2.698085e+07 2.298228e+06 
6.898850e+03 2.821733e+07 1.957750e+06 
8.079600e+03 3.208694e+07 1.447032e+06 
6.360550e+03 2.601365e+07 2.553587e+06 
6.375550e+03 2.594580e+07 2.468467e+06 
8.344950e+03 3.437264e+07 1.276793e+06 
8.539350e+03 3.476445e+07 1.106554e+06 
8.049600e+03 3.245159e+07 1.447032e+06 
6.916550e+03 2.841160e+07 1.872630e+06 
8.431450e+03 3.432613e+07 1.133115e+06 
6.880250e+03 2.824942e+07 2.042869e+06 
6.674750e+03 2.765906e+07 2.127989e+06 
8.161200e+03 3.244240e+07 1.447032e+06 
6.766600e+03 2.773048e+07 2.127989e+06 
7.248350e+03 3.045116e+07 1.702391e+06 
8.738850e+03 3.501646e+07 1.106554e+06 
6.873300e+03 2.831074e+07 1.957750e+06 
8.923350e+03 3.556038e+07 1.021435e+06 
7.328000e+03 3.055701e+07 1.617271e+06 
6.548700e+03 2.676184e+07 2.298228e+06 
9.815750e+03 3.982691e+07 9.363151e+05 
8.351350e+03 3.343679e+07 1.361913e+06 
8.446400e+03 3.377045e+07 1.276793e+06 
9.700500e+03 3.978129e+07 9.820330e+05 
9.835900e+03 4.022409e+07 9.363151e+05 
6.399200e+03 2.610325e+07 2.468467e+06 
8.367300e+03 3.425675e+07 1.276793e+06 
7.311050e+03 3.056289e+07 1.617271e+06 
8.391600e+03 3.470433e+07 1.191674e+06 
8.282600e+03 3.384600e+07 1.361913e+06 
9.800550e+03 3.992899e+07 9.363151e+05 

