1.669820e+02 3.175525e+07 2.055676e+06 
1.536577e+02 3.281182e+07 2.208646e+06 
1.650864e+02 3.550280e+07 1.832641e+06 
1.553169e+02 3.240623e+07 2.159498e+06 
1.640548e+02 3.276526e+07 1.951854e+06 
1.588097e+02 3.402206e+07 2.007860e+06 
1.615702e+02 3.417713e+07 1.848032e+06 
1.545505e+02 3.266369e+07 2.208646e+06 
1.526549e+02 3.866100e+07 3.614149e+06 
1.601360e+02 3.208619e+07 2.055676e+06 
1.665997e+02 3.169576e+07 2.159498e+06 
1.615184e+02 3.437272e+07 1.848032e+06 
1.660351e+02 3.492322e+07 1.832641e+06 
1.707577e+02 3.245060e+07 1.951854e+06 
1.684291e+02 3.165664e+07 2.159498e+06 
1.549603e+02 3.272648e+07 2.055676e+06 
1.704367e+02 3.173072e+07 2.055676e+06 
1.589921e+02 3.381103e+07 2.007860e+06 
1.580981e+02 3.206457e+07 2.055676e+06 
1.527434e+02 3.832589e+07 3.212577e+06 
1.647838e+02 3.178425e+07 2.159498e+06 
1.615428e+02 3.187991e+07 2.159498e+06 
1.545780e+02 3.253278e+07 2.159498e+06 
1.540217e+02 3.289055e+07 2.208646e+06 
1.557230e+02 3.228390e+07 2.159498e+06 
1.523986e+02 3.877420e+07 3.814935e+06 
1.531115e+02 3.417639e+07 2.610219e+06 
1.538532e+02 3.293506e+07 2.409432e+06 
1.527910e+02 3.330470e+07 2.409432e+06 
1.718069e+02 3.262669e+07 1.848032e+06 
1.578213e+02 3.212115e+07 2.055676e+06 
1.712179e+02 3.162424e+07 2.159498e+06 
1.579801e+02 3.481547e+07 1.848032e+06 
1.679553e+02 3.167264e+07 2.159498e+06 
1.524952e+02 3.378186e+07 2.409432e+06 
1.580609e+02 3.216054e+07 2.159498e+06 
1.586538e+02 3.566415e+07 1.848032e+06 
1.718527e+02 3.536564e+07 1.736186e+06 
1.742188e+02 3.147445e+07 2.159498e+06 
1.663068e+02 3.500222e+07 1.744210e+06 
1.535737e+02 3.367033e+07 2.208646e+06 
1.560176e+02 3.233288e+07 2.055676e+06 
1.701856e+02 3.259243e+07 1.951854e+06 
1.564079e+02 3.232782e+07 2.055676e+06 
1.595198e+02 3.367135e+07 2.007860e+06 
1.566414e+02 3.281091e+07 2.055676e+06 
1.796242e+02 3.155313e+07 2.159498e+06 
1.733666e+02 3.251810e+07 1.848032e+06 
1.553538e+02 3.493019e+07 2.055676e+06 
1.585378e+02 3.196020e+07 2.159498e+06 
1.729547e+02 3.297555e+07 1.848032e+06 
1.631853e+02 3.175778e+07 2.159498e+06 
1.526278e+02 3.359844e+07 2.409432e+06 
1.555661e+02 3.211833e+07 2.159498e+06 
1.532849e+02 3.290315e+07 2.409432e+06 
1.572572e+02 3.508925e+07 2.007860e+06 
1.572719e+02 3.481284e+07 2.007860e+06 
1.522848e+02 3.901447e+07 3.614149e+06 
1.591101e+02 3.457514e+07 1.848032e+06 
1.680131e+02 3.169344e+07 2.055676e+06 
1.604729e+02 3.182080e+07 2.159498e+06 
1.596224e+02 3.336399e+07 2.007860e+06 
1.675344e+02 3.172805e+07 2.159498e+06 
1.571105e+02 3.518034e+07 2.007860e+06 
1.712729e+02 3.150293e+07 2.159498e+06 
1.590174e+02 3.207685e+07 2.159498e+06 
1.565899e+02 3.231223e+07 2.055676e+06 
1.559344e+02 3.245685e+07 2.055676e+06 
1.596401e+02 3.199886e+07 2.159498e+06 
1.643959e+02 3.185456e+07 2.055676e+06 
1.582684e+02 3.436227e+07 2.007860e+06 
1.725312e+02 3.373403e+07 1.744210e+06 
1.661366e+02 3.431823e+07 1.744210e+06 
1.585127e+02 3.416437e+07 1.951854e+06 
1.549364e+02 3.523213e+07 2.055676e+06 
1.682579e+02 3.169061e+07 2.159498e+06 
1.546215e+02 3.280823e+07 2.409432e+06 
1.613894e+02 3.444879e+07 1.848032e+06 
1.659305e+02 3.556245e+07 1.807074e+06 
1.704156e+02 3.390959e+07 1.744210e+06 
1.621586e+02 3.301374e+07 1.848032e+06 
1.630693e+02 3.182399e+07 2.159498e+06 
1.628072e+02 3.185363e+07 2.055676e+06 
1.521974e+02 3.879634e+07 3.614149e+06 
1.600195e+02 3.393060e+07 1.951854e+06 
1.532991e+02 3.324708e+07 2.409432e+06 
1.586434e+02 3.408282e+07 2.007860e+06 
1.555739e+02 3.249249e+07 2.055676e+06 
1.660837e+02 3.174985e+07 2.159498e+06 
1.689738e+02 3.284455e+07 1.848032e+06 
1.705186e+02 3.155692e+07 2.159498e+06 
1.547851e+02 3.216082e+07 2.159498e+06 
1.642377e+02 3.354005e+07 1.848032e+06 
1.737659e+02 3.382735e+07 1.744210e+06 
1.683848e+02 3.164695e+07 2.208646e+06 
1.663476e+02 3.250011e+07 1.951854e+06 
1.554402e+02 3.272027e+07 2.055676e+06 
1.579564e+02 3.511505e+07 1.951854e+06 
1.666205e+02 3.403398e+07 1.744210e+06 
1.631290e+02 3.177851e+07 2.159498e+06 

1.580137e+02 3.280770e+07 2.610219e+06 
1.647884e+02 3.548569e+07 1.807074e+06 
1.601473e+02 3.213114e+07 2.076440e+06 
1.534379e+02 3.435690e+07 3.011791e+06 
1.521553e+02 3.546914e+07 3.413363e+06 
1.576219e+02 3.302551e+07 2.610219e+06 
1.796410e+02 3.305659e+07 1.972618e+06 
1.661055e+02 3.452055e+07 1.764974e+06 
1.577830e+02 3.314465e+07 2.208646e+06 
1.683585e+02 3.164327e+07 2.076440e+06 
1.569493e+02 3.301955e+07 2.610219e+06 
1.540096e+02 3.409356e+07 3.011791e+06 
1.571626e+02 3.319225e+07 2.811005e+06 
1.631593e+02 3.196806e+07 2.076440e+06 
1.608053e+02 3.412714e+07 2.007860e+06 
1.581049e+02 3.241500e+07 2.076440e+06 
1.712772e+02 3.446094e+07 1.868796e+06 
1.569764e+02 3.348720e+07 2.208646e+06 
1.756511e+02 3.152127e+07 2.076440e+06 
1.642594e+02 3.184758e+07 2.076440e+06 
1.648459e+02 3.186790e+07 2.076440e+06 
1.626145e+02 3.199316e+07 2.076440e+06 
1.747029e+02 3.150321e+07 2.076440e+06 
1.547930e+02 3.371229e+07 3.011791e+06 
1.535599e+02 3.431756e+07 3.212577e+06 
1.653112e+02 3.181154e+07 2.076440e+06 
1.657202e+02 3.485884e+07 1.764974e+06 
1.552279e+02 3.381652e+07 3.011791e+06 
1.694422e+02 3.337206e+07 1.972618e+06 
1.703663e+02 3.315125e+07 1.972618e+06 
1.550046e+02 3.439829e+07 2.811005e+06 
1.566219e+02 3.327388e+07 2.409432e+06 
1.580861e+02 3.288174e+07 2.208646e+06 
1.621574e+02 3.210187e+07 2.076440e+06 
1.568234e+02 3.348337e+07 2.208646e+06 
1.645085e+02 3.191082e+07 2.076440e+06 
1.664846e+02 3.442945e+07 1.929096e+06 
1.525166e+02 3.456487e+07 3.212577e+06 
1.528513e+02 3.440733e+07 3.413363e+06 
1.535584e+02 3.455410e+07 3.011791e+06 
1.661287e+02 3.180970e+07 2.076440e+06 
1.643657e+02 3.533844e+07 1.868796e+06 
1.826823e+02 3.287758e+07 1.972618e+06 
1.638862e+02 3.498720e+07 1.807074e+06 
1.514936e+02 3.565977e+07 3.614149e+06 
1.661518e+02 3.444881e+07 1.868796e+06 
1.539682e+02 3.397316e+07 3.011791e+06 
1.617755e+02 3.439350e+07 1.972618e+06 
1.619177e+02 3.414168e+07 1.972618e+06 
1.615069e+02 3.475641e+07 1.972618e+06 
1.595724e+02 3.234518e+07 2.076440e+06 
1.614071e+02 3.211512e+07 2.076440e+06 
1.639862e+02 3.448842e+07 1.807074e+06 
1.668792e+02 3.360619e+07 2.007860e+06 
1.566472e+02 3.333494e+07 2.409432e+06 
1.616869e+02 3.438652e+07 1.972618e+06 
1.512333e+02 3.662886e+07 3.814935e+06 
1.538504e+02 3.405127e+07 3.212577e+06 
1.540515e+02 3.375954e+07 3.011791e+06 
1.672045e+02 3.173440e+07 2.076440e+06 
1.571978e+02 3.350918e+07 2.076440e+06 
1.537824e+02 3.426018e+07 3.212577e+06 
1.674054e+02 3.348276e+07 1.972618e+06 
1.835891e+02 3.303302e+07 1.972618e+06 
1.548861e+02 3.373054e+07 2.811005e+06 
1.554725e+02 3.336542e+07 2.610219e+06 
1.554757e+02 3.350116e+07 2.811005e+06 
1.596769e+02 3.223238e+07 2.076440e+06 
1.518603e+02 3.567011e+07 3.614149e+06 
1.579153e+02 3.318519e+07 2.076440e+06 
1.607530e+02 3.390802e+07 2.007860e+06 
1.633814e+02 3.198510e+07 2.076440e+06 
1.592247e+02 3.248214e+07 2.076440e+06 
1.619477e+02 3.209958e+07 2.076440e+06 
1.603840e+02 3.214654e+07 2.076440e+06 
1.799407e+02 3.305647e+07 1.972618e+06 
1.681714e+02 3.159249e+07 2.076440e+06 
1.545452e+02 3.402766e+07 3.212577e+06 
1.627177e+02 3.365028e+07 1.972618e+06 
1.520845e+02 3.440064e+07 3.212577e+06 
1.556063e+02 3.372120e+07 2.610219e+06 
1.676522e+02 3.164119e+07 2.076440e+06 
1.576233e+02 3.299315e+07 2.811005e+06 
1.658690e+02 3.560716e+07 1.764974e+06 
1.547501e+02 3.461993e+07 2.811005e+06 
1.667195e+02 3.179401e+07 2.076440e+06 
1.672154e+02 3.453717e+07 1.807074e+06 
1.602391e+02 3.211934e+07 2.076440e+06 
1.617819e+02 3.437981e+07 1.972618e+06 
1.670940e+02 3.184026e+07 2.076440e+06 
1.698522e+02 3.327470e+07 1.972618e+06 
1.531939e+02 3.437349e+07 3.212577e+06 
1.579335e+02 3.312147e+07 2.076440e+06 
1.564433e+02 3.333659e+07 2.610219e+06 
1.599682e+02 3.231963e+07 2.076440e+06 
1.538165e+02 3.407935e+07 3.011791e+06 
1.581429e+02 3.259403e+07 2.076440e+06 
1.688338e+02 3.442194e+07 1.868796e+06 
1.548171e+02 3.458294e+07 2.811005e+06 
1.698991e+02 3.456350e+07 1.764974e+06 

1.630391e+02 3.202739e+07 1.972618e+06 
1.674874e+02 3.165692e+07 1.972618e+06 
1.630971e+02 3.195552e+07 1.972618e+06 
1.584372e+02 3.435513e+07 2.409432e+06 
1.663738e+02 3.272909e+07 1.868796e+06 
1.690887e+02 3.134029e+07 2.076440e+06 
1.614179e+02 3.471053e+07 1.764974e+06 
1.685036e+02 3.927764e+07 1.639732e+06 
1.769027e+02 3.335478e+07 1.807074e+06 
1.711554e+02 3.361197e+07 1.807074e+06 
1.631801e+02 3.459753e+07 1.764974e+06 
1.710777e+02 3.117304e+07 1.972618e+06 
1.792071e+02 3.220178e+07 1.868796e+06 
1.628156e+02 3.309814e+07 1.868796e+06 
1.698316e+02 3.152777e+07 1.972618e+06 
1.581990e+02 3.627498e+07 2.007860e+06 
1.674948e+02 3.432575e+07 1.764974e+06 
1.597407e+02 3.476865e+07 1.868796e+06 
1.691414e+02 3.374345e+07 1.807074e+06 
1.705534e+02 3.372115e+07 1.807074e+06 
1.586033e+02 3.573019e+07 2.208646e+06 
1.634857e+02 3.301308e+07 1.868796e+06 
1.781878e+02 3.091508e+07 1.972618e+06 
1.697827e+02 3.258567e+07 1.868796e+06 
1.682884e+02 3.136626e+07 2.076440e+06 
1.591712e+02 3.503045e+07 1.832641e+06 
1.647710e+02 3.185752e+07 1.972618e+06 
1.635851e+02 3.423656e+07 1.764974e+06 
1.707569e+02 3.819273e+07 1.639732e+06 
1.729949e+02 3.221378e+07 1.868796e+06 
1.590701e+02 3.371268e+07 2.007860e+06 
1.626018e+02 3.209453e+07 2.007860e+06 
1.661331e+02 3.289670e+07 1.868796e+06 
1.707618e+02 3.778548e+07 1.736186e+06 
1.676367e+02 3.140645e+07 2.076440e+06 
1.635025e+02 3.451610e+07 1.764974e+06 
1.569628e+02 3.578758e+07 3.011791e+06 
1.627515e+02 3.223733e+07 1.972618e+06 
1.588294e+02 3.364329e+07 2.208646e+06 
1.670040e+02 3.421423e+07 1.764974e+06 
1.806021e+02 3.339259e+07 1.807074e+06 
1.588863e+02 3.325243e+07 2.208646e+06 
1.737587e+02 3.062976e+07 2.076440e+06 
1.606827e+02 3.645349e+07 1.764974e+06 
1.644615e+02 3.152069e+07 2.076440e+06 
1.669304e+02 3.890545e+07 1.661152e+06 
1.701305e+02 3.124390e+07 2.076440e+06 
1.688714e+02 3.165175e+07 1.972618e+06 
1.661936e+02 3.285687e+07 1.868796e+06 
1.662934e+02 3.814202e+07 1.736186e+06 
1.599010e+02 3.466934e+07 1.868796e+06 
1.581787e+02 3.662029e+07 2.208646e+06 
1.613524e+02 3.374966e+07 1.972618e+06 
1.580720e+02 3.698748e+07 2.208646e+06 
1.711641e+02 3.687274e+07 1.736186e+06 
1.616643e+02 3.333918e+07 1.972618e+06 
1.683151e+02 3.688668e+07 1.736186e+06 
1.573535e+02 3.559573e+07 2.610219e+06 
1.756538e+02 3.347112e+07 1.807074e+06 
1.730689e+02 3.104076e+07 2.076440e+06 
1.816189e+02 3.158356e+07 1.868796e+06 
1.604575e+02 3.445489e+07 1.807074e+06 
1.735341e+02 3.657728e+07 1.736186e+06 
1.626622e+02 3.466084e+07 1.764974e+06 
1.818067e+02 3.215628e+07 1.868796e+06 
1.668628e+02 3.179884e+07 2.007860e+06 
1.705257e+02 3.701342e+07 1.661152e+06 
1.603759e+02 3.235732e+07 2.007860e+06 
1.675781e+02 3.148960e+07 2.076440e+06 
1.648396e+02 3.299000e+07 1.868796e+06 
1.810554e+02 3.091493e+07 2.076440e+06 
1.720608e+02 3.147190e+07 1.972618e+06 
1.710402e+02 3.816325e+07 1.639732e+06 
1.620312e+02 3.253678e+07 1.972618e+06 
1.656402e+02 3.183500e+07 1.972618e+06 
1.630052e+02 3.215711e+07 1.972618e+06 
1.614846e+02 3.226267e+07 2.007860e+06 
1.644574e+02 3.479693e+07 1.764974e+06 
1.694467e+02 3.901369e+07 1.639732e+06 
1.707922e+02 3.237272e+07 1.868796e+06 
1.823314e+02 3.109616e+07 1.972618e+06 
1.773404e+02 3.324056e+07 1.807074e+06 
1.628259e+02 3.193100e+07 2.007860e+06 
1.779993e+02 3.112618e+07 2.007860e+06 
1.592247e+02 3.269262e+07 2.208646e+06 
1.640569e+02 3.189103e+07 2.076440e+06 
1.680885e+02 3.260061e+07 1.868796e+06 
1.593758e+02 3.506819e+07 1.807074e+06 
1.577887e+02 3.709836e+07 2.409432e+06 
1.620007e+02 3.194279e+07 2.007860e+06 
1.669876e+02 3.723161e+07 1.661152e+06 
1.621091e+02 3.236815e+07 1.972618e+06 
1.658795e+02 3.298447e+07 1.868796e+06 
1.697555e+02 3.841551e+07 1.639732e+06 
1.604324e+02 3.394273e+07 1.868796e+06 
1.672817e+02 3.413354e+07 1.807074e+06 
1.601176e+02 3.453156e+07 1.832641e+06 
1.704522e+02 3.239775e+07 1.868796e+06 
1.794849e+02 3.202682e+07 1.868796e+06 
1.707579e+02 3.291013e+07 1.868796e+06 

1.516130e+02 3.495086e+07 3.413363e+06 
1.575070e+02 3.233315e+07 1.764974e+06 
1.518081e+02 3.366213e+07 2.409432e+06 
1.516636e+02 3.507476e+07 3.212577e+06 
1.511745e+02 3.442903e+07 3.212577e+06 
1.663864e+02 3.477444e+07 1.606288e+06 
1.574882e+02 3.416214e+07 1.736186e+06 
1.549797e+02 3.280246e+07 2.409432e+06 
1.574760e+02 3.170995e+07 1.972618e+06 
1.547497e+02 3.319424e+07 2.007860e+06 
1.550386e+02 3.284605e+07 2.007860e+06 
1.543282e+02 3.354607e+07 2.007860e+06 
1.594041e+02 3.234444e+07 1.764974e+06 
1.551488e+02 3.296210e+07 2.007860e+06 
1.598774e+02 3.345034e+07 1.661152e+06 
1.553978e+02 3.309798e+07 1.868796e+06 
1.553836e+02 3.287728e+07 2.208646e+06 
1.582085e+02 3.338098e+07 1.736186e+06 
1.583102e+02 3.229291e+07 1.764974e+06 
1.520386e+02 3.500697e+07 3.011791e+06 
1.616454e+02 3.203783e+07 1.764974e+06 
1.538179e+02 3.345440e+07 2.007860e+06 
1.568796e+02 3.213711e+07 1.832641e+06 
1.668797e+02 3.502861e+07 1.606288e+06 
1.553393e+02 3.245470e+07 2.007860e+06 
1.507847e+02 3.480739e+07 3.413363e+06 
1.599488e+02 3.312562e+07 1.736186e+06 
1.584925e+02 3.199284e+07 1.764974e+06 
1.611391e+02 3.173249e+07 1.832641e+06 
1.611428e+02 3.305155e+07 1.661152e+06 
1.700758e+02 3.395983e+07 1.639732e+06 
1.672725e+02 3.404304e+07 1.639732e+06 
1.724884e+02 3.407831e+07 1.606288e+06 
1.625774e+02 3.449282e+07 1.639732e+06 
1.558340e+02 3.258707e+07 1.832641e+06 
1.577907e+02 3.454187e+07 1.736186e+06 
1.560034e+02 3.228297e+07 1.868796e+06 
1.713231e+02 3.437187e+07 1.606288e+06 
1.557668e+02 3.250350e+07 1.868796e+06 
1.555401e+02 3.291037e+07 1.832641e+06 
1.613596e+02 3.198763e+07 1.764974e+06 
1.564465e+02 3.235490e+07 1.832641e+06 
1.532069e+02 3.371280e+07 2.811005e+06 
1.587483e+02 3.332045e+07 1.736186e+06 
1.578387e+02 3.181019e+07 1.972618e+06 
1.559903e+02 3.362103e+07 1.807074e+06 
1.558547e+02 3.286568e+07 1.764974e+06 
1.547298e+02 3.303144e+07 2.007860e+06 
1.552901e+02 3.283832e+07 2.007860e+06 
1.565911e+02 3.279690e+07 1.807074e+06 
1.654953e+02 3.172733e+07 1.972618e+06 
1.542630e+02 3.325485e+07 2.409432e+06 
1.523064e+02 3.394974e+07 2.610219e+06 
1.649202e+02 3.302888e+07 1.661152e+06 
1.628413e+02 3.162924e+07 1.868796e+06 
1.565838e+02 3.192298e+07 1.832641e+06 
1.618182e+02 3.417052e+07 1.639732e+06 
1.518426e+02 3.492991e+07 3.413363e+06 
1.520848e+02 3.426197e+07 3.011791e+06 
1.565669e+02 3.319688e+07 1.764974e+06 
1.571318e+02 3.296221e+07 1.764974e+06 
1.562152e+02 3.248665e+07 1.832641e+06 
1.542147e+02 3.342760e+07 2.409432e+06 
1.676383e+02 3.431571e+07 1.606288e+06 
1.569132e+02 3.199731e+07 1.832641e+06 
1.598667e+02 3.331770e+07 1.661152e+06 
1.554001e+02 3.268124e+07 1.832641e+06 
1.692886e+02 3.418476e+07 1.606288e+06 
1.584389e+02 3.172506e+07 1.832641e+06 
1.562259e+02 3.229295e+07 1.868796e+06 
1.644620e+02 3.322106e+07 1.661152e+06 
1.541676e+02 3.314856e+07 2.208646e+06 
1.584882e+02 3.181603e+07 1.868796e+06 
1.545121e+02 3.304145e+07 2.007860e+06 
1.581436e+02 3.363205e+07 1.736186e+06 
1.557251e+02 3.262516e+07 2.007860e+06 
1.577575e+02 3.411378e+07 1.736186e+06 
1.698824e+02 3.412109e+07 1.606288e+06 
1.560634e+02 3.258397e+07 1.832641e+06 
1.573209e+02 3.245080e+07 1.764974e+06 
1.579727e+02 3.176055e+07 1.868796e+06 
1.564646e+02 3.209107e+07 1.832641e+06 
1.564483e+02 3.219756e+07 1.972618e+06 
1.692328e+02 3.162978e+07 1.972618e+06 
1.577148e+02 3.188006e+07 1.832641e+06 
1.538255e+02 3.389936e+07 2.208646e+06 
1.558595e+02 3.251416e+07 1.868796e+06 
1.692660e+02 3.304272e+07 1.661152e+06 
1.528779e+02 3.438380e+07 2.208646e+06 
1.704385e+02 3.392112e+07 1.606288e+06 
1.688990e+02 3.392269e+07 1.639732e+06 
1.554256e+02 3.235878e+07 1.972618e+06 
1.550255e+02 3.313494e+07 2.007860e+06 
1.525226e+02 3.442539e+07 2.409432e+06 
1.666262e+02 3.414499e+07 1.639732e+06 
1.559552e+02 3.202824e+07 1.972618e+06 
1.595210e+02 3.349897e+07 1.661152e+06 
1.571761e+02 3.197536e+07 1.868796e+06 
1.580322e+02 3.405354e+07 1.736186e+06 
1.559716e+02 3.241577e+07 2.007860e+06 

1.570517e+02 3.208103e+07 2.076440e+06 
1.585389e+02 3.186463e+07 1.972618e+06 
1.826500e+02 3.775476e+07 1.639732e+06 
1.624983e+02 3.132047e+07 1.972618e+06 
1.609923e+02 3.227422e+07 1.868796e+06 
1.828733e+02 3.713513e+07 1.661152e+06 
1.749027e+02 3.437376e+07 1.736186e+06 
1.636490e+02 3.342362e+07 1.807074e+06 
1.824984e+02 3.188462e+07 1.868796e+06 
1.638183e+02 3.334441e+07 1.807074e+06 
1.661723e+02 3.336971e+07 1.764974e+06 
1.740388e+02 3.059719e+07 2.076440e+06 
1.585479e+02 3.185659e+07 1.972618e+06 
1.657320e+02 3.329250e+07 1.807074e+06 
1.594994e+02 3.184558e+07 1.972618e+06 
1.582500e+02 3.395805e+07 1.868796e+06 
1.627685e+02 3.317697e+07 1.832641e+06 
1.632610e+02 3.361282e+07 1.807074e+06 
1.732086e+02 3.445866e+07 1.736186e+06 
1.555482e+02 3.217492e+07 2.076440e+06 
1.623020e+02 3.140975e+07 2.076440e+06 
1.734793e+02 3.957570e+07 1.639732e+06 
1.650014e+02 3.194476e+07 1.868796e+06 
1.672196e+02 3.323691e+07 1.764974e+06 
1.750797e+02 3.910407e+07 1.639732e+06 
1.698147e+02 3.188097e+07 1.868796e+06 
1.695927e+02 3.116994e+07 1.972618e+06 
1.678298e+02 3.270302e+07 1.764974e+06 
1.611068e+02 3.404717e+07 1.832641e+06 
1.669128e+02 3.292315e+07 1.807074e+06 
1.663295e+02 3.303472e+07 1.832641e+06 
1.778722e+02 3.245239e+07 1.807074e+06 
1.609270e+02 3.157023e+07 1.972618e+06 
1.531157e+02 3.437727e+07 2.610219e+06 
1.587119e+02 3.362167e+07 1.868796e+06 
1.602329e+02 3.340584e+07 1.868796e+06 
1.861637e+02 3.763728e+07 1.639732e+06 
1.673540e+02 3.320391e+07 1.764974e+06 
1.553855e+02 3.263712e+07 2.208646e+06 
1.632155e+02 3.307924e+07 1.832641e+06 
1.538776e+02 3.397312e+07 2.409432e+06 
1.547008e+02 3.269492e+07 2.007860e+06 
1.520881e+02 3.503635e+07 2.811005e+06 
1.602436e+02 3.173738e+07 1.972618e+06 
1.525797e+02 3.548910e+07 3.011791e+06 
1.750246e+02 3.954284e+07 1.639732e+06 
1.708508e+02 3.864310e+07 1.736186e+06 
1.663970e+02 3.131347e+07 1.972618e+06 
1.546254e+02 3.295454e+07 2.007860e+06 
1.768558e+02 3.246826e+07 1.764974e+06 
1.626700e+02 3.365898e+07 1.807074e+06 
1.607772e+02 3.173077e+07 1.972618e+06 
1.844192e+02 3.275911e+07 1.764974e+06 
1.583616e+02 3.197246e+07 2.076440e+06 
1.756965e+02 3.953289e+07 1.639732e+06 
1.550370e+02 3.381549e+07 2.409432e+06 
1.641581e+02 3.136304e+07 1.972618e+06 
1.756142e+02 3.257316e+07 1.764974e+06 
1.666360e+02 3.124257e+07 2.076440e+06 
1.557763e+02 3.210255e+07 1.972618e+06 
1.726568e+02 3.102483e+07 1.972618e+06 
1.808388e+02 3.735269e+07 1.661152e+06 
1.785066e+02 3.100861e+07 1.972618e+06 
1.697275e+02 3.100587e+07 1.972618e+06 
1.539780e+02 3.367792e+07 2.409432e+06 
1.736426e+02 3.435779e+07 1.736186e+06 
1.740237e+02 3.180966e+07 1.868796e+06 
1.651181e+02 3.335201e+07 1.764974e+06 
1.701123e+02 3.098444e+07 2.076440e+06 
1.582824e+02 3.204658e+07 1.972618e+06 
1.655783e+02 3.334028e+07 1.807074e+06 
1.631326e+02 3.365459e+07 1.807074e+06 
1.668108e+02 3.326943e+07 1.807074e+06 
1.796888e+02 3.772724e+07 1.639732e+06 
1.537526e+02 3.426388e+07 2.409432e+06 
1.812939e+02 3.713823e+07 1.661152e+06 
1.601045e+02 3.177177e+07 1.972618e+06 
1.634203e+02 3.204960e+07 1.868796e+06 
1.770636e+02 3.742727e+07 1.661152e+06 
1.686140e+02 3.102413e+07 2.076440e+06 
1.614993e+02 3.450073e+07 1.807074e+06 
1.731064e+02 3.782967e+07 1.661152e+06 
1.528181e+02 3.497541e+07 2.811005e+06 
1.545210e+02 3.345167e+07 2.610219e+06 
1.727665e+02 3.043447e+07 2.076440e+06 
1.544070e+02 3.362587e+07 2.208646e+06 
1.536320e+02 3.397533e+07 2.610219e+06 
1.545948e+02 3.354412e+07 2.409432e+06 
1.716980e+02 3.822688e+07 1.736186e+06 
1.599053e+02 3.178819e+07 1.972618e+06 
1.715153e+02 3.264837e+07 1.764974e+06 
1.619663e+02 3.331195e+07 1.832641e+06 
1.704243e+02 3.081990e+07 2.076440e+06 
1.752417e+02 3.774746e+07 1.661152e+06 
1.682061e+02 3.120933e+07 2.076440e+06 
1.848343e+02 3.719622e+07 1.661152e+06 
1.530118e+02 3.444661e+07 2.610219e+06 
1.731734e+02 3.448473e+07 1.736186e+06 
1.533437e+02 3.428050e+07 3.011791e+06 
1.554795e+02 3.263659e+07 2.007860e+06 

1.639003e+02 3.350706e+07 1.868796e+06 
1.670560e+02 3.622289e+07 1.807074e+06 
1.731989e+02 3.221835e+07 2.076440e+06 
1.619761e+02 3.279221e+07 1.972618e+06 
1.710718e+02 3.519677e+07 1.764974e+06 
1.624601e+02 3.235835e+07 2.076440e+06 
1.738506e+02 3.483290e+07 1.832641e+06 
1.585456e+02 3.317284e+07 2.076440e+06 
1.575971e+02 3.434630e+07 2.610219e+06 
1.744848e+02 3.274607e+07 1.868796e+06 
1.551752e+02 3.702693e+07 3.413363e+06 
1.573207e+02 3.459293e+07 2.610219e+06 
1.610222e+02 3.279496e+07 2.076440e+06 
1.564412e+02 3.436553e+07 2.811005e+06 
1.813000e+02 3.856096e+07 1.736186e+06 
1.597696e+02 3.318876e+07 2.007860e+06 
1.887589e+02 3.678540e+07 1.736186e+06 
1.926318e+02 3.711295e+07 1.736186e+06 
1.711297e+02 3.486896e+07 1.832641e+06 
1.785975e+02 3.288572e+07 1.868796e+06 
1.559451e+02 3.727102e+07 3.212577e+06 
1.554676e+02 3.706609e+07 3.413363e+06 
1.684835e+02 3.563047e+07 1.807074e+06 
1.572535e+02 3.407681e+07 2.610219e+06 
1.581983e+02 3.422820e+07 2.208646e+06 
1.622066e+02 3.374757e+07 1.868796e+06 
1.591965e+02 3.348310e+07 2.055676e+06 
1.805238e+02 3.775970e+07 1.736186e+06 
1.732144e+02 3.504290e+07 1.807074e+06 
1.707860e+02 3.222230e+07 1.972618e+06 
1.551820e+02 3.721293e+07 3.413363e+06 
1.698670e+02 3.506730e+07 1.764974e+06 
1.677350e+02 3.578566e+07 1.764974e+06 
1.757074e+02 3.196690e+07 2.076440e+06 
1.629110e+02 3.255412e+07 1.972618e+06 
1.756999e+02 3.202443e+07 1.972618e+06 
1.662971e+02 3.232909e+07 2.076440e+06 
1.597925e+02 3.286273e+07 2.076440e+06 
1.731998e+02 3.488076e+07 1.832641e+06 
1.650839e+02 3.335323e+07 1.868796e+06 
1.590733e+02 3.329214e+07 2.055676e+06 
1.569045e+02 3.443448e+07 2.610219e+06 
1.652079e+02 3.604672e+07 1.832641e+06 
1.565256e+02 3.470442e+07 2.811005e+06 
1.677738e+02 3.620580e+07 1.764974e+06 
1.564089e+02 3.654911e+07 3.413363e+06 
1.687582e+02 3.488767e+07 1.832641e+06 
1.717379e+02 3.504020e+07 1.764974e+06 
1.581539e+02 3.395416e+07 2.409432e+06 
1.727441e+02 3.215883e+07 1.972618e+06 
1.710929e+02 3.488457e+07 1.832641e+06 
1.549229e+02 3.760158e+07 3.413363e+06 
1.657710e+02 3.669425e+07 1.807074e+06 
1.633650e+02 3.365081e+07 1.868796e+06 
1.663239e+02 3.591973e+07 1.807074e+06 
1.656239e+02 3.233922e+07 2.076440e+06 
1.665379e+02 3.324877e+07 1.868796e+06 
1.838845e+02 3.213040e+07 1.972618e+06 
1.634273e+02 3.360706e+07 1.868796e+06 
1.663259e+02 3.253387e+07 1.972618e+06 
1.707037e+02 3.245555e+07 1.972618e+06 
1.875793e+02 3.720891e+07 1.736186e+06 
1.670537e+02 3.576721e+07 1.832641e+06 
1.598375e+02 3.289444e+07 1.972618e+06 
1.612828e+02 3.419842e+07 1.868796e+06 
1.731741e+02 3.301578e+07 1.868796e+06 
1.599724e+02 3.315915e+07 2.007860e+06 
1.594684e+02 3.330155e+07 2.007860e+06 
1.584370e+02 3.326177e+07 2.208646e+06 
1.688563e+02 3.225726e+07 2.076440e+06 
1.629510e+02 3.256623e+07 2.076440e+06 
1.694196e+02 3.227679e+07 2.076440e+06 
1.585612e+02 3.345464e+07 2.208646e+06 
1.754625e+02 3.202230e+07 2.076440e+06 
1.561381e+02 3.676930e+07 3.413363e+06 
1.575909e+02 3.417550e+07 2.409432e+06 
1.613648e+02 3.344002e+07 1.972618e+06 
1.559793e+02 3.708750e+07 3.212577e+06 
1.637619e+02 3.276045e+07 1.972618e+06 
1.597758e+02 3.310216e+07 2.076440e+06 
1.617670e+02 3.386074e+07 1.868796e+06 
1.684097e+02 3.250819e+07 1.972618e+06 
1.578720e+02 3.406555e+07 2.409432e+06 
1.597987e+02 3.287664e+07 2.076440e+06 
1.687218e+02 3.540002e+07 1.807074e+06 
1.802333e+02 3.822290e+07 1.736186e+06 
1.686624e+02 3.298524e+07 1.868796e+06 
1.801223e+02 3.851257e+07 1.736186e+06 
1.571806e+02 3.468765e+07 2.610219e+06 
1.616209e+02 3.279939e+07 1.972618e+06 
1.594680e+02 3.336337e+07 2.007860e+06 
1.684721e+02 3.531061e+07 1.832641e+06 
1.579650e+02 3.387784e+07 2.409432e+06 
1.759764e+02 3.215683e+07 1.972618e+06 
1.622914e+02 3.387641e+07 1.868796e+06 
1.658798e+02 3.239727e+07 2.076440e+06 
1.592190e+02 3.324964e+07 2.208646e+06 
1.605038e+02 3.287151e+07 2.007860e+06 
1.679682e+02 3.565505e+07 1.764974e+06 
1.595836e+02 3.328412e+07 1.972618e+06 

1.589598e+02 3.506471e+07 1.807074e+06 
1.656088e+02 3.577292e+07 1.661152e+06 
1.666588e+02 3.573280e+07 1.661152e+06 
1.554379e+02 3.360120e+07 1.972618e+06 
1.636092e+02 3.615961e+07 1.639732e+06 
1.583677e+02 3.341348e+07 1.868796e+06 
1.539320e+02 3.306518e+07 2.076440e+06 
1.642806e+02 3.586136e+07 1.736186e+06 
1.619077e+02 3.216657e+07 1.972618e+06 
1.650722e+02 3.577252e+07 1.736186e+06 
1.660931e+02 3.690467e+07 1.639732e+06 
1.647462e+02 3.986513e+07 1.639732e+06 
1.593786e+02 3.400859e+07 1.868796e+06 
1.610005e+02 3.639308e+07 1.661152e+06 
1.600379e+02 3.214875e+07 1.972618e+06 
1.516944e+02 3.418191e+07 3.011791e+06 
1.539271e+02 3.334563e+07 2.007860e+06 
1.618908e+02 3.602965e+07 1.661152e+06 
1.575118e+02 3.390902e+07 1.868796e+06 
1.526971e+02 3.448142e+07 2.409432e+06 
1.555536e+02 3.289364e+07 1.972618e+06 
1.654668e+02 3.395748e+07 1.764974e+06 
1.545925e+02 3.265678e+07 2.076440e+06 
1.631427e+02 3.206020e+07 1.972618e+06 
1.655694e+02 4.051753e+07 1.606288e+06 
1.512906e+02 3.611066e+07 3.413363e+06 
1.617288e+02 3.680484e+07 1.661152e+06 
1.675500e+02 3.556597e+07 1.661152e+06 
1.580583e+02 3.364381e+07 1.868796e+06 
1.574695e+02 3.241513e+07 1.972618e+06 
1.602540e+02 3.310708e+07 1.868796e+06 
1.598913e+02 3.477705e+07 1.764974e+06 
1.578637e+02 3.373960e+07 1.868796e+06 
1.645916e+02 3.997694e+07 1.606288e+06 
1.536618e+02 3.384589e+07 2.007860e+06 
1.642145e+02 3.292384e+07 1.868796e+06 
1.516476e+02 3.459730e+07 3.011791e+06 
1.667139e+02 3.381090e+07 1.764974e+06 
1.594489e+02 3.226630e+07 1.972618e+06 
1.528587e+02 3.387581e+07 2.409432e+06 
1.594262e+02 3.226884e+07 1.972618e+06 
1.522628e+02 3.453164e+07 2.610219e+06 
1.685409e+02 3.438280e+07 1.807074e+06 
1.532767e+02 3.382541e+07 2.007860e+06 
1.579731e+02 3.239292e+07 1.972618e+06 
1.673520e+02 3.568354e+07 1.736186e+06 
1.576855e+02 3.443255e+07 1.868796e+06 
1.588854e+02 3.230446e+07 1.972618e+06 
1.570354e+02 3.227882e+07 1.972618e+06 
1.669281e+02 3.370868e+07 1.764974e+06 
1.525888e+02 3.448883e+07 2.610219e+06 
1.544854e+02 3.259899e+07 2.076440e+06 
1.625609e+02 4.030460e+07 1.606288e+06 
1.597424e+02 3.433584e+07 1.764974e+06 
1.721529e+02 3.381516e+07 1.764974e+06 
1.632262e+02 3.598218e+07 1.661152e+06 
1.527929e+02 3.353695e+07 2.208646e+06 
1.658211e+02 3.180922e+07 1.972618e+06 
1.553314e+02 3.277673e+07 2.007860e+06 
1.543862e+02 3.295339e+07 2.007860e+06 
1.716718e+02 3.827831e+07 1.606288e+06 
1.513240e+02 3.503227e+07 3.212577e+06 
1.634787e+02 3.199817e+07 1.972618e+06 
1.536130e+02 3.310749e+07 2.208646e+06 
1.521713e+02 3.426718e+07 2.811005e+06 
1.562860e+02 3.273736e+07 1.972618e+06 
1.570629e+02 3.265344e+07 1.972618e+06 
1.521161e+02 3.537373e+07 3.212577e+06 
1.615656e+02 3.341129e+07 1.868796e+06 
1.545341e+02 3.368913e+07 1.972618e+06 
1.645802e+02 3.590633e+07 1.661152e+06 
1.676386e+02 3.191430e+07 1.972618e+06 
1.584259e+02 3.234187e+07 1.972618e+06 
1.734772e+02 3.548410e+07 1.661152e+06 
1.658667e+02 3.575210e+07 1.661152e+06 
1.620379e+02 3.208966e+07 1.972618e+06 
1.743854e+02 3.653355e+07 1.639732e+06 
1.674561e+02 3.570884e+07 1.661152e+06 
1.514934e+02 3.596059e+07 3.614149e+06 
1.594623e+02 3.506381e+07 1.807074e+06 
1.558569e+02 3.308341e+07 2.007860e+06 
1.644318e+02 3.586084e+07 1.661152e+06 
1.533021e+02 3.344764e+07 2.076440e+06 
1.531548e+02 3.313154e+07 2.076440e+06 
1.656564e+02 3.733596e+07 1.606288e+06 
1.680955e+02 3.541146e+07 1.661152e+06 
1.553611e+02 3.259659e+07 2.076440e+06 
1.538109e+02 3.320438e+07 2.076440e+06 
1.526839e+02 3.439005e+07 2.811005e+06 
1.633388e+02 3.206332e+07 1.972618e+06 
1.604827e+02 3.219284e+07 1.972618e+06 
1.607269e+02 3.309626e+07 1.868796e+06 
1.631209e+02 3.276663e+07 1.868796e+06 
1.589196e+02 3.334621e+07 1.868796e+06 
1.571401e+02 3.244064e+07 2.076440e+06 
1.518403e+02 3.567932e+07 3.614149e+06 
1.522731e+02 3.506537e+07 2.811005e+06 
1.542224e+02 3.285473e+07 2.208646e+06 
1.580773e+02 3.235276e+07 1.972618e+06 
1.683217e+02 3.185342e+07 1.972618e+06 

1.900826e+02 3.491769e+07 1.661152e+06 
1.851402e+02 3.202921e+07 1.764974e+06 
1.636888e+02 3.455931e+07 1.807074e+06 
1.639780e+02 3.221834e+07 1.972618e+06 
1.674534e+02 3.242121e+07 1.868796e+06 
1.656498e+02 3.243067e+07 1.972618e+06 
1.787273e+02 3.535241e+07 1.661152e+06 
1.585251e+02 3.432507e+07 2.610219e+06 
1.625820e+02 3.407772e+07 1.832641e+06 
1.681773e+02 3.534558e+07 1.736186e+06 
1.648172e+02 3.414777e+07 1.764974e+06 
1.635703e+02 3.497620e+07 1.807074e+06 
1.688147e+02 3.220402e+07 1.868796e+06 
1.624253e+02 3.469349e+07 1.832641e+06 
1.611966e+02 3.377630e+07 2.007860e+06 
1.693174e+02 3.210135e+07 1.972618e+06 
1.627523e+02 3.314107e+07 1.972618e+06 
1.804542e+02 3.539670e+07 1.661152e+06 
1.660013e+02 3.261228e+07 1.868796e+06 
1.898644e+02 3.466240e+07 1.661152e+06 
1.613456e+02 3.430380e+07 1.972618e+06 
1.746438e+02 3.220307e+07 1.764974e+06 
1.714682e+02 3.210392e+07 1.972618e+06 
1.670208e+02 3.246120e+07 1.868796e+06 
1.661893e+02 3.315332e+07 1.764974e+06 
1.660141e+02 3.254447e+07 1.868796e+06 
1.625297e+02 3.324948e+07 1.972618e+06 
1.589409e+02 3.554655e+07 2.409432e+06 
1.706016e+02 3.170479e+07 1.972618e+06 
1.686391e+02 3.258520e+07 1.832641e+06 
1.672803e+02 3.268487e+07 1.832641e+06 
1.636845e+02 3.456748e+07 1.764974e+06 
1.605685e+02 3.469525e+07 2.007860e+06 
1.688988e+02 3.213000e+07 1.972618e+06 
1.589913e+02 3.517677e+07 2.610219e+06 
1.626044e+02 3.305714e+07 2.007860e+06 
1.621633e+02 3.326431e+07 1.868796e+06 
1.577683e+02 3.787037e+07 3.212577e+06 
1.575458e+02 3.546332e+07 2.610219e+06 
1.642916e+02 3.366739e+07 1.832641e+06 
1.646228e+02 3.282157e+07 1.868796e+06 
1.682250e+02 3.305143e+07 1.807074e+06 
1.891114e+02 3.489954e+07 1.661152e+06 
1.688205e+02 3.232789e+07 1.764974e+06 
1.706396e+02 3.212827e+07 1.868796e+06 
1.638105e+02 3.320928e+07 1.832641e+06 
1.682758e+02 3.224326e+07 1.868796e+06 
1.755011e+02 3.484635e+07 1.736186e+06 
1.610542e+02 3.446446e+07 2.208646e+06 
1.636674e+02 3.304140e+07 1.868796e+06 
1.592339e+02 4.202863e+07 2.208646e+06 
1.647327e+02 3.425945e+07 1.764974e+06 
1.634337e+02 3.270810e+07 1.972618e+06 
1.688948e+02 3.224109e+07 1.868796e+06 
1.646522e+02 3.313073e+07 1.832641e+06 
1.618070e+02 3.367418e+07 2.208646e+06 
1.649714e+02 3.311421e+07 1.832641e+06 
1.650979e+02 3.279430e+07 1.832641e+06 
1.650939e+02 3.306026e+07 1.848032e+06 
1.684535e+02 3.274210e+07 1.764974e+06 
1.601337e+02 4.201966e+07 2.208646e+06 
1.637025e+02 3.300138e+07 1.868796e+06 
1.578297e+02 3.528982e+07 2.610219e+06 
1.595242e+02 3.448538e+07 2.409432e+06 
1.845625e+02 3.467302e+07 1.736186e+06 
1.617182e+02 3.355984e+07 1.868796e+06 
1.651741e+02 3.377174e+07 1.764974e+06 
1.605394e+02 3.412073e+07 2.208646e+06 
1.748044e+02 3.522265e+07 1.736186e+06 
1.629543e+02 3.345396e+07 1.832641e+06 
1.604790e+02 3.508225e+07 2.208646e+06 
1.753986e+02 3.522227e+07 1.736186e+06 
1.678362e+02 3.443316e+07 1.764974e+06 
1.622570e+02 3.298079e+07 2.007860e+06 
1.724101e+02 3.195950e+07 1.972618e+06 
1.642588e+02 3.283645e+07 1.868796e+06 
1.575251e+02 3.589102e+07 3.011791e+06 
1.660989e+02 3.344372e+07 1.764974e+06 
1.681892e+02 3.259971e+07 1.832641e+06 
1.754560e+02 3.185846e+07 1.764974e+06 
1.644261e+02 3.428381e+07 1.764974e+06 
1.687153e+02 3.529235e+07 1.736186e+06 
1.610659e+02 3.508305e+07 1.848032e+06 
1.640674e+02 3.416565e+07 1.807074e+06 
1.625458e+02 3.439308e+07 1.832641e+06 
1.681206e+02 3.215891e+07 1.972618e+06 
1.577452e+02 3.500210e+07 2.610219e+06 
1.642395e+02 3.286865e+07 1.868796e+06 
1.651448e+02 3.265893e+07 1.868796e+06 
1.806197e+02 3.184757e+07 2.076440e+06 
1.682452e+02 3.295503e+07 1.764974e+06 
1.608830e+02 3.444093e+07 1.868796e+06 
1.641178e+02 3.292284e+07 1.868796e+06 
1.626474e+02 3.320407e+07 1.868796e+06 
1.792665e+02 3.464662e+07 1.736186e+06 
1.636232e+02 3.305675e+07 1.868796e+06 
1.618644e+02 3.471760e+07 1.832641e+06 
1.819525e+02 3.492404e+07 1.661152e+06 
1.637844e+02 3.432941e+07 1.807074e+06 
1.641826e+02 3.291650e+07 1.868796e+06 

1.678893e+02 3.228173e+07 1.972618e+06 
1.605648e+02 3.215223e+07 2.409432e+06 
1.739433e+02 3.318547e+07 1.868796e+06 
1.600655e+02 3.243378e+07 2.409432e+06 
1.968181e+02 3.235658e+07 1.868796e+06 
1.804061e+02 3.178083e+07 1.972618e+06 
1.624697e+02 3.303615e+07 2.007860e+06 
1.716597e+02 3.332065e+07 1.868796e+06 
1.574432e+02 3.318220e+07 2.610219e+06 
1.594498e+02 3.301204e+07 2.208646e+06 
1.539538e+02 3.484372e+07 3.212577e+06 
1.588302e+02 3.361557e+07 2.208646e+06 
1.528478e+02 3.463519e+07 3.212577e+06 
1.547715e+02 3.477108e+07 3.011791e+06 
1.693013e+02 3.198208e+07 1.972618e+06 
1.575977e+02 3.309640e+07 2.610219e+06 
1.682323e+02 3.351939e+07 1.868796e+06 
1.831453e+02 3.170537e+07 2.208646e+06 
1.537587e+02 3.489885e+07 3.011791e+06 
1.534757e+02 3.495738e+07 3.212577e+06 
1.640931e+02 3.275225e+07 1.972618e+06 
1.604577e+02 3.237845e+07 2.208646e+06 
1.569378e+02 3.320525e+07 2.610219e+06 
1.582750e+02 3.313458e+07 2.610219e+06 
1.831389e+02 3.248750e+07 1.868796e+06 
1.685812e+02 3.191639e+07 2.208646e+06 
1.637629e+02 3.281489e+07 2.076440e+06 
1.540992e+02 3.487593e+07 3.011791e+06 
1.609296e+02 3.250009e+07 2.208646e+06 
1.812180e+02 3.165700e+07 1.972618e+06 
1.581167e+02 3.313038e+07 2.409432e+06 
1.584203e+02 3.303459e+07 2.409432e+06 
1.579744e+02 3.299171e+07 2.610219e+06 
1.554122e+02 3.475751e+07 3.011791e+06 
1.669156e+02 3.470343e+07 1.832641e+06 
1.586690e+02 3.363206e+07 2.208646e+06 
1.670208e+02 3.230647e+07 1.972618e+06 
1.869937e+02 3.416461e+07 1.807074e+06 
1.855385e+02 3.246190e+07 1.868796e+06 
1.637709e+02 3.336976e+07 1.972618e+06 
1.603303e+02 3.247319e+07 2.208646e+06 
1.618116e+02 3.309548e+07 2.007860e+06 
1.587255e+02 3.286685e+07 2.409432e+06 
1.760201e+02 3.280071e+07 1.868796e+06 
1.544802e+02 3.486607e+07 3.011791e+06 
1.624454e+02 3.281910e+07 1.972618e+06 
1.702393e+02 3.413907e+07 1.807074e+06 
1.584988e+02 3.291775e+07 2.610219e+06 
1.619321e+02 3.311965e+07 2.076440e+06 
1.617945e+02 3.320952e+07 2.007860e+06 
1.850626e+02 3.245400e+07 1.868796e+06 
1.545134e+02 3.475774e+07 3.011791e+06 
1.569949e+02 3.320421e+07 2.610219e+06 
1.703050e+02 3.490304e+07 1.807074e+06 
1.716928e+02 3.315254e+07 1.868796e+06 
1.756285e+02 3.291871e+07 1.868796e+06 
1.616429e+02 3.343935e+07 2.076440e+06 
1.656062e+02 3.432721e+07 1.868796e+06 
1.565260e+02 3.327275e+07 2.610219e+06 
1.941080e+02 3.165792e+07 1.972618e+06 
1.826860e+02 3.173848e+07 1.972618e+06 
1.585512e+02 3.287775e+07 2.409432e+06 
1.534425e+02 3.515448e+07 3.212577e+06 
1.631703e+02 3.232353e+07 2.208646e+06 
1.556877e+02 3.475158e+07 3.011791e+06 
1.683446e+02 3.199462e+07 1.972618e+06 
1.818928e+02 3.263420e+07 1.868796e+06 
1.636730e+02 3.194067e+07 2.208646e+06 
1.601759e+02 3.255617e+07 2.409432e+06 
1.675308e+02 3.352357e+07 1.868796e+06 
1.807054e+02 3.180181e+07 2.208646e+06 
1.666916e+02 3.194210e+07 2.208646e+06 
1.557993e+02 3.352136e+07 2.610219e+06 
1.671510e+02 3.358711e+07 1.868796e+06 
1.569943e+02 3.385200e+07 2.409432e+06 
1.586888e+02 3.273896e+07 2.409432e+06 
1.637939e+02 3.214293e+07 2.208646e+06 
1.682927e+02 3.350035e+07 1.868796e+06 
1.590524e+02 3.303301e+07 2.208646e+06 
1.692502e+02 3.349915e+07 1.868796e+06 
1.809782e+02 3.178167e+07 2.076440e+06 
1.705087e+02 3.414168e+07 1.832641e+06 
1.558614e+02 3.359250e+07 2.610219e+06 
1.624397e+02 3.220545e+07 2.208646e+06 
1.822922e+02 3.159048e+07 1.972618e+06 
1.589726e+02 3.385857e+07 2.208646e+06 
1.557791e+02 3.371162e+07 2.811005e+06 
1.755059e+02 3.194534e+07 1.972618e+06 
1.599653e+02 3.258424e+07 2.208646e+06 
1.708998e+02 3.205224e+07 1.972618e+06 
1.655992e+02 3.358715e+07 1.868796e+06 
1.645891e+02 3.231649e+07 1.972618e+06 
1.695415e+02 3.347581e+07 1.868796e+06 
1.662874e+02 3.188716e+07 2.208646e+06 
1.591752e+02 3.284274e+07 2.409432e+06 
1.569307e+02 3.331329e+07 2.409432e+06 
1.573850e+02 3.312599e+07 2.610219e+06 
1.559117e+02 3.352419e+07 2.811005e+06 
1.666535e+02 3.524926e+07 1.832641e+06 
1.782919e+02 3.186716e+07 1.972618e+06 

1.535821e+02 3.592147e+07 3.011791e+06 
1.554522e+02 3.378592e+07 2.811005e+06 
1.553155e+02 3.474351e+07 2.610219e+06 
1.549366e+02 3.401152e+07 2.811005e+06 
1.685412e+02 3.355804e+07 1.832641e+06 
1.665984e+02 3.389913e+07 1.807074e+06 
1.605335e+02 3.165141e+07 2.076440e+06 
1.635969e+02 3.134394e+07 1.972618e+06 
1.558112e+02 3.327000e+07 2.409432e+06 
1.632355e+02 3.156060e+07 1.868796e+06 
1.611075e+02 3.194374e+07 1.868796e+06 
1.715590e+02 3.129923e+07 1.972618e+06 
1.686964e+02 3.383201e+07 1.807074e+06 
1.650944e+02 3.436905e+07 1.807074e+06 
1.537791e+02 3.535915e+07 3.011791e+06 
1.599585e+02 3.170083e+07 1.972618e+06 
1.656613e+02 3.388460e+07 1.832641e+06 
1.654654e+02 3.129582e+07 1.972618e+06 
1.833797e+02 3.334644e+07 1.807074e+06 
1.597178e+02 3.261134e+07 1.868796e+06 
1.624253e+02 3.157309e+07 1.868796e+06 
1.586181e+02 3.228230e+07 2.007860e+06 
1.664114e+02 3.375317e+07 1.832641e+06 
1.686159e+02 3.125530e+07 1.972618e+06 
1.715212e+02 3.493278e+07 1.764974e+06 
1.702874e+02 3.450435e+07 1.764974e+06 
1.769340e+02 3.332863e+07 1.807074e+06 
1.599720e+02 3.284310e+07 1.868796e+06 
1.562760e+02 3.306015e+07 2.409432e+06 
1.667125e+02 3.431799e+07 1.807074e+06 
1.536721e+02 3.557858e+07 2.811005e+06 
1.596005e+02 3.196897e+07 1.972618e+06 
1.572604e+02 3.275981e+07 2.409432e+06 
1.561127e+02 3.406877e+07 2.007860e+06 
1.527889e+02 3.550026e+07 3.212577e+06 
1.683861e+02 3.363956e+07 1.832641e+06 
1.549112e+02 3.429126e+07 2.811005e+06 
1.601247e+02 3.179000e+07 2.076440e+06 
1.616131e+02 3.179493e+07 1.868796e+06 
1.606484e+02 3.230036e+07 1.868796e+06 
1.745997e+02 3.380241e+07 1.764974e+06 
1.537862e+02 3.556916e+07 3.212577e+06 
1.668905e+02 3.144851e+07 1.868796e+06 
1.723468e+02 3.372038e+07 1.764974e+06 
1.555464e+02 3.330725e+07 2.409432e+06 
1.736698e+02 3.128293e+07 1.868796e+06 
1.705228e+02 3.123969e+07 1.972618e+06 
1.590784e+02 3.217469e+07 2.076440e+06 
1.585639e+02 3.214957e+07 2.076440e+06 
1.732086e+02 3.327749e+07 1.832641e+06 
1.539366e+02 3.503699e+07 3.212577e+06 
1.562988e+02 3.261102e+07 2.208646e+06 
1.611024e+02 3.227136e+07 1.868796e+06 
1.711237e+02 3.336949e+07 1.807074e+06 
1.754636e+02 3.141305e+07 1.868796e+06 
1.575057e+02 3.367871e+07 1.972618e+06 
1.643980e+02 3.458543e+07 1.832641e+06 
1.537225e+02 3.589222e+07 3.011791e+06 
1.646692e+02 3.154756e+07 1.868796e+06 
1.539647e+02 3.504389e+07 2.811005e+06 
1.650670e+02 3.146866e+07 1.868796e+06 
1.776012e+02 3.124514e+07 1.972618e+06 
1.577393e+02 3.236105e+07 2.076440e+06 
1.570542e+02 3.355899e+07 2.007860e+06 
1.694400e+02 3.351142e+07 1.832641e+06 
1.544696e+02 3.423830e+07 2.811005e+06 
1.701818e+02 3.134836e+07 1.868796e+06 
1.693779e+02 3.136694e+07 1.868796e+06 
1.563799e+02 3.294471e+07 2.208646e+06 
1.601452e+02 3.160587e+07 1.972618e+06 
1.786093e+02 3.306822e+07 1.807074e+06 
1.642584e+02 3.143068e+07 1.972618e+06 
1.535265e+02 3.599513e+07 3.212577e+06 
1.555712e+02 3.357600e+07 2.610219e+06 
1.642526e+02 3.155862e+07 1.868796e+06 
1.554680e+02 3.475956e+07 2.409432e+06 
1.555916e+02 3.419616e+07 2.208646e+06 
1.634403e+02 3.474802e+07 1.832641e+06 
1.560723e+02 3.366171e+07 2.007860e+06 
1.547147e+02 3.448710e+07 2.811005e+06 
1.540991e+02 3.542551e+07 2.811005e+06 
1.633718e+02 3.481102e+07 1.832641e+06 
1.654085e+02 3.135359e+07 1.972618e+06 
1.661747e+02 3.436822e+07 1.807074e+06 
1.554096e+02 3.425471e+07 2.610219e+06 
1.576880e+02 3.316172e+07 1.972618e+06 
1.697273e+02 3.343175e+07 1.807074e+06 
1.536431e+02 3.566369e+07 3.011791e+06 
1.678369e+02 3.171549e+07 1.868796e+06 
1.556507e+02 3.309524e+07 2.208646e+06 
1.573191e+02 3.382186e+07 1.972618e+06 
1.555152e+02 3.384520e+07 2.409432e+06 
1.594077e+02 3.185375e+07 1.972618e+06 
1.603688e+02 3.236861e+07 1.868796e+06 
1.553698e+02 3.433521e+07 2.610219e+06 
1.674797e+02 3.141523e+07 1.868796e+06 
1.689763e+02 3.357875e+07 1.807074e+06 
1.587157e+02 3.234199e+07 2.076440e+06 
1.762080e+02 3.113330e+07 1.972618e+06 
1.595046e+02 3.390754e+07 1.868796e+06 

