8.091050e+03 2.968314e+07 2.127989e+06 
1.084955e+04 3.994043e+07 1.057574e+06 
9.673900e+03 3.662730e+07 1.361913e+06 
9.157400e+03 3.443272e+07 1.586361e+06 
1.056220e+04 3.950756e+07 1.284197e+06 
9.062150e+03 3.478597e+07 1.627911e+06 
1.076660e+04 4.005721e+07 1.133115e+06 
1.081680e+04 3.998084e+07 1.105578e+06 
9.329350e+03 3.593067e+07 1.435279e+06 
8.667100e+03 3.283944e+07 1.787511e+06 
8.112250e+03 2.963621e+07 2.213108e+06 
8.952950e+03 3.336713e+07 1.661902e+06 
8.052800e+03 2.952043e+07 2.298228e+06 
1.044250e+04 3.909650e+07 1.359738e+06 
8.441200e+03 3.135034e+07 1.812984e+06 
1.077410e+04 3.968524e+07 1.117193e+06 
9.272250e+03 3.568764e+07 1.489592e+06 
8.121250e+03 2.963164e+07 2.213108e+06 
1.045045e+04 3.854020e+07 1.359738e+06 
1.096060e+04 4.071311e+07 1.035103e+06 
1.064165e+04 3.943114e+07 1.191674e+06 
8.682000e+03 3.251304e+07 1.787511e+06 
1.126775e+04 4.173809e+07 9.998649e+05 
1.062775e+04 3.960507e+07 1.191674e+06 
8.561550e+03 3.167826e+07 1.872630e+06 
8.362900e+03 3.110590e+07 1.872630e+06 
9.111550e+03 3.466813e+07 1.627911e+06 
8.341100e+03 3.126731e+07 1.957750e+06 
1.058745e+04 3.818307e+07 1.284197e+06 
8.056550e+03 2.946922e+07 2.298228e+06 
9.605600e+03 3.653572e+07 1.404473e+06 
1.069110e+04 3.954327e+07 1.133115e+06 
9.159150e+03 3.433949e+07 1.617271e+06 
8.053050e+03 2.943810e+07 2.298228e+06 
1.114580e+04 4.151911e+07 1.017484e+06 
8.099450e+03 2.967094e+07 2.127989e+06 
9.307950e+03 3.573652e+07 1.435279e+06 
8.386500e+03 3.110067e+07 1.872630e+06 
8.228600e+03 3.038807e+07 2.042869e+06 
1.114230e+04 4.166951e+07 1.021435e+06 
8.040100e+03 2.952509e+07 2.383347e+06 
9.010000e+03 3.449823e+07 1.659831e+06 
1.055275e+04 3.895821e+07 1.329992e+06 
1.067040e+04 3.968990e+07 1.149114e+06 
8.080550e+03 2.973894e+07 2.213108e+06 
1.053480e+04 3.905795e+07 1.319353e+06 
9.065900e+03 3.468925e+07 1.510820e+06 
1.064190e+04 4.198215e+07 1.149114e+06 
8.872100e+03 3.305642e+07 1.702391e+06 
8.356300e+03 3.094327e+07 1.957750e+06 

9.884550e+03 3.777259e+07 1.361913e+06 
8.245950e+03 3.040670e+07 2.213108e+06 
1.193275e+04 4.242615e+07 1.055261e+06 
1.007530e+04 3.832325e+07 1.359738e+06 
8.908250e+03 3.291058e+07 1.812984e+06 
8.732450e+03 3.278990e+07 1.888525e+06 
1.022050e+04 3.850722e+07 1.359738e+06 
8.945600e+03 3.348077e+07 1.787511e+06 
9.815700e+03 3.784634e+07 1.415112e+06 
8.798000e+03 3.233962e+07 1.957750e+06 
8.721000e+03 3.285866e+07 1.888525e+06 
9.566950e+03 3.562194e+07 1.510820e+06 
1.008020e+04 3.790761e+07 1.359738e+06 
9.483400e+03 3.529142e+07 1.586361e+06 
8.895900e+03 3.280147e+07 1.830070e+06 
9.258600e+03 3.464341e+07 1.702391e+06 
8.304500e+03 3.113252e+07 2.042869e+06 
1.033800e+04 3.929211e+07 1.208656e+06 
9.457000e+03 3.532759e+07 1.532152e+06 
8.087700e+03 3.007166e+07 2.213108e+06 
8.614850e+03 3.257889e+07 1.957750e+06 
9.563400e+03 3.562812e+07 1.510820e+06 
9.687850e+03 3.638347e+07 1.500231e+06 
1.053280e+04 3.962112e+07 1.159753e+06 
9.920600e+03 3.763390e+07 1.415112e+06 
8.119700e+03 3.005621e+07 2.213108e+06 
8.831850e+03 3.238082e+07 1.872630e+06 
8.975650e+03 3.305360e+07 1.787511e+06 
7.978700e+03 2.926881e+07 2.383347e+06 
1.008740e+04 3.812652e+07 1.329992e+06 
1.056300e+04 3.918842e+07 1.208656e+06 
8.705100e+03 3.280369e+07 1.915190e+06 
9.155450e+03 3.417138e+07 1.737443e+06 
1.004615e+04 3.869550e+07 1.329992e+06 
8.170200e+03 3.037468e+07 2.127989e+06 
9.569850e+03 3.553007e+07 1.532152e+06 
1.039740e+04 3.878474e+07 1.244873e+06 
7.976700e+03 2.931204e+07 2.383347e+06 
9.384850e+03 3.557685e+07 1.586361e+06 
7.965900e+03 2.930362e+07 2.383347e+06 
1.204580e+04 4.236439e+07 1.073147e+06 
9.692850e+03 3.638746e+07 1.435279e+06 
1.009320e+04 3.815523e+07 1.284197e+06 
1.185085e+04 4.244148e+07 1.057574e+06 
9.303450e+03 3.458812e+07 1.702391e+06 
9.458600e+03 3.515162e+07 1.659831e+06 
9.572450e+03 3.520933e+07 1.586361e+06 
1.072210e+04 3.990633e+07 1.133115e+06 
8.310350e+03 3.098750e+07 2.042869e+06 
7.977950e+03 2.931537e+07 2.298228e+06 

9.378500e+03 3.412359e+07 1.659831e+06 
9.413800e+03 3.428994e+07 1.617271e+06 
1.018555e+04 3.667027e+07 1.361913e+06 
1.011095e+04 3.747519e+07 1.359738e+06 
9.948900e+03 3.708434e+07 1.404473e+06 
1.067195e+04 3.960896e+07 1.208656e+06 
9.996550e+03 3.707607e+07 1.361913e+06 
9.582550e+03 3.492486e+07 1.574712e+06 
9.551000e+03 3.528310e+07 1.574712e+06 
8.115250e+03 2.996778e+07 1.957750e+06 
8.087250e+03 2.974736e+07 2.042869e+06 
1.000990e+04 3.572975e+07 1.447032e+06 
9.922100e+03 3.596214e+07 1.435279e+06 
1.109475e+04 4.168980e+07 1.159753e+06 
8.047400e+03 2.970798e+07 2.213108e+06 
8.088650e+03 2.972764e+07 2.042869e+06 
7.951100e+03 2.942449e+07 2.383347e+06 
8.137100e+03 3.028612e+07 1.872630e+06 
1.020055e+04 3.828918e+07 1.287433e+06 
8.125300e+03 3.029261e+07 1.888525e+06 
8.078100e+03 2.978749e+07 2.042869e+06 
8.210350e+03 3.014634e+07 1.888525e+06 
1.023705e+04 3.833607e+07 1.284197e+06 
1.166790e+04 4.273592e+07 1.046086e+06 
8.085750e+03 2.955301e+07 2.213108e+06 
9.156550e+03 3.406007e+07 1.713030e+06 
7.980000e+03 2.952634e+07 2.298228e+06 
8.057100e+03 2.989024e+07 2.127989e+06 
8.874600e+03 3.305052e+07 1.737443e+06 
8.112950e+03 3.008130e+07 1.957750e+06 
9.866900e+03 3.836676e+07 1.435279e+06 
1.291785e+04 4.609520e+07 9.998649e+05 
7.973500e+03 2.960038e+07 2.298228e+06 
1.138050e+04 4.253541e+07 1.074744e+06 
8.665800e+03 3.264804e+07 1.787511e+06 
8.100550e+03 2.960909e+07 2.042869e+06 
1.022145e+04 3.809613e+07 1.319353e+06 
9.539600e+03 3.465249e+07 1.586361e+06 
1.016795e+04 3.813077e+07 1.319353e+06 
8.045750e+03 2.999414e+07 2.170549e+06 
9.580000e+03 3.504963e+07 1.532152e+06 
1.174775e+04 4.309338e+07 1.039507e+06 
1.003770e+04 3.646632e+07 1.404473e+06 
1.058340e+04 3.878920e+07 1.244873e+06 
8.809800e+03 3.327042e+07 1.737443e+06 
7.973100e+03 2.938584e+07 2.383347e+06 
9.186150e+03 3.394032e+07 1.702391e+06 
9.219600e+03 3.404598e+07 1.661902e+06 
1.116930e+04 4.123397e+07 1.133115e+06 
9.658050e+03 3.509490e+07 1.489592e+06 

9.806700e+03 3.606583e+07 1.468311e+06 
8.355600e+03 3.089904e+07 1.812984e+06 
9.831250e+03 3.628189e+07 1.435279e+06 
8.096600e+03 2.956568e+07 2.042869e+06 
1.079105e+04 4.098355e+07 1.106554e+06 
8.194650e+03 3.052749e+07 1.888525e+06 
9.831500e+03 3.609483e+07 1.435279e+06 
9.122400e+03 3.350034e+07 1.617271e+06 
9.856950e+03 3.697968e+07 1.361913e+06 
8.865450e+03 3.253987e+07 1.744951e+06 
9.797250e+03 3.644184e+07 1.447032e+06 
8.381950e+03 3.130143e+07 1.787511e+06 
9.556950e+03 3.525263e+07 1.532152e+06 
1.061815e+04 4.035755e+07 1.133115e+06 
9.941600e+03 3.742997e+07 1.284197e+06 
8.071600e+03 2.961071e+07 2.213108e+06 
9.025650e+03 3.324748e+07 1.661902e+06 
9.066700e+03 3.336978e+07 1.659831e+06 
9.513100e+03 3.529986e+07 1.532152e+06 
8.299400e+03 3.097163e+07 1.812984e+06 
1.079875e+04 4.050063e+07 1.057574e+06 
1.038520e+04 3.936093e+07 1.276793e+06 
9.429900e+03 3.485236e+07 1.586361e+06 
9.888050e+03 3.713680e+07 1.359738e+06 
9.592200e+03 3.543137e+07 1.510820e+06 
8.171900e+03 3.030816e+07 1.957750e+06 
9.098350e+03 3.317313e+07 1.661902e+06 
9.674850e+03 3.543108e+07 1.510820e+06 
8.350250e+03 3.058474e+07 1.872630e+06 
8.287850e+03 3.079267e+07 1.840710e+06 
9.808750e+03 3.667348e+07 1.435279e+06 
1.049545e+04 3.956322e+07 1.208656e+06 
8.924650e+03 3.274870e+07 1.702391e+06 
8.082800e+03 2.959226e+07 2.042869e+06 
8.248800e+03 3.061056e+07 1.872630e+06 
9.509750e+03 3.486091e+07 1.574712e+06 
8.895750e+03 3.274244e+07 1.737443e+06 
9.837850e+03 3.757410e+07 1.415112e+06 
1.064895e+04 4.000602e+07 1.133115e+06 
9.584700e+03 3.578039e+07 1.510820e+06 
8.331000e+03 3.091145e+07 1.812984e+06 
1.071750e+04 4.018160e+07 1.133115e+06 
8.856850e+03 3.258927e+07 1.755590e+06 
8.211750e+03 3.045664e+07 1.888525e+06 
9.673750e+03 3.558823e+07 1.500231e+06 
9.902200e+03 3.693075e+07 1.361913e+06 
9.788850e+03 3.660877e+07 1.447032e+06 
8.270400e+03 3.082570e+07 1.840710e+06 
9.855250e+03 3.655641e+07 1.415112e+06 
8.095500e+03 2.959428e+07 2.042869e+06 

7.956000e+03 2.952525e+07 2.213108e+06 
8.933450e+03 3.347873e+07 1.661902e+06 
1.068940e+04 4.085318e+07 1.108919e+06 
1.028805e+04 3.822955e+07 1.276793e+06 
9.870950e+03 3.697430e+07 1.359738e+06 
8.077250e+03 3.018807e+07 1.957750e+06 
8.511600e+03 3.200925e+07 1.888525e+06 
9.972800e+03 3.666008e+07 1.457672e+06 
8.115900e+03 3.018638e+07 1.957750e+06 
8.996050e+03 3.415614e+07 1.532152e+06 
7.929050e+03 2.931420e+07 2.298228e+06 
8.966950e+03 3.368822e+07 1.617271e+06 
1.189715e+04 4.398915e+07 9.558189e+05 
7.974600e+03 2.948842e+07 2.213108e+06 
8.559350e+03 3.236792e+07 1.812984e+06 
8.497350e+03 3.203713e+07 1.888525e+06 
1.171010e+04 4.359216e+07 1.021435e+06 
9.593400e+03 3.556792e+07 1.447032e+06 
8.643900e+03 3.263015e+07 1.737443e+06 
1.034645e+04 3.966948e+07 1.133115e+06 
1.013120e+04 3.872088e+07 1.191674e+06 
8.488150e+03 3.192117e+07 1.915190e+06 
1.015660e+04 3.783511e+07 1.284197e+06 
9.928800e+03 3.688643e+07 1.329992e+06 
1.076215e+04 4.040321e+07 1.108919e+06 
8.819100e+03 3.360572e+07 1.702391e+06 
9.935000e+03 3.677706e+07 1.359738e+06 
9.620250e+03 3.542844e+07 1.447032e+06 
9.642850e+03 3.566905e+07 1.435279e+06 
8.514050e+03 3.203717e+07 1.872630e+06 
9.655650e+03 3.550821e+07 1.510820e+06 
8.538850e+03 3.231923e+07 1.830070e+06 
1.026885e+04 3.843373e+07 1.244873e+06 
9.564050e+03 3.560841e+07 1.489592e+06 
8.515450e+03 3.198387e+07 1.888525e+06 
8.035700e+03 3.006573e+07 2.042869e+06 
7.977400e+03 2.948706e+07 2.213108e+06 
8.486450e+03 3.206918e+07 1.888525e+06 
8.852500e+03 3.317334e+07 1.702391e+06 
8.056050e+03 2.991554e+07 2.127989e+06 
9.656300e+03 3.554386e+07 1.435279e+06 
9.614250e+03 3.554021e+07 1.510820e+06 
9.762500e+03 3.620905e+07 1.361913e+06 
7.982000e+03 2.945732e+07 2.213108e+06 
8.904750e+03 3.399523e+07 1.661902e+06 
8.886050e+03 3.406379e+07 1.661902e+06 
8.685150e+03 3.257856e+07 1.787511e+06 
1.031220e+04 3.832518e+07 1.244873e+06 
9.575450e+03 3.565157e+07 1.447032e+06 
7.967750e+03 2.940804e+07 2.298228e+06 

9.746950e+03 3.632197e+07 1.447032e+06 
8.060800e+03 2.979266e+07 2.298228e+06 
1.032595e+04 3.862476e+07 1.284197e+06 
1.029035e+04 3.769766e+07 1.359738e+06 
9.557900e+03 3.583083e+07 1.447032e+06 
1.018455e+04 3.785576e+07 1.404473e+06 
1.022910e+04 3.794653e+07 1.361913e+06 
8.816100e+03 3.340036e+07 1.737443e+06 
1.110270e+04 4.020943e+07 1.074634e+06 
8.657150e+03 3.281415e+07 1.830070e+06 
8.348000e+03 3.104506e+07 1.957750e+06 
1.108310e+04 4.100394e+07 1.106554e+06 
8.087750e+03 2.998721e+07 2.213108e+06 
1.069775e+04 3.992991e+07 1.133115e+06 
8.699500e+03 3.302629e+07 1.702391e+06 
8.059600e+03 2.974647e+07 2.383347e+06 
8.044200e+03 2.985314e+07 2.298228e+06 
8.333200e+03 3.108642e+07 1.872630e+06 
1.035910e+04 3.817911e+07 1.284197e+06 
8.040050e+03 2.972168e+07 2.383347e+06 
9.514000e+03 3.540380e+07 1.532152e+06 
1.022720e+04 3.834718e+07 1.359738e+06 
8.922750e+03 3.417656e+07 1.586361e+06 
8.747000e+03 3.294496e+07 1.737443e+06 
1.046270e+04 3.803764e+07 1.284197e+06 
1.022175e+04 3.823601e+07 1.361913e+06 
8.302550e+03 3.086123e+07 2.042869e+06 
1.068720e+04 4.006242e+07 1.191674e+06 
8.079700e+03 3.010611e+07 2.213108e+06 
1.025000e+04 3.822679e+07 1.284197e+06 
1.025570e+04 3.821040e+07 1.359738e+06 
8.065700e+03 2.979251e+07 2.298228e+06 
9.798200e+03 3.711886e+07 1.435279e+06 
8.664500e+03 3.268587e+07 1.787511e+06 
1.145385e+04 4.180937e+07 9.837181e+05 
1.050950e+04 3.863038e+07 1.208656e+06 
8.359250e+03 3.102347e+07 1.957750e+06 
8.396200e+03 3.125124e+07 1.872630e+06 
9.008600e+03 3.434580e+07 1.586361e+06 
9.493600e+03 3.592135e+07 1.532152e+06 
8.872800e+03 3.413437e+07 1.617271e+06 
1.023460e+04 3.767534e+07 1.404473e+06 
8.047400e+03 2.979649e+07 2.298228e+06 
8.348050e+03 3.104335e+07 1.957750e+06 
8.085750e+03 3.003705e+07 2.213108e+06 
1.150205e+04 4.232448e+07 1.159753e+06 
8.327750e+03 3.106511e+07 1.957750e+06 
1.111340e+04 4.123315e+07 1.057574e+06 
9.556600e+03 3.572605e+07 1.510820e+06 
8.128900e+03 3.000821e+07 2.298228e+06 

8.056300e+03 2.939932e+07 1.888525e+06 
1.168880e+04 4.592260e+07 9.820330e+05 
7.950250e+03 2.908435e+07 2.298228e+06 
7.938250e+03 2.916355e+07 2.383347e+06 
9.279850e+03 3.456793e+07 1.532152e+06 
8.104300e+03 2.927458e+07 1.957750e+06 
9.345800e+03 3.443227e+07 1.510820e+06 
8.053100e+03 2.950352e+07 1.957750e+06 
1.127990e+04 4.181780e+07 1.133115e+06 
8.261900e+03 3.003776e+07 1.812984e+06 
9.023850e+03 3.416098e+07 1.659831e+06 
9.273350e+03 3.428456e+07 1.574712e+06 
7.946350e+03 2.908897e+07 2.298228e+06 
8.239600e+03 3.010934e+07 1.812984e+06 
8.029900e+03 2.923429e+07 2.042869e+06 
9.147600e+03 3.449035e+07 1.574712e+06 
9.593900e+03 3.657674e+07 1.415112e+06 
1.062675e+04 3.968093e+07 1.208656e+06 
9.042500e+03 3.385182e+07 1.661902e+06 
9.032900e+03 3.459717e+07 1.586361e+06 
9.499950e+03 3.514880e+07 1.447032e+06 
9.056450e+03 3.428493e+07 1.586361e+06 
9.326850e+03 3.424449e+07 1.532152e+06 
1.035855e+04 3.894512e+07 1.284197e+06 
8.714200e+03 3.228022e+07 1.702391e+06 
8.056250e+03 2.932415e+07 1.915190e+06 
9.089650e+03 3.420174e+07 1.586361e+06 
8.014600e+03 2.939531e+07 2.127989e+06 
1.101825e+04 4.066762e+07 1.149114e+06 
1.196205e+04 4.053476e+07 1.095504e+06 
9.331200e+03 3.463720e+07 1.489592e+06 
8.958900e+03 3.387036e+07 1.661902e+06 
1.171550e+04 4.514409e+07 9.820330e+05 
1.198285e+04 4.102666e+07 1.073147e+06 
8.068200e+03 2.935038e+07 1.888525e+06 
8.007400e+03 2.949468e+07 2.127989e+06 
8.189500e+03 2.994999e+07 1.872630e+06 
8.047800e+03 2.934101e+07 2.000309e+06 
1.135175e+04 4.253390e+07 1.057574e+06 
1.212150e+04 4.086689e+07 1.085273e+06 
9.071000e+03 3.411617e+07 1.617271e+06 
9.694350e+03 3.656875e+07 1.435279e+06 
9.150700e+03 3.407099e+07 1.659831e+06 
8.448600e+03 3.108277e+07 1.737443e+06 
7.939750e+03 2.911385e+07 2.298228e+06 
7.987300e+03 2.942524e+07 2.213108e+06 
1.138925e+04 4.205289e+07 1.057574e+06 
9.690450e+03 3.693815e+07 1.359738e+06 
9.307000e+03 3.451870e+07 1.510820e+06 
8.025400e+03 2.928655e+07 2.042869e+06 

1.144360e+04 4.304648e+07 9.658323e+05 
1.107615e+04 4.177039e+07 1.026292e+06 
1.120200e+04 4.212835e+07 1.057574e+06 
1.149115e+04 4.297802e+07 9.658323e+05 
7.924900e+03 2.910372e+07 2.383347e+06 
8.421200e+03 3.154001e+07 1.872630e+06 
1.119280e+04 4.141731e+07 9.910544e+05 
8.444000e+03 3.152752e+07 1.872630e+06 
1.170535e+04 4.435447e+07 9.518172e+05 
1.066900e+04 3.966445e+07 1.276793e+06 
1.067675e+04 4.036202e+07 1.244873e+06 
9.340700e+03 3.488653e+07 1.510820e+06 
1.119205e+04 4.185771e+07 1.008673e+06 
1.079030e+04 4.004730e+07 1.133115e+06 
8.307300e+03 3.067222e+07 1.888525e+06 
1.176230e+04 4.424558e+07 9.469543e+05 
7.972550e+03 2.923387e+07 2.213108e+06 
1.014370e+04 3.701733e+07 1.359738e+06 
8.836300e+03 3.333585e+07 1.661902e+06 
8.060450e+03 2.945276e+07 2.127989e+06 
7.946900e+03 2.913914e+07 2.383347e+06 
8.080850e+03 2.945189e+07 2.127989e+06 
9.022500e+03 3.428962e+07 1.617271e+06 
8.776850e+03 3.261129e+07 1.737443e+06 
9.058200e+03 3.417474e+07 1.617271e+06 
1.143440e+04 4.280860e+07 9.820330e+05 
1.188790e+04 4.476162e+07 9.300607e+05 
8.233500e+03 3.032434e+07 1.957750e+06 
8.641000e+03 3.244796e+07 1.812984e+06 
7.901750e+03 2.915062e+07 2.383347e+06 
1.070135e+04 3.978031e+07 1.234234e+06 
9.562700e+03 3.634371e+07 1.361913e+06 
1.017880e+04 3.767554e+07 1.284197e+06 
8.760250e+03 3.307110e+07 1.737443e+06 
1.161810e+04 4.369872e+07 9.575935e+05 
1.110525e+04 4.153920e+07 1.117193e+06 
1.071100e+04 3.981364e+07 1.208656e+06 
7.933050e+03 2.919712e+07 2.298228e+06 
9.062200e+03 3.453001e+07 1.586361e+06 
9.339450e+03 3.510527e+07 1.435279e+06 
1.113445e+04 4.173664e+07 1.106554e+06 
7.909950e+03 2.923189e+07 2.298228e+06 
9.334500e+03 3.472485e+07 1.532152e+06 
9.248500e+03 3.478637e+07 1.532152e+06 
8.087550e+03 2.937959e+07 2.127989e+06 
8.687850e+03 3.235246e+07 1.787511e+06 
7.909650e+03 2.914019e+07 2.383347e+06 
1.154990e+04 4.416261e+07 9.895141e+05 
1.161190e+04 4.441053e+07 9.381979e+05 
9.066200e+03 3.420316e+07 1.586361e+06 

1.150720e+04 4.291758e+07 1.074634e+06 
8.735200e+03 3.251678e+07 1.661902e+06 
9.173500e+03 3.384612e+07 1.447032e+06 
9.231100e+03 3.329167e+07 1.532152e+06 
9.899850e+03 3.632271e+07 1.252005e+06 
9.125450e+03 3.368513e+07 1.510820e+06 
9.214100e+03 3.406247e+07 1.329992e+06 
1.084985e+04 3.905030e+07 1.191674e+06 
8.744350e+03 3.239025e+07 1.661902e+06 
8.984000e+03 3.286226e+07 1.617271e+06 
9.258650e+03 3.408463e+07 1.310133e+06 
1.105385e+04 4.181308e+07 1.105580e+06 
9.036050e+03 3.280045e+07 1.586361e+06 
9.945650e+03 3.571074e+07 1.252005e+06 
1.176810e+04 4.425338e+07 1.057574e+06 
9.545400e+03 3.530967e+07 1.276793e+06 
1.090145e+04 4.108315e+07 1.159753e+06 
8.080800e+03 2.983303e+07 2.127989e+06 
1.098300e+04 3.895163e+07 1.133115e+06 
8.078500e+03 2.990880e+07 2.127989e+06 
8.321750e+03 3.096616e+07 1.812984e+06 
8.583900e+03 3.172706e+07 1.737443e+06 
1.117690e+04 4.015628e+07 1.108919e+06 
1.071245e+04 3.848550e+07 1.208656e+06 
8.165250e+03 3.039071e+07 2.042869e+06 
8.586250e+03 3.165756e+07 1.737443e+06 
9.184100e+03 3.371226e+07 1.359738e+06 
1.119740e+04 4.169303e+07 1.091033e+06 
9.170200e+03 3.389858e+07 1.435279e+06 
1.011725e+04 3.634942e+07 1.216233e+06 
1.182220e+04 4.467223e+07 1.055261e+06 
8.073150e+03 2.986356e+07 2.213108e+06 
9.056650e+03 3.344390e+07 1.532152e+06 
8.349550e+03 3.095316e+07 1.812984e+06 
8.241650e+03 3.032206e+07 1.957750e+06 
8.196300e+03 3.057640e+07 1.957750e+06 
1.092645e+04 4.120150e+07 1.133115e+06 
8.694950e+03 3.208044e+07 1.702391e+06 
8.658750e+03 3.221893e+07 1.702391e+06 
9.262500e+03 3.340164e+07 1.510820e+06 
9.161150e+03 3.253979e+07 1.586361e+06 
9.163950e+03 3.389988e+07 1.415112e+06 
8.217550e+03 3.023608e+07 2.042869e+06 
1.133495e+04 4.238158e+07 1.087961e+06 
8.070200e+03 3.012013e+07 2.298228e+06 
8.036100e+03 2.969667e+07 2.383347e+06 
9.467350e+03 3.476491e+07 1.284197e+06 
8.274700e+03 3.054606e+07 1.872630e+06 
8.537850e+03 3.175658e+07 1.787511e+06 
9.250500e+03 3.365711e+07 1.510820e+06 

9.868750e+03 3.782499e+07 1.191674e+06 
8.790500e+03 3.224925e+07 1.787511e+06 
9.408750e+03 3.535634e+07 1.532152e+06 
1.281255e+04 4.734871e+07 9.895141e+05 
7.926500e+03 2.896304e+07 2.298228e+06 
1.001555e+04 3.658130e+07 1.415112e+06 
9.980700e+03 3.823243e+07 1.149114e+06 
1.203725e+04 4.696891e+07 1.030698e+06 
9.758200e+03 3.758127e+07 1.234234e+06 
8.448950e+03 3.132556e+07 1.872630e+06 
8.960900e+03 3.326501e+07 1.737443e+06 
9.675800e+03 3.704663e+07 1.361913e+06 
1.071715e+04 4.086351e+07 1.057574e+06 
8.003050e+03 2.950649e+07 2.127989e+06 
1.071530e+04 4.085336e+07 1.059732e+06 
9.701300e+03 3.592848e+07 1.447032e+06 
8.774400e+03 3.227068e+07 1.787511e+06 
8.504250e+03 3.117419e+07 1.872630e+06 
9.443300e+03 3.536552e+07 1.532152e+06 
1.002250e+04 3.779474e+07 1.191674e+06 
9.394450e+03 3.517513e+07 1.586361e+06 
9.396600e+03 3.531692e+07 1.574712e+06 
7.944300e+03 2.904161e+07 2.213108e+06 
9.825550e+03 3.732704e+07 1.404473e+06 
9.264850e+03 3.481571e+07 1.659831e+06 
9.432500e+03 3.530521e+07 1.532152e+06 
9.822300e+03 3.629765e+07 1.435279e+06 
9.314600e+03 3.488823e+07 1.617271e+06 
9.007100e+03 3.351101e+07 1.661902e+06 
9.692200e+03 3.692531e+07 1.276793e+06 
7.946700e+03 2.900111e+07 2.213108e+06 
8.059900e+03 2.972307e+07 2.127989e+06 
8.037650e+03 2.968110e+07 2.042869e+06 
9.657250e+03 3.598750e+07 1.447032e+06 
8.359650e+03 3.060123e+07 1.957750e+06 
9.438550e+03 3.529312e+07 1.532152e+06 
9.296250e+03 3.498230e+07 1.617271e+06 
7.992600e+03 2.956545e+07 2.127989e+06 
9.545800e+03 3.575281e+07 1.510820e+06 
9.999550e+03 3.828990e+07 1.133115e+06 
8.824200e+03 3.247878e+07 1.787511e+06 
9.750300e+03 3.650759e+07 1.435279e+06 
7.903700e+03 2.885087e+07 2.298228e+06 
8.493550e+03 3.130233e+07 1.872630e+06 
1.076775e+04 4.152558e+07 1.037375e+06 
1.219310e+04 4.716095e+07 1.000604e+06 
9.276400e+03 3.478498e+07 1.659831e+06 
1.003910e+04 3.663477e+07 1.359738e+06 
8.553300e+03 3.148265e+07 1.812984e+06 
1.008085e+04 3.860956e+07 1.106554e+06 

