6.077600e+03 1.912538e+07 1.586361e+06 
6.015350e+03 1.906475e+07 1.812984e+06 
6.205300e+03 1.958342e+07 1.435279e+06 
6.148900e+03 1.975613e+07 1.359738e+06 
6.155100e+03 1.977108e+07 1.435279e+06 
7.428800e+03 2.342095e+07 9.064920e+05 
7.597300e+03 2.409020e+07 8.309510e+05 
6.336000e+03 1.998194e+07 1.284197e+06 
6.120250e+03 1.937504e+07 1.510820e+06 
6.031600e+03 1.897143e+07 1.661902e+06 
6.482100e+03 2.080600e+07 1.133115e+06 
6.076700e+03 1.911806e+07 1.586361e+06 
6.550400e+03 2.094380e+07 9.820330e+05 
6.302300e+03 1.993636e+07 1.284197e+06 
6.179600e+03 1.990505e+07 1.359738e+06 
6.271200e+03 2.007262e+07 1.284197e+06 
6.164600e+03 1.962196e+07 1.435279e+06 
6.170300e+03 1.959207e+07 1.435279e+06 
6.115250e+03 1.939783e+07 1.510820e+06 
6.055700e+03 1.916268e+07 1.586361e+06 
6.013750e+03 1.886275e+07 1.812984e+06 
6.298100e+03 2.005664e+07 1.284197e+06 
6.260700e+03 2.010214e+07 1.284197e+06 
6.483550e+03 2.074441e+07 1.057574e+06 
6.035300e+03 1.898005e+07 1.661902e+06 
6.153900e+03 1.963235e+07 1.435279e+06 
6.489200e+03 2.084493e+07 1.057574e+06 
6.590850e+03 2.090484e+07 9.820330e+05 
6.516900e+03 2.074896e+07 1.057574e+06 
6.212600e+03 1.976162e+07 1.359738e+06 
6.289200e+03 2.017267e+07 1.208656e+06 
6.305400e+03 2.009939e+07 1.208656e+06 
6.259100e+03 2.008343e+07 1.208656e+06 
6.280800e+03 2.006156e+07 1.284197e+06 
6.120450e+03 1.939780e+07 1.510820e+06 
6.562100e+03 2.092274e+07 9.820330e+05 
6.169000e+03 1.959898e+07 1.435279e+06 
7.544900e+03 2.382255e+07 8.309510e+05 
6.019850e+03 1.881717e+07 1.812984e+06 
6.191500e+03 1.955664e+07 1.435279e+06 
6.579400e+03 2.091266e+07 9.820330e+05 
6.571100e+03 2.092955e+07 9.820330e+05 
6.051900e+03 1.914715e+07 1.586361e+06 
7.473500e+03 2.349035e+07 9.064920e+05 
6.135950e+03 1.937933e+07 1.510820e+06 
6.015750e+03 1.886650e+07 1.812984e+06 
6.015250e+03 1.880058e+07 1.812984e+06 
7.681250e+03 2.398143e+07 8.309510e+05 
6.182100e+03 1.974999e+07 1.359738e+06 
6.024550e+03 1.899279e+07 1.661902e+06 

6.717950e+03 2.078678e+07 1.000604e+06 
6.692000e+03 2.082733e+07 1.000604e+06 
7.004800e+03 2.248123e+07 8.309510e+05 
6.448600e+03 2.013377e+07 1.208656e+06 
6.678800e+03 2.084726e+07 9.820330e+05 
6.309350e+03 1.941138e+07 1.435279e+06 
7.255200e+03 2.362808e+07 8.186760e+05 
6.561950e+03 2.059540e+07 1.057574e+06 
6.673900e+03 2.075505e+07 1.046086e+06 
7.244750e+03 2.391340e+07 7.731940e+05 
7.025550e+03 2.247684e+07 8.309510e+05 
7.293050e+03 2.345048e+07 7.731940e+05 
6.394500e+03 1.977918e+07 1.284197e+06 
6.088000e+03 1.933724e+07 1.510820e+06 
5.938800e+03 1.887593e+07 1.661902e+06 
7.225850e+03 2.370407e+07 8.186760e+05 
6.324300e+03 1.979627e+07 1.359738e+06 
6.670700e+03 2.084847e+07 9.820330e+05 
6.099600e+03 1.931421e+07 1.510820e+06 
6.458650e+03 1.985804e+07 1.284197e+06 
6.303850e+03 1.945592e+07 1.435279e+06 
6.354950e+03 1.992954e+07 1.284197e+06 
7.307350e+03 2.381684e+07 7.731940e+05 
7.083800e+03 2.233096e+07 8.309510e+05 
6.283100e+03 1.960438e+07 1.435279e+06 
6.747300e+03 2.080266e+07 9.820330e+05 
5.940900e+03 1.875304e+07 1.661902e+06 
7.237150e+03 2.367467e+07 8.186760e+05 
7.273550e+03 2.372074e+07 7.731940e+05 
6.066350e+03 1.917176e+07 1.586361e+06 
6.366950e+03 1.956815e+07 1.359738e+06 
7.019050e+03 2.248119e+07 8.309510e+05 
6.332900e+03 1.952885e+07 1.359738e+06 
7.031700e+03 2.242138e+07 8.309510e+05 
6.055900e+03 1.928718e+07 1.586361e+06 
6.448900e+03 2.025295e+07 1.133115e+06 
6.929600e+03 2.208671e+07 9.064920e+05 
5.939000e+03 1.879253e+07 1.661902e+06 
5.950700e+03 1.875395e+07 1.661902e+06 
6.570800e+03 2.045881e+07 1.057574e+06 
7.068150e+03 2.245215e+07 8.309510e+05 
6.764100e+03 2.074549e+07 1.046086e+06 
6.064700e+03 1.917787e+07 1.586361e+06 
7.026300e+03 2.246561e+07 8.309510e+05 
6.700000e+03 2.079683e+07 9.820330e+05 
6.373450e+03 1.986507e+07 1.284197e+06 
6.057100e+03 1.921332e+07 1.586361e+06 
6.068800e+03 1.917609e+07 1.586361e+06 
6.579300e+03 2.030487e+07 1.057574e+06 
6.555850e+03 2.039128e+07 1.133115e+06 

6.653150e+03 2.115730e+07 9.820330e+05 
5.921700e+03 1.847960e+07 1.888525e+06 
6.132300e+03 1.955654e+07 1.435279e+06 
6.098500e+03 1.954668e+07 1.435279e+06 
8.258500e+03 2.528406e+07 8.309510e+05 
7.783400e+03 2.393056e+07 8.734826e+05 
6.093600e+03 1.937983e+07 1.510820e+06 
8.087900e+03 2.528955e+07 8.309510e+05 
5.973600e+03 1.886171e+07 1.737443e+06 
7.045750e+03 2.216508e+07 9.551220e+05 
7.824500e+03 2.377983e+07 8.641580e+05 
6.261400e+03 2.006757e+07 1.208656e+06 
6.190250e+03 1.997697e+07 1.284197e+06 
6.087000e+03 1.951211e+07 1.510820e+06 
7.158200e+03 2.216490e+07 9.096400e+05 
6.287100e+03 2.015395e+07 1.208656e+06 
5.965550e+03 1.864324e+07 1.812984e+06 
6.220200e+03 1.989951e+07 1.284197e+06 
6.239750e+03 2.007756e+07 1.208656e+06 
6.112400e+03 1.945743e+07 1.435279e+06 
6.091800e+03 1.943473e+07 1.510820e+06 
7.085700e+03 2.207427e+07 9.096400e+05 
5.984500e+03 1.871862e+07 1.737443e+06 
6.083950e+03 1.909654e+07 1.586361e+06 
6.682400e+03 2.115259e+07 9.820330e+05 
7.107800e+03 2.235892e+07 9.064920e+05 
8.113100e+03 2.499529e+07 8.309510e+05 
5.982500e+03 1.876417e+07 1.737443e+06 
5.926900e+03 1.841305e+07 1.888525e+06 
6.087800e+03 1.949376e+07 1.510820e+06 
6.007850e+03 1.888476e+07 1.661902e+06 
5.923100e+03 1.839896e+07 1.888525e+06 
6.076600e+03 1.951269e+07 1.510820e+06 
7.158350e+03 2.238953e+07 9.005443e+05 
6.693750e+03 2.123642e+07 9.820330e+05 
6.050650e+03 1.903264e+07 1.586361e+06 
5.998900e+03 1.871939e+07 1.737443e+06 
6.588000e+03 2.103527e+07 1.057574e+06 
6.193600e+03 1.979800e+07 1.359738e+06 
6.440350e+03 2.060286e+07 1.133115e+06 
5.920000e+03 1.848473e+07 1.888525e+06 
6.182400e+03 2.002451e+07 1.359738e+06 
7.657250e+03 2.359093e+07 9.005443e+05 
6.590550e+03 2.089912e+07 1.057574e+06 
6.183500e+03 1.978496e+07 1.359738e+06 
5.905600e+03 1.857195e+07 1.888525e+06 
7.181850e+03 2.233386e+07 9.064920e+05 
5.973900e+03 1.880215e+07 1.737443e+06 
7.118100e+03 2.207065e+07 9.343980e+05 
6.514400e+03 2.064124e+07 1.133115e+06 

6.084500e+03 1.922189e+07 1.737443e+06 
6.380800e+03 2.029810e+07 1.359738e+06 
6.247850e+03 1.952136e+07 1.435279e+06 
6.462500e+03 2.039894e+07 1.284197e+06 
6.112200e+03 1.911787e+07 1.737443e+06 
6.175800e+03 1.937852e+07 1.586361e+06 
6.457850e+03 2.054012e+07 1.208656e+06 
6.674150e+03 2.107728e+07 1.057574e+06 
6.507050e+03 2.055324e+07 1.208656e+06 
6.103800e+03 1.914346e+07 1.737443e+06 
6.117000e+03 1.929568e+07 1.661902e+06 
6.479750e+03 2.062452e+07 1.208656e+06 
6.224250e+03 1.943660e+07 1.510820e+06 
6.625100e+03 2.083409e+07 1.133115e+06 
6.615100e+03 2.106721e+07 1.057574e+06 
6.987900e+03 2.156073e+07 9.820330e+05 
6.678750e+03 2.105691e+07 1.057574e+06 
6.931450e+03 2.175993e+07 9.820330e+05 
6.252050e+03 1.960907e+07 1.435279e+06 
6.246600e+03 1.957987e+07 1.435279e+06 
6.030300e+03 1.884583e+07 1.888525e+06 
6.126500e+03 1.939702e+07 1.661902e+06 
6.402800e+03 2.008079e+07 1.359738e+06 
6.383800e+03 2.017616e+07 1.359738e+06 
6.410500e+03 2.015843e+07 1.359738e+06 
6.933700e+03 2.207095e+07 9.820330e+05 
6.416450e+03 2.045803e+07 1.284197e+06 
6.090500e+03 1.918826e+07 1.737443e+06 
6.601000e+03 2.080062e+07 1.133115e+06 
6.914000e+03 2.182226e+07 9.820330e+05 
6.958050e+03 2.187288e+07 9.064920e+05 
6.017200e+03 1.889171e+07 1.888525e+06 
6.381300e+03 2.018766e+07 1.359738e+06 
6.388450e+03 2.027506e+07 1.359738e+06 
6.060200e+03 1.895872e+07 1.812984e+06 
6.564950e+03 2.088339e+07 1.133115e+06 
6.030700e+03 1.889348e+07 1.812984e+06 
6.106500e+03 1.910285e+07 1.737443e+06 
6.981200e+03 2.155097e+07 9.820330e+05 
6.179000e+03 1.924898e+07 1.661902e+06 
6.134600e+03 1.932857e+07 1.586361e+06 
6.102950e+03 1.915510e+07 1.737443e+06 
7.018200e+03 2.188954e+07 9.064920e+05 
6.117400e+03 1.924108e+07 1.661902e+06 
6.236450e+03 1.957869e+07 1.510820e+06 
6.275700e+03 1.956353e+07 1.510820e+06 
6.014100e+03 1.880525e+07 1.888525e+06 
6.407950e+03 2.038180e+07 1.284197e+06 
6.975100e+03 2.171075e+07 9.820330e+05 
6.552500e+03 2.081736e+07 1.133115e+06 

6.034550e+03 1.891937e+07 1.510820e+06 
5.902450e+03 1.827877e+07 1.888525e+06 
7.449550e+03 2.359535e+07 8.641580e+05 
5.939800e+03 1.853576e+07 1.737443e+06 
7.164450e+03 2.268263e+07 9.064920e+05 
6.012750e+03 1.878845e+07 1.661902e+06 
5.909900e+03 1.822683e+07 1.888525e+06 
5.966300e+03 1.849652e+07 1.737443e+06 
7.157050e+03 2.257184e+07 9.096400e+05 
6.017900e+03 1.875475e+07 1.661902e+06 
5.899100e+03 1.833620e+07 1.888525e+06 
6.346850e+03 1.997500e+07 1.284197e+06 
6.427300e+03 2.051239e+07 1.208656e+06 
5.937900e+03 1.839110e+07 1.812984e+06 
6.355150e+03 2.004502e+07 1.359738e+06 
6.562700e+03 2.067688e+07 1.133115e+06 
6.673450e+03 2.092845e+07 1.057574e+06 
5.940650e+03 1.852352e+07 1.737443e+06 
6.603750e+03 2.067165e+07 1.133115e+06 
5.897950e+03 1.832838e+07 1.888525e+06 
5.906550e+03 1.822978e+07 1.888525e+06 
5.911950e+03 1.823834e+07 1.888525e+06 
6.078000e+03 1.914852e+07 1.435279e+06 
6.353300e+03 1.995549e+07 1.359738e+06 
6.139900e+03 1.917064e+07 1.435279e+06 
7.135150e+03 2.241649e+07 9.096400e+05 
6.525250e+03 2.073148e+07 1.133115e+06 
5.944250e+03 1.848426e+07 1.737443e+06 
6.600400e+03 2.057826e+07 1.133115e+06 
6.070650e+03 1.902660e+07 1.510820e+06 
6.556600e+03 2.070739e+07 1.133115e+06 
6.307700e+03 1.996414e+07 1.359738e+06 
7.278350e+03 2.276249e+07 9.064920e+05 
6.534200e+03 2.040047e+07 1.208656e+06 
6.963850e+03 2.178952e+07 9.820330e+05 
6.022400e+03 1.875931e+07 1.661902e+06 
7.035400e+03 2.180834e+07 9.820330e+05 
5.941600e+03 1.851616e+07 1.737443e+06 
5.932850e+03 1.838175e+07 1.812984e+06 
7.141800e+03 2.253801e+07 9.551220e+05 
5.924700e+03 1.842363e+07 1.812984e+06 
7.537100e+03 2.369366e+07 8.641580e+05 
6.608350e+03 2.054910e+07 1.133115e+06 
6.102250e+03 1.911362e+07 1.435279e+06 
6.047800e+03 1.897698e+07 1.586361e+06 
6.494750e+03 2.033410e+07 1.208656e+06 
5.900250e+03 1.828310e+07 1.888525e+06 
6.037700e+03 1.889314e+07 1.586361e+06 
6.361250e+03 2.004557e+07 1.284197e+06 
6.652100e+03 2.088839e+07 1.057574e+06 

6.517000e+03 2.073249e+07 1.000604e+06 
6.317350e+03 1.988801e+07 1.359738e+06 
5.964700e+03 1.843253e+07 1.888525e+06 
6.337250e+03 2.016358e+07 1.284197e+06 
6.478300e+03 2.079532e+07 9.820330e+05 
6.090600e+03 1.867892e+07 1.737443e+06 
6.468100e+03 2.064483e+07 1.057574e+06 
6.475800e+03 2.066113e+07 1.057574e+06 
6.363000e+03 2.022398e+07 1.208656e+06 
6.343450e+03 2.014674e+07 1.284197e+06 
6.049550e+03 1.864610e+07 1.812984e+06 
6.557100e+03 2.082711e+07 9.820330e+05 
6.443200e+03 2.060884e+07 1.133115e+06 
6.244350e+03 1.958514e+07 1.510820e+06 
6.218500e+03 1.948425e+07 1.586361e+06 
6.302350e+03 1.988719e+07 1.359738e+06 
6.992200e+03 2.187566e+07 9.343980e+05 
6.269650e+03 1.980822e+07 1.435279e+06 
6.189300e+03 1.898663e+07 1.661902e+06 
6.477600e+03 2.064120e+07 1.057574e+06 
6.227700e+03 1.947738e+07 1.586361e+06 
6.281400e+03 1.974180e+07 1.435279e+06 
6.291850e+03 1.989400e+07 1.359738e+06 
6.902400e+03 2.185522e+07 9.343980e+05 
6.370350e+03 2.024504e+07 1.208656e+06 
6.248950e+03 1.960274e+07 1.510820e+06 
6.879900e+03 2.151886e+07 9.551220e+05 
6.154300e+03 1.897959e+07 1.661902e+06 
6.496200e+03 2.078253e+07 1.000604e+06 
7.005300e+03 2.213346e+07 9.064920e+05 
6.347450e+03 2.022867e+07 1.208656e+06 
5.955500e+03 1.854296e+07 1.888525e+06 
6.280350e+03 1.977678e+07 1.435279e+06 
6.352900e+03 2.009359e+07 1.284197e+06 
6.530900e+03 2.078262e+07 9.820330e+05 
6.481500e+03 2.063318e+07 1.057574e+06 
6.346450e+03 2.014129e+07 1.284197e+06 
6.356750e+03 2.010029e+07 1.284197e+06 
6.346750e+03 2.023256e+07 1.208656e+06 
6.275100e+03 1.978669e+07 1.435279e+06 
6.353650e+03 2.022759e+07 1.208656e+06 
6.052850e+03 1.857478e+07 1.812984e+06 
5.956200e+03 1.841167e+07 1.888525e+06 
6.350450e+03 2.012402e+07 1.284197e+06 
6.879800e+03 2.166791e+07 9.551220e+05 
6.371000e+03 2.008819e+07 1.284197e+06 
6.081500e+03 1.864937e+07 1.737443e+06 
6.472100e+03 2.059232e+07 1.133115e+06 
6.498400e+03 2.074927e+07 1.000604e+06 
7.064550e+03 2.216712e+07 9.215640e+05 

6.085200e+03 1.886629e+07 1.661902e+06 
6.744700e+03 2.148509e+07 8.674190e+05 
6.194150e+03 1.940338e+07 1.510820e+06 
6.705200e+03 2.134643e+07 9.064920e+05 
6.730400e+03 2.139432e+07 9.064920e+05 
6.049500e+03 1.871177e+07 1.737443e+06 
6.158200e+03 1.974143e+07 1.359738e+06 
6.396550e+03 2.057539e+07 1.208656e+06 
6.372450e+03 2.037923e+07 1.208656e+06 
6.123000e+03 1.915319e+07 1.586361e+06 
6.554950e+03 2.101526e+07 1.133115e+06 
6.103500e+03 1.965674e+07 1.586361e+06 
6.143600e+03 1.967740e+07 1.435279e+06 
6.610300e+03 2.115630e+07 9.820330e+05 
6.133300e+03 1.969153e+07 1.359738e+06 
6.115400e+03 1.973951e+07 1.435279e+06 
6.618000e+03 2.121616e+07 9.820330e+05 
5.974000e+03 1.859250e+07 1.888525e+06 
6.120800e+03 1.983570e+07 1.435279e+06 
6.567550e+03 2.105430e+07 1.057574e+06 
5.994150e+03 1.858578e+07 1.812984e+06 
6.145300e+03 1.915631e+07 1.586361e+06 
6.071600e+03 1.890238e+07 1.661902e+06 
6.394550e+03 2.038373e+07 1.284197e+06 
6.063650e+03 1.901123e+07 1.661902e+06 
6.107400e+03 1.958566e+07 1.510820e+06 
6.707800e+03 2.149711e+07 8.309510e+05 
6.040100e+03 1.870345e+07 1.737443e+06 
6.000750e+03 1.859978e+07 1.812984e+06 
6.691000e+03 2.145786e+07 9.064920e+05 
6.687400e+03 2.118286e+07 9.820330e+05 
5.983850e+03 1.862010e+07 1.812984e+06 
6.796500e+03 2.158718e+07 8.309510e+05 
6.172150e+03 1.938284e+07 1.510820e+06 
6.582050e+03 2.099514e+07 1.057574e+06 
6.555550e+03 2.094694e+07 1.133115e+06 
6.764100e+03 2.150599e+07 8.674190e+05 
6.081900e+03 1.889663e+07 1.661902e+06 
5.973750e+03 1.851454e+07 1.888525e+06 
6.160600e+03 1.912179e+07 1.586361e+06 
6.169300e+03 1.968745e+07 1.435279e+06 
6.703200e+03 2.155562e+07 8.674190e+05 
6.565750e+03 2.095245e+07 1.057574e+06 
6.043500e+03 1.870073e+07 1.737443e+06 
6.565350e+03 2.086385e+07 1.133115e+06 
6.057550e+03 1.891541e+07 1.661902e+06 
6.105300e+03 1.890799e+07 1.661902e+06 
6.662900e+03 2.135370e+07 9.064920e+05 
5.979300e+03 1.851992e+07 1.888525e+06 
6.587700e+03 2.093776e+07 1.133115e+06 

6.146650e+03 1.946191e+07 1.510820e+06 
6.259600e+03 1.988012e+07 1.284197e+06 
6.646850e+03 2.150684e+07 9.820330e+05 
6.371150e+03 2.038492e+07 1.208656e+06 
6.233250e+03 1.983749e+07 1.359738e+06 
6.020100e+03 1.905240e+07 1.737443e+06 
6.241400e+03 1.978839e+07 1.359738e+06 
6.341450e+03 2.043468e+07 1.208656e+06 
5.999050e+03 1.886239e+07 1.812984e+06 
6.812200e+03 2.205635e+07 9.064920e+05 
6.890850e+03 2.214195e+07 8.309510e+05 
6.295850e+03 2.000841e+07 1.284197e+06 
6.040700e+03 1.919048e+07 1.661902e+06 
6.216350e+03 1.968634e+07 1.435279e+06 
6.256150e+03 1.981956e+07 1.359738e+06 
6.054450e+03 1.916394e+07 1.661902e+06 
6.841250e+03 2.196925e+07 9.064920e+05 
6.569250e+03 2.120163e+07 1.057574e+06 
6.881250e+03 2.225161e+07 8.641580e+05 
6.038500e+03 1.904073e+07 1.737443e+06 
6.418700e+03 2.064153e+07 1.133115e+06 
6.372850e+03 2.039483e+07 1.208656e+06 
6.899850e+03 2.213400e+07 8.641580e+05 
6.634600e+03 2.157179e+07 9.820330e+05 
6.231750e+03 1.983857e+07 1.359738e+06 
6.659750e+03 2.151383e+07 9.820330e+05 
6.230950e+03 1.984974e+07 1.359738e+06 
6.866650e+03 2.191572e+07 9.096400e+05 
6.352250e+03 2.039199e+07 1.208656e+06 
6.839150e+03 2.197266e+07 9.064920e+05 
6.824950e+03 2.199953e+07 9.064920e+05 
6.223800e+03 1.986598e+07 1.359738e+06 
6.918550e+03 2.216829e+07 8.641580e+05 
6.563700e+03 2.110195e+07 1.057574e+06 
6.827450e+03 2.209257e+07 9.064920e+05 
6.851050e+03 2.227802e+07 8.309510e+05 
6.653900e+03 2.149064e+07 9.820330e+05 
6.787550e+03 2.187641e+07 9.096400e+05 
6.125150e+03 1.937713e+07 1.586361e+06 
6.047650e+03 1.915456e+07 1.661902e+06 
6.444400e+03 2.067366e+07 1.133115e+06 
5.989500e+03 1.883316e+07 1.812984e+06 
6.831750e+03 2.199877e+07 9.064920e+05 
6.136150e+03 1.944056e+07 1.510820e+06 
6.030700e+03 1.902842e+07 1.737443e+06 
6.117550e+03 1.936915e+07 1.586361e+06 
6.546350e+03 2.115399e+07 1.057574e+06 
6.894150e+03 2.222620e+07 8.309510e+05 
6.236300e+03 1.971558e+07 1.435279e+06 
6.221350e+03 1.986192e+07 1.359738e+06 

6.049100e+03 1.930843e+07 1.435279e+06 
6.123600e+03 1.958119e+07 1.359738e+06 
6.215500e+03 1.975536e+07 1.208656e+06 
6.021350e+03 1.909641e+07 1.586361e+06 
5.989600e+03 1.897024e+07 1.661902e+06 
6.533800e+03 2.104357e+07 9.820330e+05 
6.679950e+03 2.172409e+07 8.309510e+05 
6.631550e+03 2.152136e+07 8.641580e+05 
6.251300e+03 1.990120e+07 1.133115e+06 
6.144950e+03 1.964224e+07 1.284197e+06 
6.432550e+03 2.058564e+07 1.057574e+06 
6.652950e+03 2.157804e+07 8.641580e+05 
6.019850e+03 1.911247e+07 1.510820e+06 
6.023250e+03 1.913367e+07 1.510820e+06 
6.533800e+03 2.112721e+07 9.820330e+05 
6.151450e+03 1.962155e+07 1.284197e+06 
6.130650e+03 1.950459e+07 1.359738e+06 
6.520300e+03 2.118666e+07 9.820330e+05 
6.547700e+03 2.124890e+07 9.551220e+05 
6.121650e+03 1.962928e+07 1.359738e+06 
6.570200e+03 2.122619e+07 9.551220e+05 
6.565200e+03 2.106934e+07 9.820330e+05 
6.605150e+03 2.112376e+07 9.064920e+05 
6.666250e+03 2.177766e+07 8.309510e+05 
6.274800e+03 1.983805e+07 1.133115e+06 
6.574600e+03 2.127038e+07 9.096400e+05 
6.266100e+03 2.003209e+07 1.133115e+06 
6.225300e+03 1.977896e+07 1.208656e+06 
6.225600e+03 1.975981e+07 1.208656e+06 
6.271900e+03 1.994350e+07 1.133115e+06 
6.214500e+03 1.980829e+07 1.208656e+06 
5.988100e+03 1.890207e+07 1.661902e+06 
6.461300e+03 2.056987e+07 1.057574e+06 
6.146350e+03 1.952335e+07 1.359738e+06 
6.552800e+03 2.156526e+07 9.064920e+05 
6.126450e+03 1.956510e+07 1.359738e+06 
6.687350e+03 2.131476e+07 9.064920e+05 
6.509700e+03 2.110599e+07 9.551220e+05 
6.126500e+03 1.953187e+07 1.359738e+06 
6.710150e+03 2.176735e+07 8.309510e+05 
5.997100e+03 1.891986e+07 1.661902e+06 
6.124300e+03 1.952734e+07 1.359738e+06 
6.017550e+03 1.908266e+07 1.586361e+06 
6.424600e+03 2.053074e+07 1.057574e+06 
6.036950e+03 1.919800e+07 1.435279e+06 
6.143550e+03 1.956829e+07 1.284197e+06 
6.540500e+03 2.126941e+07 9.096400e+05 
6.690650e+03 2.176987e+07 8.309510e+05 
5.994700e+03 1.891904e+07 1.661902e+06 
6.533900e+03 2.136831e+07 9.064920e+05 

6.886050e+03 2.194305e+07 9.064920e+05 
6.028450e+03 1.909069e+07 1.661902e+06 
6.337250e+03 1.987716e+07 1.435279e+06 
6.090950e+03 1.943511e+07 1.586361e+06 
6.489750e+03 2.056139e+07 1.208656e+06 
6.536300e+03 2.081661e+07 1.133115e+06 
5.965100e+03 1.851054e+07 1.888525e+06 
6.387900e+03 1.996359e+07 1.359738e+06 
6.040600e+03 1.891145e+07 1.737443e+06 
5.960900e+03 1.851657e+07 1.888525e+06 
6.391150e+03 2.025332e+07 1.284197e+06 
5.955000e+03 1.873290e+07 1.888525e+06 
6.211950e+03 1.999300e+07 1.435279e+06 
6.086100e+03 1.947173e+07 1.510820e+06 
6.244350e+03 1.994693e+07 1.435279e+06 
5.953000e+03 1.854021e+07 1.888525e+06 
6.012450e+03 1.910419e+07 1.661902e+06 
6.587950e+03 2.119981e+07 9.820330e+05 
6.090150e+03 1.903425e+07 1.737443e+06 
6.042800e+03 1.928058e+07 1.586361e+06 
6.213250e+03 1.994098e+07 1.435279e+06 
6.371350e+03 2.006383e+07 1.359738e+06 
5.979900e+03 1.854503e+07 1.812984e+06 
6.740900e+03 2.122896e+07 9.096400e+05 
6.365100e+03 2.047170e+07 1.284197e+06 
6.079600e+03 1.943769e+07 1.510820e+06 
6.601100e+03 2.105047e+07 9.551220e+05 
6.780050e+03 2.147380e+07 9.096400e+05 
5.983100e+03 1.854336e+07 1.812984e+06 
6.693700e+03 2.130094e+07 9.064920e+05 
6.267850e+03 2.014188e+07 1.359738e+06 
6.684350e+03 2.116295e+07 9.551220e+05 
5.993150e+03 1.856561e+07 1.812984e+06 
6.376250e+03 1.999799e+07 1.359738e+06 
6.572050e+03 2.093359e+07 1.057574e+06 
5.961700e+03 1.851942e+07 1.888525e+06 
6.679200e+03 2.130189e+07 9.135506e+05 
6.914150e+03 2.238780e+07 8.734826e+05 
6.248500e+03 2.006551e+07 1.359738e+06 
6.523950e+03 2.074523e+07 1.057574e+06 
5.966150e+03 1.855148e+07 1.812984e+06 
6.613300e+03 2.092403e+07 1.057574e+06 
5.952800e+03 1.854072e+07 1.888525e+06 
6.025350e+03 1.907001e+07 1.661902e+06 
6.822850e+03 2.181551e+07 8.734826e+05 
6.676900e+03 2.112761e+07 1.000604e+06 
6.508400e+03 2.054667e+07 1.208656e+06 
6.325000e+03 2.031189e+07 1.284197e+06 
6.533450e+03 2.061967e+07 1.208656e+06 
6.440650e+03 2.030228e+07 1.284197e+06 

