4.164702e+02 6.364864e+07 6.366017e+06 
4.777687e+02 6.341088e+07 5.401469e+06 
3.290341e+02 6.657422e+07 6.944746e+06 
3.025424e+02 6.747199e+07 6.944746e+06 
3.997164e+02 6.431305e+07 6.462472e+06 
3.743470e+02 6.521569e+07 6.269562e+06 
3.852310e+02 6.724422e+07 5.787288e+06 
4.462011e+02 6.728637e+07 4.822740e+06 
4.304885e+02 6.276948e+07 6.366017e+06 
3.830966e+02 6.816685e+07 5.690833e+06 
3.442892e+02 6.616200e+07 6.366017e+06 
4.624436e+02 6.198116e+07 6.173107e+06 
3.103961e+02 6.695821e+07 6.944746e+06 
4.672552e+02 6.510456e+07 4.822740e+06 
4.022758e+02 6.528451e+07 5.883743e+06 
3.710946e+02 6.819468e+07 5.787288e+06 
3.332482e+02 6.692273e+07 6.558926e+06 
4.900372e+02 6.507546e+07 5.015650e+06 
3.975879e+02 6.460302e+07 6.076652e+06 
4.230197e+02 6.323588e+07 6.269562e+06 
2.772959e+02 6.917946e+07 6.944746e+06 
4.094083e+02 6.369428e+07 6.366017e+06 
4.698791e+02 6.203158e+07 6.076652e+06 
4.375852e+02 6.513933e+07 5.594378e+06 
3.419458e+02 6.535363e+07 6.848291e+06 
4.508832e+02 6.722960e+07 4.629830e+06 
4.298183e+02 6.312196e+07 6.558926e+06 
4.558113e+02 6.198554e+07 6.269562e+06 
4.664827e+02 6.347542e+07 5.401469e+06 
3.522796e+02 6.825482e+07 6.076652e+06 
4.583811e+02 6.416104e+07 5.401469e+06 
4.096046e+02 6.379340e+07 6.076652e+06 
3.226046e+02 6.684988e+07 6.944746e+06 
4.086170e+02 6.382610e+07 6.366017e+06 
3.635609e+02 6.527792e+07 6.848291e+06 
4.248070e+02 6.798004e+07 5.208559e+06 
3.706092e+02 6.687502e+07 5.980198e+06 
3.227564e+02 6.755537e+07 6.558926e+06 
4.478440e+02 6.420363e+07 5.594378e+06 
3.226947e+02 6.867004e+07 6.366017e+06 
4.804145e+02 6.368385e+07 5.305014e+06 
3.019510e+02 6.818407e+07 6.751836e+06 
3.577048e+02 6.646404e+07 6.269562e+06 
3.562566e+02 6.591027e+07 6.462472e+06 
4.174195e+02 6.358270e+07 6.462472e+06 
3.198662e+02 6.860377e+07 6.462472e+06 
2.822178e+02 6.871790e+07 6.944746e+06 
5.116568e+02 6.454190e+07 5.208559e+06 
4.790713e+02 6.539966e+07 4.436921e+06 
3.773307e+02 6.432617e+07 6.848291e+06 
2.872021e+02 6.812144e+07 6.944746e+06 
2.930062e+02 6.875243e+07 6.848291e+06 
4.311326e+02 6.723722e+07 5.112104e+06 
4.257420e+02 6.614738e+07 5.401469e+06 
4.364574e+02 6.260350e+07 6.558926e+06 
4.048239e+02 6.395584e+07 6.462472e+06 
4.213122e+02 6.447151e+07 5.787288e+06 
4.667411e+02 6.210600e+07 5.883743e+06 
4.085550e+02 6.705010e+07 5.401469e+06 
4.200003e+02 6.336417e+07 6.173107e+06 
2.861011e+02 6.838907e+07 6.944746e+06 
4.258544e+02 6.316524e+07 6.366017e+06 
3.113005e+02 6.861334e+07 6.558926e+06 
4.478487e+02 6.665348e+07 4.822740e+06 
3.364493e+02 6.792315e+07 6.269562e+06 
3.240223e+02 6.674013e+07 6.944746e+06 
4.325233e+02 6.305952e+07 5.883743e+06 
4.031998e+02 6.742974e+07 5.497924e+06 
2.917109e+02 6.771433e+07 6.944746e+06 
3.617100e+02 6.534662e+07 6.848291e+06 
4.089308e+02 6.381514e+07 6.366017e+06 
4.393826e+02 6.325125e+07 5.787288e+06 
2.962083e+02 6.760702e+07 6.944746e+06 
4.146663e+02 6.600449e+07 5.594378e+06 
4.989357e+02 6.517525e+07 4.629830e+06 
4.529005e+02 6.241848e+07 6.269562e+06 
4.419653e+02 6.254041e+07 6.269562e+06 
3.805327e+02 6.544168e+07 6.076652e+06 
4.779215e+02 6.226319e+07 5.497924e+06 
3.650617e+02 6.480686e+07 6.655381e+06 
4.351193e+02 6.780429e+07 5.015650e+06 
3.034468e+02 6.739225e+07 6.944746e+06 
4.576662e+02 6.209351e+07 5.980198e+06 
3.054780e+02 6.867367e+07 6.655381e+06 
3.797019e+02 6.611004e+07 5.980198e+06 
3.685300e+02 6.475248e+07 6.751836e+06 
3.629861e+02 6.766592e+07 5.883743e+06 
4.553181e+02 6.284398e+07 5.787288e+06 
4.408564e+02 6.736795e+07 4.919195e+06 
4.504534e+02 6.698534e+07 4.726285e+06 
4.238037e+02 6.792351e+07 5.305014e+06 
4.441300e+02 6.532147e+07 5.015650e+06 
3.428226e+02 6.758054e+07 6.173107e+06 
4.623777e+02 6.529419e+07 4.726285e+06 
3.838447e+02 6.465865e+07 6.462472e+06 
2.910369e+02 6.798104e+07 6.944746e+06 
3.610903e+02 6.832661e+07 5.883743e+06 
3.178319e+02 6.689867e+07 6.751836e+06 
4.225321e+02 6.333403e+07 6.173107e+06 
3.321944e+02 6.618734e+07 6.944746e+06 

4.538583e+02 6.270869e+07 6.462472e+06 
4.342676e+02 6.296010e+07 6.558926e+06 
3.453953e+02 6.616777e+07 6.848291e+06 
3.075653e+02 6.804503e+07 6.655381e+06 
5.092187e+02 6.529295e+07 5.112104e+06 
3.574550e+02 6.523959e+07 6.944746e+06 
3.685954e+02 6.633448e+07 5.980198e+06 
4.487604e+02 6.290085e+07 6.558926e+06 
3.360965e+02 6.793416e+07 6.269562e+06 
4.906902e+02 6.749095e+07 4.629830e+06 
3.482285e+02 6.776475e+07 6.076652e+06 
4.809023e+02 6.724356e+07 5.015650e+06 
4.229958e+02 6.333845e+07 6.462472e+06 
4.159825e+02 6.363942e+07 6.366017e+06 
3.759688e+02 6.420747e+07 6.751836e+06 
4.956878e+02 6.396867e+07 5.305014e+06 
3.792246e+02 6.651099e+07 5.787288e+06 
3.635585e+02 6.584811e+07 6.173107e+06 
4.093393e+02 6.464570e+07 5.690833e+06 
4.139514e+02 6.367559e+07 6.173107e+06 
3.528301e+02 6.609296e+07 6.848291e+06 
4.543968e+02 6.264443e+07 6.366017e+06 
3.222539e+02 6.686296e+07 6.751836e+06 
4.037099e+02 6.415255e+07 6.558926e+06 
4.796860e+02 6.813745e+07 4.629830e+06 
4.885153e+02 6.624961e+07 4.919195e+06 
4.899906e+02 6.904580e+07 4.244011e+06 
3.923243e+02 6.563914e+07 5.690833e+06 
2.772959e+02 6.917946e+07 6.944746e+06 
4.808839e+02 6.857483e+07 4.436921e+06 
3.970080e+02 6.478257e+07 5.883743e+06 
5.152744e+02 6.744707e+07 4.244011e+06 
5.278313e+02 6.756482e+07 4.147556e+06 
3.626073e+02 6.522759e+07 6.751836e+06 
3.851506e+02 6.511923e+07 6.076652e+06 
4.661825e+02 6.832492e+07 4.822740e+06 
4.297757e+02 6.317020e+07 6.269562e+06 
4.519820e+02 6.301535e+07 6.076652e+06 
4.002986e+02 6.627566e+07 5.497924e+06 
3.696288e+02 6.520804e+07 6.751836e+06 
3.552127e+02 6.603980e+07 6.655381e+06 
4.366824e+02 6.342907e+07 6.076652e+06 
3.198304e+02 6.785704e+07 6.462472e+06 
4.103063e+02 6.641571e+07 5.305014e+06 
3.794844e+02 6.564315e+07 6.076652e+06 
4.753575e+02 6.392164e+07 5.401469e+06 
5.041975e+02 6.604978e+07 4.919195e+06 
3.315515e+02 6.689401e+07 6.462472e+06 
4.110918e+02 6.521685e+07 5.305014e+06 
2.964835e+02 6.728074e+07 6.944746e+06 
4.504228e+02 6.276069e+07 6.366017e+06 
3.115966e+02 6.714613e+07 6.848291e+06 
3.734005e+02 6.532258e+07 6.558926e+06 
4.940599e+02 6.810266e+07 4.244011e+06 
3.928733e+02 6.528754e+07 5.787288e+06 
3.351922e+02 6.666418e+07 6.848291e+06 
5.003660e+02 6.616109e+07 4.822740e+06 
4.825123e+02 6.914231e+07 4.340466e+06 
3.090829e+02 6.720000e+07 6.944746e+06 
4.468951e+02 6.292411e+07 6.366017e+06 
2.921699e+02 6.781465e+07 6.944746e+06 
3.601034e+02 6.739620e+07 5.883743e+06 
3.046796e+02 6.733886e+07 6.751836e+06 
3.209899e+02 6.706953e+07 6.848291e+06 
3.506665e+02 6.767724e+07 5.980198e+06 
4.240782e+02 6.405659e+07 5.787288e+06 
4.382211e+02 6.294881e+07 6.366017e+06 
2.831623e+02 6.877224e+07 6.944746e+06 
4.539949e+02 6.326264e+07 5.787288e+06 
3.447376e+02 6.642083e+07 6.366017e+06 
3.369192e+02 6.620447e+07 6.462472e+06 
4.636388e+02 6.236617e+07 6.655381e+06 
5.040719e+02 6.693566e+07 4.436921e+06 
2.846933e+02 6.852640e+07 6.944746e+06 
4.655080e+02 6.297235e+07 6.173107e+06 
3.532842e+02 6.606150e+07 6.944746e+06 
3.860085e+02 6.573657e+07 5.883743e+06 
2.910862e+02 6.811944e+07 6.944746e+06 
4.316113e+02 6.316447e+07 6.558926e+06 
2.951543e+02 6.827504e+07 6.848291e+06 
3.866983e+02 6.468348e+07 6.462472e+06 
3.258911e+02 6.679761e+07 6.944746e+06 
2.883649e+02 6.836043e+07 6.944746e+06 
3.275202e+02 6.674490e+07 6.655381e+06 
3.285059e+02 6.808152e+07 6.366017e+06 
5.130215e+02 6.794051e+07 4.147556e+06 
4.771232e+02 6.892548e+07 4.436921e+06 
4.061519e+02 6.395205e+07 6.269562e+06 
2.890227e+02 6.815653e+07 6.944746e+06 
3.899910e+02 6.722585e+07 5.497924e+06 
3.517886e+02 6.613639e+07 6.848291e+06 
4.906260e+02 6.365087e+07 5.690833e+06 
3.009245e+02 6.876719e+07 6.751836e+06 
3.820303e+02 6.723839e+07 5.594378e+06 
2.849924e+02 6.839699e+07 6.944746e+06 
2.955458e+02 6.757392e+07 6.944746e+06 
5.151045e+02 6.701144e+07 4.340466e+06 
4.615204e+02 6.283216e+07 6.269562e+06 
3.186019e+02 6.872181e+07 6.558926e+06 
4.186814e+02 6.339383e+07 6.558926e+06 

4.038964e+02 6.628143e+07 5.401469e+06 
2.887893e+02 6.794687e+07 6.944746e+06 
4.472815e+02 6.648396e+07 4.340466e+06 
4.634092e+02 6.762689e+07 3.472373e+06 
3.310177e+02 6.637205e+07 6.848291e+06 
3.977873e+02 6.593013e+07 5.594378e+06 
3.576684e+02 6.777841e+07 5.787288e+06 
3.992499e+02 6.842699e+07 5.112104e+06 
3.373397e+02 6.633924e+07 6.558926e+06 
3.427282e+02 6.618553e+07 6.655381e+06 
3.215595e+02 6.659068e+07 6.751836e+06 
4.614964e+02 6.834878e+07 3.568828e+06 
4.667084e+02 6.653741e+07 4.244011e+06 
3.523652e+02 6.643723e+07 6.173107e+06 
4.299313e+02 6.400093e+07 5.883743e+06 
4.240915e+02 6.646671e+07 4.726285e+06 
4.137378e+02 6.529521e+07 5.690833e+06 
3.773145e+02 6.505176e+07 6.558926e+06 
3.767736e+02 6.766373e+07 5.497924e+06 
4.128584e+02 6.746403e+07 4.822740e+06 
4.416075e+02 6.770341e+07 4.244011e+06 
4.140417e+02 6.442803e+07 5.980198e+06 
4.963628e+02 6.597783e+07 5.112104e+06 
4.703174e+02 6.765037e+07 3.375918e+06 
3.946738e+02 6.821836e+07 5.208559e+06 
4.600551e+02 6.272330e+07 6.173107e+06 
4.412886e+02 6.306078e+07 5.883743e+06 
2.772959e+02 6.917946e+07 6.944746e+06 
3.822209e+02 6.451298e+07 6.655381e+06 
4.300966e+02 6.820656e+07 4.340466e+06 
4.966350e+02 6.219094e+07 6.269562e+06 
4.825965e+02 6.606059e+07 4.726285e+06 
3.408961e+02 6.628979e+07 6.655381e+06 
3.696093e+02 6.541086e+07 6.558926e+06 
4.227800e+02 6.340145e+07 6.366017e+06 
4.646323e+02 6.264683e+07 6.173107e+06 
4.197272e+02 6.743997e+07 4.726285e+06 
4.231275e+02 6.323654e+07 6.269562e+06 
4.106729e+02 6.387644e+07 6.462472e+06 
4.236945e+02 6.314362e+07 6.558926e+06 
3.999208e+02 6.717081e+07 5.208559e+06 
4.551903e+02 6.304126e+07 5.787288e+06 
4.537793e+02 6.874624e+07 3.665282e+06 
4.733759e+02 6.736626e+07 3.472373e+06 
3.016248e+02 6.903003e+07 6.655381e+06 
3.781323e+02 6.523849e+07 6.173107e+06 
4.911439e+02 6.704310e+07 3.761737e+06 
3.171308e+02 6.714328e+07 6.558926e+06 
4.437694e+02 6.913198e+07 4.147556e+06 
3.499049e+02 6.788110e+07 6.076652e+06 
3.480134e+02 6.609681e+07 6.655381e+06 
2.825919e+02 6.825377e+07 6.944746e+06 
3.740313e+02 6.798899e+07 5.690833e+06 
4.080603e+02 6.745918e+07 4.919195e+06 
4.814084e+02 6.242781e+07 6.076652e+06 
2.879151e+02 6.807663e+07 6.944746e+06 
4.642028e+02 6.621545e+07 4.629830e+06 
2.915766e+02 6.791294e+07 6.944746e+06 
3.304746e+02 6.650544e+07 6.751836e+06 
4.030333e+02 6.440838e+07 6.366017e+06 
4.254756e+02 6.432921e+07 5.787288e+06 
4.683725e+02 6.693629e+07 4.051102e+06 
3.574253e+02 6.768179e+07 5.883743e+06 
3.162003e+02 6.788199e+07 6.462472e+06 
4.502475e+02 6.820313e+07 3.761737e+06 
4.328933e+02 6.526590e+07 5.208559e+06 
3.891893e+02 6.514310e+07 5.883743e+06 
4.458697e+02 6.513311e+07 5.497924e+06 
4.218525e+02 6.776029e+07 4.436921e+06 
3.114772e+02 6.697605e+07 6.848291e+06 
3.310442e+02 6.771074e+07 6.366017e+06 
2.795792e+02 6.888385e+07 6.944746e+06 
4.197102e+02 6.353206e+07 6.655381e+06 
3.003815e+02 6.733226e+07 6.944746e+06 
2.865073e+02 6.821396e+07 6.944746e+06 
2.926326e+02 6.748396e+07 6.944746e+06 
3.904011e+02 6.799347e+07 5.305014e+06 
3.698438e+02 6.662332e+07 5.787288e+06 
4.380781e+02 6.526227e+07 5.305014e+06 
4.353386e+02 6.744931e+07 4.340466e+06 
3.501153e+02 6.606923e+07 6.751836e+06 
3.080031e+02 6.818231e+07 6.558926e+06 
3.482214e+02 6.625342e+07 6.366017e+06 
4.248985e+02 6.291129e+07 6.462472e+06 
3.534954e+02 6.545792e+07 6.558926e+06 
4.146817e+02 6.358803e+07 6.655381e+06 
3.048639e+02 6.725925e+07 6.944746e+06 
4.039717e+02 6.391095e+07 6.462472e+06 
4.506524e+02 6.680594e+07 4.147556e+06 
4.700385e+02 6.705290e+07 3.665282e+06 
2.971677e+02 6.855888e+07 6.751836e+06 
4.375242e+02 6.393421e+07 5.594378e+06 
4.404526e+02 6.849239e+07 4.244011e+06 
4.466655e+02 6.808331e+07 3.954647e+06 
4.191929e+02 6.362763e+07 6.076652e+06 
3.754144e+02 6.530399e+07 6.751836e+06 
4.737824e+02 6.627506e+07 4.340466e+06 
4.823352e+02 6.293931e+07 5.980198e+06 
2.931635e+02 6.895541e+07 6.848291e+06 
4.666575e+02 6.698971e+07 3.954647e+06 

3.418608e+02 6.643832e+07 6.462472e+06 
2.839245e+02 6.886583e+07 6.944746e+06 
3.750925e+02 6.513831e+07 6.462472e+06 
3.615895e+02 6.721554e+07 5.594378e+06 
4.369207e+02 6.408510e+07 5.497924e+06 
3.620543e+02 6.546271e+07 6.751836e+06 
3.867943e+02 6.453224e+07 6.462472e+06 
3.315666e+02 6.828211e+07 6.269562e+06 
4.100180e+02 6.430236e+07 5.883743e+06 
3.766830e+02 6.488577e+07 6.462472e+06 
3.905964e+02 6.451999e+07 6.366017e+06 
4.093791e+02 6.822283e+07 5.305014e+06 
3.673081e+02 6.520294e+07 6.558926e+06 
3.130076e+02 6.755905e+07 6.655381e+06 
4.403189e+02 6.424648e+07 5.305014e+06 
3.440083e+02 6.617068e+07 6.944746e+06 
3.218453e+02 6.780722e+07 6.462472e+06 
3.968958e+02 6.482074e+07 5.980198e+06 
4.266557e+02 6.755269e+07 4.822740e+06 
2.772959e+02 6.917946e+07 6.944746e+06 
4.875667e+02 6.491529e+07 4.726285e+06 
4.736086e+02 6.665957e+07 4.244011e+06 
4.096626e+02 6.703404e+07 5.112104e+06 
3.831460e+02 6.530734e+07 5.980198e+06 
4.541762e+02 6.560252e+07 4.726285e+06 
3.972031e+02 6.599242e+07 5.594378e+06 
3.947039e+02 6.757242e+07 5.497924e+06 
4.699085e+02 6.340863e+07 6.173107e+06 
4.778599e+02 6.339090e+07 5.787288e+06 
4.780154e+02 6.670776e+07 4.051102e+06 
4.011753e+02 6.414018e+07 6.462472e+06 
3.562442e+02 6.577361e+07 6.848291e+06 
3.294062e+02 6.653280e+07 6.751836e+06 
4.371755e+02 6.388148e+07 6.076652e+06 
4.995313e+02 6.345822e+07 5.305014e+06 
4.245565e+02 6.662670e+07 4.919195e+06 
3.414190e+02 6.647011e+07 6.462472e+06 
4.777466e+02 6.587999e+07 4.436921e+06 
3.252927e+02 6.827301e+07 6.366017e+06 
3.913605e+02 6.450279e+07 6.462472e+06 
4.380758e+02 6.733520e+07 4.436921e+06 
4.766094e+02 6.477139e+07 5.112104e+06 
4.770390e+02 6.583731e+07 4.629830e+06 
3.113451e+02 6.720725e+07 6.944746e+06 
5.021567e+02 6.233630e+07 5.594378e+06 
4.325128e+02 6.396323e+07 5.980198e+06 
3.168962e+02 6.714888e+07 6.751836e+06 
4.438832e+02 6.683471e+07 4.533376e+06 
3.993565e+02 6.428301e+07 6.366017e+06 
4.776002e+02 6.484591e+07 4.822740e+06 
3.510019e+02 6.679971e+07 5.980198e+06 
4.506057e+02 6.500686e+07 5.015650e+06 
3.573194e+02 6.556527e+07 6.944746e+06 
4.261254e+02 6.474575e+07 5.497924e+06 
4.632008e+02 6.633686e+07 4.340466e+06 
4.490011e+02 6.718439e+07 4.244011e+06 
2.861334e+02 6.826345e+07 6.944746e+06 
4.909188e+02 6.320152e+07 5.594378e+06 
4.642744e+02 6.721787e+07 4.051102e+06 
3.516993e+02 6.590754e+07 6.558926e+06 
2.910241e+02 6.783969e+07 6.944746e+06 
2.948107e+02 6.883429e+07 6.848291e+06 
3.947172e+02 6.438825e+07 6.366017e+06 
4.824157e+02 6.796614e+07 3.858192e+06 
3.447888e+02 6.599861e+07 6.848291e+06 
2.963877e+02 6.756978e+07 6.944746e+06 
4.645901e+02 6.350259e+07 5.594378e+06 
3.138393e+02 6.854354e+07 6.558926e+06 
5.011109e+02 6.431742e+07 5.208559e+06 
2.955112e+02 6.781588e+07 6.944746e+06 
3.046347e+02 6.730652e+07 6.751836e+06 
2.988003e+02 6.868401e+07 6.751836e+06 
3.441238e+02 6.645605e+07 6.269562e+06 
4.095912e+02 6.400494e+07 6.366017e+06 
3.630086e+02 6.532174e+07 6.269562e+06 
4.002348e+02 6.775470e+07 5.401469e+06 
3.470323e+02 6.841640e+07 5.883743e+06 
3.299173e+02 6.706702e+07 6.366017e+06 
3.610827e+02 6.700070e+07 5.690833e+06 
4.790653e+02 6.743139e+07 3.954647e+06 
2.907470e+02 6.792697e+07 6.944746e+06 
2.903159e+02 6.799301e+07 6.944746e+06 
4.437486e+02 6.360817e+07 5.497924e+06 
4.796902e+02 6.275296e+07 6.173107e+06 
4.252354e+02 6.540572e+07 4.919195e+06 
3.329174e+02 6.791164e+07 6.173107e+06 
4.603672e+02 6.768856e+07 4.147556e+06 
4.147336e+02 6.544485e+07 5.401469e+06 
4.193077e+02 6.562468e+07 5.208559e+06 
3.618193e+02 6.610549e+07 6.076652e+06 
2.994511e+02 6.739076e+07 6.944746e+06 
4.790542e+02 6.299607e+07 5.980198e+06 
4.354364e+02 6.761358e+07 4.726285e+06 
3.352173e+02 6.719097e+07 6.173107e+06 
4.198545e+02 6.467326e+07 5.690833e+06 
2.853650e+02 6.837602e+07 6.944746e+06 
2.898577e+02 6.803172e+07 6.944746e+06 
3.233139e+02 6.688774e+07 6.848291e+06 
3.370101e+02 6.799597e+07 6.076652e+06 
4.284288e+02 6.612338e+07 4.822740e+06 

4.972048e+02 6.476202e+07 5.015650e+06 
3.100169e+02 6.853310e+07 6.655381e+06 
4.157858e+02 6.722448e+07 4.726285e+06 
4.364105e+02 6.368314e+07 5.787288e+06 
4.703067e+02 6.393492e+07 5.497924e+06 
2.893299e+02 6.805997e+07 6.944746e+06 
3.857812e+02 6.403685e+07 6.751836e+06 
3.373777e+02 6.668429e+07 6.366017e+06 
3.419901e+02 6.578232e+07 6.751836e+06 
4.026550e+02 6.378790e+07 6.462472e+06 
3.193791e+02 6.728708e+07 6.558926e+06 
3.623797e+02 6.580769e+07 6.173107e+06 
3.680803e+02 6.440534e+07 6.751836e+06 
3.920879e+02 6.390741e+07 6.558926e+06 
3.645148e+02 6.460747e+07 6.655381e+06 
4.226145e+02 6.475942e+07 5.787288e+06 
4.525082e+02 6.482001e+07 5.401469e+06 
3.268477e+02 6.670767e+07 6.751836e+06 
3.986089e+02 6.658742e+07 5.305014e+06 
3.537203e+02 6.519065e+07 6.655381e+06 
3.902196e+02 6.631333e+07 5.497924e+06 
3.824266e+02 6.569769e+07 5.980198e+06 
4.204633e+02 6.704774e+07 4.822740e+06 
4.441564e+02 6.616835e+07 4.919195e+06 
3.953015e+02 6.815639e+07 5.015650e+06 
3.613523e+02 6.478081e+07 6.848291e+06 
2.772959e+02 6.917946e+07 6.944746e+06 
3.256649e+02 6.692148e+07 6.558926e+06 
4.109481e+02 6.511644e+07 5.883743e+06 
3.589368e+02 6.486247e+07 6.751836e+06 
3.473371e+02 6.715669e+07 6.173107e+06 
4.248949e+02 6.347533e+07 6.462472e+06 
3.745824e+02 6.653156e+07 5.690833e+06 
3.487724e+02 6.515005e+07 6.848291e+06 
3.641394e+02 6.645802e+07 5.787288e+06 
4.207111e+02 6.520208e+07 5.594378e+06 
4.463740e+02 6.531359e+07 5.208559e+06 
3.747306e+02 6.448383e+07 6.462472e+06 
3.912996e+02 6.465996e+07 6.269562e+06 
3.782536e+02 6.410121e+07 6.848291e+06 
3.434118e+02 6.556823e+07 6.848291e+06 
3.361943e+02 6.597591e+07 6.848291e+06 
4.084184e+02 6.598091e+07 5.305014e+06 
3.638192e+02 6.474221e+07 6.848291e+06 
3.575752e+02 6.858216e+07 6.076652e+06 
3.623283e+02 6.750596e+07 5.980198e+06 
3.870706e+02 6.397119e+07 6.751836e+06 
4.034541e+02 6.893165e+07 4.726285e+06 
4.474710e+02 6.733871e+07 4.629830e+06 
3.773788e+02 6.866639e+07 5.497924e+06 
3.208965e+02 6.713329e+07 6.751836e+06 
2.874951e+02 6.819821e+07 6.944746e+06 
3.318263e+02 6.768458e+07 6.462472e+06 
3.151853e+02 6.721501e+07 6.848291e+06 
3.580979e+02 6.496608e+07 6.848291e+06 
3.990822e+02 6.926643e+07 4.822740e+06 
3.330732e+02 6.765896e+07 6.366017e+06 
2.958357e+02 6.762799e+07 6.944746e+06 
4.063781e+02 6.799273e+07 4.822740e+06 
3.398382e+02 6.594241e+07 6.751836e+06 
5.035086e+02 6.386558e+07 5.208559e+06 
3.671478e+02 6.454779e+07 6.848291e+06 
4.688780e+02 6.499626e+07 5.208559e+06 
4.248552e+02 6.361267e+07 6.269562e+06 
2.974471e+02 6.742345e+07 6.944746e+06 
3.500813e+02 6.589269e+07 6.558926e+06 
4.057843e+02 6.731068e+07 5.015650e+06 
2.937318e+02 6.788636e+07 6.944746e+06 
3.721197e+02 6.427640e+07 6.751836e+06 
3.904570e+02 6.373892e+07 6.848291e+06 
3.526329e+02 6.647048e+07 6.269562e+06 
4.275943e+02 6.747074e+07 4.629830e+06 
3.928113e+02 6.884036e+07 5.015650e+06 
4.476907e+02 6.414835e+07 5.594378e+06 
3.842468e+02 6.818781e+07 5.401469e+06 
3.848581e+02 6.728832e+07 5.305014e+06 
3.211383e+02 6.693352e+07 6.655381e+06 
2.884226e+02 6.817632e+07 6.944746e+06 
4.956343e+02 6.475433e+07 5.112104e+06 
2.841585e+02 6.843398e+07 6.944746e+06 
2.946945e+02 6.770223e+07 6.944746e+06 
2.951792e+02 6.856830e+07 6.848291e+06 
4.240029e+02 6.366033e+07 6.655381e+06 
3.299609e+02 6.630246e+07 6.848291e+06 
3.644783e+02 6.482488e+07 6.462472e+06 
3.141214e+02 6.721977e+07 6.751836e+06 
3.003181e+02 6.796825e+07 6.751836e+06 
3.964776e+02 6.847219e+07 4.919195e+06 
4.626131e+02 6.369923e+07 5.594378e+06 
3.774692e+02 6.536218e+07 6.269562e+06 
4.129251e+02 6.676427e+07 5.112104e+06 
4.474689e+02 6.590528e+07 5.015650e+06 
2.899293e+02 6.790114e+07 6.944746e+06 
4.498340e+02 6.714857e+07 4.726285e+06 
4.126143e+02 6.634655e+07 5.208559e+06 
5.020483e+02 6.306715e+07 5.401469e+06 
3.361730e+02 6.810342e+07 6.173107e+06 
3.043553e+02 6.724738e+07 6.944746e+06 
4.865827e+02 6.398938e+07 5.208559e+06 
4.201742e+02 6.390955e+07 6.173107e+06 

4.026896e+02 6.724908e+07 4.822740e+06 
3.210786e+02 6.677707e+07 6.848291e+06 
3.376616e+02 6.632338e+07 6.848291e+06 
3.970092e+02 6.537384e+07 5.594378e+06 
3.512599e+02 6.849414e+07 5.787288e+06 
4.099475e+02 6.329924e+07 6.751836e+06 
3.151833e+02 6.785706e+07 6.558926e+06 
3.181007e+02 6.719353e+07 6.944746e+06 
3.916961e+02 6.642074e+07 5.305014e+06 
4.376925e+02 6.280886e+07 6.269562e+06 
3.411050e+02 6.834630e+07 5.883743e+06 
4.222796e+02 6.292237e+07 6.558926e+06 
3.352723e+02 6.653012e+07 6.751836e+06 
4.102086e+02 6.328203e+07 6.751836e+06 
4.097066e+02 6.332812e+07 6.558926e+06 
3.814000e+02 6.545866e+07 5.980198e+06 
4.185975e+02 6.299137e+07 6.269562e+06 
4.312281e+02 6.266690e+07 6.751836e+06 
4.176281e+02 6.314806e+07 6.751836e+06 
3.659470e+02 6.478063e+07 6.655381e+06 
3.509889e+02 6.511099e+07 6.462472e+06 
3.889086e+02 6.757489e+07 5.112104e+06 
3.329189e+02 6.758851e+07 6.269562e+06 
2.772959e+02 6.917946e+07 6.944746e+06 
3.755051e+02 6.477065e+07 6.462472e+06 
3.696744e+02 6.636346e+07 5.787288e+06 
3.621602e+02 6.632747e+07 5.980198e+06 
3.820701e+02 6.597276e+07 5.594378e+06 
3.450061e+02 6.509218e+07 6.751836e+06 
3.454231e+02 6.775725e+07 5.980198e+06 
3.515284e+02 6.507868e+07 6.655381e+06 
4.331713e+02 6.307864e+07 6.173107e+06 
4.015643e+02 6.542191e+07 5.497924e+06 
3.897527e+02 6.484787e+07 6.076652e+06 
3.821126e+02 6.704893e+07 5.305014e+06 
4.048942e+02 6.627404e+07 5.401469e+06 
4.471024e+02 6.250115e+07 6.366017e+06 
3.815139e+02 6.822896e+07 5.401469e+06 
3.295266e+02 6.664118e+07 6.751836e+06 
3.867915e+02 6.452080e+07 6.269562e+06 
4.158444e+02 6.698427e+07 4.822740e+06 
4.346353e+02 6.251641e+07 6.366017e+06 
3.801835e+02 6.441169e+07 6.751836e+06 
3.953584e+02 6.404094e+07 6.848291e+06 
4.644384e+02 6.244003e+07 6.655381e+06 
3.441823e+02 6.667884e+07 6.269562e+06 
2.868960e+02 6.813018e+07 6.944746e+06 
3.827403e+02 6.772338e+07 5.208559e+06 
3.734109e+02 6.855082e+07 5.594378e+06 
4.274197e+02 6.287238e+07 6.558926e+06 
2.952467e+02 6.770332e+07 6.944746e+06 
3.009209e+02 6.761372e+07 6.944746e+06 
3.645057e+02 6.670938e+07 5.690833e+06 
4.001342e+02 6.370560e+07 6.655381e+06 
3.761014e+02 6.462008e+07 6.848291e+06 
3.603397e+02 6.480957e+07 6.655381e+06 
4.471768e+02 6.249761e+07 6.655381e+06 
3.339569e+02 6.672358e+07 6.558926e+06 
3.045233e+02 6.750994e+07 6.944746e+06 
4.170796e+02 6.666188e+07 5.112104e+06 
3.755686e+02 6.738154e+07 5.497924e+06 
2.981649e+02 6.767495e+07 6.944746e+06 
4.388580e+02 6.431730e+07 6.076652e+06 
3.896024e+02 6.786725e+07 4.919195e+06 
3.556259e+02 6.758149e+07 5.883743e+06 
3.971263e+02 6.761277e+07 4.822740e+06 
4.028828e+02 6.358937e+07 6.751836e+06 
3.018556e+02 6.759735e+07 6.944746e+06 
3.528548e+02 6.628121e+07 6.269562e+06 
3.096586e+02 6.817539e+07 6.655381e+06 
4.084856e+02 6.364663e+07 6.366017e+06 
4.656958e+02 6.239872e+07 6.655381e+06 
4.194303e+02 6.319769e+07 6.173107e+06 
3.252688e+02 6.762967e+07 6.366017e+06 
3.383146e+02 6.865483e+07 6.173107e+06 
3.996689e+02 6.637738e+07 5.208559e+06 
2.867898e+02 6.850272e+07 6.944746e+06 
3.570125e+02 6.491303e+07 6.655381e+06 
3.017157e+02 6.805578e+07 6.751836e+06 
3.807626e+02 6.655649e+07 5.497924e+06 
4.038409e+02 6.467208e+07 5.690833e+06 
3.210507e+02 6.847058e+07 6.462472e+06 
3.665079e+02 6.574070e+07 6.173107e+06 
3.492013e+02 6.694507e+07 5.980198e+06 
3.064015e+02 6.730162e+07 6.944746e+06 
3.284080e+02 6.670889e+07 6.848291e+06 
4.288715e+02 6.268773e+07 6.558926e+06 
3.970062e+02 6.446741e+07 5.883743e+06 
3.421124e+02 6.575765e+07 6.751836e+06 
2.885155e+02 6.782999e+07 6.944746e+06 
3.719865e+02 6.560855e+07 6.076652e+06 
3.232178e+02 6.837640e+07 6.269562e+06 
3.558228e+02 6.507291e+07 6.655381e+06 
3.385033e+02 6.625335e+07 6.751836e+06 
3.856318e+02 6.406868e+07 6.751836e+06 
3.407779e+02 6.592205e+07 6.751836e+06 
3.267142e+02 6.687287e+07 6.655381e+06 
3.845683e+02 6.701397e+07 5.208559e+06 
3.938342e+02 6.420190e+07 6.366017e+06 
2.940708e+02 6.856279e+07 6.848291e+06 

4.259180e+02 6.653656e+07 4.533376e+06 
4.555206e+02 6.669564e+07 4.051102e+06 
3.904412e+02 6.406356e+07 6.462472e+06 
3.842953e+02 6.758230e+07 5.305014e+06 
3.900819e+02 6.638822e+07 5.690833e+06 
4.178344e+02 6.341399e+07 6.366017e+06 
4.233077e+02 6.407335e+07 5.787288e+06 
3.524286e+02 6.526189e+07 6.655381e+06 
3.936242e+02 6.768274e+07 5.208559e+06 
3.422958e+02 6.709751e+07 6.076652e+06 
3.253729e+02 6.693728e+07 6.558926e+06 
3.954669e+02 6.893467e+07 5.112104e+06 
4.242857e+02 6.849344e+07 4.147556e+06 
2.995115e+02 6.825057e+07 6.751836e+06 
4.279262e+02 6.817860e+07 3.858192e+06 
4.437780e+02 6.323949e+07 5.980198e+06 
2.772959e+02 6.917946e+07 6.944746e+06 
3.568403e+02 6.599659e+07 6.269562e+06 
4.122194e+02 6.723579e+07 4.726285e+06 
4.362287e+02 6.550271e+07 5.208559e+06 
4.097574e+02 6.383508e+07 6.366017e+06 
4.043191e+02 6.802331e+07 5.015650e+06 
3.805205e+02 6.451704e+07 6.462472e+06 
4.224208e+02 6.740644e+07 4.340466e+06 
4.163743e+02 6.831842e+07 4.340466e+06 
4.031821e+02 6.429977e+07 6.173107e+06 
4.164847e+02 6.351253e+07 6.462472e+06 
3.940649e+02 6.510160e+07 5.980198e+06 
4.180831e+02 6.637218e+07 4.919195e+06 
3.352560e+02 6.895139e+07 6.269562e+06 
3.257864e+02 6.781396e+07 6.366017e+06 
4.196607e+02 6.319227e+07 6.366017e+06 
4.370117e+02 6.354090e+07 5.883743e+06 
3.377833e+02 6.705096e+07 6.173107e+06 
3.682240e+02 6.680289e+07 5.690833e+06 
4.158261e+02 6.355062e+07 6.366017e+06 
4.667523e+02 6.547442e+07 5.208559e+06 
3.221622e+02 6.663251e+07 6.944746e+06 
4.304506e+02 6.296139e+07 6.269562e+06 
3.756412e+02 6.754260e+07 5.497924e+06 
3.894530e+02 6.493736e+07 6.076652e+06 
4.546927e+02 6.391299e+07 5.594378e+06 
3.687868e+02 6.506759e+07 6.558926e+06 
2.941618e+02 6.790814e+07 6.944746e+06 
2.972333e+02 6.776196e+07 6.944746e+06 
3.380406e+02 6.611936e+07 6.462472e+06 
2.944430e+02 6.779034e+07 6.944746e+06 
3.474929e+02 6.555444e+07 6.655381e+06 
4.733407e+02 6.557846e+07 5.112104e+06 
4.820287e+02 6.615901e+07 4.919195e+06 
4.193879e+02 6.866633e+07 4.244011e+06 
2.909653e+02 6.811161e+07 6.944746e+06 
4.066203e+02 6.831919e+07 4.919195e+06 
4.060726e+02 6.397388e+07 6.462472e+06 
4.053257e+02 6.624072e+07 5.305014e+06 
4.540329e+02 6.586618e+07 5.112104e+06 
3.380091e+02 6.557797e+07 6.655381e+06 
3.034886e+02 6.759340e+07 6.848291e+06 
3.532514e+02 6.849108e+07 5.787288e+06 
4.180008e+02 6.501613e+07 5.690833e+06 
2.848367e+02 6.904578e+07 6.944746e+06 
4.111780e+02 6.420712e+07 5.883743e+06 
3.240066e+02 6.767605e+07 6.462472e+06 
3.071185e+02 6.713250e+07 6.944746e+06 
3.783075e+02 6.532948e+07 6.076652e+06 
2.870593e+02 6.815574e+07 6.944746e+06 
3.649128e+02 6.747892e+07 5.594378e+06 
3.047966e+02 6.753653e+07 6.848291e+06 
3.001284e+02 6.767573e+07 6.944746e+06 
3.327061e+02 6.594141e+07 6.655381e+06 
4.101459e+02 6.370335e+07 6.462472e+06 
3.084697e+02 6.715135e+07 6.751836e+06 
2.894770e+02 6.814834e+07 6.944746e+06 
3.591735e+02 6.645791e+07 5.980198e+06 
3.964056e+02 6.707477e+07 5.208559e+06 
3.184042e+02 6.708230e+07 6.848291e+06 
2.928001e+02 6.797337e+07 6.944746e+06 
2.856216e+02 6.864354e+07 6.944746e+06 
3.060009e+02 6.769090e+07 6.655381e+06 
4.677532e+02 6.439073e+07 5.497924e+06 
4.132871e+02 6.577414e+07 5.401469e+06 
2.865694e+02 6.849371e+07 6.944746e+06 
4.494858e+02 6.675746e+07 3.954647e+06 
3.651447e+02 6.621253e+07 5.883743e+06 
3.218042e+02 6.691593e+07 6.848291e+06 
4.145046e+02 6.359545e+07 6.366017e+06 
3.967126e+02 6.577893e+07 5.787288e+06 
4.591929e+02 6.541135e+07 5.401469e+06 
4.325632e+02 6.738546e+07 4.051102e+06 
4.125879e+02 6.862952e+07 4.533376e+06 
4.372341e+02 6.686555e+07 4.244011e+06 
4.027899e+02 6.555574e+07 5.690833e+06 
4.564587e+02 6.367399e+07 5.787288e+06 
2.981133e+02 6.809442e+07 6.848291e+06 
4.374745e+02 6.320690e+07 6.076652e+06 
3.636483e+02 6.514075e+07 6.558926e+06 
3.066974e+02 6.829845e+07 6.558926e+06 
3.720103e+02 6.493767e+07 6.462472e+06 
4.207088e+02 6.305905e+07 6.269562e+06 
4.599573e+02 6.629997e+07 4.147556e+06 

4.850995e+02 6.639656e+07 4.147556e+06 
4.410709e+02 6.773721e+07 4.436921e+06 
3.607553e+02 6.666140e+07 6.173107e+06 
3.125674e+02 6.680391e+07 6.944746e+06 
4.963799e+02 6.572760e+07 4.051102e+06 
3.707218e+02 6.469877e+07 6.944746e+06 
4.944179e+02 6.508397e+07 4.436921e+06 
3.118183e+02 6.862828e+07 6.558926e+06 
2.927712e+02 6.789483e+07 6.944746e+06 
3.618906e+02 6.804812e+07 6.076652e+06 
4.576316e+02 6.774721e+07 4.147556e+06 
3.686436e+02 6.629119e+07 6.076652e+06 
4.741513e+02 6.717870e+07 4.147556e+06 
5.076090e+02 6.565276e+07 4.340466e+06 
4.261874e+02 6.325702e+07 6.269562e+06 
3.682151e+02 6.482491e+07 6.944746e+06 
4.753370e+02 6.493909e+07 5.208559e+06 
3.835943e+02 6.674995e+07 5.787288e+06 
3.766107e+02 6.425335e+07 6.944746e+06 
4.617845e+02 6.256269e+07 5.883743e+06 
4.097329e+02 6.725407e+07 5.305014e+06 
4.817521e+02 6.558023e+07 4.629830e+06 
4.405078e+02 6.807567e+07 4.726285e+06 
5.089076e+02 6.691121e+07 3.954647e+06 
2.772959e+02 6.917946e+07 6.944746e+06 
3.484982e+02 6.603926e+07 6.944746e+06 
4.834776e+02 6.305996e+07 5.787288e+06 
4.519355e+02 6.279317e+07 6.462472e+06 
3.491461e+02 6.576835e+07 6.848291e+06 
4.756552e+02 6.512459e+07 4.822740e+06 
3.535525e+02 6.569953e+07 6.462472e+06 
4.305809e+02 6.815323e+07 4.919195e+06 
4.077473e+02 6.557882e+07 5.594378e+06 
3.815774e+02 6.643022e+07 5.883743e+06 
3.821581e+02 6.420393e+07 6.848291e+06 
4.826917e+02 6.798607e+07 4.051102e+06 
4.160997e+02 6.453278e+07 5.690833e+06 
3.225760e+02 6.899802e+07 6.366017e+06 
4.120429e+02 6.332676e+07 6.848291e+06 
4.259263e+02 6.450164e+07 5.401469e+06 
3.992255e+02 6.367486e+07 6.944746e+06 
4.434578e+02 6.776449e+07 4.340466e+06 
4.249743e+02 6.411903e+07 5.787288e+06 
4.322241e+02 6.305596e+07 6.558926e+06 
3.872737e+02 6.398449e+07 6.848291e+06 
4.393968e+02 6.566124e+07 5.208559e+06 
3.580292e+02 6.511394e+07 6.944746e+06 
4.512149e+02 6.726080e+07 4.436921e+06 
3.224262e+02 6.760991e+07 6.462472e+06 
3.989554e+02 6.378261e+07 6.944746e+06 
2.861173e+02 6.832626e+07 6.944746e+06 
4.287162e+02 6.313517e+07 6.558926e+06 
3.740626e+02 6.527431e+07 6.366017e+06 
4.661948e+02 6.519925e+07 4.919195e+06 
3.427812e+02 6.824792e+07 6.173107e+06 
4.373833e+02 6.718220e+07 4.919195e+06 
4.989593e+02 6.491293e+07 4.629830e+06 
2.909160e+02 6.797321e+07 6.944746e+06 
2.951385e+02 6.783685e+07 6.944746e+06 
4.245597e+02 6.798309e+07 5.112104e+06 
3.870403e+02 6.489503e+07 6.173107e+06 
5.018293e+02 6.565939e+07 4.244011e+06 
4.573338e+02 6.251711e+07 6.269562e+06 
4.655766e+02 6.597386e+07 4.629830e+06 
2.887883e+02 6.803469e+07 6.944746e+06 
4.253085e+02 6.329025e+07 6.366017e+06 
4.465026e+02 6.304390e+07 6.076652e+06 
3.994772e+02 6.485575e+07 5.980198e+06 
3.707597e+02 6.705332e+07 5.980198e+06 
2.977683e+02 6.743972e+07 6.944746e+06 
4.128737e+02 6.548097e+07 5.401469e+06 
3.919837e+02 6.728247e+07 5.594378e+06 
4.194354e+02 6.758057e+07 5.208559e+06 
4.392102e+02 6.871735e+07 4.822740e+06 
2.808687e+02 6.839551e+07 6.944746e+06 
3.574449e+02 6.549889e+07 6.848291e+06 
4.495471e+02 6.683434e+07 4.726285e+06 
3.400897e+02 6.729988e+07 6.269562e+06 
3.052457e+02 6.705481e+07 6.944746e+06 
4.065129e+02 6.382175e+07 6.366017e+06 
2.956363e+02 6.831468e+07 6.751836e+06 
4.050531e+02 6.721105e+07 5.497924e+06 
2.889676e+02 6.799744e+07 6.944746e+06 
3.066605e+02 6.703814e+07 6.944746e+06 
4.867168e+02 6.409436e+07 5.305014e+06 
4.467227e+02 6.659282e+07 4.919195e+06 
4.658212e+02 6.643358e+07 4.436921e+06 
4.485185e+02 6.370389e+07 5.690833e+06 
3.159211e+02 6.627239e+07 6.751836e+06 
3.427715e+02 6.653126e+07 6.462472e+06 
3.112293e+02 6.835920e+07 6.655381e+06 
3.520699e+02 6.560811e+07 6.751836e+06 
3.316468e+02 6.750212e+07 6.366017e+06 
4.348278e+02 6.287258e+07 6.558926e+06 
3.783631e+02 6.405853e+07 6.944746e+06 
4.517393e+02 6.886006e+07 4.244011e+06 
3.861316e+02 6.435125e+07 6.366017e+06 
4.929180e+02 6.333857e+07 5.497924e+06 
3.872996e+02 6.573500e+07 5.787288e+06 
2.971940e+02 6.776692e+07 6.944746e+06 

3.834840e+02 6.449074e+07 6.173107e+06 
3.302330e+02 6.653757e+07 6.751836e+06 
4.168698e+02 6.478757e+07 5.497924e+06 
3.213421e+02 6.745823e+07 6.462472e+06 
3.840324e+02 6.424486e+07 6.173107e+06 
3.843584e+02 6.654820e+07 5.594378e+06 
3.571308e+02 6.700755e+07 5.980198e+06 
3.081692e+02 6.755698e+07 6.751836e+06 
3.815016e+02 6.578806e+07 5.690833e+06 
3.966985e+02 6.539030e+07 5.497924e+06 
3.547592e+02 6.664601e+07 6.076652e+06 
4.335033e+02 6.836077e+07 5.208559e+06 
3.768623e+02 6.458621e+07 6.751836e+06 
4.255114e+02 6.920147e+07 5.015650e+06 
4.058526e+02 6.378281e+07 6.558926e+06 
3.941697e+02 6.400189e+07 6.173107e+06 
4.052863e+02 6.522394e+07 5.401469e+06 
3.704860e+02 6.759165e+07 5.690833e+06 
3.636956e+02 6.593360e+07 6.076652e+06 
4.290602e+02 6.857136e+07 5.112104e+06 
3.915013e+02 6.573190e+07 5.594378e+06 
3.360834e+02 6.579356e+07 6.848291e+06 
2.772959e+02 6.917946e+07 6.944746e+06 
3.942988e+02 6.387430e+07 6.173107e+06 
3.450822e+02 6.583523e+07 6.558926e+06 
3.823047e+02 6.456703e+07 6.366017e+06 
3.506416e+02 6.781125e+07 6.076652e+06 
3.886656e+02 6.529909e+07 5.787288e+06 
3.398487e+02 6.829125e+07 6.269562e+06 
3.509096e+02 6.547293e+07 6.848291e+06 
3.757130e+02 6.576563e+07 5.883743e+06 
3.874725e+02 6.613746e+07 5.497924e+06 
3.204774e+02 6.696591e+07 6.848291e+06 
3.212775e+02 6.669081e+07 6.944746e+06 
3.357204e+02 6.619583e+07 6.848291e+06 
3.410474e+02 6.639744e+07 6.558926e+06 
3.722440e+02 6.492288e+07 6.173107e+06 
3.054590e+02 6.800687e+07 6.751836e+06 
3.708820e+02 6.499209e+07 6.558926e+06 
3.147277e+02 6.712332e+07 6.848291e+06 
3.575835e+02 6.518724e+07 6.462472e+06 
3.434392e+02 6.577436e+07 6.655381e+06 
3.753228e+02 6.625120e+07 5.690833e+06 
3.116343e+02 6.778795e+07 6.655381e+06 
3.497015e+02 6.574926e+07 6.655381e+06 
3.531547e+02 6.691553e+07 6.173107e+06 
4.212724e+02 6.873219e+07 5.112104e+06 
3.920246e+02 6.481878e+07 5.980198e+06 
2.981509e+02 6.756211e+07 6.944746e+06 
3.478546e+02 6.620194e+07 6.462472e+06 
4.135487e+02 6.476018e+07 5.787288e+06 
3.607613e+02 6.723821e+07 5.883743e+06 
2.968466e+02 6.767010e+07 6.944746e+06 
3.171330e+02 6.855455e+07 6.462472e+06 
3.736212e+02 6.485180e+07 6.366017e+06 
2.860365e+02 6.864031e+07 6.944746e+06 
3.981643e+02 6.613965e+07 5.401469e+06 
2.836901e+02 6.874399e+07 6.944746e+06 
4.555972e+02 6.811073e+07 5.112104e+06 
2.915981e+02 6.773935e+07 6.944746e+06 
3.896576e+02 6.422309e+07 6.173107e+06 
3.817845e+02 6.763032e+07 5.497924e+06 
4.079053e+02 6.657265e+07 5.305014e+06 
3.825516e+02 6.451495e+07 6.173107e+06 
3.699477e+02 6.503489e+07 6.366017e+06 
3.626138e+02 6.529164e+07 6.269562e+06 
4.439220e+02 6.816969e+07 5.112104e+06 
3.675283e+02 6.684753e+07 5.787288e+06 
3.569094e+02 6.545414e+07 6.366017e+06 
3.050017e+02 6.734330e+07 6.944746e+06 
3.231072e+02 6.681729e+07 6.558926e+06 
4.286544e+02 6.884011e+07 5.015650e+06 
2.863128e+02 6.822620e+07 6.944746e+06 
3.597873e+02 6.625967e+07 6.076652e+06 
4.011094e+02 6.503478e+07 5.690833e+06 
2.977266e+02 6.883190e+07 6.751836e+06 
4.156588e+02 6.936785e+07 5.208559e+06 
4.369411e+02 6.848826e+07 5.015650e+06 
3.733327e+02 6.655952e+07 5.690833e+06 
3.434815e+02 6.795758e+07 6.173107e+06 
2.900281e+02 6.776329e+07 6.944746e+06 
3.570270e+02 6.543906e+07 6.462472e+06 
3.298784e+02 6.840213e+07 6.366017e+06 
2.871239e+02 6.790450e+07 6.944746e+06 
3.449576e+02 6.677547e+07 6.269562e+06 
3.545394e+02 6.616779e+07 6.269562e+06 
3.793279e+02 6.729520e+07 5.594378e+06 
3.540397e+02 6.555304e+07 6.462472e+06 
3.092373e+02 6.815825e+07 6.655381e+06 
3.618546e+02 6.503822e+07 6.558926e+06 
3.905720e+02 6.665295e+07 5.401469e+06 
3.842866e+02 6.512397e+07 5.883743e+06 
3.906543e+02 6.416588e+07 6.366017e+06 
4.112630e+02 6.489084e+07 5.497924e+06 
2.867039e+02 6.802608e+07 6.944746e+06 
3.988208e+02 6.448925e+07 5.883743e+06 
3.171652e+02 6.760674e+07 6.558926e+06 
3.004319e+02 6.738284e+07 6.944746e+06 
2.968852e+02 6.845358e+07 6.848291e+06 
3.564412e+02 6.800459e+07 5.787288e+06 

2.885961e+02 6.793059e+07 6.944746e+06 
3.966609e+02 6.376934e+07 6.462472e+06 
3.744473e+02 6.471809e+07 6.558926e+06 
3.868266e+02 6.394399e+07 6.462472e+06 
3.628689e+02 6.471991e+07 6.848291e+06 
4.072209e+02 6.350956e+07 6.558926e+06 
4.130637e+02 6.324257e+07 6.366017e+06 
4.585317e+02 6.333693e+07 5.980198e+06 
4.249039e+02 6.469015e+07 5.690833e+06 
4.448419e+02 6.275275e+07 6.269562e+06 
3.442382e+02 6.843493e+07 6.173107e+06 
3.634753e+02 6.547374e+07 6.462472e+06 
3.948110e+02 6.382640e+07 6.462472e+06 
4.216784e+02 6.501850e+07 5.497924e+06 
4.623701e+02 6.377192e+07 5.883743e+06 
3.546795e+02 6.536421e+07 6.944746e+06 
3.555825e+02 6.648847e+07 6.269562e+06 
4.127490e+02 6.507402e+07 5.690833e+06 
2.772959e+02 6.917946e+07 6.944746e+06 
3.324700e+02 6.779384e+07 6.366017e+06 
4.270375e+02 6.403156e+07 5.980198e+06 
3.411385e+02 6.630972e+07 6.848291e+06 
3.579477e+02 6.481638e+07 6.848291e+06 
3.986403e+02 6.551509e+07 5.787288e+06 
3.658454e+02 6.593877e+07 6.269562e+06 
4.699011e+02 6.319440e+07 5.980198e+06 
3.859108e+02 6.444789e+07 6.269562e+06 
3.344354e+02 6.636765e+07 6.944746e+06 
3.989263e+02 6.473368e+07 5.980198e+06 
3.877420e+02 6.568687e+07 5.883743e+06 
3.624276e+02 6.636129e+07 6.173107e+06 
3.780041e+02 6.503078e+07 6.269562e+06 
4.122038e+02 6.416466e+07 6.076652e+06 
3.242015e+02 6.751394e+07 6.558926e+06 
4.057341e+02 6.580389e+07 5.594378e+06 
4.065363e+02 6.420990e+07 6.173107e+06 
3.515089e+02 6.733864e+07 5.980198e+06 
3.831437e+02 6.431804e+07 6.462472e+06 
3.705607e+02 6.543442e+07 6.366017e+06 
4.360805e+02 6.330897e+07 6.173107e+06 
4.173042e+02 6.526952e+07 5.497924e+06 
3.629000e+02 6.686246e+07 5.980198e+06 
3.252315e+02 6.798677e+07 6.366017e+06 
2.866223e+02 6.801330e+07 6.944746e+06 
3.486510e+02 6.598510e+07 6.558926e+06 
3.477472e+02 6.838922e+07 6.076652e+06 
4.191523e+02 6.454641e+07 5.883743e+06 
3.565728e+02 6.803629e+07 5.883743e+06 
4.975787e+02 6.367058e+07 5.690833e+06 
3.616594e+02 6.485560e+07 6.655381e+06 
3.326692e+02 6.664327e+07 6.848291e+06 
3.827767e+02 6.500766e+07 6.076652e+06 
4.254453e+02 6.363673e+07 6.076652e+06 
3.258999e+02 6.681457e+07 6.944746e+06 
3.332369e+02 6.649550e+07 6.944746e+06 
3.514741e+02 6.556294e+07 6.848291e+06 
3.019311e+02 6.854588e+07 6.751836e+06 
3.421248e+02 6.560506e+07 6.848291e+06 
4.069259e+02 6.542612e+07 5.594378e+06 
3.797637e+02 6.466071e+07 6.462472e+06 
4.389148e+02 6.411366e+07 5.594378e+06 
3.106537e+02 6.868055e+07 6.655381e+06 
3.078244e+02 6.718930e+07 6.944746e+06 
3.141218e+02 6.689342e+07 6.848291e+06 
3.665806e+02 6.720983e+07 5.787288e+06 
4.349068e+02 6.414280e+07 5.497924e+06 
4.429508e+02 6.368660e+07 5.980198e+06 
3.552475e+02 6.567382e+07 6.655381e+06 
3.060896e+02 6.793734e+07 6.751836e+06 
3.845935e+02 6.670390e+07 5.690833e+06 
4.056805e+02 6.451609e+07 5.980198e+06 
4.020768e+02 6.573281e+07 5.690833e+06 
4.899846e+02 6.375275e+07 5.690833e+06 
3.744732e+02 6.654680e+07 5.787288e+06 
3.806997e+02 6.482729e+07 6.173107e+06 
3.225166e+02 6.688365e+07 6.944746e+06 
3.132679e+02 6.710262e+07 6.751836e+06 
2.831461e+02 6.883505e+07 6.944746e+06 
2.946806e+02 6.764871e+07 6.944746e+06 
2.841457e+02 6.829263e+07 6.944746e+06 
3.029312e+02 6.738821e+07 6.944746e+06 
4.223687e+02 6.319022e+07 6.366017e+06 
3.731572e+02 6.608886e+07 5.980198e+06 
4.151822e+02 6.350055e+07 6.269562e+06 
3.146335e+02 6.788378e+07 6.655381e+06 
3.802989e+02 6.432897e+07 6.462472e+06 
3.457512e+02 6.675254e+07 6.462472e+06 
3.224561e+02 6.883744e+07 6.462472e+06 
3.490140e+02 6.877960e+07 5.787288e+06 
3.718337e+02 6.578211e+07 6.173107e+06 
3.021913e+02 6.774982e+07 6.848291e+06 
2.891987e+02 6.867820e+07 6.848291e+06 
3.856324e+02 6.418650e+07 6.366017e+06 
2.973355e+02 6.741995e+07 6.944746e+06 
3.415600e+02 6.693732e+07 6.462472e+06 
3.285721e+02 6.760179e+07 6.462472e+06 
2.905448e+02 6.767951e+07 6.944746e+06 
3.274070e+02 6.706952e+07 6.655381e+06 
3.169226e+02 6.901862e+07 6.558926e+06 
4.253590e+02 6.508565e+07 5.401469e+06 

