7.930550e+03 3.195742e+07 1.244873e+06 
8.088750e+03 3.206839e+07 1.057574e+06 
7.757400e+03 3.133603e+07 1.276793e+06 
9.370000e+03 3.663762e+07 9.788749e+05 
9.706950e+03 3.752230e+07 8.501059e+05 
9.804200e+03 3.749644e+07 8.501059e+05 
6.911150e+03 2.871534e+07 1.787511e+06 
7.574300e+03 3.114415e+07 1.208656e+06 
8.695100e+03 3.421452e+07 9.568890e+05 
9.583850e+03 3.796991e+07 9.064920e+05 
9.562150e+03 3.688817e+07 8.511955e+05 
7.980000e+03 3.219982e+07 1.208656e+06 
8.560700e+03 3.458727e+07 9.345320e+05 
9.484250e+03 3.707849e+07 8.721289e+05 
7.011000e+03 2.848565e+07 1.532152e+06 
6.872500e+03 2.766638e+07 1.702391e+06 
7.554850e+03 3.111384e+07 1.276793e+06 
8.072950e+03 3.216808e+07 1.057574e+06 
8.701700e+03 3.486648e+07 9.064920e+05 
7.840450e+03 3.138474e+07 1.106554e+06 
6.501950e+03 2.676638e+07 2.213108e+06 
7.188450e+03 2.939236e+07 1.532152e+06 
8.098200e+03 3.227735e+07 1.021435e+06 
6.509450e+03 2.660960e+07 2.213108e+06 
7.622900e+03 3.111040e+07 1.359738e+06 
7.241300e+03 2.962548e+07 1.447032e+06 
6.407300e+03 2.602476e+07 2.298228e+06 
6.899300e+03 2.838757e+07 1.617271e+06 
1.003710e+04 3.884057e+07 8.721289e+05 
7.164600e+03 2.923214e+07 1.510820e+06 
6.377700e+03 2.606534e+07 2.213108e+06 
8.639600e+03 3.495481e+07 9.064920e+05 
7.216700e+03 3.033240e+07 1.447032e+06 
7.211250e+03 3.054880e+07 1.447032e+06 
8.175800e+03 3.232300e+07 9.820330e+05 
8.527200e+03 3.461960e+07 9.249854e+05 
6.551400e+03 2.706621e+07 2.042869e+06 
6.964400e+03 2.833211e+07 1.702391e+06 
7.425700e+03 3.050203e+07 1.284197e+06 
6.960400e+03 2.852897e+07 1.702391e+06 
6.429000e+03 2.642410e+07 2.127989e+06 
8.283000e+03 3.298064e+07 9.690314e+05 
8.638950e+03 3.428939e+07 9.568890e+05 
6.853950e+03 2.832511e+07 1.702391e+06 
6.523950e+03 2.680122e+07 2.042869e+06 
8.382250e+03 3.328250e+07 9.792460e+05 
6.252150e+03 2.566929e+07 2.468467e+06 
6.361800e+03 2.595509e+07 2.298228e+06 
6.257900e+03 2.563762e+07 2.553587e+06 
7.275750e+03 2.967059e+07 1.435279e+06 
8.638600e+03 3.466093e+07 9.143481e+05 
6.632900e+03 2.745258e+07 1.872630e+06 
6.521350e+03 2.713210e+07 1.957750e+06 
7.951650e+03 3.237271e+07 1.057574e+06 
7.428800e+03 3.037143e+07 1.284197e+06 
7.177900e+03 2.983215e+07 1.447032e+06 
9.706800e+03 3.729768e+07 8.764034e+05 
7.226400e+03 2.901312e+07 1.510820e+06 
6.546950e+03 2.676906e+07 2.042869e+06 
8.316050e+03 3.290559e+07 9.792460e+05 
6.259950e+03 2.561342e+07 2.383347e+06 
6.278050e+03 2.559075e+07 2.468467e+06 
6.240550e+03 2.554784e+07 2.553587e+06 
9.620600e+03 3.674261e+07 8.764034e+05 
6.336950e+03 2.602584e+07 2.383347e+06 
7.245700e+03 2.923285e+07 1.447032e+06 
8.028200e+03 3.206388e+07 1.106554e+06 
7.404700e+03 2.989251e+07 1.359738e+06 
6.946650e+03 2.800094e+07 1.617271e+06 
7.107850e+03 2.991603e+07 1.447032e+06 
6.256350e+03 2.574543e+07 2.553587e+06 
8.222900e+03 3.266084e+07 1.074634e+06 
6.498050e+03 2.686407e+07 2.042869e+06 
8.236650e+03 3.303078e+07 9.820330e+05 
7.802400e+03 3.138141e+07 1.133115e+06 
8.035050e+03 3.223287e+07 1.057574e+06 
6.272450e+03 2.562127e+07 2.468467e+06 
9.527650e+03 3.702966e+07 8.721289e+05 
7.317750e+03 3.001863e+07 1.361913e+06 
6.258850e+03 2.563671e+07 2.468467e+06 
6.576500e+03 2.729338e+07 1.872630e+06 
6.423350e+03 2.594035e+07 2.298228e+06 
6.345500e+03 2.601429e+07 2.383347e+06 
6.505300e+03 2.684475e+07 1.957750e+06 
6.822100e+03 2.758726e+07 1.787511e+06 
6.500350e+03 2.684777e+07 1.957750e+06 
7.372850e+03 2.990217e+07 1.361913e+06 
7.156400e+03 3.034389e+07 1.361913e+06 
7.315300e+03 2.940631e+07 1.435279e+06 
7.321200e+03 2.990350e+07 1.359738e+06 
9.417050e+03 3.667919e+07 8.937553e+05 
7.199500e+03 2.986473e+07 1.510820e+06 
6.612550e+03 2.723807e+07 1.872630e+06 
8.158800e+03 3.261915e+07 9.895141e+05 
7.835250e+03 3.126550e+07 1.133115e+06 
7.276000e+03 2.946951e+07 1.510820e+06 
6.590450e+03 2.704755e+07 2.042869e+06 
6.776900e+03 2.761794e+07 1.787511e+06 
7.284100e+03 2.921416e+07 1.510820e+06 
7.267750e+03 3.011493e+07 1.435279e+06 

6.663850e+03 2.745682e+07 1.957750e+06 
7.320950e+03 3.012012e+07 1.359738e+06 
8.830300e+03 3.595533e+07 8.309510e+05 
7.231500e+03 2.973469e+07 1.361913e+06 
6.653250e+03 2.753351e+07 1.915190e+06 
6.821100e+03 2.796315e+07 1.702391e+06 
8.545800e+03 3.448794e+07 9.064920e+05 
7.626500e+03 3.205869e+07 1.021435e+06 
7.662400e+03 3.204524e+07 1.021435e+06 
7.760400e+03 3.266770e+07 9.166462e+05 
7.204550e+03 2.966283e+07 1.359738e+06 
7.609050e+03 3.229977e+07 9.820330e+05 
7.583750e+03 3.231056e+07 1.133115e+06 
6.662850e+03 2.740539e+07 1.872630e+06 
8.876750e+03 3.548751e+07 8.309510e+05 
8.722100e+03 3.528162e+07 8.406318e+05 
8.847600e+03 3.593928e+07 8.406318e+05 
8.664050e+03 3.506439e+07 9.043945e+05 
6.306700e+03 2.587969e+07 2.553587e+06 
7.205950e+03 2.959439e+07 1.359738e+06 
7.614950e+03 3.180204e+07 1.057574e+06 
8.457600e+03 3.512079e+07 9.043945e+05 
7.560350e+03 3.221625e+07 1.021435e+06 
6.360750e+03 2.583665e+07 2.468467e+06 
6.609450e+03 2.709965e+07 1.957750e+06 
8.544500e+03 3.498891e+07 9.064920e+05 
7.624500e+03 3.221729e+07 1.057574e+06 
8.596750e+03 3.521986e+07 9.043945e+05 
8.839700e+03 3.581431e+07 8.309510e+05 
8.471950e+03 3.543160e+07 8.511955e+05 
7.382650e+03 3.009239e+07 1.359738e+06 
6.492700e+03 2.661495e+07 2.127989e+06 
7.601900e+03 3.217807e+07 1.149114e+06 
6.350400e+03 2.588171e+07 2.468467e+06 
8.677900e+03 3.502318e+07 8.511955e+05 
6.554350e+03 2.687882e+07 2.042869e+06 
6.326150e+03 2.596606e+07 2.553587e+06 
7.060200e+03 2.947754e+07 1.435279e+06 
6.449350e+03 2.632777e+07 2.213108e+06 
6.351500e+03 2.598156e+07 2.383347e+06 
7.193950e+03 2.980991e+07 1.284197e+06 
6.389350e+03 2.598797e+07 2.298228e+06 
7.092400e+03 2.916333e+07 1.361913e+06 
7.594550e+03 3.190894e+07 1.063994e+06 
6.346650e+03 2.616966e+07 2.468467e+06 
6.838200e+03 2.784796e+07 1.617271e+06 
6.328850e+03 2.601735e+07 2.468467e+06 
6.944600e+03 2.857452e+07 1.447032e+06 
7.398500e+03 3.040891e+07 1.208656e+06 
6.670600e+03 2.730805e+07 1.702391e+06 
6.896300e+03 2.850918e+07 1.447032e+06 
6.384950e+03 2.630461e+07 2.298228e+06 
6.431700e+03 2.620362e+07 2.298228e+06 
7.656250e+03 3.234706e+07 9.363151e+05 
6.876300e+03 2.825576e+07 1.532152e+06 
6.914600e+03 2.833593e+07 1.447032e+06 
6.902400e+03 2.824890e+07 1.532152e+06 
7.545100e+03 3.225833e+07 1.021435e+06 
6.383800e+03 2.605084e+07 2.298228e+06 
6.971400e+03 2.849685e+07 1.510820e+06 
7.657900e+03 3.216050e+07 1.106554e+06 
6.915500e+03 2.820356e+07 1.447032e+06 
7.320250e+03 3.012972e+07 1.276793e+06 
7.384850e+03 3.121797e+07 1.191674e+06 
7.434800e+03 3.134889e+07 1.191674e+06 
6.781100e+03 2.800073e+07 1.532152e+06 
6.378250e+03 2.611228e+07 2.298228e+06 
6.467250e+03 2.613314e+07 2.298228e+06 
7.703100e+03 3.265400e+07 9.820330e+05 
6.403200e+03 2.597520e+07 2.383347e+06 
6.821800e+03 2.794304e+07 1.617271e+06 
6.841000e+03 2.824260e+07 1.617271e+06 
6.819400e+03 2.808736e+07 1.702391e+06 
6.455000e+03 2.648269e+07 2.213108e+06 
6.338400e+03 2.586728e+07 2.468467e+06 
8.647400e+03 3.493059e+07 9.043945e+05 
6.921200e+03 2.845028e+07 1.435279e+06 
7.365950e+03 3.103706e+07 1.208656e+06 
8.641600e+03 3.536376e+07 8.406318e+05 
7.387100e+03 3.096501e+07 1.276793e+06 
6.526650e+03 2.674358e+07 2.127989e+06 
6.341750e+03 2.610990e+07 2.383347e+06 
6.743600e+03 2.778401e+07 1.787511e+06 
8.451900e+03 3.545035e+07 8.406318e+05 
7.437900e+03 3.103385e+07 1.208656e+06 
6.575750e+03 2.659918e+07 2.127989e+06 
6.408200e+03 2.595590e+07 2.383347e+06 
6.572850e+03 2.665222e+07 2.127989e+06 
6.590950e+03 2.726986e+07 1.957750e+06 
6.617900e+03 2.732059e+07 2.042869e+06 
6.501850e+03 2.656624e+07 2.127989e+06 
6.756900e+03 2.752197e+07 1.787511e+06 
6.525050e+03 2.656373e+07 2.127989e+06 
7.520650e+03 3.194976e+07 1.057574e+06 
6.854100e+03 2.815314e+07 1.617271e+06 
6.646050e+03 2.776901e+07 1.872630e+06 
8.586100e+03 3.515187e+07 8.764034e+05 
6.705450e+03 2.770200e+07 1.872630e+06 
7.464200e+03 3.175571e+07 1.106554e+06 
7.423450e+03 3.123455e+07 1.133115e+06 

8.104000e+03 3.302351e+07 9.363151e+05 
7.868950e+03 3.200483e+07 9.820330e+05 
6.600050e+03 2.705579e+07 1.957750e+06 
7.157300e+03 2.924489e+07 1.361913e+06 
7.584900e+03 3.076528e+07 1.276793e+06 
6.601450e+03 2.736485e+07 1.872630e+06 
6.614150e+03 2.733463e+07 1.872630e+06 
7.455450e+03 3.080915e+07 1.329992e+06 
7.322750e+03 3.073215e+07 1.191674e+06 
6.549250e+03 2.695666e+07 2.042869e+06 
7.187750e+03 2.956913e+07 1.359738e+06 
7.797850e+03 3.190679e+07 1.021435e+06 
7.420450e+03 3.063805e+07 1.133115e+06 
7.266300e+03 3.028682e+07 1.208656e+06 
6.456600e+03 2.650656e+07 2.213108e+06 
7.419950e+03 3.013185e+07 1.191674e+06 
6.656750e+03 2.751435e+07 2.042869e+06 
7.072150e+03 2.948456e+07 1.617271e+06 
6.402300e+03 2.623454e+07 2.127989e+06 
7.376450e+03 3.084119e+07 1.284197e+06 
7.579700e+03 3.166102e+07 1.057574e+06 
7.169350e+03 2.922508e+07 1.447032e+06 
8.151650e+03 3.343435e+07 9.121750e+05 
7.864950e+03 3.209964e+07 9.895141e+05 
7.845750e+03 3.195248e+07 9.926605e+05 
7.340950e+03 3.086933e+07 1.133115e+06 
7.923200e+03 3.169824e+07 1.133115e+06 
6.391050e+03 2.630492e+07 2.127989e+06 
6.708100e+03 2.785037e+07 1.617271e+06 
6.296350e+03 2.595830e+07 2.468467e+06 
7.948350e+03 3.187869e+07 9.820330e+05 
6.296250e+03 2.581291e+07 2.553587e+06 
7.005350e+03 2.880916e+07 1.702391e+06 
6.372600e+03 2.582409e+07 2.298228e+06 
7.828550e+03 3.160898e+07 1.021435e+06 
7.249300e+03 3.085923e+07 1.208656e+06 
6.963250e+03 2.984501e+07 1.510820e+06 
6.283900e+03 2.592656e+07 2.553587e+06 
6.414100e+03 2.622520e+07 2.127989e+06 
7.228450e+03 3.091031e+07 1.276793e+06 
6.626900e+03 2.729808e+07 1.872630e+06 
7.852850e+03 3.185751e+07 1.006075e+06 
6.328800e+03 2.589036e+07 2.298228e+06 
7.114750e+03 2.954976e+07 1.510820e+06 
7.804600e+03 3.175589e+07 1.021435e+06 
6.313000e+03 2.575288e+07 2.383347e+06 
6.982900e+03 2.964411e+07 1.617271e+06 
7.014700e+03 2.926605e+07 1.510820e+06 
7.406100e+03 3.050522e+07 1.191674e+06 
7.033750e+03 2.895425e+07 1.510820e+06 
7.018200e+03 2.907930e+07 1.510820e+06 
6.562150e+03 2.705827e+07 1.957750e+06 
6.970150e+03 2.958640e+07 1.532152e+06 
6.537500e+03 2.683995e+07 2.127989e+06 
6.361700e+03 2.586703e+07 2.213108e+06 
6.962800e+03 2.966925e+07 1.532152e+06 
7.426250e+03 3.007702e+07 1.208656e+06 
7.355500e+03 3.051568e+07 1.191674e+06 
9.314650e+03 4.110874e+07 8.309510e+05 
7.008300e+03 2.895536e+07 1.532152e+06 
6.328800e+03 2.585681e+07 2.298228e+06 
6.687850e+03 2.742275e+07 2.042869e+06 
7.815200e+03 3.174692e+07 1.021435e+06 
6.962300e+03 2.987816e+07 1.532152e+06 
7.055200e+03 2.891968e+07 1.510820e+06 
7.152050e+03 2.883016e+07 1.532152e+06 
7.003000e+03 2.982193e+07 1.510820e+06 
8.285900e+03 3.391409e+07 8.764034e+05 
8.324900e+03 3.392673e+07 9.363151e+05 
7.928750e+03 3.216421e+07 9.703035e+05 
6.339600e+03 2.582820e+07 2.298228e+06 
7.838850e+03 3.215311e+07 9.820330e+05 
6.374400e+03 2.581825e+07 2.298228e+06 
7.190350e+03 2.918395e+07 1.447032e+06 
8.360100e+03 3.417631e+07 8.511955e+05 
7.201350e+03 2.921101e+07 1.361913e+06 
7.211550e+03 2.926411e+07 1.284197e+06 
9.686700e+03 3.993812e+07 8.309510e+05 
7.155750e+03 2.927379e+07 1.435279e+06 
6.355600e+03 2.604585e+07 2.298228e+06 
8.360350e+03 3.433960e+07 8.406318e+05 
7.164950e+03 2.981361e+07 1.435279e+06 
7.115650e+03 2.930528e+07 1.447032e+06 
6.536200e+03 2.727064e+07 2.042869e+06 
7.856450e+03 3.159688e+07 1.057574e+06 
6.277250e+03 2.579691e+07 2.553587e+06 
6.666450e+03 2.757362e+07 1.957750e+06 
7.837050e+03 3.185560e+07 1.133115e+06 
7.523500e+03 3.088460e+07 1.208656e+06 
7.154800e+03 2.995209e+07 1.435279e+06 
7.254950e+03 3.076870e+07 1.208656e+06 
6.675300e+03 2.757649e+07 1.787511e+06 
6.743000e+03 2.827000e+07 1.787511e+06 
6.996200e+03 2.957896e+07 1.532152e+06 
7.303600e+03 2.986361e+07 1.276793e+06 
7.464650e+03 3.052319e+07 1.106554e+06 
6.687600e+03 2.782413e+07 1.702391e+06 
7.482800e+03 3.045241e+07 1.133115e+06 
7.068750e+03 2.946825e+07 1.447032e+06 
7.071100e+03 2.933680e+07 1.447032e+06 

8.737200e+03 3.676385e+07 9.043945e+05 
8.743650e+03 3.632264e+07 8.764034e+05 
8.400400e+03 3.502108e+07 9.363151e+05 
8.365300e+03 3.297332e+07 1.106554e+06 
6.230300e+03 2.520167e+07 2.383347e+06 
8.389050e+03 3.298820e+07 1.057574e+06 
8.591300e+03 3.524004e+07 9.363151e+05 
7.373650e+03 3.090870e+07 1.276793e+06 
7.443200e+03 3.091966e+07 1.208656e+06 
6.210600e+03 2.537889e+07 2.383347e+06 
8.045000e+03 3.468507e+07 9.820330e+05 
6.155300e+03 2.510358e+07 2.468467e+06 
6.467050e+03 2.656534e+07 1.872630e+06 
7.438050e+03 3.192287e+07 1.191674e+06 
6.573000e+03 2.738046e+07 1.617271e+06 
6.561350e+03 2.758682e+07 1.617271e+06 
6.155900e+03 2.508531e+07 2.553587e+06 
7.123850e+03 2.915890e+07 1.359738e+06 
7.262050e+03 3.006797e+07 1.276793e+06 
7.329200e+03 3.059322e+07 1.208656e+06 
8.038750e+03 3.429698e+07 1.021435e+06 
6.174050e+03 2.511037e+07 2.468467e+06 
6.467500e+03 2.700337e+07 1.787511e+06 
6.293300e+03 2.550336e+07 2.298228e+06 
6.514000e+03 2.709246e+07 1.787511e+06 
6.238600e+03 2.530129e+07 2.298228e+06 
7.510300e+03 3.190901e+07 1.191674e+06 
6.492350e+03 2.726735e+07 1.617271e+06 
6.291450e+03 2.554132e+07 2.298228e+06 
6.475600e+03 2.700188e+07 1.787511e+06 
7.834250e+03 3.345042e+07 1.057574e+06 
8.004650e+03 3.430066e+07 9.895141e+05 
8.381950e+03 3.507509e+07 9.363151e+05 
6.324300e+03 2.589801e+07 2.213108e+06 
7.924050e+03 3.406878e+07 1.021435e+06 
6.656100e+03 2.796621e+07 1.447032e+06 
8.665200e+03 3.546493e+07 9.064920e+05 
6.491750e+03 2.716991e+07 1.702391e+06 
6.202550e+03 2.527057e+07 2.383347e+06 
7.346700e+03 3.006699e+07 1.276793e+06 
6.922000e+03 2.968334e+07 1.435279e+06 
7.807400e+03 3.388308e+07 1.057574e+06 
6.644350e+03 2.795606e+07 1.435279e+06 
6.493050e+03 2.715670e+07 1.787511e+06 
7.338700e+03 3.036867e+07 1.208656e+06 
8.526500e+03 3.470325e+07 9.363151e+05 
7.717150e+03 3.328868e+07 1.106554e+06 
6.686150e+03 2.771869e+07 1.510820e+06 
6.425850e+03 2.641104e+07 1.957750e+06 
6.669750e+03 2.789383e+07 1.510820e+06 
6.373450e+03 2.616708e+07 2.127989e+06 
6.152200e+03 2.500818e+07 2.553587e+06 
6.208500e+03 2.524013e+07 2.383347e+06 
6.565200e+03 2.740995e+07 1.617271e+06 
6.206650e+03 2.527736e+07 2.468467e+06 
6.575300e+03 2.743738e+07 1.532152e+06 
6.190350e+03 2.527628e+07 2.383347e+06 
6.442200e+03 2.720138e+07 1.787511e+06 
6.456800e+03 2.708468e+07 1.787511e+06 
6.482300e+03 2.705651e+07 1.702391e+06 
6.294000e+03 2.582896e+07 2.213108e+06 
6.481500e+03 2.721644e+07 1.702391e+06 
7.171000e+03 2.948635e+07 1.361913e+06 
6.495150e+03 2.701323e+07 1.702391e+06 
6.681650e+03 2.791032e+07 1.447032e+06 
8.488000e+03 3.483837e+07 9.363151e+05 
7.820400e+03 3.381754e+07 1.057574e+06 
7.168150e+03 2.911094e+07 1.359738e+06 
6.731750e+03 2.781594e+07 1.510820e+06 
7.207950e+03 2.938932e+07 1.284197e+06 
6.317100e+03 2.605759e+07 2.127989e+06 
6.349950e+03 2.632556e+07 2.042869e+06 
6.342850e+03 2.636157e+07 2.042869e+06 
6.258550e+03 2.544106e+07 2.383347e+06 
6.410600e+03 2.654072e+07 1.957750e+06 
6.350600e+03 2.619384e+07 2.042869e+06 
6.651450e+03 2.768549e+07 1.532152e+06 
6.384550e+03 2.609892e+07 2.127989e+06 
6.628800e+03 2.783276e+07 1.532152e+06 
6.296750e+03 2.570196e+07 2.213108e+06 
7.547400e+03 3.197571e+07 1.133115e+06 
6.497100e+03 2.713963e+07 1.872630e+06 
6.322350e+03 2.585061e+07 2.127989e+06 
6.314050e+03 2.606672e+07 2.127989e+06 
8.307350e+03 3.447274e+07 9.820330e+05 
7.060300e+03 2.898060e+07 1.361913e+06 
8.300950e+03 3.298418e+07 1.106554e+06 
7.252350e+03 3.018852e+07 1.276793e+06 
8.315850e+03 3.426504e+07 9.820330e+05 
6.514400e+03 2.700145e+07 1.787511e+06 
7.953550e+03 3.398625e+07 1.057574e+06 
6.401400e+03 2.581367e+07 2.213108e+06 
6.451500e+03 2.643325e+07 1.957750e+06 
6.280350e+03 2.560187e+07 2.298228e+06 
6.520750e+03 2.725191e+07 1.617271e+06 
7.691100e+03 3.355743e+07 1.106554e+06 
6.427850e+03 2.642433e+07 1.957750e+06 
6.409500e+03 2.660326e+07 1.872630e+06 
8.464600e+03 3.476982e+07 9.820330e+05 
7.634700e+03 3.275452e+07 1.133115e+06 

7.981000e+03 3.384140e+07 8.585176e+05 
8.022300e+03 3.400761e+07 9.363151e+05 
7.850650e+03 3.398143e+07 1.074634e+06 
7.744750e+03 3.337099e+07 9.064920e+05 
7.569200e+03 3.288275e+07 1.106554e+06 
7.135800e+03 3.025428e+07 1.276793e+06 
7.470150e+03 3.252000e+07 1.021435e+06 
7.726800e+03 3.340853e+07 9.363151e+05 
6.861000e+03 2.779857e+07 1.787511e+06 
6.521000e+03 2.691218e+07 2.213108e+06 
7.490600e+03 3.241001e+07 9.820330e+05 
6.470550e+03 2.649184e+07 2.298228e+06 
6.835350e+03 2.792032e+07 1.744951e+06 
7.250200e+03 3.108292e+07 1.133115e+06 
6.815450e+03 2.758746e+07 1.830070e+06 
6.916500e+03 2.894009e+07 1.447032e+06 
7.388500e+03 3.163907e+07 1.106554e+06 
6.530900e+03 2.666912e+07 2.127989e+06 
6.900000e+03 2.905789e+07 1.447032e+06 
7.023100e+03 2.923967e+07 1.435279e+06 
7.805350e+03 3.312778e+07 9.363151e+05 
6.462850e+03 2.657866e+07 2.127989e+06 
7.114300e+03 3.037584e+07 1.244873e+06 
6.982050e+03 2.887127e+07 1.447032e+06 
6.491450e+03 2.664685e+07 2.042869e+06 
6.927650e+03 2.889079e+07 1.447032e+06 
6.924150e+03 2.898610e+07 1.585351e+06 
6.610750e+03 2.749024e+07 1.872630e+06 
7.003600e+03 2.940752e+07 1.489592e+06 
7.281850e+03 3.095980e+07 1.133115e+06 
6.567150e+03 2.699872e+07 2.000309e+06 
6.857450e+03 2.788408e+07 1.915190e+06 
7.565550e+03 3.235452e+07 9.895141e+05 
8.176250e+03 3.456151e+07 8.309510e+05 
6.627550e+03 2.744148e+07 1.872630e+06 
6.477100e+03 2.654791e+07 2.127989e+06 
6.859650e+03 2.851458e+07 1.585351e+06 
8.271950e+03 3.433763e+07 8.451031e+05 
7.493250e+03 3.234300e+07 1.021435e+06 
6.788200e+03 2.842918e+07 1.617271e+06 
6.894900e+03 2.901886e+07 1.500231e+06 
6.514550e+03 2.663220e+07 2.042869e+06 
6.437050e+03 2.628629e+07 2.298228e+06 
6.755050e+03 2.813038e+07 1.702391e+06 
7.967600e+03 3.389899e+07 8.585176e+05 
7.172650e+03 3.064290e+07 1.191674e+06 
7.253700e+03 3.071432e+07 1.208656e+06 
6.989050e+03 2.931105e+07 1.435279e+06 
7.025300e+03 2.939109e+07 1.284197e+06 
7.715750e+03 3.341178e+07 9.064920e+05 
6.763650e+03 2.796341e+07 1.787511e+06 
6.399700e+03 2.647387e+07 2.298228e+06 
7.787450e+03 3.332702e+07 9.064920e+05 
6.926050e+03 2.869195e+07 1.532152e+06 
6.647200e+03 2.767868e+07 1.957750e+06 
6.878300e+03 2.910114e+07 1.500231e+06 
6.876150e+03 2.777402e+07 1.787511e+06 
6.451750e+03 2.625194e+07 2.383347e+06 
6.916150e+03 2.900901e+07 1.532152e+06 
7.244300e+03 3.023707e+07 1.208656e+06 
6.859600e+03 2.788221e+07 1.787511e+06 
6.872850e+03 2.886429e+07 1.617271e+06 
6.357550e+03 2.599370e+07 2.468467e+06 
6.598050e+03 2.742453e+07 1.957750e+06 
8.143100e+03 3.469994e+07 8.309510e+05 
6.452900e+03 2.618839e+07 2.298228e+06 
6.351000e+03 2.613546e+07 2.468467e+06 
6.358350e+03 2.609042e+07 2.468467e+06 
6.351700e+03 2.607622e+07 2.468467e+06 
6.445750e+03 2.625425e+07 2.298228e+06 
7.141200e+03 2.991710e+07 1.276793e+06 
6.518350e+03 2.656924e+07 2.042869e+06 
6.377550e+03 2.603859e+07 2.383347e+06 
6.361200e+03 2.607403e+07 2.468467e+06 
6.759000e+03 2.806651e+07 1.787511e+06 
8.248200e+03 3.445206e+07 8.451031e+05 
6.425050e+03 2.634730e+07 2.213108e+06 
6.853550e+03 2.884801e+07 1.532152e+06 
6.735600e+03 2.806709e+07 1.787511e+06 
6.560700e+03 2.692796e+07 2.042869e+06 
6.775550e+03 2.819526e+07 1.702391e+06 
7.939450e+03 3.401231e+07 1.057574e+06 
7.153500e+03 3.018332e+07 1.244873e+06 
7.020250e+03 2.940071e+07 1.284197e+06 
7.390300e+03 3.194275e+07 1.057574e+06 
6.902750e+03 2.835711e+07 1.659831e+06 
7.959650e+03 3.476169e+07 9.895141e+05 
6.887050e+03 2.800652e+07 1.702391e+06 
6.912750e+03 2.884141e+07 1.500231e+06 
6.355800e+03 2.600725e+07 2.468467e+06 
7.995100e+03 3.392138e+07 8.511955e+05 
6.802050e+03 2.839990e+07 1.617271e+06 
6.612200e+03 2.729567e+07 1.957750e+06 
6.774150e+03 2.808734e+07 1.702391e+06 
6.480850e+03 2.650972e+07 2.127989e+06 
7.000550e+03 2.939848e+07 1.329992e+06 
6.715200e+03 2.814595e+07 1.702391e+06 
6.959000e+03 2.934759e+07 1.361913e+06 
6.782650e+03 2.795167e+07 1.787511e+06 
6.694250e+03 2.807544e+07 1.872630e+06 

