8.091050e+03 2.968314e+07 2.127989e+06 
1.084955e+04 3.994043e+07 1.057574e+06 
1.081680e+04 3.998084e+07 1.105578e+06 
8.268150e+03 3.016806e+07 2.042869e+06 
8.667100e+03 3.283944e+07 1.787511e+06 
8.428050e+03 3.114380e+07 1.812984e+06 
9.222650e+03 3.525211e+07 1.447032e+06 
8.952950e+03 3.336713e+07 1.661902e+06 
8.393500e+03 3.117535e+07 1.812984e+06 
1.052885e+04 3.925261e+07 1.208656e+06 
8.931800e+03 3.434260e+07 1.574712e+06 
8.038100e+03 2.933734e+07 2.298228e+06 
1.077410e+04 3.968524e+07 1.117193e+06 
8.680250e+03 3.231730e+07 1.787511e+06 
1.063795e+04 3.971847e+07 1.149114e+06 
1.076475e+04 3.876442e+07 1.276793e+06 
8.121250e+03 2.963164e+07 2.213108e+06 
8.199950e+03 3.017899e+07 2.042869e+06 
1.096060e+04 4.071311e+07 1.035103e+06 
1.064165e+04 3.943114e+07 1.191674e+06 
8.232700e+03 3.017395e+07 2.042869e+06 
1.126775e+04 4.173809e+07 9.998649e+05 
8.315100e+03 3.084718e+07 1.957750e+06 
9.200650e+03 3.523616e+07 1.489592e+06 
8.945450e+03 3.357167e+07 1.661902e+06 
1.062775e+04 3.960507e+07 1.191674e+06 
9.641950e+03 3.625145e+07 1.359738e+06 
9.605600e+03 3.653572e+07 1.404473e+06 
1.069110e+04 3.954327e+07 1.133115e+06 
1.050090e+04 3.918643e+07 1.276793e+06 
9.159150e+03 3.433949e+07 1.617271e+06 
9.646750e+03 3.623846e+07 1.284197e+06 
1.048445e+04 3.921869e+07 1.276793e+06 
1.114580e+04 4.151911e+07 1.017484e+06 
8.329700e+03 3.108485e+07 1.872630e+06 
8.026700e+03 2.936531e+07 2.298228e+06 
8.099450e+03 2.967094e+07 2.127989e+06 
9.307950e+03 3.573652e+07 1.435279e+06 
8.365100e+03 3.121556e+07 1.812984e+06 
1.114230e+04 4.166951e+07 1.021435e+06 
1.093350e+04 4.013815e+07 1.133115e+06 
8.331600e+03 3.097551e+07 1.872630e+06 
8.051100e+03 2.932584e+07 2.298228e+06 
8.085250e+03 2.971537e+07 2.213108e+06 
9.300950e+03 3.573671e+07 1.435279e+06 
8.080550e+03 2.973894e+07 2.213108e+06 
9.065900e+03 3.468925e+07 1.510820e+06 
9.619350e+03 3.604226e+07 1.361913e+06 
8.872100e+03 3.305642e+07 1.702391e+06 
8.047000e+03 2.934785e+07 2.298228e+06 

9.884550e+03 3.777259e+07 1.361913e+06 
1.193275e+04 4.242615e+07 1.055261e+06 
1.191265e+04 4.251659e+07 1.133115e+06 
8.908250e+03 3.291058e+07 1.812984e+06 
8.142350e+03 3.010682e+07 2.213108e+06 
9.007350e+03 3.279746e+07 1.737443e+06 
9.815700e+03 3.784634e+07 1.415112e+06 
1.010010e+04 3.770791e+07 1.284197e+06 
1.019495e+04 3.848537e+07 1.244873e+06 
9.187550e+03 3.411589e+07 1.659831e+06 
8.967600e+03 3.287517e+07 1.737443e+06 
8.390300e+03 3.093143e+07 1.957750e+06 
8.895900e+03 3.280147e+07 1.830070e+06 
8.304500e+03 3.113252e+07 2.042869e+06 
1.033800e+04 3.929211e+07 1.208656e+06 
9.119900e+03 3.394476e+07 1.661902e+06 
9.367600e+03 3.480688e+07 1.532152e+06 
9.140450e+03 3.386425e+07 1.661902e+06 
8.451100e+03 3.101108e+07 1.888525e+06 
1.053280e+04 3.962112e+07 1.159753e+06 
8.831850e+03 3.238082e+07 1.872630e+06 
9.368700e+03 3.450669e+07 1.617271e+06 
1.008740e+04 3.812652e+07 1.329992e+06 
1.056300e+04 3.918842e+07 1.208656e+06 
9.893750e+03 3.751011e+07 1.361913e+06 
8.920950e+03 3.258014e+07 1.812984e+06 
1.004615e+04 3.869550e+07 1.329992e+06 
8.170200e+03 3.037468e+07 2.127989e+06 
8.074450e+03 3.001637e+07 2.213108e+06 
9.034550e+03 3.316971e+07 1.737443e+06 
9.109000e+03 3.391729e+07 1.661902e+06 
1.019895e+04 3.869761e+07 1.244873e+06 
8.921700e+03 3.249988e+07 1.812984e+06 
9.933300e+03 3.730283e+07 1.359738e+06 
8.467400e+03 3.089848e+07 1.957750e+06 
8.927450e+03 3.266767e+07 1.787511e+06 
7.901300e+03 2.902055e+07 2.383347e+06 
1.204580e+04 4.236439e+07 1.073147e+06 
9.539550e+03 3.557530e+07 1.510820e+06 
9.692850e+03 3.638746e+07 1.435279e+06 
7.924900e+03 2.905196e+07 2.383347e+06 
9.634100e+03 3.591288e+07 1.447032e+06 
8.517300e+03 3.106119e+07 1.888525e+06 
1.185085e+04 4.244148e+07 1.057574e+06 
1.008085e+04 3.814008e+07 1.284197e+06 
9.605600e+03 3.580562e+07 1.447032e+06 
8.929600e+03 3.296908e+07 1.744951e+06 
7.948850e+03 2.914967e+07 2.298228e+06 
1.072210e+04 3.990633e+07 1.133115e+06 
8.310350e+03 3.098750e+07 2.042869e+06 

7.990450e+03 2.959738e+07 2.213108e+06 
8.078650e+03 2.960638e+07 2.042869e+06 
8.066800e+03 2.988449e+07 2.042869e+06 
7.950400e+03 2.955879e+07 2.298228e+06 
1.018555e+04 3.667027e+07 1.361913e+06 
1.011095e+04 3.747519e+07 1.359738e+06 
9.948900e+03 3.708434e+07 1.404473e+06 
1.067195e+04 3.960896e+07 1.208656e+06 
9.996550e+03 3.707607e+07 1.361913e+06 
8.033250e+03 2.958265e+07 2.127989e+06 
9.049500e+03 3.387434e+07 1.586361e+06 
9.922100e+03 3.596214e+07 1.435279e+06 
1.109475e+04 4.168980e+07 1.159753e+06 
9.554500e+03 3.520532e+07 1.489592e+06 
9.609950e+03 3.494562e+07 1.489592e+06 
8.137100e+03 3.028612e+07 1.872630e+06 
8.063200e+03 3.007365e+07 2.042869e+06 
1.006130e+04 3.687022e+07 1.361913e+06 
8.125300e+03 3.029261e+07 1.888525e+06 
8.973500e+03 3.416521e+07 1.661902e+06 
8.210350e+03 3.014634e+07 1.888525e+06 
7.968400e+03 2.935273e+07 2.383347e+06 
1.166790e+04 4.273592e+07 1.046086e+06 
7.933000e+03 2.936858e+07 2.383347e+06 
8.874600e+03 3.305052e+07 1.737443e+06 
9.866900e+03 3.836676e+07 1.435279e+06 
1.291785e+04 4.609520e+07 9.998649e+05 
9.114350e+03 3.361908e+07 1.659831e+06 
1.138050e+04 4.253541e+07 1.074744e+06 
9.708400e+03 3.539798e+07 1.447032e+06 
8.665800e+03 3.264804e+07 1.787511e+06 
1.022145e+04 3.809613e+07 1.319353e+06 
8.094200e+03 3.003012e+07 1.957750e+06 
1.016795e+04 3.813077e+07 1.319353e+06 
8.016850e+03 2.942751e+07 2.213108e+06 
9.216100e+03 3.443747e+07 1.510820e+06 
9.049600e+03 3.387319e+07 1.617271e+06 
1.174775e+04 4.309338e+07 1.039507e+06 
1.003770e+04 3.646632e+07 1.404473e+06 
1.018070e+04 3.846809e+07 1.287433e+06 
8.118700e+03 2.990079e+07 1.957750e+06 
9.043900e+03 3.337831e+07 1.661902e+06 
1.058340e+04 3.878920e+07 1.244873e+06 
8.809800e+03 3.327042e+07 1.737443e+06 
7.970950e+03 2.926023e+07 2.298228e+06 
8.810000e+03 3.297431e+07 1.744951e+06 
9.017100e+03 3.347007e+07 1.702391e+06 
1.116930e+04 4.123397e+07 1.133115e+06 
1.018535e+04 3.827876e+07 1.284197e+06 
9.061700e+03 3.336542e+07 1.661902e+06 

9.544450e+03 3.519963e+07 1.510820e+06 
9.806700e+03 3.606583e+07 1.468311e+06 
8.055300e+03 2.942250e+07 2.042869e+06 
1.061435e+04 4.040331e+07 1.106554e+06 
9.831500e+03 3.609483e+07 1.435279e+06 
9.122400e+03 3.350034e+07 1.617271e+06 
9.856950e+03 3.697968e+07 1.361913e+06 
8.865450e+03 3.253987e+07 1.744951e+06 
8.381950e+03 3.130143e+07 1.787511e+06 
8.889150e+03 3.248538e+07 1.737443e+06 
8.854150e+03 3.260825e+07 1.755590e+06 
1.061815e+04 4.035755e+07 1.133115e+06 
9.941600e+03 3.742997e+07 1.284197e+06 
8.154750e+03 3.013717e+07 1.888525e+06 
8.188450e+03 3.013415e+07 1.888525e+06 
8.976250e+03 3.295239e+07 1.661902e+06 
9.066700e+03 3.336978e+07 1.659831e+06 
8.870750e+03 3.258057e+07 1.702391e+06 
1.079875e+04 4.050063e+07 1.057574e+06 
1.038520e+04 3.936093e+07 1.276793e+06 
9.429900e+03 3.485236e+07 1.586361e+06 
9.888050e+03 3.713680e+07 1.359738e+06 
8.966250e+03 3.319562e+07 1.661902e+06 
9.499750e+03 3.530336e+07 1.532152e+06 
8.858250e+03 3.260180e+07 1.702391e+06 
8.851850e+03 3.280736e+07 1.702391e+06 
8.350250e+03 3.058474e+07 1.872630e+06 
8.247100e+03 3.077063e+07 1.872630e+06 
8.287850e+03 3.079267e+07 1.840710e+06 
1.049545e+04 3.956322e+07 1.208656e+06 
8.043300e+03 2.972788e+07 2.213108e+06 
8.317400e+03 3.082731e+07 1.812984e+06 
8.248800e+03 3.061056e+07 1.872630e+06 
9.509750e+03 3.486091e+07 1.574712e+06 
8.166950e+03 3.012739e+07 1.957750e+06 
9.771250e+03 3.686373e+07 1.415112e+06 
8.025900e+03 2.951918e+07 2.298228e+06 
8.287700e+03 3.083165e+07 1.812984e+06 
1.064895e+04 4.000602e+07 1.133115e+06 
8.044900e+03 2.942476e+07 2.042869e+06 
8.033800e+03 2.946219e+07 2.298228e+06 
8.853150e+03 3.269182e+07 1.744951e+06 
8.062050e+03 2.941701e+07 2.127989e+06 
9.673750e+03 3.558823e+07 1.500231e+06 
9.768250e+03 3.588405e+07 1.489592e+06 
9.902200e+03 3.693075e+07 1.361913e+06 
8.894500e+03 3.257179e+07 1.702391e+06 
8.270400e+03 3.082570e+07 1.840710e+06 
9.855250e+03 3.655641e+07 1.415112e+06 
8.048900e+03 2.936907e+07 2.213108e+06 

7.934650e+03 2.931033e+07 2.213108e+06 
8.933450e+03 3.347873e+07 1.661902e+06 
1.068940e+04 4.085318e+07 1.108919e+06 
1.028805e+04 3.822955e+07 1.276793e+06 
9.870950e+03 3.697430e+07 1.359738e+06 
8.465350e+03 3.186993e+07 1.888525e+06 
9.469950e+03 3.530440e+07 1.489592e+06 
8.006200e+03 2.994156e+07 2.042869e+06 
8.996050e+03 3.415614e+07 1.532152e+06 
8.789750e+03 3.368325e+07 1.702391e+06 
8.966950e+03 3.368822e+07 1.617271e+06 
1.189715e+04 4.398915e+07 9.558189e+05 
1.036990e+04 3.861830e+07 1.208656e+06 
8.030250e+03 3.018020e+07 1.957750e+06 
9.521750e+03 3.515300e+07 1.447032e+06 
8.471050e+03 3.179735e+07 1.888525e+06 
8.852550e+03 3.371431e+07 1.661902e+06 
7.918400e+03 2.931290e+07 2.213108e+06 
1.171010e+04 4.359216e+07 1.021435e+06 
9.705050e+03 3.583159e+07 1.361913e+06 
1.034645e+04 3.966948e+07 1.133115e+06 
1.013120e+04 3.872088e+07 1.191674e+06 
7.908150e+03 2.937232e+07 2.213108e+06 
8.816750e+03 3.354517e+07 1.702391e+06 
8.031850e+03 3.009091e+07 1.957750e+06 
1.015660e+04 3.783511e+07 1.284197e+06 
9.928800e+03 3.688643e+07 1.329992e+06 
1.076215e+04 4.040321e+07 1.108919e+06 
8.018350e+03 2.984135e+07 2.127989e+06 
7.906250e+03 2.932397e+07 2.298228e+06 
9.935000e+03 3.677706e+07 1.359738e+06 
7.925850e+03 2.917926e+07 2.298228e+06 
8.551400e+03 3.237497e+07 1.737443e+06 
8.514050e+03 3.203717e+07 1.872630e+06 
8.812650e+03 3.363841e+07 1.670470e+06 
8.510150e+03 3.211743e+07 1.872630e+06 
8.538850e+03 3.231923e+07 1.830070e+06 
1.026885e+04 3.843373e+07 1.244873e+06 
8.910050e+03 3.366121e+07 1.661902e+06 
8.542950e+03 3.224799e+07 1.812984e+06 
9.508550e+03 3.525262e+07 1.435279e+06 
8.847850e+03 3.387317e+07 1.661902e+06 
8.543600e+03 3.216119e+07 1.812984e+06 
8.845100e+03 3.349132e+07 1.702391e+06 
8.852500e+03 3.317334e+07 1.702391e+06 
9.057300e+03 3.410672e+07 1.586361e+06 
8.930300e+03 3.312467e+07 1.702391e+06 
1.031220e+04 3.832518e+07 1.244873e+06 
8.037650e+03 3.005140e+07 1.957750e+06 
8.818700e+03 3.361632e+07 1.670470e+06 

8.624950e+03 3.210653e+07 1.812984e+06 
8.543450e+03 3.223612e+07 1.787511e+06 
8.042300e+03 2.976853e+07 2.298228e+06 
9.557900e+03 3.583083e+07 1.447032e+06 
1.159995e+04 4.224540e+07 1.021435e+06 
8.544600e+03 3.223087e+07 1.787511e+06 
8.054200e+03 3.006676e+07 2.213108e+06 
8.310650e+03 3.114145e+07 1.957750e+06 
8.034300e+03 2.978592e+07 2.340788e+06 
1.110270e+04 4.020943e+07 1.074634e+06 
8.322250e+03 3.083606e+07 2.042869e+06 
8.537900e+03 3.223409e+07 1.812984e+06 
1.108310e+04 4.100394e+07 1.106554e+06 
1.069775e+04 3.992991e+07 1.133115e+06 
8.276600e+03 3.092671e+07 2.127989e+06 
8.071700e+03 2.993458e+07 2.213108e+06 
8.699500e+03 3.302629e+07 1.702391e+06 
8.038500e+03 2.968676e+07 2.383347e+06 
1.116385e+04 4.036026e+07 1.106554e+06 
8.333200e+03 3.108642e+07 1.872630e+06 
8.322150e+03 3.105755e+07 1.957750e+06 
9.774200e+03 3.690106e+07 1.435279e+06 
8.573800e+03 3.221642e+07 1.812984e+06 
9.514000e+03 3.540380e+07 1.532152e+06 
8.922750e+03 3.417656e+07 1.586361e+06 
1.014295e+04 3.766153e+07 1.284197e+06 
8.292200e+03 3.102646e+07 2.042869e+06 
8.302550e+03 3.086123e+07 2.042869e+06 
1.068720e+04 4.006242e+07 1.191674e+06 
8.720550e+03 3.301403e+07 1.702391e+06 
8.066350e+03 3.002016e+07 2.213108e+06 
8.287500e+03 3.087916e+07 2.127989e+06 
8.516250e+03 3.232721e+07 1.830070e+06 
8.530600e+03 3.225312e+07 1.787511e+06 
8.712950e+03 3.302257e+07 1.737443e+06 
1.145385e+04 4.180937e+07 9.837181e+05 
8.535200e+03 3.212760e+07 1.830070e+06 
1.050950e+04 3.863038e+07 1.208656e+06 
8.024400e+03 2.977453e+07 2.383347e+06 
9.493600e+03 3.592135e+07 1.532152e+06 
8.303050e+03 3.085178e+07 2.042869e+06 
8.872800e+03 3.413437e+07 1.617271e+06 
8.328450e+03 3.098654e+07 1.957750e+06 
8.546150e+03 3.227287e+07 1.744951e+06 
8.024100e+03 2.986284e+07 2.383347e+06 
8.047700e+03 2.971789e+07 2.383347e+06 
8.732600e+03 3.282914e+07 1.737443e+06 
1.111340e+04 4.123315e+07 1.057574e+06 
9.556600e+03 3.572605e+07 1.510820e+06 
8.333950e+03 3.097224e+07 1.872630e+06 

7.897950e+03 2.907857e+07 2.298228e+06 
8.996450e+03 3.358920e+07 1.617271e+06 
9.301900e+03 3.442826e+07 1.489592e+06 
1.168880e+04 4.592260e+07 9.820330e+05 
9.006750e+03 3.351777e+07 1.617271e+06 
9.279850e+03 3.456793e+07 1.532152e+06 
8.228000e+03 2.988378e+07 1.872630e+06 
9.271150e+03 3.417379e+07 1.574712e+06 
7.963750e+03 2.919294e+07 2.042869e+06 
8.052900e+03 2.948150e+07 1.888525e+06 
8.017200e+03 2.928239e+07 1.888525e+06 
9.490250e+03 3.496634e+07 1.447032e+06 
7.948950e+03 2.926911e+07 2.042869e+06 
9.283200e+03 3.434416e+07 1.510820e+06 
8.023900e+03 2.913320e+07 1.915190e+06 
9.147600e+03 3.449035e+07 1.574712e+06 
9.593900e+03 3.657674e+07 1.415112e+06 
1.062675e+04 3.968093e+07 1.208656e+06 
8.006300e+03 2.937854e+07 2.000309e+06 
7.935450e+03 2.901562e+07 2.298228e+06 
9.032900e+03 3.459717e+07 1.586361e+06 
1.144425e+04 4.184132e+07 1.117193e+06 
1.063205e+04 4.002710e+07 1.191674e+06 
9.326850e+03 3.424449e+07 1.532152e+06 
1.035855e+04 3.894512e+07 1.284197e+06 
8.714200e+03 3.228022e+07 1.702391e+06 
8.032600e+03 2.922188e+07 1.888525e+06 
8.184050e+03 2.991754e+07 1.872630e+06 
1.062065e+04 3.977132e+07 1.244873e+06 
7.972450e+03 2.918111e+07 2.085429e+06 
1.196205e+04 4.053476e+07 1.095504e+06 
9.001300e+03 3.347094e+07 1.659831e+06 
7.930450e+03 2.918751e+07 2.127989e+06 
1.171550e+04 4.514409e+07 9.820330e+05 
1.198285e+04 4.102666e+07 1.073147e+06 
7.954550e+03 2.919331e+07 2.127989e+06 
1.069050e+04 4.013315e+07 1.133115e+06 
8.230850e+03 2.998579e+07 1.812984e+06 
7.961850e+03 2.908767e+07 2.127989e+06 
1.135175e+04 4.253390e+07 1.057574e+06 
1.212150e+04 4.086689e+07 1.085273e+06 
7.911450e+03 2.903263e+07 2.383347e+06 
9.039450e+03 3.365800e+07 1.586361e+06 
9.694350e+03 3.656875e+07 1.435279e+06 
8.856400e+03 3.318848e+07 1.661902e+06 
8.448600e+03 3.108277e+07 1.737443e+06 
7.940550e+03 2.912910e+07 2.213108e+06 
1.138925e+04 4.205289e+07 1.057574e+06 
9.690450e+03 3.693815e+07 1.359738e+06 
7.957250e+03 2.908495e+07 2.213108e+06 

1.144360e+04 4.304648e+07 9.658323e+05 
1.107615e+04 4.177039e+07 1.026292e+06 
8.406250e+03 3.147894e+07 1.872630e+06 
1.149115e+04 4.297802e+07 9.658323e+05 
8.673500e+03 3.249167e+07 1.737443e+06 
8.593650e+03 3.229411e+07 1.787511e+06 
1.119280e+04 4.141731e+07 9.910544e+05 
7.928850e+03 2.905990e+07 2.383347e+06 
1.066900e+04 3.966445e+07 1.276793e+06 
8.613550e+03 3.217786e+07 1.787511e+06 
8.609950e+03 3.227679e+07 1.787511e+06 
1.067675e+04 4.036202e+07 1.244873e+06 
9.340700e+03 3.488653e+07 1.510820e+06 
1.119205e+04 4.185771e+07 1.008673e+06 
1.079030e+04 4.004730e+07 1.133115e+06 
8.307300e+03 3.067222e+07 1.888525e+06 
8.421250e+03 3.143385e+07 1.872630e+06 
1.110510e+04 4.120950e+07 1.057574e+06 
8.748250e+03 3.243830e+07 1.737443e+06 
9.248000e+03 3.494527e+07 1.510820e+06 
1.176230e+04 4.424558e+07 9.469543e+05 
1.106710e+04 4.083770e+07 1.117193e+06 
1.014370e+04 3.701733e+07 1.359738e+06 
8.836300e+03 3.333585e+07 1.661902e+06 
7.877950e+03 2.926769e+07 2.298228e+06 
7.948150e+03 2.911356e+07 2.213108e+06 
7.885050e+03 2.905891e+07 2.383347e+06 
8.682100e+03 3.245550e+07 1.737443e+06 
7.977000e+03 2.936268e+07 2.127989e+06 
1.101445e+04 4.031456e+07 1.208656e+06 
1.123350e+04 4.179786e+07 9.820330e+05 
7.890850e+03 2.918429e+07 2.298228e+06 
8.221550e+03 3.043189e+07 2.042869e+06 
1.188790e+04 4.476162e+07 9.300607e+05 
8.233500e+03 3.032434e+07 1.957750e+06 
7.890250e+03 2.897664e+07 2.383347e+06 
1.070135e+04 3.978031e+07 1.234234e+06 
9.562700e+03 3.634371e+07 1.361913e+06 
1.017880e+04 3.767554e+07 1.284197e+06 
7.919850e+03 2.906313e+07 2.298228e+06 
1.161810e+04 4.369872e+07 9.575935e+05 
1.071100e+04 3.981364e+07 1.208656e+06 
9.339450e+03 3.510527e+07 1.435279e+06 
7.983200e+03 2.924249e+07 2.127989e+06 
8.043800e+03 2.954283e+07 2.127989e+06 
9.273650e+03 3.455538e+07 1.532152e+06 
1.109290e+04 4.107663e+07 1.063994e+06 
9.105550e+03 3.446751e+07 1.532152e+06 
9.003450e+03 3.402687e+07 1.586361e+06 
1.161190e+04 4.441053e+07 9.381979e+05 

8.585600e+03 3.215839e+07 1.661902e+06 
8.049200e+03 2.979175e+07 2.298228e+06 
1.150720e+04 4.291758e+07 1.074634e+06 
8.007850e+03 2.949757e+07 2.383347e+06 
8.074800e+03 2.998511e+07 2.127989e+06 
9.132450e+03 3.265202e+07 1.617271e+06 
9.654400e+03 3.570625e+07 1.269891e+06 
9.899850e+03 3.632271e+07 1.252005e+06 
9.214100e+03 3.406247e+07 1.329992e+06 
8.984000e+03 3.286226e+07 1.617271e+06 
9.117950e+03 3.351672e+07 1.435279e+06 
9.258650e+03 3.408463e+07 1.310133e+06 
1.105385e+04 4.181308e+07 1.105580e+06 
9.180500e+03 3.400801e+07 1.383191e+06 
8.098000e+03 2.978427e+07 2.127989e+06 
9.036050e+03 3.280045e+07 1.586361e+06 
8.041950e+03 2.992056e+07 2.298228e+06 
9.945650e+03 3.571074e+07 1.252005e+06 
8.714650e+03 3.194725e+07 1.661902e+06 
1.176810e+04 4.425338e+07 1.057574e+06 
8.212250e+03 3.027541e+07 1.957750e+06 
9.545400e+03 3.530967e+07 1.276793e+06 
9.140300e+03 3.327614e+07 1.532152e+06 
8.080800e+03 2.983303e+07 2.127989e+06 
1.098300e+04 3.895163e+07 1.133115e+06 
8.202400e+03 3.016629e+07 2.042869e+06 
8.321750e+03 3.096616e+07 1.812984e+06 
1.068745e+04 3.831382e+07 1.144690e+06 
8.067900e+03 2.971809e+07 2.213108e+06 
1.117690e+04 4.015628e+07 1.108919e+06 
8.165250e+03 3.039071e+07 2.042869e+06 
8.586250e+03 3.165756e+07 1.737443e+06 
8.673300e+03 3.187704e+07 1.702391e+06 
9.184100e+03 3.371226e+07 1.359738e+06 
1.119740e+04 4.169303e+07 1.091033e+06 
1.011725e+04 3.634942e+07 1.216233e+06 
1.182220e+04 4.467223e+07 1.055261e+06 
9.249250e+03 3.333266e+07 1.510820e+06 
9.056650e+03 3.344390e+07 1.532152e+06 
8.349550e+03 3.095316e+07 1.812984e+06 
8.196300e+03 3.057640e+07 1.957750e+06 
1.092645e+04 4.120150e+07 1.133115e+06 
9.161150e+03 3.253979e+07 1.586361e+06 
9.163950e+03 3.389988e+07 1.415112e+06 
1.133495e+04 4.238158e+07 1.087961e+06 
8.053400e+03 2.974901e+07 2.298228e+06 
1.063950e+04 3.827345e+07 1.159753e+06 
9.467350e+03 3.476491e+07 1.284197e+06 
8.274700e+03 3.054606e+07 1.872630e+06 
8.537850e+03 3.175658e+07 1.787511e+06 

9.122000e+03 3.398857e+07 1.510820e+06 
8.432800e+03 3.125998e+07 1.872630e+06 
8.762750e+03 3.210700e+07 1.787511e+06 
1.281255e+04 4.734871e+07 9.895141e+05 
7.991300e+03 2.934983e+07 2.127989e+06 
9.103150e+03 3.414277e+07 1.542791e+06 
8.893250e+03 3.317197e+07 1.661902e+06 
9.980700e+03 3.823243e+07 1.149114e+06 
9.910250e+03 3.639645e+07 1.361913e+06 
1.203725e+04 4.696891e+07 1.030698e+06 
9.051600e+03 3.365973e+07 1.574712e+06 
9.597450e+03 3.669778e+07 1.361913e+06 
1.071715e+04 4.086351e+07 1.057574e+06 
1.071530e+04 4.085336e+07 1.059732e+06 
8.023950e+03 2.947424e+07 2.042869e+06 
9.979750e+03 3.608857e+07 1.361913e+06 
8.854550e+03 3.287950e+07 1.755590e+06 
7.880900e+03 2.883238e+07 2.213108e+06 
9.583500e+03 3.675681e+07 1.361913e+06 
8.931600e+03 3.331247e+07 1.617271e+06 
7.976750e+03 2.938531e+07 2.127989e+06 
1.067205e+04 4.152131e+07 1.055261e+06 
8.897850e+03 3.310259e+07 1.659831e+06 
9.727950e+03 3.647553e+07 1.361913e+06 
9.536350e+03 3.567943e+07 1.435279e+06 
9.669300e+03 3.651236e+07 1.191674e+06 
7.860100e+03 2.868860e+07 2.298228e+06 
8.359650e+03 3.060123e+07 1.957750e+06 
7.842000e+03 2.871440e+07 2.383347e+06 
9.154150e+03 3.394734e+07 1.553430e+06 
8.970200e+03 3.305131e+07 1.661902e+06 
7.885100e+03 2.874066e+07 2.213108e+06 
1.005620e+04 3.608120e+07 1.359738e+06 
9.198700e+03 3.448274e+07 1.489592e+06 
9.999550e+03 3.828990e+07 1.133115e+06 
8.005300e+03 2.952377e+07 2.042869e+06 
9.598550e+03 3.690779e+07 1.276793e+06 
9.584450e+03 3.682417e+07 1.329992e+06 
8.892000e+03 3.328922e+07 1.670470e+06 
8.893400e+03 3.289796e+07 1.737443e+06 
9.617050e+03 3.674997e+07 1.276793e+06 
1.076775e+04 4.152558e+07 1.037375e+06 
8.958150e+03 3.310039e+07 1.586361e+06 
1.219310e+04 4.716095e+07 1.000604e+06 
8.456650e+03 3.100164e+07 1.872630e+06 
8.438900e+03 3.110517e+07 1.872630e+06 
8.875200e+03 3.325981e+07 1.702391e+06 
8.553300e+03 3.148265e+07 1.812984e+06 
1.008085e+04 3.860956e+07 1.106554e+06 
9.172600e+03 3.453572e+07 1.447032e+06 

