1.623215e+02 3.374174e+07 2.208646e+06 
1.776337e+02 3.483001e+07 1.807074e+06 
1.637391e+02 3.356799e+07 2.055676e+06 
1.567444e+02 3.768014e+07 2.811005e+06 
1.590984e+02 3.551747e+07 2.811005e+06 
1.640548e+02 3.276526e+07 1.951854e+06 
1.611267e+02 3.418409e+07 2.409432e+06 
1.616653e+02 3.400808e+07 2.409432e+06 
1.617073e+02 3.363262e+07 2.159498e+06 
1.709691e+02 3.544669e+07 1.807074e+06 
1.575794e+02 3.660193e+07 3.011791e+06 
1.611798e+02 3.378640e+07 2.242557e+06 
1.664232e+02 3.671197e+07 1.832641e+06 
1.591581e+02 3.487904e+07 2.811005e+06 
1.607607e+02 3.519009e+07 2.159498e+06 
1.599874e+02 3.751215e+07 2.208646e+06 
1.600671e+02 3.419919e+07 2.409432e+06 
1.605182e+02 3.406892e+07 2.208646e+06 
1.703002e+02 3.759655e+07 1.807074e+06 
1.585344e+02 3.822108e+07 2.610219e+06 
1.637833e+02 3.347572e+07 2.055676e+06 
1.716261e+02 3.273875e+07 1.951854e+06 
1.648323e+02 3.455997e+07 1.848032e+06 
1.607278e+02 3.470534e+07 2.055676e+06 
1.624671e+02 3.367058e+07 2.208646e+06 
1.686512e+02 3.634855e+07 1.832641e+06 
1.596458e+02 3.458708e+07 2.811005e+06 
1.762803e+02 3.265532e+07 2.055676e+06 
1.624373e+02 3.370981e+07 2.007860e+06 
1.588497e+02 3.665823e+07 2.610219e+06 
1.636025e+02 3.343627e+07 2.007860e+06 
1.673569e+02 3.508175e+07 1.848032e+06 
1.698529e+02 3.274035e+07 2.055676e+06 
1.613657e+02 3.415588e+07 2.055676e+06 
1.570537e+02 3.583353e+07 3.212577e+06 
1.605830e+02 3.422791e+07 2.208646e+06 
1.598310e+02 3.426015e+07 2.409432e+06 
1.619842e+02 3.459595e+07 2.007860e+06 
1.586218e+02 3.570618e+07 3.011791e+06 
1.690759e+02 3.698463e+07 1.832641e+06 
1.601066e+02 3.497358e+07 2.208646e+06 
1.636983e+02 3.358844e+07 2.007860e+06 
1.636081e+02 3.366944e+07 2.007860e+06 
1.701856e+02 3.259243e+07 1.951854e+06 
1.692970e+02 3.274593e+07 2.055676e+06 
1.579506e+02 3.759811e+07 2.811005e+06 
1.668709e+02 3.660627e+07 1.832641e+06 
1.576736e+02 3.551506e+07 3.011791e+06 
1.628917e+02 3.368546e+07 2.007860e+06 
1.683825e+02 3.655102e+07 1.832641e+06 
1.612653e+02 3.441409e+07 2.055676e+06 
1.616514e+02 3.404689e+07 2.055676e+06 
1.577794e+02 3.699128e+07 3.011791e+06 
1.729547e+02 3.297555e+07 1.848032e+06 
1.603790e+02 3.489347e+07 2.055676e+06 
1.568406e+02 3.976368e+07 3.212577e+06 
1.585929e+02 3.592887e+07 3.011791e+06 
1.643389e+02 3.291966e+07 1.951854e+06 
1.596560e+02 3.438203e+07 2.409432e+06 
1.621847e+02 3.382215e+07 2.159498e+06 
1.723727e+02 3.515342e+07 1.807074e+06 
1.586285e+02 3.568759e+07 3.212577e+06 
1.608092e+02 3.498962e+07 2.055676e+06 
1.701513e+02 3.397680e+07 1.848032e+06 
1.603982e+02 3.427761e+07 2.409432e+06 
1.588144e+02 3.670804e+07 2.610219e+06 
1.626477e+02 3.368130e+07 2.007860e+06 
1.617584e+02 3.488639e+07 2.007860e+06 
1.637208e+02 3.340053e+07 2.055676e+06 
1.641391e+02 3.328176e+07 2.208646e+06 
1.705014e+02 3.271231e+07 2.055676e+06 
1.586070e+02 3.752487e+07 2.811005e+06 
1.589286e+02 3.554912e+07 3.011791e+06 
1.587388e+02 3.668000e+07 2.409432e+06 
1.631041e+02 3.457163e+07 1.848032e+06 
1.632722e+02 3.363884e+07 2.055676e+06 
1.748626e+02 3.268685e+07 1.951854e+06 
1.611724e+02 3.452034e+07 2.055676e+06 
1.747199e+02 3.270571e+07 2.055676e+06 
1.755234e+02 3.480401e+07 1.807074e+06 
1.602366e+02 3.437598e+07 2.409432e+06 
1.603442e+02 3.431770e+07 2.208646e+06 
1.657759e+02 3.425688e+07 1.848032e+06 
1.617692e+02 3.437486e+07 2.007860e+06 
1.688211e+02 3.412587e+07 1.848032e+06 
1.572845e+02 3.624682e+07 3.212577e+06 
1.613709e+02 3.412417e+07 2.409432e+06 
1.633422e+02 3.537654e+07 1.848032e+06 
1.593224e+02 3.483888e+07 2.159498e+06 
1.590046e+02 3.493605e+07 2.610219e+06 
1.721916e+02 3.500343e+07 1.807074e+06 
1.665880e+02 3.321740e+07 1.848032e+06 
1.585057e+02 3.786741e+07 2.610219e+06 
1.592433e+02 3.519055e+07 2.811005e+06 
1.575225e+02 3.683990e+07 3.011791e+06 
1.699578e+02 3.285529e+07 2.055676e+06 
1.570032e+02 3.783999e+07 2.811005e+06 
1.591641e+02 3.429671e+07 2.409432e+06 
1.613148e+02 3.388465e+07 2.055676e+06 
1.600455e+02 3.572534e+07 2.208646e+06 

1.738489e+02 3.480628e+07 2.208646e+06 
1.565451e+02 3.511515e+07 3.011791e+06 
1.671972e+02 3.527246e+07 2.208646e+06 
1.750876e+02 3.798379e+07 1.807074e+06 
1.620905e+02 3.393176e+07 2.610219e+06 
1.684260e+02 3.629888e+07 2.007860e+06 
1.717056e+02 3.577227e+07 2.076440e+06 
1.649311e+02 3.391117e+07 2.610219e+06 
1.695128e+02 3.618636e+07 1.868796e+06 
1.838184e+02 3.531460e+07 1.972618e+06 
1.671695e+02 3.561846e+07 2.208646e+06 
1.733617e+02 3.459214e+07 2.208646e+06 
1.601021e+02 3.424707e+07 2.610219e+06 
1.724716e+02 3.544940e+07 1.868796e+06 
1.666045e+02 3.361996e+07 2.610219e+06 
1.790120e+02 3.532420e+07 1.868796e+06 
1.664967e+02 3.594997e+07 2.208646e+06 
1.572982e+02 3.423118e+07 2.811005e+06 
1.651475e+02 3.372981e+07 2.610219e+06 
1.793332e+02 3.634483e+07 1.764974e+06 
1.692235e+02 3.631373e+07 1.972618e+06 
1.680823e+02 3.660854e+07 2.055676e+06 
1.710341e+02 3.536055e+07 1.868796e+06 
1.601902e+02 3.459934e+07 2.610219e+06 
1.705493e+02 3.521712e+07 2.208646e+06 
1.762104e+02 3.784324e+07 1.807074e+06 
1.626113e+02 3.520374e+07 2.409432e+06 
1.670084e+02 3.573531e+07 2.208646e+06 
1.565165e+02 3.576048e+07 3.212577e+06 
1.665810e+02 3.721570e+07 1.972618e+06 
1.719722e+02 3.583478e+07 1.868796e+06 
1.843780e+02 3.512330e+07 1.868796e+06 
1.710407e+02 3.349998e+07 2.610219e+06 
1.757679e+02 3.886942e+07 1.807074e+06 
1.707912e+02 3.585345e+07 1.972618e+06 
1.779446e+02 3.457096e+07 2.208646e+06 
1.745766e+02 3.478053e+07 2.208646e+06 
1.776718e+02 3.462381e+07 2.208646e+06 
1.641046e+02 3.376770e+07 2.811005e+06 
1.768193e+02 3.519301e+07 1.868796e+06 
1.779788e+02 3.436004e+07 2.208646e+06 
1.696472e+02 3.326075e+07 2.811005e+06 
1.689690e+02 3.625782e+07 2.007860e+06 
1.611649e+02 3.408559e+07 2.811005e+06 
1.606993e+02 3.419968e+07 2.610219e+06 
1.768544e+02 3.531985e+07 1.972618e+06 
1.663746e+02 3.621873e+07 2.076440e+06 
1.709387e+02 3.604924e+07 1.972618e+06 
1.655689e+02 3.587394e+07 2.076440e+06 
1.761623e+02 3.690835e+07 1.764974e+06 
1.588384e+02 3.413130e+07 3.212577e+06 
1.805716e+02 3.434363e+07 2.409432e+06 
1.795609e+02 3.450455e+07 2.208646e+06 
1.610891e+02 3.396198e+07 2.610219e+06 
1.639359e+02 3.354051e+07 2.610219e+06 
1.716858e+02 3.496606e+07 2.208646e+06 
1.695153e+02 3.624385e+07 1.972618e+06 
1.664977e+02 3.662657e+07 1.972618e+06 
1.686033e+02 3.717872e+07 1.868796e+06 
1.665544e+02 3.710199e+07 2.007860e+06 
1.568758e+02 3.410441e+07 2.811005e+06 
1.722315e+02 3.346836e+07 2.610219e+06 
1.620740e+02 3.601463e+07 2.409432e+06 
1.692322e+02 3.506746e+07 2.208646e+06 
1.781948e+02 3.451761e+07 2.409432e+06 
1.561227e+02 3.441466e+07 2.811005e+06 
1.600506e+02 3.430945e+07 2.610219e+06 
1.669348e+02 3.742204e+07 1.868796e+06 
1.567588e+02 3.487281e+07 3.011791e+06 
1.681457e+02 3.626314e+07 2.007860e+06 
1.757578e+02 3.772587e+07 1.807074e+06 
1.619977e+02 3.555068e+07 2.409432e+06 
1.774033e+02 3.691485e+07 1.764974e+06 
1.789786e+02 3.629235e+07 1.764974e+06 
1.697886e+02 3.503000e+07 2.208646e+06 
1.594636e+02 3.419782e+07 2.811005e+06 
1.676758e+02 3.551217e+07 2.208646e+06 
1.711802e+02 3.586850e+07 1.868796e+06 
1.695200e+02 3.506513e+07 2.208646e+06 
1.817124e+02 3.620390e+07 1.764974e+06 
1.724545e+02 3.562086e+07 1.972618e+06 
1.561941e+02 3.604448e+07 3.212577e+06 
1.694875e+02 3.751762e+07 1.868796e+06 
1.676375e+02 3.599744e+07 2.076440e+06 
1.739923e+02 3.527745e+07 1.868796e+06 
1.699666e+02 3.742098e+07 1.868796e+06 
1.668430e+02 3.578680e+07 2.208646e+06 
1.783598e+02 3.682291e+07 1.764974e+06 
1.625135e+02 3.519702e+07 2.409432e+06 
1.560575e+02 3.554967e+07 3.212577e+06 
1.633146e+02 3.377212e+07 2.811005e+06 
1.625538e+02 3.382785e+07 2.610219e+06 
1.600912e+02 3.480892e+07 2.610219e+06 
1.601456e+02 3.409506e+07 2.610219e+06 
1.681511e+02 3.644802e+07 1.972618e+06 
1.637359e+02 3.377562e+07 2.811005e+06 
1.724029e+02 3.355163e+07 2.610219e+06 
1.706858e+02 3.500521e+07 2.208646e+06 
1.681140e+02 3.657700e+07 2.007860e+06 
1.620688e+02 3.400072e+07 2.811005e+06 

1.794283e+02 3.355255e+07 1.807074e+06 
1.761566e+02 3.323680e+07 2.208646e+06 
1.651292e+02 3.536845e+07 1.868796e+06 
1.670114e+02 3.448425e+07 1.807074e+06 
1.626691e+02 3.473504e+07 2.409432e+06 
1.685036e+02 3.927764e+07 1.639732e+06 
1.672473e+02 3.373219e+07 1.868796e+06 
1.666755e+02 3.358908e+07 2.208646e+06 
1.676116e+02 3.582674e+07 1.764974e+06 
1.739347e+02 3.405752e+07 1.807074e+06 
1.608166e+02 3.643362e+07 2.208646e+06 
1.626126e+02 3.575029e+07 2.208646e+06 
1.653024e+02 3.369869e+07 1.972618e+06 
1.625746e+02 3.556332e+07 2.610219e+06 
1.617761e+02 3.646242e+07 2.007860e+06 
1.640168e+02 3.590816e+07 1.807074e+06 
1.625712e+02 3.617538e+07 1.807074e+06 
1.618170e+02 3.621138e+07 1.868796e+06 
1.618601e+02 3.638456e+07 2.208646e+06 
1.619851e+02 3.634212e+07 2.409432e+06 
1.664608e+02 3.426324e+07 1.868796e+06 
1.707569e+02 3.819273e+07 1.639732e+06 
1.763563e+02 3.531513e+07 1.764974e+06 
1.720722e+02 3.335027e+07 1.972618e+06 
1.736599e+02 3.280894e+07 2.076440e+06 
1.789803e+02 3.394142e+07 1.807074e+06 
1.680229e+02 3.369168e+07 1.972618e+06 
1.715535e+02 3.317740e+07 2.208646e+06 
1.647820e+02 3.441214e+07 2.007860e+06 
1.809915e+02 3.323318e+07 2.076440e+06 
1.611774e+02 3.663607e+07 2.007860e+06 
1.669304e+02 3.890545e+07 1.661152e+06 
1.704951e+02 3.859273e+07 1.639732e+06 
1.616392e+02 3.668698e+07 1.868796e+06 
1.697593e+02 3.356917e+07 1.972618e+06 
1.707006e+02 3.361027e+07 1.868796e+06 
1.644808e+02 3.450398e+07 2.409432e+06 
1.592906e+02 3.783985e+07 2.610219e+06 
1.662934e+02 3.814202e+07 1.736186e+06 
1.681314e+02 3.341846e+07 2.208646e+06 
1.697302e+02 3.535599e+07 1.764974e+06 
1.652685e+02 3.349991e+07 2.208646e+06 
1.747994e+02 3.331144e+07 2.076440e+06 
1.674096e+02 3.432581e+07 1.807074e+06 
1.605604e+02 3.672486e+07 2.208646e+06 
1.680097e+02 3.826703e+07 1.661152e+06 
1.688560e+02 3.759734e+07 1.661152e+06 
1.683151e+02 3.688668e+07 1.736186e+06 
1.622093e+02 3.615141e+07 1.807074e+06 
1.611414e+02 3.650111e+07 2.058056e+06 
1.739690e+02 3.404113e+07 1.807074e+06 
1.702767e+02 3.358213e+07 1.868796e+06 
1.812754e+02 3.301327e+07 2.208646e+06 
1.669701e+02 3.317750e+07 2.076440e+06 
1.787854e+02 3.509467e+07 1.764974e+06 
1.735341e+02 3.657728e+07 1.736186e+06 
1.807967e+02 3.331700e+07 1.972618e+06 
1.655601e+02 3.439033e+07 1.868796e+06 
1.679892e+02 3.351851e+07 2.208646e+06 
1.719977e+02 3.737252e+07 1.661152e+06 
1.729428e+02 3.450634e+07 1.807074e+06 
1.639765e+02 3.452732e+07 2.208646e+06 
1.654585e+02 3.388732e+07 2.208646e+06 
1.656922e+02 3.415486e+07 1.868796e+06 
1.693881e+02 3.363116e+07 1.972618e+06 
1.710402e+02 3.816325e+07 1.639732e+06 
1.616582e+02 3.638192e+07 1.807074e+06 
1.632664e+02 3.510863e+07 2.610219e+06 
1.771118e+02 3.409115e+07 1.807074e+06 
1.702441e+02 3.431612e+07 1.807074e+06 
1.606491e+02 3.678991e+07 2.409432e+06 
1.744712e+02 3.329471e+07 1.972618e+06 
1.618108e+02 3.624382e+07 1.807074e+06 
1.694467e+02 3.901369e+07 1.639732e+06 
1.620937e+02 3.657049e+07 1.807074e+06 
1.644111e+02 3.406595e+07 2.007860e+06 
1.655817e+02 3.372363e+07 2.208646e+06 
1.658225e+02 3.755890e+07 1.764974e+06 
1.735436e+02 3.334580e+07 2.208646e+06 
1.633583e+02 3.597108e+07 1.868796e+06 
1.625293e+02 3.567710e+07 2.007860e+06 
1.604003e+02 3.677633e+07 2.208646e+06 
1.651536e+02 3.431897e+07 2.409432e+06 
1.648724e+02 3.411710e+07 1.972618e+06 
1.640993e+02 3.545116e+07 1.868796e+06 
1.669876e+02 3.723161e+07 1.661152e+06 
1.672185e+02 3.385410e+07 1.868796e+06 
1.632051e+02 3.606657e+07 1.868796e+06 
1.684388e+02 3.700585e+07 1.736186e+06 
1.633476e+02 3.496026e+07 2.208646e+06 
1.697555e+02 3.841551e+07 1.639732e+06 
1.655860e+02 3.557048e+07 1.764974e+06 
1.662613e+02 3.347647e+07 2.409432e+06 
1.698173e+02 3.344940e+07 1.972618e+06 
1.714673e+02 3.415133e+07 1.807074e+06 
1.611584e+02 3.643522e+07 2.007860e+06 
1.753504e+02 3.400905e+07 1.807074e+06 
1.753712e+02 3.358878e+07 1.868796e+06 
1.601759e+02 3.682314e+07 2.208646e+06 
1.821005e+02 3.548081e+07 1.764974e+06 

1.604281e+02 3.459315e+07 1.972618e+06 
1.790451e+02 4.054725e+07 1.661152e+06 
1.774692e+02 3.915005e+07 1.736186e+06 
1.674436e+02 3.553986e+07 1.764974e+06 
1.590907e+02 3.466315e+07 2.610219e+06 
1.596987e+02 3.478678e+07 2.076440e+06 
1.641493e+02 3.613672e+07 1.848032e+06 
1.673992e+02 3.321868e+07 2.076440e+06 
1.581770e+02 3.518946e+07 2.610219e+06 
1.587727e+02 3.465051e+07 2.610219e+06 
1.590369e+02 3.459347e+07 2.409432e+06 
1.597085e+02 3.471464e+07 2.007860e+06 
1.666163e+02 3.631726e+07 1.744210e+06 
1.643248e+02 3.681221e+07 1.807074e+06 
1.671494e+02 3.285222e+07 2.076440e+06 
1.586337e+02 3.550818e+07 2.007860e+06 
1.597594e+02 3.400292e+07 2.076440e+06 
1.597561e+02 3.374016e+07 2.007860e+06 
1.637537e+02 3.597632e+07 1.856754e+06 
1.597514e+02 3.404742e+07 2.208646e+06 
1.589083e+02 3.469573e+07 2.610219e+06 
1.805314e+02 3.967498e+07 1.661152e+06 
1.579490e+02 3.514455e+07 2.811005e+06 
1.613928e+02 3.334218e+07 1.972618e+06 
1.586155e+02 3.495315e+07 2.610219e+06 
1.677315e+02 3.371665e+07 1.868796e+06 
1.571577e+02 3.701499e+07 3.011791e+06 
1.660134e+02 3.298224e+07 1.972618e+06 
1.690322e+02 3.540756e+07 1.764974e+06 
1.644031e+02 3.317130e+07 1.972618e+06 
1.576220e+02 3.541521e+07 3.212577e+06 
1.592979e+02 3.430351e+07 2.208646e+06 
1.606633e+02 3.371200e+07 1.972618e+06 
1.589348e+02 3.503405e+07 2.409432e+06 
1.610848e+02 3.453990e+07 1.868796e+06 
1.583747e+02 3.503624e+07 2.610219e+06 
1.664258e+02 3.333285e+07 2.076440e+06 
1.784564e+02 4.015721e+07 1.661152e+06 
1.584678e+02 3.604166e+07 2.409432e+06 
1.606842e+02 3.388397e+07 1.972618e+06 
1.585760e+02 3.473946e+07 2.610219e+06 
1.573682e+02 3.565685e+07 3.011791e+06 
1.595609e+02 3.409363e+07 2.208646e+06 
1.610725e+02 3.370923e+07 1.972618e+06 
1.593101e+02 3.440471e+07 2.208646e+06 
1.764197e+02 3.914848e+07 1.736186e+06 
1.596486e+02 3.413798e+07 2.208646e+06 
1.569248e+02 3.533331e+07 3.011791e+06 
1.736996e+02 3.941856e+07 1.736186e+06 
1.679658e+02 3.384768e+07 1.868796e+06 
1.677292e+02 3.501429e+07 1.807074e+06 
1.648221e+02 3.487633e+07 1.807074e+06 
1.799227e+02 3.988256e+07 1.661152e+06 
1.595996e+02 3.415172e+07 2.409432e+06 
1.597890e+02 3.451535e+07 2.007860e+06 
1.592406e+02 3.502260e+07 2.076440e+06 
1.606266e+02 3.381184e+07 2.076440e+06 
1.594083e+02 3.439916e+07 2.409432e+06 
1.592854e+02 3.462027e+07 2.409432e+06 
1.600801e+02 3.479992e+07 1.972618e+06 
1.588179e+02 3.483958e+07 2.610219e+06 
1.578908e+02 3.536377e+07 2.811005e+06 
1.837556e+02 4.018138e+07 1.661152e+06 
1.613162e+02 3.396831e+07 1.868796e+06 
1.622479e+02 3.696016e+07 1.832641e+06 
1.589430e+02 3.556378e+07 2.208646e+06 
1.611250e+02 3.331444e+07 1.972618e+06 
1.605869e+02 3.395095e+07 1.972618e+06 
1.595707e+02 3.376247e+07 2.208646e+06 
1.673580e+02 3.629056e+07 1.764974e+06 
1.732778e+02 4.069599e+07 1.736186e+06 
1.652404e+02 3.333768e+07 2.076440e+06 
1.707769e+02 3.523655e+07 1.764974e+06 
1.577159e+02 3.600792e+07 2.811005e+06 
1.579709e+02 3.522633e+07 3.011791e+06 
1.583982e+02 3.516298e+07 2.610219e+06 
1.609840e+02 3.370188e+07 2.208646e+06 
1.610705e+02 3.519950e+07 1.868796e+06 
1.581720e+02 3.516344e+07 3.011791e+06 
1.641187e+02 3.664389e+07 1.807074e+06 
1.658024e+02 3.508290e+07 1.807074e+06 
1.751954e+02 3.997908e+07 1.736186e+06 
1.628172e+02 3.712218e+07 1.832641e+06 
1.606909e+02 3.440169e+07 1.868796e+06 
1.676128e+02 3.320752e+07 2.076440e+06 
1.579271e+02 3.536745e+07 2.811005e+06 
1.634647e+02 3.666907e+07 1.807074e+06 
1.576791e+02 3.533554e+07 3.011791e+06 
1.643972e+02 3.411993e+07 1.868796e+06 
1.593923e+02 3.557817e+07 2.007860e+06 
1.694505e+02 3.541745e+07 1.764974e+06 
1.649704e+02 3.562769e+07 1.764974e+06 
1.591527e+02 3.491889e+07 2.076440e+06 
1.707305e+02 3.519104e+07 1.764974e+06 
1.785414e+02 3.882017e+07 1.736186e+06 
1.587273e+02 3.574204e+07 2.409432e+06 
1.606614e+02 3.463553e+07 1.972618e+06 
1.588664e+02 3.510795e+07 2.409432e+06 
1.573330e+02 3.519074e+07 3.011791e+06 
1.580852e+02 3.500208e+07 2.811005e+06 

1.550202e+02 3.762000e+07 3.614149e+06 
1.868068e+02 3.930447e+07 1.639732e+06 
1.552886e+02 3.726915e+07 3.614149e+06 
1.690363e+02 3.348161e+07 1.868796e+06 
1.736821e+02 3.443475e+07 1.832641e+06 
1.680403e+02 3.251478e+07 1.972618e+06 
1.554982e+02 3.713751e+07 3.614149e+06 
1.850215e+02 3.895867e+07 1.661152e+06 
1.622894e+02 3.313781e+07 1.972618e+06 
1.800178e+02 3.900909e+07 1.736186e+06 
1.601366e+02 3.324714e+07 2.208646e+06 
1.703690e+02 3.226439e+07 1.972618e+06 
1.678208e+02 3.503560e+07 1.832641e+06 
1.776468e+02 4.048094e+07 1.639732e+06 
1.867515e+02 3.883193e+07 1.639732e+06 
1.609243e+02 3.354576e+07 2.007860e+06 
1.550917e+02 3.667536e+07 3.614149e+06 
1.699268e+02 3.218636e+07 1.972618e+06 
1.684483e+02 3.324626e+07 1.868796e+06 
1.665876e+02 3.517442e+07 1.832641e+06 
1.767922e+02 3.992505e+07 1.661152e+06 
1.718642e+02 4.015867e+07 1.736186e+06 
1.624947e+02 3.298672e+07 2.007860e+06 
1.829936e+02 3.819269e+07 1.661152e+06 
1.643815e+02 3.267107e+07 1.972618e+06 
1.617123e+02 3.537944e+07 2.007860e+06 
1.694738e+02 3.239204e+07 1.972618e+06 
1.778765e+02 3.930356e+07 1.661152e+06 
1.580235e+02 3.371479e+07 2.208646e+06 
1.601774e+02 3.344470e+07 2.208646e+06 
1.561168e+02 3.418058e+07 2.409432e+06 
1.791368e+02 3.911727e+07 1.661152e+06 
1.767415e+02 3.430122e+07 1.832641e+06 
1.768547e+02 4.024200e+07 1.661152e+06 
1.775606e+02 3.456621e+07 1.807074e+06 
1.711638e+02 3.495051e+07 1.807074e+06 
1.545110e+02 3.698662e+07 3.614149e+06 
1.611692e+02 3.367863e+07 2.076440e+06 
1.565438e+02 3.370310e+07 2.409432e+06 
1.624557e+02 3.371698e+07 1.868796e+06 
1.638777e+02 3.273726e+07 1.972618e+06 
1.692077e+02 3.226974e+07 2.076440e+06 
1.680287e+02 3.475308e+07 1.832641e+06 
1.562444e+02 3.386659e+07 2.409432e+06 
1.663521e+02 3.522867e+07 1.832641e+06 
1.582844e+02 3.404077e+07 2.208646e+06 
1.566351e+02 3.367502e+07 2.409432e+06 
1.741945e+02 3.789679e+07 1.764974e+06 
1.706225e+02 3.452656e+07 1.832641e+06 
1.558801e+02 3.443162e+07 2.409432e+06 
1.625570e+02 3.328499e+07 1.972618e+06 
1.777918e+02 3.912599e+07 1.736186e+06 
1.577761e+02 3.368448e+07 2.409432e+06 
1.561201e+02 3.368476e+07 2.409432e+06 
1.721186e+02 3.223142e+07 1.972618e+06 
1.745144e+02 3.915937e+07 1.736186e+06 
1.693021e+02 3.239971e+07 1.972618e+06 
1.610243e+02 3.338589e+07 2.409432e+06 
1.625662e+02 3.317305e+07 2.208646e+06 
1.581506e+02 3.339994e+07 2.409432e+06 
1.662410e+02 3.258952e+07 1.972618e+06 
1.693214e+02 3.246588e+07 1.972618e+06 
1.625232e+02 3.270457e+07 1.972618e+06 
1.865247e+02 3.798038e+07 1.764974e+06 
1.717171e+02 3.450264e+07 1.832641e+06 
1.627861e+02 3.298670e+07 1.972618e+06 
1.842300e+02 3.921899e+07 1.639732e+06 
1.725056e+02 3.340627e+07 1.868796e+06 
1.622473e+02 3.329920e+07 2.208646e+06 
1.837558e+02 3.811441e+07 1.661152e+06 
1.700787e+02 4.014698e+07 1.807074e+06 
1.729369e+02 3.799650e+07 1.764974e+06 
1.665668e+02 3.557408e+07 1.832641e+06 
1.746724e+02 3.437220e+07 1.832641e+06 
1.664965e+02 3.245663e+07 1.972618e+06 
1.645996e+02 3.266838e+07 1.972618e+06 
1.840277e+02 3.813686e+07 1.736186e+06 
1.877238e+02 3.873163e+07 1.639732e+06 
1.765034e+02 4.031818e+07 1.639732e+06 
1.802953e+02 3.961356e+07 1.661152e+06 
1.560406e+02 3.431038e+07 2.409432e+06 
1.709078e+02 4.081823e+07 1.807074e+06 
1.663411e+02 3.352798e+07 1.868796e+06 
1.836052e+02 3.433421e+07 1.832641e+06 
1.614834e+02 3.304798e+07 2.208646e+06 
1.591795e+02 3.354069e+07 2.208646e+06 
1.749306e+02 3.991214e+07 1.736186e+06 
1.691344e+02 3.239833e+07 2.076440e+06 
1.733005e+02 3.815295e+07 1.764974e+06 
1.685435e+02 3.465179e+07 1.832641e+06 
1.584687e+02 3.337006e+07 2.208646e+06 
1.557628e+02 3.406677e+07 2.409432e+06 
1.810622e+02 3.998965e+07 1.639732e+06 
1.639320e+02 3.260062e+07 1.972618e+06 
1.650335e+02 3.257169e+07 1.972618e+06 
1.724951e+02 3.447809e+07 1.832641e+06 
1.706107e+02 3.454651e+07 1.807074e+06 
1.631049e+02 3.396153e+07 1.868796e+06 
1.689225e+02 3.474351e+07 1.832641e+06 
1.631370e+02 3.276923e+07 1.972618e+06 

1.607215e+02 3.779203e+07 3.011791e+06 
1.638085e+02 3.499828e+07 2.208646e+06 
1.667716e+02 3.583755e+07 1.868796e+06 
1.695251e+02 3.529738e+07 1.868796e+06 
1.595946e+02 3.861872e+07 3.212577e+06 
1.645872e+02 3.542017e+07 2.007860e+06 
1.665211e+02 3.419298e+07 1.972618e+06 
1.639212e+02 3.504902e+07 2.208646e+06 
1.668386e+02 3.577176e+07 1.868796e+06 
1.611746e+02 3.657182e+07 2.811005e+06 
1.751936e+02 3.532761e+07 1.832641e+06 
1.616624e+02 3.595964e+07 2.208646e+06 
1.654267e+02 3.444748e+07 1.972618e+06 
1.654109e+02 3.375947e+07 1.972618e+06 
1.726599e+02 3.385804e+07 1.972618e+06 
1.838315e+02 3.749249e+07 1.764974e+06 
1.728189e+02 3.708994e+07 1.807074e+06 
1.650867e+02 3.498064e+07 2.007860e+06 
1.808303e+02 3.808460e+07 1.764974e+06 
1.609159e+02 3.674843e+07 3.011791e+06 
1.599948e+02 3.819900e+07 3.011791e+06 
1.640145e+02 3.501533e+07 2.007860e+06 
1.710872e+02 3.629422e+07 1.832641e+06 
1.819034e+02 3.702851e+07 1.807074e+06 
1.592946e+02 3.945449e+07 3.413363e+06 
1.656027e+02 3.646814e+07 1.868796e+06 
1.607129e+02 3.819542e+07 2.811005e+06 
1.600192e+02 3.818545e+07 3.212577e+06 
1.663216e+02 3.582921e+07 1.868796e+06 
1.757398e+02 3.514788e+07 1.868796e+06 
1.805238e+02 3.775970e+07 1.736186e+06 
1.798909e+02 3.672555e+07 1.807074e+06 
1.778182e+02 3.704239e+07 1.807074e+06 
1.633322e+02 3.549270e+07 2.055676e+06 
1.585743e+02 4.035513e+07 3.814935e+06 
1.607167e+02 3.789510e+07 3.212577e+06 
1.642591e+02 3.476121e+07 2.208646e+06 
1.825873e+02 3.753328e+07 1.764974e+06 
1.792616e+02 3.769502e+07 1.764974e+06 
1.631196e+02 3.533452e+07 2.007860e+06 
1.689913e+02 3.387775e+07 1.972618e+06 
1.641457e+02 3.598433e+07 2.007860e+06 
1.702809e+02 3.593072e+07 1.832641e+06 
1.841497e+02 3.692726e+07 1.807074e+06 
1.619299e+02 3.594978e+07 2.610219e+06 
1.594423e+02 3.866456e+07 3.413363e+06 
1.605862e+02 3.753646e+07 3.011791e+06 
1.594513e+02 3.805926e+07 3.011791e+06 
1.589963e+02 4.031930e+07 3.614149e+06 
1.672729e+02 3.666732e+07 1.832641e+06 
1.734202e+02 3.373397e+07 1.972618e+06 
1.605842e+02 3.861289e+07 2.811005e+06 
1.645932e+02 3.485346e+07 2.007860e+06 
1.653728e+02 3.468292e+07 2.208646e+06 
1.673393e+02 3.635805e+07 1.832641e+06 
1.741606e+02 3.746011e+07 1.807074e+06 
1.753892e+02 3.611980e+07 1.848032e+06 
1.691384e+02 3.507983e+07 1.868796e+06 
1.696966e+02 3.617201e+07 1.832641e+06 
1.821154e+02 3.733709e+07 1.764974e+06 
1.728780e+02 3.572594e+07 1.832641e+06 
1.619997e+02 3.583184e+07 2.208646e+06 
1.658558e+02 3.625697e+07 1.868796e+06 
1.637379e+02 3.534134e+07 2.208646e+06 
1.660002e+02 3.677299e+07 1.832641e+06 
1.646574e+02 3.438894e+07 2.007860e+06 
1.735372e+02 3.528422e+07 1.868796e+06 
1.620185e+02 3.547591e+07 2.208646e+06 
1.631774e+02 3.535478e+07 2.208646e+06 
1.676454e+02 3.620929e+07 1.832641e+06 
1.673063e+02 3.417838e+07 1.972618e+06 
1.669295e+02 3.644086e+07 1.848032e+06 
1.612074e+02 3.673410e+07 2.811005e+06 
1.720187e+02 3.370899e+07 1.972618e+06 
1.665000e+02 3.645918e+07 1.832641e+06 
1.613773e+02 3.539788e+07 2.208646e+06 
1.668359e+02 3.674143e+07 1.832641e+06 
1.658199e+02 3.589446e+07 1.868796e+06 
1.635075e+02 3.525816e+07 2.208646e+06 
1.603437e+02 3.798039e+07 3.212577e+06 
1.789881e+02 3.719390e+07 1.807074e+06 
1.751848e+02 3.516548e+07 1.868796e+06 
1.593067e+02 4.012087e+07 3.814935e+06 
1.661685e+02 3.617127e+07 1.868796e+06 
1.594056e+02 3.984353e+07 3.614149e+06 
1.577793e+02 3.965054e+07 3.814935e+06 
1.697397e+02 3.607108e+07 1.832641e+06 
1.661977e+02 3.589418e+07 1.868796e+06 
1.673649e+02 3.393494e+07 1.972618e+06 
1.609668e+02 3.789975e+07 2.811005e+06 
1.808476e+02 3.782952e+07 1.736186e+06 
1.615960e+02 3.648730e+07 2.811005e+06 
1.607573e+02 3.673757e+07 2.811005e+06 
1.645114e+02 3.495143e+07 2.007860e+06 
1.598073e+02 3.895790e+07 3.011791e+06 
1.637585e+02 3.530879e+07 2.208646e+06 
1.640386e+02 3.470442e+07 2.208646e+06 
1.862962e+02 3.643868e+07 1.807074e+06 
1.615943e+02 3.694393e+07 2.409432e+06 
1.611724e+02 3.669068e+07 3.011791e+06 

1.547876e+02 3.491442e+07 2.610219e+06 
1.650538e+02 3.822049e+07 1.661152e+06 
1.615713e+02 3.794539e+07 1.807074e+06 
1.632413e+02 3.587150e+07 1.807074e+06 
1.679669e+02 3.517965e+07 1.764974e+06 
1.673154e+02 4.090249e+07 1.606288e+06 
1.635207e+02 3.415699e+07 2.007860e+06 
1.630151e+02 3.688160e+07 1.764974e+06 
1.614738e+02 3.606108e+07 1.807074e+06 
1.655214e+02 3.483995e+07 1.868796e+06 
1.662525e+02 3.460220e+07 1.972618e+06 
1.646145e+02 3.458328e+07 1.972618e+06 
1.585315e+02 3.410015e+07 2.208646e+06 
1.647462e+02 3.986513e+07 1.639732e+06 
1.549949e+02 3.536051e+07 2.208646e+06 
1.665940e+02 3.881246e+07 1.661152e+06 
1.630779e+02 3.607693e+07 1.764974e+06 
1.683886e+02 3.647138e+07 1.736186e+06 
1.655151e+02 3.627296e+07 1.764974e+06 
1.664534e+02 3.493805e+07 1.868796e+06 
1.564571e+02 3.462887e+07 2.007860e+06 
1.543353e+02 3.578510e+07 2.811005e+06 
1.666295e+02 3.978298e+07 1.606288e+06 
1.553536e+02 3.468785e+07 2.208646e+06 
1.655055e+02 3.544779e+07 1.807074e+06 
1.557650e+02 3.452553e+07 2.409432e+06 
1.550061e+02 3.458610e+07 2.208646e+06 
1.686017e+02 3.620434e+07 1.736186e+06 
1.754102e+02 3.534402e+07 1.807074e+06 
1.645916e+02 3.997694e+07 1.606288e+06 
1.571458e+02 3.413225e+07 2.208646e+06 
1.663990e+02 3.677238e+07 1.736186e+06 
1.547826e+02 3.542003e+07 2.811005e+06 
1.628681e+02 3.945027e+07 1.736186e+06 
1.650168e+02 3.920039e+07 1.671883e+06 
1.708758e+02 3.482598e+07 1.868796e+06 
1.600330e+02 3.773112e+07 1.868796e+06 
1.774129e+02 3.883861e+07 1.639732e+06 
1.560034e+02 3.459123e+07 2.007860e+06 
1.542789e+02 3.605318e+07 2.811005e+06 
1.736010e+02 3.419233e+07 1.972618e+06 
1.660731e+02 3.663277e+07 1.736186e+06 
1.571934e+02 3.428420e+07 2.007860e+06 
1.642525e+02 3.720791e+07 1.764974e+06 
1.628796e+02 3.593902e+07 1.807074e+06 
1.559782e+02 3.418326e+07 2.208646e+06 
1.614717e+02 3.510970e+07 1.868796e+06 
1.645159e+02 4.032682e+07 1.639732e+06 
1.561329e+02 3.438423e+07 2.208646e+06 
1.547463e+02 3.463794e+07 2.208646e+06 
1.601792e+02 3.860564e+07 1.832641e+06 
1.604625e+02 3.661159e+07 1.868796e+06 
1.593316e+02 3.409924e+07 2.208646e+06 
1.634751e+02 3.920129e+07 1.736186e+06 
1.698953e+02 3.798917e+07 1.661152e+06 
1.647430e+02 3.573500e+07 1.764974e+06 
1.626150e+02 3.587964e+07 1.807074e+06 
1.626472e+02 3.974798e+07 1.736186e+06 
1.698330e+02 3.407348e+07 1.972618e+06 
1.613542e+02 3.737595e+07 1.807074e+06 
1.694996e+02 3.920282e+07 1.639732e+06 
1.630667e+02 3.366599e+07 2.007860e+06 
1.568290e+02 3.423831e+07 2.007860e+06 
1.687532e+02 3.627945e+07 1.736186e+06 
1.570300e+02 3.418757e+07 2.007860e+06 
1.653469e+02 4.074466e+07 1.639732e+06 
1.590113e+02 3.411146e+07 2.007860e+06 
1.606585e+02 3.784363e+07 1.807074e+06 
1.555608e+02 3.457936e+07 2.610219e+06 
1.673678e+02 3.744324e+07 1.661152e+06 
1.695009e+02 3.855867e+07 1.639732e+06 
1.604523e+02 3.821228e+07 1.832641e+06 
1.732098e+02 3.929206e+07 1.606288e+06 
1.558335e+02 3.426716e+07 2.076440e+06 
1.552804e+02 3.481002e+07 2.409432e+06 
1.604693e+02 3.401935e+07 2.007860e+06 
1.607211e+02 3.409251e+07 2.076440e+06 
1.688818e+02 3.551755e+07 1.764974e+06 
1.600186e+02 3.501814e+07 1.868796e+06 
1.627450e+02 3.989888e+07 1.736186e+06 
1.649674e+02 3.566857e+07 1.764974e+06 
1.635730e+02 3.733206e+07 1.736186e+06 
1.642161e+02 3.972513e+07 1.661152e+06 
1.685544e+02 3.640334e+07 1.736186e+06 
1.686525e+02 3.986803e+07 1.606288e+06 
1.654698e+02 4.016963e+07 1.639732e+06 
1.576467e+02 3.415882e+07 2.409432e+06 
1.549165e+02 3.577460e+07 2.208646e+06 
1.612337e+02 3.863578e+07 1.807074e+06 
1.638104e+02 3.942456e+07 1.736186e+06 
1.555473e+02 3.450462e+07 2.208646e+06 
1.540612e+02 3.483719e+07 2.409432e+06 
1.727365e+02 3.829257e+07 1.606288e+06 
1.548287e+02 3.611977e+07 2.409432e+06 
1.574180e+02 3.417239e+07 2.208646e+06 
1.621590e+02 3.853318e+07 1.764974e+06 
1.548880e+02 3.488057e+07 2.409432e+06 
1.698607e+02 3.928368e+07 1.639732e+06 
1.663635e+02 3.933421e+07 1.639732e+06 
1.694160e+02 3.610262e+07 1.736186e+06 

1.614780e+02 3.565000e+07 2.811005e+06 
1.603423e+02 3.629517e+07 2.610219e+06 
1.626542e+02 3.493044e+07 2.208646e+06 
1.594304e+02 3.651310e+07 2.610219e+06 
1.730910e+02 3.357023e+07 2.076440e+06 
1.596266e+02 4.273574e+07 2.409432e+06 
1.630530e+02 3.542661e+07 2.007860e+06 
1.640459e+02 3.500611e+07 1.972618e+06 
1.763181e+02 3.629925e+07 1.764974e+06 
1.620949e+02 3.541717e+07 2.208646e+06 
1.619598e+02 3.554110e+07 2.409432e+06 
1.701643e+02 3.564447e+07 1.868796e+06 
1.759410e+02 3.667460e+07 1.764974e+06 
1.714200e+02 3.390076e+07 2.076440e+06 
1.699765e+02 3.732472e+07 1.832641e+06 
1.756416e+02 3.632989e+07 1.764974e+06 
1.794371e+02 3.593722e+07 1.764974e+06 
1.787306e+02 3.649797e+07 1.764974e+06 
1.723050e+02 3.567743e+07 1.868796e+06 
1.619975e+02 3.559521e+07 2.208646e+06 
1.697858e+02 3.564814e+07 1.868796e+06 
1.610737e+02 3.547743e+07 2.610219e+06 
1.652189e+02 3.598504e+07 1.868796e+06 
1.628470e+02 3.564523e+07 2.007860e+06 
1.788793e+02 3.445824e+07 1.868796e+06 
1.721344e+02 3.361087e+07 2.076440e+06 
1.753183e+02 3.674874e+07 1.764974e+06 
1.951161e+02 3.978179e+07 1.736186e+06 
1.629569e+02 3.538880e+07 2.007860e+06 
1.605117e+02 3.598699e+07 2.610219e+06 
1.762475e+02 3.361799e+07 2.076440e+06 
1.647647e+02 3.457547e+07 1.972618e+06 
1.585735e+02 4.412321e+07 2.811005e+06 
1.624599e+02 3.520999e+07 2.208646e+06 
1.676373e+02 3.570837e+07 1.868796e+06 
1.725089e+02 3.387968e+07 2.159498e+06 
1.591391e+02 4.234298e+07 2.811005e+06 
1.836318e+02 3.603151e+07 1.764974e+06 
1.584160e+02 4.304738e+07 2.811005e+06 
1.634307e+02 3.520369e+07 2.007860e+06 
1.771434e+02 3.484253e+07 1.868796e+06 
1.718159e+02 3.383440e+07 2.076440e+06 
1.613448e+02 3.577598e+07 2.610219e+06 
1.713068e+02 3.400494e+07 1.972618e+06 
1.669549e+02 3.404509e+07 1.972618e+06 
1.597758e+02 3.621090e+07 2.610219e+06 
1.607412e+02 3.573731e+07 2.409432e+06 
1.691974e+02 3.708552e+07 1.832641e+06 
1.596313e+02 3.640856e+07 2.610219e+06 
1.625142e+02 3.510281e+07 2.208646e+06 
1.700078e+02 3.671921e+07 1.832641e+06 
1.674112e+02 3.622496e+07 1.868796e+06 
1.710337e+02 3.530349e+07 1.868796e+06 
1.710090e+02 3.539264e+07 1.868796e+06 
1.623274e+02 3.548904e+07 2.055676e+06 
1.877513e+02 3.942996e+07 1.736186e+06 
1.628745e+02 3.519248e+07 2.208646e+06 
1.746378e+02 3.365565e+07 2.076440e+06 
1.702431e+02 3.548122e+07 1.868796e+06 
1.596993e+02 4.195597e+07 2.409432e+06 
1.736901e+02 3.393635e+07 1.972618e+06 
1.621342e+02 3.549080e+07 2.208646e+06 
1.623948e+02 3.529585e+07 2.208646e+06 
1.691601e+02 3.739327e+07 1.832641e+06 
1.764036e+02 3.626633e+07 1.764974e+06 
1.639025e+02 3.441695e+07 1.972618e+06 
1.638094e+02 3.444761e+07 1.972618e+06 
1.585816e+02 4.319112e+07 3.011791e+06 
1.661780e+02 3.449144e+07 1.972618e+06 
1.641565e+02 3.482830e+07 2.208646e+06 
1.606275e+02 4.204676e+07 2.208646e+06 
1.693926e+02 3.694216e+07 1.832641e+06 
1.612054e+02 3.577899e+07 2.208646e+06 
1.659429e+02 3.423825e+07 1.972618e+06 
1.742974e+02 3.617465e+07 1.832641e+06 
1.715925e+02 3.505906e+07 1.868796e+06 
1.619229e+02 3.550786e+07 2.610219e+06 
1.758375e+02 3.397047e+07 1.972618e+06 
1.599820e+02 3.586141e+07 2.610219e+06 
1.665927e+02 3.423922e+07 1.972618e+06 
1.607327e+02 3.600927e+07 2.409432e+06 
1.723760e+02 3.481334e+07 1.868796e+06 
1.934559e+02 4.024368e+07 1.736186e+06 
1.757640e+02 3.630323e+07 1.764974e+06 
1.614848e+02 3.569504e+07 2.409432e+06 
1.793341e+02 3.624536e+07 1.764974e+06 
1.690619e+02 3.566929e+07 1.868796e+06 
1.748782e+02 3.683572e+07 1.764974e+06 
1.768632e+02 3.588617e+07 1.832641e+06 
1.648789e+02 3.427516e+07 2.076440e+06 
1.618464e+02 3.561739e+07 2.208646e+06 
1.585021e+02 3.626504e+07 2.610219e+06 
1.625762e+02 3.528981e+07 2.208646e+06 
1.730894e+02 3.383843e+07 2.076440e+06 
1.607372e+02 4.273995e+07 2.208646e+06 
1.702778e+02 3.618536e+07 1.832641e+06 
1.688326e+02 3.404606e+07 2.076440e+06 
1.606061e+02 4.332594e+07 2.409432e+06 
1.640123e+02 3.485174e+07 2.076440e+06 
1.757066e+02 3.608341e+07 1.832641e+06 

1.631701e+02 3.567650e+07 2.076440e+06 
1.667189e+02 3.326755e+07 2.208646e+06 
1.607950e+02 3.365469e+07 2.208646e+06 
1.574211e+02 3.386335e+07 2.610219e+06 
1.616237e+02 3.329375e+07 2.409432e+06 
1.672359e+02 3.318457e+07 2.208646e+06 
1.583390e+02 3.426659e+07 2.610219e+06 
1.664393e+02 3.256219e+07 2.208646e+06 
1.591917e+02 3.391183e+07 2.610219e+06 
1.738651e+02 3.299843e+07 2.208646e+06 
1.633872e+02 3.572904e+07 2.007860e+06 
1.631306e+02 3.567941e+07 2.007860e+06 
1.648108e+02 3.442331e+07 2.076440e+06 
1.579191e+02 3.466171e+07 2.811005e+06 
1.627136e+02 3.355976e+07 2.409432e+06 
1.620812e+02 3.357156e+07 2.208646e+06 
1.648968e+02 3.515847e+07 2.007860e+06 
1.603993e+02 3.440937e+07 2.208646e+06 
1.643324e+02 3.518062e+07 2.007860e+06 
1.616977e+02 3.358007e+07 2.208646e+06 
1.644781e+02 3.535480e+07 2.007860e+06 
1.638932e+02 3.545264e+07 2.007860e+06 
1.674725e+02 3.500403e+07 2.007860e+06 
1.708369e+02 3.301284e+07 2.208646e+06 
1.575383e+02 3.453256e+07 2.610219e+06 
1.646156e+02 3.527464e+07 2.007860e+06 
1.644207e+02 3.542313e+07 2.007860e+06 
1.641196e+02 3.349345e+07 2.409432e+06 
1.678458e+02 3.506630e+07 2.007860e+06 
1.591948e+02 3.408133e+07 2.610219e+06 
1.695827e+02 3.308014e+07 2.208646e+06 
1.603658e+02 3.355342e+07 2.208646e+06 
1.603802e+02 3.374453e+07 2.409432e+06 
1.664560e+02 3.330395e+07 2.208646e+06 
1.642946e+02 3.344678e+07 2.208646e+06 
1.703178e+02 3.505422e+07 2.007860e+06 
1.596831e+02 3.396153e+07 2.409432e+06 
1.683876e+02 3.289666e+07 2.208646e+06 
1.562237e+02 3.575130e+07 3.212577e+06 
1.641783e+02 3.345761e+07 2.409432e+06 
1.638638e+02 3.564678e+07 2.007860e+06 
1.632269e+02 3.566308e+07 2.007860e+06 
1.663288e+02 3.326282e+07 2.208646e+06 
1.649724e+02 3.449502e+07 2.076440e+06 
1.719794e+02 3.440464e+07 2.076440e+06 
1.631293e+02 3.600341e+07 2.007860e+06 
1.639238e+02 3.539680e+07 2.007860e+06 
1.587389e+02 3.424915e+07 2.811005e+06 
1.567017e+02 3.529485e+07 3.011791e+06 
1.637817e+02 3.349985e+07 2.409432e+06 
1.608048e+02 3.374919e+07 2.208646e+06 
1.653921e+02 3.334796e+07 2.409432e+06 
1.659209e+02 3.515703e+07 2.007860e+06 
1.670559e+02 3.515951e+07 2.007860e+06 
1.564482e+02 3.524977e+07 3.011791e+06 
1.603278e+02 3.390447e+07 2.409432e+06 
1.647200e+02 3.319670e+07 2.208646e+06 
1.635081e+02 3.353374e+07 2.409432e+06 
1.573153e+02 3.518925e+07 3.011791e+06 
1.704933e+02 3.448778e+07 2.076440e+06 
1.583848e+02 3.421415e+07 2.409432e+06 
1.647960e+02 3.522450e+07 2.007860e+06 
1.598354e+02 3.394088e+07 2.409432e+06 
1.660159e+02 3.518347e+07 2.007860e+06 
1.709168e+02 3.514223e+07 2.007860e+06 
1.586819e+02 3.480052e+07 2.610219e+06 
1.639166e+02 3.546092e+07 2.007860e+06 
1.684321e+02 3.449769e+07 2.076440e+06 
1.601581e+02 3.446483e+07 2.208646e+06 
1.677750e+02 3.297701e+07 2.208646e+06 
1.573818e+02 3.569070e+07 3.011791e+06 
1.621486e+02 3.361718e+07 2.208646e+06 
1.566852e+02 3.602932e+07 3.413363e+06 
1.642534e+02 3.339863e+07 2.208646e+06 
1.573758e+02 3.522260e+07 3.212577e+06 
1.596816e+02 3.392024e+07 2.409432e+06 
1.570080e+02 3.610494e+07 3.212577e+06 
1.565096e+02 3.556816e+07 3.011791e+06 
1.589726e+02 3.385857e+07 2.208646e+06 
1.641074e+02 3.330595e+07 2.208646e+06 
1.631715e+02 3.569960e+07 2.007860e+06 
1.600866e+02 3.448830e+07 2.208646e+06 
1.709951e+02 3.402075e+07 2.076440e+06 
1.665050e+02 3.432819e+07 2.076440e+06 
1.606156e+02 3.377168e+07 2.208646e+06 
1.655177e+02 3.342049e+07 2.208646e+06 
1.570498e+02 3.597215e+07 3.413363e+06 
1.577279e+02 3.469718e+07 2.811005e+06 
1.697785e+02 3.279246e+07 2.208646e+06 
1.645640e+02 3.337873e+07 2.409432e+06 
1.575729e+02 3.533867e+07 3.011791e+06 
1.580646e+02 3.440464e+07 2.610219e+06 
1.681674e+02 3.311551e+07 2.208646e+06 
1.584073e+02 3.372977e+07 2.409432e+06 
1.614516e+02 3.369456e+07 2.208646e+06 
1.585575e+02 3.420415e+07 2.409432e+06 
1.641804e+02 3.523574e+07 2.007860e+06 
1.627407e+02 3.355031e+07 2.409432e+06 
1.646109e+02 3.328649e+07 2.409432e+06 
1.602377e+02 3.437242e+07 2.208646e+06 

1.702233e+02 3.604882e+07 1.807074e+06 
1.626539e+02 3.390603e+07 2.007860e+06 
1.624613e+02 3.538908e+07 2.007860e+06 
1.669385e+02 3.335605e+07 2.076440e+06 
1.673735e+02 3.456289e+07 1.832641e+06 
1.670369e+02 3.334482e+07 2.007860e+06 
1.691332e+02 3.315819e+07 1.972618e+06 
1.702437e+02 3.301257e+07 2.208646e+06 
1.577125e+02 3.614214e+07 3.011791e+06 
1.652638e+02 3.325660e+07 1.972618e+06 
1.590006e+02 3.381374e+07 2.610219e+06 
1.801761e+02 3.284682e+07 2.076440e+06 
1.588152e+02 3.404292e+07 2.409432e+06 
1.781397e+02 3.306200e+07 2.007860e+06 
1.675770e+02 3.323933e+07 1.972618e+06 
1.686166e+02 3.376457e+07 1.868796e+06 
1.582229e+02 3.691719e+07 2.610219e+06 
1.689481e+02 3.313855e+07 2.208646e+06 
1.579791e+02 3.509204e+07 3.011791e+06 
1.686755e+02 3.321720e+07 2.007860e+06 
1.799012e+02 3.256949e+07 2.007860e+06 
1.656371e+02 3.336366e+07 1.972618e+06 
1.645593e+02 3.443911e+07 1.868796e+06 
1.672358e+02 3.495120e+07 1.832641e+06 
1.684455e+02 3.624931e+07 1.807074e+06 
1.588030e+02 3.485635e+07 2.811005e+06 
1.744944e+02 3.493446e+07 1.832641e+06 
1.587246e+02 3.499981e+07 2.811005e+06 
1.771464e+02 3.559053e+07 1.807074e+06 
1.652220e+02 3.394565e+07 1.868796e+06 
1.587207e+02 3.473379e+07 2.610219e+06 
1.648580e+02 3.412322e+07 1.868796e+06 
1.622869e+02 3.393377e+07 1.972618e+06 
1.854101e+02 3.293905e+07 2.076440e+06 
1.573426e+02 3.785136e+07 3.011791e+06 
1.583166e+02 3.473461e+07 2.811005e+06 
1.585374e+02 3.523811e+07 2.811005e+06 
1.683921e+02 3.495082e+07 1.832641e+06 
1.671088e+02 3.415671e+07 1.868796e+06 
1.639910e+02 3.379241e+07 1.972618e+06 
1.688750e+02 3.668108e+07 1.807074e+06 
1.865449e+02 3.272092e+07 2.007860e+06 
1.570465e+02 3.582146e+07 3.011791e+06 
1.677440e+02 3.446759e+07 1.832641e+06 
1.645447e+02 3.434974e+07 1.868796e+06 
1.665245e+02 3.507642e+07 1.832641e+06 
1.625036e+02 3.360332e+07 1.972618e+06 
1.588967e+02 3.484563e+07 2.610219e+06 
1.745989e+02 3.537369e+07 1.807074e+06 
1.578940e+02 3.587707e+07 3.212577e+06 
1.854481e+02 3.270434e+07 2.409432e+06 
1.635818e+02 3.389406e+07 2.007860e+06 
1.767850e+02 3.314272e+07 2.007860e+06 
1.590542e+02 3.344729e+07 2.208646e+06 
1.646654e+02 3.342712e+07 1.972618e+06 
1.660337e+02 3.463756e+07 1.832641e+06 
1.724105e+02 3.516461e+07 1.807074e+06 
1.702023e+02 3.371698e+07 1.868796e+06 
1.676302e+02 3.286167e+07 1.972618e+06 
1.683020e+02 3.377647e+07 1.868796e+06 
1.577898e+02 3.504267e+07 3.011791e+06 
1.583168e+02 3.578288e+07 2.610219e+06 
1.648143e+02 3.494349e+07 1.832641e+06 
1.672714e+02 3.303871e+07 1.972618e+06 
1.684360e+02 3.332853e+07 1.868796e+06 
1.642464e+02 3.368379e+07 1.972618e+06 
1.833436e+02 3.288399e+07 2.007860e+06 
1.856533e+02 3.279803e+07 2.007860e+06 
1.581817e+02 3.703070e+07 2.811005e+06 
1.637603e+02 3.387319e+07 2.007860e+06 
1.698992e+02 3.607577e+07 1.807074e+06 
1.649809e+02 3.424499e+07 1.868796e+06 
1.687408e+02 3.392196e+07 1.868796e+06 
1.733372e+02 3.552453e+07 1.807074e+06 
1.666994e+02 3.322429e+07 1.972618e+06 
1.578492e+02 3.557245e+07 2.610219e+06 
1.675317e+02 3.409171e+07 1.868796e+06 
1.704848e+02 3.483668e+07 1.832641e+06 
1.621213e+02 3.347451e+07 2.409432e+06 
1.634608e+02 3.462397e+07 1.868796e+06 
1.585817e+02 3.465072e+07 2.811005e+06 
1.779039e+02 3.284964e+07 2.007860e+06 
1.622768e+02 3.380090e+07 2.007860e+06 
1.587565e+02 3.565648e+07 2.610219e+06 
1.727642e+02 3.299235e+07 2.076440e+06 
1.644004e+02 3.487566e+07 1.868796e+06 
1.625803e+02 3.538797e+07 2.007860e+06 
1.654026e+02 3.362723e+07 2.007860e+06 
1.590096e+02 3.433975e+07 2.811005e+06 
1.711280e+02 3.352974e+07 1.868796e+06 
1.589613e+02 3.547338e+07 2.409432e+06 
1.649999e+02 3.527108e+07 1.832641e+06 
1.721529e+02 3.590737e+07 1.807074e+06 
1.583336e+02 3.527136e+07 2.811005e+06 
1.704540e+02 3.612852e+07 1.807074e+06 
1.782664e+02 3.292634e+07 2.007860e+06 
1.643237e+02 3.364581e+07 2.007860e+06 
1.644493e+02 3.553380e+07 1.832641e+06 
1.823930e+02 3.296067e+07 2.007860e+06 
1.590578e+02 3.365379e+07 2.208646e+06 

