2.453615e+02 6.122560e+07 6.197218e+06 
2.905497e+02 6.059519e+07 5.087989e+06 
2.576016e+02 5.883439e+07 6.245447e+06 
2.550408e+02 5.937824e+07 6.124879e+06 
2.753329e+02 6.692429e+07 5.473808e+06 
2.770806e+02 5.919410e+07 5.907854e+06 
2.984265e+02 6.623306e+07 4.316351e+06 
2.551485e+02 6.124699e+07 5.980196e+06 
3.038209e+02 6.496061e+07 4.509260e+06 
2.890237e+02 6.521003e+07 4.895080e+06 
2.480340e+02 6.104804e+07 6.076650e+06 
2.890600e+02 6.198986e+07 5.087989e+06 
2.593391e+02 7.023248e+07 5.787286e+06 
2.551623e+02 5.967142e+07 6.052537e+06 
2.811437e+02 6.088699e+07 5.473808e+06 
2.400218e+02 6.043353e+07 6.366015e+06 
3.042847e+02 6.138611e+07 5.015648e+06 
2.539812e+02 6.284339e+07 6.004309e+06 
2.604182e+02 5.963386e+07 6.028424e+06 
3.002831e+02 6.199422e+07 4.702170e+06 
2.442403e+02 5.990468e+07 6.438356e+06 
3.106805e+02 6.191515e+07 4.702170e+06 
2.778411e+02 6.073653e+07 5.787286e+06 
2.917397e+02 6.024241e+07 5.473808e+06 
2.955052e+02 6.282788e+07 4.895080e+06 
2.472941e+02 5.941135e+07 6.438356e+06 
2.711414e+02 5.949983e+07 5.980196e+06 
2.567707e+02 6.123164e+07 5.931969e+06 
2.987058e+02 6.301852e+07 4.702170e+06 
2.654530e+02 6.254473e+07 5.594376e+06 
2.814700e+02 6.623855e+07 5.280899e+06 
2.910623e+02 6.645969e+07 4.702170e+06 
2.562379e+02 6.077842e+07 5.956082e+06 
2.779475e+02 6.576603e+07 5.473808e+06 
2.928118e+02 6.475948e+07 4.702170e+06 
2.594465e+02 5.866059e+07 6.245447e+06 
2.487107e+02 6.000330e+07 6.173105e+06 
2.609149e+02 6.915090e+07 5.787286e+06 
2.798532e+02 6.829228e+07 5.280899e+06 
2.847251e+02 5.890911e+07 6.100764e+06 
2.886043e+02 6.110320e+07 5.280899e+06 
2.593336e+02 6.105235e+07 5.859628e+06 
2.490236e+02 5.945192e+07 6.317788e+06 
2.759641e+02 6.723619e+07 5.287327e+06 
3.009744e+02 6.040620e+07 5.280899e+06 
2.672913e+02 5.967061e+07 5.859628e+06 
2.846704e+02 6.342303e+07 5.087989e+06 
2.891374e+02 6.426536e+07 4.895080e+06 
2.567440e+02 5.900039e+07 6.366015e+06 
2.477482e+02 6.133449e+07 6.173105e+06 

2.835447e+02 6.339722e+07 4.991534e+06 
3.088010e+02 6.156557e+07 4.919193e+06 
2.930271e+02 6.371096e+07 4.422854e+06 
2.782767e+02 6.352728e+07 5.184444e+06 
2.550036e+02 6.566616e+07 5.883741e+06 
3.000452e+02 6.236845e+07 4.412806e+06 
2.771471e+02 6.504435e+07 4.806660e+06 
2.959891e+02 6.259150e+07 4.726283e+06 
2.900880e+02 6.499427e+07 4.726283e+06 
2.695416e+02 6.313075e+07 5.305012e+06 
3.094597e+02 6.197005e+07 4.726283e+06 
2.586685e+02 6.390547e+07 5.377354e+06 
2.955265e+02 6.245068e+07 4.919193e+06 
2.824166e+02 6.420393e+07 4.919193e+06 
2.751978e+02 6.432482e+07 4.991534e+06 
2.577677e+02 6.509223e+07 5.883741e+06 
3.244928e+02 6.115034e+07 4.991534e+06 
2.954169e+02 6.427214e+07 4.340464e+06 
2.919449e+02 6.278914e+07 4.726283e+06 
3.214268e+02 6.136217e+07 4.991534e+06 
2.614301e+02 6.391038e+07 5.184444e+06 
3.325030e+02 6.102131e+07 4.605715e+06 
2.686852e+02 6.289048e+07 5.497922e+06 
2.820236e+02 6.268935e+07 5.184444e+06 
2.945504e+02 6.311634e+07 4.533374e+06 
2.869950e+02 6.366278e+07 4.798625e+06 
2.662857e+02 6.483716e+07 4.991534e+06 
2.949297e+02 6.582729e+07 4.340464e+06 
2.864685e+02 6.571637e+07 4.412806e+06 
2.980701e+02 6.187840e+07 4.919193e+06 
2.832215e+02 6.255383e+07 5.690831e+06 
2.789771e+02 6.262763e+07 5.497922e+06 
2.791701e+02 6.594207e+07 4.639472e+06 
2.856469e+02 6.237398e+07 5.497922e+06 
3.051623e+02 6.213084e+07 4.798625e+06 
2.531717e+02 6.559659e+07 6.197218e+06 
2.886750e+02 6.546542e+07 4.412806e+06 
2.649146e+02 6.299382e+07 5.883741e+06 
3.253669e+02 6.224547e+07 4.412806e+06 
2.721951e+02 6.563837e+07 4.919193e+06 
2.520067e+02 6.741076e+07 6.004309e+06 
2.949361e+02 6.264828e+07 4.726283e+06 
2.614496e+02 6.300198e+07 5.377354e+06 
2.601025e+02 6.339541e+07 5.690831e+06 
3.197842e+02 6.180919e+07 4.605715e+06 
2.556856e+02 6.632725e+07 5.570263e+06 
2.738017e+02 6.701465e+07 4.726283e+06 
3.247567e+02 6.139152e+07 4.533374e+06 
2.773003e+02 6.650015e+07 4.678057e+06 
3.104694e+02 6.600948e+07 4.219896e+06 

2.648587e+02 6.375933e+07 5.280899e+06 
2.821029e+02 5.941970e+07 5.980196e+06 
2.638632e+02 6.094599e+07 5.980196e+06 
2.501182e+02 7.035803e+07 6.462470e+06 
2.679540e+02 6.089096e+07 5.763173e+06 
2.537713e+02 6.208797e+07 6.197218e+06 
2.709774e+02 6.014843e+07 5.980196e+06 
2.621261e+02 6.111685e+07 6.173105e+06 
2.534188e+02 7.104007e+07 5.570263e+06 
2.969246e+02 6.678740e+07 4.702170e+06 
2.679228e+02 6.261941e+07 5.473808e+06 
2.759006e+02 6.021272e+07 5.473808e+06 
2.700172e+02 6.137036e+07 5.594376e+06 
2.539588e+02 6.185502e+07 5.980196e+06 
2.502804e+02 7.017534e+07 6.438356e+06 
2.558594e+02 6.391778e+07 5.473808e+06 
2.569502e+02 6.217152e+07 5.787286e+06 
2.660927e+02 6.176255e+07 5.594376e+06 
2.880396e+02 5.998987e+07 5.377354e+06 
2.710845e+02 6.027782e+07 5.787286e+06 
2.598664e+02 6.260428e+07 5.594376e+06 
2.653625e+02 6.199757e+07 5.594376e+06 
2.793717e+02 6.685999e+07 4.798625e+06 
2.851251e+02 6.764116e+07 4.605715e+06 
2.647892e+02 6.071537e+07 5.980196e+06 
2.512389e+02 6.265375e+07 6.390128e+06 
2.807520e+02 6.194671e+07 5.087989e+06 
2.513155e+02 7.164877e+07 5.763173e+06 
2.742288e+02 6.521835e+07 5.087989e+06 
2.606964e+02 6.142361e+07 5.956082e+06 
2.613610e+02 6.155083e+07 5.787286e+06 
2.601740e+02 6.149244e+07 5.980196e+06 
2.805033e+02 6.404465e+07 4.895080e+06 
2.761592e+02 6.283241e+07 5.208557e+06 
2.779386e+02 6.443655e+07 5.087989e+06 
2.767077e+02 6.081202e+07 5.401467e+06 
2.916096e+02 6.432337e+07 4.798625e+06 
2.893907e+02 6.644034e+07 4.726283e+06 
2.749464e+02 6.208349e+07 5.280899e+06 
2.734049e+02 5.982302e+07 5.980196e+06 
2.641757e+02 6.391553e+07 5.401467e+06 
2.536706e+02 6.251528e+07 6.269560e+06 
2.690348e+02 6.150692e+07 5.401467e+06 
2.648317e+02 6.116594e+07 5.787286e+06 
2.500077e+02 7.127458e+07 6.341902e+06 
2.757737e+02 5.980997e+07 5.980196e+06 
2.907243e+02 6.680261e+07 4.605715e+06 
2.498077e+02 7.249241e+07 5.956082e+06 
2.898632e+02 6.381637e+07 4.895080e+06 
2.688837e+02 6.043398e+07 5.787286e+06 

2.814547e+02 6.282086e+07 5.184444e+06 
2.533338e+02 6.138149e+07 5.787286e+06 
2.996502e+02 6.885608e+07 4.509260e+06 
2.940624e+02 6.819998e+07 4.798625e+06 
2.502218e+02 6.467028e+07 5.907854e+06 
2.910179e+02 6.113106e+07 5.256786e+06 
2.724112e+02 6.562182e+07 5.256786e+06 
2.630619e+02 6.123135e+07 6.100764e+06 
2.822744e+02 6.369698e+07 5.063876e+06 
2.939689e+02 6.904163e+07 4.702170e+06 
2.629215e+02 6.134692e+07 5.811399e+06 
2.508279e+02 6.298830e+07 5.907854e+06 
2.906751e+02 6.804514e+07 4.895080e+06 
3.087542e+02 6.632777e+07 4.533374e+06 
2.643354e+02 6.215090e+07 5.618490e+06 
2.987605e+02 6.950390e+07 4.509260e+06 
2.772826e+02 6.607409e+07 5.208557e+06 
2.667644e+02 6.058326e+07 5.811399e+06 
2.824403e+02 6.164905e+07 5.401467e+06 
2.930106e+02 7.077884e+07 4.702170e+06 
2.701515e+02 6.117193e+07 5.618490e+06 
2.929284e+02 6.195116e+07 5.063876e+06 
2.996235e+02 6.698910e+07 4.702170e+06 
2.967473e+02 6.647165e+07 4.895080e+06 
2.680022e+02 6.355480e+07 5.377354e+06 
2.857923e+02 6.108702e+07 5.497922e+06 
2.703979e+02 6.334797e+07 5.305012e+06 
2.498715e+02 6.297293e+07 6.100764e+06 
2.494463e+02 6.373130e+07 6.221332e+06 
2.745449e+02 6.165896e+07 5.497922e+06 
2.836928e+02 6.214966e+07 5.184444e+06 
2.987788e+02 6.517306e+07 4.991534e+06 
2.865818e+02 6.272119e+07 5.063876e+06 
2.791371e+02 6.113271e+07 5.497922e+06 
3.041616e+02 6.547978e+07 4.798625e+06 
2.770575e+02 6.195099e+07 5.425580e+06 
2.828485e+02 5.989373e+07 5.618490e+06 
2.524036e+02 6.190136e+07 6.100764e+06 
2.522408e+02 6.381059e+07 5.714944e+06 
2.755001e+02 6.054082e+07 5.811399e+06 
2.706225e+02 6.245055e+07 5.473808e+06 
3.026751e+02 6.784518e+07 4.605715e+06 
2.635714e+02 6.382387e+07 5.401467e+06 
2.699359e+02 6.453522e+07 5.280899e+06 
2.561617e+02 6.284633e+07 5.714944e+06 
2.967801e+02 6.192959e+07 5.184444e+06 
2.842353e+02 6.866833e+07 4.991534e+06 
2.573074e+02 6.422136e+07 5.594376e+06 
2.627165e+02 6.565535e+07 5.497922e+06 
2.758993e+02 6.067840e+07 5.618490e+06 

2.708639e+02 5.986972e+07 5.063876e+06 
2.455064e+02 6.451423e+07 5.690831e+06 
2.684133e+02 5.796187e+07 5.642605e+06 
2.424149e+02 6.529681e+07 6.390128e+06 
2.685148e+02 5.891737e+07 5.377354e+06 
2.843959e+02 5.725588e+07 5.642605e+06 
2.452121e+02 6.269937e+07 5.763173e+06 
2.464061e+02 6.158257e+07 6.655379e+06 
2.427564e+02 6.507857e+07 6.390128e+06 
2.557153e+02 6.324696e+07 5.377354e+06 
2.702381e+02 6.178115e+07 5.184444e+06 
3.106599e+02 6.107352e+07 4.991534e+06 
2.429756e+02 6.400799e+07 6.076650e+06 
2.704334e+02 5.791663e+07 5.835514e+06 
2.830411e+02 5.861366e+07 5.353240e+06 
2.442911e+02 6.342272e+07 5.883741e+06 
2.658543e+02 6.703976e+07 5.280899e+06 
2.489699e+02 6.284412e+07 5.570263e+06 
2.888090e+02 5.943195e+07 5.160331e+06 
2.467476e+02 6.037991e+07 6.028424e+06 
2.485515e+02 6.344595e+07 5.666718e+06 
2.785583e+02 5.773002e+07 5.835514e+06 
2.592839e+02 5.893775e+07 5.931969e+06 
2.790290e+02 5.751644e+07 5.642605e+06 
3.377106e+02 8.415244e+07 4.973848e+06 
2.535759e+02 5.921553e+07 5.835514e+06 
2.673261e+02 5.792873e+07 5.835514e+06 
2.708940e+02 5.779299e+07 5.835514e+06 
2.606677e+02 5.913627e+07 5.642605e+06 
2.556093e+02 6.453454e+07 5.377354e+06 
2.485492e+02 5.985528e+07 6.148992e+06 
2.678212e+02 6.577431e+07 5.208557e+06 
3.420508e+02 8.403292e+07 4.973848e+06 
2.748540e+02 5.788880e+07 5.763173e+06 
2.657427e+02 5.827988e+07 5.835514e+06 
2.954063e+02 5.768007e+07 5.256786e+06 
2.450111e+02 6.220508e+07 6.197218e+06 
2.888332e+02 5.848657e+07 5.256786e+06 
2.607322e+02 5.884099e+07 5.763173e+06 
2.488925e+02 5.955481e+07 6.148992e+06 
2.675489e+02 5.806300e+07 5.642605e+06 
2.635086e+02 6.155923e+07 5.570263e+06 
2.671929e+02 5.809433e+07 5.835514e+06 
2.458968e+02 6.213192e+07 6.317786e+06 
2.610194e+02 5.859889e+07 5.763173e+06 
2.825403e+02 5.806443e+07 5.449695e+06 
2.512737e+02 5.945372e+07 6.028424e+06 
2.610469e+02 5.832125e+07 5.763173e+06 
2.576388e+02 5.919687e+07 5.835514e+06 
2.925155e+02 5.777878e+07 5.256786e+06 

2.594418e+02 6.363522e+07 5.015648e+06 
2.656848e+02 6.444755e+07 4.726283e+06 
2.701594e+02 6.287633e+07 4.629828e+06 
2.762607e+02 6.216271e+07 4.533374e+06 
2.478674e+02 6.156065e+07 6.486583e+06 
2.824904e+02 5.986547e+07 4.822738e+06 
2.725862e+02 6.249351e+07 4.750396e+06 
2.656325e+02 5.917536e+07 5.787286e+06 
2.758871e+02 6.094160e+07 4.822738e+06 
2.666083e+02 5.973177e+07 5.208557e+06 
2.684668e+02 6.505035e+07 4.653942e+06 
2.496960e+02 6.364817e+07 6.100764e+06 
2.535046e+02 6.010125e+07 5.787286e+06 
2.468091e+02 6.222633e+07 6.486583e+06 
2.683770e+02 6.336884e+07 4.726283e+06 
2.517259e+02 6.489124e+07 5.907854e+06 
2.673834e+02 6.329585e+07 4.750396e+06 
2.697133e+02 6.299631e+07 4.461032e+06 
2.651579e+02 6.011140e+07 5.208557e+06 
2.671662e+02 5.918830e+07 5.208557e+06 
2.690987e+02 6.401650e+07 4.533374e+06 
2.721043e+02 5.909736e+07 5.208557e+06 
2.661630e+02 6.266656e+07 4.846851e+06 
2.634722e+02 6.000541e+07 5.401467e+06 
2.682787e+02 5.872574e+07 5.859628e+06 
2.526174e+02 6.359822e+07 5.787286e+06 
2.525761e+02 6.115852e+07 6.486583e+06 
2.649490e+02 6.054057e+07 5.015648e+06 
2.601630e+02 5.972165e+07 5.594376e+06 
2.720403e+02 5.942995e+07 5.015648e+06 
2.596662e+02 5.922787e+07 5.787286e+06 
2.651973e+02 5.881938e+07 5.980196e+06 
2.536175e+02 6.174032e+07 5.594376e+06 
2.574144e+02 6.071484e+07 5.401467e+06 
2.513919e+02 6.263414e+07 6.100764e+06 
2.688947e+02 6.136552e+07 4.919193e+06 
2.886816e+02 5.932914e+07 5.112102e+06 
2.647835e+02 6.237898e+07 5.015648e+06 
2.509104e+02 6.318242e+07 5.980196e+06 
2.825634e+02 5.862457e+07 5.208557e+06 
2.712792e+02 5.888521e+07 5.594376e+06 
2.524249e+02 6.154379e+07 6.486583e+06 
2.591057e+02 6.123023e+07 5.208557e+06 
2.627265e+02 5.947597e+07 5.594376e+06 
2.595349e+02 5.950114e+07 5.980196e+06 
2.493251e+02 6.401950e+07 6.293673e+06 
2.677179e+02 5.962867e+07 5.112102e+06 
2.597942e+02 6.091144e+07 5.208557e+06 
2.557513e+02 5.962501e+07 5.787286e+06 
2.705223e+02 6.106266e+07 4.822738e+06 

2.862419e+02 6.699110e+07 4.194442e+06 
2.746083e+02 6.146916e+07 5.883741e+06 
2.600137e+02 6.399952e+07 4.726283e+06 
2.415313e+02 6.816029e+07 5.811399e+06 
2.455319e+02 6.729670e+07 5.618490e+06 
2.502007e+02 6.249725e+07 5.497922e+06 
2.597625e+02 6.396286e+07 4.919193e+06 
2.565680e+02 6.564192e+07 4.919193e+06 
2.820561e+02 6.465297e+07 4.653942e+06 
2.617098e+02 6.165803e+07 5.883741e+06 
2.532541e+02 6.369622e+07 5.305012e+06 
2.712841e+02 6.160632e+07 5.690831e+06 
2.660389e+02 6.847996e+07 4.147554e+06 
2.575056e+02 6.487506e+07 5.039761e+06 
2.483301e+02 6.523437e+07 5.811399e+06 
2.576674e+02 6.273200e+07 5.305012e+06 
2.633066e+02 6.727868e+07 4.653942e+06 
2.684618e+02 6.648113e+07 4.461032e+06 
2.812830e+02 6.931430e+07 4.051100e+06 
2.634449e+02 6.176680e+07 5.497922e+06 
2.709689e+02 6.777651e+07 4.179705e+06 
2.808448e+02 6.536613e+07 4.533374e+06 
2.475490e+02 6.559782e+07 5.883741e+06 
2.537948e+02 6.497053e+07 5.112102e+06 
2.489025e+02 6.942192e+07 5.425580e+06 
2.688907e+02 6.568332e+07 4.653942e+06 
2.839750e+02 6.792317e+07 3.954645e+06 
2.685916e+02 7.047636e+07 3.954647e+06 
2.466477e+02 6.480681e+07 6.004309e+06 
2.606582e+02 6.384420e+07 5.112102e+06 
2.496879e+02 6.737523e+07 5.425580e+06 
2.492058e+02 6.490121e+07 5.714944e+06 
2.696617e+02 6.173116e+07 5.570263e+06 
2.638774e+02 6.893459e+07 4.533374e+06 
2.579336e+02 6.190482e+07 5.305012e+06 
2.844496e+02 6.608301e+07 4.340464e+06 
2.649598e+02 6.864859e+07 4.147554e+06 
2.642776e+02 6.954993e+07 4.340464e+06 
2.526487e+02 6.238455e+07 5.883741e+06 
2.529170e+02 6.501397e+07 5.232670e+06 
2.596358e+02 6.173290e+07 5.690831e+06 
2.593801e+02 6.701747e+07 4.681270e+06 
2.636662e+02 6.159290e+07 5.883741e+06 
2.496112e+02 6.462397e+07 5.690831e+06 
2.523888e+02 6.618465e+07 5.305012e+06 
2.753189e+02 6.686009e+07 4.244009e+06 
2.481162e+02 6.638907e+07 5.714944e+06 
2.666650e+02 6.620851e+07 4.533374e+06 
2.854425e+02 6.707014e+07 4.179705e+06 
2.581855e+02 6.587140e+07 4.726283e+06 

2.786823e+02 6.115159e+07 5.811399e+06 
2.687638e+02 6.173575e+07 5.618490e+06 
2.759360e+02 6.371070e+07 5.039761e+06 
3.277765e+02 7.254513e+07 4.075213e+06 
2.619844e+02 6.675705e+07 5.039761e+06 
2.872818e+02 6.530347e+07 4.846851e+06 
2.517069e+02 6.406329e+07 5.811399e+06 
3.066377e+02 7.197351e+07 4.533374e+06 
2.867285e+02 6.391473e+07 4.919193e+06 
2.605313e+02 6.219316e+07 5.425580e+06 
3.258019e+02 7.022941e+07 4.268122e+06 
3.276379e+02 6.952399e+07 4.340464e+06 
2.610370e+02 6.160168e+07 5.811399e+06 
2.587950e+02 6.325149e+07 5.425580e+06 
2.651007e+02 6.258581e+07 5.232670e+06 
2.627679e+02 6.212956e+07 5.618490e+06 
2.603222e+02 6.216134e+07 6.004309e+06 
2.766326e+02 6.528680e+07 4.869356e+06 
2.794034e+02 6.698893e+07 4.785762e+06 
2.754524e+02 6.180332e+07 5.425580e+06 
2.831897e+02 6.186087e+07 5.232670e+06 
3.204866e+02 7.220301e+07 4.340464e+06 
2.826048e+02 6.591023e+07 4.726283e+06 
2.742212e+02 6.143144e+07 5.811399e+06 
2.704938e+02 6.166479e+07 5.618490e+06 
2.502839e+02 6.708394e+07 5.811399e+06 
2.558573e+02 6.532524e+07 5.425580e+06 
2.610194e+02 6.300848e+07 5.232670e+06 
2.685784e+02 6.914511e+07 4.943306e+06 
2.748249e+02 6.522855e+07 4.919193e+06 
2.693605e+02 6.188218e+07 5.425580e+06 
3.243171e+02 6.868797e+07 4.461032e+06 
3.076668e+02 7.340597e+07 4.461032e+06 
2.551168e+02 6.368413e+07 5.618490e+06 
2.722581e+02 6.441574e+07 5.039761e+06 
2.691688e+02 6.214152e+07 5.232670e+06 
2.543127e+02 6.519874e+07 5.618490e+06 
3.333911e+02 7.243129e+07 4.096111e+06 
3.248220e+02 6.808544e+07 4.653942e+06 
3.025469e+02 7.233457e+07 4.653942e+06 
2.839551e+02 6.152503e+07 5.618490e+06 
2.588920e+02 6.986634e+07 5.036545e+06 
2.788186e+02 6.787244e+07 4.846851e+06 
2.512124e+02 6.582872e+07 5.425580e+06 
3.328380e+02 6.927908e+07 4.430488e+06 
3.245726e+02 7.305543e+07 4.096111e+06 
3.233204e+02 7.257603e+07 4.268122e+06 
2.586607e+02 6.556971e+07 5.232670e+06 
2.691994e+02 6.712231e+07 4.952950e+06 
3.230304e+02 6.820162e+07 4.533374e+06 

2.526787e+02 6.180716e+07 6.293673e+06 
2.933068e+02 5.976128e+07 5.305012e+06 
2.603839e+02 6.423205e+07 5.329125e+06 
2.996399e+02 6.148121e+07 4.653942e+06 
2.657642e+02 6.015913e+07 5.594376e+06 
2.714231e+02 5.861572e+07 5.690831e+06 
2.877356e+02 6.285228e+07 4.557487e+06 
2.710360e+02 6.150330e+07 5.015648e+06 
2.509031e+02 6.182417e+07 6.173105e+06 
2.656633e+02 6.244373e+07 5.015648e+06 
2.600394e+02 5.875560e+07 5.980196e+06 
2.440637e+02 6.201123e+07 6.100764e+06 
2.640641e+02 5.870348e+07 5.980196e+06 
2.880264e+02 5.932950e+07 5.497922e+06 
2.965934e+02 6.250237e+07 4.461032e+06 
2.864153e+02 6.321586e+07 4.533374e+06 
2.913394e+02 6.255945e+07 4.461032e+06 
2.636616e+02 5.874982e+07 5.883741e+06 
2.953936e+02 6.191506e+07 4.533374e+06 
2.585455e+02 5.887836e+07 6.100764e+06 
2.656924e+02 5.867577e+07 6.293673e+06 
2.775804e+02 6.111091e+07 5.015648e+06 
2.533340e+02 6.066915e+07 6.100764e+06 
2.485427e+02 6.196697e+07 5.980196e+06 
2.580336e+02 6.314942e+07 5.522035e+06 
2.679219e+02 6.233861e+07 4.943306e+06 
2.745855e+02 6.292549e+07 4.822738e+06 
2.560455e+02 5.951944e+07 5.980196e+06 
2.567281e+02 6.085856e+07 5.787286e+06 
2.622422e+02 6.436498e+07 5.136216e+06 
2.905989e+02 6.191376e+07 4.629828e+06 
2.579745e+02 6.118433e+07 5.594376e+06 
2.955494e+02 6.086997e+07 4.943306e+06 
2.657375e+02 5.865080e+07 5.787286e+06 
2.492746e+02 6.373485e+07 5.907854e+06 
2.658567e+02 5.843573e+07 5.787286e+06 
2.638083e+02 5.873047e+07 6.100764e+06 
2.924292e+02 5.893463e+07 5.497922e+06 
2.772853e+02 6.220732e+07 4.822738e+06 
2.530892e+02 6.227645e+07 5.714944e+06 
3.001526e+02 6.283859e+07 4.364577e+06 
2.718149e+02 5.817297e+07 6.100764e+06 
2.804794e+02 6.513762e+07 4.653942e+06 
2.678615e+02 6.504041e+07 4.943306e+06 
2.844018e+02 6.380293e+07 4.629828e+06 
2.829796e+02 6.139744e+07 4.750396e+06 
2.921046e+02 6.130234e+07 4.822738e+06 
2.729100e+02 5.799621e+07 5.787286e+06 
2.645669e+02 5.870027e+07 6.293673e+06 
2.533584e+02 5.923900e+07 6.100764e+06 

2.576529e+02 6.898850e+07 6.293673e+06 
2.675194e+02 6.485630e+07 5.120139e+06 
2.905522e+02 6.519074e+07 4.514082e+06 
2.834520e+02 6.376391e+07 4.848458e+06 
2.924984e+02 6.334462e+07 4.629828e+06 
2.903373e+02 6.696248e+07 4.436919e+06 
2.643486e+02 6.863482e+07 5.714944e+06 
2.833733e+02 6.549168e+07 4.629828e+06 
2.595916e+02 6.964183e+07 5.907854e+06 
2.951557e+02 6.419292e+07 4.514082e+06 
3.199034e+02 6.501126e+07 4.123441e+06 
2.628028e+02 6.764769e+07 5.907854e+06 
2.587012e+02 6.757464e+07 6.100764e+06 
2.836395e+02 6.327459e+07 5.015648e+06 
2.926639e+02 6.547130e+07 4.436919e+06 
2.971293e+02 6.514453e+07 4.316351e+06 
2.893706e+02 6.618916e+07 4.451386e+06 
2.780711e+02 6.413159e+07 4.895080e+06 
2.765989e+02 6.478080e+07 4.822738e+06 
2.689970e+02 6.410517e+07 5.120139e+06 
2.902536e+02 6.349972e+07 4.681270e+06 
2.803264e+02 6.664007e+07 4.785762e+06 
2.889151e+02 6.373019e+07 4.702170e+06 
2.817402e+02 6.382598e+07 5.015648e+06 
2.711412e+02 6.425007e+07 4.952950e+06 
3.063129e+02 6.812296e+07 4.123441e+06 
2.652086e+02 6.733284e+07 6.100764e+06 
2.810369e+02 6.639367e+07 4.702170e+06 
2.804058e+02 6.388527e+07 5.401467e+06 
3.161379e+02 6.517071e+07 4.123441e+06 
2.748101e+02 6.402451e+07 5.208557e+06 
2.675161e+02 6.487774e+07 5.120139e+06 
2.822758e+02 6.644029e+07 4.514082e+06 
2.819624e+02 6.508309e+07 4.681270e+06 
2.575614e+02 7.030596e+07 5.907854e+06 
2.802307e+02 6.406889e+07 4.822738e+06 
2.909114e+02 6.601641e+07 4.451386e+06 
2.952609e+02 6.475618e+07 4.451386e+06 
2.857609e+02 6.410435e+07 4.629828e+06 
3.160941e+02 6.577062e+07 3.930532e+06 
2.754010e+02 6.686560e+07 4.848458e+06 
2.653865e+02 6.547113e+07 5.120139e+06 
3.043844e+02 6.661154e+07 4.244009e+06 
3.050508e+02 6.440490e+07 4.244009e+06 
3.097948e+02 6.556457e+07 4.123441e+06 
2.645277e+02 7.160473e+07 5.280899e+06 
2.929546e+02 6.423941e+07 4.514082e+06 
2.929183e+02 6.262574e+07 4.702170e+06 
2.599314e+02 7.003978e+07 5.714944e+06 
2.896117e+02 6.373130e+07 4.629828e+06 

