2.537931e+02 5.884441e+07 5.546150e+06 
3.439696e+02 5.660187e+07 4.943308e+06 
3.243356e+02 6.529171e+07 3.737622e+06 
3.601151e+02 6.224086e+07 3.351803e+06 
2.620998e+02 5.636614e+07 6.245447e+06 
2.738506e+02 5.596965e+07 6.124879e+06 
2.713744e+02 6.122495e+07 5.232672e+06 
2.901782e+02 6.728460e+07 4.509260e+06 
2.372568e+02 5.912229e+07 6.124879e+06 
2.923327e+02 6.605663e+07 4.316351e+06 
2.391265e+02 5.976640e+07 5.907856e+06 
3.606613e+02 5.541900e+07 5.256786e+06 
3.375473e+02 6.040429e+07 4.702170e+06 
3.114746e+02 5.502536e+07 5.739060e+06 
3.199373e+02 5.439261e+07 5.739060e+06 
3.306825e+02 6.440490e+07 3.544712e+06 
3.433964e+02 6.194825e+07 3.544712e+06 
3.353658e+02 6.581757e+07 3.351803e+06 
3.506252e+02 5.511212e+07 5.546150e+06 
2.330200e+02 6.038564e+07 6.173105e+06 
2.325069e+02 5.872876e+07 6.245447e+06 
2.583486e+02 5.656142e+07 6.245447e+06 
3.180180e+02 6.652518e+07 3.930532e+06 
2.424160e+02 5.811638e+07 5.835514e+06 
2.482053e+02 5.743875e+07 6.245447e+06 
3.443015e+02 6.154666e+07 4.629828e+06 
2.372411e+02 5.840509e+07 6.148992e+06 
3.569575e+02 5.747343e+07 4.750398e+06 
2.443630e+02 5.772277e+07 6.366015e+06 
2.497487e+02 5.729749e+07 6.366015e+06 
2.862898e+02 6.556032e+07 4.702170e+06 
2.781732e+02 5.579024e+07 6.245447e+06 
3.283978e+02 6.643020e+07 3.544712e+06 
3.683598e+02 5.653982e+07 5.063876e+06 
3.050967e+02 5.509628e+07 5.739060e+06 
2.528946e+02 5.683111e+07 6.245447e+06 
2.956005e+02 5.573212e+07 6.245447e+06 
3.512867e+02 5.555598e+07 5.136218e+06 
2.406056e+02 5.822208e+07 6.245447e+06 
3.132034e+02 5.442995e+07 5.931969e+06 
3.554457e+02 5.512863e+07 5.449695e+06 
2.967608e+02 5.558100e+07 5.811401e+06 
2.467921e+02 5.836496e+07 5.642605e+06 
2.508254e+02 5.721579e+07 6.245447e+06 
3.013418e+02 5.536981e+07 6.052537e+06 
2.571752e+02 6.104800e+07 5.425582e+06 
3.815761e+02 6.081805e+07 4.678057e+06 
2.846704e+02 6.342303e+07 5.087989e+06 
2.316380e+02 5.956944e+07 6.486583e+06 
2.630404e+02 5.598383e+07 6.245447e+06 

3.235999e+02 6.207906e+07 4.422854e+06 
2.647863e+02 5.856900e+07 6.173105e+06 
2.465216e+02 5.993928e+07 6.293673e+06 
3.214587e+02 5.592338e+07 5.811399e+06 
2.441766e+02 6.075484e+07 6.414241e+06 
3.520501e+02 6.322407e+07 4.256737e+06 
3.369907e+02 6.484399e+07 3.375916e+06 
3.196524e+02 5.605281e+07 5.811399e+06 
3.062468e+02 5.641353e+07 5.811399e+06 
2.777543e+02 5.832349e+07 5.811399e+06 
2.851870e+02 5.734646e+07 6.004309e+06 
2.580639e+02 6.529221e+07 5.184444e+06 
3.397194e+02 6.865801e+07 3.281067e+06 
2.805232e+02 6.685285e+07 4.533374e+06 
3.439120e+02 6.343898e+07 3.954645e+06 
3.221855e+02 6.627357e+07 3.472371e+06 
3.111420e+02 6.716643e+07 3.761735e+06 
2.485529e+02 5.963380e+07 6.173105e+06 
3.282612e+02 5.694851e+07 5.497922e+06 
3.248388e+02 5.551684e+07 5.811399e+06 
2.974916e+02 6.725879e+07 4.137907e+06 
2.822085e+02 5.773585e+07 6.004309e+06 
3.156252e+02 6.876089e+07 3.568826e+06 
3.325030e+02 6.102131e+07 4.605715e+06 
3.417146e+02 6.355116e+07 3.924504e+06 
3.302617e+02 6.646933e+07 3.375916e+06 
2.549122e+02 5.918815e+07 6.173105e+06 
2.574294e+02 5.891762e+07 6.173105e+06 
3.077431e+02 5.676675e+07 5.690831e+06 
3.474438e+02 5.766633e+07 5.305012e+06 
3.564641e+02 6.711165e+07 3.279461e+06 
2.808560e+02 5.789227e+07 6.004309e+06 
3.199465e+02 6.210355e+07 4.412806e+06 
2.864685e+02 6.571637e+07 4.412806e+06 
2.511701e+02 5.931859e+07 6.173105e+06 
3.534720e+02 6.400814e+07 3.592271e+06 
3.457726e+02 6.434106e+07 3.568826e+06 
3.204462e+02 6.029844e+07 5.112102e+06 
2.625407e+02 6.424619e+07 4.991534e+06 
3.249097e+02 5.677537e+07 5.618490e+06 
2.916836e+02 6.575413e+07 4.200603e+06 
2.454469e+02 6.052313e+07 6.173105e+06 
2.915140e+02 5.719194e+07 5.811399e+06 
3.033522e+02 6.817501e+07 3.866226e+06 
2.538212e+02 6.496906e+07 5.377354e+06 
3.255720e+02 6.035408e+07 4.919193e+06 
2.738017e+02 6.701465e+07 4.726283e+06 
3.247567e+02 6.139152e+07 4.533374e+06 
3.506884e+02 6.369545e+07 3.761735e+06 
2.962152e+02 5.691277e+07 6.004309e+06 

2.797755e+02 5.822356e+07 5.787286e+06 
2.815721e+02 6.255940e+07 4.678057e+06 
2.527237e+02 6.058560e+07 6.366015e+06 
2.660995e+02 5.932538e+07 5.763173e+06 
3.143305e+02 5.820902e+07 5.160331e+06 
2.550544e+02 5.965766e+07 5.980196e+06 
3.354653e+02 5.818385e+07 4.774512e+06 
3.112505e+02 6.312877e+07 3.834077e+06 
3.609612e+02 6.077818e+07 3.207122e+06 
2.478865e+02 6.122649e+07 6.269560e+06 
2.610615e+02 5.943305e+07 6.173105e+06 
2.699059e+02 5.876910e+07 5.883741e+06 
3.510167e+02 6.318595e+07 3.014212e+06 
3.848834e+02 5.968754e+07 3.400031e+06 
3.618622e+02 6.010876e+07 3.327690e+06 
3.418153e+02 6.142426e+07 3.134780e+06 
2.784960e+02 5.848107e+07 6.076650e+06 
3.157731e+02 5.795793e+07 5.063876e+06 
2.481266e+02 6.226457e+07 5.956082e+06 
2.515182e+02 6.114448e+07 5.473808e+06 
2.761223e+02 5.869575e+07 5.883741e+06 
2.844527e+02 6.320162e+07 4.099328e+06 
2.816636e+02 6.329764e+07 4.319032e+06 
3.283642e+02 5.729429e+07 4.967421e+06 
3.161587e+02 6.437213e+07 3.641167e+06 
3.444039e+02 6.381404e+07 3.051185e+06 
2.500187e+02 6.161348e+07 5.666718e+06 
2.793717e+02 6.685999e+07 4.798625e+06 
3.347813e+02 6.151602e+07 3.327690e+06 
2.502695e+02 6.090764e+07 5.859628e+06 
3.276254e+02 6.301967e+07 3.255348e+06 
3.200259e+02 5.750883e+07 5.256786e+06 
2.472441e+02 6.362957e+07 6.052537e+06 
3.211128e+02 6.405545e+07 3.327690e+06 
2.669146e+02 6.311683e+07 4.967421e+06 
2.453136e+02 6.176789e+07 6.269560e+06 
3.379643e+02 6.437750e+07 3.134780e+06 
3.171045e+02 5.786519e+07 5.256786e+06 
2.493311e+02 6.236479e+07 5.859628e+06 
3.310525e+02 5.912614e+07 4.581602e+06 
2.724661e+02 6.401930e+07 4.895080e+06 
2.769376e+02 5.857722e+07 5.883741e+06 
2.580414e+02 6.431976e+07 5.256786e+06 
2.623715e+02 6.261054e+07 5.160331e+06 
2.539579e+02 6.028338e+07 5.787286e+06 
2.905574e+02 6.040809e+07 4.319032e+06 
2.496550e+02 6.091367e+07 5.859628e+06 
2.913122e+02 6.156719e+07 3.978760e+06 
2.697041e+02 5.926925e+07 5.787286e+06 
3.646552e+02 6.086416e+07 3.014212e+06 

2.783065e+02 5.639418e+07 6.486583e+06 
3.344206e+02 5.384964e+07 6.052537e+06 
2.531217e+02 5.927148e+07 6.486583e+06 
2.949965e+02 6.219493e+07 4.629828e+06 
3.121764e+02 6.729010e+07 4.412806e+06 
2.802573e+02 5.956545e+07 4.822738e+06 
2.560409e+02 6.118121e+07 5.522035e+06 
3.251787e+02 5.431422e+07 6.173105e+06 
2.788854e+02 5.867173e+07 5.087989e+06 
2.731144e+02 6.269404e+07 5.136216e+06 
4.087842e+02 5.623821e+07 4.822738e+06 
2.943366e+02 5.533417e+07 6.366015e+06 
2.537902e+02 5.829047e+07 6.293673e+06 
3.264016e+02 5.404028e+07 6.052537e+06 
2.473205e+02 6.247559e+07 5.907854e+06 
2.840453e+02 5.862925e+07 4.702170e+06 
3.058726e+02 5.472950e+07 6.245447e+06 
2.829690e+02 5.725490e+07 5.087989e+06 
3.035926e+02 5.478521e+07 6.052537e+06 
3.600931e+02 5.465791e+07 5.160331e+06 
2.986910e+02 5.915126e+07 4.509260e+06 
2.914762e+02 5.561825e+07 6.245447e+06 
3.183841e+02 5.442371e+07 6.052537e+06 
3.727814e+02 5.502114e+07 4.967421e+06 
4.147416e+02 5.527371e+07 4.702170e+06 
2.467861e+02 5.980610e+07 6.293673e+06 
2.997774e+02 5.504710e+07 6.245447e+06 
2.716045e+02 5.676692e+07 6.366015e+06 
2.497928e+02 6.218124e+07 5.714944e+06 
2.597488e+02 5.753221e+07 6.173105e+06 
2.755790e+02 5.645827e+07 6.486583e+06 
2.908526e+02 5.784662e+07 4.798625e+06 
2.443379e+02 6.102648e+07 6.100764e+06 
2.576576e+02 5.792309e+07 6.293673e+06 
2.816539e+02 5.567111e+07 6.245447e+06 
2.681729e+02 6.201170e+07 5.208557e+06 
3.546519e+02 5.366275e+07 6.052537e+06 
3.400914e+02 5.526065e+07 5.353240e+06 
2.732933e+02 6.007455e+07 5.015648e+06 
2.651220e+02 6.338420e+07 5.329125e+06 
3.510897e+02 5.389570e+07 5.859628e+06 
3.116895e+02 5.467369e+07 6.052537e+06 
3.206576e+02 5.784673e+07 4.533374e+06 
2.635714e+02 6.382387e+07 5.401467e+06 
3.100091e+02 6.906395e+07 4.412806e+06 
3.728033e+02 5.464137e+07 5.570263e+06 
3.427833e+02 5.444152e+07 5.763173e+06 
2.704699e+02 5.710799e+07 6.486583e+06 
2.660493e+02 5.743873e+07 6.486583e+06 
3.683279e+02 5.615746e+07 4.967421e+06 

3.659675e+02 6.201644e+07 2.917757e+06 
2.429329e+02 5.900333e+07 5.642605e+06 
2.457262e+02 5.795503e+07 5.642605e+06 
2.424149e+02 6.529681e+07 6.390128e+06 
3.486553e+02 5.688519e+07 3.882305e+06 
3.227068e+02 5.472717e+07 5.232672e+06 
2.900662e+02 6.039856e+07 4.292238e+06 
3.413542e+02 6.165893e+07 3.343764e+06 
3.587317e+02 6.179734e+07 3.014212e+06 
2.664982e+02 6.066693e+07 4.943308e+06 
3.674853e+02 5.718464e+07 3.617054e+06 
2.841143e+02 6.005201e+07 4.485147e+06 
3.049706e+02 5.419052e+07 5.618492e+06 
2.699192e+02 6.204261e+07 4.750398e+06 
3.399010e+02 5.620329e+07 4.774512e+06 
3.269878e+02 5.351184e+07 5.618492e+06 
3.892825e+02 5.861463e+07 3.207122e+06 
3.146595e+02 6.114549e+07 3.617054e+06 
3.205741e+02 5.381798e+07 5.425582e+06 
2.692597e+02 5.624627e+07 5.907856e+06 
2.802587e+02 5.555515e+07 5.714946e+06 
3.583001e+02 5.763075e+07 3.496486e+06 
2.499696e+02 5.867577e+07 5.329127e+06 
2.822984e+02 5.498968e+07 5.714946e+06 
3.335235e+02 6.301425e+07 3.594546e+06 
2.606791e+02 5.675508e+07 6.148992e+06 
3.077992e+02 6.195888e+07 3.782632e+06 
2.923871e+02 5.475893e+07 5.714946e+06 
3.318575e+02 5.594195e+07 4.967421e+06 
3.763454e+02 5.871698e+07 3.110667e+06 
3.658461e+02 5.773085e+07 3.424144e+06 
3.779884e+02 5.979963e+07 2.740924e+06 
2.511883e+02 5.724598e+07 5.522037e+06 
3.115730e+02 6.199274e+07 3.713509e+06 
3.836420e+02 5.887227e+07 2.917757e+06 
3.279593e+02 5.559521e+07 5.063876e+06 
3.189367e+02 5.382886e+07 5.425582e+06 
3.591912e+02 5.713091e+07 3.689396e+06 
2.484056e+02 5.766410e+07 5.642605e+06 
3.258466e+02 5.361348e+07 5.618492e+06 
3.157163e+02 5.405228e+07 5.425582e+06 
2.735022e+02 5.590266e+07 5.907856e+06 
3.508889e+02 6.204217e+07 3.110667e+06 
3.040477e+02 5.434348e+07 5.618492e+06 
3.288648e+02 5.506766e+07 5.160331e+06 
2.590754e+02 5.900721e+07 5.136218e+06 
3.221178e+02 5.656290e+07 4.461034e+06 
3.767733e+02 5.846186e+07 3.303576e+06 
3.296001e+02 5.596975e+07 4.870966e+06 
3.041875e+02 6.214013e+07 4.002873e+06 

2.931052e+02 5.510183e+07 5.401467e+06 
2.377664e+02 5.870341e+07 5.425580e+06 
2.451919e+02 5.930378e+07 5.329125e+06 
2.394500e+02 5.755244e+07 5.907854e+06 
2.504928e+02 5.698931e+07 5.907854e+06 
2.877829e+02 6.254530e+07 4.147554e+06 
2.841915e+02 6.398830e+07 4.051100e+06 
2.365032e+02 5.773460e+07 6.100764e+06 
2.485235e+02 5.716337e+07 5.907854e+06 
2.840452e+02 5.542364e+07 5.497922e+06 
2.559810e+02 5.617147e+07 5.787286e+06 
2.629021e+02 5.571370e+07 5.594376e+06 
2.697133e+02 6.299631e+07 4.461032e+06 
2.794487e+02 6.510131e+07 3.978758e+06 
2.499218e+02 6.161655e+07 5.039761e+06 
2.286068e+02 6.117868e+07 5.714944e+06 
2.690987e+02 6.401650e+07 4.533374e+06 
2.812309e+02 5.733389e+07 5.015648e+06 
2.488845e+02 6.147523e+07 5.208557e+06 
2.957723e+02 6.255063e+07 4.075213e+06 
2.885308e+02 5.874759e+07 4.629828e+06 
2.834258e+02 5.791368e+07 4.822738e+06 
2.891118e+02 6.188534e+07 4.268122e+06 
2.551202e+02 5.956105e+07 4.846851e+06 
2.284911e+02 5.906338e+07 5.907854e+06 
2.606623e+02 5.589059e+07 5.787286e+06 
3.073746e+02 5.541494e+07 5.208557e+06 
2.348802e+02 5.778834e+07 5.811399e+06 
2.862301e+02 6.181592e+07 4.277501e+06 
2.552681e+02 5.622164e+07 5.787286e+06 
2.300764e+02 5.862117e+07 6.100764e+06 
2.506736e+02 5.623573e+07 5.787286e+06 
2.744537e+02 6.547785e+07 4.268122e+06 
2.969544e+02 5.467002e+07 5.305012e+06 
2.676182e+02 6.414319e+07 4.653942e+06 
2.814112e+02 5.915642e+07 4.436919e+06 
2.818098e+02 5.637731e+07 5.112102e+06 
2.714318e+02 5.545166e+07 5.690831e+06 
2.727071e+02 6.369825e+07 4.340464e+06 
2.907312e+02 6.479014e+07 3.954645e+06 
2.320524e+02 5.790441e+07 6.100764e+06 
2.871555e+02 6.221188e+07 4.194442e+06 
2.789779e+02 5.843926e+07 4.750396e+06 
2.582088e+02 5.599581e+07 5.594376e+06 
2.626403e+02 6.360071e+07 4.726283e+06 
2.432847e+02 5.722790e+07 5.618490e+06 
2.653262e+02 5.550161e+07 5.594376e+06 
2.365565e+02 6.057447e+07 5.522035e+06 
2.629876e+02 5.678486e+07 5.497922e+06 
2.312398e+02 5.844035e+07 6.100764e+06 

2.640215e+02 5.535372e+07 4.919193e+06 
2.389585e+02 5.931080e+07 5.305012e+06 
2.950508e+02 5.473582e+07 4.219896e+06 
2.845658e+02 5.490518e+07 4.605715e+06 
2.955292e+02 5.761554e+07 3.544712e+06 
2.406739e+02 5.802555e+07 5.618490e+06 
2.377141e+02 6.056917e+07 5.618490e+06 
2.656261e+02 5.764435e+07 4.316351e+06 
3.306134e+02 5.529229e+07 3.986798e+06 
2.879140e+02 5.510816e+07 4.412806e+06 
2.515027e+02 5.611758e+07 4.943306e+06 
2.807140e+02 5.894482e+07 3.834077e+06 
2.841592e+02 5.571131e+07 4.244009e+06 
2.987217e+02 5.446294e+07 4.412806e+06 
2.862791e+02 5.852959e+07 3.641167e+06 
2.698768e+02 5.850178e+07 4.244009e+06 
2.574147e+02 5.847834e+07 4.412806e+06 
2.894655e+02 5.618688e+07 3.954645e+06 
2.615886e+02 5.914694e+07 4.316351e+06 
2.707915e+02 5.632813e+07 4.436919e+06 
2.500462e+02 5.810619e+07 4.509260e+06 
2.607657e+02 5.559526e+07 5.112102e+06 
2.395730e+02 6.337710e+07 5.112102e+06 
2.729835e+02 5.532255e+07 4.533374e+06 
2.844137e+02 5.856828e+07 3.737622e+06 
2.427296e+02 5.786542e+07 4.726283e+06 
2.491291e+02 5.625494e+07 4.943306e+06 
2.818762e+02 5.518552e+07 5.184444e+06 
2.685916e+02 7.047636e+07 3.954647e+06 
2.978553e+02 5.658003e+07 3.737622e+06 
2.969308e+02 5.503269e+07 4.026986e+06 
2.781682e+02 5.764951e+07 3.858190e+06 
2.888650e+02 5.868335e+07 3.544712e+06 
3.093881e+02 5.502710e+07 4.123441e+06 
2.875762e+02 5.441244e+07 4.605715e+06 
2.455459e+02 6.450123e+07 4.681270e+06 
2.649598e+02 6.864859e+07 4.147554e+06 
3.075450e+02 5.657015e+07 3.737622e+06 
2.414385e+02 6.049934e+07 4.822738e+06 
2.518714e+02 5.563357e+07 4.822738e+06 
3.164289e+02 5.583191e+07 3.930532e+06 
2.446035e+02 5.664476e+07 4.943306e+06 
2.387199e+02 5.819381e+07 5.425580e+06 
2.489378e+02 5.637336e+07 5.112102e+06 
2.435948e+02 5.664898e+07 5.232670e+06 
2.425323e+02 5.799907e+07 5.618490e+06 
2.397727e+02 5.815982e+07 5.618490e+06 
2.477091e+02 5.643264e+07 5.015648e+06 
2.470662e+02 5.709909e+07 4.629828e+06 
2.553609e+02 6.226438e+07 4.436919e+06 

2.444385e+02 5.783429e+07 5.883741e+06 
2.719739e+02 6.533111e+07 4.869356e+06 
2.489862e+02 5.710558e+07 5.690831e+06 
2.594064e+02 5.808560e+07 5.305012e+06 
3.405180e+02 7.277678e+07 3.882303e+06 
3.308569e+02 7.357320e+07 3.689394e+06 
2.558974e+02 5.679416e+07 5.690831e+06 
2.379009e+02 6.190757e+07 5.618490e+06 
3.263326e+02 7.189646e+07 4.147554e+06 
2.681747e+02 5.584143e+07 5.690831e+06 
2.475179e+02 6.315370e+07 5.425580e+06 
2.552992e+02 5.692049e+07 5.690831e+06 
3.258019e+02 7.022941e+07 4.268122e+06 
3.276379e+02 6.952399e+07 4.340464e+06 
2.811635e+02 6.515044e+07 4.726283e+06 
2.354693e+02 5.974340e+07 5.811399e+06 
2.963215e+02 5.782294e+07 4.919193e+06 
2.686221e+02 6.435905e+07 4.943306e+06 
2.865035e+02 6.507353e+07 4.702168e+06 
2.322195e+02 6.099670e+07 5.811399e+06 
2.892197e+02 6.369036e+07 4.702168e+06 
3.217733e+02 5.568360e+07 5.305012e+06 
2.336262e+02 5.987622e+07 5.811399e+06 
3.125338e+02 5.531553e+07 5.497922e+06 
3.282366e+02 7.247418e+07 3.928923e+06 
2.310866e+02 6.201671e+07 5.811399e+06 
2.794034e+02 6.698893e+07 4.785762e+06 
3.204866e+02 7.220301e+07 4.340464e+06 
2.566850e+02 5.664408e+07 5.690831e+06 
2.471503e+02 5.727598e+07 5.690831e+06 
3.326705e+02 7.189809e+07 4.096111e+06 
2.507230e+02 6.327909e+07 5.232670e+06 
2.688541e+02 5.574162e+07 5.690831e+06 
2.359512e+02 5.968115e+07 5.811399e+06 
2.365704e+02 5.879607e+07 6.004309e+06 
3.076668e+02 7.340597e+07 4.461032e+06 
3.329966e+02 7.310495e+07 3.761734e+06 
2.447939e+02 5.775720e+07 5.883741e+06 
2.403217e+02 5.821939e+07 5.883741e+06 
2.384590e+02 5.824643e+07 5.690831e+06 
3.025469e+02 7.233457e+07 4.653942e+06 
3.312789e+02 6.779119e+07 4.461032e+06 
2.437143e+02 5.801502e+07 5.690831e+06 
2.516339e+02 6.376509e+07 5.039761e+06 
2.315777e+02 6.154203e+07 5.811399e+06 
2.638486e+02 5.629077e+07 5.690831e+06 
3.328380e+02 6.927908e+07 4.430488e+06 
3.245726e+02 7.305543e+07 4.096111e+06 
3.041100e+02 5.614976e+07 5.112102e+06 
2.606033e+02 5.648992e+07 5.690831e+06 

2.612998e+02 5.584370e+07 6.004309e+06 
3.802686e+02 5.439996e+07 3.882305e+06 
2.437161e+02 5.690075e+07 5.690831e+06 
3.502485e+02 5.412225e+07 4.075215e+06 
3.694298e+02 5.509203e+07 3.592941e+06 
3.270311e+02 5.725458e+07 3.906418e+06 
2.410086e+02 5.708239e+07 5.690831e+06 
2.656633e+02 6.244373e+07 5.015648e+06 
3.602941e+02 5.656700e+07 3.617054e+06 
2.994314e+02 5.471489e+07 5.160331e+06 
2.956061e+02 5.430398e+07 5.546150e+06 
2.657051e+02 5.614812e+07 5.087989e+06 
3.306686e+02 5.731408e+07 3.809964e+06 
3.162655e+02 5.350125e+07 6.148992e+06 
2.873392e+02 6.382897e+07 4.268122e+06 
2.707935e+02 5.508521e+07 6.100764e+06 
3.074072e+02 5.398869e+07 5.666718e+06 
3.591070e+02 5.554115e+07 3.689396e+06 
2.579531e+02 6.245036e+07 5.208557e+06 
2.679289e+02 5.530229e+07 5.787286e+06 
2.979488e+02 6.451099e+07 4.075213e+06 
2.605262e+02 5.675431e+07 5.401467e+06 
3.818176e+02 5.373238e+07 4.268124e+06 
3.290659e+02 5.552221e+07 4.461034e+06 
2.822332e+02 5.454684e+07 5.666718e+06 
2.829517e+02 6.563853e+07 4.557487e+06 
2.745855e+02 6.292549e+07 4.822738e+06 
2.466201e+02 5.818171e+07 5.594376e+06 
3.174911e+02 5.705215e+07 4.171670e+06 
2.622422e+02 6.436498e+07 5.136216e+06 
3.022192e+02 5.711349e+07 4.581602e+06 
3.620104e+02 5.403718e+07 4.075215e+06 
2.472933e+02 5.625035e+07 5.787286e+06 
3.118482e+02 5.787326e+07 4.195783e+06 
2.843866e+02 6.604762e+07 4.364577e+06 
2.650410e+02 5.563092e+07 5.980196e+06 
2.448258e+02 5.658334e+07 5.690831e+06 
3.769596e+02 5.459763e+07 3.689396e+06 
3.217803e+02 5.732026e+07 4.002873e+06 
2.616520e+02 5.566722e+07 5.787286e+06 
2.544442e+02 6.107306e+07 5.522035e+06 
2.784194e+02 6.407245e+07 4.653942e+06 
3.260257e+02 5.317692e+07 5.763173e+06 
3.740841e+02 5.637286e+07 3.496486e+06 
2.678615e+02 6.504041e+07 4.943306e+06 
2.667121e+02 5.554016e+07 5.787286e+06 
3.756937e+02 5.351471e+07 4.461034e+06 
2.576395e+02 5.600353e+07 5.787286e+06 
2.395281e+02 5.730263e+07 5.787286e+06 
3.628897e+02 5.714507e+07 3.496486e+06 

3.425752e+02 6.168775e+07 3.472371e+06 
3.038363e+02 6.592414e+07 4.123441e+06 
2.572885e+02 5.760136e+07 5.883741e+06 
3.890545e+02 5.797984e+07 3.834077e+06 
3.075437e+02 6.625043e+07 3.930532e+06 
3.088234e+02 5.505876e+07 5.980196e+06 
2.850258e+02 5.549216e+07 6.052537e+06 
3.160338e+02 5.497933e+07 5.763173e+06 
3.085235e+02 5.750882e+07 5.184444e+06 
2.801315e+02 5.570884e+07 6.052537e+06 
2.752654e+02 5.587944e+07 6.052537e+06 
2.592827e+02 5.658872e+07 6.173105e+06 
3.645331e+02 5.785379e+07 3.930532e+06 
2.653571e+02 6.532938e+07 5.120139e+06 
2.758891e+02 6.415953e+07 4.785762e+06 
3.467977e+02 6.210379e+07 3.448256e+06 
3.320938e+02 5.393699e+07 5.883741e+06 
2.893706e+02 6.618916e+07 4.451386e+06 
2.525457e+02 5.769999e+07 6.052537e+06 
3.187846e+02 5.458722e+07 5.980196e+06 
3.912422e+02 5.858105e+07 3.448258e+06 
3.806793e+02 5.839867e+07 3.641167e+06 
3.638850e+02 6.026482e+07 3.255348e+06 
3.238310e+02 6.063904e+07 3.845329e+06 
2.859197e+02 5.533998e+07 6.052537e+06 
2.711412e+02 6.425007e+07 4.952950e+06 
3.279941e+02 5.431569e+07 5.690831e+06 
3.685883e+02 5.525525e+07 5.015648e+06 
3.642014e+02 5.433494e+07 5.401467e+06 
3.373939e+02 6.118469e+07 3.531850e+06 
2.678901e+02 6.588387e+07 5.015647e+06 
3.650420e+02 5.975416e+07 3.255348e+06 
2.822758e+02 6.644029e+07 4.514082e+06 
2.836587e+02 5.557909e+07 6.052537e+06 
3.673152e+02 5.468447e+07 5.208557e+06 
3.691029e+02 6.179257e+07 3.158893e+06 
3.516521e+02 5.558400e+07 4.919193e+06 
3.808180e+02 5.956853e+07 3.351803e+06 
2.790988e+02 5.580317e+07 6.052537e+06 
3.312049e+02 6.096329e+07 3.615444e+06 
2.955577e+02 5.525954e+07 5.763173e+06 
2.635345e+02 5.593183e+07 6.052537e+06 
2.623927e+02 6.364403e+07 5.208557e+06 
3.531181e+02 6.116998e+07 3.281067e+06 
3.808534e+02 6.018204e+07 3.158893e+06 
3.142523e+02 5.505278e+07 5.570263e+06 
2.585087e+02 6.473032e+07 5.287327e+06 
2.770499e+02 5.584516e+07 5.956082e+06 
2.942136e+02 6.575842e+07 4.316351e+06 
2.808891e+02 6.335402e+07 4.702170e+06 

