6.077600e+03 1.912538e+07 1.586361e+06 
6.053200e+03 1.913199e+07 1.586361e+06 
6.028300e+03 1.897597e+07 1.737443e+06 
6.491650e+03 2.054970e+07 1.133115e+06 
6.148900e+03 1.975613e+07 1.359738e+06 
6.067800e+03 1.912014e+07 1.586361e+06 
7.428800e+03 2.342095e+07 9.064920e+05 
6.336000e+03 1.998194e+07 1.284197e+06 
6.292500e+03 2.017976e+07 1.284197e+06 
6.521500e+03 2.066757e+07 1.133115e+06 
6.142800e+03 1.955906e+07 1.435279e+06 
6.013450e+03 1.878853e+07 1.812984e+06 
7.528300e+03 2.382576e+07 8.641580e+05 
7.444450e+03 2.348287e+07 9.064920e+05 
6.076700e+03 1.911806e+07 1.586361e+06 
6.024150e+03 1.898714e+07 1.661902e+06 
6.302300e+03 1.993636e+07 1.284197e+06 
6.115650e+03 1.937919e+07 1.510820e+06 
6.269400e+03 2.003384e+07 1.284197e+06 
6.191000e+03 1.971561e+07 1.359738e+06 
6.129600e+03 1.927186e+07 1.510820e+06 
6.509100e+03 2.072224e+07 1.057574e+06 
6.505000e+03 2.070951e+07 9.820330e+05 
6.013750e+03 1.886275e+07 1.812984e+06 
6.030250e+03 1.900968e+07 1.661902e+06 
6.274700e+03 2.008034e+07 1.208656e+06 
6.255000e+03 2.004646e+07 1.284197e+06 
6.151600e+03 1.952646e+07 1.435279e+06 
6.184800e+03 1.969342e+07 1.359738e+06 
6.305400e+03 2.009939e+07 1.208656e+06 
6.488300e+03 2.072301e+07 1.133115e+06 
6.259100e+03 2.008343e+07 1.208656e+06 
6.477950e+03 2.073995e+07 1.057574e+06 
6.124050e+03 1.922988e+07 1.510820e+06 
6.027750e+03 1.893622e+07 1.661902e+06 
6.176600e+03 1.982639e+07 1.359738e+06 
7.488150e+03 2.361073e+07 8.309510e+05 
7.544900e+03 2.382255e+07 8.309510e+05 
6.083600e+03 1.926642e+07 1.510820e+06 
7.540600e+03 2.377435e+07 8.641580e+05 
6.276200e+03 1.997658e+07 1.284197e+06 
6.147200e+03 1.946710e+07 1.435279e+06 
6.113350e+03 1.946045e+07 1.510820e+06 
6.051900e+03 1.914715e+07 1.586361e+06 
6.504350e+03 2.073625e+07 1.057574e+06 
6.096400e+03 1.910990e+07 1.586361e+06 
6.015250e+03 1.880058e+07 1.812984e+06 
6.031250e+03 1.893812e+07 1.661902e+06 
6.543500e+03 2.087057e+07 9.820330e+05 
6.182100e+03 1.974999e+07 1.359738e+06 

6.279600e+03 1.942999e+07 1.208656e+06 
7.004800e+03 2.248123e+07 8.309510e+05 
6.138250e+03 1.911505e+07 1.510820e+06 
7.247900e+03 2.366597e+07 8.186760e+05 
6.678800e+03 2.084726e+07 9.820330e+05 
6.269600e+03 1.955882e+07 1.208656e+06 
6.182000e+03 1.903182e+07 1.435279e+06 
6.144100e+03 1.905498e+07 1.586361e+06 
7.255200e+03 2.362808e+07 8.186760e+05 
6.486850e+03 2.015800e+07 1.133115e+06 
6.658300e+03 2.091675e+07 9.820330e+05 
6.244000e+03 1.932733e+07 1.284197e+06 
6.673900e+03 2.075505e+07 1.046086e+06 
7.025550e+03 2.247684e+07 8.309510e+05 
7.226150e+03 2.369950e+07 8.186760e+05 
7.293050e+03 2.345048e+07 7.731940e+05 
6.088000e+03 1.933724e+07 1.510820e+06 
7.225850e+03 2.370407e+07 8.186760e+05 
6.210600e+03 1.922470e+07 1.359738e+06 
6.670700e+03 2.084847e+07 9.820330e+05 
6.236300e+03 1.943663e+07 1.284197e+06 
6.464000e+03 2.024123e+07 1.133115e+06 
7.307350e+03 2.381684e+07 7.731940e+05 
7.083800e+03 2.233096e+07 8.309510e+05 
6.181050e+03 1.909293e+07 1.510820e+06 
6.639450e+03 2.079554e+07 1.000604e+06 
7.093200e+03 2.235651e+07 8.309510e+05 
7.237150e+03 2.367467e+07 8.186760e+05 
7.273550e+03 2.372074e+07 7.731940e+05 
6.048700e+03 1.913426e+07 1.586361e+06 
6.980750e+03 2.222655e+07 8.641580e+05 
7.227550e+03 2.380771e+07 7.731940e+05 
6.517700e+03 2.025642e+07 1.057574e+06 
7.019050e+03 2.248119e+07 8.309510e+05 
6.210900e+03 1.913211e+07 1.359738e+06 
6.144000e+03 1.911206e+07 1.586361e+06 
5.936850e+03 1.872355e+07 1.661902e+06 
7.031700e+03 2.242138e+07 8.309510e+05 
6.448900e+03 2.025295e+07 1.133115e+06 
6.929600e+03 2.208671e+07 9.064920e+05 
6.160800e+03 1.901509e+07 1.586361e+06 
6.682650e+03 2.068323e+07 9.820330e+05 
6.286500e+03 1.953629e+07 1.208656e+06 
6.226600e+03 1.948317e+07 1.284197e+06 
7.026300e+03 2.246561e+07 8.309510e+05 
6.199800e+03 1.924037e+07 1.359738e+06 
6.700000e+03 2.079683e+07 9.820330e+05 
6.159450e+03 1.911273e+07 1.510820e+06 
6.099100e+03 1.930990e+07 1.510820e+06 
5.939000e+03 1.874445e+07 1.661902e+06 

6.653150e+03 2.115730e+07 9.820330e+05 
6.153750e+03 1.982234e+07 1.359738e+06 
6.083800e+03 1.934910e+07 1.510820e+06 
5.901400e+03 1.860980e+07 1.888525e+06 
6.132300e+03 1.955654e+07 1.435279e+06 
6.098500e+03 1.954668e+07 1.435279e+06 
8.258500e+03 2.528406e+07 8.309510e+05 
5.910600e+03 1.839336e+07 1.888525e+06 
8.087900e+03 2.528955e+07 8.309510e+05 
7.045750e+03 2.216508e+07 9.551220e+05 
5.902000e+03 1.829298e+07 1.888525e+06 
6.252200e+03 2.007530e+07 1.208656e+06 
6.261400e+03 2.006757e+07 1.208656e+06 
6.365550e+03 2.050277e+07 1.133115e+06 
5.967350e+03 1.859815e+07 1.812984e+06 
7.048100e+03 2.197960e+07 9.343980e+05 
5.969350e+03 1.858585e+07 1.812984e+06 
6.220200e+03 1.989951e+07 1.284197e+06 
6.239750e+03 2.007756e+07 1.208656e+06 
6.112400e+03 1.945743e+07 1.435279e+06 
7.104200e+03 2.228082e+07 9.005443e+05 
7.085700e+03 2.207427e+07 9.096400e+05 
5.970300e+03 1.867050e+07 1.737443e+06 
6.570000e+03 2.093218e+07 1.057574e+06 
5.952250e+03 1.873548e+07 1.812984e+06 
7.300700e+03 2.265366e+07 8.641580e+05 
5.970000e+03 1.887479e+07 1.737443e+06 
7.217100e+03 2.254392e+07 8.641580e+05 
6.682400e+03 2.115259e+07 9.820330e+05 
8.113100e+03 2.499529e+07 8.309510e+05 
6.190650e+03 1.970390e+07 1.359738e+06 
6.534350e+03 2.089950e+07 1.057574e+06 
7.066700e+03 2.195077e+07 9.551220e+05 
7.101500e+03 2.222992e+07 9.064920e+05 
6.007850e+03 1.888476e+07 1.661902e+06 
6.169650e+03 1.997181e+07 1.284197e+06 
6.076600e+03 1.951269e+07 1.510820e+06 
7.070700e+03 2.248030e+07 9.064920e+05 
6.693750e+03 2.123642e+07 9.820330e+05 
6.050650e+03 1.903264e+07 1.586361e+06 
5.953750e+03 1.861762e+07 1.812984e+06 
6.203850e+03 1.995407e+07 1.284197e+06 
6.296000e+03 2.006446e+07 1.208656e+06 
6.278100e+03 2.004424e+07 1.208656e+06 
6.023700e+03 1.891151e+07 1.661902e+06 
6.024350e+03 1.886802e+07 1.661902e+06 
6.590550e+03 2.089912e+07 1.057574e+06 
6.183500e+03 1.978496e+07 1.359738e+06 
7.118100e+03 2.207065e+07 9.343980e+05 
6.082700e+03 1.946530e+07 1.510820e+06 

6.205850e+03 1.943537e+07 1.510820e+06 
6.368300e+03 2.006389e+07 1.359738e+06 
6.326000e+03 2.006520e+07 1.359738e+06 
6.240450e+03 1.960892e+07 1.435279e+06 
6.084700e+03 1.917917e+07 1.737443e+06 
6.243050e+03 1.934438e+07 1.510820e+06 
6.247850e+03 1.952136e+07 1.435279e+06 
6.918600e+03 2.175081e+07 9.820330e+05 
5.996600e+03 1.874252e+07 1.888525e+06 
6.457850e+03 2.054012e+07 1.208656e+06 
6.674150e+03 2.107728e+07 1.057574e+06 
6.242050e+03 1.935763e+07 1.510820e+06 
6.117000e+03 1.929568e+07 1.661902e+06 
6.386450e+03 2.036631e+07 1.284197e+06 
6.096100e+03 1.913059e+07 1.737443e+06 
6.888400e+03 2.181395e+07 9.064920e+05 
6.615100e+03 2.106721e+07 1.057574e+06 
6.678750e+03 2.105691e+07 1.057574e+06 
6.922550e+03 2.171925e+07 9.820330e+05 
6.246600e+03 1.957987e+07 1.435279e+06 
6.355150e+03 2.003727e+07 1.359738e+06 
6.968700e+03 2.162290e+07 9.820330e+05 
6.227950e+03 1.943343e+07 1.510820e+06 
6.254650e+03 1.958047e+07 1.435279e+06 
5.979100e+03 1.877567e+07 1.888525e+06 
6.569150e+03 2.079279e+07 1.133115e+06 
5.990100e+03 1.878648e+07 1.812984e+06 
6.039700e+03 1.880031e+07 1.812984e+06 
6.231500e+03 1.926981e+07 1.586361e+06 
6.397550e+03 2.031557e+07 1.284197e+06 
6.108700e+03 1.937216e+07 1.661902e+06 
6.022700e+03 1.877074e+07 1.812984e+06 
6.227100e+03 1.924317e+07 1.586361e+06 
6.106500e+03 1.910285e+07 1.737443e+06 
6.981200e+03 2.155097e+07 9.820330e+05 
6.881100e+03 2.186978e+07 9.820330e+05 
6.134600e+03 1.932857e+07 1.586361e+06 
6.010000e+03 1.875817e+07 1.888525e+06 
5.994700e+03 1.874690e+07 1.888525e+06 
6.900650e+03 2.183386e+07 9.064920e+05 
6.413250e+03 2.053993e+07 1.208656e+06 
6.080600e+03 1.920977e+07 1.737443e+06 
6.117400e+03 1.924108e+07 1.661902e+06 
6.382950e+03 2.041270e+07 1.284197e+06 
6.237850e+03 1.942257e+07 1.510820e+06 
6.905750e+03 2.178834e+07 9.820330e+05 
6.024300e+03 1.873855e+07 1.888525e+06 
6.452550e+03 2.050117e+07 1.208656e+06 
6.552500e+03 2.081736e+07 1.133115e+06 
6.910550e+03 2.178548e+07 9.820330e+05 

6.034550e+03 1.891937e+07 1.510820e+06 
7.449550e+03 2.359535e+07 8.641580e+05 
7.164450e+03 2.268263e+07 9.064920e+05 
6.010100e+03 1.877196e+07 1.586361e+06 
5.939600e+03 1.845689e+07 1.737443e+06 
7.157050e+03 2.257184e+07 9.096400e+05 
6.524950e+03 2.067986e+07 1.133115e+06 
6.346850e+03 1.997500e+07 1.284197e+06 
6.030650e+03 1.924598e+07 1.510820e+06 
6.329350e+03 2.003281e+07 1.284197e+06 
7.246450e+03 2.303890e+07 9.064920e+05 
5.899700e+03 1.820488e+07 1.888525e+06 
6.076450e+03 1.913570e+07 1.435279e+06 
6.033000e+03 1.882148e+07 1.586361e+06 
6.305600e+03 1.975585e+07 1.359738e+06 
6.073650e+03 1.927732e+07 1.435279e+06 
6.352850e+03 2.007150e+07 1.208656e+06 
5.897950e+03 1.832838e+07 1.888525e+06 
6.022100e+03 1.901537e+07 1.586361e+06 
5.936850e+03 1.851297e+07 1.737443e+06 
6.078000e+03 1.914852e+07 1.435279e+06 
6.497000e+03 2.067802e+07 1.133115e+06 
6.359100e+03 1.991257e+07 1.284197e+06 
5.941150e+03 1.845517e+07 1.737443e+06 
7.135150e+03 2.241649e+07 9.096400e+05 
5.916850e+03 1.836832e+07 1.812984e+06 
5.945150e+03 1.845264e+07 1.737443e+06 
6.375650e+03 2.019959e+07 1.208656e+06 
6.639550e+03 2.087735e+07 1.057574e+06 
6.600400e+03 2.057826e+07 1.133115e+06 
5.932450e+03 1.856172e+07 1.737443e+06 
6.040200e+03 1.896136e+07 1.510820e+06 
6.004100e+03 1.869418e+07 1.661902e+06 
5.990800e+03 1.873987e+07 1.661902e+06 
6.963850e+03 2.178952e+07 9.820330e+05 
7.035400e+03 2.180834e+07 9.820330e+05 
6.370400e+03 2.000464e+07 1.284197e+06 
6.009700e+03 1.878479e+07 1.586361e+06 
6.531600e+03 2.054997e+07 1.133115e+06 
5.895800e+03 1.818811e+07 1.888525e+06 
5.934550e+03 1.859586e+07 1.737443e+06 
6.326600e+03 2.001476e+07 1.284197e+06 
6.608350e+03 2.054910e+07 1.133115e+06 
6.102250e+03 1.911362e+07 1.435279e+06 
6.012100e+03 1.869839e+07 1.661902e+06 
6.326700e+03 1.984613e+07 1.359738e+06 
7.462000e+03 2.364716e+07 8.641580e+05 
5.915600e+03 1.834970e+07 1.812984e+06 
5.941650e+03 1.845204e+07 1.737443e+06 
6.652100e+03 2.088839e+07 1.057574e+06 

6.517000e+03 2.073249e+07 1.000604e+06 
6.317350e+03 1.988801e+07 1.359738e+06 
6.478300e+03 2.079532e+07 9.820330e+05 
6.090600e+03 1.867892e+07 1.737443e+06 
5.957900e+03 1.841511e+07 1.888525e+06 
6.468100e+03 2.064483e+07 1.057574e+06 
6.269900e+03 1.980662e+07 1.435279e+06 
6.209950e+03 1.946421e+07 1.586361e+06 
6.363000e+03 2.022398e+07 1.208656e+06 
6.049550e+03 1.864610e+07 1.812984e+06 
6.557100e+03 2.082711e+07 9.820330e+05 
6.858750e+03 2.156526e+07 9.551220e+05 
6.443200e+03 2.060884e+07 1.133115e+06 
6.244350e+03 1.958514e+07 1.510820e+06 
6.302350e+03 1.988719e+07 1.359738e+06 
6.243500e+03 1.962378e+07 1.510820e+06 
6.269650e+03 1.980822e+07 1.435279e+06 
6.930400e+03 2.176414e+07 9.343980e+05 
6.477600e+03 2.064120e+07 1.057574e+06 
6.166150e+03 1.895507e+07 1.661902e+06 
6.291850e+03 1.989400e+07 1.359738e+06 
6.465800e+03 2.057700e+07 1.133115e+06 
6.370350e+03 2.024504e+07 1.208656e+06 
6.206800e+03 1.949727e+07 1.586361e+06 
6.203700e+03 1.955706e+07 1.586361e+06 
6.247050e+03 1.960093e+07 1.510820e+06 
6.879900e+03 2.151886e+07 9.551220e+05 
6.154300e+03 1.897959e+07 1.661902e+06 
6.276350e+03 1.974073e+07 1.435279e+06 
6.496200e+03 2.078253e+07 1.000604e+06 
7.005300e+03 2.213346e+07 9.064920e+05 
6.347450e+03 2.022867e+07 1.208656e+06 
5.955500e+03 1.854296e+07 1.888525e+06 
6.530900e+03 2.078262e+07 9.820330e+05 
6.481500e+03 2.063318e+07 1.057574e+06 
6.212050e+03 1.944210e+07 1.586361e+06 
6.323950e+03 2.011591e+07 1.284197e+06 
6.346750e+03 2.023256e+07 1.208656e+06 
6.275100e+03 1.978669e+07 1.435279e+06 
6.353650e+03 2.022759e+07 1.208656e+06 
6.052850e+03 1.857478e+07 1.812984e+06 
6.328250e+03 2.007675e+07 1.284197e+06 
6.363900e+03 2.014617e+07 1.208656e+06 
5.956200e+03 1.841167e+07 1.888525e+06 
6.477100e+03 2.065223e+07 1.057574e+06 
6.856800e+03 2.169957e+07 9.343980e+05 
6.081500e+03 1.864937e+07 1.737443e+06 
6.498400e+03 2.074927e+07 1.000604e+06 
6.160800e+03 1.893640e+07 1.661902e+06 
7.064550e+03 2.216712e+07 9.215640e+05 

6.085200e+03 1.886629e+07 1.661902e+06 
6.194150e+03 1.940338e+07 1.510820e+06 
6.562450e+03 2.091899e+07 1.133115e+06 
6.158200e+03 1.974143e+07 1.359738e+06 
6.396550e+03 2.057539e+07 1.208656e+06 
5.966950e+03 1.846988e+07 1.888525e+06 
6.372450e+03 2.037923e+07 1.208656e+06 
6.123000e+03 1.915319e+07 1.586361e+06 
6.645150e+03 2.126654e+07 9.064920e+05 
6.686650e+03 2.146307e+07 8.309510e+05 
6.610300e+03 2.115630e+07 9.820330e+05 
6.133300e+03 1.969153e+07 1.359738e+06 
6.115400e+03 1.973951e+07 1.435279e+06 
6.130000e+03 1.963099e+07 1.435279e+06 
6.637100e+03 2.123496e+07 9.064920e+05 
6.117400e+03 1.954114e+07 1.510820e+06 
6.564550e+03 2.085151e+07 1.133115e+06 
5.973850e+03 1.853433e+07 1.812984e+06 
6.684300e+03 2.141612e+07 8.309510e+05 
6.071600e+03 1.890238e+07 1.661902e+06 
6.394550e+03 2.038373e+07 1.284197e+06 
6.679800e+03 2.163735e+07 8.309510e+05 
5.975550e+03 1.854615e+07 1.812984e+06 
5.953950e+03 1.844100e+07 1.888525e+06 
5.951050e+03 1.849844e+07 1.888525e+06 
6.139000e+03 1.915170e+07 1.586361e+06 
6.040100e+03 1.870345e+07 1.737443e+06 
6.033200e+03 1.872043e+07 1.737443e+06 
6.103050e+03 1.943231e+07 1.586361e+06 
6.172150e+03 1.938284e+07 1.510820e+06 
6.582050e+03 2.099514e+07 1.057574e+06 
6.555550e+03 2.094694e+07 1.133115e+06 
6.085700e+03 1.888607e+07 1.661902e+06 
6.081900e+03 1.889663e+07 1.661902e+06 
6.651350e+03 2.142366e+07 8.674190e+05 
6.162500e+03 1.912157e+07 1.586361e+06 
6.160600e+03 1.912179e+07 1.586361e+06 
6.618750e+03 2.128280e+07 9.064920e+05 
6.083550e+03 1.949632e+07 1.586361e+06 
5.966350e+03 1.858548e+07 1.812984e+06 
6.160600e+03 1.913188e+07 1.586361e+06 
6.542350e+03 2.095786e+07 1.057574e+06 
6.565750e+03 2.095245e+07 1.057574e+06 
6.126150e+03 1.915498e+07 1.586361e+06 
6.043500e+03 1.869323e+07 1.737443e+06 
6.041100e+03 1.869274e+07 1.737443e+06 
5.954550e+03 1.843693e+07 1.888525e+06 
6.057550e+03 1.891541e+07 1.661902e+06 
6.095750e+03 1.955891e+07 1.510820e+06 
6.094450e+03 1.947065e+07 1.586361e+06 

6.027950e+03 1.907015e+07 1.661902e+06 
6.356350e+03 2.033399e+07 1.208656e+06 
6.259600e+03 1.988012e+07 1.284197e+06 
6.646850e+03 2.150684e+07 9.820330e+05 
6.371150e+03 2.038492e+07 1.208656e+06 
6.238250e+03 1.978854e+07 1.359738e+06 
6.241400e+03 1.978839e+07 1.359738e+06 
6.341450e+03 2.043468e+07 1.208656e+06 
6.031500e+03 1.908057e+07 1.661902e+06 
6.812200e+03 2.205635e+07 9.064920e+05 
6.343850e+03 2.038274e+07 1.208656e+06 
6.369050e+03 2.058983e+07 1.208656e+06 
6.025900e+03 1.907313e+07 1.661902e+06 
6.890850e+03 2.214195e+07 8.309510e+05 
6.295850e+03 2.000841e+07 1.284197e+06 
6.015550e+03 1.897120e+07 1.737443e+06 
6.841250e+03 2.196925e+07 9.064920e+05 
6.569250e+03 2.120163e+07 1.057574e+06 
6.204750e+03 1.965737e+07 1.435279e+06 
6.241050e+03 1.981471e+07 1.359738e+06 
6.127350e+03 1.938937e+07 1.586361e+06 
6.418700e+03 2.064153e+07 1.133115e+06 
6.210950e+03 1.967153e+07 1.435279e+06 
6.899850e+03 2.213400e+07 8.641580e+05 
6.634600e+03 2.157179e+07 9.820330e+05 
6.866650e+03 2.191572e+07 9.096400e+05 
6.226050e+03 1.985642e+07 1.359738e+06 
6.839150e+03 2.197266e+07 9.064920e+05 
6.824950e+03 2.199953e+07 9.064920e+05 
5.994750e+03 1.884497e+07 1.812984e+06 
6.006750e+03 1.894736e+07 1.737443e+06 
6.563700e+03 2.110195e+07 1.057574e+06 
6.850550e+03 2.200026e+07 9.064920e+05 
6.237850e+03 1.980734e+07 1.359738e+06 
6.852750e+03 2.221842e+07 8.641580e+05 
6.230450e+03 1.981791e+07 1.359738e+06 
6.851050e+03 2.227802e+07 8.309510e+05 
6.219150e+03 1.992423e+07 1.359738e+06 
6.653900e+03 2.149064e+07 9.820330e+05 
6.787550e+03 2.187641e+07 9.096400e+05 
6.444400e+03 2.067366e+07 1.133115e+06 
5.989500e+03 1.883316e+07 1.812984e+06 
6.831750e+03 2.199877e+07 9.064920e+05 
6.136150e+03 1.944056e+07 1.510820e+06 
6.142450e+03 1.945739e+07 1.510820e+06 
6.117550e+03 1.936915e+07 1.586361e+06 
6.546350e+03 2.115399e+07 1.057574e+06 
6.894150e+03 2.222620e+07 8.309510e+05 
6.647050e+03 2.148766e+07 9.820330e+05 
6.221350e+03 1.986192e+07 1.359738e+06 

6.215500e+03 1.975536e+07 1.208656e+06 
6.021350e+03 1.909641e+07 1.586361e+06 
6.533800e+03 2.104357e+07 9.820330e+05 
6.679950e+03 2.172409e+07 8.309510e+05 
6.631550e+03 2.152136e+07 8.641580e+05 
5.983700e+03 1.894042e+07 1.661902e+06 
6.022850e+03 1.911218e+07 1.510820e+06 
6.251300e+03 1.990120e+07 1.133115e+06 
6.025150e+03 1.912770e+07 1.510820e+06 
6.144950e+03 1.964224e+07 1.284197e+06 
6.534550e+03 2.101060e+07 9.820330e+05 
6.652950e+03 2.157804e+07 8.641580e+05 
6.632850e+03 2.125911e+07 9.096400e+05 
6.019850e+03 1.911247e+07 1.510820e+06 
5.979000e+03 1.899828e+07 1.661902e+06 
6.151450e+03 1.962155e+07 1.284197e+06 
6.119650e+03 1.951039e+07 1.359738e+06 
6.429800e+03 2.054454e+07 1.057574e+06 
6.130650e+03 1.950459e+07 1.359738e+06 
6.520300e+03 2.118666e+07 9.820330e+05 
6.045150e+03 1.930157e+07 1.435279e+06 
6.570200e+03 2.122619e+07 9.551220e+05 
6.565200e+03 2.106934e+07 9.820330e+05 
6.605150e+03 2.112376e+07 9.064920e+05 
6.666250e+03 2.177766e+07 8.309510e+05 
6.114450e+03 1.951736e+07 1.359738e+06 
6.241650e+03 1.988424e+07 1.133115e+06 
6.274800e+03 1.983805e+07 1.133115e+06 
6.018050e+03 1.911409e+07 1.586361e+06 
6.221000e+03 1.976900e+07 1.208656e+06 
6.225600e+03 1.975981e+07 1.208656e+06 
5.983000e+03 1.894555e+07 1.661902e+06 
6.214500e+03 1.980829e+07 1.208656e+06 
5.982200e+03 1.894613e+07 1.661902e+06 
6.118500e+03 1.948861e+07 1.359738e+06 
5.985500e+03 1.888199e+07 1.661902e+06 
6.552800e+03 2.156526e+07 9.064920e+05 
5.982500e+03 1.894706e+07 1.661902e+06 
6.687350e+03 2.131476e+07 9.064920e+05 
6.509700e+03 2.110599e+07 9.551220e+05 
6.710150e+03 2.176735e+07 8.309510e+05 
6.054600e+03 1.929264e+07 1.435279e+06 
6.017550e+03 1.908266e+07 1.586361e+06 
6.424600e+03 2.053074e+07 1.057574e+06 
6.036950e+03 1.919800e+07 1.435279e+06 
6.143550e+03 1.956829e+07 1.284197e+06 
6.540500e+03 2.126941e+07 9.096400e+05 
6.690650e+03 2.176987e+07 8.309510e+05 
5.988200e+03 1.888534e+07 1.661902e+06 
6.533900e+03 2.136831e+07 9.064920e+05 

5.960600e+03 1.847900e+07 1.888525e+06 
6.004100e+03 1.908731e+07 1.737443e+06 
6.521000e+03 2.072952e+07 1.057574e+06 
6.011950e+03 1.904181e+07 1.661902e+06 
6.489750e+03 2.056139e+07 1.208656e+06 
6.015350e+03 1.903752e+07 1.661902e+06 
5.958500e+03 1.845329e+07 1.888525e+06 
6.387900e+03 1.996359e+07 1.359738e+06 
6.409550e+03 1.996247e+07 1.359738e+06 
6.527500e+03 2.062393e+07 1.133115e+06 
6.636100e+03 2.114437e+07 9.096400e+05 
6.072100e+03 1.941306e+07 1.510820e+06 
6.391150e+03 2.025332e+07 1.284197e+06 
6.565700e+03 2.089586e+07 1.046086e+06 
6.570900e+03 2.092797e+07 9.551220e+05 
6.005050e+03 1.909553e+07 1.661902e+06 
5.967450e+03 1.849413e+07 1.812984e+06 
6.515700e+03 2.071090e+07 1.133115e+06 
5.969450e+03 1.849723e+07 1.812984e+06 
6.477600e+03 2.067772e+07 1.208656e+06 
6.042800e+03 1.928058e+07 1.586361e+06 
6.371350e+03 2.006383e+07 1.359738e+06 
6.740900e+03 2.122896e+07 9.096400e+05 
5.943000e+03 1.855549e+07 1.888525e+06 
6.514650e+03 2.053668e+07 1.208656e+06 
5.957600e+03 1.858514e+07 1.812984e+06 
5.944100e+03 1.851210e+07 1.888525e+06 
6.693700e+03 2.130094e+07 9.064920e+05 
6.185150e+03 1.976495e+07 1.435279e+06 
6.376250e+03 1.999799e+07 1.359738e+06 
6.019350e+03 1.905349e+07 1.661902e+06 
6.405550e+03 2.010582e+07 1.284197e+06 
6.421450e+03 2.029307e+07 1.284197e+06 
6.474100e+03 2.083588e+07 1.208656e+06 
5.950900e+03 1.845826e+07 1.888525e+06 
6.066200e+03 1.946585e+07 1.510820e+06 
6.012200e+03 1.897872e+07 1.737443e+06 
6.914150e+03 2.238780e+07 8.734826e+05 
6.248500e+03 2.006551e+07 1.359738e+06 
6.018300e+03 1.879594e+07 1.737443e+06 
6.523950e+03 2.074523e+07 1.057574e+06 
5.966150e+03 1.855148e+07 1.812984e+06 
6.201650e+03 1.981264e+07 1.435279e+06 
5.950000e+03 1.848038e+07 1.888525e+06 
6.005800e+03 1.903200e+07 1.737443e+06 
6.071900e+03 1.941009e+07 1.510820e+06 
6.822850e+03 2.181551e+07 8.734826e+05 
6.588700e+03 2.088238e+07 1.000604e+06 
6.508400e+03 2.054667e+07 1.208656e+06 
6.325000e+03 2.031189e+07 1.284197e+06 

