6.194350e+03 2.518165e+07 2.468467e+06 
6.218600e+03 2.523348e+07 2.213108e+06 
6.793800e+03 2.747597e+07 1.787511e+06 
6.841300e+03 2.827261e+07 1.532152e+06 
7.349150e+03 2.980906e+07 1.244873e+06 
8.100900e+03 3.285441e+07 1.106554e+06 
1.069335e+04 4.004391e+07 8.525681e+05 
6.915100e+03 2.880022e+07 1.510820e+06 
6.380750e+03 2.599952e+07 2.042869e+06 
6.333950e+03 2.591734e+07 2.042869e+06 
6.338850e+03 2.538140e+07 2.127989e+06 
6.979550e+03 2.929564e+07 1.435279e+06 
8.199350e+03 3.327199e+07 1.074634e+06 
6.204100e+03 2.508596e+07 2.298228e+06 
8.254000e+03 3.328473e+07 1.057574e+06 
6.880500e+03 2.830736e+07 1.532152e+06 
6.775300e+03 2.802965e+07 1.617271e+06 
8.579000e+03 3.486660e+07 9.703035e+05 
6.180650e+03 2.518552e+07 2.468467e+06 
8.347550e+03 3.403599e+07 9.926605e+05 
7.225900e+03 2.941971e+07 1.361913e+06 
6.929800e+03 2.849030e+07 1.510820e+06 
8.220450e+03 3.323969e+07 1.057574e+06 
6.349350e+03 2.543432e+07 2.127989e+06 
6.781100e+03 2.789495e+07 1.617271e+06 
6.828800e+03 2.851773e+07 1.532152e+06 
7.266100e+03 2.980492e+07 1.284197e+06 
7.363650e+03 2.962673e+07 1.284197e+06 
8.189400e+03 3.333301e+07 1.057574e+06 
6.834750e+03 2.846551e+07 1.532152e+06 
6.829350e+03 2.831828e+07 1.586361e+06 
6.287350e+03 2.565202e+07 2.127989e+06 
6.565850e+03 2.721125e+07 1.957750e+06 
8.903900e+03 3.544978e+07 9.117708e+05 
6.167700e+03 2.515549e+07 2.553587e+06 
6.581300e+03 2.713410e+07 1.957750e+06 
7.322400e+03 3.009550e+07 1.276793e+06 
6.327300e+03 2.539266e+07 2.127989e+06 
6.170400e+03 2.524377e+07 2.553587e+06 
7.239950e+03 2.936154e+07 1.415112e+06 
7.318650e+03 2.969241e+07 1.284197e+06 
8.805650e+03 3.524917e+07 9.211174e+05 
1.025850e+04 3.954689e+07 8.853436e+05 
8.751550e+03 3.517171e+07 9.211174e+05 
7.275200e+03 2.960794e+07 1.329992e+06 
7.726450e+03 3.122258e+07 1.191674e+06 
6.322400e+03 2.544144e+07 2.127989e+06 
7.253350e+03 2.981448e+07 1.359738e+06 
9.027600e+03 3.608682e+07 9.064920e+05 
6.819400e+03 2.765222e+07 1.702391e+06 
6.301300e+03 2.556624e+07 2.127989e+06 
6.846600e+03 2.852664e+07 1.510820e+06 
6.773450e+03 2.740577e+07 1.787511e+06 
8.459600e+03 3.391403e+07 9.895141e+05 
1.042545e+04 3.982842e+07 8.525681e+05 
7.331100e+03 3.002668e+07 1.276793e+06 
7.408100e+03 2.976105e+07 1.284197e+06 
8.190900e+03 3.286820e+07 1.106554e+06 
6.962150e+03 2.847674e+07 1.510820e+06 
6.613550e+03 2.708062e+07 1.957750e+06 
7.313050e+03 2.955620e+07 1.361913e+06 
7.187550e+03 2.958493e+07 1.361913e+06 
6.309800e+03 2.547226e+07 2.127989e+06 
6.902000e+03 2.776612e+07 1.702391e+06 
6.640150e+03 2.726730e+07 1.872630e+06 
6.835100e+03 2.752617e+07 1.702391e+06 
8.582150e+03 3.451210e+07 9.363151e+05 
7.482900e+03 3.025911e+07 1.208656e+06 
6.176650e+03 2.523240e+07 2.468467e+06 
7.248750e+03 2.931538e+07 1.361913e+06 
6.903000e+03 2.849817e+07 1.510820e+06 
6.174550e+03 2.510632e+07 2.553587e+06 
6.208800e+03 2.505329e+07 2.298228e+06 
6.967450e+03 2.918024e+07 1.447032e+06 
6.735250e+03 2.791594e+07 1.787511e+06 
6.196650e+03 2.514549e+07 2.468467e+06 
6.298450e+03 2.562377e+07 2.127989e+06 
8.205000e+03 3.316583e+07 1.074634e+06 
8.444700e+03 3.389345e+07 9.895141e+05 
7.288900e+03 2.964854e+07 1.298072e+06 
6.204250e+03 2.526026e+07 2.213108e+06 
6.162800e+03 2.515811e+07 2.553587e+06 
7.470800e+03 3.020789e+07 1.208656e+06 
8.320150e+03 3.377005e+07 1.021435e+06 
6.691600e+03 2.721783e+07 1.872630e+06 
6.197750e+03 2.507654e+07 2.298228e+06 
6.219200e+03 2.523789e+07 2.213108e+06 
6.721000e+03 2.802906e+07 1.787511e+06 
6.739800e+03 2.780307e+07 1.702391e+06 
6.769000e+03 2.749089e+07 1.787511e+06 
7.831000e+03 3.167660e+07 1.191674e+06 
6.800150e+03 2.839888e+07 1.586361e+06 
9.151700e+03 3.645715e+07 9.117708e+05 
8.069300e+03 3.257556e+07 1.133115e+06 
8.483050e+03 3.394964e+07 9.820330e+05 
6.752200e+03 2.791741e+07 1.617271e+06 
6.309800e+03 2.552209e+07 2.127989e+06 
6.951250e+03 2.912398e+07 1.447032e+06 
6.596850e+03 2.706029e+07 1.957750e+06 
8.556400e+03 3.393712e+07 9.820330e+05 

6.815300e+03 2.787407e+07 1.702391e+06 
7.029750e+03 2.873234e+07 1.510820e+06 
8.839650e+03 3.605759e+07 8.629888e+05 
7.961900e+03 3.279614e+07 1.106554e+06 
6.218350e+03 2.495249e+07 2.468467e+06 
7.028650e+03 2.861120e+07 1.532152e+06 
8.288550e+03 3.335929e+07 1.057574e+06 
9.219600e+03 3.770017e+07 8.309510e+05 
6.520650e+03 2.608806e+07 1.957750e+06 
9.035550e+03 3.703988e+07 8.412954e+05 
6.838900e+03 2.784068e+07 1.702391e+06 
7.778450e+03 3.256227e+07 1.074634e+06 
8.171650e+03 3.401005e+07 9.820330e+05 
6.424450e+03 2.565517e+07 2.213108e+06 
6.340900e+03 2.558349e+07 2.298228e+06 
7.784500e+03 3.158815e+07 1.208656e+06 
8.292500e+03 3.329384e+07 9.820330e+05 
7.704650e+03 3.172888e+07 1.159753e+06 
8.887050e+03 3.570726e+07 8.589143e+05 
8.335550e+03 3.486297e+07 9.337938e+05 
7.732350e+03 3.225062e+07 1.133115e+06 
8.218750e+03 3.365971e+07 9.820330e+05 
7.402700e+03 3.063374e+07 1.361913e+06 
9.091950e+03 3.598822e+07 8.585176e+05 
7.466200e+03 3.085734e+07 1.284197e+06 
7.742300e+03 3.168434e+07 1.244873e+06 
6.194950e+03 2.488955e+07 2.468467e+06 
9.380600e+03 3.781011e+07 8.236766e+05 
8.373950e+03 3.420594e+07 9.121750e+05 
7.424800e+03 3.070758e+07 1.359738e+06 
6.418600e+03 2.581151e+07 2.213108e+06 
8.430400e+03 3.450580e+07 8.764034e+05 
9.089650e+03 3.724614e+07 8.511955e+05 
7.797300e+03 3.195634e+07 1.133115e+06 
9.531350e+03 3.938419e+07 8.227461e+05 
6.573400e+03 2.630234e+07 1.872630e+06 
6.189050e+03 2.499318e+07 2.468467e+06 
9.444600e+03 3.792854e+07 8.236766e+05 
6.505850e+03 2.584496e+07 2.127989e+06 
8.823900e+03 3.565049e+07 8.629888e+05 
6.540250e+03 2.611950e+07 1.957750e+06 
6.871050e+03 2.808022e+07 1.586361e+06 
6.854200e+03 2.792374e+07 1.617271e+06 
8.392900e+03 3.413240e+07 9.363151e+05 
7.570950e+03 3.125859e+07 1.276793e+06 
8.237050e+03 3.303828e+07 1.074634e+06 
7.373500e+03 3.035466e+07 1.435279e+06 
7.202350e+03 2.957896e+07 1.447032e+06 
6.199150e+03 2.500366e+07 2.553587e+06 
7.708250e+03 3.219280e+07 1.127833e+06 
8.367300e+03 3.347202e+07 9.895141e+05 
8.235900e+03 3.355598e+07 9.895141e+05 
6.604650e+03 2.636025e+07 1.872630e+06 
6.692350e+03 2.685666e+07 1.787511e+06 
8.956700e+03 3.679912e+07 8.577168e+05 
9.201950e+03 3.871360e+07 8.309510e+05 
8.313750e+03 3.351649e+07 9.820330e+05 
7.713950e+03 3.210449e+07 1.208656e+06 
6.895750e+03 2.811976e+07 1.586361e+06 
6.479150e+03 2.595852e+07 2.042869e+06 
6.454000e+03 2.582556e+07 2.127989e+06 
7.833700e+03 3.279839e+07 1.057574e+06 
7.474350e+03 3.101720e+07 1.276793e+06 
8.548950e+03 3.489748e+07 8.764034e+05 
9.005050e+03 3.629831e+07 8.585176e+05 
6.441600e+03 2.591992e+07 2.127989e+06 
6.817300e+03 2.782814e+07 1.702391e+06 
8.511400e+03 3.437495e+07 9.064920e+05 
7.414600e+03 3.070476e+07 1.359738e+06 
7.792350e+03 3.170653e+07 1.208656e+06 
6.838700e+03 2.797427e+07 1.617271e+06 
7.760800e+03 3.192272e+07 1.133115e+06 
9.121700e+03 3.681550e+07 8.412954e+05 
8.441700e+03 3.433928e+07 9.363151e+05 
7.092350e+03 2.891123e+07 1.510820e+06 
6.528100e+03 2.608670e+07 1.957750e+06 
8.265900e+03 3.337448e+07 9.820330e+05 
8.495000e+03 3.525467e+07 8.764034e+05 
6.190750e+03 2.493710e+07 2.468467e+06 
8.608150e+03 3.480392e+07 9.064920e+05 
6.332600e+03 2.557244e+07 2.298228e+06 
6.966700e+03 2.852395e+07 1.532152e+06 
9.395850e+03 3.927616e+07 8.227461e+05 
7.479950e+03 3.100832e+07 1.276793e+06 
8.872850e+03 3.604473e+07 8.589143e+05 
6.268650e+03 2.519084e+07 2.383347e+06 
7.434200e+03 3.075301e+07 1.284197e+06 
7.626900e+03 3.188443e+07 1.208656e+06 
6.809150e+03 2.793523e+07 1.617271e+06 
7.690300e+03 3.194606e+07 1.159753e+06 
6.661600e+03 2.684323e+07 1.787511e+06 
6.427500e+03 2.566109e+07 2.213108e+06 
6.457700e+03 2.592745e+07 2.042869e+06 
9.134800e+03 3.639176e+07 8.585176e+05 
7.142700e+03 2.942918e+07 1.447032e+06 
7.320800e+03 3.025987e+07 1.361913e+06 
8.225000e+03 3.424282e+07 1.074634e+06 
6.252400e+03 2.512375e+07 2.383347e+06 
6.443750e+03 2.586244e+07 2.127989e+06 
8.215000e+03 3.355175e+07 1.021435e+06 

8.321600e+03 3.332502e+07 1.021435e+06 
8.683400e+03 3.492361e+07 9.363151e+05 
7.727750e+03 3.090974e+07 1.284197e+06 
6.202600e+03 2.541015e+07 2.468467e+06 
8.358450e+03 3.314637e+07 1.057574e+06 
7.448100e+03 3.098700e+07 1.361913e+06 
7.119700e+03 2.927715e+07 1.510820e+06 
6.416050e+03 2.620654e+07 2.213108e+06 
7.654200e+03 3.076255e+07 1.276793e+06 
7.665650e+03 3.050585e+07 1.404473e+06 
6.273800e+03 2.560540e+07 2.298228e+06 
6.845650e+03 2.845233e+07 1.617271e+06 
6.199600e+03 2.519780e+07 2.468467e+06 
6.813000e+03 2.819334e+07 1.787511e+06 
6.613100e+03 2.701556e+07 2.042869e+06 
7.583550e+03 3.129557e+07 1.284197e+06 
6.468300e+03 2.651511e+07 2.127989e+06 
6.212050e+03 2.535175e+07 2.383347e+06 
6.579950e+03 2.725828e+07 2.042869e+06 
8.323150e+03 3.327631e+07 1.063994e+06 
6.671500e+03 2.761109e+07 1.872630e+06 
6.213600e+03 2.533005e+07 2.383347e+06 
7.567550e+03 3.044800e+07 1.415112e+06 
8.623450e+03 3.495959e+07 9.820330e+05 
7.620250e+03 3.053409e+07 1.361913e+06 
6.576500e+03 2.702306e+07 2.042869e+06 
6.662400e+03 2.764725e+07 1.872630e+06 
6.276000e+03 2.556714e+07 2.298228e+06 
7.562200e+03 3.052274e+07 1.361913e+06 
6.415400e+03 2.617823e+07 2.213108e+06 
7.476800e+03 3.081732e+07 1.284197e+06 
7.719400e+03 3.126675e+07 1.191674e+06 
7.749600e+03 3.119924e+07 1.191674e+06 
6.682500e+03 2.775621e+07 1.872630e+06 
6.917500e+03 2.857922e+07 1.617271e+06 
7.188550e+03 2.986632e+07 1.447032e+06 
8.251900e+03 3.319330e+07 1.063994e+06 
7.751800e+03 3.090240e+07 1.284197e+06 
6.468950e+03 2.649144e+07 2.127989e+06 
7.530900e+03 3.116550e+07 1.276793e+06 
9.064250e+03 3.583665e+07 9.064920e+05 
8.915800e+03 3.530996e+07 9.121750e+05 
8.668100e+03 3.497687e+07 9.820330e+05 
8.919300e+03 3.503849e+07 9.363151e+05 
8.983500e+03 3.495256e+07 9.895141e+05 
6.213100e+03 2.523419e+07 2.468467e+06 
9.587000e+03 3.608845e+07 8.764034e+05 
7.598050e+03 3.048637e+07 1.361913e+06 
6.376750e+03 2.622765e+07 2.213108e+06 
6.486800e+03 2.646006e+07 2.127989e+06 
7.551100e+03 3.033524e+07 1.435279e+06 
8.393450e+03 3.333963e+07 1.057574e+06 
8.168250e+03 3.258934e+07 1.133115e+06 
6.612400e+03 2.698469e+07 2.042869e+06 
6.595700e+03 2.737560e+07 1.957750e+06 
7.120900e+03 2.952217e+07 1.447032e+06 
8.724100e+03 3.511004e+07 9.363151e+05 
6.287800e+03 2.565116e+07 2.298228e+06 
7.526100e+03 3.077470e+07 1.359738e+06 
8.131400e+03 3.243785e+07 1.149114e+06 
7.012250e+03 2.907833e+07 1.532152e+06 
7.699100e+03 3.067742e+07 1.359738e+06 
7.671500e+03 3.079169e+07 1.319353e+06 
6.477500e+03 2.652388e+07 2.127989e+06 
6.999500e+03 2.902529e+07 1.532152e+06 
9.308550e+03 3.607323e+07 9.064920e+05 
6.396750e+03 2.626573e+07 2.213108e+06 
6.620100e+03 2.741376e+07 1.957750e+06 
7.742500e+03 3.077670e+07 1.359738e+06 
8.224050e+03 3.272523e+07 1.106554e+06 
7.484400e+03 3.062902e+07 1.361913e+06 
6.205850e+03 2.526127e+07 2.553587e+06 
6.274300e+03 2.582583e+07 2.298228e+06 
7.667350e+03 3.165177e+07 1.244873e+06 
7.555800e+03 3.050353e+07 1.415112e+06 
6.952100e+03 2.814154e+07 1.787511e+06 
6.208650e+03 2.539674e+07 2.468467e+06 
6.194250e+03 2.527914e+07 2.553587e+06 
7.519100e+03 3.019751e+07 1.435279e+06 
7.772600e+03 3.118062e+07 1.191674e+06 
7.710300e+03 3.092740e+07 1.276793e+06 
7.553900e+03 3.058138e+07 1.415112e+06 
6.869450e+03 2.851809e+07 1.702391e+06 
8.865200e+03 3.498851e+07 9.121750e+05 
9.660100e+03 3.707029e+07 8.764034e+05 
6.217700e+03 2.540678e+07 2.383347e+06 
6.857450e+03 2.802750e+07 1.787511e+06 
7.505550e+03 3.062100e+07 1.415112e+06 
6.222700e+03 2.531618e+07 2.383347e+06 
6.896450e+03 2.840314e+07 1.702391e+06 
8.113050e+03 3.258682e+07 1.106554e+06 
7.546350e+03 3.101334e+07 1.276793e+06 
6.261600e+03 2.534176e+07 2.383347e+06 
6.858200e+03 2.839247e+07 1.702391e+06 
6.826700e+03 2.839773e+07 1.787511e+06 
7.715500e+03 3.119312e+07 1.191674e+06 
8.433150e+03 3.346597e+07 1.021435e+06 
7.493100e+03 3.084541e+07 1.361913e+06 
8.165250e+03 3.321661e+07 1.106554e+06 
8.030700e+03 3.208930e+07 1.149114e+06 

8.033550e+03 3.308300e+07 1.021435e+06 
6.165250e+03 2.509709e+07 2.553587e+06 
7.931200e+03 3.460004e+07 9.820330e+05 
7.330350e+03 2.986803e+07 1.208656e+06 
8.508750e+03 3.645367e+07 9.064920e+05 
6.357650e+03 2.612842e+07 2.042869e+06 
7.271050e+03 3.028672e+07 1.208656e+06 
8.693300e+03 3.496213e+07 9.345320e+05 
7.904550e+03 3.458993e+07 9.895141e+05 
8.158800e+03 3.542927e+07 9.363151e+05 
7.210250e+03 2.965775e+07 1.276793e+06 
7.363700e+03 3.005687e+07 1.191674e+06 
6.221450e+03 2.533603e+07 2.383347e+06 
6.280500e+03 2.560541e+07 2.213108e+06 
7.307650e+03 3.011726e+07 1.191674e+06 
7.043250e+03 2.868153e+07 1.447032e+06 
8.667100e+03 3.504955e+07 9.064920e+05 
7.890500e+03 3.452942e+07 1.074634e+06 
6.862450e+03 2.788021e+07 1.617271e+06 
6.162000e+03 2.506034e+07 2.553587e+06 
8.104200e+03 3.551634e+07 9.121750e+05 
6.239500e+03 2.541654e+07 2.383347e+06 
6.305700e+03 2.594427e+07 2.127989e+06 
6.662000e+03 2.801171e+07 1.702391e+06 
6.359300e+03 2.601260e+07 2.042869e+06 
7.330600e+03 3.028099e+07 1.191674e+06 
6.668100e+03 2.773830e+07 1.702391e+06 
8.719150e+03 3.520778e+07 8.764034e+05 
6.499350e+03 2.667383e+07 1.872630e+06 
6.590350e+03 2.744232e+07 1.787511e+06 
6.175950e+03 2.508047e+07 2.553587e+06 
7.135100e+03 2.893681e+07 1.361913e+06 
7.892500e+03 3.448266e+07 1.074634e+06 
7.453600e+03 3.017910e+07 1.133115e+06 
6.474900e+03 2.667149e+07 1.872630e+06 
8.062600e+03 3.497508e+07 9.363151e+05 
7.904300e+03 3.430565e+07 9.895141e+05 
7.476950e+03 3.039827e+07 1.133115e+06 
6.604550e+03 2.779200e+07 1.787511e+06 
6.876600e+03 2.818072e+07 1.532152e+06 
6.256000e+03 2.540200e+07 2.298228e+06 
7.233450e+03 2.960164e+07 1.276793e+06 
8.561600e+03 3.467001e+07 9.363151e+05 
7.949050e+03 3.280222e+07 1.074634e+06 
7.986000e+03 3.479226e+07 9.820330e+05 
7.389900e+03 3.041210e+07 1.133115e+06 
6.313600e+03 2.579856e+07 2.127989e+06 
6.252300e+03 2.539267e+07 2.298228e+06 
8.673350e+03 3.450160e+07 9.820330e+05 
7.345600e+03 3.007417e+07 1.191674e+06 
7.393900e+03 3.053929e+07 1.133115e+06 
6.334750e+03 2.593227e+07 2.042869e+06 
8.718250e+03 3.528827e+07 8.764034e+05 
8.640150e+03 3.537304e+07 9.064920e+05 
7.096600e+03 2.887681e+07 1.447032e+06 
6.866350e+03 2.797914e+07 1.532152e+06 
7.959800e+03 3.270980e+07 1.074634e+06 
6.227650e+03 2.555958e+07 2.468467e+06 
6.427900e+03 2.628197e+07 1.957750e+06 
6.329700e+03 2.577036e+07 2.127989e+06 
6.803450e+03 2.788830e+07 1.617271e+06 
6.901000e+03 2.799269e+07 1.532152e+06 
6.395700e+03 2.623251e+07 1.957750e+06 
8.710950e+03 3.539956e+07 8.764034e+05 
6.228850e+03 2.532664e+07 2.383347e+06 
7.955800e+03 3.271441e+07 1.057574e+06 
7.964100e+03 3.272228e+07 1.057574e+06 
6.618350e+03 2.750232e+07 1.787511e+06 
7.137800e+03 2.897738e+07 1.361913e+06 
6.252650e+03 2.537895e+07 2.298228e+06 
7.631200e+03 3.163318e+07 1.106554e+06 
7.169750e+03 2.943605e+07 1.276793e+06 
7.283450e+03 2.986076e+07 1.208656e+06 
6.799850e+03 2.808593e+07 1.617271e+06 
6.353550e+03 2.613866e+07 2.042869e+06 
8.550300e+03 3.455927e+07 9.820330e+05 
6.386900e+03 2.626329e+07 1.957750e+06 
6.271200e+03 2.553683e+07 2.213108e+06 
8.656250e+03 3.502026e+07 9.064920e+05 
6.807200e+03 2.791183e+07 1.617271e+06 
7.137500e+03 2.881608e+07 1.447032e+06 
8.186500e+03 3.569790e+07 9.121750e+05 
8.552200e+03 3.441152e+07 9.363151e+05 
7.254100e+03 2.992654e+07 1.208656e+06 
6.643550e+03 2.769793e+07 1.702391e+06 
7.323000e+03 3.009095e+07 1.191674e+06 
7.064000e+03 2.885342e+07 1.500231e+06 
6.249950e+03 2.533498e+07 2.383347e+06 
7.485600e+03 3.076457e+07 1.106554e+06 
7.330800e+03 3.009514e+07 1.191674e+06 
6.653600e+03 2.766482e+07 1.702391e+06 
6.312900e+03 2.577926e+07 2.127989e+06 
6.194000e+03 2.525022e+07 2.553587e+06 
7.975250e+03 3.295890e+07 1.021435e+06 
6.316600e+03 2.574282e+07 2.127989e+06 
8.758350e+03 3.538290e+07 8.764034e+05 
8.266800e+03 3.603755e+07 9.064920e+05 
8.467350e+03 3.449219e+07 9.820330e+05 
6.396850e+03 2.646331e+07 1.957750e+06 
7.893950e+03 3.444830e+07 1.074634e+06 

8.888400e+03 3.505497e+07 8.764034e+05 
7.557700e+03 3.140051e+07 1.133115e+06 
6.300200e+03 2.566782e+07 2.127989e+06 
7.550400e+03 3.158277e+07 1.106554e+06 
6.280050e+03 2.569351e+07 2.127989e+06 
8.736700e+03 3.487647e+07 9.064920e+05 
7.355800e+03 3.013908e+07 1.359738e+06 
7.630750e+03 3.188513e+07 1.074634e+06 
6.541850e+03 2.638608e+07 1.872630e+06 
7.949250e+03 3.300357e+07 9.837181e+05 
7.512700e+03 3.116027e+07 1.133115e+06 
8.022750e+03 3.377689e+07 9.121750e+05 
6.289550e+03 2.581739e+07 2.127989e+06 
6.130700e+03 2.483514e+07 2.553587e+06 
6.179500e+03 2.497256e+07 2.383347e+06 
6.108600e+03 2.477920e+07 2.553587e+06 
7.936650e+03 3.343781e+07 9.820330e+05 
7.370400e+03 3.033728e+07 1.284197e+06 
8.023900e+03 3.326270e+07 9.820330e+05 
8.012050e+03 3.250081e+07 1.021435e+06 
7.709950e+03 3.205553e+07 1.057574e+06 
7.521000e+03 3.068090e+07 1.244873e+06 
7.982600e+03 3.318928e+07 9.820330e+05 
7.900100e+03 3.345924e+07 9.820330e+05 
6.172750e+03 2.486842e+07 2.468467e+06 
7.446050e+03 3.066932e+07 1.208656e+06 
7.816700e+03 3.256481e+07 1.021435e+06 
7.418650e+03 3.072776e+07 1.276793e+06 
7.387400e+03 3.084090e+07 1.276793e+06 
6.916450e+03 2.837483e+07 1.510820e+06 
6.954050e+03 2.817750e+07 1.617271e+06 
7.332450e+03 3.053122e+07 1.359738e+06 
6.978250e+03 2.878370e+07 1.435279e+06 
7.458950e+03 3.093438e+07 1.191674e+06 
6.242200e+03 2.537579e+07 2.213108e+06 
7.960500e+03 3.336178e+07 9.820330e+05 
6.160800e+03 2.484425e+07 2.468467e+06 
6.321650e+03 2.568453e+07 2.127989e+06 
6.486450e+03 2.624902e+07 2.042869e+06 
6.120600e+03 2.486034e+07 2.553587e+06 
8.002450e+03 3.311136e+07 9.837181e+05 
6.876950e+03 2.813278e+07 1.702391e+06 
7.365400e+03 3.064444e+07 1.284197e+06 
6.544150e+03 2.650670e+07 1.872630e+06 
7.606950e+03 3.196107e+07 1.057574e+06 
6.515200e+03 2.631056e+07 1.957750e+06 
6.850850e+03 2.826082e+07 1.617271e+06 
6.224100e+03 2.520934e+07 2.298228e+06 
6.248100e+03 2.538111e+07 2.213108e+06 
8.167850e+03 3.420318e+07 9.121750e+05 
6.983100e+03 2.883030e+07 1.361913e+06 
7.759950e+03 3.259703e+07 1.021435e+06 
6.160650e+03 2.490403e+07 2.468467e+06 
7.463550e+03 3.079964e+07 1.208656e+06 
6.525900e+03 2.627278e+07 2.042869e+06 
6.881250e+03 2.817221e+07 1.702391e+06 
7.421100e+03 3.031248e+07 1.329992e+06 
6.524950e+03 2.631458e+07 1.957750e+06 
7.709100e+03 3.192998e+07 1.074634e+06 
7.963550e+03 3.331764e+07 9.820330e+05 
7.018150e+03 2.900302e+07 1.361913e+06 
6.222750e+03 2.519702e+07 2.298228e+06 
7.080750e+03 2.880858e+07 1.435279e+06 
6.894850e+03 2.856627e+07 1.447032e+06 
8.693900e+03 3.479819e+07 9.064920e+05 
7.957800e+03 3.340472e+07 9.820330e+05 
6.770050e+03 2.729541e+07 1.787511e+06 
8.823900e+03 3.493184e+07 8.764034e+05 
6.982600e+03 2.858178e+07 1.447032e+06 
7.389900e+03 3.082364e+07 1.276793e+06 
6.482600e+03 2.628697e+07 2.042869e+06 
6.891900e+03 2.820411e+07 1.510820e+06 
7.807850e+03 3.244152e+07 1.021435e+06 
7.977000e+03 3.336439e+07 9.479465e+05 
6.919800e+03 2.853216e+07 1.447032e+06 
6.146100e+03 2.492663e+07 2.468467e+06 
7.990950e+03 3.296534e+07 9.837181e+05 
6.216800e+03 2.521501e+07 2.298228e+06 
7.600900e+03 3.168606e+07 1.106554e+06 
7.410200e+03 3.034801e+07 1.284197e+06 
8.023900e+03 3.381964e+07 9.363151e+05 
6.845150e+03 2.815661e+07 1.702391e+06 
7.475600e+03 3.057493e+07 1.276793e+06 
7.494350e+03 3.046530e+07 1.208656e+06 
8.764250e+03 3.523071e+07 9.043945e+05 
6.685650e+03 2.725177e+07 1.787511e+06 
6.842550e+03 2.832358e+07 1.702391e+06 
6.866400e+03 2.813498e+07 1.702391e+06 
7.532650e+03 3.095714e+07 1.191674e+06 
6.865200e+03 2.815227e+07 1.702391e+06 
6.851900e+03 2.816412e+07 1.617271e+06 
6.236300e+03 2.495973e+07 2.383347e+06 
7.872450e+03 3.369975e+07 9.363151e+05 
6.876550e+03 2.832406e+07 1.532152e+06 
7.983050e+03 3.338580e+07 9.479465e+05 
6.486500e+03 2.634383e+07 2.042869e+06 
6.182100e+03 2.491402e+07 2.383347e+06 
6.192050e+03 2.496368e+07 2.383347e+06 
6.864850e+03 2.820016e+07 1.532152e+06 
6.968350e+03 2.831820e+07 1.532152e+06 

7.665900e+03 3.267793e+07 1.021435e+06 
6.412700e+03 2.625151e+07 2.042869e+06 
7.342700e+03 3.064480e+07 1.057574e+06 
7.206050e+03 2.961749e+07 1.284197e+06 
7.140700e+03 2.969519e+07 1.276793e+06 
8.530100e+03 3.381621e+07 9.249854e+05 
8.314100e+03 3.317364e+07 9.820330e+05 
6.196800e+03 2.501073e+07 2.383347e+06 
6.879250e+03 2.818944e+07 1.586361e+06 
6.574700e+03 2.712253e+07 1.787511e+06 
6.401200e+03 2.586681e+07 2.127989e+06 
7.239350e+03 2.971596e+07 1.276793e+06 
6.614000e+03 2.704442e+07 1.787511e+06 
6.917200e+03 2.851990e+07 1.447032e+06 
6.423050e+03 2.617054e+07 2.042869e+06 
6.833650e+03 2.809399e+07 1.532152e+06 
6.412850e+03 2.618032e+07 2.042869e+06 
8.437900e+03 3.380991e+07 9.249854e+05 
6.658250e+03 2.724631e+07 1.702391e+06 
6.649150e+03 2.725779e+07 1.702391e+06 
7.824850e+03 3.330904e+07 9.820330e+05 
6.486150e+03 2.676461e+07 1.915190e+06 
6.215800e+03 2.521863e+07 2.340788e+06 
6.481400e+03 2.646850e+07 1.957750e+06 
6.914300e+03 2.816922e+07 1.659831e+06 
6.210900e+03 2.532260e+07 2.340788e+06 
7.838700e+03 3.290112e+07 9.895141e+05 
6.145100e+03 2.487283e+07 2.596146e+06 
7.252350e+03 2.991156e+07 1.208656e+06 
7.647500e+03 3.272568e+07 1.021435e+06 
6.337850e+03 2.573123e+07 2.213108e+06 
6.660400e+03 2.716309e+07 1.744951e+06 
7.851950e+03 3.284635e+07 9.895141e+05 
6.636750e+03 2.729202e+07 1.702391e+06 
7.764200e+03 3.400798e+07 9.895141e+05 
6.618600e+03 2.700550e+07 1.787511e+06 
6.448650e+03 2.652749e+07 1.957750e+06 
7.579800e+03 3.246022e+07 1.048317e+06 
6.482850e+03 2.637858e+07 2.042869e+06 
7.178150e+03 2.948694e+07 1.329992e+06 
6.215700e+03 2.527881e+07 2.298228e+06 
6.340250e+03 2.570614e+07 2.213108e+06 
8.278900e+03 3.271397e+07 1.021435e+06 
9.116700e+03 3.794968e+07 8.987604e+05 
6.219150e+03 2.509711e+07 2.298228e+06 
9.606450e+03 4.069719e+07 8.677226e+05 
6.362050e+03 2.581281e+07 2.127989e+06 
6.497150e+03 2.655391e+07 1.915190e+06 
6.451850e+03 2.630357e+07 2.000309e+06 
7.118550e+03 2.987318e+07 1.359738e+06 
6.174800e+03 2.496328e+07 2.511027e+06 
7.242700e+03 2.987678e+07 1.133115e+06 
7.187450e+03 2.967379e+07 1.329992e+06 
6.134000e+03 2.478515e+07 2.596146e+06 
6.142700e+03 2.508794e+07 2.596146e+06 
6.427700e+03 2.634264e+07 1.872630e+06 
9.829050e+03 4.171794e+07 8.585176e+05 
7.763300e+03 3.354099e+07 9.954608e+05 
7.120700e+03 2.979193e+07 1.359738e+06 
6.188000e+03 2.489809e+07 2.468467e+06 
6.504400e+03 2.648722e+07 1.872630e+06 
6.224700e+03 2.511799e+07 2.298228e+06 
6.442950e+03 2.628430e+07 2.085429e+06 
7.740800e+03 3.296962e+07 1.021435e+06 
6.341700e+03 2.574200e+07 2.213108e+06 
6.995500e+03 2.887985e+07 1.361913e+06 
6.469700e+03 2.643476e+07 2.042869e+06 
7.208950e+03 2.965967e+07 1.208656e+06 
6.364050e+03 2.568435e+07 2.213108e+06 
6.884750e+03 2.870766e+07 1.447032e+06 
7.805700e+03 3.399663e+07 9.820330e+05 
9.306550e+03 3.948855e+07 8.677226e+05 
6.926750e+03 2.869373e+07 1.435279e+06 
9.286200e+03 3.868536e+07 8.987604e+05 
7.646700e+03 3.297051e+07 1.030698e+06 
6.933600e+03 2.874094e+07 1.361913e+06 
8.275900e+03 3.320934e+07 9.820330e+05 
7.259100e+03 3.001852e+07 1.191674e+06 
7.778300e+03 3.335711e+07 9.954608e+05 
6.154050e+03 2.484590e+07 2.596146e+06 
6.576450e+03 2.703925e+07 1.787511e+06 
6.844800e+03 2.845591e+07 1.510820e+06 
6.201450e+03 2.498028e+07 2.383347e+06 
8.376500e+03 3.334693e+07 9.602231e+05 
6.217300e+03 2.511242e+07 2.298228e+06 
9.836000e+03 4.192509e+07 8.585176e+05 
6.782550e+03 2.792527e+07 1.617271e+06 
6.927300e+03 2.859745e+07 1.447032e+06 
6.207200e+03 2.501140e+07 2.383347e+06 
7.790500e+03 3.298690e+07 9.895141e+05 
6.558450e+03 2.704319e+07 1.787511e+06 
7.171150e+03 2.972142e+07 1.329992e+06 
8.285650e+03 3.407505e+07 9.602231e+05 
8.073050e+03 3.318245e+07 9.820330e+05 
6.352600e+03 2.565671e+07 2.213108e+06 
7.301300e+03 3.049678e+07 1.106554e+06 
6.180600e+03 2.489705e+07 2.468467e+06 
6.651400e+03 2.728931e+07 1.702391e+06 
7.700700e+03 3.255221e+07 1.021435e+06 
7.276450e+03 3.055907e+07 1.057574e+06 

7.524550e+03 3.101589e+07 1.284197e+06 
6.306400e+03 2.572948e+07 2.127989e+06 
7.561850e+03 3.112936e+07 1.284197e+06 
7.259650e+03 2.976646e+07 1.359738e+06 
8.161650e+03 3.486049e+07 1.057574e+06 
6.936800e+03 2.877239e+07 1.510820e+06 
8.655250e+03 3.445969e+07 9.820330e+05 
7.157050e+03 2.918541e+07 1.435279e+06 
6.322150e+03 2.553272e+07 2.127989e+06 
8.598950e+03 3.495546e+07 9.820330e+05 
6.196700e+03 2.527805e+07 2.553587e+06 
6.472200e+03 2.691460e+07 1.586361e+06 
6.445500e+03 2.683329e+07 1.617271e+06 
6.941650e+03 2.901796e+07 1.447032e+06 
7.106950e+03 2.914692e+07 1.404473e+06 
6.931700e+03 2.883568e+07 1.447032e+06 
9.331300e+03 3.615875e+07 8.764034e+05 
6.443950e+03 2.672757e+07 1.702391e+06 
6.509600e+03 2.694832e+07 1.586361e+06 
9.234500e+03 3.827726e+07 8.511955e+05 
6.578050e+03 2.737200e+07 1.532152e+06 
8.839050e+03 3.484031e+07 9.064920e+05 
7.489800e+03 3.167677e+07 1.208656e+06 
9.450700e+03 3.637983e+07 8.764034e+05 
7.095350e+03 2.900894e+07 1.489592e+06 
6.939150e+03 2.863779e+07 1.510820e+06 
7.253950e+03 2.992417e+07 1.361913e+06 
6.567750e+03 2.750640e+07 1.585351e+06 
8.742950e+03 3.475454e+07 9.043945e+05 
8.732850e+03 3.532331e+07 9.064920e+05 
8.660550e+03 3.523365e+07 9.788749e+05 
8.619700e+03 3.470118e+07 9.895141e+05 
6.390050e+03 2.629930e+07 1.787511e+06 
9.562250e+03 3.943589e+07 8.305760e+05 
6.453500e+03 2.669411e+07 1.702391e+06 
8.249750e+03 3.475887e+07 1.106554e+06 
6.297400e+03 2.567738e+07 2.213108e+06 
8.464450e+03 3.338650e+07 1.106554e+06 
6.346800e+03 2.563772e+07 1.957750e+06 
6.430300e+03 2.641242e+07 1.787511e+06 
7.538000e+03 3.162744e+07 1.208656e+06 
7.339400e+03 3.158715e+07 1.284197e+06 
7.374700e+03 3.124951e+07 1.276793e+06 
7.349400e+03 3.120533e+07 1.276793e+06 
9.653900e+03 4.022226e+07 7.853332e+05 
6.890500e+03 2.874413e+07 1.510820e+06 
9.469750e+03 3.977803e+07 7.853332e+05 
6.335050e+03 2.569423e+07 1.957750e+06 
6.930500e+03 2.872733e+07 1.510820e+06 
6.389850e+03 2.635620e+07 1.872630e+06 
6.464000e+03 2.682241e+07 1.617271e+06 
6.568000e+03 2.741637e+07 1.585351e+06 
6.435100e+03 2.675732e+07 1.702391e+06 
6.321550e+03 2.556785e+07 2.042869e+06 
6.916450e+03 2.873714e+07 1.510820e+06 
8.746150e+03 3.557340e+07 9.043945e+05 
8.115500e+03 3.496902e+07 1.133115e+06 
6.388350e+03 2.641364e+07 1.787511e+06 
7.556800e+03 3.161320e+07 1.208656e+06 
6.414100e+03 2.678728e+07 1.702391e+06 
9.409850e+03 3.944659e+07 8.309510e+05 
6.207250e+03 2.522784e+07 2.383347e+06 
7.662150e+03 3.193747e+07 1.191674e+06 
8.567950e+03 3.402529e+07 1.106554e+06 
6.492150e+03 2.690030e+07 1.617271e+06 
7.452450e+03 3.161669e+07 1.234234e+06 
6.381800e+03 2.643497e+07 1.872630e+06 
7.283650e+03 2.977935e+07 1.361913e+06 
6.195000e+03 2.522762e+07 2.553587e+06 
6.196600e+03 2.527551e+07 2.468467e+06 
7.545100e+03 3.172373e+07 1.208656e+06 
6.395050e+03 2.631365e+07 1.872630e+06 
6.355900e+03 2.556617e+07 1.957750e+06 
6.198750e+03 2.524453e+07 2.468467e+06 
6.228650e+03 2.524630e+07 2.383347e+06 
6.204050e+03 2.525355e+07 2.383347e+06 
8.723050e+03 3.529213e+07 9.363151e+05 
7.725150e+03 3.216875e+07 1.191674e+06 
6.334950e+03 2.551453e+07 2.042869e+06 
6.388950e+03 2.567826e+07 1.957750e+06 
8.449900e+03 3.391058e+07 1.021435e+06 
7.773300e+03 3.262475e+07 1.149114e+06 
7.152450e+03 2.925129e+07 1.404473e+06 
9.480950e+03 3.950375e+07 7.682874e+05 
9.612550e+03 3.923437e+07 8.305760e+05 
6.446550e+03 2.674150e+07 1.702391e+06 
6.320400e+03 2.559294e+07 2.213108e+06 
6.611700e+03 2.732393e+07 1.532152e+06 
8.654050e+03 3.529574e+07 9.363151e+05 
6.929250e+03 2.873629e+07 1.510820e+06 
6.238100e+03 2.550578e+07 2.298228e+06 
7.774450e+03 3.293569e+07 1.149114e+06 
6.584550e+03 2.711937e+07 1.532152e+06 
9.299150e+03 3.836999e+07 8.511955e+05 
9.308400e+03 3.916929e+07 8.309510e+05 
6.194400e+03 2.528244e+07 2.553587e+06 
8.596150e+03 3.429105e+07 1.057574e+06 
8.660300e+03 3.459014e+07 9.895141e+05 
6.345700e+03 2.552158e+07 2.042869e+06 
6.308050e+03 2.559320e+07 2.127989e+06 

6.846400e+03 2.864735e+07 1.586361e+06 
6.595100e+03 2.706991e+07 1.872630e+06 
7.166900e+03 3.006302e+07 1.435279e+06 
6.217900e+03 2.497530e+07 2.468467e+06 
6.424300e+03 2.637983e+07 2.127989e+06 
9.555450e+03 3.778386e+07 9.043945e+05 
7.812700e+03 3.188019e+07 1.057574e+06 
6.793850e+03 2.836437e+07 1.702391e+06 
6.541050e+03 2.668697e+07 2.042869e+06 
7.712200e+03 3.139080e+07 1.133115e+06 
6.798750e+03 2.863122e+07 1.617271e+06 
7.652650e+03 3.123220e+07 1.191674e+06 
7.724350e+03 3.140865e+07 1.106554e+06 
7.612750e+03 3.051526e+07 1.208656e+06 
6.733500e+03 2.825356e+07 1.787511e+06 
7.113200e+03 2.966823e+07 1.447032e+06 
7.466250e+03 3.099353e+07 1.276793e+06 
6.554600e+03 2.691219e+07 1.957750e+06 
7.909650e+03 3.292699e+07 1.021435e+06 
8.413000e+03 3.378110e+07 9.363151e+05 
7.480450e+03 3.037829e+07 1.276793e+06 
7.819650e+03 3.184138e+07 1.057574e+06 
7.683250e+03 3.102738e+07 1.191674e+06 
6.218300e+03 2.500009e+07 2.468467e+06 
6.828800e+03 2.841701e+07 1.617271e+06 
6.386450e+03 2.607266e+07 2.213108e+06 
8.443200e+03 3.389681e+07 9.121750e+05 
6.427900e+03 2.608305e+07 2.213108e+06 
9.615950e+03 3.714695e+07 9.064920e+05 
7.840350e+03 3.268072e+07 1.021435e+06 
6.888400e+03 2.890009e+07 1.510820e+06 
6.205650e+03 2.502561e+07 2.468467e+06 
6.801250e+03 2.854506e+07 1.617271e+06 
9.627450e+03 3.692037e+07 8.985583e+05 
6.176950e+03 2.505438e+07 2.553587e+06 
7.594250e+03 3.039427e+07 1.284197e+06 
6.534450e+03 2.674975e+07 2.042869e+06 
6.563500e+03 2.704067e+07 1.872630e+06 
6.199700e+03 2.503545e+07 2.468467e+06 
6.487350e+03 2.691239e+07 1.957750e+06 
8.060100e+03 3.303770e+07 9.820330e+05 
6.302250e+03 2.539522e+07 2.298228e+06 
8.378450e+03 3.397650e+07 9.363151e+05 
6.266700e+03 2.541631e+07 2.383347e+06 
8.361000e+03 3.388425e+07 9.363151e+05 
7.280950e+03 3.032919e+07 1.415112e+06 
7.298350e+03 3.065644e+07 1.361913e+06 
7.761350e+03 3.124106e+07 1.149114e+06 
9.642600e+03 3.713686e+07 9.043945e+05 
7.774800e+03 3.160960e+07 1.106554e+06 
6.878500e+03 2.882379e+07 1.532152e+06 
7.695200e+03 3.138076e+07 1.133115e+06 
8.368900e+03 3.320857e+07 9.788749e+05 
7.539750e+03 3.032024e+07 1.361913e+06 
6.481700e+03 2.672779e+07 2.042869e+06 
6.177600e+03 2.505777e+07 2.553587e+06 
7.131800e+03 2.994078e+07 1.447032e+06 
6.871400e+03 2.852285e+07 1.617271e+06 
9.454600e+03 3.730968e+07 9.064920e+05 
6.806050e+03 2.864185e+07 1.586361e+06 
8.444500e+03 3.371508e+07 9.788749e+05 
6.175350e+03 2.507292e+07 2.553587e+06 
6.292500e+03 2.543046e+07 2.298228e+06 
6.199100e+03 2.507122e+07 2.468467e+06 
6.777500e+03 2.823877e+07 1.702391e+06 
8.300750e+03 3.409614e+07 9.363151e+05 
6.528050e+03 2.670126e+07 2.042869e+06 
7.738250e+03 3.133297e+07 1.133115e+06 
6.889800e+03 2.900268e+07 1.510820e+06 
8.976800e+03 3.787318e+07 9.064920e+05 
7.563450e+03 3.040611e+07 1.276793e+06 
6.190900e+03 2.512135e+07 2.468467e+06 
7.232050e+03 3.005532e+07 1.435279e+06 
6.244050e+03 2.542629e+07 2.383347e+06 
7.781000e+03 3.214516e+07 1.057574e+06 
7.328650e+03 3.051632e+07 1.361913e+06 
6.271600e+03 2.539004e+07 2.383347e+06 
8.463650e+03 3.405508e+07 9.121750e+05 
6.214850e+03 2.501119e+07 2.468467e+06 
9.711100e+03 3.782259e+07 8.985583e+05 
7.878550e+03 3.189775e+07 1.057574e+06 
6.795800e+03 2.827433e+07 1.787511e+06 
6.911350e+03 2.887432e+07 1.532152e+06 
7.492850e+03 3.028564e+07 1.361913e+06 
6.561100e+03 2.691353e+07 1.957750e+06 
6.491900e+03 2.672481e+07 2.042869e+06 
7.556400e+03 3.017693e+07 1.284197e+06 
6.457500e+03 2.640083e+07 2.127989e+06 
7.332400e+03 3.036827e+07 1.361913e+06 
6.794350e+03 2.820052e+07 1.787511e+06 
7.680350e+03 3.145797e+07 1.133115e+06 
7.598300e+03 3.105537e+07 1.191674e+06 
7.200950e+03 3.012840e+07 1.435279e+06 
7.277700e+03 3.042513e+07 1.415112e+06 
7.720400e+03 3.155713e+07 1.106554e+06 
7.672950e+03 3.071100e+07 1.208656e+06 
7.501900e+03 3.029289e+07 1.276793e+06 
7.995750e+03 3.278950e+07 9.820330e+05 
6.312750e+03 2.542027e+07 2.298228e+06 
6.164800e+03 2.515473e+07 2.553587e+06 

6.940100e+03 2.876638e+07 1.361913e+06 
8.434800e+03 3.391787e+07 9.658323e+05 
6.179800e+03 2.515117e+07 2.383347e+06 
6.561350e+03 2.719048e+07 1.532152e+06 
6.374350e+03 2.636549e+07 2.042869e+06 
6.254000e+03 2.559307e+07 2.298228e+06 
6.328150e+03 2.608348e+07 2.127989e+06 
7.264850e+03 2.982865e+07 1.276793e+06 
8.918750e+03 3.736735e+07 8.941519e+05 
7.120550e+03 2.975382e+07 1.359738e+06 
6.855850e+03 2.825426e+07 1.447032e+06 
7.596650e+03 3.137981e+07 1.057574e+06 
6.384850e+03 2.629488e+07 1.957750e+06 
6.504800e+03 2.671122e+07 1.702391e+06 
7.469300e+03 3.015946e+07 1.133115e+06 
6.159300e+03 2.498866e+07 2.468467e+06 
6.168350e+03 2.508667e+07 2.383347e+06 
6.152400e+03 2.501803e+07 2.468467e+06 
7.510400e+03 3.131584e+07 1.057574e+06 
6.521600e+03 2.678924e+07 1.532152e+06 
6.156350e+03 2.496931e+07 2.468467e+06 
9.193100e+03 3.782882e+07 8.764034e+05 
6.150650e+03 2.509570e+07 2.468467e+06 
7.483800e+03 3.107273e+07 1.106554e+06 
6.469650e+03 2.659380e+07 1.702391e+06 
6.469350e+03 2.682709e+07 1.702391e+06 
6.400650e+03 2.627258e+07 2.042869e+06 
6.345150e+03 2.599709e+07 2.127989e+06 
6.148200e+03 2.504386e+07 2.468467e+06 
8.813450e+03 3.692946e+07 9.064920e+05 
6.245600e+03 2.566201e+07 2.298228e+06 
8.949350e+03 3.666555e+07 9.143481e+05 
8.379000e+03 3.402400e+07 9.788749e+05 
7.533100e+03 3.018520e+07 1.191674e+06 
7.407650e+03 3.026625e+07 1.208656e+06 
8.871300e+03 3.706575e+07 9.117708e+05 
7.144550e+03 2.973259e+07 1.284197e+06 
7.226300e+03 3.019100e+07 1.276793e+06 
8.410300e+03 3.385347e+07 9.788749e+05 
6.353350e+03 2.621507e+07 2.042869e+06 
6.321350e+03 2.577941e+07 2.213108e+06 
6.157300e+03 2.496542e+07 2.468467e+06 
7.214150e+03 2.970184e+07 1.284197e+06 
6.329300e+03 2.608042e+07 2.127989e+06 
6.296800e+03 2.578528e+07 2.213108e+06 
7.070450e+03 2.935030e+07 1.359738e+06 
9.752750e+03 3.878171e+07 8.641580e+05 
9.565300e+03 3.893629e+07 8.641580e+05 
6.497050e+03 2.689246e+07 1.702391e+06 
6.794650e+03 2.825302e+07 1.447032e+06 
6.328650e+03 2.578243e+07 2.213108e+06 
8.968750e+03 3.765071e+07 8.764034e+05 
8.015600e+03 3.282392e+07 1.021435e+06 
6.305200e+03 2.585116e+07 2.213108e+06 
8.583550e+03 3.412818e+07 9.658323e+05 
6.162100e+03 2.513990e+07 2.383347e+06 
7.195850e+03 2.992998e+07 1.284197e+06 
6.330900e+03 2.621838e+07 2.127989e+06 
6.484150e+03 2.646636e+07 1.872630e+06 
7.560300e+03 3.079846e+07 1.106554e+06 
9.928250e+03 3.878408e+07 8.641580e+05 
8.833350e+03 3.651746e+07 9.117708e+05 
8.754450e+03 3.652185e+07 9.363151e+05 
6.442500e+03 2.642925e+07 1.872630e+06 
9.692050e+03 3.891984e+07 8.641580e+05 
6.534800e+03 2.680475e+07 1.617271e+06 
6.485950e+03 2.656581e+07 1.787511e+06 
6.235600e+03 2.563073e+07 2.298228e+06 
6.256150e+03 2.558483e+07 2.298228e+06 
8.969800e+03 3.761259e+07 8.941519e+05 
6.140700e+03 2.514716e+07 2.468467e+06 
6.251750e+03 2.562197e+07 2.298228e+06 
6.510750e+03 2.657597e+07 1.787511e+06 
7.135500e+03 3.033765e+07 1.329992e+06 
8.803550e+03 3.701454e+07 9.064920e+05 
7.502200e+03 3.059889e+07 1.133115e+06 
7.411450e+03 3.002257e+07 1.276793e+06 
6.494350e+03 2.656446e+07 1.787511e+06 
7.445250e+03 3.033617e+07 1.191674e+06 
8.061900e+03 3.314567e+07 1.021435e+06 
6.518700e+03 2.692639e+07 1.617271e+06 
7.499950e+03 3.047042e+07 1.106554e+06 
7.561550e+03 3.161154e+07 1.057574e+06 
7.371300e+03 3.030089e+07 1.276793e+06 
8.374850e+03 3.370829e+07 9.820330e+05 
6.943800e+03 2.882307e+07 1.361913e+06 
6.395350e+03 2.630657e+07 1.957750e+06 
7.567350e+03 3.051939e+07 1.133115e+06 
7.410000e+03 3.028234e+07 1.191674e+06 
7.373450e+03 3.018434e+07 1.208656e+06 
6.440300e+03 2.643397e+07 1.872630e+06 
8.927100e+03 3.759991e+07 9.043945e+05 
8.326150e+03 3.353385e+07 9.788749e+05 
6.515900e+03 2.698264e+07 1.617271e+06 
8.981450e+03 3.720351e+07 9.064920e+05 
6.261800e+03 2.559951e+07 2.298228e+06 
6.957450e+03 2.879993e+07 1.435279e+06 
6.608150e+03 2.709882e+07 1.532152e+06 
6.288250e+03 2.589402e+07 2.213108e+06 
6.333650e+03 2.593968e+07 2.127989e+06 

6.631400e+03 2.717816e+07 1.617271e+06 
6.637450e+03 2.709085e+07 1.702391e+06 
6.559600e+03 2.711234e+07 1.872630e+06 
6.442950e+03 2.637036e+07 2.213108e+06 
6.194350e+03 2.514611e+07 2.553587e+06 
8.103350e+03 3.296611e+07 1.021435e+06 
6.178300e+03 2.534428e+07 2.553587e+06 
6.887500e+03 2.819307e+07 1.361913e+06 
6.185100e+03 2.528430e+07 2.553587e+06 
7.543900e+03 3.148678e+07 1.106554e+06 
7.167250e+03 3.033033e+07 1.284197e+06 
6.354650e+03 2.614293e+07 2.298228e+06 
6.818550e+03 2.784815e+07 1.435279e+06 
8.054500e+03 3.339754e+07 1.021435e+06 
8.095000e+03 3.339940e+07 9.363151e+05 
7.251300e+03 3.053320e+07 1.208656e+06 
7.292800e+03 3.028889e+07 1.208656e+06 
6.180150e+03 2.516182e+07 2.553587e+06 
6.686700e+03 2.751460e+07 1.532152e+06 
6.519300e+03 2.655120e+07 2.042869e+06 
8.502100e+03 3.540636e+07 8.764034e+05 
8.130500e+03 3.247984e+07 1.021435e+06 
6.798600e+03 2.777588e+07 1.435279e+06 
6.714800e+03 2.749031e+07 1.447032e+06 
6.349900e+03 2.614133e+07 2.298228e+06 
7.726300e+03 3.208082e+07 1.057574e+06 
8.590350e+03 3.427155e+07 9.081707e+05 
6.203800e+03 2.514314e+07 2.553587e+06 
6.533500e+03 2.666384e+07 1.957750e+06 
7.400000e+03 3.079061e+07 1.133115e+06 
6.287150e+03 2.576603e+07 2.383347e+06 
6.619900e+03 2.702230e+07 1.787511e+06 
6.498350e+03 2.658084e+07 2.042869e+06 
6.577000e+03 2.721835e+07 1.787511e+06 
8.122500e+03 3.342888e+07 9.363151e+05 
8.070900e+03 3.374274e+07 9.820330e+05 
6.684900e+03 2.750451e+07 1.447032e+06 
6.733500e+03 2.763168e+07 1.447032e+06 
7.544400e+03 3.167611e+07 1.106554e+06 
6.420650e+03 2.641030e+07 2.213108e+06 
6.617550e+03 2.727391e+07 1.702391e+06 
7.412550e+03 3.081258e+07 1.133115e+06 
6.681100e+03 2.745659e+07 1.532152e+06 
8.225500e+03 3.335970e+07 9.363151e+05 
6.352950e+03 2.630536e+07 2.298228e+06 
6.490750e+03 2.660207e+07 2.127989e+06 
8.291150e+03 3.303684e+07 9.820330e+05 
6.911950e+03 2.822179e+07 1.361913e+06 
6.191600e+03 2.519523e+07 2.468467e+06 
6.888750e+03 2.859005e+07 1.361913e+06 
6.178450e+03 2.521411e+07 2.553587e+06 
8.214300e+03 3.297215e+07 9.820330e+05 
7.163000e+03 3.019004e+07 1.276793e+06 
6.542900e+03 2.695427e+07 1.872630e+06 
6.253000e+03 2.572074e+07 2.383347e+06 
7.311900e+03 3.056906e+07 1.191674e+06 
6.621900e+03 2.701699e+07 1.702391e+06 
6.545550e+03 2.656022e+07 1.957750e+06 
6.182400e+03 2.533573e+07 2.468467e+06 
6.678900e+03 2.752672e+07 1.532152e+06 
6.573700e+03 2.683688e+07 1.872630e+06 
6.561150e+03 2.694726e+07 1.787511e+06 
6.182300e+03 2.517510e+07 2.468467e+06 
6.480100e+03 2.683203e+07 2.127989e+06 
8.042000e+03 3.301738e+07 1.021435e+06 
6.778200e+03 2.781525e+07 1.435279e+06 
8.437100e+03 3.469521e+07 8.764034e+05 
8.194950e+03 3.276868e+07 1.021435e+06 
7.163300e+03 2.982858e+07 1.276793e+06 
6.189200e+03 2.521905e+07 2.553587e+06 
8.563550e+03 3.476663e+07 9.043945e+05 
6.614650e+03 2.716017e+07 1.702391e+06 
7.307800e+03 3.053094e+07 1.191674e+06 
6.871900e+03 2.832214e+07 1.361913e+06 
7.709900e+03 3.204547e+07 1.057574e+06 
8.405600e+03 3.509615e+07 8.764034e+05 
8.346850e+03 3.448574e+07 9.064920e+05 
7.209200e+03 3.034401e+07 1.208656e+06 
6.419250e+03 2.630994e+07 2.213108e+06 
6.264250e+03 2.582872e+07 2.383347e+06 
6.596900e+03 2.685304e+07 1.872630e+06 
7.180600e+03 2.994591e+07 1.276793e+06 
8.216900e+03 3.389438e+07 9.064920e+05 
6.565950e+03 2.692681e+07 1.787511e+06 
6.173750e+03 2.531089e+07 2.553587e+06 
6.528150e+03 2.653339e+07 1.957750e+06 
8.026350e+03 3.363779e+07 1.021435e+06 
6.512150e+03 2.651517e+07 2.042869e+06 
6.489150e+03 2.665652e+07 2.127989e+06 
7.222400e+03 3.023976e+07 1.208656e+06 
6.499400e+03 2.659888e+07 2.042869e+06 
6.471550e+03 2.675706e+07 2.127989e+06 
7.756900e+03 3.204363e+07 1.057574e+06 
6.634650e+03 2.730132e+07 1.617271e+06 
6.711700e+03 2.741079e+07 1.532152e+06 
6.696500e+03 2.729497e+07 1.532152e+06 
7.230100e+03 3.024380e+07 1.244873e+06 
6.651200e+03 2.719911e+07 1.617271e+06 
6.681650e+03 2.744840e+07 1.532152e+06 
6.189350e+03 2.510553e+07 2.553587e+06 

