2.493630e+02 5.872684e+07 5.353240e+06 
3.278498e+02 6.212485e+07 3.737622e+06 
3.100020e+02 6.469221e+07 3.737622e+06 
2.836081e+02 6.041958e+07 4.509260e+06 
3.164273e+02 6.320937e+07 3.544712e+06 
2.486298e+02 6.045653e+07 5.353240e+06 
3.109990e+02 6.289707e+07 3.858190e+06 
2.675875e+02 5.928487e+07 4.681270e+06 
2.531167e+02 6.014044e+07 5.182835e+06 
2.732817e+02 6.205496e+07 4.629828e+06 
2.801803e+02 5.966475e+07 4.514082e+06 
2.848387e+02 5.799884e+07 5.160331e+06 
2.714635e+02 5.837188e+07 5.120139e+06 
2.740556e+02 6.022018e+07 4.581602e+06 
2.446693e+02 6.072310e+07 5.859628e+06 
2.897226e+02 6.121265e+07 4.436919e+06 
2.871614e+02 6.033528e+07 4.451386e+06 
2.556851e+02 6.186072e+07 5.120139e+06 
2.560588e+02 6.063551e+07 5.015647e+06 
2.820838e+02 5.903608e+07 4.514082e+06 
2.740945e+02 5.919965e+07 4.848458e+06 
2.709221e+02 5.847290e+07 5.087989e+06 
2.887559e+02 6.406769e+07 4.316351e+06 
2.711670e+02 5.894413e+07 5.015647e+06 
2.513545e+02 5.863414e+07 5.787286e+06 
2.634076e+02 5.981746e+07 4.952950e+06 
3.012465e+02 6.249292e+07 3.930532e+06 
2.851893e+02 5.750045e+07 5.353240e+06 
2.859597e+02 5.898257e+07 4.509260e+06 
2.638192e+02 5.774700e+07 5.353240e+06 
2.562870e+02 5.906975e+07 5.280899e+06 
2.595399e+02 5.851661e+07 5.160331e+06 
2.994863e+02 6.306119e+07 3.949821e+06 
2.463588e+02 5.983916e+07 5.666718e+06 
3.216421e+02 6.222075e+07 3.737622e+06 
2.664108e+02 5.846725e+07 5.120139e+06 
3.098341e+02 6.306895e+07 3.858190e+06 
2.567773e+02 5.925044e+07 5.182835e+06 
2.876683e+02 5.763759e+07 5.280899e+06 
2.781252e+02 5.819030e+07 5.160331e+06 
2.857384e+02 5.812914e+07 5.087989e+06 
2.798729e+02 6.214711e+07 4.509260e+06 
2.577876e+02 5.800703e+07 5.473808e+06 
2.560002e+02 6.011955e+07 5.160331e+06 
2.663794e+02 6.031640e+07 4.895080e+06 
2.776435e+02 5.838394e+07 5.087989e+06 
2.605201e+02 6.048388e+07 5.015647e+06 
2.601144e+02 5.777052e+07 5.353240e+06 
2.474625e+02 6.723296e+07 5.208557e+06 
2.750319e+02 5.876972e+07 4.967421e+06 
2.755533e+02 5.769066e+07 5.353240e+06 
2.921097e+02 5.969311e+07 4.195783e+06 
2.483075e+02 5.999738e+07 5.473808e+06 
2.813086e+02 5.816696e+07 5.160331e+06 
2.669877e+02 5.989627e+07 4.848458e+06 
2.831925e+02 5.755194e+07 5.473808e+06 
2.626837e+02 6.008675e+07 5.087989e+06 
2.470666e+02 5.975888e+07 5.739060e+06 
2.429233e+02 6.103169e+07 5.739060e+06 
2.646491e+02 5.945004e+07 5.015647e+06 
2.512541e+02 6.036285e+07 5.245531e+06 
2.562045e+02 5.925846e+07 5.160331e+06 
2.445288e+02 6.179998e+07 5.546150e+06 
3.099801e+02 6.086833e+07 4.123441e+06 
2.452129e+02 5.987274e+07 5.666718e+06 
2.669907e+02 5.825373e+07 5.280899e+06 
2.479445e+02 5.984756e+07 5.594376e+06 
2.480923e+02 5.974319e+07 5.859628e+06 
2.650008e+02 5.834636e+07 5.280899e+06 
2.910453e+02 6.111783e+07 4.346894e+06 
3.201844e+02 6.110450e+07 3.858190e+06 
2.882304e+02 6.275881e+07 4.436919e+06 
2.487230e+02 5.920645e+07 5.546150e+06 
2.987854e+02 6.227820e+07 4.117009e+06 
2.720255e+02 5.762506e+07 5.473808e+06 
2.544422e+02 6.023533e+07 5.160331e+06 
2.887348e+02 6.173653e+07 4.436919e+06 
2.474553e+02 6.071539e+07 5.473808e+06 
2.764978e+02 5.809130e+07 5.280899e+06 
2.534926e+02 5.970381e+07 5.182835e+06 
2.589248e+02 5.893938e+07 5.160331e+06 
2.987049e+02 6.138554e+07 4.123441e+06 
2.514576e+02 5.868390e+07 5.353240e+06 
2.888388e+02 6.265363e+07 4.412806e+06 
2.770694e+02 5.855547e+07 4.774512e+06 
2.938935e+02 6.236801e+07 4.123441e+06 
2.902208e+02 6.362088e+07 4.244009e+06 
2.678850e+02 5.768954e+07 5.666718e+06 
3.162616e+02 6.446685e+07 3.665280e+06 
2.629212e+02 5.778325e+07 5.353240e+06 
2.654332e+02 6.133147e+07 4.895080e+06 
3.123665e+02 6.161174e+07 4.051100e+06 
2.528742e+02 5.840114e+07 5.594376e+06 
2.569371e+02 5.884030e+07 5.280899e+06 
2.482918e+02 5.953641e+07 5.980196e+06 
3.116363e+02 6.380501e+07 3.737622e+06 
2.933756e+02 6.317585e+07 4.123441e+06 
2.538674e+02 5.810707e+07 5.353240e+06 
2.863866e+02 6.271339e+07 4.451386e+06 
2.794268e+02 5.796751e+07 5.280899e+06 

2.500911e+02 5.831724e+07 5.690831e+06 
3.145600e+02 5.758521e+07 3.834077e+06 
2.873966e+02 6.078263e+07 3.928923e+06 
2.346989e+02 6.156620e+07 6.366015e+06 
2.804911e+02 5.954719e+07 4.026986e+06 
2.747171e+02 5.947243e+07 4.605715e+06 
2.579670e+02 5.856650e+07 5.377354e+06 
2.773237e+02 5.894691e+07 4.412806e+06 
3.037045e+02 5.711118e+07 4.533374e+06 
2.703086e+02 5.861921e+07 4.798625e+06 
3.113438e+02 5.792485e+07 3.834077e+06 
2.751548e+02 5.654469e+07 5.570263e+06 
3.025797e+02 5.684471e+07 4.991534e+06 
2.415701e+02 6.271005e+07 5.763173e+06 
3.347582e+02 5.637934e+07 4.798625e+06 
2.956843e+02 5.726091e+07 4.605715e+06 
2.556268e+02 5.821025e+07 5.570263e+06 
2.631834e+02 5.874786e+07 4.991534e+06 
2.746831e+02 5.755673e+07 4.991534e+06 
2.503887e+02 6.037915e+07 5.570263e+06 
2.845210e+02 5.700696e+07 4.991534e+06 
2.917661e+02 5.961021e+07 3.834077e+06 
2.968218e+02 5.792479e+07 4.026986e+06 
2.471898e+02 5.824701e+07 5.980196e+06 
2.745545e+02 5.615035e+07 5.787286e+06 
2.379672e+02 5.881559e+07 5.883741e+06 
2.955021e+02 5.556337e+07 5.570263e+06 
2.568422e+02 5.743608e+07 5.690831e+06 
2.592177e+02 5.722581e+07 5.883741e+06 
2.888697e+02 5.706841e+07 4.798625e+06 
2.755264e+02 5.994186e+07 4.533374e+06 
2.697716e+02 5.667051e+07 5.883741e+06 
2.548554e+02 6.359892e+07 5.280899e+06 
2.786350e+02 5.867404e+07 4.412806e+06 
2.915162e+02 6.068645e+07 3.834077e+06 
2.408930e+02 6.157150e+07 5.859628e+06 
2.777232e+02 5.818030e+07 4.605715e+06 
2.586573e+02 6.224678e+07 5.208557e+06 
2.907149e+02 5.751118e+07 4.605715e+06 
2.514215e+02 6.016654e+07 5.473808e+06 
3.095828e+02 5.706710e+07 4.412806e+06 
2.472419e+02 5.758204e+07 6.173105e+06 
3.083582e+02 5.725577e+07 4.219896e+06 
3.053323e+02 5.662177e+07 4.991534e+06 
2.679089e+02 5.958219e+07 4.798625e+06 
2.354190e+02 6.098205e+07 6.245447e+06 
2.787667e+02 5.779288e+07 4.605715e+06 
2.463442e+02 5.953799e+07 5.690831e+06 
2.770885e+02 6.011349e+07 4.430488e+06 
2.682780e+02 6.011906e+07 4.702170e+06 
2.904598e+02 5.778315e+07 4.219896e+06 
2.699051e+02 5.806081e+07 4.991534e+06 
2.637380e+02 5.830324e+07 5.112102e+06 
2.500283e+02 5.790131e+07 5.787286e+06 
2.969626e+02 5.753888e+07 4.340464e+06 
2.824504e+02 5.767547e+07 4.605715e+06 
2.775511e+02 5.882911e+07 4.219896e+06 
2.444260e+02 6.154285e+07 5.473808e+06 
2.605247e+02 5.789559e+07 5.497922e+06 
2.432621e+02 5.861167e+07 6.173105e+06 
2.725481e+02 5.668477e+07 5.570263e+06 
2.523440e+02 5.889039e+07 5.570263e+06 
2.460405e+02 5.842119e+07 6.366015e+06 
2.594824e+02 6.027061e+07 5.184444e+06 
3.048456e+02 5.667756e+07 4.798625e+06 
2.549077e+02 5.971787e+07 5.377354e+06 
2.735932e+02 5.661229e+07 5.980196e+06 
2.487026e+02 5.725772e+07 5.883741e+06 
3.030715e+02 5.751140e+07 4.026986e+06 
2.393532e+02 6.460899e+07 5.787286e+06 
3.178215e+02 5.639389e+07 4.991534e+06 
2.875652e+02 5.863511e+07 4.219896e+06 
2.810197e+02 5.609317e+07 5.377354e+06 
2.476706e+02 5.890167e+07 5.787286e+06 
2.604904e+02 5.700997e+07 5.690831e+06 
2.468645e+02 5.779810e+07 6.173105e+06 
2.752676e+02 5.880776e+07 4.605715e+06 
2.537942e+02 5.835461e+07 5.570263e+06 
3.127215e+02 5.763914e+07 3.834077e+06 
3.057050e+02 5.714805e+07 4.340464e+06 
2.720816e+02 5.699606e+07 5.497922e+06 
2.996734e+02 5.699352e+07 4.798625e+06 
2.814445e+02 5.752898e+07 4.798625e+06 
2.353886e+02 6.251056e+07 6.052537e+06 
2.861005e+02 5.798596e+07 4.412806e+06 
2.454601e+02 5.856181e+07 6.173105e+06 
2.595722e+02 5.719873e+07 5.690831e+06 
2.367859e+02 6.074445e+07 6.173105e+06 
2.707759e+02 5.983634e+07 4.702170e+06 
2.617470e+02 5.714358e+07 5.377354e+06 
2.883672e+02 5.881970e+07 4.026986e+06 
2.716434e+02 5.782355e+07 4.991534e+06 
2.736148e+02 5.819213e+07 4.798625e+06 
2.599683e+02 6.051779e+07 5.112102e+06 
2.942460e+02 5.854189e+07 3.834077e+06 
2.655796e+02 6.096236e+07 4.919193e+06 
2.566123e+02 5.725086e+07 5.883741e+06 
2.517462e+02 6.096580e+07 5.401467e+06 
2.607484e+02 6.175086e+07 4.991534e+06 
2.622296e+02 5.685997e+07 5.883741e+06 

2.599856e+02 6.110158e+07 4.557487e+06 
2.571252e+02 5.945245e+07 4.822738e+06 
2.555304e+02 5.920214e+07 5.136216e+06 
2.515026e+02 5.982446e+07 5.329125e+06 
2.634080e+02 5.978568e+07 4.605715e+06 
3.030304e+02 6.041486e+07 4.219896e+06 
2.526495e+02 6.002549e+07 5.112102e+06 
2.937688e+02 5.827966e+07 4.219896e+06 
2.690881e+02 5.841864e+07 4.919193e+06 
2.692897e+02 5.868467e+07 4.605715e+06 
2.767465e+02 5.833113e+07 4.412806e+06 
2.784840e+02 5.783755e+07 4.919193e+06 
2.944229e+02 6.065041e+07 4.033415e+06 
2.829183e+02 5.921704e+07 4.219896e+06 
2.683211e+02 5.898164e+07 4.919193e+06 
2.945678e+02 6.029423e+07 4.096111e+06 
2.937256e+02 5.704072e+07 4.726283e+06 
2.582813e+02 5.839993e+07 5.015648e+06 
2.560070e+02 5.908005e+07 5.136216e+06 
2.414374e+02 6.083796e+07 5.594376e+06 
2.987424e+02 5.782021e+07 4.533374e+06 
2.851835e+02 5.789099e+07 4.412806e+06 
2.994246e+02 5.950320e+07 4.026986e+06 
2.420157e+02 6.000026e+07 5.594376e+06 
2.544133e+02 5.933484e+07 5.329125e+06 
2.673955e+02 5.952696e+07 4.726283e+06 
2.576313e+02 5.886956e+07 5.136216e+06 
2.527959e+02 6.175135e+07 5.039761e+06 
2.532093e+02 5.964081e+07 5.136216e+06 
2.564776e+02 5.901562e+07 5.136216e+06 
2.533182e+02 5.950265e+07 5.329125e+06 
2.663159e+02 6.009346e+07 4.533374e+06 
2.719851e+02 5.833361e+07 4.919193e+06 
2.938373e+02 5.748555e+07 4.726283e+06 
2.524686e+02 5.974164e+07 5.266429e+06 
2.738754e+02 5.818705e+07 5.232670e+06 
2.493374e+02 6.088943e+07 5.099241e+06 
2.580129e+02 5.846792e+07 5.208557e+06 
2.418781e+02 6.039571e+07 5.522035e+06 
2.614153e+02 5.918881e+07 4.943306e+06 
2.431857e+02 6.169748e+07 5.329125e+06 
2.734247e+02 5.848044e+07 4.798625e+06 
2.531344e+02 5.962934e+07 5.522035e+06 
2.433910e+02 6.065259e+07 5.350023e+06 
2.666608e+02 5.924132e+07 4.798625e+06 
2.604259e+02 5.931783e+07 4.919193e+06 
2.560465e+02 5.960731e+07 5.039761e+06 
2.447188e+02 5.997426e+07 5.287327e+06 
2.652127e+02 5.919989e+07 4.919193e+06 
2.555834e+02 5.955288e+07 5.112102e+06 
2.549773e+02 5.929476e+07 5.136216e+06 
2.547324e+02 6.024826e+07 4.702170e+06 
2.837342e+02 5.770316e+07 4.605715e+06 
2.854568e+02 5.824724e+07 4.340464e+06 
2.542791e+02 6.108649e+07 4.952950e+06 
2.499194e+02 5.993863e+07 5.232670e+06 
2.404927e+02 6.081563e+07 5.787286e+06 
2.521512e+02 5.973064e+07 5.329125e+06 
2.726873e+02 5.951419e+07 4.533374e+06 
2.483176e+02 6.008128e+07 5.112102e+06 
2.762333e+02 5.901248e+07 4.533374e+06 
2.543317e+02 6.060691e+07 5.039761e+06 
2.615812e+02 5.999706e+07 4.764864e+06 
2.533252e+02 5.944642e+07 5.136216e+06 
2.622875e+02 6.034178e+07 4.605715e+06 
2.552020e+02 5.997036e+07 5.039761e+06 
2.526178e+02 5.971893e+07 5.329125e+06 
2.910948e+02 5.750129e+07 4.726283e+06 
2.760242e+02 6.005127e+07 4.340464e+06 
2.558911e+02 6.007081e+07 5.015648e+06 
3.027173e+02 5.720255e+07 4.653942e+06 
2.537041e+02 5.916441e+07 5.425580e+06 
2.817404e+02 5.820832e+07 4.726283e+06 
2.717618e+02 6.045995e+07 4.430488e+06 
2.704634e+02 5.830766e+07 5.305012e+06 
2.822629e+02 5.811300e+07 4.605715e+06 
2.834931e+02 5.885091e+07 4.340464e+06 
2.861263e+02 5.834920e+07 4.605715e+06 
2.918370e+02 5.908086e+07 4.147554e+06 
2.917791e+02 5.886351e+07 4.219896e+06 
2.631138e+02 6.136695e+07 4.534980e+06 
2.881390e+02 5.751440e+07 5.039761e+06 
2.439534e+02 6.198565e+07 5.208557e+06 
2.762765e+02 5.863215e+07 4.605715e+06 
3.068763e+02 5.777566e+07 4.533374e+06 
2.403274e+02 6.112386e+07 5.522035e+06 
2.541070e+02 6.161110e+07 4.952950e+06 
2.743140e+02 5.819153e+07 5.112102e+06 
2.562102e+02 6.192696e+07 4.618574e+06 
2.452235e+02 6.115317e+07 5.208557e+06 
2.666831e+02 5.911811e+07 4.943306e+06 
2.384814e+02 6.169437e+07 5.401467e+06 
2.638586e+02 5.958316e+07 4.605715e+06 
2.764360e+02 5.907582e+07 4.340464e+06 
2.624366e+02 5.882407e+07 4.991534e+06 
2.534502e+02 5.939756e+07 5.329125e+06 
2.515132e+02 5.980438e+07 5.522035e+06 
2.554143e+02 5.988557e+07 5.039761e+06 
2.827237e+02 5.802944e+07 4.412806e+06 
2.468720e+02 6.190952e+07 5.015648e+06 

2.582154e+02 5.849630e+07 5.160331e+06 
3.167380e+02 5.904812e+07 4.147554e+06 
2.542002e+02 6.011263e+07 5.063876e+06 
3.014190e+02 5.736503e+07 4.678057e+06 
2.788954e+02 5.733397e+07 5.280899e+06 
3.011184e+02 6.310890e+07 4.123441e+06 
2.466875e+02 6.137178e+07 5.666718e+06 
2.934712e+02 6.504137e+07 4.179705e+06 
2.478104e+02 6.090980e+07 5.594376e+06 
2.757021e+02 5.851358e+07 4.653944e+06 
3.001086e+02 6.372992e+07 4.012517e+06 
2.434037e+02 6.464524e+07 6.607151e+06 
2.617359e+02 5.832954e+07 5.063876e+06 
2.684927e+02 6.102306e+07 4.702170e+06 
2.478641e+02 5.961044e+07 5.497922e+06 
2.678869e+02 5.820770e+07 4.750398e+06 
2.606534e+02 5.804468e+07 5.353240e+06 
3.155314e+02 5.894708e+07 4.316351e+06 
2.688498e+02 5.972475e+07 4.678057e+06 
2.799429e+02 5.827825e+07 4.557489e+06 
2.550815e+02 5.863652e+07 5.160331e+06 
2.687969e+02 6.069033e+07 4.678057e+06 
2.475803e+02 6.109175e+07 5.811399e+06 
2.519608e+02 5.920196e+07 5.618490e+06 
2.787634e+02 5.997180e+07 4.485147e+06 
2.932570e+02 5.670768e+07 5.087989e+06 
2.923581e+02 6.340866e+07 4.195783e+06 
2.757427e+02 5.766051e+07 4.750398e+06 
2.722712e+02 6.256731e+07 4.605715e+06 
3.059130e+02 5.825486e+07 4.412806e+06 
2.596703e+02 6.128807e+07 4.991534e+06 
3.045810e+02 5.816081e+07 4.485147e+06 
3.025000e+02 6.256846e+07 4.002873e+06 
2.425109e+02 6.609720e+07 6.486583e+06 
2.615988e+02 5.816884e+07 5.256786e+06 
2.818147e+02 5.712824e+07 4.967421e+06 
2.648420e+02 5.865028e+07 4.870966e+06 
2.582538e+02 5.800605e+07 5.497922e+06 
2.655246e+02 6.007160e+07 4.774512e+06 
2.749818e+02 5.876731e+07 4.557489e+06 
2.796025e+02 5.741287e+07 4.750398e+06 
2.695662e+02 5.752819e+07 5.256786e+06 
3.003146e+02 5.868372e+07 4.412806e+06 
2.560566e+02 5.997625e+07 5.015648e+06 
2.979917e+02 6.198511e+07 4.195783e+06 
3.020108e+02 5.883869e+07 4.388692e+06 
3.026558e+02 5.710632e+07 4.943308e+06 
2.454852e+02 6.177985e+07 5.594376e+06 
3.144225e+02 5.750260e+07 4.412806e+06 
2.898602e+02 5.694748e+07 4.967421e+06 
2.987196e+02 5.835873e+07 4.533374e+06 
2.569075e+02 5.833631e+07 5.618490e+06 
3.037986e+02 5.772913e+07 4.533374e+06 
2.539768e+02 5.908444e+07 5.160331e+06 
2.905721e+02 5.879654e+07 4.533374e+06 
2.804178e+02 5.773501e+07 4.678057e+06 
3.154376e+02 5.727160e+07 4.533374e+06 
2.641969e+02 5.798090e+07 5.256786e+06 
2.721674e+02 5.798312e+07 4.750398e+06 
2.602792e+02 5.833015e+07 5.256786e+06 
2.550020e+02 5.905449e+07 5.063876e+06 
2.543265e+02 5.889354e+07 5.377354e+06 
2.889451e+02 6.225311e+07 4.292238e+06 
2.925194e+02 5.757192e+07 4.678057e+06 
2.503872e+02 5.971293e+07 5.160331e+06 
2.642235e+02 5.781401e+07 5.256786e+06 
2.665256e+02 5.798413e+07 4.870966e+06 
3.202623e+02 5.705228e+07 4.605715e+06 
2.624664e+02 6.041155e+07 4.798625e+06 
3.100053e+02 5.758989e+07 4.485147e+06 
2.764258e+02 5.744879e+07 5.256786e+06 
3.097829e+02 5.900982e+07 4.340464e+06 
2.975557e+02 5.741376e+07 4.678057e+06 
2.722833e+02 6.055531e+07 4.485147e+06 
3.076575e+02 5.768210e+07 4.412806e+06 
2.504098e+02 5.930747e+07 5.883741e+06 
2.921641e+02 5.880808e+07 4.412806e+06 
2.738054e+02 5.954190e+07 4.557489e+06 
2.939098e+02 6.343188e+07 4.123441e+06 
2.776735e+02 6.068316e+07 4.388692e+06 
2.912448e+02 5.724511e+07 4.870966e+06 
2.452933e+02 6.390506e+07 6.414241e+06 
2.598067e+02 5.977177e+07 4.991534e+06 
2.469415e+02 6.110051e+07 5.280899e+06 
2.526555e+02 5.911730e+07 5.546150e+06 
2.663463e+02 5.771942e+07 5.087989e+06 
2.782168e+02 5.757305e+07 4.750398e+06 
2.754733e+02 6.014709e+07 4.485147e+06 
3.013056e+02 5.763466e+07 4.629828e+06 
2.452154e+02 6.398788e+07 5.907854e+06 
2.442097e+02 6.411627e+07 6.293673e+06 
2.678679e+02 5.832000e+07 4.750398e+06 
3.047589e+02 5.981672e+07 4.147554e+06 
2.615675e+02 5.880148e+07 4.870966e+06 
2.524730e+02 5.910283e+07 5.690831e+06 
2.522573e+02 5.934865e+07 5.377354e+06 
2.904345e+02 6.200585e+07 4.292238e+06 
2.848206e+02 5.792363e+07 4.557489e+06 
2.945617e+02 6.211381e+07 4.195783e+06 
2.992340e+02 5.934521e+07 4.292238e+06 

3.219758e+02 5.942781e+07 4.051100e+06 
2.497148e+02 6.159684e+07 5.473808e+06 
2.804031e+02 5.767235e+07 5.087989e+06 
3.138604e+02 5.994531e+07 4.051100e+06 
2.975042e+02 5.962832e+07 4.340464e+06 
2.640126e+02 6.066928e+07 4.952950e+06 
2.633058e+02 5.864159e+07 5.184444e+06 
2.682446e+02 6.212439e+07 4.702168e+06 
2.593123e+02 6.476031e+07 4.952950e+06 
2.714614e+02 5.825679e+07 4.895080e+06 
2.388476e+02 6.505234e+07 6.124879e+06 
2.427856e+02 6.459151e+07 6.124879e+06 
3.037625e+02 5.691030e+07 4.605715e+06 
2.683471e+02 5.835644e+07 5.401467e+06 
2.491818e+02 6.057157e+07 5.787286e+06 
2.443964e+02 6.335953e+07 6.173105e+06 
3.046962e+02 5.902495e+07 4.284197e+06 
2.818505e+02 7.431841e+07 4.268122e+06 
2.674698e+02 6.205370e+07 4.869356e+06 
2.553479e+02 5.942938e+07 5.787286e+06 
3.095271e+02 5.784631e+07 4.244009e+06 
2.810839e+02 5.803120e+07 4.605715e+06 
2.692852e+02 6.093855e+07 4.702168e+06 
2.892728e+02 6.253775e+07 4.451386e+06 
2.631168e+02 5.894369e+07 5.087989e+06 
2.935020e+02 5.693433e+07 5.087989e+06 
2.813623e+02 6.104408e+07 4.534980e+06 
2.685276e+02 7.536595e+07 4.653942e+06 
3.054453e+02 5.683205e+07 5.087989e+06 
3.004033e+02 5.731229e+07 4.509260e+06 
2.672346e+02 5.879644e+07 5.015648e+06 
2.821357e+02 5.761823e+07 4.895080e+06 
2.700632e+02 7.274248e+07 4.653942e+06 
2.717853e+02 5.798161e+07 5.184444e+06 
2.605584e+02 6.260627e+07 4.895080e+06 
2.800643e+02 5.767839e+07 5.087989e+06 
2.487584e+02 6.319502e+07 5.401467e+06 
2.590074e+02 5.917688e+07 5.305012e+06 
2.550362e+02 5.967394e+07 5.473808e+06 
2.729390e+02 5.821057e+07 4.798625e+06 
2.890374e+02 5.736788e+07 4.702170e+06 
2.809253e+02 7.482316e+07 4.430488e+06 
2.820156e+02 5.751484e+07 5.087989e+06 
2.523178e+02 5.954099e+07 5.859628e+06 
2.492997e+02 5.985423e+07 6.173105e+06 
2.528424e+02 6.021743e+07 5.280899e+06 
2.471398e+02 6.258613e+07 5.594376e+06 
2.741052e+02 5.963166e+07 4.702168e+06 
3.108628e+02 5.895509e+07 4.147554e+06 
2.844227e+02 5.720240e+07 4.991534e+06 
2.511649e+02 5.975413e+07 5.980196e+06 
2.845289e+02 5.955997e+07 4.509260e+06 
2.729065e+02 6.295380e+07 4.605715e+06 
2.645567e+02 5.858045e+07 5.497922e+06 
2.570600e+02 5.938612e+07 5.208557e+06 
3.072051e+02 5.865515e+07 4.244009e+06 
2.513851e+02 5.997339e+07 5.666718e+06 
3.062844e+02 5.674151e+07 4.702170e+06 
2.671508e+02 5.958201e+07 4.952950e+06 
2.758764e+02 5.787560e+07 5.208557e+06 
3.046756e+02 6.007713e+07 4.147554e+06 
2.761327e+02 5.926075e+07 4.618574e+06 
3.015743e+02 5.981307e+07 4.244009e+06 
2.633964e+02 5.863184e+07 5.305012e+06 
2.968858e+02 5.980931e+07 4.412806e+06 
2.584478e+02 6.085329e+07 4.991534e+06 
2.564485e+02 6.195984e+07 5.112102e+06 
2.490354e+02 6.013449e+07 6.052537e+06 
2.456136e+02 6.824301e+07 5.739060e+06 
2.759264e+02 5.779430e+07 5.208557e+06 
2.473158e+02 6.155335e+07 5.859628e+06 
2.568931e+02 5.915708e+07 6.052537e+06 
3.314947e+02 5.747578e+07 4.316351e+06 
2.948090e+02 5.697519e+07 4.702170e+06 
3.154810e+02 5.953860e+07 4.051100e+06 
3.195423e+02 5.708856e+07 4.509260e+06 
2.423930e+02 6.492991e+07 6.245447e+06 
2.794756e+02 7.599799e+07 4.534980e+06 
2.835819e+02 5.777362e+07 4.605715e+06 
3.131385e+02 5.752188e+07 4.244009e+06 
2.909525e+02 5.736787e+07 4.605715e+06 
2.763209e+02 5.768465e+07 5.087989e+06 
2.481450e+02 6.017992e+07 6.293673e+06 
2.451004e+02 6.294079e+07 5.980196e+06 
2.906106e+02 5.715964e+07 4.991534e+06 
2.798429e+02 7.382135e+07 4.534980e+06 
2.480694e+02 6.114682e+07 5.666718e+06 
2.465127e+02 6.895739e+07 5.666718e+06 
2.958274e+02 5.711827e+07 4.605715e+06 
2.625193e+02 5.884205e+07 5.305012e+06 
2.435766e+02 6.048731e+07 6.438356e+06 
2.417736e+02 6.503004e+07 6.438356e+06 
2.567689e+02 5.978950e+07 5.036545e+06 
2.626476e+02 5.874720e+07 5.305012e+06 
2.741474e+02 6.140859e+07 4.605715e+06 
2.956615e+02 5.758822e+07 4.509260e+06 
2.688699e+02 5.827409e+07 5.112102e+06 
2.873686e+02 6.316516e+07 4.451386e+06 
2.601775e+02 5.890777e+07 5.305012e+06 
2.870391e+02 5.807561e+07 4.509260e+06 

2.687967e+02 6.036562e+07 4.750396e+06 
2.927044e+02 6.046223e+07 4.461032e+06 
2.998238e+02 6.462747e+07 3.978758e+06 
2.883320e+02 6.262298e+07 4.268122e+06 
2.976207e+02 6.093191e+07 4.147554e+06 
2.590205e+02 6.068652e+07 4.952950e+06 
2.757313e+02 6.061283e+07 4.557487e+06 
2.667774e+02 6.013171e+07 4.943306e+06 
2.633496e+02 6.026257e+07 5.329125e+06 
2.698385e+02 6.265298e+07 4.653942e+06 
2.952614e+02 6.082354e+07 4.340464e+06 
2.838126e+02 5.986072e+07 4.750396e+06 
2.755396e+02 6.004172e+07 4.846851e+06 
2.739350e+02 6.000381e+07 4.750396e+06 
2.941654e+02 5.985807e+07 4.846851e+06 
2.935803e+02 6.030808e+07 4.533374e+06 
2.737047e+02 5.913807e+07 5.136216e+06 
2.799611e+02 5.975031e+07 4.846851e+06 
2.864681e+02 5.889121e+07 4.846851e+06 
2.715468e+02 6.429066e+07 4.461032e+06 
2.925478e+02 6.529285e+07 3.928923e+06 
2.815916e+02 6.700788e+07 4.263299e+06 
2.649051e+02 6.049700e+07 5.039761e+06 
2.773878e+02 6.433532e+07 4.430488e+06 
2.856864e+02 6.090912e+07 4.534980e+06 
2.647580e+02 6.044445e+07 5.136216e+06 
2.667595e+02 6.073236e+07 4.750396e+06 
2.861307e+02 6.103893e+07 4.430488e+06 
2.823234e+02 6.402671e+07 4.075213e+06 
2.705370e+02 6.015279e+07 4.846851e+06 
2.743126e+02 6.274027e+07 4.461032e+06 
2.732877e+02 6.011157e+07 4.846851e+06 
2.683045e+02 6.018880e+07 4.846851e+06 
2.767432e+02 5.934600e+07 5.039761e+06 
2.780699e+02 5.947521e+07 5.039761e+06 
2.901757e+02 6.686416e+07 4.012517e+06 
2.735541e+02 6.742234e+07 4.367791e+06 
2.721275e+02 5.979134e+07 5.039761e+06 
2.726109e+02 5.959808e+07 5.522035e+06 
2.543431e+02 6.242467e+07 5.714944e+06 
2.958381e+02 6.816059e+07 4.096111e+06 
2.676216e+02 6.333914e+07 4.618574e+06 
2.593220e+02 6.060479e+07 4.943306e+06 
2.571844e+02 6.085438e+07 4.943306e+06 
2.484079e+02 6.447460e+07 5.522035e+06 
2.915803e+02 6.217412e+07 4.364577e+06 
2.609062e+02 6.609075e+07 4.750396e+06 
2.689636e+02 5.994685e+07 4.943306e+06 
2.730501e+02 6.381731e+07 4.534980e+06 
2.508058e+02 6.353071e+07 5.618490e+06 
2.903916e+02 6.457881e+07 4.012517e+06 
2.659692e+02 6.044012e+07 4.943306e+06 
2.569767e+02 6.156988e+07 5.120139e+06 
2.849381e+02 6.236786e+07 4.364577e+06 
2.996637e+02 6.059959e+07 4.436919e+06 
2.808121e+02 6.285172e+07 4.364577e+06 
2.659611e+02 6.498398e+07 4.653942e+06 
2.774201e+02 6.045749e+07 4.618574e+06 
2.848456e+02 6.033199e+07 4.557487e+06 
2.813331e+02 5.996094e+07 4.750396e+06 
2.642548e+02 6.068784e+07 4.750396e+06 
2.494444e+02 6.377975e+07 5.522035e+06 
2.563102e+02 6.223651e+07 4.943306e+06 
3.139265e+02 6.117005e+07 4.147554e+06 
2.703276e+02 6.106504e+07 4.557487e+06 
3.051191e+02 6.045123e+07 4.461032e+06 
2.513415e+02 6.292599e+07 5.136216e+06 
2.641033e+02 6.054788e+07 5.136216e+06 
2.950920e+02 6.493258e+07 3.928923e+06 
2.664848e+02 6.010813e+07 4.952950e+06 
2.680394e+02 6.033349e+07 4.846851e+06 
2.746146e+02 6.371502e+07 4.451386e+06 
2.557088e+02 6.212748e+07 5.522035e+06 
2.668961e+02 6.042491e+07 4.846851e+06 
2.938145e+02 6.166985e+07 4.340464e+06 
2.657272e+02 6.065123e+07 4.785762e+06 
2.649126e+02 6.056661e+07 4.943306e+06 
2.816035e+02 6.021377e+07 4.653942e+06 
2.528331e+02 6.255020e+07 5.329125e+06 
2.651507e+02 6.572426e+07 4.461032e+06 
2.952283e+02 6.026394e+07 4.629828e+06 
2.511534e+02 6.380072e+07 5.329125e+06 
2.566026e+02 6.192019e+07 5.136216e+06 
2.811360e+02 6.220565e+07 4.461032e+06 
2.663157e+02 6.420095e+07 4.702168e+06 
2.722326e+02 5.975906e+07 5.039761e+06 
2.778816e+02 6.230523e+07 4.461032e+06 
3.001280e+02 6.102588e+07 4.268122e+06 
2.684887e+02 5.981308e+07 5.039761e+06 
2.677968e+02 6.423101e+07 4.557487e+06 
2.649377e+02 6.686487e+07 4.702168e+06 
2.723960e+02 6.090367e+07 4.681270e+06 
2.801254e+02 6.498758e+07 4.364577e+06 
2.616899e+02 6.135756e+07 4.750396e+06 
2.795626e+02 6.609256e+07 4.364577e+06 
2.670889e+02 5.965223e+07 5.136216e+06 
2.506275e+02 6.372609e+07 5.714944e+06 
2.881317e+02 6.020697e+07 4.653942e+06 
2.544780e+02 6.237656e+07 5.907854e+06 
2.973581e+02 6.253106e+07 4.268122e+06 

2.617286e+02 6.018012e+07 4.533374e+06 
2.518729e+02 6.107053e+07 4.533374e+06 
2.516725e+02 5.941664e+07 5.208557e+06 
2.639599e+02 6.000279e+07 4.533374e+06 
3.283721e+02 6.187286e+07 3.544712e+06 
2.944601e+02 6.382840e+07 3.930532e+06 
2.845488e+02 5.943989e+07 4.702170e+06 
2.368834e+02 6.699980e+07 5.401467e+06 
2.826528e+02 6.062503e+07 4.292238e+06 
2.404153e+02 6.184706e+07 4.629828e+06 
3.054808e+02 6.024356e+07 4.007562e+06 
2.585322e+02 5.939379e+07 4.919193e+06 
2.596181e+02 6.049759e+07 4.533374e+06 
2.524315e+02 6.399057e+07 4.147554e+06 
2.645481e+02 5.875859e+07 4.726283e+06 
2.582835e+02 6.098998e+07 4.533374e+06 
3.064019e+02 6.200118e+07 3.930532e+06 
2.841097e+02 6.612103e+07 4.012517e+06 
2.804687e+02 6.298227e+07 4.179705e+06 
2.479831e+02 6.129463e+07 4.533374e+06 
2.526946e+02 5.908541e+07 5.112102e+06 
2.915255e+02 6.442943e+07 3.954645e+06 
2.851786e+02 6.365375e+07 4.026986e+06 
2.396192e+02 6.039887e+07 4.952950e+06 
2.374551e+02 6.329666e+07 5.287327e+06 
2.456966e+02 5.987899e+07 4.919193e+06 
2.981053e+02 6.081831e+07 4.099328e+06 
2.834942e+02 6.146410e+07 4.195783e+06 
2.401831e+02 6.126886e+07 4.822738e+06 
2.391345e+02 6.114228e+07 4.952950e+06 
2.395034e+02 6.282354e+07 4.436919e+06 
2.952694e+02 6.586436e+07 3.845329e+06 
2.378374e+02 6.115027e+07 5.112102e+06 
2.820736e+02 6.611654e+07 4.026986e+06 
2.375651e+02 6.043166e+07 5.208557e+06 
2.388381e+02 6.075977e+07 5.112102e+06 
2.419030e+02 6.058352e+07 4.822738e+06 
2.864765e+02 6.152083e+07 4.012517e+06 
2.973716e+02 5.928257e+07 4.316351e+06 
3.047861e+02 6.078318e+07 4.002873e+06 
2.483609e+02 5.969306e+07 5.112102e+06 
2.411473e+02 6.221348e+07 4.533374e+06 
2.385774e+02 6.032316e+07 5.208557e+06 
2.747951e+02 5.975847e+07 4.485147e+06 
2.414377e+02 6.064879e+07 4.726283e+06 
2.416807e+02 6.005056e+07 5.112102e+06 
2.454333e+02 6.363177e+07 4.340464e+06 
2.678568e+02 6.077992e+07 4.412806e+06 
2.850948e+02 6.081665e+07 4.195783e+06 
2.887304e+02 5.961688e+07 4.388692e+06 
2.953200e+02 5.955012e+07 4.388692e+06 
2.505311e+02 5.952880e+07 5.112102e+06 
2.856502e+02 6.047855e+07 4.219896e+06 
2.533310e+02 5.999798e+07 4.726283e+06 
2.894144e+02 6.084761e+07 4.012517e+06 
2.541816e+02 5.980890e+07 4.919193e+06 
2.791594e+02 6.063587e+07 4.412806e+06 
2.459216e+02 6.125533e+07 4.629828e+06 
2.392781e+02 5.968265e+07 5.208557e+06 
2.386715e+02 6.216482e+07 4.846851e+06 
2.501976e+02 6.032734e+07 4.726283e+06 
2.436114e+02 5.991173e+07 5.015648e+06 
3.126582e+02 6.160539e+07 3.809964e+06 
2.889545e+02 5.962996e+07 4.195783e+06 
2.369546e+02 6.097591e+07 5.401467e+06 
2.503533e+02 6.066315e+07 4.681270e+06 
3.111750e+02 6.286944e+07 3.906418e+06 
2.597001e+02 6.030766e+07 4.588970e+06 
2.491084e+02 5.955438e+07 5.208557e+06 
2.835021e+02 6.030521e+07 4.412806e+06 
2.730079e+02 6.210010e+07 4.219896e+06 
2.574102e+02 5.944863e+07 4.726283e+06 
3.200208e+02 6.115650e+07 3.834077e+06 
2.838193e+02 6.517859e+07 4.026986e+06 
2.594706e+02 6.367120e+07 4.284197e+06 
2.571244e+02 6.081168e+07 4.653942e+06 
2.410501e+02 6.090220e+07 4.726283e+06 
2.364213e+02 6.423246e+07 5.907854e+06 
2.806625e+02 6.045026e+07 4.412806e+06 
2.548703e+02 5.986692e+07 4.726283e+06 
2.439414e+02 6.035536e+07 4.919193e+06 
2.561664e+02 5.962150e+07 4.919193e+06 
2.784720e+02 6.414412e+07 4.099328e+06 
2.787011e+02 6.115480e+07 4.219896e+06 
2.847991e+02 6.507107e+07 4.012517e+06 
2.521805e+02 6.020048e+07 4.726283e+06 
2.876634e+02 6.744693e+07 3.954645e+06 
3.020698e+02 6.198329e+07 4.002873e+06 
3.169987e+02 6.151990e+07 3.858190e+06 
2.386437e+02 6.653902e+07 4.869356e+06 
2.846263e+02 5.960887e+07 4.509260e+06 
2.461846e+02 6.171353e+07 4.340464e+06 
2.402859e+02 6.102961e+07 4.846851e+06 
2.597709e+02 5.884662e+07 4.726283e+06 
2.867846e+02 6.043815e+07 4.219896e+06 
3.194652e+02 6.208446e+07 3.641167e+06 
2.767232e+02 6.634109e+07 4.099328e+06 
3.113596e+02 6.046635e+07 3.930532e+06 
2.365486e+02 6.393219e+07 5.907854e+06 
3.058841e+02 6.629526e+07 3.782632e+06 

3.117424e+02 5.395025e+07 5.401467e+06 
2.359666e+02 5.953634e+07 5.621704e+06 
2.925676e+02 5.516257e+07 5.497922e+06 
2.689206e+02 6.141461e+07 4.702170e+06 
2.315036e+02 5.880015e+07 6.366015e+06 
2.526906e+02 5.693584e+07 6.366015e+06 
2.500042e+02 5.705109e+07 6.366015e+06 
2.736640e+02 5.878682e+07 5.015648e+06 
2.837677e+02 5.449323e+07 5.787286e+06 
2.753173e+02 5.476451e+07 5.980196e+06 
2.283145e+02 5.894972e+07 6.366015e+06 
2.355782e+02 6.013161e+07 5.621704e+06 
2.476196e+02 6.182872e+07 5.350023e+06 
2.948995e+02 6.269922e+07 4.430488e+06 
2.485158e+02 5.808589e+07 5.522035e+06 
2.512953e+02 5.696714e+07 6.173105e+06 
2.275151e+02 5.909667e+07 6.173105e+06 
2.459758e+02 5.753677e+07 5.980196e+06 
2.870890e+02 5.687926e+07 5.015648e+06 
2.804370e+02 5.604703e+07 5.401467e+06 
2.701453e+02 6.339440e+07 4.605715e+06 
2.332413e+02 5.810301e+07 6.173105e+06 
2.936798e+02 5.611306e+07 5.280899e+06 
2.300906e+02 5.883626e+07 6.366015e+06 
2.811966e+02 5.440373e+07 5.859628e+06 
2.752872e+02 5.681799e+07 5.329125e+06 
2.316465e+02 5.856789e+07 6.366015e+06 
2.775096e+02 5.836457e+07 5.015648e+06 
2.754683e+02 6.473662e+07 4.436919e+06 
2.832096e+02 5.879836e+07 4.822738e+06 
2.273990e+02 5.988381e+07 6.366015e+06 
2.476446e+02 5.711712e+07 6.366015e+06 
2.874352e+02 5.480516e+07 5.594376e+06 
2.547735e+02 5.728996e+07 5.787286e+06 
2.566283e+02 5.671834e+07 6.173105e+06 
2.618149e+02 5.600252e+07 6.173105e+06 
2.708709e+02 5.544675e+07 5.980196e+06 
2.601783e+02 5.638347e+07 6.173105e+06 
2.325244e+02 5.845311e+07 6.173105e+06 
2.732290e+02 6.178050e+07 4.629828e+06 
2.517476e+02 6.352913e+07 5.305012e+06 
2.551521e+02 6.022349e+07 5.208557e+06 
2.938776e+02 5.391903e+07 5.980196e+06 
2.831512e+02 6.318928e+07 4.316351e+06 
2.665987e+02 5.932677e+07 5.015648e+06 
2.717254e+02 6.040458e+07 4.822738e+06 
2.801536e+02 5.470272e+07 5.980196e+06 
2.458571e+02 5.728330e+07 6.366015e+06 
2.506351e+02 5.889345e+07 5.401467e+06 
2.786951e+02 5.509924e+07 5.787286e+06 
2.959249e+02 5.640691e+07 5.015648e+06 
2.353765e+02 5.783709e+07 6.173105e+06 
2.898580e+02 5.560511e+07 5.401467e+06 
2.835078e+02 6.155888e+07 4.509260e+06 
2.988206e+02 5.505297e+07 5.401467e+06 
2.660349e+02 5.701174e+07 5.401467e+06 
2.684581e+02 5.595807e+07 5.787286e+06 
2.457434e+02 5.738859e+07 6.366015e+06 
2.595826e+02 6.308172e+07 5.087989e+06 
2.729778e+02 5.506384e+07 5.980196e+06 
2.907774e+02 5.638803e+07 5.280899e+06 
2.959436e+02 5.441631e+07 5.594376e+06 
2.853951e+02 5.425414e+07 5.980196e+06 
2.448735e+02 6.263036e+07 5.473808e+06 
2.360807e+02 5.763756e+07 6.366015e+06 
2.613227e+02 5.618816e+07 5.787286e+06 
2.611598e+02 6.217214e+07 4.702170e+06 
2.632761e+02 5.972855e+07 5.015648e+06 
2.554849e+02 5.672014e+07 5.980196e+06 
2.636903e+02 5.551746e+07 5.980196e+06 
2.694198e+02 5.625049e+07 5.522035e+06 
2.553156e+02 5.675765e+07 6.173105e+06 
2.579299e+02 5.668996e+07 5.594376e+06 
2.542925e+02 5.680816e+07 5.980196e+06 
2.575586e+02 6.278426e+07 5.120139e+06 
2.529965e+02 5.682721e+07 6.173105e+06 
3.044291e+02 5.474726e+07 5.184444e+06 
2.572202e+02 5.831509e+07 5.401467e+06 
2.816445e+02 5.691298e+07 5.208557e+06 
2.319449e+02 6.069350e+07 5.980196e+06 
2.796487e+02 5.474315e+07 5.980196e+06 
2.610849e+02 6.098764e+07 5.015648e+06 
2.764551e+02 5.925690e+07 4.822738e+06 
2.409963e+02 5.829417e+07 5.787286e+06 
2.349014e+02 6.021357e+07 5.907854e+06 
2.520303e+02 6.330009e+07 5.182835e+06 
2.424620e+02 5.754310e+07 6.366015e+06 
2.886657e+02 5.413434e+07 5.980196e+06 
2.408181e+02 6.158706e+07 5.517212e+06 
2.580075e+02 5.646827e+07 5.787286e+06 
2.605452e+02 5.631609e+07 6.173105e+06 
2.835707e+02 6.471568e+07 4.284197e+06 
2.825431e+02 6.007028e+07 4.629828e+06 
2.476632e+02 5.762842e+07 5.787286e+06 
2.349839e+02 5.854551e+07 5.980196e+06 
2.983444e+02 5.409841e+07 5.787286e+06 
2.981544e+02 5.551516e+07 5.280899e+06 
2.764459e+02 6.296566e+07 4.514082e+06 
2.478648e+02 5.991634e+07 5.401467e+06 
2.908612e+02 6.402146e+07 4.284197e+06 

2.685884e+02 6.015424e+07 5.714944e+06 
2.697716e+02 6.137103e+07 5.112102e+06 
2.381157e+02 6.431953e+07 5.497922e+06 
3.047030e+02 6.335750e+07 4.340464e+06 
2.387013e+02 5.988529e+07 5.956082e+06 
2.851593e+02 6.063699e+07 5.184444e+06 
2.450335e+02 6.359356e+07 5.305012e+06 
2.750026e+02 6.145123e+07 5.015648e+06 
2.652499e+02 6.594803e+07 4.895080e+06 
2.943580e+02 6.400036e+07 4.340464e+06 
2.532417e+02 6.162843e+07 5.305012e+06 
2.361881e+02 6.148456e+07 5.883741e+06 
2.428075e+02 6.334706e+07 5.497922e+06 
2.771306e+02 6.086479e+07 5.087989e+06 
2.919732e+02 6.514404e+07 4.340464e+06 
2.424677e+02 6.671744e+07 5.377354e+06 
2.824808e+02 6.082006e+07 4.726283e+06 
2.440255e+02 6.585755e+07 5.305012e+06 
2.802437e+02 6.086221e+07 4.991534e+06 
2.801802e+02 6.235082e+07 4.629828e+06 
2.536095e+02 6.396867e+07 5.015647e+06 
2.428426e+02 5.974908e+07 5.956082e+06 
2.317160e+02 6.261498e+07 5.883741e+06 
2.408293e+02 6.629385e+07 5.425580e+06 
2.574350e+02 6.283729e+07 5.112102e+06 
2.641134e+02 6.233818e+07 5.112102e+06 
2.948776e+02 6.515515e+07 4.147554e+06 
3.073459e+02 6.478378e+07 4.147554e+06 
2.928076e+02 6.005183e+07 5.184444e+06 
2.305677e+02 6.348048e+07 6.076650e+06 
2.309349e+02 6.335971e+07 5.883741e+06 
2.351956e+02 6.487905e+07 5.690831e+06 
2.485673e+02 6.118106e+07 5.377354e+06 
2.875424e+02 6.156971e+07 4.533374e+06 
2.339120e+02 6.444881e+07 5.811399e+06 
2.393523e+02 6.024675e+07 5.763173e+06 
2.914675e+02 6.568472e+07 4.147554e+06 
2.927591e+02 6.468914e+07 4.340464e+06 
2.281849e+02 6.142190e+07 6.269560e+06 
2.434665e+02 6.679703e+07 5.305012e+06 
2.691411e+02 6.200592e+07 4.991534e+06 
2.886568e+02 6.120844e+07 4.653942e+06 
2.757819e+02 6.174961e+07 4.846851e+06 
2.683755e+02 6.221642e+07 4.919193e+06 
2.348679e+02 6.066146e+07 6.076650e+06 
2.423178e+02 6.001011e+07 5.763173e+06 
2.744704e+02 6.061897e+07 5.401467e+06 
2.944400e+02 6.025409e+07 4.991534e+06 
2.718849e+02 6.363849e+07 4.798625e+06 
2.602801e+02 6.233551e+07 5.208557e+06 
2.436619e+02 6.339505e+07 5.377354e+06 
2.384745e+02 6.205567e+07 5.570263e+06 
2.363197e+02 6.257515e+07 5.763173e+06 
2.877626e+02 6.045421e+07 4.991534e+06 
2.394596e+02 6.465367e+07 5.473808e+06 
2.344103e+02 6.194275e+07 5.883741e+06 
2.530763e+02 6.296785e+07 5.112102e+06 
2.444678e+02 6.265252e+07 5.377354e+06 
2.624601e+02 6.022043e+07 5.473808e+06 
2.802218e+02 6.073484e+07 5.087989e+06 
2.370564e+02 6.017692e+07 5.956082e+06 
2.337313e+02 6.153076e+07 6.076650e+06 
2.847674e+02 6.285918e+07 4.533374e+06 
2.468181e+02 6.317536e+07 5.112102e+06 
2.330146e+02 6.092283e+07 6.269560e+06 
2.566889e+02 6.532686e+07 4.919193e+06 
2.712989e+02 6.112786e+07 5.305012e+06 
2.582715e+02 6.376508e+07 4.919193e+06 
2.280576e+02 6.240770e+07 6.462470e+06 
2.815493e+02 6.142332e+07 4.798625e+06 
2.341832e+02 6.099420e+07 6.076650e+06 
2.386455e+02 6.084030e+07 5.570263e+06 
2.481007e+02 6.249523e+07 5.280899e+06 
2.839559e+02 6.202290e+07 4.653942e+06 
2.732410e+02 6.277299e+07 4.726283e+06 
2.375053e+02 6.011219e+07 5.956082e+06 
2.909058e+02 6.063965e+07 4.919193e+06 
2.353691e+02 6.347632e+07 5.690831e+06 
2.482757e+02 6.579237e+07 4.919193e+06 
2.321628e+02 6.132521e+07 6.269560e+06 
2.565465e+02 6.029231e+07 5.570263e+06 
2.852834e+02 6.557027e+07 4.461032e+06 
2.984723e+02 6.212912e+07 4.461032e+06 
2.744383e+02 6.092391e+07 5.112102e+06 
2.837240e+02 6.693667e+07 4.461032e+06 
2.440441e+02 6.048039e+07 5.570263e+06 
2.574851e+02 6.151449e+07 5.305012e+06 
2.423219e+02 6.510319e+07 5.401467e+06 
2.466570e+02 6.173786e+07 5.497922e+06 
2.764524e+02 6.195113e+07 4.726283e+06 
2.346355e+02 6.090966e+07 6.366015e+06 
2.536481e+02 6.067817e+07 5.497922e+06 
2.461022e+02 6.385035e+07 5.184444e+06 
2.464876e+02 6.596789e+07 5.112102e+06 
2.449676e+02 6.546001e+07 5.184444e+06 
2.307056e+02 6.412296e+07 5.883741e+06 
2.442737e+02 5.968485e+07 5.763173e+06 
2.853915e+02 6.224211e+07 4.533374e+06 
2.686237e+02 6.176189e+07 5.112102e+06 
2.409453e+02 5.987401e+07 5.956082e+06 

2.834416e+02 5.617438e+07 5.353240e+06 
2.699353e+02 5.742914e+07 5.160331e+06 
2.428735e+02 5.771280e+07 5.739060e+06 
2.743846e+02 6.378815e+07 4.436919e+06 
2.790660e+02 6.491433e+07 4.051100e+06 
2.439972e+02 6.092901e+07 5.401467e+06 
2.807497e+02 5.713689e+07 4.846853e+06 
2.908817e+02 6.228901e+07 4.244009e+06 
2.775149e+02 6.296096e+07 4.244009e+06 
2.738428e+02 5.666958e+07 5.160331e+06 
2.814504e+02 6.336895e+07 4.147554e+06 
2.699774e+02 6.340089e+07 4.629828e+06 
2.524579e+02 5.976870e+07 5.160331e+06 
2.643193e+02 5.778925e+07 5.160331e+06 
2.452227e+02 5.761936e+07 5.980196e+06 
2.855597e+02 6.217214e+07 4.298264e+06 
2.680449e+02 6.487981e+07 4.436919e+06 
2.558342e+02 5.687065e+07 5.546150e+06 
2.563762e+02 5.951778e+07 5.160331e+06 
2.732889e+02 6.252520e+07 4.822738e+06 
2.698850e+02 5.985982e+07 4.895080e+06 
2.571011e+02 5.652977e+07 5.353240e+06 
2.460882e+02 5.743661e+07 5.980196e+06 
2.320200e+02 5.977562e+07 5.787286e+06 
2.587843e+02 5.889388e+07 5.039763e+06 
2.516804e+02 5.702270e+07 5.739060e+06 
2.585618e+02 5.858829e+07 5.280899e+06 
2.557243e+02 6.469461e+07 4.919193e+06 
2.333107e+02 5.972382e+07 5.787286e+06 
2.298964e+02 6.041215e+07 5.980196e+06 
2.856690e+02 5.605764e+07 5.473808e+06 
2.854423e+02 6.076020e+07 4.774512e+06 
2.408372e+02 5.854680e+07 5.546150e+06 
2.854902e+02 6.428039e+07 4.051100e+06 
2.949763e+02 5.643347e+07 4.846853e+06 
2.590008e+02 6.321387e+07 4.919193e+06 
3.001715e+02 5.738059e+07 4.846853e+06 
2.649442e+02 5.769008e+07 5.232672e+06 
2.667854e+02 6.521164e+07 4.629828e+06 
2.797819e+02 6.472301e+07 4.051100e+06 
2.375256e+02 6.049374e+07 5.594376e+06 
2.786413e+02 6.158711e+07 4.629828e+06 
2.605883e+02 6.018129e+07 4.943306e+06 
2.392089e+02 6.022170e+07 5.546150e+06 
2.476016e+02 5.635575e+07 5.859628e+06 
2.857958e+02 6.553655e+07 3.858190e+06 
2.471629e+02 6.091320e+07 5.329125e+06 
2.894014e+02 5.843586e+07 4.774512e+06 
2.556367e+02 5.869715e+07 5.280899e+06 
2.873834e+02 5.920027e+07 4.774512e+06 
2.676224e+02 5.851698e+07 5.039763e+06 
2.308089e+02 5.868739e+07 5.980196e+06 
2.878291e+02 6.244773e+07 4.132148e+06 
2.937324e+02 5.803494e+07 4.774512e+06 
2.992218e+02 5.589313e+07 5.353240e+06 
2.883401e+02 6.002795e+07 4.581602e+06 
2.511589e+02 5.717970e+07 5.546150e+06 
2.342530e+02 5.771715e+07 5.739060e+06 
2.933800e+02 6.294970e+07 4.051100e+06 
2.305718e+02 6.008661e+07 5.787286e+06 
2.291028e+02 6.047036e+07 5.787286e+06 
2.334517e+02 5.882069e+07 5.859628e+06 
2.456540e+02 5.769172e+07 5.546150e+06 
2.811993e+02 5.639940e+07 5.160331e+06 
2.869638e+02 6.344258e+07 4.244009e+06 
2.474026e+02 5.985970e+07 5.208557e+06 
2.909904e+02 5.675839e+07 4.967421e+06 
2.618719e+02 5.589276e+07 5.546150e+06 
2.732249e+02 5.565006e+07 5.546150e+06 
2.932792e+02 5.618419e+07 5.039763e+06 
2.616890e+02 6.678017e+07 4.726283e+06 
3.018871e+02 6.246447e+07 4.629828e+06 
2.358392e+02 5.909830e+07 5.666718e+06 
2.435007e+02 5.763118e+07 5.980196e+06 
2.423968e+02 6.087615e+07 5.522035e+06 
2.718207e+02 5.839655e+07 4.967421e+06 
2.482674e+02 5.749503e+07 5.546150e+06 
3.042693e+02 6.227415e+07 4.244009e+06 
2.676383e+02 6.412412e+07 4.629828e+06 
2.731825e+02 6.447368e+07 4.436919e+06 
3.078507e+02 5.638634e+07 4.967421e+06 
2.514534e+02 5.734312e+07 5.353240e+06 
2.566107e+02 5.889512e+07 5.245531e+06 
2.578174e+02 5.609874e+07 5.546150e+06 
2.733957e+02 6.950551e+07 4.364577e+06 
2.531531e+02 6.564641e+07 5.112102e+06 
2.426279e+02 5.829891e+07 5.546150e+06 
2.485167e+02 5.851896e+07 5.353240e+06 
2.674528e+02 7.153407e+07 4.557487e+06 
2.809548e+02 6.175563e+07 4.464381e+06 
2.766079e+02 6.197824e+07 4.464381e+06 
2.624608e+02 5.818201e+07 5.160331e+06 
2.736863e+02 6.299703e+07 4.629828e+06 
2.746939e+02 5.638506e+07 5.353240e+06 
2.441938e+02 5.892353e+07 5.353240e+06 
2.591051e+02 5.808268e+07 5.280899e+06 
2.466829e+02 5.735818e+07 5.859628e+06 
2.844821e+02 5.626563e+07 5.353240e+06 
2.474697e+02 5.707285e+07 5.931969e+06 
2.593035e+02 6.352040e+07 4.822738e+06 

