1.586524e+02 3.284576e+07 2.208646e+06 
1.628977e+02 3.381611e+07 1.951854e+06 
1.613730e+02 3.336715e+07 2.055676e+06 
1.640548e+02 3.276526e+07 1.951854e+06 
1.713008e+02 3.268757e+07 2.055676e+06 
1.569061e+02 3.384800e+07 2.208646e+06 
1.556250e+02 3.875297e+07 3.011791e+06 
1.718802e+02 3.446922e+07 1.807074e+06 
1.751855e+02 3.265887e+07 2.055676e+06 
1.547611e+02 3.744595e+07 3.011791e+06 
1.673874e+02 3.287551e+07 2.055676e+06 
1.664232e+02 3.671197e+07 1.832641e+06 
1.783763e+02 3.430315e+07 1.807074e+06 
1.635367e+02 3.338230e+07 1.848032e+06 
1.600345e+02 3.478785e+07 1.951854e+06 
1.533692e+02 3.811722e+07 3.212577e+06 
1.742606e+02 3.458501e+07 1.744210e+06 
1.634154e+02 3.336184e+07 1.951854e+06 
1.593636e+02 3.509538e+07 2.007860e+06 
1.695676e+02 3.305530e+07 1.848032e+06 
1.698105e+02 3.414317e+07 1.807074e+06 
1.686512e+02 3.634855e+07 1.832641e+06 
1.624617e+02 3.342484e+07 2.007860e+06 
1.606300e+02 3.442913e+07 2.007860e+06 
1.707088e+02 3.272950e+07 2.159498e+06 
1.752235e+02 3.262685e+07 1.951854e+06 
1.582927e+02 3.320868e+07 2.208646e+06 
1.698529e+02 3.274035e+07 2.055676e+06 
1.714279e+02 3.287936e+07 2.055676e+06 
1.578575e+02 3.260482e+07 2.208646e+06 
1.699969e+02 3.645242e+07 1.807074e+06 
1.632031e+02 3.244432e+07 2.208646e+06 
1.751323e+02 3.434681e+07 1.744210e+06 
1.616656e+02 3.429581e+07 2.007860e+06 
1.601503e+02 3.432624e+07 2.007860e+06 
1.622801e+02 3.369487e+07 2.007860e+06 
1.570577e+02 3.371570e+07 2.409432e+06 
1.550911e+02 3.878054e+07 3.413363e+06 
1.701856e+02 3.259243e+07 1.951854e+06 
1.692970e+02 3.274593e+07 2.055676e+06 
1.680371e+02 3.664514e+07 1.807074e+06 
1.703793e+02 3.269353e+07 2.159498e+06 
1.624154e+02 3.467301e+07 1.848032e+06 
1.668709e+02 3.660627e+07 1.832641e+06 
1.688369e+02 3.746476e+07 1.807074e+06 
1.739002e+02 3.263062e+07 2.159498e+06 
1.701177e+02 3.468661e+07 1.807074e+06 
1.663353e+02 3.258460e+07 2.208646e+06 
1.556451e+02 3.732525e+07 2.811005e+06 
1.604343e+02 3.601224e+07 1.848032e+06 
1.729547e+02 3.297555e+07 1.848032e+06 
1.544810e+02 3.939848e+07 3.413363e+06 
1.579233e+02 3.518557e+07 2.007860e+06 
1.643389e+02 3.291966e+07 1.951854e+06 
1.543586e+02 3.948898e+07 3.614149e+06 
1.626358e+02 3.423665e+07 1.951854e+06 
1.633938e+02 3.446538e+07 1.848032e+06 
1.664933e+02 3.646604e+07 1.832641e+06 
1.560240e+02 3.725323e+07 2.811005e+06 
1.625623e+02 3.336420e+07 2.007860e+06 
1.723310e+02 3.431209e+07 1.744210e+06 
1.571105e+02 3.518034e+07 2.007860e+06 
1.617728e+02 3.579006e+07 1.953209e+06 
1.608310e+02 3.387093e+07 2.055676e+06 
1.623192e+02 3.459446e+07 1.951854e+06 
1.593605e+02 3.456851e+07 2.007860e+06 
1.602573e+02 3.341964e+07 2.159498e+06 
1.613390e+02 3.269196e+07 2.208646e+06 
1.546538e+02 3.881215e+07 3.011791e+06 
1.711932e+02 3.468503e+07 1.807074e+06 
1.691732e+02 3.269629e+07 2.055676e+06 
1.686878e+02 3.819195e+07 1.807074e+06 
1.578100e+02 3.507693e+07 2.007860e+06 
1.561472e+02 3.332315e+07 2.208646e+06 
1.631041e+02 3.457163e+07 1.848032e+06 
1.581043e+02 3.331110e+07 2.208646e+06 
1.633441e+02 3.358478e+07 1.951854e+06 
1.748626e+02 3.268685e+07 1.951854e+06 
1.621586e+02 3.301374e+07 1.848032e+06 
1.639848e+02 3.331904e+07 1.848032e+06 
1.552825e+02 3.870705e+07 3.212577e+06 
1.562951e+02 3.720982e+07 3.011791e+06 
1.687777e+02 3.575504e+07 1.832641e+06 
1.546946e+02 3.962687e+07 3.212577e+06 
1.739674e+02 3.440392e+07 1.807074e+06 
1.706897e+02 3.273540e+07 1.951854e+06 
1.567748e+02 3.391202e+07 2.208646e+06 
1.586999e+02 3.463719e+07 2.007860e+06 
1.563778e+02 3.346395e+07 2.610219e+06 
1.689738e+02 3.284455e+07 1.848032e+06 
1.596026e+02 3.470969e+07 2.007860e+06 
1.551268e+02 3.930735e+07 3.212577e+06 
1.665880e+02 3.321740e+07 1.848032e+06 
1.557436e+02 3.751714e+07 3.011791e+06 
1.647942e+02 3.314056e+07 1.848032e+06 
1.741500e+02 3.443409e+07 1.744210e+06 
1.585127e+02 3.493658e+07 2.007860e+06 
1.613148e+02 3.388465e+07 2.055676e+06 
1.581034e+02 3.384236e+07 2.208646e+06 
1.726209e+02 3.412904e+07 1.744210e+06 

1.656283e+02 3.390584e+07 2.076440e+06 
1.649395e+02 3.538244e+07 2.007860e+06 
1.618024e+02 3.315368e+07 2.610219e+06 
1.545509e+02 3.552975e+07 3.212577e+06 
1.630555e+02 3.307596e+07 2.610219e+06 
1.547254e+02 3.510616e+07 3.212577e+06 
1.678439e+02 3.377935e+07 2.076440e+06 
1.642597e+02 3.646978e+07 2.055676e+06 
1.642414e+02 3.597680e+07 2.076440e+06 
1.673135e+02 3.603867e+07 1.868796e+06 
1.598039e+02 3.313583e+07 2.610219e+06 
1.661197e+02 3.515108e+07 1.972618e+06 
1.641586e+02 3.616898e+07 2.007860e+06 
1.718391e+02 3.485633e+07 1.972618e+06 
1.552694e+02 3.495577e+07 3.413363e+06 
1.661263e+02 3.419934e+07 2.208646e+06 
1.684440e+02 3.519436e+07 1.764974e+06 
1.766333e+02 3.653958e+07 1.764974e+06 
1.630507e+02 3.294341e+07 2.610219e+06 
1.677917e+02 3.650997e+07 1.807074e+06 
1.703789e+02 3.344491e+07 2.208646e+06 
1.720334e+02 3.466383e+07 1.972618e+06 
1.674139e+02 3.603231e+07 1.832641e+06 
1.626113e+02 3.520374e+07 2.409432e+06 
1.554576e+02 3.501114e+07 3.011791e+06 
1.638947e+02 3.299814e+07 2.610219e+06 
1.728263e+02 3.401098e+07 1.972618e+06 
1.566000e+02 3.353434e+07 2.610219e+06 
1.745748e+02 3.277743e+07 2.610219e+06 
1.701716e+02 3.499013e+07 1.868796e+06 
1.675942e+02 3.362219e+07 2.208646e+06 
1.650573e+02 3.571278e+07 2.007860e+06 
1.551197e+02 3.472268e+07 3.212577e+06 
1.578471e+02 3.321476e+07 2.610219e+06 
1.686342e+02 3.365649e+07 2.208646e+06 
1.702575e+02 3.347855e+07 2.208646e+06 
1.596871e+02 3.325402e+07 2.610219e+06 
1.719510e+02 3.345220e+07 2.208646e+06 
1.640478e+02 3.600093e+07 2.208646e+06 
1.699935e+02 3.337308e+07 2.409432e+06 
1.699472e+02 3.618842e+07 1.807074e+06 
1.725590e+02 3.322355e+07 2.076440e+06 
1.730251e+02 3.437813e+07 1.972618e+06 
1.685567e+02 3.643387e+07 1.832641e+06 
1.680531e+02 3.660137e+07 1.807074e+06 
1.553243e+02 3.449098e+07 3.212577e+06 
1.702556e+02 3.356556e+07 2.208646e+06 
1.750782e+02 3.491956e+07 1.868796e+06 
1.673944e+02 3.366299e+07 2.076440e+06 
1.704469e+02 3.493438e+07 1.972618e+06 
1.761623e+02 3.690835e+07 1.764974e+06 
1.666259e+02 3.677457e+07 1.868796e+06 
1.689190e+02 3.283635e+07 2.610219e+06 
1.657210e+02 3.499925e+07 1.868796e+06 
1.594378e+02 3.315785e+07 2.610219e+06 
1.637698e+02 3.639281e+07 2.208646e+06 
1.710702e+02 3.584519e+07 1.807074e+06 
1.647708e+02 3.614901e+07 2.007860e+06 
1.658681e+02 3.289262e+07 2.610219e+06 
1.614715e+02 3.299645e+07 2.610219e+06 
1.624100e+02 3.314809e+07 2.610219e+06 
1.646650e+02 3.635271e+07 2.007860e+06 
1.620740e+02 3.601463e+07 2.409432e+06 
1.692279e+02 3.351090e+07 2.076440e+06 
1.688836e+02 3.366356e+07 2.076440e+06 
1.554725e+02 3.336542e+07 2.610219e+06 
1.657760e+02 3.376581e+07 2.076440e+06 
1.638969e+02 3.297697e+07 2.610219e+06 
1.687693e+02 3.349299e+07 2.208646e+06 
1.619977e+02 3.555068e+07 2.409432e+06 
1.677006e+02 3.546594e+07 1.868796e+06 
1.654651e+02 3.288221e+07 2.610219e+06 
1.785682e+02 3.302837e+07 2.076440e+06 
1.723454e+02 3.472288e+07 1.868796e+06 
1.715808e+02 3.274571e+07 2.076440e+06 
1.707068e+02 3.262852e+07 2.610219e+06 
1.651096e+02 3.294029e+07 2.610219e+06 
1.635079e+02 3.307105e+07 2.610219e+06 
1.756248e+02 3.428293e+07 1.972618e+06 
1.555463e+02 3.365200e+07 2.811005e+06 
1.577680e+02 3.350576e+07 2.610219e+06 
1.780994e+02 3.618232e+07 1.764974e+06 
1.543952e+02 3.480412e+07 3.212577e+06 
1.654926e+02 3.629127e+07 1.972618e+06 
1.678747e+02 3.507312e+07 1.868796e+06 
1.553799e+02 3.473591e+07 3.011791e+06 
1.625135e+02 3.519702e+07 2.409432e+06 
1.708217e+02 3.349780e+07 2.076440e+06 
1.638441e+02 3.640145e+07 2.208646e+06 
1.653232e+02 3.542595e+07 2.007860e+06 
1.678109e+02 3.370388e+07 2.208646e+06 
1.586600e+02 3.327414e+07 2.610219e+06 
1.662279e+02 3.435797e+07 2.076440e+06 
1.579012e+02 3.327479e+07 2.610219e+06 
1.683267e+02 3.568581e+07 1.807074e+06 
1.616609e+02 3.317396e+07 2.610219e+06 
1.722791e+02 3.468054e+07 1.972618e+06 
1.548550e+02 3.509626e+07 3.212577e+06 
1.613885e+02 3.322292e+07 2.610219e+06 
1.664528e+02 3.411361e+07 2.076440e+06 

1.794283e+02 3.355255e+07 1.807074e+06 
1.716518e+02 3.253919e+07 2.076440e+06 
1.762227e+02 3.371532e+07 1.807074e+06 
1.603437e+02 3.661874e+07 2.208646e+06 
1.670114e+02 3.448425e+07 1.807074e+06 
1.742343e+02 3.388242e+07 1.807074e+06 
1.708210e+02 3.400013e+07 1.807074e+06 
1.685036e+02 3.927764e+07 1.639732e+06 
1.611005e+02 3.578387e+07 2.610219e+06 
1.618857e+02 3.440770e+07 2.610219e+06 
1.618550e+02 3.391899e+07 2.610219e+06 
1.756192e+02 3.232882e+07 2.076440e+06 
1.621207e+02 3.491096e+07 2.208646e+06 
1.604412e+02 3.652204e+07 1.868796e+06 
1.602797e+02 3.627491e+07 2.409432e+06 
1.847138e+02 3.294920e+07 2.007860e+06 
1.614129e+02 3.443728e+07 2.811005e+06 
1.608093e+02 3.574604e+07 1.868796e+06 
1.650202e+02 3.411768e+07 1.868796e+06 
1.727141e+02 3.391819e+07 1.807074e+06 
1.638546e+02 3.375654e+07 2.409432e+06 
1.767694e+02 3.313996e+07 1.868796e+06 
1.691578e+02 3.432278e+07 1.807074e+06 
1.685055e+02 3.247673e+07 2.076440e+06 
1.595305e+02 3.714367e+07 2.409432e+06 
1.707569e+02 3.819273e+07 1.639732e+06 
1.794029e+02 3.535270e+07 1.764974e+06 
1.763563e+02 3.531513e+07 1.764974e+06 
1.640005e+02 3.355879e+07 2.409432e+06 
1.771808e+02 3.226143e+07 2.076440e+06 
1.638795e+02 3.349125e+07 2.409432e+06 
1.663737e+02 3.374382e+07 1.868796e+06 
1.689882e+02 3.357862e+07 1.868796e+06 
1.640483e+02 3.414814e+07 2.007860e+06 
1.697694e+02 3.411390e+07 1.807074e+06 
1.669304e+02 3.890545e+07 1.661152e+06 
1.704951e+02 3.859273e+07 1.639732e+06 
1.598092e+02 3.541453e+07 2.811005e+06 
1.717135e+02 3.295191e+07 1.972618e+06 
1.605565e+02 3.631589e+07 2.409432e+06 
1.592906e+02 3.783985e+07 2.610219e+06 
1.662934e+02 3.814202e+07 1.736186e+06 
1.597346e+02 3.692176e+07 2.208646e+06 
1.697302e+02 3.535599e+07 1.764974e+06 
1.631310e+02 3.415965e+07 2.610219e+06 
1.640332e+02 3.429795e+07 1.868796e+06 
1.689546e+02 3.267129e+07 2.076440e+06 
1.674096e+02 3.432581e+07 1.807074e+06 
1.655302e+02 3.290408e+07 2.076440e+06 
1.670573e+02 3.340784e+07 1.868796e+06 
1.721070e+02 3.311903e+07 1.868796e+06 
1.637961e+02 3.426643e+07 2.208646e+06 
1.743692e+02 3.234166e+07 2.076440e+06 
1.680097e+02 3.826703e+07 1.661152e+06 
1.663921e+02 3.296763e+07 2.076440e+06 
1.683151e+02 3.688668e+07 1.736186e+06 
1.771742e+02 3.233306e+07 2.076440e+06 
1.774321e+02 3.377726e+07 1.807074e+06 
1.787854e+02 3.509467e+07 1.764974e+06 
1.735341e+02 3.657728e+07 1.736186e+06 
1.601790e+02 3.715642e+07 2.208646e+06 
1.612495e+02 3.462588e+07 2.610219e+06 
1.719977e+02 3.737252e+07 1.661152e+06 
1.781220e+02 3.225388e+07 2.076440e+06 
1.640927e+02 3.364445e+07 2.208646e+06 
1.743672e+02 3.282774e+07 1.972618e+06 
1.730687e+02 3.242745e+07 2.076440e+06 
1.710402e+02 3.816325e+07 1.639732e+06 
1.669749e+02 3.282074e+07 2.076440e+06 
1.616582e+02 3.638192e+07 1.807074e+06 
1.645221e+02 3.388748e+07 1.972618e+06 
1.749900e+02 3.238344e+07 2.076440e+06 
1.647354e+02 3.388597e+07 2.007860e+06 
1.694467e+02 3.901369e+07 1.639732e+06 
1.645158e+02 3.342907e+07 2.208646e+06 
1.603698e+02 3.686089e+07 2.007860e+06 
1.650585e+02 3.320133e+07 1.972618e+06 
1.644111e+02 3.406595e+07 2.007860e+06 
1.629363e+02 3.396760e+07 2.409432e+06 
1.744210e+02 3.308021e+07 1.972618e+06 
1.654820e+02 3.314523e+07 2.076440e+06 
1.604003e+02 3.677633e+07 2.208646e+06 
1.736091e+02 3.390222e+07 1.807074e+06 
1.678461e+02 3.286039e+07 2.076440e+06 
1.669876e+02 3.723161e+07 1.661152e+06 
1.623517e+02 3.583626e+07 1.764974e+06 
1.612587e+02 3.500336e+07 2.409432e+06 
1.684388e+02 3.700585e+07 1.736186e+06 
1.826790e+02 3.262736e+07 1.972618e+06 
1.697555e+02 3.841551e+07 1.639732e+06 
1.742052e+02 3.310883e+07 1.868796e+06 
1.619078e+02 3.437123e+07 2.409432e+06 
1.707822e+02 3.244012e+07 2.076440e+06 
1.845859e+02 3.359447e+07 1.807074e+06 
1.611584e+02 3.643522e+07 2.007860e+06 
1.635742e+02 3.445189e+07 2.208646e+06 
1.681595e+02 3.270026e+07 2.076440e+06 
1.601759e+02 3.682314e+07 2.208646e+06 
1.680402e+02 3.276017e+07 2.076440e+06 
1.618101e+02 3.544386e+07 1.764974e+06 

1.703356e+02 3.641590e+07 1.661152e+06 
1.682200e+02 3.536025e+07 1.764974e+06 
1.625595e+02 3.276046e+07 1.972618e+06 
1.566631e+02 3.486936e+07 3.011791e+06 
1.617102e+02 3.374359e+07 1.868796e+06 
1.568658e+02 3.398742e+07 2.610219e+06 
1.674436e+02 3.553986e+07 1.764974e+06 
1.584895e+02 3.279975e+07 1.972618e+06 
1.641470e+02 3.590422e+07 1.807074e+06 
1.641990e+02 3.711743e+07 1.764974e+06 
1.619351e+02 3.364601e+07 1.868796e+06 
1.612846e+02 3.384507e+07 1.868796e+06 
1.642245e+02 3.271907e+07 2.076440e+06 
1.598726e+02 3.386488e+07 1.868796e+06 
1.597325e+02 3.301846e+07 1.972618e+06 
1.560444e+02 3.398883e+07 2.409432e+06 
1.666163e+02 3.631726e+07 1.744210e+06 
1.566812e+02 3.522551e+07 2.409432e+06 
1.588264e+02 3.345887e+07 1.972618e+06 
1.680854e+02 3.524307e+07 1.736186e+06 
1.584058e+02 3.315270e+07 2.076440e+06 
1.573529e+02 3.354844e+07 2.610219e+06 
1.714826e+02 3.501332e+07 1.661152e+06 
1.663254e+02 3.259387e+07 2.076440e+06 
1.658549e+02 3.344910e+07 1.868796e+06 
1.568215e+02 3.429705e+07 2.208646e+06 
1.581311e+02 3.320114e+07 2.208646e+06 
1.586493e+02 3.306054e+07 2.007860e+06 
1.594651e+02 3.282063e+07 2.007860e+06 
1.564986e+02 3.461914e+07 2.208646e+06 
1.646612e+02 3.507760e+07 1.856754e+06 
1.575888e+02 3.364984e+07 2.007860e+06 
1.582534e+02 3.356223e+07 2.076440e+06 
1.646955e+02 3.564144e+07 1.856754e+06 
1.638185e+02 3.334953e+07 1.868796e+06 
1.692728e+02 3.431882e+07 1.736186e+06 
1.575821e+02 3.365721e+07 2.208646e+06 
1.664683e+02 3.338717e+07 1.868796e+06 
1.567334e+02 3.368018e+07 2.208646e+06 
1.580650e+02 3.367279e+07 2.007860e+06 
1.582902e+02 3.298652e+07 2.208646e+06 
1.652211e+02 3.591148e+07 1.807074e+06 
1.601534e+02 3.392001e+07 1.868796e+06 
1.579928e+02 3.376091e+07 2.007860e+06 
1.645602e+02 3.538650e+07 1.856754e+06 
1.567104e+02 3.461409e+07 2.409432e+06 
1.608305e+02 3.280687e+07 2.007860e+06 
1.699993e+02 3.444928e+07 1.736186e+06 
1.646413e+02 3.261611e+07 2.055676e+06 
1.616895e+02 3.275961e+07 2.208646e+06 
1.569334e+02 3.357700e+07 2.610219e+06 
1.648221e+02 3.487633e+07 1.807074e+06 
1.687235e+02 3.486632e+07 1.736186e+06 
1.568776e+02 3.324193e+07 2.409432e+06 
1.580576e+02 3.328865e+07 2.409432e+06 
1.599889e+02 3.422309e+07 1.868796e+06 
1.632037e+02 3.244144e+07 2.076440e+06 
1.566502e+02 3.458963e+07 2.208646e+06 
1.583473e+02 3.351621e+07 2.076440e+06 
1.703000e+02 3.619967e+07 1.661152e+06 
1.568141e+02 3.404441e+07 2.409432e+06 
1.671917e+02 3.547991e+07 1.764974e+06 
1.564002e+02 3.495186e+07 2.610219e+06 
1.618407e+02 3.553656e+07 1.856754e+06 
1.585190e+02 3.337342e+07 2.007860e+06 
1.574843e+02 3.379907e+07 2.007860e+06 
1.571454e+02 3.368610e+07 2.208646e+06 
1.622479e+02 3.696016e+07 1.832641e+06 
1.641314e+02 3.539038e+07 1.856754e+06 
1.566361e+02 3.488713e+07 2.610219e+06 
1.614673e+02 3.384524e+07 1.868796e+06 
1.647571e+02 3.268716e+07 1.972618e+06 
1.673580e+02 3.629056e+07 1.764974e+06 
1.566919e+02 3.425200e+07 2.208646e+06 
1.695072e+02 3.607275e+07 1.736186e+06 
1.582537e+02 3.350451e+07 2.007860e+06 
1.570500e+02 3.382446e+07 2.208646e+06 
1.641187e+02 3.664389e+07 1.807074e+06 
1.561810e+02 3.626246e+07 2.811005e+06 
1.658024e+02 3.508290e+07 1.807074e+06 
1.581162e+02 3.315638e+07 2.208646e+06 
1.628172e+02 3.712218e+07 1.832641e+06 
1.578780e+02 3.349820e+07 2.409432e+06 
1.634647e+02 3.666907e+07 1.807074e+06 
1.637995e+02 3.664113e+07 1.807074e+06 
1.588048e+02 3.291978e+07 2.007860e+06 
1.715054e+02 3.587824e+07 1.661152e+06 
1.713059e+02 3.593462e+07 1.661152e+06 
1.567577e+02 3.456256e+07 2.610219e+06 
1.621780e+02 3.244828e+07 1.972618e+06 
1.648923e+02 3.187057e+07 1.972618e+06 
1.649704e+02 3.562769e+07 1.764974e+06 
1.566894e+02 3.477632e+07 3.011791e+06 
1.724095e+02 3.509115e+07 1.661152e+06 
1.577844e+02 3.340881e+07 2.208646e+06 
1.624926e+02 3.596920e+07 1.856754e+06 
1.591110e+02 3.306189e+07 1.972618e+06 
1.576170e+02 3.345628e+07 2.610219e+06 
1.667085e+02 3.247726e+07 1.972618e+06 
1.584433e+02 3.342304e+07 2.007860e+06 

1.592111e+02 3.267844e+07 2.076440e+06 
1.632286e+02 3.243556e+07 1.972618e+06 
1.794874e+02 3.425156e+07 1.764974e+06 
1.687739e+02 3.185839e+07 2.076440e+06 
1.593401e+02 3.331692e+07 1.972618e+06 
1.800178e+02 3.900909e+07 1.736186e+06 
1.612637e+02 3.262826e+07 1.972618e+06 
1.572703e+02 3.358395e+07 2.409432e+06 
1.646589e+02 3.225154e+07 2.076440e+06 
1.662480e+02 3.202271e+07 2.076440e+06 
1.627918e+02 3.246889e+07 1.972618e+06 
1.642860e+02 3.215880e+07 1.972618e+06 
1.673748e+02 3.193112e+07 2.076440e+06 
1.776468e+02 4.048094e+07 1.639732e+06 
1.594620e+02 3.294304e+07 1.972618e+06 
1.732850e+02 3.176079e+07 1.972618e+06 
1.543892e+02 3.692196e+07 3.614149e+06 
1.641077e+02 3.244837e+07 1.972618e+06 
1.586454e+02 3.306865e+07 2.076440e+06 
1.550917e+02 3.667536e+07 3.614149e+06 
1.625002e+02 3.210672e+07 2.076440e+06 
1.581457e+02 3.307668e+07 2.076440e+06 
1.684483e+02 3.324626e+07 1.868796e+06 
1.670154e+02 3.199497e+07 2.076440e+06 
1.660395e+02 3.582241e+07 1.832641e+06 
1.767922e+02 3.992505e+07 1.661152e+06 
1.718642e+02 4.015867e+07 1.736186e+06 
1.852302e+02 3.859824e+07 1.639732e+06 
1.742148e+02 3.314778e+07 1.868796e+06 
1.623163e+02 3.241697e+07 2.076440e+06 
1.785406e+02 3.174994e+07 1.972618e+06 
1.772036e+02 3.422019e+07 1.764974e+06 
1.745326e+02 3.907588e+07 1.736186e+06 
1.662793e+02 3.515943e+07 1.832641e+06 
1.778765e+02 3.930356e+07 1.661152e+06 
1.580235e+02 3.371479e+07 2.208646e+06 
1.623671e+02 3.254842e+07 1.972618e+06 
1.573259e+02 3.313035e+07 2.076440e+06 
1.791368e+02 3.911727e+07 1.661152e+06 
1.568135e+02 3.380215e+07 2.208646e+06 
1.604599e+02 3.283098e+07 2.076440e+06 
1.830598e+02 3.943717e+07 1.639732e+06 
1.609817e+02 3.252018e+07 1.972618e+06 
1.545110e+02 3.698662e+07 3.614149e+06 
1.595989e+02 3.302010e+07 2.076440e+06 
1.768255e+02 3.444391e+07 1.764974e+06 
1.624557e+02 3.371698e+07 1.868796e+06 
1.818425e+02 3.787923e+07 1.661152e+06 
1.805886e+02 3.415886e+07 1.832641e+06 
1.644435e+02 3.240194e+07 1.972618e+06 
1.667163e+02 3.503281e+07 1.832641e+06 
1.661525e+02 3.349675e+07 1.868796e+06 
1.680151e+02 3.412837e+07 1.832641e+06 
1.566351e+02 3.367502e+07 2.409432e+06 
1.624344e+02 3.245456e+07 1.972618e+06 
1.558801e+02 3.443162e+07 2.409432e+06 
1.729115e+02 3.962508e+07 1.736186e+06 
1.765526e+02 3.181182e+07 2.076440e+06 
1.749464e+02 3.964344e+07 1.736186e+06 
1.561201e+02 3.368476e+07 2.409432e+06 
1.745144e+02 3.915937e+07 1.736186e+06 
1.802353e+02 4.022634e+07 1.639732e+06 
1.904989e+02 3.806095e+07 1.661152e+06 
1.757311e+02 3.903281e+07 1.736186e+06 
1.661799e+02 3.595313e+07 1.832641e+06 
1.823810e+02 3.811960e+07 1.639732e+06 
1.808259e+02 3.914908e+07 1.661152e+06 
1.689488e+02 3.324849e+07 1.868796e+06 
1.744352e+02 3.321955e+07 1.868796e+06 
1.837558e+02 3.811441e+07 1.661152e+06 
1.700787e+02 4.014698e+07 1.807074e+06 
1.729369e+02 3.799650e+07 1.764974e+06 
1.624983e+02 3.228976e+07 2.076440e+06 
1.679469e+02 3.201088e+07 1.972618e+06 
1.592723e+02 3.316691e+07 1.972618e+06 
1.765034e+02 4.031818e+07 1.639732e+06 
1.575819e+02 3.402017e+07 2.208646e+06 
1.757756e+02 3.452742e+07 1.764974e+06 
1.724854e+02 3.463273e+07 1.832641e+06 
1.641125e+02 3.200427e+07 2.076440e+06 
1.642481e+02 3.228805e+07 1.972618e+06 
1.732559e+02 3.489307e+07 1.764974e+06 
1.837514e+02 3.889421e+07 1.639732e+06 
1.588971e+02 3.317947e+07 2.007860e+06 
1.742142e+02 3.950134e+07 1.736186e+06 
1.768328e+02 3.435674e+07 1.764974e+06 
1.734361e+02 3.182752e+07 1.972618e+06 
1.757159e+02 3.472195e+07 1.764974e+06 
1.557628e+02 3.406677e+07 2.409432e+06 
1.810622e+02 3.998965e+07 1.639732e+06 
1.599540e+02 3.279709e+07 1.972618e+06 
1.662200e+02 3.206797e+07 1.972618e+06 
1.722465e+02 3.198561e+07 1.972618e+06 
1.716998e+02 3.516322e+07 1.807074e+06 
1.562670e+02 3.380393e+07 2.409432e+06 
1.732706e+02 3.504810e+07 1.764974e+06 
1.578991e+02 3.291566e+07 2.076440e+06 
1.706107e+02 3.454651e+07 1.807074e+06 
1.631049e+02 3.396153e+07 1.868796e+06 
1.701348e+02 3.203802e+07 1.972618e+06 

1.592793e+02 3.453783e+07 2.409432e+06 
1.589637e+02 3.602986e+07 2.610219e+06 
1.784152e+02 3.653628e+07 1.764974e+06 
1.618065e+02 3.369620e+07 2.007860e+06 
1.619423e+02 3.400798e+07 2.208646e+06 
1.728694e+02 3.597195e+07 1.807074e+06 
1.589747e+02 3.540255e+07 2.610219e+06 
1.753782e+02 3.508846e+07 1.832641e+06 
1.596063e+02 3.637094e+07 2.409432e+06 
1.586770e+02 3.685567e+07 3.011791e+06 
1.648955e+02 3.567454e+07 1.868796e+06 
1.598903e+02 3.510751e+07 2.409432e+06 
1.670232e+02 3.366857e+07 2.076440e+06 
1.588038e+02 3.573659e+07 2.811005e+06 
1.624468e+02 3.468477e+07 1.972618e+06 
1.579726e+02 3.701258e+07 3.212577e+06 
1.615630e+02 3.460377e+07 2.007860e+06 
1.766682e+02 3.532378e+07 1.764974e+06 
1.643793e+02 3.407218e+07 2.007860e+06 
1.574076e+02 3.814173e+07 3.212577e+06 
1.569521e+02 3.695739e+07 3.614149e+06 
1.572691e+02 3.689086e+07 3.413363e+06 
1.752565e+02 3.468707e+07 1.868796e+06 
1.653433e+02 3.359204e+07 1.972618e+06 
1.655462e+02 3.492109e+07 1.868796e+06 
1.667660e+02 3.344487e+07 2.076440e+06 
1.666594e+02 3.618096e+07 1.832641e+06 
1.855803e+02 3.659290e+07 1.764974e+06 
1.666803e+02 3.619322e+07 1.832641e+06 
1.678202e+02 3.310714e+07 1.972618e+06 
1.563236e+02 3.693590e+07 3.413363e+06 
1.585826e+02 3.696916e+07 3.011791e+06 
1.697670e+02 3.541350e+07 1.832641e+06 
1.560863e+02 3.713500e+07 3.614149e+06 
1.805238e+02 3.775970e+07 1.736186e+06 
1.732144e+02 3.504290e+07 1.807074e+06 
1.557358e+02 3.726498e+07 3.614149e+06 
1.580347e+02 3.758585e+07 3.011791e+06 
1.626698e+02 3.385285e+07 2.007860e+06 
1.551820e+02 3.721293e+07 3.413363e+06 
1.578800e+02 3.674975e+07 3.413363e+06 
1.564089e+02 3.654911e+07 3.413363e+06 
1.627238e+02 3.373211e+07 1.972618e+06 
1.654978e+02 3.467337e+07 1.868796e+06 
1.609613e+02 3.426886e+07 2.007860e+06 
1.614200e+02 3.445873e+07 2.208646e+06 
1.730629e+02 3.520877e+07 1.832641e+06 
1.589037e+02 3.539622e+07 2.610219e+06 
1.600513e+02 3.478710e+07 2.409432e+06 
1.627523e+02 3.370171e+07 2.007860e+06 
1.602678e+02 3.466451e+07 2.208646e+06 
1.618926e+02 3.438599e+07 2.208646e+06 
1.587356e+02 3.669180e+07 2.811005e+06 
1.586824e+02 3.769366e+07 3.011791e+06 
1.587979e+02 3.632875e+07 3.011791e+06 
1.733179e+02 3.529204e+07 1.832641e+06 
1.564505e+02 3.710145e+07 3.413363e+06 
1.649726e+02 3.503179e+07 1.868796e+06 
1.727894e+02 3.471272e+07 1.868796e+06 
1.893236e+02 3.728136e+07 1.736186e+06 
1.821154e+02 3.733709e+07 1.764974e+06 
1.575284e+02 3.646112e+07 3.212577e+06 
1.726355e+02 3.651462e+07 1.807074e+06 
1.717042e+02 3.562209e+07 1.807074e+06 
1.552125e+02 3.757641e+07 3.413363e+06 
1.727707e+02 3.555760e+07 1.807074e+06 
1.660002e+02 3.677299e+07 1.832641e+06 
1.605295e+02 3.467914e+07 2.208646e+06 
1.652579e+02 3.369134e+07 2.007860e+06 
1.606898e+02 3.425764e+07 2.208646e+06 
1.598842e+02 3.544989e+07 2.409432e+06 
1.587073e+02 3.683138e+07 3.011791e+06 
1.807224e+02 3.815652e+07 1.736186e+06 
1.664611e+02 3.727950e+07 1.832641e+06 
1.709082e+02 3.639831e+07 1.807074e+06 
1.587368e+02 3.608720e+07 2.610219e+06 
1.619444e+02 3.392100e+07 2.007860e+06 
1.693055e+02 3.590871e+07 1.832641e+06 
1.722781e+02 3.444329e+07 1.868796e+06 
1.665000e+02 3.645918e+07 1.832641e+06 
1.588826e+02 3.631501e+07 2.811005e+06 
1.587145e+02 3.650436e+07 2.811005e+06 
1.662569e+02 3.346643e+07 1.972618e+06 
1.724770e+02 3.533088e+07 1.832641e+06 
1.676578e+02 3.328809e+07 1.972618e+06 
1.623262e+02 3.384852e+07 1.972618e+06 
1.802333e+02 3.822290e+07 1.736186e+06 
1.646836e+02 3.305011e+07 1.972618e+06 
1.695120e+02 3.565326e+07 1.832641e+06 
1.584346e+02 3.705700e+07 3.011791e+06 
1.574134e+02 3.758694e+07 3.011791e+06 
1.808476e+02 3.782952e+07 1.736186e+06 
1.747510e+02 3.539617e+07 1.807074e+06 
1.557312e+02 3.708823e+07 3.413363e+06 
1.716706e+02 3.564801e+07 1.807074e+06 
1.637943e+02 3.375414e+07 1.972618e+06 
1.744177e+02 3.554099e+07 1.764974e+06 
1.722358e+02 3.488784e+07 1.868796e+06 
1.718699e+02 3.466729e+07 1.868796e+06 
1.609769e+02 3.465707e+07 2.208646e+06 

1.650538e+02 3.822049e+07 1.661152e+06 
1.594303e+02 3.324816e+07 2.007860e+06 
1.632413e+02 3.587150e+07 1.807074e+06 
1.673154e+02 4.090249e+07 1.606288e+06 
1.648731e+02 3.937814e+07 1.661152e+06 
1.547438e+02 3.462164e+07 2.208646e+06 
1.674928e+02 3.721179e+07 1.661152e+06 
1.534422e+02 3.538151e+07 2.610219e+06 
1.556543e+02 3.393847e+07 2.007860e+06 
1.546951e+02 3.437069e+07 2.409432e+06 
1.621476e+02 3.292747e+07 1.972618e+06 
1.630151e+02 3.688160e+07 1.764974e+06 
1.614738e+02 3.606108e+07 1.807074e+06 
1.572055e+02 3.376268e+07 2.208646e+06 
1.604853e+02 3.298445e+07 1.972618e+06 
1.560269e+02 3.398349e+07 2.409432e+06 
1.599746e+02 3.290341e+07 1.972618e+06 
1.647462e+02 3.986513e+07 1.639732e+06 
1.548604e+02 3.458219e+07 2.208646e+06 
1.610783e+02 3.505422e+07 1.868796e+06 
1.641715e+02 3.279005e+07 1.972618e+06 
1.770473e+02 3.345809e+07 1.868796e+06 
1.630779e+02 3.607693e+07 1.764974e+06 
1.631678e+02 3.367101e+07 1.868796e+06 
1.536667e+02 3.575077e+07 3.011791e+06 
1.713312e+02 3.349628e+07 1.868796e+06 
1.666295e+02 3.978298e+07 1.606288e+06 
1.686140e+02 3.354985e+07 1.868796e+06 
1.679454e+02 3.592436e+07 1.736186e+06 
1.648964e+02 3.773021e+07 1.639732e+06 
1.575182e+02 3.334494e+07 2.007860e+06 
1.709548e+02 3.468559e+07 1.807074e+06 
1.645916e+02 3.997694e+07 1.606288e+06 
1.601142e+02 3.309152e+07 1.972618e+06 
1.617864e+02 3.827640e+07 1.807074e+06 
1.689672e+02 3.514643e+07 1.764974e+06 
1.622739e+02 3.459472e+07 1.868796e+06 
1.819502e+02 3.435754e+07 1.764974e+06 
1.833189e+02 3.463412e+07 1.764974e+06 
1.628681e+02 3.945027e+07 1.736186e+06 
1.570665e+02 3.390170e+07 2.208646e+06 
1.654158e+02 3.279440e+07 1.972618e+06 
1.548914e+02 3.418461e+07 2.007860e+06 
1.626391e+02 3.287819e+07 1.972618e+06 
1.660731e+02 3.663277e+07 1.736186e+06 
1.729366e+02 3.482003e+07 1.764974e+06 
1.748330e+02 3.470217e+07 1.764974e+06 
1.544888e+02 3.463356e+07 2.409432e+06 
1.819370e+02 3.462491e+07 1.764974e+06 
1.645159e+02 4.032682e+07 1.639732e+06 
1.719512e+02 3.868590e+07 1.606288e+06 
1.547463e+02 3.463794e+07 2.208646e+06 
1.601792e+02 3.860564e+07 1.832641e+06 
1.712748e+02 3.346249e+07 1.868796e+06 
1.634751e+02 3.920129e+07 1.736186e+06 
1.549736e+02 3.438616e+07 2.007860e+06 
1.540981e+02 3.474328e+07 2.409432e+06 
1.535187e+02 3.529662e+07 2.610219e+06 
1.656032e+02 3.279309e+07 1.972618e+06 
1.539239e+02 3.559558e+07 2.409432e+06 
1.539182e+02 3.467825e+07 2.610219e+06 
1.626150e+02 3.587964e+07 1.807074e+06 
1.626472e+02 3.974798e+07 1.736186e+06 
1.588075e+02 3.339917e+07 2.007860e+06 
1.594595e+02 3.312367e+07 1.972618e+06 
1.536000e+02 3.442966e+07 2.610219e+06 
1.613542e+02 3.737595e+07 1.807074e+06 
1.667964e+02 3.505401e+07 1.807074e+06 
1.646935e+02 3.377570e+07 1.868796e+06 
1.543077e+02 3.453508e+07 2.811005e+06 
1.727679e+02 3.596630e+07 1.736186e+06 
1.642320e+02 3.524677e+07 1.764974e+06 
1.699599e+02 3.277656e+07 1.972618e+06 
1.606585e+02 3.784363e+07 1.807074e+06 
1.784988e+02 3.707278e+07 1.661152e+06 
1.537747e+02 3.487983e+07 2.811005e+06 
1.677238e+02 3.491211e+07 1.764974e+06 
1.673678e+02 3.744324e+07 1.661152e+06 
1.695009e+02 3.855867e+07 1.639732e+06 
1.604523e+02 3.821228e+07 1.832641e+06 
1.732098e+02 3.929206e+07 1.606288e+06 
1.561338e+02 3.376684e+07 2.208646e+06 
1.731683e+02 3.663564e+07 1.661152e+06 
1.601324e+02 3.474147e+07 1.951854e+06 
1.600186e+02 3.501814e+07 1.868796e+06 
1.574502e+02 3.369623e+07 2.208646e+06 
1.635730e+02 3.733206e+07 1.736186e+06 
1.642161e+02 3.972513e+07 1.661152e+06 
1.585108e+02 3.316751e+07 1.972618e+06 
1.584184e+02 3.350937e+07 1.972618e+06 
1.576386e+02 3.362501e+07 2.007860e+06 
1.576741e+02 3.331792e+07 2.055676e+06 
1.580316e+02 3.349758e+07 2.076440e+06 
1.687310e+02 3.468626e+07 1.807074e+06 
1.727365e+02 3.829257e+07 1.606288e+06 
1.685445e+02 3.681001e+07 1.661152e+06 
1.621590e+02 3.853318e+07 1.764974e+06 
1.619178e+02 3.593586e+07 1.807074e+06 
1.538757e+02 3.474667e+07 2.409432e+06 
1.623866e+02 3.288752e+07 1.972618e+06 

1.762625e+02 3.581217e+07 1.764974e+06 
1.692086e+02 3.656964e+07 1.848032e+06 
1.606557e+02 3.490580e+07 2.409432e+06 
1.791597e+02 3.584893e+07 1.764974e+06 
1.596266e+02 4.273574e+07 2.409432e+06 
1.631386e+02 3.447267e+07 1.972618e+06 
1.715350e+02 3.587873e+07 1.832641e+06 
1.678698e+02 3.381254e+07 1.972618e+06 
1.625861e+02 3.438455e+07 2.076440e+06 
1.594482e+02 3.555083e+07 3.011791e+06 
1.628015e+02 3.477565e+07 1.972618e+06 
1.638837e+02 3.555171e+07 1.868796e+06 
1.740590e+02 3.344094e+07 1.972618e+06 
1.595963e+02 3.550139e+07 2.811005e+06 
1.768053e+02 3.574251e+07 1.832641e+06 
1.732168e+02 3.625162e+07 1.764974e+06 
1.786277e+02 3.577599e+07 1.764974e+06 
1.604287e+02 3.501825e+07 2.610219e+06 
1.659306e+02 3.526665e+07 1.868796e+06 
1.642106e+02 3.539904e+07 1.868796e+06 
1.700292e+02 3.370830e+07 1.972618e+06 
1.616945e+02 3.549274e+07 2.007860e+06 
1.746604e+02 3.371330e+07 1.972618e+06 
1.624090e+02 3.475127e+07 2.007860e+06 
1.603932e+02 3.480665e+07 2.610219e+06 
1.670542e+02 3.304656e+07 2.076440e+06 
1.661346e+02 3.404820e+07 1.972618e+06 
1.600415e+02 3.514987e+07 2.610219e+06 
1.705296e+02 3.309932e+07 2.076440e+06 
1.788793e+02 3.445824e+07 1.868796e+06 
1.770113e+02 3.594214e+07 1.764974e+06 
1.600985e+02 3.489912e+07 2.610219e+06 
1.951161e+02 3.978179e+07 1.736186e+06 
1.638948e+02 3.405579e+07 2.076440e+06 
1.649339e+02 3.331289e+07 2.076440e+06 
1.716586e+02 3.578347e+07 1.832641e+06 
1.617432e+02 3.519880e+07 1.972618e+06 
1.730061e+02 3.301464e+07 2.076440e+06 
1.584160e+02 4.304738e+07 2.811005e+06 
1.715390e+02 3.307555e+07 2.076440e+06 
1.615043e+02 3.452642e+07 2.076440e+06 
1.613200e+02 3.478888e+07 2.208646e+06 
1.595685e+02 3.617103e+07 2.610219e+06 
1.669549e+02 3.404509e+07 1.972618e+06 
1.633115e+02 3.363302e+07 2.076440e+06 
1.606617e+02 3.488541e+07 2.610219e+06 
1.726980e+02 3.665207e+07 1.807074e+06 
1.639400e+02 3.423303e+07 1.972618e+06 
1.634027e+02 3.420058e+07 2.076440e+06 
1.633270e+02 3.440165e+07 1.972618e+06 
1.700078e+02 3.671921e+07 1.832641e+06 
1.620395e+02 3.448656e+07 2.208646e+06 
1.610301e+02 3.601714e+07 2.208646e+06 
1.805403e+02 3.569846e+07 1.832641e+06 
1.877513e+02 3.942996e+07 1.736186e+06 
1.657089e+02 3.367706e+07 2.076440e+06 
1.684329e+02 3.683339e+07 1.832641e+06 
1.599702e+02 3.605857e+07 2.409432e+06 
1.704465e+02 3.407033e+07 1.972618e+06 
1.615205e+02 3.573311e+07 2.007860e+06 
1.596993e+02 4.195597e+07 2.409432e+06 
1.626845e+02 3.504968e+07 1.972618e+06 
1.696289e+02 3.625167e+07 1.832641e+06 
1.673330e+02 3.383534e+07 1.972618e+06 
1.588362e+02 3.518856e+07 2.610219e+06 
1.585816e+02 4.319112e+07 3.011791e+06 
1.623813e+02 3.432549e+07 2.076440e+06 
1.618431e+02 3.458169e+07 2.076440e+06 
1.602838e+02 3.521906e+07 2.610219e+06 
1.811021e+02 3.454437e+07 1.868796e+06 
1.606275e+02 4.204676e+07 2.208646e+06 
1.711462e+02 3.615865e+07 1.832641e+06 
1.645927e+02 3.395815e+07 2.076440e+06 
1.672905e+02 3.294979e+07 2.076440e+06 
1.628820e+02 3.417350e+07 2.076440e+06 
1.734350e+02 3.675550e+07 1.764974e+06 
1.627626e+02 3.524054e+07 1.972618e+06 
1.692712e+02 3.472367e+07 1.868796e+06 
1.608145e+02 3.550860e+07 2.208646e+06 
1.617814e+02 3.504230e+07 2.007860e+06 
1.631371e+02 3.399566e+07 2.076440e+06 
1.634588e+02 3.544032e+07 1.868796e+06 
1.701826e+02 3.620676e+07 1.832641e+06 
1.620146e+02 3.541695e+07 2.007860e+06 
1.651460e+02 3.494395e+07 1.868796e+06 
1.619910e+02 3.506928e+07 1.972618e+06 
1.588728e+02 3.563900e+07 2.811005e+06 
1.648840e+02 3.384826e+07 2.076440e+06 
1.666921e+02 3.336640e+07 2.076440e+06 
1.685183e+02 3.453614e+07 1.868796e+06 
1.672987e+02 3.393655e+07 1.972618e+06 
1.585021e+02 3.626504e+07 2.610219e+06 
1.628498e+02 3.465050e+07 1.972618e+06 
1.678240e+02 3.318552e+07 2.076440e+06 
1.741780e+02 3.594508e+07 1.764974e+06 
1.705455e+02 3.363160e+07 1.972618e+06 
1.702778e+02 3.618536e+07 1.832641e+06 
1.786684e+02 3.561742e+07 1.764974e+06 
1.681037e+02 3.489137e+07 1.868796e+06 
1.628773e+02 3.455996e+07 1.972618e+06 

1.631701e+02 3.567650e+07 2.076440e+06 
1.574211e+02 3.386335e+07 2.610219e+06 
1.583245e+02 3.360702e+07 2.610219e+06 
1.660822e+02 3.433268e+07 2.007860e+06 
1.551321e+02 3.480064e+07 3.011791e+06 
1.802633e+02 3.242389e+07 2.208646e+06 
1.664393e+02 3.256219e+07 2.208646e+06 
1.561094e+02 3.480062e+07 3.011791e+06 
1.608800e+02 3.281532e+07 2.208646e+06 
1.625077e+02 3.301134e+07 2.409432e+06 
1.631306e+02 3.567941e+07 2.007860e+06 
1.648108e+02 3.442331e+07 2.076440e+06 
1.606869e+02 3.314894e+07 2.208646e+06 
1.659916e+02 3.401423e+07 2.076440e+06 
1.635739e+02 3.286585e+07 2.409432e+06 
1.595679e+02 3.337169e+07 2.208646e+06 
1.699154e+02 3.411802e+07 2.007860e+06 
1.671626e+02 3.429974e+07 2.007860e+06 
1.539538e+02 3.484372e+07 3.212577e+06 
1.685801e+02 3.445921e+07 2.007860e+06 
1.528478e+02 3.463519e+07 3.212577e+06 
1.547715e+02 3.477108e+07 3.011791e+06 
1.648968e+02 3.515847e+07 2.007860e+06 
1.633615e+02 3.522794e+07 2.007860e+06 
1.585565e+02 3.371620e+07 2.409432e+06 
1.643324e+02 3.518062e+07 2.007860e+06 
1.589771e+02 3.323497e+07 2.409432e+06 
1.636580e+02 3.284665e+07 2.208646e+06 
1.678665e+02 3.376690e+07 2.076440e+06 
1.622352e+02 3.323311e+07 2.208646e+06 
1.720917e+02 3.361179e+07 2.076440e+06 
1.576933e+02 3.366899e+07 2.610219e+06 
1.633198e+02 3.498849e+07 2.076440e+06 
1.661281e+02 3.496278e+07 2.007860e+06 
1.633973e+02 3.480165e+07 2.076440e+06 
1.763681e+02 3.264955e+07 2.208646e+06 
1.657085e+02 3.442684e+07 2.007860e+06 
1.541417e+02 3.523500e+07 3.011791e+06 
1.654362e+02 3.509600e+07 2.007860e+06 
1.542895e+02 3.501549e+07 3.011791e+06 
1.546421e+02 3.476622e+07 3.212577e+06 
1.563701e+02 3.431847e+07 2.610219e+06 
1.632269e+02 3.566308e+07 2.007860e+06 
1.685760e+02 3.455576e+07 2.007860e+06 
1.554364e+02 3.482600e+07 3.011791e+06 
1.649724e+02 3.449502e+07 2.076440e+06 
1.544802e+02 3.486607e+07 3.011791e+06 
1.629689e+02 3.495846e+07 2.007860e+06 
1.631293e+02 3.600341e+07 2.007860e+06 
1.645378e+02 3.443286e+07 2.076440e+06 
1.661615e+02 3.274717e+07 2.208646e+06 
1.627218e+02 3.275983e+07 2.208646e+06 
1.677622e+02 3.247573e+07 2.208646e+06 
1.716211e+02 3.420071e+07 2.007860e+06 
1.673988e+02 3.398240e+07 2.076440e+06 
1.567753e+02 3.453780e+07 2.610219e+06 
1.753139e+02 3.368165e+07 2.076440e+06 
1.572091e+02 3.421245e+07 2.811005e+06 
1.713328e+02 3.429780e+07 2.007860e+06 
1.627739e+02 3.296128e+07 2.208646e+06 
1.661760e+02 3.484616e+07 2.007860e+06 
1.651533e+02 3.369761e+07 2.076440e+06 
1.673449e+02 3.461129e+07 2.007860e+06 
1.560645e+02 3.449061e+07 3.011791e+06 
1.562668e+02 3.387657e+07 2.811005e+06 
1.636569e+02 3.458890e+07 2.076440e+06 
1.663453e+02 3.478799e+07 2.007860e+06 
1.592436e+02 3.400682e+07 2.208646e+06 
1.668865e+02 3.355652e+07 2.076440e+06 
1.556877e+02 3.475158e+07 3.011791e+06 
1.635329e+02 3.456104e+07 2.076440e+06 
1.666211e+02 3.432418e+07 2.007860e+06 
1.657714e+02 3.442770e+07 2.076440e+06 
1.587228e+02 3.326662e+07 2.409432e+06 
1.573604e+02 3.399947e+07 2.409432e+06 
1.710438e+02 3.246067e+07 2.208646e+06 
1.577109e+02 3.453289e+07 2.811005e+06 
1.608162e+02 3.304942e+07 2.208646e+06 
1.569943e+02 3.385200e+07 2.409432e+06 
1.540394e+02 3.501079e+07 3.212577e+06 
1.613059e+02 3.311756e+07 2.208646e+06 
1.648534e+02 3.468241e+07 2.007860e+06 
1.597539e+02 3.327380e+07 2.409432e+06 
1.587215e+02 3.346545e+07 2.409432e+06 
1.659418e+02 3.404730e+07 2.076440e+06 
1.556568e+02 3.474459e+07 3.212577e+06 
1.655604e+02 3.274077e+07 2.208646e+06 
1.589726e+02 3.385857e+07 2.208646e+06 
1.660106e+02 3.257145e+07 2.208646e+06 
1.685914e+02 3.266266e+07 2.208646e+06 
1.601726e+02 3.328079e+07 2.208646e+06 
1.542541e+02 3.493544e+07 3.011791e+06 
1.584073e+02 3.372977e+07 2.409432e+06 
1.716767e+02 3.421064e+07 2.007860e+06 
1.598999e+02 3.324436e+07 2.208646e+06 
1.585015e+02 3.326186e+07 2.409432e+06 
1.584299e+02 3.367587e+07 2.610219e+06 
1.579629e+02 3.380147e+07 2.610219e+06 
1.671851e+02 3.261531e+07 2.208646e+06 
1.644914e+02 3.289466e+07 2.208646e+06 

1.728611e+02 3.208597e+07 2.076440e+06 
1.630051e+02 3.315257e+07 1.868796e+06 
1.622307e+02 3.304069e+07 2.076440e+06 
1.693852e+02 3.307526e+07 1.868796e+06 
1.755301e+02 3.211932e+07 1.972618e+06 
1.650708e+02 3.424100e+07 1.868796e+06 
1.590006e+02 3.381374e+07 2.610219e+06 
1.573286e+02 3.612572e+07 2.811005e+06 
1.588152e+02 3.404292e+07 2.409432e+06 
1.680039e+02 3.241691e+07 2.076440e+06 
1.606427e+02 3.344573e+07 1.972618e+06 
1.781473e+02 3.201967e+07 2.076440e+06 
1.604728e+02 3.396934e+07 1.868796e+06 
1.605201e+02 3.313727e+07 1.972618e+06 
1.615532e+02 3.301708e+07 1.972618e+06 
1.637399e+02 3.498458e+07 1.832641e+06 
1.730996e+02 3.216336e+07 2.007860e+06 
1.585039e+02 3.441962e+07 2.610219e+06 
1.711712e+02 3.229426e+07 1.868796e+06 
1.684455e+02 3.624931e+07 1.807074e+06 
1.579219e+02 3.550641e+07 2.409432e+06 
1.668120e+02 3.236785e+07 1.972618e+06 
1.772448e+02 3.303574e+07 1.868796e+06 
1.575608e+02 3.463063e+07 3.011791e+06 
1.687710e+02 3.239083e+07 2.076440e+06 
1.569027e+02 3.509705e+07 3.212577e+06 
1.767085e+02 3.212099e+07 2.076440e+06 
1.668178e+02 3.442994e+07 1.832641e+06 
1.693221e+02 3.291447e+07 1.868796e+06 
1.630711e+02 3.268468e+07 1.972618e+06 
1.690636e+02 3.491842e+07 1.807074e+06 
1.632484e+02 3.344609e+07 1.868796e+06 
1.649127e+02 3.252200e+07 1.972618e+06 
1.690135e+02 3.212999e+07 2.076440e+06 
1.562495e+02 3.464570e+07 3.212577e+06 
1.710974e+02 3.223417e+07 1.972618e+06 
1.756769e+02 3.208014e+07 2.076440e+06 
1.688750e+02 3.668108e+07 1.807074e+06 
1.701666e+02 3.420801e+07 1.832641e+06 
1.658622e+02 3.252002e+07 2.007860e+06 
1.737375e+02 3.215940e+07 1.972618e+06 
1.635279e+02 3.247405e+07 2.076440e+06 
1.662367e+02 3.431978e+07 1.832641e+06 
1.717862e+02 3.234439e+07 1.868796e+06 
1.581341e+02 3.468947e+07 2.811005e+06 
1.576875e+02 3.480502e+07 2.811005e+06 
1.557179e+02 3.584623e+07 3.212577e+06 
1.650421e+02 3.248683e+07 2.076440e+06 
1.730283e+02 3.204009e+07 2.076440e+06 
1.563359e+02 3.529546e+07 3.212577e+06 
1.771428e+02 3.405586e+07 1.807074e+06 
1.709284e+02 3.225835e+07 2.007860e+06 
1.706723e+02 3.219196e+07 1.972618e+06 
1.590542e+02 3.344729e+07 2.208646e+06 
1.566718e+02 3.490695e+07 3.011791e+06 
1.660337e+02 3.463756e+07 1.832641e+06 
1.690478e+02 3.221376e+07 1.972618e+06 
1.638886e+02 3.250481e+07 2.076440e+06 
1.572747e+02 3.604282e+07 2.811005e+06 
1.578495e+02 3.499762e+07 3.212577e+06 
1.568981e+02 3.579713e+07 3.011791e+06 
1.685256e+02 3.529147e+07 1.807074e+06 
1.577762e+02 3.494427e+07 2.610219e+06 
1.570848e+02 3.511845e+07 3.011791e+06 
1.583522e+02 3.436531e+07 2.610219e+06 
1.670495e+02 3.243175e+07 1.972618e+06 
1.708168e+02 3.451965e+07 1.807074e+06 
1.797646e+02 3.396737e+07 1.807074e+06 
1.647531e+02 3.267591e+07 1.972618e+06 
1.711418e+02 3.280469e+07 1.868796e+06 
1.588465e+02 3.485494e+07 2.409432e+06 
1.628999e+02 3.279834e+07 2.076440e+06 
1.702637e+02 3.435285e+07 1.807074e+06 
1.626383e+02 3.284492e+07 1.972618e+06 
1.574285e+02 3.489509e+07 2.811005e+06 
1.605675e+02 3.431477e+07 2.007860e+06 
1.691194e+02 3.212104e+07 2.076440e+06 
1.578492e+02 3.557245e+07 2.610219e+06 
1.755234e+02 3.401439e+07 1.807074e+06 
1.728231e+02 3.214925e+07 1.972618e+06 
1.653138e+02 3.258945e+07 1.972618e+06 
1.777685e+02 3.405083e+07 1.807074e+06 
1.633718e+02 3.481102e+07 1.832641e+06 
1.589776e+02 3.364442e+07 2.409432e+06 
1.653756e+02 3.251908e+07 1.972618e+06 
1.555454e+02 3.696055e+07 3.212577e+06 
1.578320e+02 3.446338e+07 2.811005e+06 
1.561498e+02 3.590497e+07 3.212577e+06 
1.581410e+02 3.461671e+07 2.811005e+06 
1.737389e+02 3.198996e+07 1.972618e+06 
1.577406e+02 3.501232e+07 2.811005e+06 
1.636943e+02 3.289570e+07 2.007860e+06 
1.673195e+02 3.212973e+07 2.076440e+06 
1.602613e+02 3.335452e+07 2.007860e+06 
1.615325e+02 3.408491e+07 1.868796e+06 
1.696076e+02 3.232931e+07 1.972618e+06 
1.612074e+02 3.371956e+07 1.868796e+06 
1.671187e+02 3.232367e+07 2.076440e+06 
1.607725e+02 3.331841e+07 2.007860e+06 
1.590578e+02 3.365379e+07 2.208646e+06 

