1.559568e+02 3.422226e+07 3.814935e+06 
1.980746e+02 3.229482e+07 3.814935e+06 
1.783926e+02 3.296190e+07 3.814935e+06 
1.488936e+02 3.505928e+07 3.814935e+06 
1.523341e+02 3.456732e+07 3.814935e+06 
1.767638e+02 3.311825e+07 3.814935e+06 
1.601293e+02 3.390927e+07 3.814935e+06 
1.560293e+02 3.418645e+07 3.814935e+06 
2.132881e+02 3.203442e+07 3.814935e+06 
1.899643e+02 3.253412e+07 3.814935e+06 
1.818267e+02 3.264884e+07 3.814935e+06 
1.482747e+02 3.548508e+07 3.814935e+06 
1.482747e+02 3.548508e+07 3.814935e+06 
1.482747e+02 3.548508e+07 3.814935e+06 
1.482747e+02 3.548508e+07 3.814935e+06 
1.482747e+02 3.548508e+07 3.814935e+06 
1.482747e+02 3.548508e+07 3.814935e+06 
1.482747e+02 3.548508e+07 3.814935e+06 
1.482747e+02 3.548508e+07 3.814935e+06 
1.482747e+02 3.548508e+07 3.814935e+06 
1.482747e+02 3.548508e+07 3.814935e+06 
1.482747e+02 3.548508e+07 3.814935e+06 
1.482747e+02 3.548508e+07 3.814935e+06 
1.482747e+02 3.548508e+07 3.814935e+06 
1.482747e+02 3.548508e+07 3.814935e+06 
1.482747e+02 3.548508e+07 3.814935e+06 
1.482747e+02 3.548508e+07 3.814935e+06 
1.482747e+02 3.548508e+07 3.814935e+06 
1.482747e+02 3.548508e+07 3.814935e+06 
1.482747e+02 3.548508e+07 3.814935e+06 
1.482747e+02 3.548508e+07 3.814935e+06 
1.482747e+02 3.548508e+07 3.814935e+06 
1.482747e+02 3.548508e+07 3.814935e+06 
1.482747e+02 3.548508e+07 3.814935e+06 
1.482747e+02 3.548508e+07 3.814935e+06 
1.482747e+02 3.548508e+07 3.814935e+06 
1.482747e+02 3.548508e+07 3.814935e+06 
1.482747e+02 3.548508e+07 3.814935e+06 
1.482747e+02 3.548508e+07 3.814935e+06 
1.482747e+02 3.548508e+07 3.814935e+06 
1.482747e+02 3.548508e+07 3.814935e+06 
1.482747e+02 3.548508e+07 3.814935e+06 
1.482747e+02 3.548508e+07 3.814935e+06 
1.482747e+02 3.548508e+07 3.814935e+06 
1.482747e+02 3.548508e+07 3.814935e+06 
1.482747e+02 3.548508e+07 3.814935e+06 
1.482747e+02 3.548508e+07 3.814935e+06 
1.482747e+02 3.548508e+07 3.814935e+06 
1.482747e+02 3.548508e+07 3.814935e+06 
1.482747e+02 3.548508e+07 3.814935e+06 
1.482747e+02 3.548508e+07 3.814935e+06 
1.482747e+02 3.548508e+07 3.814935e+06 
1.482747e+02 3.548508e+07 3.814935e+06 
1.482747e+02 3.548508e+07 3.814935e+06 
1.482747e+02 3.548508e+07 3.814935e+06 
1.482747e+02 3.548508e+07 3.814935e+06 
1.482747e+02 3.548508e+07 3.814935e+06 
1.482747e+02 3.548508e+07 3.814935e+06 
1.482747e+02 3.548508e+07 3.814935e+06 
1.482747e+02 3.548508e+07 3.814935e+06 
1.482747e+02 3.548508e+07 3.814935e+06 
1.482747e+02 3.548508e+07 3.814935e+06 
1.482747e+02 3.548508e+07 3.814935e+06 
1.482747e+02 3.548508e+07 3.814935e+06 
1.482747e+02 3.548508e+07 3.814935e+06 
2.158438e+02 3.207579e+07 3.814935e+06 
1.900719e+02 3.248586e+07 3.814935e+06 
1.730432e+02 3.326654e+07 3.814935e+06 
1.680151e+02 3.366717e+07 3.814935e+06 
1.498737e+02 3.478384e+07 3.814935e+06 
1.680393e+02 3.363720e+07 3.814935e+06 
1.663635e+02 3.367833e+07 3.814935e+06 
1.813197e+02 3.278185e+07 3.814935e+06 
1.564129e+02 3.413842e+07 3.814935e+06 
1.574327e+02 3.408071e+07 3.814935e+06 
1.530863e+02 3.451755e+07 3.814935e+06 
1.585124e+02 3.392497e+07 3.814935e+06 
1.683948e+02 3.346510e+07 3.814935e+06 
1.515738e+02 3.458424e+07 3.814935e+06 
1.862815e+02 3.254863e+07 3.814935e+06 
1.509438e+02 3.477847e+07 3.814935e+06 
2.032309e+02 3.203948e+07 3.814935e+06 
1.659269e+02 3.368761e+07 3.814935e+06 
1.797448e+02 3.286816e+07 3.814935e+06 
1.497598e+02 3.489668e+07 3.814935e+06 
1.684515e+02 3.335189e+07 3.814935e+06 
1.961325e+02 3.231273e+07 3.814935e+06 
1.736598e+02 3.317755e+07 3.814935e+06 
1.537388e+02 3.430271e+07 3.814935e+06 
1.580152e+02 3.398886e+07 3.814935e+06 
1.613094e+02 3.373535e+07 3.814935e+06 
1.775482e+02 3.308927e+07 3.814935e+06 
1.855651e+02 3.262547e+07 3.814935e+06 
1.532747e+02 3.446053e+07 3.814935e+06 
1.554548e+02 3.423474e+07 3.814935e+06 
1.525592e+02 3.451758e+07 3.814935e+06 
1.917867e+02 3.246271e+07 3.814935e+06 
1.990773e+02 3.217683e+07 3.814935e+06 
1.548025e+02 3.425515e+07 3.814935e+06 
1.497759e+02 3.483387e+07 3.814935e+06 

1.808819e+02 3.285822e+07 3.814935e+06 
1.482747e+02 3.548508e+07 3.814935e+06 
1.482747e+02 3.548508e+07 3.814935e+06 
1.482747e+02 3.548508e+07 3.814935e+06 
1.482747e+02 3.548508e+07 3.814935e+06 
1.482747e+02 3.548508e+07 3.814935e+06 
1.482747e+02 3.548508e+07 3.814935e+06 
1.482747e+02 3.548508e+07 3.814935e+06 
1.482747e+02 3.548508e+07 3.814935e+06 
1.482747e+02 3.548508e+07 3.814935e+06 
1.482747e+02 3.548508e+07 3.814935e+06 
1.482747e+02 3.548508e+07 3.814935e+06 
1.482747e+02 3.548508e+07 3.814935e+06 
1.482747e+02 3.548508e+07 3.814935e+06 
1.482747e+02 3.548508e+07 3.814935e+06 
1.482747e+02 3.548508e+07 3.814935e+06 
1.482747e+02 3.548508e+07 3.814935e+06 
1.482747e+02 3.548508e+07 3.814935e+06 
1.482747e+02 3.548508e+07 3.814935e+06 
1.482747e+02 3.548508e+07 3.814935e+06 
1.482747e+02 3.548508e+07 3.814935e+06 
1.482747e+02 3.548508e+07 3.814935e+06 
1.482747e+02 3.548508e+07 3.814935e+06 
1.482747e+02 3.548508e+07 3.814935e+06 
1.482747e+02 3.548508e+07 3.814935e+06 
1.482747e+02 3.548508e+07 3.814935e+06 
1.482747e+02 3.548508e+07 3.814935e+06 
1.482747e+02 3.548508e+07 3.814935e+06 
1.482747e+02 3.548508e+07 3.814935e+06 
1.482747e+02 3.548508e+07 3.814935e+06 
1.482747e+02 3.548508e+07 3.814935e+06 
1.482747e+02 3.548508e+07 3.814935e+06 
1.482747e+02 3.548508e+07 3.814935e+06 
1.482747e+02 3.548508e+07 3.814935e+06 
1.482747e+02 3.548508e+07 3.814935e+06 
1.482747e+02 3.548508e+07 3.814935e+06 
1.482747e+02 3.548508e+07 3.814935e+06 
1.482747e+02 3.548508e+07 3.814935e+06 
1.482747e+02 3.548508e+07 3.814935e+06 
1.482747e+02 3.548508e+07 3.814935e+06 
1.482747e+02 3.548508e+07 3.814935e+06 
1.482747e+02 3.548508e+07 3.814935e+06 
1.482747e+02 3.548508e+07 3.814935e+06 
1.482747e+02 3.548508e+07 3.814935e+06 
1.482747e+02 3.548508e+07 3.814935e+06 
1.482747e+02 3.548508e+07 3.814935e+06 
1.482747e+02 3.548508e+07 3.814935e+06 
1.482747e+02 3.548508e+07 3.814935e+06 
1.482747e+02 3.548508e+07 3.814935e+06 
1.482747e+02 3.548508e+07 3.814935e+06 
1.482747e+02 3.548508e+07 3.814935e+06 
1.482747e+02 3.548508e+07 3.814935e+06 
1.482747e+02 3.548508e+07 3.814935e+06 
1.482747e+02 3.548508e+07 3.814935e+06 
1.482747e+02 3.548508e+07 3.814935e+06 
1.482747e+02 3.548508e+07 3.814935e+06 
1.482747e+02 3.548508e+07 3.814935e+06 
1.482747e+02 3.548508e+07 3.814935e+06 
1.482747e+02 3.548508e+07 3.814935e+06 
1.482747e+02 3.548508e+07 3.814935e+06 
1.482747e+02 3.548508e+07 3.814935e+06 
1.482747e+02 3.548508e+07 3.814935e+06 
1.586853e+02 3.403482e+07 3.814935e+06 
1.548025e+02 3.425515e+07 3.814935e+06 
1.798267e+02 3.287504e+07 3.814935e+06 
1.777996e+02 3.300949e+07 3.814935e+06 
1.603293e+02 3.401080e+07 3.814935e+06 
1.806913e+02 3.281691e+07 3.814935e+06 
1.779537e+02 3.298889e+07 3.814935e+06 
1.541157e+02 3.438050e+07 3.814935e+06 
1.613749e+02 3.381094e+07 3.814935e+06 
1.610000e+02 3.394825e+07 3.814935e+06 
1.555629e+02 3.423822e+07 3.814935e+06 
1.494503e+02 3.510957e+07 3.814935e+06 
1.699423e+02 3.303101e+07 3.814935e+06 
1.584859e+02 3.405682e+07 3.814935e+06 
1.784625e+02 3.295003e+07 3.814935e+06 
1.645556e+02 3.356041e+07 3.814935e+06 
1.724794e+02 3.310155e+07 3.814935e+06 
1.542135e+02 3.433048e+07 3.814935e+06 
1.571490e+02 3.415146e+07 3.814935e+06 
1.628874e+02 3.374424e+07 3.814935e+06 
1.898629e+02 3.251742e+07 3.814935e+06 
1.941259e+02 3.248122e+07 3.814935e+06 
1.502155e+02 3.444532e+07 3.814935e+06 
1.498576e+02 3.484665e+07 3.814935e+06 
1.642900e+02 3.339944e+07 3.814935e+06 
1.497921e+02 3.477106e+07 3.814935e+06 
1.496782e+02 3.488390e+07 3.814935e+06 
1.500693e+02 3.468378e+07 3.814935e+06 
1.944823e+02 3.241082e+07 3.814935e+06 
1.702963e+02 3.325719e+07 3.814935e+06 
1.889481e+02 3.266898e+07 3.814935e+06 
1.496620e+02 3.494671e+07 3.814935e+06 
1.920419e+02 3.243873e+07 3.814935e+06 
1.539364e+02 3.441775e+07 3.814935e+06 
1.492225e+02 3.533525e+07 3.814935e+06 
1.835009e+02 3.262946e+07 3.814935e+06 
1.558400e+02 3.415094e+07 3.814935e+06 
1.597493e+02 3.403321e+07 3.814935e+06 

1.555790e+02 3.417541e+07 3.814935e+06 
1.909689e+02 3.279644e+07 3.814935e+06 
1.482747e+02 3.548508e+07 3.814935e+06 
1.482747e+02 3.548508e+07 3.814935e+06 
1.482747e+02 3.548508e+07 3.814935e+06 
1.482747e+02 3.548508e+07 3.814935e+06 
1.482747e+02 3.548508e+07 3.814935e+06 
1.482747e+02 3.548508e+07 3.814935e+06 
1.482747e+02 3.548508e+07 3.814935e+06 
1.482747e+02 3.548508e+07 3.814935e+06 
1.482747e+02 3.548508e+07 3.814935e+06 
1.482747e+02 3.548508e+07 3.814935e+06 
1.482747e+02 3.548508e+07 3.814935e+06 
1.482747e+02 3.548508e+07 3.814935e+06 
1.482747e+02 3.548508e+07 3.814935e+06 
1.482747e+02 3.548508e+07 3.814935e+06 
1.482747e+02 3.548508e+07 3.814935e+06 
1.482747e+02 3.548508e+07 3.814935e+06 
1.482747e+02 3.548508e+07 3.814935e+06 
1.482747e+02 3.548508e+07 3.814935e+06 
1.482747e+02 3.548508e+07 3.814935e+06 
1.482747e+02 3.548508e+07 3.814935e+06 
1.482747e+02 3.548508e+07 3.814935e+06 
1.482747e+02 3.548508e+07 3.814935e+06 
1.482747e+02 3.548508e+07 3.814935e+06 
1.482747e+02 3.548508e+07 3.814935e+06 
1.482747e+02 3.548508e+07 3.814935e+06 
1.482747e+02 3.548508e+07 3.814935e+06 
1.482747e+02 3.548508e+07 3.814935e+06 
1.482747e+02 3.548508e+07 3.814935e+06 
1.482747e+02 3.548508e+07 3.814935e+06 
1.482747e+02 3.548508e+07 3.814935e+06 
1.482747e+02 3.548508e+07 3.814935e+06 
1.482747e+02 3.548508e+07 3.814935e+06 
1.482747e+02 3.548508e+07 3.814935e+06 
1.482747e+02 3.548508e+07 3.814935e+06 
1.482747e+02 3.548508e+07 3.814935e+06 
1.482747e+02 3.548508e+07 3.814935e+06 
1.482747e+02 3.548508e+07 3.814935e+06 
1.482747e+02 3.548508e+07 3.814935e+06 
1.482747e+02 3.548508e+07 3.814935e+06 
1.482747e+02 3.548508e+07 3.814935e+06 
1.482747e+02 3.548508e+07 3.814935e+06 
1.482747e+02 3.548508e+07 3.814935e+06 
1.482747e+02 3.548508e+07 3.814935e+06 
1.482747e+02 3.548508e+07 3.814935e+06 
1.482747e+02 3.548508e+07 3.814935e+06 
1.482747e+02 3.548508e+07 3.814935e+06 
1.482747e+02 3.548508e+07 3.814935e+06 
1.482747e+02 3.548508e+07 3.814935e+06 
1.482747e+02 3.548508e+07 3.814935e+06 
1.482747e+02 3.548508e+07 3.814935e+06 
1.482747e+02 3.548508e+07 3.814935e+06 
1.482747e+02 3.548508e+07 3.814935e+06 
1.482747e+02 3.548508e+07 3.814935e+06 
1.482747e+02 3.548508e+07 3.814935e+06 
1.482747e+02 3.548508e+07 3.814935e+06 
1.482747e+02 3.548508e+07 3.814935e+06 
1.482747e+02 3.548508e+07 3.814935e+06 
1.482747e+02 3.548508e+07 3.814935e+06 
1.482747e+02 3.548508e+07 3.814935e+06 
1.482747e+02 3.548508e+07 3.814935e+06 
1.482747e+02 3.548508e+07 3.814935e+06 
1.482747e+02 3.548508e+07 3.814935e+06 
1.482747e+02 3.548508e+07 3.814935e+06 
1.945859e+02 3.297359e+07 3.814935e+06 
1.902619e+02 3.284599e+07 3.814935e+06 
1.568143e+02 3.407830e+07 3.814935e+06 
1.779280e+02 3.306073e+07 3.814935e+06 
2.029403e+02 3.230939e+07 3.814935e+06 
1.860545e+02 3.285467e+07 3.814935e+06 
1.492515e+02 3.465796e+07 3.814935e+06 
1.700843e+02 3.338059e+07 3.814935e+06 
1.577137e+02 3.407822e+07 3.814935e+06 
1.588243e+02 3.378375e+07 3.814935e+06 
1.531186e+02 3.439193e+07 3.814935e+06 
1.490398e+02 3.482082e+07 3.814935e+06 
1.525296e+02 3.446726e+07 3.814935e+06 
1.681532e+02 3.352436e+07 3.814935e+06 
1.716059e+02 3.334396e+07 3.814935e+06 
1.605240e+02 3.358391e+07 3.814935e+06 
1.860881e+02 3.285226e+07 3.814935e+06 
1.731648e+02 3.321144e+07 3.814935e+06 
1.793702e+02 3.315080e+07 3.814935e+06 
1.684818e+02 3.344322e+07 3.814935e+06 
1.673113e+02 3.352851e+07 3.814935e+06 
1.489098e+02 3.499647e+07 3.814935e+06 
1.759547e+02 3.308391e+07 3.814935e+06 
1.549003e+02 3.420512e+07 3.814935e+06 
1.514437e+02 3.475989e+07 3.814935e+06 
1.588167e+02 3.407749e+07 3.814935e+06 
1.490237e+02 3.488363e+07 3.814935e+06 
1.547702e+02 3.438077e+07 3.814935e+06 
1.549922e+02 3.424254e+07 3.814935e+06 
1.495448e+02 3.450787e+07 3.814935e+06 
1.779698e+02 3.290670e+07 3.814935e+06 
1.491376e+02 3.477079e+07 3.814935e+06 
1.929068e+02 3.254727e+07 3.814935e+06 
1.490237e+02 3.488363e+07 3.814935e+06 
1.565923e+02 3.410117e+07 3.814935e+06 

1.513338e+02 3.422424e+07 3.814935e+06 
1.552944e+02 3.409585e+07 3.814935e+06 
1.498899e+02 3.472103e+07 3.814935e+06 
1.482747e+02 3.548508e+07 3.814935e+06 
1.482747e+02 3.548508e+07 3.814935e+06 
1.482747e+02 3.548508e+07 3.814935e+06 
1.482747e+02 3.548508e+07 3.814935e+06 
1.482747e+02 3.548508e+07 3.814935e+06 
1.482747e+02 3.548508e+07 3.814935e+06 
1.482747e+02 3.548508e+07 3.814935e+06 
1.482747e+02 3.548508e+07 3.814935e+06 
1.482747e+02 3.548508e+07 3.814935e+06 
1.482747e+02 3.548508e+07 3.814935e+06 
1.482747e+02 3.548508e+07 3.814935e+06 
1.482747e+02 3.548508e+07 3.814935e+06 
1.482747e+02 3.548508e+07 3.814935e+06 
1.482747e+02 3.548508e+07 3.814935e+06 
1.482747e+02 3.548508e+07 3.814935e+06 
1.482747e+02 3.548508e+07 3.814935e+06 
1.482747e+02 3.548508e+07 3.814935e+06 
1.482747e+02 3.548508e+07 3.814935e+06 
1.482747e+02 3.548508e+07 3.814935e+06 
1.482747e+02 3.548508e+07 3.814935e+06 
1.482747e+02 3.548508e+07 3.814935e+06 
1.482747e+02 3.548508e+07 3.814935e+06 
1.482747e+02 3.548508e+07 3.814935e+06 
1.482747e+02 3.548508e+07 3.814935e+06 
1.482747e+02 3.548508e+07 3.814935e+06 
1.482747e+02 3.548508e+07 3.814935e+06 
1.482747e+02 3.548508e+07 3.814935e+06 
1.482747e+02 3.548508e+07 3.814935e+06 
1.482747e+02 3.548508e+07 3.814935e+06 
1.482747e+02 3.548508e+07 3.814935e+06 
1.482747e+02 3.548508e+07 3.814935e+06 
1.482747e+02 3.548508e+07 3.814935e+06 
1.482747e+02 3.548508e+07 3.814935e+06 
1.482747e+02 3.548508e+07 3.814935e+06 
1.482747e+02 3.548508e+07 3.814935e+06 
1.482747e+02 3.548508e+07 3.814935e+06 
1.482747e+02 3.548508e+07 3.814935e+06 
1.482747e+02 3.548508e+07 3.814935e+06 
1.482747e+02 3.548508e+07 3.814935e+06 
1.482747e+02 3.548508e+07 3.814935e+06 
1.482747e+02 3.548508e+07 3.814935e+06 
1.482747e+02 3.548508e+07 3.814935e+06 
1.482747e+02 3.548508e+07 3.814935e+06 
1.482747e+02 3.548508e+07 3.814935e+06 
1.482747e+02 3.548508e+07 3.814935e+06 
1.482747e+02 3.548508e+07 3.814935e+06 
1.482747e+02 3.548508e+07 3.814935e+06 
1.482747e+02 3.548508e+07 3.814935e+06 
1.482747e+02 3.548508e+07 3.814935e+06 
1.482747e+02 3.548508e+07 3.814935e+06 
1.482747e+02 3.548508e+07 3.814935e+06 
1.482747e+02 3.548508e+07 3.814935e+06 
1.482747e+02 3.548508e+07 3.814935e+06 
1.482747e+02 3.548508e+07 3.814935e+06 
1.482747e+02 3.548508e+07 3.814935e+06 
1.482747e+02 3.548508e+07 3.814935e+06 
1.482747e+02 3.548508e+07 3.814935e+06 
1.482747e+02 3.548508e+07 3.814935e+06 
1.482747e+02 3.548508e+07 3.814935e+06 
1.482747e+02 3.548508e+07 3.814935e+06 
1.482747e+02 3.548508e+07 3.814935e+06 
1.482747e+02 3.548508e+07 3.814935e+06 
1.482747e+02 3.548508e+07 3.814935e+06 
1.482747e+02 3.548508e+07 3.814935e+06 
1.482747e+02 3.548508e+07 3.814935e+06 
1.482747e+02 3.548508e+07 3.814935e+06 
1.482747e+02 3.548508e+07 3.814935e+06 
1.482747e+02 3.548508e+07 3.814935e+06 
1.482747e+02 3.548508e+07 3.814935e+06 
1.482747e+02 3.548508e+07 3.814935e+06 
1.482747e+02 3.548508e+07 3.814935e+06 
1.482747e+02 3.548508e+07 3.814935e+06 
1.482747e+02 3.548508e+07 3.814935e+06 
1.482747e+02 3.548508e+07 3.814935e+06 
1.482747e+02 3.548508e+07 3.814935e+06 
1.681697e+02 3.330032e+07 3.814935e+06 
1.564589e+02 3.397499e+07 3.814935e+06 
1.703646e+02 3.326475e+07 3.814935e+06 
1.610333e+02 3.358216e+07 3.814935e+06 
1.536545e+02 3.421329e+07 3.814935e+06 
1.590358e+02 3.366718e+07 3.814935e+06 
1.491215e+02 3.483360e+07 3.814935e+06 
1.859037e+02 3.285107e+07 3.814935e+06 
1.566569e+02 3.384993e+07 3.814935e+06 
1.944954e+02 3.263233e+07 3.814935e+06 
1.502316e+02 3.438251e+07 3.814935e+06 
1.667218e+02 3.340891e+07 3.814935e+06 
1.537067e+02 3.414420e+07 3.814935e+06 
1.716902e+02 3.299370e+07 3.814935e+06 
1.649569e+02 3.343344e+07 3.814935e+06 
1.810599e+02 3.274033e+07 3.814935e+06 
1.671369e+02 3.333332e+07 3.814935e+06 
1.489914e+02 3.500925e+07 3.814935e+06 
1.561010e+02 3.407744e+07 3.814935e+06 
1.498737e+02 3.478384e+07 3.814935e+06 
1.736230e+02 3.295188e+07 3.814935e+06 
1.630419e+02 3.347250e+07 3.814935e+06 

1.621352e+02 3.379401e+07 3.814935e+06 
2.100667e+02 3.254586e+07 3.814935e+06 
1.482747e+02 3.548508e+07 3.814935e+06 
1.482747e+02 3.548508e+07 3.814935e+06 
1.482747e+02 3.548508e+07 3.814935e+06 
1.482747e+02 3.548508e+07 3.814935e+06 
1.482747e+02 3.548508e+07 3.814935e+06 
1.482747e+02 3.548508e+07 3.814935e+06 
1.482747e+02 3.548508e+07 3.814935e+06 
1.482747e+02 3.548508e+07 3.814935e+06 
1.482747e+02 3.548508e+07 3.814935e+06 
1.482747e+02 3.548508e+07 3.814935e+06 
1.482747e+02 3.548508e+07 3.814935e+06 
1.482747e+02 3.548508e+07 3.814935e+06 
1.482747e+02 3.548508e+07 3.814935e+06 
1.482747e+02 3.548508e+07 3.814935e+06 
1.482747e+02 3.548508e+07 3.814935e+06 
1.482747e+02 3.548508e+07 3.814935e+06 
1.482747e+02 3.548508e+07 3.814935e+06 
1.482747e+02 3.548508e+07 3.814935e+06 
1.482747e+02 3.548508e+07 3.814935e+06 
1.482747e+02 3.548508e+07 3.814935e+06 
1.482747e+02 3.548508e+07 3.814935e+06 
1.482747e+02 3.548508e+07 3.814935e+06 
1.482747e+02 3.548508e+07 3.814935e+06 
1.482747e+02 3.548508e+07 3.814935e+06 
1.482747e+02 3.548508e+07 3.814935e+06 
1.482747e+02 3.548508e+07 3.814935e+06 
1.482747e+02 3.548508e+07 3.814935e+06 
1.482747e+02 3.548508e+07 3.814935e+06 
1.482747e+02 3.548508e+07 3.814935e+06 
1.482747e+02 3.548508e+07 3.814935e+06 
1.482747e+02 3.548508e+07 3.814935e+06 
1.482747e+02 3.548508e+07 3.814935e+06 
1.482747e+02 3.548508e+07 3.814935e+06 
1.482747e+02 3.548508e+07 3.814935e+06 
1.482747e+02 3.548508e+07 3.814935e+06 
1.482747e+02 3.548508e+07 3.814935e+06 
1.482747e+02 3.548508e+07 3.814935e+06 
1.482747e+02 3.548508e+07 3.814935e+06 
1.482747e+02 3.548508e+07 3.814935e+06 
1.482747e+02 3.548508e+07 3.814935e+06 
1.482747e+02 3.548508e+07 3.814935e+06 
1.482747e+02 3.548508e+07 3.814935e+06 
1.482747e+02 3.548508e+07 3.814935e+06 
1.482747e+02 3.548508e+07 3.814935e+06 
1.482747e+02 3.548508e+07 3.814935e+06 
1.482747e+02 3.548508e+07 3.814935e+06 
1.482747e+02 3.548508e+07 3.814935e+06 
1.482747e+02 3.548508e+07 3.814935e+06 
1.482747e+02 3.548508e+07 3.814935e+06 
1.482747e+02 3.548508e+07 3.814935e+06 
1.482747e+02 3.548508e+07 3.814935e+06 
1.482747e+02 3.548508e+07 3.814935e+06 
1.482747e+02 3.548508e+07 3.814935e+06 
1.482747e+02 3.548508e+07 3.814935e+06 
1.482747e+02 3.548508e+07 3.814935e+06 
1.482747e+02 3.548508e+07 3.814935e+06 
1.482747e+02 3.548508e+07 3.814935e+06 
1.482747e+02 3.548508e+07 3.814935e+06 
1.482747e+02 3.548508e+07 3.814935e+06 
1.482747e+02 3.548508e+07 3.814935e+06 
1.482747e+02 3.548508e+07 3.814935e+06 
1.482747e+02 3.548508e+07 3.814935e+06 
1.482747e+02 3.548508e+07 3.814935e+06 
1.852945e+02 3.301613e+07 3.814935e+06 
1.519810e+02 3.432132e+07 3.814935e+06 
1.759393e+02 3.304265e+07 3.814935e+06 
2.225692e+02 3.241957e+07 3.814935e+06 
1.487304e+02 3.503372e+07 3.814935e+06 
1.917965e+02 3.291294e+07 3.814935e+06 
2.177450e+02 3.250392e+07 3.814935e+06 
1.608104e+02 3.382933e+07 3.814935e+06 
1.633797e+02 3.375325e+07 3.814935e+06 
1.604432e+02 3.389796e+07 3.814935e+06 
1.587513e+02 3.400190e+07 3.814935e+06 
1.624865e+02 3.378010e+07 3.814935e+06 
1.490560e+02 3.475801e+07 3.814935e+06 
1.864965e+02 3.291823e+07 3.814935e+06 
2.078598e+02 3.256010e+07 3.814935e+06 
1.733201e+02 3.328724e+07 3.814935e+06 
1.752464e+02 3.326400e+07 3.814935e+06 
1.534119e+02 3.424184e+07 3.814935e+06 
1.981906e+02 3.256519e+07 3.814935e+06 
1.960185e+02 3.276684e+07 3.814935e+06 
1.857327e+02 3.297684e+07 3.814935e+06 
1.691558e+02 3.342975e+07 3.814935e+06 
1.976213e+02 3.271054e+07 3.814935e+06 
1.666184e+02 3.351675e+07 3.814935e+06 
1.557907e+02 3.401254e+07 3.814935e+06 
1.928508e+02 3.281568e+07 3.814935e+06 
1.949625e+02 3.279961e+07 3.814935e+06 
1.509516e+02 3.445836e+07 3.814935e+06 
1.589387e+02 3.399749e+07 3.814935e+06 
1.602638e+02 3.393520e+07 3.814935e+06 
1.493654e+02 3.454512e+07 3.814935e+06 
1.840950e+02 3.302060e+07 3.814935e+06 
1.643103e+02 3.363193e+07 3.814935e+06 
2.274888e+02 3.226129e+07 3.814935e+06 
1.549165e+02 3.414231e+07 3.814935e+06 

1.505937e+02 3.485969e+07 3.814935e+06 
1.572468e+02 3.410143e+07 3.814935e+06 
1.491086e+02 3.544809e+07 3.814935e+06 
1.877317e+02 3.262402e+07 3.814935e+06 
1.482747e+02 3.548508e+07 3.814935e+06 
1.482747e+02 3.548508e+07 3.814935e+06 
1.482747e+02 3.548508e+07 3.814935e+06 
1.482747e+02 3.548508e+07 3.814935e+06 
1.482747e+02 3.548508e+07 3.814935e+06 
1.482747e+02 3.548508e+07 3.814935e+06 
1.482747e+02 3.548508e+07 3.814935e+06 
1.482747e+02 3.548508e+07 3.814935e+06 
1.482747e+02 3.548508e+07 3.814935e+06 
1.482747e+02 3.548508e+07 3.814935e+06 
1.482747e+02 3.548508e+07 3.814935e+06 
1.482747e+02 3.548508e+07 3.814935e+06 
1.482747e+02 3.548508e+07 3.814935e+06 
1.482747e+02 3.548508e+07 3.814935e+06 
1.482747e+02 3.548508e+07 3.814935e+06 
1.482747e+02 3.548508e+07 3.814935e+06 
1.482747e+02 3.548508e+07 3.814935e+06 
1.482747e+02 3.548508e+07 3.814935e+06 
1.482747e+02 3.548508e+07 3.814935e+06 
1.482747e+02 3.548508e+07 3.814935e+06 
1.482747e+02 3.548508e+07 3.814935e+06 
1.482747e+02 3.548508e+07 3.814935e+06 
1.482747e+02 3.548508e+07 3.814935e+06 
1.482747e+02 3.548508e+07 3.814935e+06 
1.482747e+02 3.548508e+07 3.814935e+06 
1.482747e+02 3.548508e+07 3.814935e+06 
1.482747e+02 3.548508e+07 3.814935e+06 
1.482747e+02 3.548508e+07 3.814935e+06 
1.482747e+02 3.548508e+07 3.814935e+06 
1.482747e+02 3.548508e+07 3.814935e+06 
1.482747e+02 3.548508e+07 3.814935e+06 
1.482747e+02 3.548508e+07 3.814935e+06 
1.482747e+02 3.548508e+07 3.814935e+06 
1.482747e+02 3.548508e+07 3.814935e+06 
1.482747e+02 3.548508e+07 3.814935e+06 
1.482747e+02 3.548508e+07 3.814935e+06 
1.482747e+02 3.548508e+07 3.814935e+06 
1.482747e+02 3.548508e+07 3.814935e+06 
1.482747e+02 3.548508e+07 3.814935e+06 
1.482747e+02 3.548508e+07 3.814935e+06 
1.482747e+02 3.548508e+07 3.814935e+06 
1.482747e+02 3.548508e+07 3.814935e+06 
1.482747e+02 3.548508e+07 3.814935e+06 
1.482747e+02 3.548508e+07 3.814935e+06 
1.482747e+02 3.548508e+07 3.814935e+06 
1.482747e+02 3.548508e+07 3.814935e+06 
1.482747e+02 3.548508e+07 3.814935e+06 
1.482747e+02 3.548508e+07 3.814935e+06 
1.482747e+02 3.548508e+07 3.814935e+06 
1.482747e+02 3.548508e+07 3.814935e+06 
1.482747e+02 3.548508e+07 3.814935e+06 
1.482747e+02 3.548508e+07 3.814935e+06 
1.482747e+02 3.548508e+07 3.814935e+06 
1.482747e+02 3.548508e+07 3.814935e+06 
1.482747e+02 3.548508e+07 3.814935e+06 
1.482747e+02 3.548508e+07 3.814935e+06 
1.482747e+02 3.548508e+07 3.814935e+06 
1.482747e+02 3.548508e+07 3.814935e+06 
1.539687e+02 3.429213e+07 3.814935e+06 
1.712886e+02 3.353525e+07 3.814935e+06 
1.791747e+02 3.312956e+07 3.814935e+06 
1.556203e+02 3.428097e+07 3.814935e+06 
1.749812e+02 3.329892e+07 3.814935e+06 
1.508377e+02 3.457120e+07 3.814935e+06 
1.782844e+02 3.314855e+07 3.814935e+06 
1.596094e+02 3.393494e+07 3.814935e+06 
1.612116e+02 3.378538e+07 3.814935e+06 
1.495481e+02 3.505954e+07 3.814935e+06 
1.649729e+02 3.366503e+07 3.814935e+06 
1.565494e+02 3.425246e+07 3.814935e+06 
1.828297e+02 3.297716e+07 3.814935e+06 
1.507076e+02 3.474685e+07 3.814935e+06 
1.504959e+02 3.490972e+07 3.814935e+06 
1.497436e+02 3.495949e+07 3.814935e+06 
1.803696e+02 3.301230e+07 3.814935e+06 
1.580968e+02 3.400164e+07 3.814935e+06 
1.773079e+02 3.320809e+07 3.814935e+06 
2.012597e+02 3.228499e+07 3.814935e+06 
1.666406e+02 3.359106e+07 3.814935e+06 
1.962957e+02 3.235688e+07 3.814935e+06 
2.033937e+02 3.225902e+07 3.814935e+06 
1.727620e+02 3.331214e+07 3.814935e+06 
1.719557e+02 3.350957e+07 3.814935e+06 
1.658068e+02 3.362804e+07 3.814935e+06 
1.727241e+02 3.339700e+07 3.814935e+06 
1.531149e+02 3.440748e+07 3.814935e+06 
1.570674e+02 3.420972e+07 3.814935e+06 
1.507399e+02 3.462123e+07 3.814935e+06 
1.837413e+02 3.277014e+07 3.814935e+06 
1.754255e+02 3.321975e+07 3.814935e+06 
1.916435e+02 3.242877e+07 3.814935e+06 
1.496459e+02 3.500952e+07 3.814935e+06 
1.506098e+02 3.479688e+07 3.814935e+06 
1.508538e+02 3.450839e+07 3.814935e+06 
2.118183e+02 3.218617e+07 3.814935e+06 
1.797707e+02 3.308386e+07 3.814935e+06 

1.830695e+02 3.293142e+07 3.814935e+06 
1.622348e+02 3.369599e+07 3.814935e+06 
1.977875e+02 3.253310e+07 3.814935e+06 
2.166427e+02 3.208043e+07 3.814935e+06 
1.482747e+02 3.548508e+07 3.814935e+06 
1.482747e+02 3.548508e+07 3.814935e+06 
1.482747e+02 3.548508e+07 3.814935e+06 
1.482747e+02 3.548508e+07 3.814935e+06 
1.482747e+02 3.548508e+07 3.814935e+06 
1.482747e+02 3.548508e+07 3.814935e+06 
1.482747e+02 3.548508e+07 3.814935e+06 
1.482747e+02 3.548508e+07 3.814935e+06 
1.482747e+02 3.548508e+07 3.814935e+06 
1.482747e+02 3.548508e+07 3.814935e+06 
1.482747e+02 3.548508e+07 3.814935e+06 
1.482747e+02 3.548508e+07 3.814935e+06 
1.482747e+02 3.548508e+07 3.814935e+06 
1.482747e+02 3.548508e+07 3.814935e+06 
1.482747e+02 3.548508e+07 3.814935e+06 
1.482747e+02 3.548508e+07 3.814935e+06 
1.482747e+02 3.548508e+07 3.814935e+06 
1.482747e+02 3.548508e+07 3.814935e+06 
1.482747e+02 3.548508e+07 3.814935e+06 
1.482747e+02 3.548508e+07 3.814935e+06 
1.482747e+02 3.548508e+07 3.814935e+06 
1.482747e+02 3.548508e+07 3.814935e+06 
1.482747e+02 3.548508e+07 3.814935e+06 
1.482747e+02 3.548508e+07 3.814935e+06 
1.482747e+02 3.548508e+07 3.814935e+06 
1.482747e+02 3.548508e+07 3.814935e+06 
1.482747e+02 3.548508e+07 3.814935e+06 
1.482747e+02 3.548508e+07 3.814935e+06 
1.482747e+02 3.548508e+07 3.814935e+06 
1.482747e+02 3.548508e+07 3.814935e+06 
1.482747e+02 3.548508e+07 3.814935e+06 
1.482747e+02 3.548508e+07 3.814935e+06 
1.482747e+02 3.548508e+07 3.814935e+06 
1.482747e+02 3.548508e+07 3.814935e+06 
1.482747e+02 3.548508e+07 3.814935e+06 
1.482747e+02 3.548508e+07 3.814935e+06 
1.482747e+02 3.548508e+07 3.814935e+06 
1.482747e+02 3.548508e+07 3.814935e+06 
1.482747e+02 3.548508e+07 3.814935e+06 
1.482747e+02 3.548508e+07 3.814935e+06 
1.482747e+02 3.548508e+07 3.814935e+06 
1.482747e+02 3.548508e+07 3.814935e+06 
1.482747e+02 3.548508e+07 3.814935e+06 
1.482747e+02 3.548508e+07 3.814935e+06 
1.482747e+02 3.548508e+07 3.814935e+06 
1.482747e+02 3.548508e+07 3.814935e+06 
1.482747e+02 3.548508e+07 3.814935e+06 
1.482747e+02 3.548508e+07 3.814935e+06 
1.482747e+02 3.548508e+07 3.814935e+06 
1.482747e+02 3.548508e+07 3.814935e+06 
1.482747e+02 3.548508e+07 3.814935e+06 
1.482747e+02 3.548508e+07 3.814935e+06 
1.482747e+02 3.548508e+07 3.814935e+06 
1.482747e+02 3.548508e+07 3.814935e+06 
1.482747e+02 3.548508e+07 3.814935e+06 
1.482747e+02 3.548508e+07 3.814935e+06 
1.482747e+02 3.548508e+07 3.814935e+06 
1.482747e+02 3.548508e+07 3.814935e+06 
1.482747e+02 3.548508e+07 3.814935e+06 
1.482747e+02 3.548508e+07 3.814935e+06 
1.482747e+02 3.548508e+07 3.814935e+06 
1.482747e+02 3.548508e+07 3.814935e+06 
1.662175e+02 3.367231e+07 3.814935e+06 
1.848724e+02 3.308004e+07 3.814935e+06 
1.506260e+02 3.473407e+07 3.814935e+06 
1.945780e+02 3.262983e+07 3.814935e+06 
1.756978e+02 3.305011e+07 3.814935e+06 
1.508700e+02 3.444558e+07 3.814935e+06 
1.856862e+02 3.290054e+07 3.814935e+06 
1.717322e+02 3.323949e+07 3.814935e+06 
1.558320e+02 3.411810e+07 3.814935e+06 
1.664168e+02 3.354632e+07 3.814935e+06 
1.549403e+02 3.418553e+07 3.814935e+06 
1.892600e+02 3.255149e+07 3.814935e+06 
1.493041e+02 3.534803e+07 3.814935e+06 
1.605400e+02 3.376618e+07 3.814935e+06 
1.869477e+02 3.273697e+07 3.814935e+06 
1.981135e+02 3.229512e+07 3.814935e+06 
2.224352e+02 3.209305e+07 3.814935e+06 
1.587456e+02 3.391067e+07 3.814935e+06 
1.507237e+02 3.468404e+07 3.814935e+06 
2.040091e+02 3.208276e+07 3.814935e+06 
2.028417e+02 3.218538e+07 3.814935e+06 
1.599971e+02 3.371022e+07 3.814935e+06 
1.676106e+02 3.347339e+07 3.814935e+06 
1.515468e+02 3.422034e+07 3.814935e+06 
2.004693e+02 3.217627e+07 3.814935e+06 
1.491538e+02 3.470798e+07 3.814935e+06 
2.015281e+02 3.210443e+07 3.814935e+06 
1.768454e+02 3.317495e+07 3.814935e+06 
1.755194e+02 3.319633e+07 3.814935e+06 
1.572468e+02 3.410143e+07 3.814935e+06 
1.668303e+02 3.353818e+07 3.814935e+06 
1.564290e+02 3.407561e+07 3.814935e+06 
1.586350e+02 3.397919e+07 3.814935e+06 
1.674072e+02 3.340233e+07 3.814935e+06 

2.032120e+02 3.240535e+07 3.814935e+06 
1.626593e+02 3.377000e+07 3.814935e+06 
1.482747e+02 3.548508e+07 3.814935e+06 
1.482747e+02 3.548508e+07 3.814935e+06 
1.482747e+02 3.548508e+07 3.814935e+06 
1.482747e+02 3.548508e+07 3.814935e+06 
1.482747e+02 3.548508e+07 3.814935e+06 
1.482747e+02 3.548508e+07 3.814935e+06 
1.482747e+02 3.548508e+07 3.814935e+06 
1.482747e+02 3.548508e+07 3.814935e+06 
1.482747e+02 3.548508e+07 3.814935e+06 
1.482747e+02 3.548508e+07 3.814935e+06 
1.482747e+02 3.548508e+07 3.814935e+06 
1.482747e+02 3.548508e+07 3.814935e+06 
1.482747e+02 3.548508e+07 3.814935e+06 
1.482747e+02 3.548508e+07 3.814935e+06 
1.482747e+02 3.548508e+07 3.814935e+06 
1.482747e+02 3.548508e+07 3.814935e+06 
1.482747e+02 3.548508e+07 3.814935e+06 
1.482747e+02 3.548508e+07 3.814935e+06 
1.482747e+02 3.548508e+07 3.814935e+06 
1.482747e+02 3.548508e+07 3.814935e+06 
1.482747e+02 3.548508e+07 3.814935e+06 
1.482747e+02 3.548508e+07 3.814935e+06 
1.482747e+02 3.548508e+07 3.814935e+06 
1.482747e+02 3.548508e+07 3.814935e+06 
1.482747e+02 3.548508e+07 3.814935e+06 
1.482747e+02 3.548508e+07 3.814935e+06 
1.482747e+02 3.548508e+07 3.814935e+06 
1.482747e+02 3.548508e+07 3.814935e+06 
1.482747e+02 3.548508e+07 3.814935e+06 
1.482747e+02 3.548508e+07 3.814935e+06 
1.482747e+02 3.548508e+07 3.814935e+06 
1.482747e+02 3.548508e+07 3.814935e+06 
1.482747e+02 3.548508e+07 3.814935e+06 
1.482747e+02 3.548508e+07 3.814935e+06 
1.482747e+02 3.548508e+07 3.814935e+06 
1.482747e+02 3.548508e+07 3.814935e+06 
1.482747e+02 3.548508e+07 3.814935e+06 
1.482747e+02 3.548508e+07 3.814935e+06 
1.482747e+02 3.548508e+07 3.814935e+06 
1.482747e+02 3.548508e+07 3.814935e+06 
1.482747e+02 3.548508e+07 3.814935e+06 
1.482747e+02 3.548508e+07 3.814935e+06 
1.482747e+02 3.548508e+07 3.814935e+06 
1.482747e+02 3.548508e+07 3.814935e+06 
1.482747e+02 3.548508e+07 3.814935e+06 
1.482747e+02 3.548508e+07 3.814935e+06 
1.482747e+02 3.548508e+07 3.814935e+06 
1.482747e+02 3.548508e+07 3.814935e+06 
1.482747e+02 3.548508e+07 3.814935e+06 
1.482747e+02 3.548508e+07 3.814935e+06 
1.482747e+02 3.548508e+07 3.814935e+06 
1.482747e+02 3.548508e+07 3.814935e+06 
1.482747e+02 3.548508e+07 3.814935e+06 
1.482747e+02 3.548508e+07 3.814935e+06 
1.482747e+02 3.548508e+07 3.814935e+06 
1.482747e+02 3.548508e+07 3.814935e+06 
1.482747e+02 3.548508e+07 3.814935e+06 
1.482747e+02 3.548508e+07 3.814935e+06 
1.482747e+02 3.548508e+07 3.814935e+06 
1.482747e+02 3.548508e+07 3.814935e+06 
1.482747e+02 3.548508e+07 3.814935e+06 
1.482747e+02 3.548508e+07 3.814935e+06 
1.482747e+02 3.548508e+07 3.814935e+06 
1.482747e+02 3.548508e+07 3.814935e+06 
1.657090e+02 3.367807e+07 3.814935e+06 
1.672733e+02 3.347149e+07 3.814935e+06 
1.707777e+02 3.322351e+07 3.814935e+06 
1.831199e+02 3.282225e+07 3.814935e+06 
1.660857e+02 3.367109e+07 3.814935e+06 
1.754625e+02 3.293771e+07 3.814935e+06 
1.589056e+02 3.379628e+07 3.814935e+06 
1.939162e+02 3.236034e+07 3.814935e+06 
1.694998e+02 3.334370e+07 3.814935e+06 
1.648671e+02 3.368222e+07 3.814935e+06 
1.645353e+02 3.373004e+07 3.814935e+06 
1.489259e+02 3.493366e+07 3.814935e+06 
1.924209e+02 3.242202e+07 3.814935e+06 
1.563967e+02 3.420123e+07 3.814935e+06 
1.532003e+02 3.440471e+07 3.814935e+06 
1.552267e+02 3.425541e+07 3.814935e+06 
1.564290e+02 3.407561e+07 3.814935e+06 
1.540503e+02 3.430491e+07 3.814935e+06 
1.493170e+02 3.473355e+07 3.814935e+06 
1.707207e+02 3.323130e+07 3.814935e+06 
1.895981e+02 3.245330e+07 3.814935e+06 
1.523664e+02 3.444170e+07 3.814935e+06 
1.569282e+02 3.395609e+07 3.814935e+06 
1.828655e+02 3.288522e+07 3.814935e+06 
1.584926e+02 3.386881e+07 3.814935e+06 
1.516061e+02 3.445862e+07 3.814935e+06 
1.839936e+02 3.279400e+07 3.814935e+06 
1.850818e+02 3.262354e+07 3.814935e+06 
1.538800e+02 3.435062e+07 3.814935e+06 
1.500038e+02 3.460819e+07 3.814935e+06 
1.789190e+02 3.289996e+07 3.814935e+06 
1.689851e+02 3.341221e+07 3.814935e+06 
1.501016e+02 3.455816e+07 3.814935e+06 
1.974162e+02 3.224179e+07 3.814935e+06 

1.681629e+02 3.333337e+07 3.814935e+06 
1.586374e+02 3.411474e+07 3.814935e+06 
1.905193e+02 3.243851e+07 3.814935e+06 
1.679112e+02 3.356122e+07 3.814935e+06 
1.486981e+02 3.515934e+07 3.814935e+06 
1.831031e+02 3.252101e+07 3.814935e+06 
1.482747e+02 3.548508e+07 3.814935e+06 
1.482747e+02 3.548508e+07 3.814935e+06 
1.482747e+02 3.548508e+07 3.814935e+06 
1.482747e+02 3.548508e+07 3.814935e+06 
1.482747e+02 3.548508e+07 3.814935e+06 
1.482747e+02 3.548508e+07 3.814935e+06 
1.482747e+02 3.548508e+07 3.814935e+06 
1.482747e+02 3.548508e+07 3.814935e+06 
1.482747e+02 3.548508e+07 3.814935e+06 
1.482747e+02 3.548508e+07 3.814935e+06 
1.482747e+02 3.548508e+07 3.814935e+06 
1.482747e+02 3.548508e+07 3.814935e+06 
1.482747e+02 3.548508e+07 3.814935e+06 
1.482747e+02 3.548508e+07 3.814935e+06 
1.482747e+02 3.548508e+07 3.814935e+06 
1.482747e+02 3.548508e+07 3.814935e+06 
1.482747e+02 3.548508e+07 3.814935e+06 
1.482747e+02 3.548508e+07 3.814935e+06 
1.482747e+02 3.548508e+07 3.814935e+06 
1.482747e+02 3.548508e+07 3.814935e+06 
1.482747e+02 3.548508e+07 3.814935e+06 
1.482747e+02 3.548508e+07 3.814935e+06 
1.482747e+02 3.548508e+07 3.814935e+06 
1.482747e+02 3.548508e+07 3.814935e+06 
1.482747e+02 3.548508e+07 3.814935e+06 
1.482747e+02 3.548508e+07 3.814935e+06 
1.482747e+02 3.548508e+07 3.814935e+06 
1.482747e+02 3.548508e+07 3.814935e+06 
1.482747e+02 3.548508e+07 3.814935e+06 
1.482747e+02 3.548508e+07 3.814935e+06 
1.482747e+02 3.548508e+07 3.814935e+06 
1.482747e+02 3.548508e+07 3.814935e+06 
1.482747e+02 3.548508e+07 3.814935e+06 
1.482747e+02 3.548508e+07 3.814935e+06 
1.482747e+02 3.548508e+07 3.814935e+06 
1.482747e+02 3.548508e+07 3.814935e+06 
1.482747e+02 3.548508e+07 3.814935e+06 
1.482747e+02 3.548508e+07 3.814935e+06 
1.482747e+02 3.548508e+07 3.814935e+06 
1.482747e+02 3.548508e+07 3.814935e+06 
1.482747e+02 3.548508e+07 3.814935e+06 
1.482747e+02 3.548508e+07 3.814935e+06 
1.482747e+02 3.548508e+07 3.814935e+06 
1.482747e+02 3.548508e+07 3.814935e+06 
1.482747e+02 3.548508e+07 3.814935e+06 
1.482747e+02 3.548508e+07 3.814935e+06 
1.482747e+02 3.548508e+07 3.814935e+06 
1.482747e+02 3.548508e+07 3.814935e+06 
1.482747e+02 3.548508e+07 3.814935e+06 
1.482747e+02 3.548508e+07 3.814935e+06 
1.482747e+02 3.548508e+07 3.814935e+06 
1.482747e+02 3.548508e+07 3.814935e+06 
1.482747e+02 3.548508e+07 3.814935e+06 
1.482747e+02 3.548508e+07 3.814935e+06 
1.482747e+02 3.548508e+07 3.814935e+06 
1.482747e+02 3.548508e+07 3.814935e+06 
1.569916e+02 3.418606e+07 3.814935e+06 
1.700615e+02 3.327645e+07 3.814935e+06 
1.909590e+02 3.239430e+07 3.814935e+06 
1.513621e+02 3.474711e+07 3.814935e+06 
1.598049e+02 3.383488e+07 3.814935e+06 
1.618661e+02 3.378564e+07 3.814935e+06 
1.530045e+02 3.452973e+07 3.814935e+06 
1.659588e+02 3.363448e+07 3.814935e+06 
1.672739e+02 3.358176e+07 3.814935e+06 
1.872519e+02 3.251910e+07 3.814935e+06 
1.889062e+02 3.242688e+07 3.814935e+06 
1.564622e+02 3.427682e+07 3.814935e+06 
1.536371e+02 3.441121e+07 3.814935e+06 
1.499553e+02 3.479662e+07 3.814935e+06 
1.489098e+02 3.499647e+07 3.814935e+06 
1.751091e+02 3.292608e+07 3.814935e+06 
1.556203e+02 3.428097e+07 3.814935e+06 
1.669011e+02 3.359860e+07 3.814935e+06 
1.681180e+02 3.333645e+07 3.814935e+06 
1.947813e+02 3.203496e+07 3.814935e+06 
1.515738e+02 3.458424e+07 3.814935e+06 
1.497436e+02 3.495949e+07 3.814935e+06 
1.513186e+02 3.478692e+07 3.814935e+06 
1.725966e+02 3.311597e+07 3.814935e+06 
1.740079e+02 3.297789e+07 3.814935e+06 
1.794601e+02 3.266056e+07 3.814935e+06 
1.595116e+02 3.398497e+07 3.814935e+06 
1.647048e+02 3.363958e+07 3.814935e+06 
1.709830e+02 3.325452e+07 3.814935e+06 
1.529886e+02 3.456758e+07 3.814935e+06 
1.555225e+02 3.433100e+07 3.814935e+06 
1.824328e+02 3.260273e+07 3.814935e+06 
1.724312e+02 3.312673e+07 3.814935e+06 
1.636123e+02 3.367926e+07 3.814935e+06 
1.584660e+02 3.418483e+07 3.814935e+06 
1.594138e+02 3.403500e+07 3.814935e+06 
1.787567e+02 3.277407e+07 3.814935e+06 
1.912810e+02 3.221941e+07 3.814935e+06 

1.734602e+02 3.341004e+07 3.814935e+06 
1.634603e+02 3.373173e+07 3.814935e+06 
1.482747e+02 3.548508e+07 3.814935e+06 
1.482747e+02 3.548508e+07 3.814935e+06 
1.482747e+02 3.548508e+07 3.814935e+06 
1.482747e+02 3.548508e+07 3.814935e+06 
1.482747e+02 3.548508e+07 3.814935e+06 
1.482747e+02 3.548508e+07 3.814935e+06 
1.482747e+02 3.548508e+07 3.814935e+06 
1.482747e+02 3.548508e+07 3.814935e+06 
1.482747e+02 3.548508e+07 3.814935e+06 
1.482747e+02 3.548508e+07 3.814935e+06 
1.482747e+02 3.548508e+07 3.814935e+06 
1.482747e+02 3.548508e+07 3.814935e+06 
1.482747e+02 3.548508e+07 3.814935e+06 
1.482747e+02 3.548508e+07 3.814935e+06 
1.482747e+02 3.548508e+07 3.814935e+06 
1.482747e+02 3.548508e+07 3.814935e+06 
1.482747e+02 3.548508e+07 3.814935e+06 
1.482747e+02 3.548508e+07 3.814935e+06 
1.482747e+02 3.548508e+07 3.814935e+06 
1.482747e+02 3.548508e+07 3.814935e+06 
1.482747e+02 3.548508e+07 3.814935e+06 
1.482747e+02 3.548508e+07 3.814935e+06 
1.482747e+02 3.548508e+07 3.814935e+06 
1.482747e+02 3.548508e+07 3.814935e+06 
1.482747e+02 3.548508e+07 3.814935e+06 
1.482747e+02 3.548508e+07 3.814935e+06 
1.482747e+02 3.548508e+07 3.814935e+06 
1.482747e+02 3.548508e+07 3.814935e+06 
1.482747e+02 3.548508e+07 3.814935e+06 
1.482747e+02 3.548508e+07 3.814935e+06 
1.482747e+02 3.548508e+07 3.814935e+06 
1.482747e+02 3.548508e+07 3.814935e+06 
1.482747e+02 3.548508e+07 3.814935e+06 
1.482747e+02 3.548508e+07 3.814935e+06 
1.482747e+02 3.548508e+07 3.814935e+06 
1.482747e+02 3.548508e+07 3.814935e+06 
1.482747e+02 3.548508e+07 3.814935e+06 
1.482747e+02 3.548508e+07 3.814935e+06 
1.482747e+02 3.548508e+07 3.814935e+06 
1.482747e+02 3.548508e+07 3.814935e+06 
1.482747e+02 3.548508e+07 3.814935e+06 
1.482747e+02 3.548508e+07 3.814935e+06 
1.482747e+02 3.548508e+07 3.814935e+06 
1.482747e+02 3.548508e+07 3.814935e+06 
1.482747e+02 3.548508e+07 3.814935e+06 
1.482747e+02 3.548508e+07 3.814935e+06 
1.482747e+02 3.548508e+07 3.814935e+06 
1.482747e+02 3.548508e+07 3.814935e+06 
1.482747e+02 3.548508e+07 3.814935e+06 
1.482747e+02 3.548508e+07 3.814935e+06 
1.482747e+02 3.548508e+07 3.814935e+06 
1.482747e+02 3.548508e+07 3.814935e+06 
1.482747e+02 3.548508e+07 3.814935e+06 
1.482747e+02 3.548508e+07 3.814935e+06 
1.482747e+02 3.548508e+07 3.814935e+06 
1.482747e+02 3.548508e+07 3.814935e+06 
1.482747e+02 3.548508e+07 3.814935e+06 
1.482747e+02 3.548508e+07 3.814935e+06 
1.482747e+02 3.548508e+07 3.814935e+06 
1.482747e+02 3.548508e+07 3.814935e+06 
1.482747e+02 3.548508e+07 3.814935e+06 
1.482747e+02 3.548508e+07 3.814935e+06 
1.482747e+02 3.548508e+07 3.814935e+06 
1.482747e+02 3.548508e+07 3.814935e+06 
1.482747e+02 3.548508e+07 3.814935e+06 
1.482747e+02 3.548508e+07 3.814935e+06 
1.482747e+02 3.548508e+07 3.814935e+06 
1.482747e+02 3.548508e+07 3.814935e+06 
1.482747e+02 3.548508e+07 3.814935e+06 
1.482747e+02 3.548508e+07 3.814935e+06 
1.482747e+02 3.548508e+07 3.814935e+06 
1.482747e+02 3.548508e+07 3.814935e+06 
1.514794e+02 3.449042e+07 3.814935e+06 
1.879259e+02 3.316186e+07 3.814935e+06 
1.660023e+02 3.352799e+07 3.814935e+06 
1.490398e+02 3.482082e+07 3.814935e+06 
1.633626e+02 3.378175e+07 3.814935e+06 
1.698048e+02 3.351320e+07 3.814935e+06 
1.558267e+02 3.403077e+07 3.814935e+06 
1.507399e+02 3.462123e+07 3.814935e+06 
1.566407e+02 3.391274e+07 3.814935e+06 
1.594884e+02 3.387427e+07 3.814935e+06 
1.771560e+02 3.321410e+07 3.814935e+06 
1.500531e+02 3.474659e+07 3.814935e+06 
1.643103e+02 3.363193e+07 3.814935e+06 
1.535097e+02 3.419181e+07 3.814935e+06 
1.487797e+02 3.517212e+07 3.814935e+06 
1.558723e+02 3.402532e+07 3.814935e+06 
1.535259e+02 3.412900e+07 3.814935e+06 
1.498737e+02 3.478384e+07 3.814935e+06 
1.525619e+02 3.434164e+07 3.814935e+06 
1.768802e+02 3.321683e+07 3.814935e+06 
1.886294e+02 3.279843e+07 3.814935e+06 
1.506421e+02 3.467126e+07 3.814935e+06 
1.626103e+02 3.383152e+07 3.814935e+06 
1.720754e+02 3.342707e+07 3.814935e+06 
1.516061e+02 3.445862e+07 3.814935e+06 
1.741712e+02 3.325471e+07 3.814935e+06 

