1.698217e+02 3.266412e+07 2.055676e+06 
1.613730e+02 3.336715e+07 2.055676e+06 
1.640548e+02 3.276526e+07 1.951854e+06 
1.615702e+02 3.417713e+07 1.848032e+06 
1.699162e+02 3.439635e+07 1.744210e+06 
1.610846e+02 3.382725e+07 2.055676e+06 
1.566507e+02 3.254581e+07 2.208646e+06 
1.526549e+02 3.866100e+07 3.614149e+06 
1.615184e+02 3.437272e+07 1.848032e+06 
1.702410e+02 3.226509e+07 2.610219e+06 
1.553301e+02 3.296876e+07 2.409432e+06 
1.605851e+02 3.390780e+07 2.055676e+06 
1.635367e+02 3.338230e+07 1.848032e+06 
1.533692e+02 3.811722e+07 3.212577e+06 
1.527434e+02 3.832589e+07 3.212577e+06 
1.536706e+02 3.828416e+07 3.413363e+06 
1.699879e+02 3.247759e+07 2.055676e+06 
1.542921e+02 3.491327e+07 3.413363e+06 
1.684003e+02 3.521067e+07 1.744210e+06 
1.698105e+02 3.414317e+07 1.807074e+06 
1.549767e+02 3.366793e+07 2.811005e+06 
1.523986e+02 3.877420e+07 3.814935e+06 
1.534398e+02 3.895705e+07 3.011791e+06 
1.752235e+02 3.262685e+07 1.951854e+06 
1.575387e+02 3.250812e+07 2.208646e+06 
1.684898e+02 3.437095e+07 1.807074e+06 
1.558718e+02 3.290667e+07 2.208646e+06 
1.527922e+02 3.851322e+07 3.814935e+06 
1.578387e+02 3.434573e+07 2.159498e+06 
1.630597e+02 3.229675e+07 2.208646e+06 
1.579920e+02 3.390421e+07 2.159498e+06 
1.556857e+02 3.319086e+07 2.409432e+06 
1.718527e+02 3.536564e+07 1.736186e+06 
1.707278e+02 3.261452e+07 2.159498e+06 
1.587108e+02 3.240458e+07 2.208646e+06 
1.603002e+02 3.236369e+07 2.208646e+06 
1.569195e+02 3.436713e+07 2.055676e+06 
1.701856e+02 3.259243e+07 1.951854e+06 
1.574450e+02 3.490058e+07 2.007860e+06 
1.691739e+02 3.493606e+07 1.744210e+06 
1.689309e+02 3.421429e+07 1.807074e+06 
1.581128e+02 3.251374e+07 2.208646e+06 
1.545360e+02 3.391513e+07 2.811005e+06 
1.537042e+02 3.890024e+07 3.011791e+06 
1.693993e+02 3.266428e+07 2.159498e+06 
1.581565e+02 3.230421e+07 2.208646e+06 
1.561746e+02 3.285119e+07 2.610219e+06 
1.729547e+02 3.297555e+07 1.848032e+06 
1.589784e+02 3.393645e+07 2.055676e+06 
1.573622e+02 3.518103e+07 2.007860e+06 
1.562961e+02 3.284052e+07 2.208646e+06 
1.563298e+02 3.265189e+07 2.208646e+06 
1.557695e+02 3.435839e+07 2.208646e+06 
1.701488e+02 3.430120e+07 1.744210e+06 
1.572572e+02 3.508925e+07 2.007860e+06 
1.551423e+02 3.380540e+07 2.610219e+06 
1.531708e+02 3.851655e+07 3.212577e+06 
1.553557e+02 3.335762e+07 2.409432e+06 
1.522848e+02 3.901447e+07 3.614149e+06 
1.577123e+02 3.245316e+07 2.208646e+06 
1.538549e+02 3.927955e+07 3.011791e+06 
1.586752e+02 3.228901e+07 2.208646e+06 
1.533084e+02 3.836287e+07 3.614149e+06 
1.543869e+02 3.328132e+07 2.610219e+06 
1.571105e+02 3.518034e+07 2.007860e+06 
1.608310e+02 3.387093e+07 2.055676e+06 
1.540053e+02 3.789596e+07 3.614149e+06 
1.602573e+02 3.341964e+07 2.159498e+06 
1.697862e+02 3.464652e+07 1.744210e+06 
1.693810e+02 3.486258e+07 1.744210e+06 
1.725312e+02 3.373403e+07 1.744210e+06 
1.691732e+02 3.269629e+07 2.055676e+06 
1.565204e+02 3.258561e+07 2.409432e+06 
1.585127e+02 3.416437e+07 1.951854e+06 
1.569974e+02 3.453396e+07 2.055676e+06 
1.573746e+02 3.262435e+07 2.208646e+06 
1.704156e+02 3.390959e+07 1.744210e+06 
1.621586e+02 3.301374e+07 1.848032e+06 
1.566815e+02 3.510894e+07 2.055676e+06 
1.696224e+02 3.477665e+07 1.744210e+06 
1.521974e+02 3.879634e+07 3.614149e+06 
1.600195e+02 3.393060e+07 1.951854e+06 
1.543833e+02 3.762827e+07 3.413363e+06 
1.695527e+02 3.268433e+07 2.055676e+06 
1.556330e+02 3.513863e+07 2.208646e+06 
1.565549e+02 3.276282e+07 2.208646e+06 
1.661958e+02 3.553425e+07 1.832641e+06 
1.689738e+02 3.284455e+07 1.848032e+06 
1.559406e+02 3.285850e+07 2.208646e+06 
1.601909e+02 3.218350e+07 2.208646e+06 
1.667827e+02 3.546904e+07 1.807074e+06 
1.737659e+02 3.382735e+07 1.744210e+06 
1.594071e+02 3.478984e+07 1.848032e+06 
1.559593e+02 3.291503e+07 2.208646e+06 
1.677215e+02 3.508238e+07 1.744210e+06 
1.579564e+02 3.511505e+07 1.951854e+06 
1.540281e+02 3.802552e+07 3.011791e+06 
1.666449e+02 3.481058e+07 1.807074e+06 
1.592109e+02 3.464151e+07 1.848032e+06 
1.679574e+02 3.438041e+07 1.807074e+06 

1.618876e+02 3.231881e+07 2.076440e+06 
1.599749e+02 3.271663e+07 2.811005e+06 
1.673490e+02 3.536330e+07 1.807074e+06 
1.589496e+02 3.276986e+07 2.811005e+06 
1.577726e+02 3.306003e+07 2.610219e+06 
1.584434e+02 3.305786e+07 2.811005e+06 
1.654490e+02 3.610506e+07 1.868796e+06 
1.581104e+02 3.341090e+07 2.409432e+06 
1.665381e+02 3.552593e+07 1.807074e+06 
1.700524e+02 3.206336e+07 2.076440e+06 
1.616129e+02 3.427642e+07 2.007860e+06 
1.612139e+02 3.245097e+07 2.076440e+06 
1.675687e+02 3.211834e+07 2.076440e+06 
1.661711e+02 3.216868e+07 2.076440e+06 
1.610505e+02 3.254505e+07 2.076440e+06 
1.536700e+02 3.445817e+07 3.212577e+06 
1.620596e+02 3.237945e+07 2.076440e+06 
1.721779e+02 3.192054e+07 2.076440e+06 
1.659467e+02 3.625519e+07 1.868796e+06 
1.579738e+02 3.395850e+07 2.409432e+06 
1.602098e+02 3.247240e+07 2.208646e+06 
1.599564e+02 3.274337e+07 2.076440e+06 
1.673843e+02 3.471202e+07 1.832641e+06 
1.623591e+02 3.223332e+07 2.076440e+06 
1.694422e+02 3.337206e+07 1.972618e+06 
1.627519e+02 3.392022e+07 1.972618e+06 
1.521215e+02 3.719773e+07 3.614149e+06 
1.588322e+02 3.283406e+07 2.610219e+06 
1.538764e+02 3.418339e+07 3.011791e+06 
1.585886e+02 3.281645e+07 2.610219e+06 
1.589037e+02 3.288520e+07 2.208646e+06 
1.525166e+02 3.456487e+07 3.212577e+06 
1.685105e+02 3.504801e+07 1.764974e+06 
1.645614e+02 3.383716e+07 1.972618e+06 
1.535584e+02 3.455410e+07 3.011791e+06 
1.656286e+02 3.551128e+07 1.868796e+06 
1.717509e+02 3.199292e+07 2.208646e+06 
1.673886e+02 3.524488e+07 1.764974e+06 
1.672201e+02 3.479047e+07 1.868796e+06 
1.594101e+02 3.276366e+07 2.610219e+06 
1.571120e+02 3.322945e+07 2.811005e+06 
1.624617e+02 3.227795e+07 2.076440e+06 
1.791835e+02 3.327065e+07 1.972618e+06 
1.615069e+02 3.475641e+07 1.972618e+06 
1.668837e+02 3.215135e+07 2.076440e+06 
1.520649e+02 3.607167e+07 3.614149e+06 
1.553704e+02 3.384779e+07 3.212577e+06 
1.629388e+02 3.401418e+07 1.972618e+06 
1.668792e+02 3.360619e+07 2.007860e+06 
1.666571e+02 3.580227e+07 1.807074e+06 
1.583059e+02 3.418314e+07 2.409432e+06 
1.657210e+02 3.499925e+07 1.868796e+06 
1.615512e+02 3.247321e+07 2.076440e+06 
1.538504e+02 3.405127e+07 3.212577e+06 
1.540515e+02 3.375954e+07 3.011791e+06 
1.580688e+02 3.300431e+07 2.610219e+06 
1.729288e+02 3.171693e+07 2.076440e+06 
1.598209e+02 3.258748e+07 2.208646e+06 
1.541703e+02 3.411529e+07 3.212577e+06 
1.564402e+02 3.352005e+07 2.811005e+06 
1.681796e+02 3.460339e+07 1.868796e+06 
1.537824e+02 3.426018e+07 3.212577e+06 
1.644932e+02 3.377334e+07 2.007860e+06 
1.619340e+02 3.225430e+07 2.076440e+06 
1.651844e+02 3.225160e+07 2.076440e+06 
1.554725e+02 3.336542e+07 2.610219e+06 
1.841001e+02 3.322769e+07 1.972618e+06 
1.537096e+02 3.448108e+07 3.212577e+06 
1.607530e+02 3.390802e+07 2.007860e+06 
1.618907e+02 3.231615e+07 2.076440e+06 
1.665813e+02 3.197854e+07 2.076440e+06 
1.675425e+02 3.492789e+07 1.764974e+06 
1.672560e+02 3.551346e+07 1.807074e+06 
1.582251e+02 3.283276e+07 2.076440e+06 
1.608551e+02 3.251057e+07 2.610219e+06 
1.687503e+02 3.208454e+07 2.076440e+06 
1.676132e+02 3.459333e+07 1.868796e+06 
1.741224e+02 3.187153e+07 2.076440e+06 
1.548002e+02 3.399506e+07 3.011791e+06 
1.555463e+02 3.365200e+07 2.811005e+06 
1.672884e+02 3.466146e+07 1.868796e+06 
1.576233e+02 3.299315e+07 2.811005e+06 
1.565311e+02 3.362384e+07 2.610219e+06 
1.529167e+02 3.448230e+07 3.212577e+06 
1.568488e+02 3.347142e+07 2.811005e+06 
1.677728e+02 3.350991e+07 1.972618e+06 
1.590367e+02 3.348993e+07 2.076440e+06 
1.648389e+02 3.222207e+07 2.076440e+06 
1.671225e+02 3.570042e+07 1.764974e+06 
1.602622e+02 3.256875e+07 2.610219e+06 
1.636688e+02 3.386292e+07 2.007860e+06 
1.698522e+02 3.327470e+07 1.972618e+06 
1.607207e+02 3.254671e+07 2.076440e+06 
1.802048e+02 3.311101e+07 1.972618e+06 
1.573551e+02 3.323653e+07 2.811005e+06 
1.538165e+02 3.407935e+07 3.011791e+06 
1.527774e+02 3.459943e+07 3.212577e+06 
1.688338e+02 3.442194e+07 1.868796e+06 
1.601242e+02 3.265721e+07 2.076440e+06 
1.659498e+02 3.499822e+07 1.868796e+06 

1.914579e+02 3.145181e+07 1.972618e+06 
1.623743e+02 3.447437e+07 1.868796e+06 
1.614510e+02 3.505816e+07 1.764974e+06 
1.679475e+02 3.300355e+07 1.868796e+06 
1.584372e+02 3.435513e+07 2.409432e+06 
1.691915e+02 3.158529e+07 2.076440e+06 
1.685036e+02 3.927764e+07 1.639732e+06 
1.700757e+02 3.284970e+07 1.868796e+06 
1.711554e+02 3.361197e+07 1.807074e+06 
1.631801e+02 3.459753e+07 1.764974e+06 
1.666823e+02 3.180953e+07 2.076440e+06 
1.780681e+02 3.108828e+07 2.076440e+06 
1.616657e+02 3.286962e+07 2.076440e+06 
1.605515e+02 3.417258e+07 2.208646e+06 
1.581990e+02 3.627498e+07 2.007860e+06 
1.683108e+02 3.159938e+07 2.076440e+06 
1.649988e+02 3.246085e+07 1.972618e+06 
1.635775e+02 3.221124e+07 2.159498e+06 
1.619681e+02 3.347596e+07 1.972618e+06 
1.597407e+02 3.476865e+07 1.868796e+06 
1.731596e+02 3.197847e+07 1.972618e+06 
1.617116e+02 3.366544e+07 1.972618e+06 
1.691414e+02 3.374345e+07 1.807074e+06 
1.705534e+02 3.372115e+07 1.807074e+06 
1.645629e+02 3.207110e+07 2.076440e+06 
1.664280e+02 3.182969e+07 2.076440e+06 
1.626035e+02 3.248011e+07 2.076440e+06 
1.707569e+02 3.819273e+07 1.639732e+06 
1.697408e+02 3.155104e+07 2.076440e+06 
1.630266e+02 3.231181e+07 2.076440e+06 
1.683400e+02 3.214619e+07 1.972618e+06 
1.605792e+02 3.318426e+07 2.208646e+06 
1.632974e+02 3.384669e+07 1.868796e+06 
1.583134e+02 3.577854e+07 2.811005e+06 
1.765781e+02 3.264769e+07 1.868796e+06 
1.635025e+02 3.451610e+07 1.764974e+06 
1.569628e+02 3.578758e+07 3.011791e+06 
1.770961e+02 3.222874e+07 1.868796e+06 
1.837904e+02 3.156513e+07 1.972618e+06 
1.674073e+02 3.307609e+07 1.868796e+06 
1.776883e+02 3.177365e+07 1.972618e+06 
1.606827e+02 3.645349e+07 1.764974e+06 
1.669304e+02 3.890545e+07 1.661152e+06 
1.605302e+02 3.345294e+07 2.409432e+06 
1.621073e+02 3.297980e+07 1.972618e+06 
1.603402e+02 3.406850e+07 2.409432e+06 
1.638044e+02 3.262082e+07 1.972618e+06 
1.608821e+02 3.286957e+07 2.208646e+06 
1.662934e+02 3.814202e+07 1.736186e+06 
1.803580e+02 3.173353e+07 1.972618e+06 
1.611255e+02 3.474730e+07 1.868796e+06 
1.806116e+02 3.165431e+07 1.972618e+06 
1.731047e+02 3.196569e+07 2.007860e+06 
1.580720e+02 3.698748e+07 2.208646e+06 
1.711641e+02 3.687274e+07 1.736186e+06 
1.618483e+02 3.453822e+07 1.868796e+06 
1.617368e+02 3.275827e+07 2.208646e+06 
1.653659e+02 3.191883e+07 2.076440e+06 
1.683151e+02 3.688668e+07 1.736186e+06 
1.597508e+02 3.407566e+07 2.409432e+06 
1.756538e+02 3.347112e+07 1.807074e+06 
1.758694e+02 3.176467e+07 2.007860e+06 
1.610335e+02 3.539666e+07 1.832641e+06 
1.778341e+02 3.176147e+07 1.972618e+06 
1.618635e+02 3.273084e+07 2.076440e+06 
1.735341e+02 3.657728e+07 1.736186e+06 
1.618906e+02 3.498448e+07 1.764974e+06 
1.668045e+02 3.236338e+07 1.972618e+06 
1.705257e+02 3.701342e+07 1.661152e+06 
1.603133e+02 3.423794e+07 2.208646e+06 
1.624588e+02 3.474238e+07 1.764974e+06 
1.759903e+02 3.279814e+07 1.868796e+06 
1.619625e+02 3.268314e+07 2.159498e+06 
1.638818e+02 3.445205e+07 1.764974e+06 
1.776665e+02 3.185930e+07 1.972618e+06 
1.710402e+02 3.816325e+07 1.639732e+06 
1.600044e+02 3.433090e+07 2.007860e+06 
1.608280e+02 3.360213e+07 2.007860e+06 
1.613171e+02 3.618526e+07 1.807074e+06 
1.614198e+02 3.335806e+07 2.055676e+06 
1.717233e+02 3.140391e+07 2.076440e+06 
1.747662e+02 3.117801e+07 2.076440e+06 
1.694467e+02 3.901369e+07 1.639732e+06 
1.666970e+02 3.334111e+07 1.868796e+06 
1.663476e+02 3.362975e+07 1.868796e+06 
1.629167e+02 3.231290e+07 2.076440e+06 
1.613390e+02 3.305236e+07 2.076440e+06 
1.636429e+02 3.213582e+07 2.076440e+06 
1.691675e+02 3.202818e+07 1.972618e+06 
1.821277e+02 3.160355e+07 1.972618e+06 
1.888493e+02 3.154936e+07 1.972618e+06 
1.577887e+02 3.709836e+07 2.409432e+06 
1.669876e+02 3.723161e+07 1.661152e+06 
1.678231e+02 3.227361e+07 1.972618e+06 
1.697555e+02 3.841551e+07 1.639732e+06 
1.658044e+02 3.188271e+07 2.076440e+06 
1.672817e+02 3.413354e+07 1.807074e+06 
1.652464e+02 3.194499e+07 2.076440e+06 
1.787336e+02 3.168724e+07 2.007860e+06 
1.746081e+02 3.194935e+07 2.007860e+06 

1.590840e+02 3.232396e+07 2.007860e+06 
1.587084e+02 3.371139e+07 1.764974e+06 
1.550258e+02 3.404693e+07 2.409432e+06 
1.621072e+02 3.500539e+07 1.661152e+06 
1.663864e+02 3.477444e+07 1.606288e+06 
1.715300e+02 3.448015e+07 1.606288e+06 
1.595795e+02 3.461172e+07 1.736186e+06 
1.557334e+02 3.316190e+07 2.409432e+06 
1.570292e+02 3.255355e+07 2.007860e+06 
1.742796e+02 3.412330e+07 1.606288e+06 
1.632967e+02 3.370699e+07 1.661152e+06 
1.624684e+02 3.244704e+07 1.764974e+06 
1.632031e+02 3.227622e+07 1.972618e+06 
1.550432e+02 3.354316e+07 2.610219e+06 
1.544838e+02 3.411694e+07 2.208646e+06 
1.605852e+02 3.234714e+07 1.868796e+06 
1.563705e+02 3.354769e+07 1.868796e+06 
1.546919e+02 3.434702e+07 2.811005e+06 
1.548238e+02 3.380267e+07 2.610219e+06 
1.567672e+02 3.250432e+07 1.868796e+06 
1.620679e+02 3.346172e+07 1.736186e+06 
1.561396e+02 3.301312e+07 2.409432e+06 
1.555395e+02 3.334348e+07 2.208646e+06 
1.641756e+02 3.211355e+07 1.764974e+06 
1.559969e+02 3.308021e+07 2.409432e+06 
1.620728e+02 3.320599e+07 1.736186e+06 
1.560605e+02 3.309776e+07 2.208646e+06 
1.552857e+02 3.336456e+07 2.208646e+06 
1.697830e+02 3.322882e+07 1.661152e+06 
1.668797e+02 3.502861e+07 1.606288e+06 
1.648160e+02 3.438064e+07 1.639732e+06 
1.591986e+02 3.257949e+07 1.764974e+06 
1.628292e+02 3.520908e+07 1.639732e+06 
1.553035e+02 3.347243e+07 2.007860e+06 
1.562315e+02 3.255133e+07 2.007860e+06 
1.613171e+02 3.230355e+07 1.972618e+06 
1.565575e+02 3.262496e+07 2.007860e+06 
1.605922e+02 3.342255e+07 1.736186e+06 
1.596259e+02 3.230958e+07 1.972618e+06 
1.625774e+02 3.449282e+07 1.639732e+06 
1.680229e+02 3.336914e+07 1.661152e+06 
1.571860e+02 3.290088e+07 1.807074e+06 
1.553326e+02 3.343683e+07 2.409432e+06 
1.636084e+02 3.418318e+07 1.661152e+06 
1.580024e+02 3.263578e+07 1.832641e+06 
1.616793e+02 3.220480e+07 1.868796e+06 
1.566650e+02 3.311809e+07 1.832641e+06 
1.631921e+02 3.389021e+07 1.661152e+06 
1.553867e+02 3.340796e+07 2.610219e+06 
1.574610e+02 3.242328e+07 1.972618e+06 
1.638371e+02 3.196657e+07 1.868796e+06 
1.597545e+02 3.238365e+07 1.868796e+06 
1.605215e+02 3.254260e+07 1.764974e+06 
1.548902e+02 3.347537e+07 2.610219e+06 
1.586482e+02 3.263479e+07 1.764974e+06 
1.569470e+02 3.320106e+07 1.832641e+06 
1.683982e+02 3.420762e+07 1.639732e+06 
1.545986e+02 3.459381e+07 2.409432e+06 
1.556981e+02 3.325070e+07 2.610219e+06 
1.555421e+02 3.379937e+07 2.007860e+06 
1.556905e+02 3.327960e+07 2.208646e+06 
1.593180e+02 3.261945e+07 1.764974e+06 
1.623270e+02 3.526417e+07 1.661152e+06 
1.746204e+02 3.333226e+07 1.661152e+06 
1.676383e+02 3.431571e+07 1.606288e+06 
1.562798e+02 3.300053e+07 2.409432e+06 
1.562068e+02 3.263594e+07 2.208646e+06 
1.540194e+02 3.386179e+07 2.610219e+06 
1.561351e+02 3.338853e+07 2.007860e+06 
1.550896e+02 3.431645e+07 2.208646e+06 
1.609311e+02 3.425316e+07 1.736186e+06 
1.549690e+02 3.354653e+07 2.610219e+06 
1.622689e+02 3.467719e+07 1.661152e+06 
1.662071e+02 3.364547e+07 1.661152e+06 
1.599334e+02 3.253646e+07 1.807074e+06 
1.556922e+02 3.351373e+07 2.007860e+06 
1.578090e+02 3.275010e+07 1.807074e+06 
1.550875e+02 3.399532e+07 2.409432e+06 
1.646006e+02 3.199493e+07 1.868796e+06 
1.574237e+02 3.299233e+07 1.807074e+06 
1.615928e+02 3.245834e+07 1.764974e+06 
1.544387e+02 3.349193e+07 2.610219e+06 
1.628951e+02 3.240957e+07 1.764974e+06 
1.590847e+02 3.263088e+07 1.807074e+06 
1.630661e+02 3.410172e+07 1.661152e+06 
1.571737e+02 3.291851e+07 1.807074e+06 
1.659679e+02 3.375653e+07 1.661152e+06 
1.551500e+02 3.392639e+07 2.409432e+06 
1.549686e+02 3.345858e+07 2.610219e+06 
1.648923e+02 3.187057e+07 1.972618e+06 
1.575773e+02 3.233932e+07 1.972618e+06 
1.552351e+02 3.302746e+07 2.409432e+06 
1.666262e+02 3.414499e+07 1.639732e+06 
1.638843e+02 3.221602e+07 1.868796e+06 
1.573192e+02 3.219430e+07 1.972618e+06 
1.574118e+02 3.249538e+07 2.007860e+06 
1.554201e+02 3.300313e+07 2.409432e+06 
1.647467e+02 3.370465e+07 1.661152e+06 
1.573100e+02 3.386755e+07 1.807074e+06 
1.641182e+02 3.244566e+07 1.764974e+06 

1.651201e+02 3.439192e+07 1.832641e+06 
1.624252e+02 3.175566e+07 2.076440e+06 
1.605064e+02 3.187908e+07 2.076440e+06 
1.826500e+02 3.775476e+07 1.639732e+06 
1.728566e+02 3.391461e+07 1.764974e+06 
1.619977e+02 3.334585e+07 1.868796e+06 
1.545536e+02 3.372233e+07 2.208646e+06 
1.693931e+02 3.433134e+07 1.764974e+06 
1.556345e+02 3.321958e+07 2.208646e+06 
1.688726e+02 3.445290e+07 1.764974e+06 
1.828733e+02 3.713513e+07 1.661152e+06 
1.710262e+02 3.891506e+07 1.736186e+06 
1.749027e+02 3.437376e+07 1.736186e+06 
1.638170e+02 3.171169e+07 1.972618e+06 
1.653079e+02 3.517775e+07 1.807074e+06 
1.724734e+02 3.828152e+07 1.736186e+06 
1.579916e+02 3.254103e+07 1.972618e+06 
1.633055e+02 3.242986e+07 1.868796e+06 
1.638345e+02 3.549807e+07 1.832641e+06 
1.552099e+02 3.354921e+07 2.610219e+06 
1.572977e+02 3.255086e+07 2.007860e+06 
1.587714e+02 3.428958e+07 1.868796e+06 
1.582500e+02 3.395805e+07 1.868796e+06 
1.637484e+02 3.157987e+07 2.076440e+06 
1.732086e+02 3.445866e+07 1.736186e+06 
1.575830e+02 3.221752e+07 2.007860e+06 
1.757355e+02 3.385240e+07 1.764974e+06 
1.694276e+02 3.214018e+07 1.868796e+06 
1.537026e+02 3.404128e+07 2.811005e+06 
1.625408e+02 3.165674e+07 1.972618e+06 
1.577147e+02 3.234187e+07 2.007860e+06 
1.571621e+02 3.278986e+07 2.208646e+06 
1.662496e+02 3.498045e+07 1.764974e+06 
1.548369e+02 3.350799e+07 2.409432e+06 
1.729629e+02 3.352175e+07 1.832641e+06 
1.564076e+02 3.321569e+07 2.208646e+06 
1.585540e+02 3.212974e+07 1.972618e+06 
1.607834e+02 3.358608e+07 1.868796e+06 
1.531157e+02 3.437727e+07 2.610219e+06 
1.655167e+02 3.317255e+07 1.868796e+06 
1.587119e+02 3.362167e+07 1.868796e+06 
1.749952e+02 3.346383e+07 1.764974e+06 
1.582193e+02 3.222147e+07 1.972618e+06 
1.575961e+02 3.305376e+07 1.972618e+06 
1.591678e+02 3.195605e+07 1.972618e+06 
1.662669e+02 3.448280e+07 1.807074e+06 
1.555155e+02 3.324369e+07 2.076440e+06 
1.741142e+02 3.461526e+07 1.736186e+06 
1.641157e+02 3.167288e+07 2.076440e+06 
1.657124e+02 3.162289e+07 2.076440e+06 
1.572292e+02 3.271244e+07 2.076440e+06 
1.602436e+02 3.173738e+07 1.972618e+06 
1.595913e+02 3.194104e+07 1.972618e+06 
1.750246e+02 3.954284e+07 1.639732e+06 
1.680151e+02 3.412837e+07 1.832641e+06 
1.534230e+02 3.458990e+07 2.610219e+06 
1.663970e+02 3.131347e+07 1.972618e+06 
1.607772e+02 3.173077e+07 1.972618e+06 
1.561057e+02 3.287833e+07 2.007860e+06 
1.691207e+02 3.436373e+07 1.764974e+06 
1.695860e+02 3.416083e+07 1.807074e+06 
1.756965e+02 3.953289e+07 1.639732e+06 
1.554651e+02 3.347673e+07 2.409432e+06 
1.762739e+02 4.010113e+07 1.639732e+06 
1.704367e+02 3.137339e+07 2.076440e+06 
1.733773e+02 3.374068e+07 1.764974e+06 
1.670445e+02 3.213060e+07 1.868796e+06 
1.678810e+02 3.436438e+07 1.807074e+06 
1.808388e+02 3.735269e+07 1.661152e+06 
1.779350e+02 3.323920e+07 1.764974e+06 
1.736426e+02 3.435779e+07 1.736186e+06 
1.573519e+02 3.258109e+07 2.076440e+06 
1.573028e+02 3.280458e+07 2.076440e+06 
1.578502e+02 3.304303e+07 1.972618e+06 
1.630095e+02 3.304841e+07 1.868796e+06 
1.740948e+02 3.356507e+07 1.807074e+06 
1.796888e+02 3.772724e+07 1.639732e+06 
1.593682e+02 3.192794e+07 2.007860e+06 
1.715473e+02 3.378498e+07 1.764974e+06 
1.812939e+02 3.713823e+07 1.661152e+06 
1.688419e+02 3.405939e+07 1.832641e+06 
1.682871e+02 3.457609e+07 1.764974e+06 
1.661390e+02 3.481286e+07 1.764974e+06 
1.770636e+02 3.742727e+07 1.661152e+06 
1.741564e+02 3.132740e+07 1.972618e+06 
1.731064e+02 3.782967e+07 1.661152e+06 
1.812185e+02 3.740024e+07 1.661152e+06 
1.807305e+02 3.356532e+07 1.807074e+06 
1.645287e+02 3.545418e+07 1.807074e+06 
1.544070e+02 3.362587e+07 2.208646e+06 
1.661091e+02 3.530332e+07 1.764974e+06 
1.580488e+02 3.245122e+07 1.972618e+06 
1.599053e+02 3.178819e+07 1.972618e+06 
1.597649e+02 3.191266e+07 1.972618e+06 
1.537482e+02 3.437014e+07 2.811005e+06 
1.744764e+02 3.831565e+07 1.661152e+06 
1.643821e+02 3.461785e+07 1.832641e+06 
1.677718e+02 3.480061e+07 1.764974e+06 
1.594739e+02 3.207797e+07 2.076440e+06 
1.685150e+02 3.144367e+07 2.076440e+06 

1.686478e+02 3.559573e+07 1.832641e+06 
1.589244e+02 3.388536e+07 2.076440e+06 
1.571987e+02 3.489004e+07 2.811005e+06 
1.639003e+02 3.350706e+07 1.868796e+06 
1.617263e+02 3.281169e+07 2.076440e+06 
1.619761e+02 3.279221e+07 1.972618e+06 
1.710718e+02 3.519677e+07 1.764974e+06 
1.624601e+02 3.235835e+07 2.076440e+06 
1.684823e+02 3.605502e+07 1.764974e+06 
1.682358e+02 3.595883e+07 1.807074e+06 
1.574523e+02 3.520924e+07 3.011791e+06 
1.578433e+02 3.527600e+07 2.610219e+06 
1.701595e+02 3.247347e+07 2.076440e+06 
1.551752e+02 3.702693e+07 3.413363e+06 
1.729838e+02 3.250807e+07 1.972618e+06 
1.597696e+02 3.318876e+07 2.007860e+06 
1.605226e+02 3.301899e+07 1.972618e+06 
1.589688e+02 3.344626e+07 2.076440e+06 
1.887589e+02 3.678540e+07 1.736186e+06 
1.566740e+02 3.675180e+07 3.212577e+06 
1.926318e+02 3.711295e+07 1.736186e+06 
1.711297e+02 3.486896e+07 1.832641e+06 
1.785975e+02 3.288572e+07 1.868796e+06 
1.681298e+02 3.576268e+07 1.832641e+06 
1.747348e+02 3.245748e+07 1.972618e+06 
1.559451e+02 3.727102e+07 3.212577e+06 
1.668580e+02 3.260675e+07 2.076440e+06 
1.684835e+02 3.563047e+07 1.807074e+06 
1.629916e+02 3.278754e+07 2.076440e+06 
1.645374e+02 3.261681e+07 1.972618e+06 
1.581983e+02 3.422820e+07 2.208646e+06 
1.622066e+02 3.374757e+07 1.868796e+06 
1.591965e+02 3.348310e+07 2.055676e+06 
1.805238e+02 3.775970e+07 1.736186e+06 
1.732144e+02 3.504290e+07 1.807074e+06 
1.694407e+02 3.256406e+07 1.972618e+06 
1.638640e+02 3.263935e+07 2.076440e+06 
1.551820e+02 3.721293e+07 3.413363e+06 
1.731998e+02 3.488076e+07 1.832641e+06 
1.650839e+02 3.335323e+07 1.868796e+06 
1.768413e+02 3.226695e+07 1.972618e+06 
1.578680e+02 3.459668e+07 2.610219e+06 
1.652079e+02 3.604672e+07 1.832641e+06 
1.564089e+02 3.654911e+07 3.413363e+06 
1.687582e+02 3.488767e+07 1.832641e+06 
1.700293e+02 3.539893e+07 1.764974e+06 
1.717379e+02 3.504020e+07 1.764974e+06 
1.609590e+02 3.287223e+07 2.076440e+06 
1.581539e+02 3.395416e+07 2.409432e+06 
1.604658e+02 3.298658e+07 2.076440e+06 
1.602625e+02 3.311091e+07 1.972618e+06 
1.683080e+02 3.668248e+07 1.764974e+06 
1.710929e+02 3.488457e+07 1.832641e+06 
1.549229e+02 3.760158e+07 3.413363e+06 
1.633650e+02 3.365081e+07 1.868796e+06 
1.656239e+02 3.233922e+07 2.076440e+06 
1.665379e+02 3.324877e+07 1.868796e+06 
1.634273e+02 3.360706e+07 1.868796e+06 
1.616791e+02 3.430602e+07 1.868796e+06 
1.875793e+02 3.720891e+07 1.736186e+06 
1.670537e+02 3.576721e+07 1.832641e+06 
1.578008e+02 3.635806e+07 2.610219e+06 
1.612828e+02 3.419842e+07 1.868796e+06 
1.731741e+02 3.301578e+07 1.868796e+06 
1.707507e+02 3.525814e+07 1.764974e+06 
1.594684e+02 3.330155e+07 2.007860e+06 
1.601398e+02 3.306037e+07 2.076440e+06 
1.715620e+02 3.525671e+07 1.764974e+06 
1.694196e+02 3.227679e+07 2.076440e+06 
1.723885e+02 3.229901e+07 2.007860e+06 
1.800921e+02 3.242324e+07 1.972618e+06 
1.585612e+02 3.345464e+07 2.208646e+06 
1.561381e+02 3.676930e+07 3.413363e+06 
1.685563e+02 3.570088e+07 1.764974e+06 
1.602064e+02 3.364949e+07 2.007860e+06 
1.594113e+02 3.342651e+07 2.076440e+06 
1.671944e+02 3.617879e+07 1.807074e+06 
1.612677e+02 3.285967e+07 2.076440e+06 
1.559793e+02 3.708750e+07 3.212577e+06 
1.827891e+02 3.778789e+07 1.736186e+06 
1.739470e+02 3.242503e+07 1.972618e+06 
1.586500e+02 3.358471e+07 2.208646e+06 
1.578517e+02 3.478123e+07 2.811005e+06 
1.857717e+02 3.314607e+07 1.868796e+06 
1.617670e+02 3.386074e+07 1.868796e+06 
1.687546e+02 3.584631e+07 1.764974e+06 
1.600887e+02 3.315847e+07 2.076440e+06 
1.565283e+02 3.634131e+07 3.212577e+06 
1.687218e+02 3.540002e+07 1.807074e+06 
1.802333e+02 3.822290e+07 1.736186e+06 
1.801223e+02 3.851257e+07 1.736186e+06 
1.590098e+02 3.330455e+07 2.208646e+06 
1.579650e+02 3.387784e+07 2.409432e+06 
1.617362e+02 3.287828e+07 1.972618e+06 
1.594920e+02 3.334984e+07 2.076440e+06 
1.808182e+02 3.224425e+07 1.972618e+06 
1.772086e+02 3.236540e+07 2.076440e+06 
1.830173e+02 3.228187e+07 2.076440e+06 
1.605038e+02 3.287151e+07 2.007860e+06 
1.595836e+02 3.328412e+07 1.972618e+06 

1.589598e+02 3.506471e+07 1.807074e+06 
1.590537e+02 3.249281e+07 1.972618e+06 
1.548597e+02 3.311439e+07 2.076440e+06 
1.530249e+02 3.410157e+07 2.208646e+06 
1.583677e+02 3.341348e+07 1.868796e+06 
1.678659e+02 3.213047e+07 1.972618e+06 
1.675583e+02 3.583417e+07 1.661152e+06 
1.711638e+02 3.874727e+07 1.639732e+06 
1.546177e+02 3.330760e+07 2.076440e+06 
1.647462e+02 3.986513e+07 1.639732e+06 
1.531000e+02 3.396966e+07 2.409432e+06 
1.541257e+02 3.338266e+07 2.208646e+06 
1.654367e+02 3.212935e+07 1.972618e+06 
1.715862e+02 3.940266e+07 1.606288e+06 
1.645882e+02 3.294447e+07 1.868796e+06 
1.539271e+02 3.334563e+07 2.007860e+06 
1.575118e+02 3.390902e+07 1.868796e+06 
1.634676e+02 3.839563e+07 1.661152e+06 
1.655694e+02 4.051753e+07 1.606288e+06 
1.653005e+02 3.620360e+07 1.736186e+06 
1.724454e+02 3.548965e+07 1.661152e+06 
1.617288e+02 3.680484e+07 1.661152e+06 
1.666295e+02 3.978298e+07 1.606288e+06 
1.684338e+02 3.696354e+07 1.639732e+06 
1.541899e+02 3.326142e+07 2.208646e+06 
1.580583e+02 3.364381e+07 1.868796e+06 
1.794480e+02 3.693168e+07 1.639732e+06 
1.648964e+02 3.773021e+07 1.639732e+06 
1.535621e+02 3.353979e+07 2.208646e+06 
1.592646e+02 3.345964e+07 1.868796e+06 
1.685921e+02 3.586901e+07 1.661152e+06 
1.578637e+02 3.373960e+07 1.868796e+06 
1.645916e+02 3.997694e+07 1.606288e+06 
1.717411e+02 3.716579e+07 1.639732e+06 
1.748761e+02 3.437678e+07 1.807074e+06 
1.536618e+02 3.384589e+07 2.007860e+06 
1.594489e+02 3.226630e+07 1.972618e+06 
1.677685e+02 3.578214e+07 1.661152e+06 
1.819502e+02 3.435754e+07 1.764974e+06 
1.702370e+02 3.571817e+07 1.661152e+06 
1.746566e+02 3.842451e+07 1.606288e+06 
1.692890e+02 3.548747e+07 1.661152e+06 
1.614063e+02 3.443200e+07 1.764974e+06 
1.532767e+02 3.382541e+07 2.007860e+06 
1.639171e+02 3.325127e+07 1.868796e+06 
1.580653e+02 3.259226e+07 1.972618e+06 
1.647582e+02 3.696467e+07 1.661152e+06 
1.673520e+02 3.568354e+07 1.736186e+06 
1.535832e+02 3.350417e+07 2.076440e+06 
1.576855e+02 3.443255e+07 1.868796e+06 
1.560429e+02 3.275225e+07 2.076440e+06 
1.648805e+02 3.659615e+07 1.661152e+06 
1.610930e+02 3.338988e+07 1.868796e+06 
1.529566e+02 3.376395e+07 2.208646e+06 
1.532078e+02 3.349484e+07 2.208646e+06 
1.645159e+02 4.032682e+07 1.639732e+06 
1.719512e+02 3.868590e+07 1.606288e+06 
1.650395e+02 3.219954e+07 1.972618e+06 
1.587281e+02 3.257849e+07 1.972618e+06 
1.625609e+02 4.030460e+07 1.606288e+06 
1.582865e+02 3.266550e+07 1.972618e+06 
1.679614e+02 3.563927e+07 1.736186e+06 
1.597424e+02 3.433584e+07 1.764974e+06 
1.649138e+02 3.620731e+07 1.661152e+06 
1.633861e+02 3.626976e+07 1.736186e+06 
1.601983e+02 3.479750e+07 1.807074e+06 
1.543862e+02 3.295339e+07 2.007860e+06 
1.662372e+02 3.616229e+07 1.661152e+06 
1.608416e+02 3.226538e+07 1.972618e+06 
1.527018e+02 3.562773e+07 2.811005e+06 
1.675448e+02 3.600680e+07 1.661152e+06 
1.659876e+02 3.295923e+07 1.868796e+06 
1.570629e+02 3.265344e+07 1.972618e+06 
1.606182e+02 3.490410e+07 1.764974e+06 
1.569741e+02 3.339240e+07 1.972618e+06 
1.673985e+02 3.197120e+07 1.972618e+06 
1.580301e+02 3.262777e+07 1.972618e+06 
1.572027e+02 3.273862e+07 1.972618e+06 
1.689675e+02 3.429410e+07 1.807074e+06 
1.634598e+02 3.679525e+07 1.661152e+06 
1.644576e+02 3.223186e+07 1.972618e+06 
1.716811e+02 3.928913e+07 1.606288e+06 
1.561322e+02 3.330014e+07 1.972618e+06 
1.594623e+02 3.506381e+07 1.807074e+06 
1.595436e+02 3.233333e+07 1.972618e+06 
1.646228e+02 3.591901e+07 1.736186e+06 
1.669342e+02 3.613830e+07 1.661152e+06 
1.585438e+02 3.253729e+07 1.972618e+06 
1.567532e+02 3.287322e+07 1.972618e+06 
1.573359e+02 3.263305e+07 1.972618e+06 
1.553611e+02 3.259659e+07 2.076440e+06 
1.618754e+02 3.221344e+07 1.972618e+06 
1.555641e+02 3.351980e+07 2.007860e+06 
1.543664e+02 3.316542e+07 2.076440e+06 
1.727365e+02 3.829257e+07 1.606288e+06 
1.607269e+02 3.309626e+07 1.868796e+06 
1.677906e+02 3.605410e+07 1.661152e+06 
1.640824e+02 3.645155e+07 1.661152e+06 
1.622166e+02 3.217801e+07 1.972618e+06 
1.557643e+02 3.373940e+07 1.972618e+06 

1.814074e+02 3.540607e+07 1.661152e+06 
1.632095e+02 3.406767e+07 2.007860e+06 
1.704746e+02 3.284970e+07 1.868796e+06 
1.631761e+02 3.392103e+07 2.076440e+06 
1.764029e+02 3.256877e+07 1.868796e+06 
1.626402e+02 3.410984e+07 1.868796e+06 
1.787273e+02 3.535241e+07 1.661152e+06 
1.585251e+02 3.432507e+07 2.610219e+06 
1.681773e+02 3.534558e+07 1.736186e+06 
1.606209e+02 3.434875e+07 2.208646e+06 
1.667129e+02 3.525936e+07 1.807074e+06 
1.595549e+02 3.453484e+07 2.610219e+06 
1.593492e+02 4.223886e+07 2.409432e+06 
1.898644e+02 3.466240e+07 1.661152e+06 
1.630660e+02 3.456383e+07 1.832641e+06 
1.619242e+02 3.425672e+07 2.208646e+06 
1.613456e+02 3.430380e+07 1.972618e+06 
1.639009e+02 3.442317e+07 1.832641e+06 
1.727294e+02 3.339777e+07 1.764974e+06 
1.635564e+02 3.395441e+07 1.868796e+06 
1.634820e+02 3.394292e+07 2.007860e+06 
1.778680e+02 3.250966e+07 2.076440e+06 
1.683025e+02 3.310748e+07 1.832641e+06 
1.609730e+02 3.423322e+07 2.208646e+06 
1.589409e+02 3.554655e+07 2.409432e+06 
1.891534e+02 3.492478e+07 1.661152e+06 
1.642164e+02 3.440922e+07 1.832641e+06 
1.851113e+02 3.232192e+07 2.076440e+06 
1.693210e+02 3.286654e+07 2.076440e+06 
1.942272e+02 3.221822e+07 2.076440e+06 
1.811552e+02 3.250306e+07 2.076440e+06 
1.752110e+02 3.260414e+07 1.868796e+06 
1.622597e+02 3.478784e+07 1.832641e+06 
1.625609e+02 3.408080e+07 1.972618e+06 
1.602980e+02 3.454602e+07 2.409432e+06 
1.633115e+02 3.363302e+07 2.076440e+06 
1.630146e+02 3.392830e+07 2.208646e+06 
1.575458e+02 3.546332e+07 2.610219e+06 
1.629096e+02 3.403132e+07 1.972618e+06 
1.891114e+02 3.489954e+07 1.661152e+06 
1.665451e+02 3.455273e+07 1.764974e+06 
1.665439e+02 3.292080e+07 1.868796e+06 
1.673367e+02 3.398364e+07 1.764974e+06 
1.635693e+02 3.364284e+07 2.159498e+06 
1.755011e+02 3.484635e+07 1.736186e+06 
1.635098e+02 3.395746e+07 1.972618e+06 
1.623811e+02 3.414016e+07 1.972618e+06 
1.702662e+02 3.364216e+07 1.764974e+06 
1.666700e+02 3.446153e+07 1.764974e+06 
1.592339e+02 4.202863e+07 2.208646e+06 
1.596658e+02 3.459120e+07 2.409432e+06 
1.787067e+02 3.243620e+07 2.076440e+06 
1.600620e+02 4.297969e+07 2.208646e+06 
1.642233e+02 3.377781e+07 1.832641e+06 
1.688127e+02 3.586136e+07 1.736186e+06 
1.601337e+02 4.201966e+07 2.208646e+06 
1.855964e+02 3.515984e+07 1.661152e+06 
1.714566e+02 3.347583e+07 1.764974e+06 
1.633208e+02 3.445130e+07 1.832641e+06 
1.578297e+02 3.528982e+07 2.610219e+06 
1.634597e+02 3.399299e+07 1.972618e+06 
1.845625e+02 3.467302e+07 1.736186e+06 
1.677926e+02 3.400265e+07 1.764974e+06 
1.748044e+02 3.522265e+07 1.736186e+06 
1.717901e+02 3.348232e+07 1.832641e+06 
1.681492e+02 3.382077e+07 1.764974e+06 
1.642128e+02 3.309585e+07 1.868796e+06 
1.736070e+02 3.264098e+07 1.868796e+06 
1.672630e+02 3.516418e+07 1.764974e+06 
1.682951e+02 3.369683e+07 1.832641e+06 
1.579836e+02 3.524670e+07 2.811005e+06 
1.613717e+02 3.469006e+07 1.972618e+06 
1.655610e+02 3.480397e+07 1.807074e+06 
1.631371e+02 3.399566e+07 2.076440e+06 
1.623898e+02 3.404502e+07 1.972618e+06 
1.639745e+02 3.358881e+07 2.076440e+06 
1.687153e+02 3.529235e+07 1.736186e+06 
1.600479e+02 3.531186e+07 2.409432e+06 
1.647672e+02 3.497933e+07 1.764974e+06 
1.716955e+02 3.272693e+07 1.868796e+06 
1.623395e+02 3.409713e+07 1.972618e+06 
1.577452e+02 3.500210e+07 2.610219e+06 
1.645335e+02 3.297000e+07 1.868796e+06 
1.592566e+02 3.461302e+07 2.610219e+06 
1.620647e+02 3.416967e+07 1.972618e+06 
1.826956e+02 3.503184e+07 1.661152e+06 
1.630946e+02 3.448209e+07 1.832641e+06 
1.806197e+02 3.184757e+07 2.076440e+06 
1.586467e+02 3.490995e+07 2.610219e+06 
1.697271e+02 3.369239e+07 1.764974e+06 
1.664373e+02 3.259315e+07 1.868796e+06 
1.778214e+02 3.244508e+07 2.076440e+06 
1.641178e+02 3.292284e+07 1.868796e+06 
1.789626e+02 3.352619e+07 1.764974e+06 
1.792665e+02 3.464662e+07 1.736186e+06 
1.629504e+02 3.467083e+07 1.832641e+06 
1.636232e+02 3.305675e+07 1.868796e+06 
1.618644e+02 3.471760e+07 1.832641e+06 
1.707989e+02 3.246036e+07 1.868796e+06 
1.616343e+02 3.434147e+07 2.159498e+06 

1.538240e+02 3.495339e+07 3.212577e+06 
1.606784e+02 3.276647e+07 2.409432e+06 
1.703294e+02 3.271220e+07 1.972618e+06 
1.623958e+02 3.242717e+07 2.208646e+06 
1.708464e+02 3.247221e+07 2.076440e+06 
1.827932e+02 3.177797e+07 2.208646e+06 
1.562626e+02 3.405366e+07 3.011791e+06 
1.642351e+02 3.297048e+07 2.007860e+06 
1.612349e+02 3.262998e+07 2.208646e+06 
1.606012e+02 3.280580e+07 2.208646e+06 
1.793621e+02 3.436237e+07 1.832641e+06 
1.594498e+02 3.301204e+07 2.208646e+06 
1.657439e+02 3.310710e+07 1.972618e+06 
1.539538e+02 3.484372e+07 3.212577e+06 
1.528478e+02 3.463519e+07 3.212577e+06 
1.547715e+02 3.477108e+07 3.011791e+06 
1.622728e+02 3.330472e+07 2.007860e+06 
1.831453e+02 3.170537e+07 2.208646e+06 
1.648827e+02 3.305939e+07 2.007860e+06 
1.671792e+02 3.249384e+07 1.972618e+06 
1.537587e+02 3.489885e+07 3.011791e+06 
1.664381e+02 3.438379e+07 1.868796e+06 
1.862890e+02 3.181498e+07 2.208646e+06 
1.670400e+02 3.372551e+07 1.868796e+06 
1.689093e+02 3.490650e+07 1.832641e+06 
1.685812e+02 3.191639e+07 2.208646e+06 
1.576933e+02 3.366899e+07 2.610219e+06 
1.770537e+02 3.245315e+07 2.076440e+06 
1.772024e+02 3.225234e+07 2.076440e+06 
1.720814e+02 3.348187e+07 1.868796e+06 
1.720029e+02 3.466177e+07 1.832641e+06 
1.562025e+02 3.441237e+07 3.011791e+06 
1.541417e+02 3.523500e+07 3.011791e+06 
1.619484e+02 3.381422e+07 2.076440e+06 
1.669156e+02 3.470343e+07 1.832641e+06 
1.562428e+02 3.443918e+07 2.811005e+06 
1.563701e+02 3.431847e+07 2.610219e+06 
1.593922e+02 3.278104e+07 2.409432e+06 
1.596227e+02 3.333565e+07 2.208646e+06 
1.731721e+02 3.195594e+07 2.208646e+06 
1.544802e+02 3.486607e+07 3.011791e+06 
1.628180e+02 3.315802e+07 2.076440e+06 
1.612024e+02 3.274636e+07 2.208646e+06 
1.766764e+02 3.321840e+07 1.868796e+06 
1.558621e+02 3.474486e+07 3.011791e+06 
1.633014e+02 3.316563e+07 2.007860e+06 
1.608467e+02 3.260583e+07 2.409432e+06 
1.722590e+02 3.489683e+07 1.807074e+06 
1.559323e+02 3.471083e+07 2.811005e+06 
1.659519e+02 3.373464e+07 1.868796e+06 
1.559782e+02 3.432779e+07 3.212577e+06 
1.587998e+02 3.304691e+07 2.409432e+06 
1.691678e+02 3.384467e+07 1.868796e+06 
1.756285e+02 3.291871e+07 1.868796e+06 
1.661436e+02 3.295954e+07 1.972618e+06 
1.560645e+02 3.449061e+07 3.011791e+06 
1.562668e+02 3.387657e+07 2.811005e+06 
1.714170e+02 3.479073e+07 1.807074e+06 
1.631703e+02 3.232353e+07 2.208646e+06 
1.556877e+02 3.475158e+07 3.011791e+06 
1.628054e+02 3.329002e+07 2.076440e+06 
1.737286e+02 3.235600e+07 2.076440e+06 
1.587228e+02 3.326662e+07 2.409432e+06 
1.573604e+02 3.399947e+07 2.409432e+06 
1.807054e+02 3.180181e+07 2.208646e+06 
1.656330e+02 3.289610e+07 2.076440e+06 
1.666916e+02 3.194210e+07 2.208646e+06 
1.689310e+02 3.254069e+07 2.076440e+06 
1.569943e+02 3.385200e+07 2.409432e+06 
1.586888e+02 3.273896e+07 2.409432e+06 
1.637939e+02 3.214293e+07 2.208646e+06 
1.682927e+02 3.350035e+07 1.868796e+06 
1.590524e+02 3.303301e+07 2.208646e+06 
1.612753e+02 3.250548e+07 2.409432e+06 
1.619482e+02 3.406116e+07 2.076440e+06 
1.566081e+02 3.463436e+07 3.011791e+06 
1.622334e+02 3.241593e+07 2.208646e+06 
1.735732e+02 3.246622e+07 2.076440e+06 
1.589726e+02 3.385857e+07 2.208646e+06 
1.739591e+02 3.457812e+07 1.832641e+06 
1.645441e+02 3.339865e+07 1.972618e+06 
1.714399e+02 3.201957e+07 2.208646e+06 
1.625450e+02 3.431840e+07 2.159498e+06 
1.657770e+02 3.219803e+07 2.208646e+06 
1.815373e+02 3.183103e+07 2.208646e+06 
1.584801e+02 3.339292e+07 2.409432e+06 
1.621978e+02 3.348740e+07 2.076440e+06 
1.761270e+02 3.462880e+07 1.832641e+06 
1.621727e+02 3.249295e+07 2.208646e+06 
1.640284e+02 3.312161e+07 1.972618e+06 
1.626424e+02 3.394625e+07 2.007860e+06 
1.578799e+02 3.324767e+07 2.610219e+06 
1.742518e+02 3.256793e+07 1.972618e+06 
1.584073e+02 3.372977e+07 2.409432e+06 
1.585035e+02 3.331375e+07 2.610219e+06 
1.585015e+02 3.326186e+07 2.409432e+06 
1.568639e+02 3.391151e+07 2.811005e+06 
1.578801e+02 3.348333e+07 2.610219e+06 
1.659396e+02 3.281513e+07 2.076440e+06 
1.666535e+02 3.524926e+07 1.832641e+06 

1.612808e+02 3.277278e+07 1.868796e+06 
1.762107e+02 3.366940e+07 1.807074e+06 
1.668201e+02 3.159181e+07 1.868796e+06 
1.619547e+02 3.252595e+07 1.868796e+06 
1.632748e+02 3.176646e+07 1.972618e+06 
1.581769e+02 3.284912e+07 2.409432e+06 
1.560663e+02 3.408996e+07 2.610219e+06 
1.632242e+02 3.181103e+07 1.972618e+06 
1.660026e+02 3.152944e+07 1.972618e+06 
1.650855e+02 3.152400e+07 1.972618e+06 
1.631706e+02 3.185737e+07 1.972618e+06 
1.641783e+02 3.201398e+07 1.868796e+06 
1.650944e+02 3.436905e+07 1.807074e+06 
1.649314e+02 3.165109e+07 1.868796e+06 
1.597372e+02 3.205705e+07 1.972618e+06 
1.656613e+02 3.388460e+07 1.832641e+06 
1.704968e+02 3.131525e+07 1.972618e+06 
1.637399e+02 3.498458e+07 1.832641e+06 
1.587150e+02 3.254451e+07 2.208646e+06 
1.646580e+02 3.153886e+07 1.972618e+06 
1.586181e+02 3.228230e+07 2.007860e+06 
1.549721e+02 3.507865e+07 2.811005e+06 
1.651761e+02 3.155615e+07 1.972618e+06 
1.686159e+02 3.125530e+07 1.972618e+06 
1.702015e+02 3.132478e+07 1.972618e+06 
1.558365e+02 3.481881e+07 2.610219e+06 
1.702874e+02 3.450435e+07 1.764974e+06 
1.583713e+02 3.278970e+07 2.208646e+06 
1.624575e+02 3.189157e+07 1.972618e+06 
1.667125e+02 3.431799e+07 1.807074e+06 
1.662948e+02 3.388932e+07 1.832641e+06 
1.572604e+02 3.275981e+07 2.409432e+06 
1.614962e+02 3.200756e+07 1.972618e+06 
1.675882e+02 3.400245e+07 1.807074e+06 
1.557890e+02 3.414319e+07 2.409432e+06 
1.554339e+02 3.449446e+07 2.610219e+06 
1.745997e+02 3.380241e+07 1.764974e+06 
1.537862e+02 3.556916e+07 3.212577e+06 
1.723468e+02 3.372038e+07 1.764974e+06 
1.591001e+02 3.247612e+07 2.007860e+06 
1.553906e+02 3.481315e+07 2.811005e+06 
1.633937e+02 3.227328e+07 1.868796e+06 
1.733858e+02 3.354831e+07 1.807074e+06 
1.556019e+02 3.505790e+07 2.811005e+06 
1.583633e+02 3.270844e+07 2.409432e+06 
1.705228e+02 3.123969e+07 1.972618e+06 
1.565454e+02 3.365785e+07 2.208646e+06 
1.637764e+02 3.155610e+07 1.972618e+06 
1.653812e+02 3.154414e+07 1.972618e+06 
1.561545e+02 3.323086e+07 2.409432e+06 
1.727078e+02 3.363262e+07 1.832641e+06 
1.601515e+02 3.296699e+07 1.868796e+06 
1.643980e+02 3.458543e+07 1.832641e+06 
1.591356e+02 3.231863e+07 2.007860e+06 
1.537225e+02 3.589222e+07 3.011791e+06 
1.566780e+02 3.348595e+07 2.409432e+06 
1.539647e+02 3.504389e+07 2.811005e+06 
1.558004e+02 3.368649e+07 2.610219e+06 
1.605506e+02 3.292299e+07 1.868796e+06 
1.724822e+02 3.421457e+07 1.764974e+06 
1.656952e+02 3.138539e+07 1.972618e+06 
1.621493e+02 3.266533e+07 1.868796e+06 
1.567960e+02 3.315496e+07 2.208646e+06 
1.639108e+02 3.163080e+07 1.972618e+06 
1.564292e+02 3.432519e+07 2.208646e+06 
1.577453e+02 3.301703e+07 2.409432e+06 
1.559954e+02 3.434471e+07 2.409432e+06 
1.560096e+02 3.360799e+07 2.409432e+06 
1.563799e+02 3.294471e+07 2.208646e+06 
1.644944e+02 3.161924e+07 1.868796e+06 
1.668938e+02 3.459570e+07 1.807074e+06 
1.641553e+02 3.156334e+07 1.972618e+06 
1.617758e+02 3.197499e+07 1.972618e+06 
1.679890e+02 3.413961e+07 1.807074e+06 
1.696338e+02 3.153247e+07 1.972618e+06 
1.600469e+02 3.375541e+07 1.868796e+06 
1.629670e+02 3.218198e+07 1.868796e+06 
1.615403e+02 3.180906e+07 1.972618e+06 
1.642085e+02 3.156182e+07 1.972618e+06 
1.540991e+02 3.542551e+07 2.811005e+06 
1.633718e+02 3.481102e+07 1.832641e+06 
1.562995e+02 3.397784e+07 2.208646e+06 
1.695600e+02 3.384380e+07 1.832641e+06 
1.558204e+02 3.511567e+07 2.610219e+06 
1.605716e+02 3.297409e+07 1.868796e+06 
1.663622e+02 3.141359e+07 1.972618e+06 
1.536431e+02 3.566369e+07 3.011791e+06 
1.555629e+02 3.379403e+07 2.610219e+06 
1.719950e+02 3.130928e+07 1.972618e+06 
1.680592e+02 3.149305e+07 1.868796e+06 
1.696484e+02 3.152002e+07 1.868796e+06 
1.594077e+02 3.185375e+07 1.972618e+06 
1.725519e+02 3.147540e+07 1.868796e+06 
1.562203e+02 3.380146e+07 2.610219e+06 
1.655236e+02 3.153057e+07 1.972618e+06 
1.782777e+02 3.458506e+07 1.807074e+06 
1.600254e+02 3.419779e+07 1.868796e+06 
1.586669e+02 3.259013e+07 2.007860e+06 
1.680743e+02 3.136153e+07 1.972618e+06 
1.595046e+02 3.390754e+07 1.868796e+06 

