3.249361e+01 6.659574e+06 4.015721e+05 
3.994522e+01 8.590120e+06 3.114660e+05 
2.544377e+01 8.528838e+06 3.114660e+05 
2.445572e+01 7.432061e+06 4.943306e+05 
3.593400e+01 7.101547e+06 4.152880e+05 
2.840688e+01 8.478394e+06 4.015721e+05 
2.534593e+01 8.313538e+06 4.015721e+05 
2.523530e+01 8.373100e+06 3.114660e+05 
3.295121e+01 8.947756e+06 5.492560e+05 
2.297365e+01 6.646492e+06 5.492560e+05 
3.967483e+01 6.830029e+06 4.015721e+05 
2.647846e+01 7.248628e+06 3.114660e+05 
3.709689e+01 6.816707e+06 4.152880e+05 
2.716222e+01 8.225381e+06 6.525541e+05 
2.747455e+01 8.683774e+06 5.492560e+05 
2.774251e+01 7.849214e+06 6.525541e+05 
2.793963e+01 9.482970e+06 1.318215e+06 
2.727509e+01 7.179443e+06 4.152880e+05 
2.876278e+01 7.088730e+06 4.152880e+05 
2.593800e+01 7.306372e+06 4.015721e+05 
3.145574e+01 8.102901e+06 4.015721e+05 
4.133465e+01 7.786782e+06 4.015721e+05 
2.968382e+01 9.120780e+06 5.492560e+05 
2.609186e+01 1.084018e+07 8.238840e+05 
3.193369e+01 9.160023e+06 4.015721e+05 
2.690930e+01 6.441179e+06 3.114660e+05 
3.310716e+01 7.279703e+06 4.152880e+05 
3.846711e+01 7.643667e+06 4.943306e+05 
2.180818e+01 9.615626e+06 8.238840e+05 
2.737387e+01 7.849122e+06 5.492560e+05 
4.274367e+01 6.325026e+06 4.015721e+05 
2.549540e+01 8.915058e+06 1.098512e+06 
2.865513e+01 7.378621e+06 2.918080e+05 
2.923949e+01 8.937115e+06 4.152880e+05 
2.739736e+01 7.255114e+06 5.492560e+05 
5.763637e+01 7.881341e+06 5.492560e+05 
3.034063e+01 7.561689e+06 6.525541e+05 
3.219770e+01 6.436935e+06 3.114660e+05 
2.598218e+01 6.334346e+06 2.746280e+05 
2.522416e+01 8.117312e+06 3.114660e+05 
3.315930e+01 8.560117e+06 6.525541e+05 
2.778436e+01 8.124979e+06 4.015721e+05 
3.709994e+01 8.815766e+06 8.238840e+05 
3.532062e+01 9.270935e+06 5.492560e+05 
2.977937e+01 6.094530e+06 3.114660e+05 
2.278055e+01 8.806956e+06 5.492560e+05 
3.213271e+01 8.137077e+06 4.152880e+05 
2.170547e+01 8.202971e+06 7.689586e+05 
3.065465e+01 7.397373e+06 5.492560e+05 
2.347696e+01 5.693571e+06 4.152880e+05 
4.033927e+01 8.434815e+06 2.746280e+05 
2.584712e+01 8.075822e+06 5.492560e+05 
2.899624e+01 7.867290e+06 4.152880e+05 
2.768938e+01 6.977000e+06 4.015721e+05 
4.309288e+01 9.427685e+06 4.517680e+05 
3.442226e+01 7.789500e+06 4.015721e+05 
3.066588e+01 7.090153e+06 3.114660e+05 
2.611078e+01 8.353579e+06 5.492560e+05 
2.615735e+01 6.627658e+06 4.015721e+05 
3.238029e+01 6.933352e+06 3.114660e+05 
3.148517e+01 8.599851e+06 6.525541e+05 
3.730613e+01 5.761097e+06 3.114660e+05 
3.164587e+01 6.403056e+06 3.114660e+05 
3.679151e+01 7.790050e+06 3.114660e+05 
3.701307e+01 8.473854e+06 4.015721e+05 
2.568509e+01 7.095467e+06 4.152880e+05 
2.917556e+01 6.517735e+06 3.114660e+05 
3.072907e+01 6.899231e+06 4.015721e+05 
3.439125e+01 8.965917e+06 5.492560e+05 
3.544969e+01 6.717745e+06 4.015721e+05 
2.434006e+01 7.790696e+06 5.492560e+05 
3.386177e+01 7.259774e+06 5.492560e+05 
2.637831e+01 9.687967e+06 5.492560e+05 
2.502517e+01 1.001676e+07 8.238840e+05 
3.364772e+01 7.928647e+06 5.492560e+05 
2.596474e+01 8.918727e+06 5.492560e+05 
2.668505e+01 8.016442e+06 3.114660e+05 
3.832293e+01 6.791496e+06 4.152880e+05 
2.566704e+01 8.677057e+06 8.238840e+05 
3.314538e+01 8.503415e+06 8.238840e+05 
4.237192e+01 8.775677e+06 6.525541e+05 
2.849532e+01 8.341192e+06 4.015721e+05 
2.220244e+01 7.820357e+06 4.015721e+05 
2.714167e+01 6.605100e+06 2.746280e+05 
2.885444e+01 8.613020e+06 4.015721e+05 
3.459222e+01 9.101413e+06 6.525541e+05 
2.158375e+01 8.368679e+06 5.492560e+05 
3.001072e+01 5.573173e+06 4.152880e+05 
3.532207e+01 8.172214e+06 4.015721e+05 
2.989740e+01 7.556445e+06 4.152880e+05 
2.372854e+01 7.317396e+06 2.746280e+05 
2.925294e+01 7.152656e+06 3.114660e+05 
2.191772e+01 7.472044e+06 2.746280e+05 
3.472495e+01 8.120282e+06 6.525541e+05 
2.997426e+01 8.353211e+06 3.114660e+05 
2.878756e+01 8.133952e+06 8.238840e+05 
4.261819e+01 9.638928e+06 4.015721e+05 
2.721648e+01 8.096002e+06 8.238840e+05 
3.227955e+01 8.492748e+06 8.238840e+05 
2.937501e+01 7.748792e+06 6.525541e+05 

3.164682e+01 8.602968e+06 4.152880e+05 
3.589957e+01 7.973646e+06 4.015721e+05 
2.565080e+01 7.291416e+06 6.525541e+05 
2.640159e+01 7.798030e+06 6.525541e+05 
3.640367e+01 7.153487e+06 5.492560e+05 
4.153461e+01 7.550527e+06 4.015721e+05 
2.207731e+01 7.942827e+06 6.525541e+05 
4.004503e+01 7.458125e+06 4.015721e+05 
3.329155e+01 8.553170e+06 8.238840e+05 
3.133152e+01 7.702304e+06 4.015721e+05 
3.116886e+01 8.596932e+06 5.492560e+05 
3.109400e+01 6.966115e+06 3.114660e+05 
2.458283e+01 8.068757e+06 4.394052e+05 
2.571528e+01 8.381090e+06 8.238840e+05 
3.143920e+01 8.366214e+06 4.015721e+05 
3.770235e+01 7.599997e+06 4.015721e+05 
3.262713e+01 6.075414e+06 4.152880e+05 
3.299135e+01 7.682887e+06 4.152880e+05 
3.517160e+01 7.182362e+06 4.015721e+05 
3.875447e+01 9.501102e+06 4.015721e+05 
2.976342e+01 6.468301e+06 4.015721e+05 
3.375099e+01 7.326978e+06 3.114660e+05 
2.338552e+01 7.541436e+06 4.015721e+05 
2.833875e+01 7.732944e+06 4.015721e+05 
2.631991e+01 7.126143e+06 4.152880e+05 
2.251060e+01 7.720145e+06 4.015721e+05 
2.557174e+01 8.537362e+06 4.015721e+05 
3.048532e+01 9.528655e+06 5.492560e+05 
3.790674e+01 6.545150e+06 4.015721e+05 
2.819454e+01 8.716296e+06 9.035361e+05 
2.149801e+01 9.295007e+06 8.238840e+05 
4.362951e+01 7.327999e+06 4.015721e+05 
3.384436e+01 7.911136e+06 6.525541e+05 
3.172689e+01 8.350821e+06 8.238840e+05 
3.408288e+01 6.068998e+06 4.152880e+05 
2.942400e+01 6.190782e+06 3.114660e+05 
2.067597e+01 6.733810e+06 4.015721e+05 
5.153743e+01 7.749587e+06 4.015721e+05 
2.229614e+01 7.009569e+06 5.492560e+05 
2.705219e+01 9.473148e+06 1.043587e+06 
3.458858e+01 7.308401e+06 4.152880e+05 
2.988063e+01 8.752293e+06 8.238840e+05 
3.068089e+01 8.629268e+06 8.238840e+05 
2.532769e+01 8.869747e+06 6.525541e+05 
3.242038e+01 8.065173e+06 4.015721e+05 
2.159402e+01 6.861142e+06 4.152880e+05 
2.967665e+01 5.544582e+06 4.152880e+05 
4.987181e+01 7.595118e+06 4.015721e+05 
2.519470e+01 7.410256e+06 4.015721e+05 
2.220738e+01 8.343123e+06 8.238840e+05 
3.291450e+01 8.701446e+06 6.525541e+05 
3.706343e+01 7.958185e+06 4.152880e+05 
3.042104e+01 7.570342e+06 8.238840e+05 
3.812919e+01 8.557573e+06 4.015721e+05 
2.490895e+01 7.081078e+06 4.015721e+05 
4.288269e+01 7.988727e+06 4.152880e+05 
2.247089e+01 8.328796e+06 7.689586e+05 
2.812175e+01 8.536397e+06 4.943306e+05 
3.451347e+01 8.013761e+06 4.943306e+05 
2.936504e+01 8.240322e+06 5.492560e+05 
2.582683e+01 5.935368e+06 4.152880e+05 
2.550893e+01 8.122818e+06 5.492560e+05 
2.541747e+01 7.965888e+06 6.525541e+05 
2.721507e+01 6.678483e+06 4.015721e+05 
4.187688e+01 7.368203e+06 3.114660e+05 
2.511020e+01 7.222967e+06 4.015721e+05 
3.267871e+01 7.705105e+06 3.114660e+05 
4.643601e+01 8.641365e+06 4.517680e+05 
3.773921e+01 8.683254e+06 5.492560e+05 
2.958652e+01 7.540912e+06 4.015721e+05 
2.877975e+01 9.033664e+06 4.015721e+05 
2.948784e+01 7.762464e+06 4.152880e+05 
2.615497e+01 1.013320e+07 5.492560e+05 
2.987500e+01 7.424746e+06 3.114660e+05 
2.503883e+01 8.337005e+06 4.015721e+05 
3.048806e+01 7.127595e+06 2.746280e+05 
2.474151e+01 8.124069e+06 8.238840e+05 
2.970270e+01 9.754452e+06 4.015721e+05 
4.441507e+01 8.971162e+06 4.152880e+05 
2.413492e+01 7.160951e+06 2.746280e+05 
2.772937e+01 9.119654e+06 4.015721e+05 
2.455772e+01 7.993049e+06 5.492560e+05 
3.090682e+01 7.801068e+06 3.114660e+05 
2.624540e+01 1.030996e+07 5.492560e+05 
2.939941e+01 8.143169e+06 5.492560e+05 
3.749613e+01 8.181925e+06 4.015721e+05 
2.558252e+01 7.465651e+06 6.525541e+05 
2.523260e+01 6.840003e+06 4.015721e+05 
2.740063e+01 1.042339e+07 8.238840e+05 
2.778922e+01 6.805983e+06 5.492560e+05 
2.496626e+01 7.611054e+06 5.492560e+05 
3.840714e+01 7.236712e+06 5.492560e+05 
3.173714e+01 8.072780e+06 5.492560e+05 
2.836149e+01 7.567231e+06 4.015721e+05 
2.402940e+01 8.229981e+06 3.114660e+05 
3.882637e+01 7.189018e+06 4.152880e+05 
3.192959e+01 8.126487e+06 5.492560e+05 
2.793015e+01 8.033849e+06 5.492560e+05 
2.854889e+01 7.397076e+06 4.015721e+05 
2.559139e+01 6.955679e+06 4.152880e+05 

2.869770e+01 9.682247e+06 8.238840e+05 
5.170735e+01 7.511611e+06 4.015721e+05 
4.107860e+01 6.752405e+06 3.114660e+05 
2.589275e+01 8.600692e+06 5.492560e+05 
2.220554e+01 8.721735e+06 5.492560e+05 
3.064786e+01 7.129493e+06 4.152880e+05 
3.367180e+01 8.832685e+06 5.492560e+05 
3.891783e+01 7.449105e+06 4.152880e+05 
2.275606e+01 9.165310e+06 8.238840e+05 
3.553059e+01 7.981650e+06 4.015721e+05 
4.255311e+01 7.973445e+06 4.015721e+05 
2.439527e+01 8.705575e+06 8.238840e+05 
2.360333e+01 5.926048e+06 4.015721e+05 
2.440556e+01 6.566161e+06 4.152880e+05 
3.122534e+01 7.796877e+06 4.152880e+05 
2.442351e+01 7.910619e+06 4.015721e+05 
3.919458e+01 9.134426e+06 8.238840e+05 
4.710636e+01 8.138784e+06 4.152880e+05 
2.990117e+01 9.351881e+06 4.956700e+05 
2.352705e+01 7.712026e+06 4.099320e+05 
2.944098e+01 7.381306e+06 5.492560e+05 
3.609497e+01 9.160669e+06 6.525541e+05 
3.082827e+01 7.273403e+06 3.114660e+05 
2.440787e+01 6.954433e+06 4.015721e+05 
3.630332e+01 7.368061e+06 4.152880e+05 
3.210022e+01 7.841207e+06 4.152880e+05 
2.244167e+01 8.273010e+06 5.492560e+05 
3.831164e+01 7.968500e+06 2.746280e+05 
2.175113e+01 8.166122e+06 5.492560e+05 
3.097397e+01 7.143184e+06 4.015721e+05 
2.265491e+01 6.190104e+06 3.114660e+05 
3.917559e+01 7.764486e+06 5.492560e+05 
3.411055e+01 9.742512e+06 6.525541e+05 
4.081442e+01 8.250598e+06 4.152880e+05 
2.513091e+01 8.672834e+06 8.238840e+05 
2.126608e+01 7.023168e+06 4.015721e+05 
2.914186e+01 7.908145e+06 5.492560e+05 
2.144805e+01 8.179703e+06 6.525541e+05 
2.714245e+01 9.847848e+06 5.492560e+05 
4.635259e+01 8.887395e+06 5.492560e+05 
2.871783e+01 8.366607e+06 4.015721e+05 
2.607880e+01 9.937609e+06 8.238840e+05 
3.126363e+01 8.777118e+06 5.492560e+05 
3.093356e+01 9.135038e+06 4.152880e+05 
2.783385e+01 6.569523e+06 4.152880e+05 
3.780432e+01 8.090278e+06 7.689586e+05 
2.501533e+01 8.473718e+06 8.238840e+05 
3.102180e+01 7.404785e+06 4.015721e+05 
2.335411e+01 8.429481e+06 4.015721e+05 
2.625730e+01 7.087365e+06 4.015721e+05 
2.654107e+01 8.619436e+06 4.015721e+05 
2.780521e+01 8.510147e+06 4.015721e+05 
2.790682e+01 6.152111e+06 2.746280e+05 
2.801640e+01 7.875587e+06 4.015721e+05 
4.336854e+01 6.905919e+06 4.015721e+05 
2.826463e+01 8.612116e+06 5.492560e+05 
2.289610e+01 8.877211e+06 1.043587e+06 
2.770411e+01 8.767905e+06 1.098512e+06 
2.840267e+01 8.480317e+06 8.238840e+05 
2.898017e+01 7.468532e+06 4.152880e+05 
2.592112e+01 7.420013e+06 4.152880e+05 
2.294658e+01 8.512616e+06 5.492560e+05 
3.052165e+01 8.376341e+06 6.525541e+05 
4.113345e+01 6.455296e+06 4.015721e+05 
4.971807e+01 7.658531e+06 6.525541e+05 
2.137162e+01 7.949969e+06 7.689586e+05 
2.660426e+01 7.598884e+06 5.492560e+05 
2.781499e+01 8.143010e+06 3.114660e+05 
2.883615e+01 6.979920e+06 5.492560e+05 
3.472867e+01 8.401759e+06 5.492560e+05 
3.619112e+01 7.680592e+06 4.015721e+05 
3.484501e+01 7.835499e+06 4.152880e+05 
3.624374e+01 7.322567e+06 3.114660e+05 
2.235384e+01 8.288882e+06 6.525541e+05 
3.759549e+01 8.161066e+06 8.238840e+05 
2.664839e+01 5.991608e+06 4.152880e+05 
2.625317e+01 7.837208e+06 6.525541e+05 
2.291108e+01 7.162060e+06 5.492560e+05 
2.601354e+01 7.280302e+06 3.114660e+05 
2.577835e+01 6.127446e+06 3.114660e+05 
2.274331e+01 6.717201e+06 4.015721e+05 
3.066200e+01 8.180652e+06 6.525541e+05 
2.577478e+01 8.812691e+06 5.492560e+05 
3.124657e+01 8.117619e+06 4.015721e+05 
3.299096e+01 8.538991e+06 4.015721e+05 
3.643932e+01 8.383124e+06 4.015721e+05 
4.459906e+01 6.776656e+06 4.015721e+05 
3.975572e+01 6.769176e+06 4.152880e+05 
3.113630e+01 9.287942e+06 6.525541e+05 
2.689633e+01 6.831634e+06 4.015721e+05 
2.775183e+01 6.639470e+06 4.015721e+05 
2.447276e+01 6.537535e+06 4.015721e+05 
2.765109e+01 9.996014e+06 5.492560e+05 
3.085047e+01 7.888124e+06 5.492560e+05 
2.538911e+01 7.869947e+06 6.525541e+05 
4.289785e+01 8.319881e+06 4.015721e+05 
2.132756e+01 7.644743e+06 2.746280e+05 
3.022214e+01 7.734048e+06 6.525541e+05 
4.675553e+01 6.700212e+06 4.152880e+05 
3.438571e+01 6.832271e+06 4.015721e+05 

3.091275e+01 8.180948e+06 8.238840e+05 
3.229368e+01 8.102618e+06 5.492560e+05 
2.937145e+01 9.669655e+06 8.238840e+05 
2.534070e+01 7.744561e+06 4.015721e+05 
2.535788e+01 8.228465e+06 5.492560e+05 
2.811744e+01 9.113201e+06 8.238840e+05 
2.128586e+01 7.495838e+06 3.114660e+05 
2.699279e+01 7.433284e+06 4.015721e+05 
2.976419e+01 8.255008e+06 4.394052e+05 
2.872139e+01 8.443937e+06 4.015721e+05 
2.875714e+01 8.427996e+06 6.525541e+05 
3.174015e+01 7.914396e+06 5.492560e+05 
2.190385e+01 9.031740e+06 9.035361e+05 
3.822276e+01 8.272770e+06 4.015721e+05 
2.392384e+01 7.299136e+06 5.492560e+05 
3.332441e+01 6.368932e+06 4.152880e+05 
2.682242e+01 8.108884e+06 5.492560e+05 
3.383883e+01 7.596551e+06 5.492560e+05 
4.117392e+01 7.928680e+06 4.015721e+05 
2.629327e+01 7.475159e+06 4.015721e+05 
2.897137e+01 9.161407e+06 5.492560e+05 
3.017576e+01 7.201687e+06 3.114660e+05 
2.514296e+01 8.630178e+06 4.461032e+05 
2.785801e+01 9.369126e+06 4.461032e+05 
3.450618e+01 6.477061e+06 3.114660e+05 
2.728146e+01 9.359367e+06 4.015721e+05 
2.312197e+01 7.280579e+06 5.492560e+05 
2.322187e+01 7.354853e+06 4.015721e+05 
2.648225e+01 7.235739e+06 3.114660e+05 
2.842078e+01 8.368760e+06 3.114660e+05 
3.223158e+01 9.397372e+06 5.492560e+05 
3.067242e+01 9.116107e+06 3.868121e+05 
2.501631e+01 7.567293e+06 3.114660e+05 
2.918078e+01 7.074544e+06 4.015721e+05 
3.092946e+01 9.714287e+06 4.956700e+05 
3.592470e+01 7.925733e+06 3.114660e+05 
3.475505e+01 8.612510e+06 5.492560e+05 
2.463826e+01 7.222440e+06 4.015721e+05 
4.757550e+01 7.139783e+06 4.152880e+05 
2.948653e+01 6.483808e+06 4.152880e+05 
3.755164e+01 9.552001e+06 3.114660e+05 
2.735585e+01 8.570029e+06 5.492560e+05 
2.317211e+01 7.633592e+06 4.517680e+05 
2.658792e+01 7.789101e+06 5.492560e+05 
3.517810e+01 8.569585e+06 6.525541e+05 
4.792859e+01 8.605133e+06 4.015721e+05 
2.731213e+01 9.258501e+06 5.492560e+05 
2.858547e+01 7.750762e+06 6.525541e+05 
3.082659e+01 8.910002e+06 4.015721e+05 
2.650010e+01 8.457420e+06 6.525541e+05 
2.158769e+01 8.591581e+06 5.492560e+05 
2.214704e+01 6.953766e+06 6.525541e+05 
2.902905e+01 6.294662e+06 4.152880e+05 
2.965426e+01 9.686151e+06 4.015721e+05 
2.468428e+01 8.884656e+06 8.238840e+05 
2.027889e+01 5.339120e+06 4.152880e+05 
2.087595e+01 7.478981e+06 5.492560e+05 
3.043332e+01 7.911380e+06 5.492560e+05 
3.397308e+01 7.706614e+06 4.152880e+05 
3.593263e+01 8.109589e+06 5.492560e+05 
2.996561e+01 6.716252e+06 3.114660e+05 
2.283401e+01 7.757157e+06 4.015721e+05 
2.424821e+01 6.421742e+06 4.015721e+05 
3.132786e+01 7.990541e+06 4.015721e+05 
2.948398e+01 9.254332e+06 8.238840e+05 
2.834662e+01 8.525590e+06 8.238840e+05 
3.218684e+01 7.678979e+06 4.152880e+05 
2.501023e+01 9.647555e+06 5.492560e+05 
2.093983e+01 6.802952e+06 4.943306e+05 
2.349393e+01 8.128533e+06 6.525541e+05 
3.290638e+01 7.935047e+06 4.015721e+05 
2.603593e+01 6.624767e+06 4.015721e+05 
3.327324e+01 8.755542e+06 4.015721e+05 
3.571451e+01 8.022551e+06 4.152880e+05 
3.645550e+01 7.768022e+06 4.015721e+05 
3.540351e+01 7.772707e+06 4.015721e+05 
2.913977e+01 8.796948e+06 6.525541e+05 
2.341395e+01 1.037539e+07 9.035361e+05 
3.365302e+01 7.098914e+06 4.152880e+05 
2.214684e+01 6.574115e+06 4.152880e+05 
5.291611e+01 8.737090e+06 5.492560e+05 
2.408329e+01 6.955174e+06 3.114660e+05 
2.419328e+01 7.744947e+06 4.517680e+05 
3.820088e+01 8.072228e+06 4.015721e+05 
2.139400e+01 8.233184e+06 5.492560e+05 
2.590016e+01 8.277528e+06 6.525541e+05 
2.537760e+01 8.849668e+06 8.238840e+05 
2.737546e+01 7.334813e+06 4.015721e+05 
2.399408e+01 1.012123e+07 8.238840e+05 
3.635234e+01 8.890801e+06 6.525541e+05 
2.747689e+01 8.153820e+06 4.015721e+05 
3.044598e+01 7.040751e+06 5.492560e+05 
4.584330e+01 7.514456e+06 4.015721e+05 
4.572983e+01 7.461873e+06 4.152880e+05 
2.790202e+01 8.154579e+06 5.492560e+05 
3.469860e+01 7.048529e+06 4.015721e+05 
2.736201e+01 7.929954e+06 3.114660e+05 
4.020308e+01 7.190582e+06 4.015721e+05 
3.281363e+01 7.972877e+06 3.114660e+05 
2.575701e+01 8.142164e+06 5.492560e+05 

3.558267e+01 8.086687e+06 4.015721e+05 
3.047272e+01 6.927267e+06 4.015721e+05 
3.370544e+01 7.869483e+06 4.394052e+05 
2.668450e+01 6.158903e+06 4.152880e+05 
4.106147e+01 7.995264e+06 4.152880e+05 
3.485726e+01 8.073430e+06 6.525541e+05 
2.729152e+01 7.120678e+06 6.525541e+05 
4.046797e+01 8.848760e+06 8.238840e+05 
4.620944e+01 7.144634e+06 4.152880e+05 
2.586917e+01 8.669198e+06 6.525541e+05 
3.347256e+01 9.631860e+06 4.015721e+05 
3.997316e+01 7.049517e+06 5.492560e+05 
3.286048e+01 8.454527e+06 5.492560e+05 
3.021217e+01 9.580691e+06 5.492560e+05 
3.043849e+01 8.230621e+06 4.015721e+05 
4.038562e+01 9.348026e+06 6.525541e+05 
3.150620e+01 7.680981e+06 4.015721e+05 
3.552188e+01 8.515327e+06 4.015721e+05 
3.643031e+01 7.949818e+06 5.492560e+05 
2.537864e+01 6.925549e+06 3.114660e+05 
3.196841e+01 8.211928e+06 4.015721e+05 
2.887858e+01 7.526069e+06 6.525541e+05 
3.159368e+01 7.430628e+06 4.015721e+05 
2.992915e+01 8.627236e+06 5.492560e+05 
2.859953e+01 8.733935e+06 8.238840e+05 
3.285820e+01 7.090575e+06 2.746280e+05 
2.308746e+01 8.636947e+06 4.015721e+05 
2.351303e+01 8.903271e+06 5.492560e+05 
2.406024e+01 7.985115e+06 4.015721e+05 
2.231487e+01 8.500756e+06 3.114660e+05 
3.777887e+01 7.093820e+06 4.015721e+05 
2.484534e+01 8.923312e+06 6.525541e+05 
2.656322e+01 8.041664e+06 4.517680e+05 
3.604188e+01 9.167233e+06 5.492560e+05 
2.222236e+01 7.874001e+06 8.238840e+05 
2.352765e+01 8.651181e+06 5.492560e+05 
2.526094e+01 8.406813e+06 3.114660e+05 
3.836095e+01 7.154226e+06 4.015721e+05 
3.137304e+01 6.251274e+06 4.015721e+05 
4.659764e+01 6.785586e+06 3.114660e+05 
2.505619e+01 7.118463e+06 4.015721e+05 
4.552736e+01 9.333211e+06 4.015721e+05 
2.364578e+01 8.775093e+06 6.525541e+05 
3.065103e+01 8.155276e+06 5.492560e+05 
2.538783e+01 6.795879e+06 2.746280e+05 
2.844396e+01 6.831607e+06 4.015721e+05 
3.151222e+01 7.217229e+06 3.114660e+05 
2.135158e+01 7.932708e+06 5.492560e+05 
2.521562e+01 7.100123e+06 3.114660e+05 
2.388333e+01 8.512876e+06 5.492560e+05 
3.684305e+01 8.439574e+06 4.015721e+05 
2.112432e+01 5.902836e+06 3.114660e+05 
2.314506e+01 7.437285e+06 3.114660e+05 
2.713821e+01 7.273719e+06 2.746280e+05 
3.459073e+01 8.610186e+06 4.015721e+05 
3.819107e+01 8.650644e+06 4.152880e+05 
2.673347e+01 7.251052e+06 4.015721e+05 
2.576031e+01 8.940177e+06 4.015721e+05 
2.517783e+01 7.970420e+06 5.492560e+05 
3.056608e+01 6.692116e+06 4.015721e+05 
2.917604e+01 7.872622e+06 5.492560e+05 
4.524085e+01 8.364027e+06 4.152880e+05 
3.900063e+01 6.880131e+06 4.152880e+05 
3.990923e+01 9.401859e+06 7.435050e+05 
2.992238e+01 7.629329e+06 6.525541e+05 
3.093029e+01 9.064787e+06 5.492560e+05 
2.472046e+01 1.050488e+07 8.238840e+05 
3.258441e+01 7.657671e+06 5.492560e+05 
2.874503e+01 6.579518e+06 5.492560e+05 
2.799143e+01 7.952775e+06 4.517680e+05 
2.328338e+01 7.520108e+06 6.525541e+05 
2.473640e+01 7.863550e+06 5.492560e+05 
2.616368e+01 8.016669e+06 4.152880e+05 
2.260649e+01 7.764044e+06 5.492560e+05 
2.992417e+01 9.740139e+06 1.098512e+06 
3.673251e+01 8.207379e+06 6.525541e+05 
3.276134e+01 8.050308e+06 4.152880e+05 
2.922901e+01 8.702168e+06 7.689586e+05 
2.682506e+01 7.602062e+06 4.517680e+05 
2.924662e+01 7.851576e+06 3.114660e+05 
2.434807e+01 7.896817e+06 3.114660e+05 
3.297814e+01 7.595900e+06 4.517680e+05 
4.084133e+01 6.934844e+06 4.015721e+05 
2.732961e+01 8.781481e+06 8.238840e+05 
3.533768e+01 8.926989e+06 8.238840e+05 
2.908230e+01 8.874765e+06 8.238840e+05 
2.205339e+01 7.427312e+06 4.015721e+05 
2.417547e+01 9.549383e+06 5.492560e+05 
3.095871e+01 7.751527e+06 8.238840e+05 
3.481908e+01 8.116734e+06 5.492560e+05 
2.789138e+01 6.736976e+06 4.015721e+05 
4.299534e+01 6.580848e+06 4.152880e+05 
2.915261e+01 6.413779e+06 3.114660e+05 
2.680249e+01 6.925782e+06 4.015721e+05 
2.580642e+01 7.985395e+06 5.492560e+05 
3.414913e+01 8.538445e+06 4.152880e+05 
2.607431e+01 7.912391e+06 4.015721e+05 
3.410839e+01 7.327513e+06 4.015721e+05 
2.288938e+01 7.285518e+06 3.114660e+05 
3.637795e+01 8.502672e+06 9.035361e+05 

2.888059e+01 8.415841e+06 6.525541e+05 
3.589398e+01 8.550274e+06 4.015721e+05 
3.011617e+01 6.891822e+06 4.152880e+05 
2.269378e+01 6.987903e+06 4.015721e+05 
2.732771e+01 7.052174e+06 6.525541e+05 
2.577512e+01 7.273989e+06 3.114660e+05 
2.600293e+01 8.576197e+06 6.525541e+05 
2.571362e+01 9.454642e+06 9.035361e+05 
3.195788e+01 8.918085e+06 6.525541e+05 
2.345141e+01 7.611478e+06 5.492560e+05 
2.512553e+01 8.675301e+06 8.238840e+05 
2.679726e+01 8.301378e+06 5.492560e+05 
3.308392e+01 8.002362e+06 4.152880e+05 
4.434135e+01 8.983754e+06 4.152880e+05 
2.351240e+01 5.958238e+06 4.152880e+05 
3.530775e+01 6.765028e+06 6.525541e+05 
3.603307e+01 8.397538e+06 3.114660e+05 
2.450430e+01 7.489853e+06 4.015721e+05 
3.270390e+01 7.793084e+06 5.492560e+05 
2.542882e+01 8.277894e+06 5.492560e+05 
3.173555e+01 6.758668e+06 4.152880e+05 
3.341351e+01 8.294592e+06 4.015721e+05 
2.922301e+01 8.850934e+06 3.114660e+05 
3.391427e+01 8.887476e+06 8.238840e+05 
2.739273e+01 6.403035e+06 4.015721e+05 
3.650405e+01 6.298729e+06 4.015721e+05 
2.427665e+01 8.948026e+06 6.525541e+05 
3.972947e+01 8.952141e+06 3.114660e+05 
3.070702e+01 9.106008e+06 8.238840e+05 
3.539560e+01 8.468487e+06 6.525541e+05 
3.335425e+01 8.249964e+06 2.746280e+05 
2.929221e+01 8.868937e+06 1.098512e+06 
2.855060e+01 8.785987e+06 6.525541e+05 
3.153716e+01 9.579034e+06 5.492560e+05 
4.303444e+01 9.708693e+06 4.015721e+05 
2.520630e+01 8.367368e+06 5.492560e+05 
3.342518e+01 8.266653e+06 5.492560e+05 
2.588211e+01 7.250552e+06 4.015721e+05 
2.278653e+01 7.043865e+06 4.152880e+05 
3.040150e+01 8.095563e+06 6.525541e+05 
3.288082e+01 7.644371e+06 5.492560e+05 
3.463962e+01 7.530743e+06 6.525541e+05 
3.252586e+01 7.638141e+06 4.015721e+05 
2.858962e+01 7.773643e+06 4.015721e+05 
4.991476e+01 8.648889e+06 4.152880e+05 
2.579519e+01 7.951440e+06 4.015721e+05 
3.118102e+01 7.948834e+06 5.492560e+05 
3.452361e+01 8.765802e+06 8.238840e+05 
2.448183e+01 7.332490e+06 4.015721e+05 
2.896163e+01 8.108252e+06 6.525541e+05 
2.511216e+01 7.524260e+06 3.114660e+05 
3.191666e+01 7.768048e+06 3.114660e+05 
3.582175e+01 7.894166e+06 4.152880e+05 
2.550022e+01 7.519763e+06 5.492560e+05 
2.503464e+01 7.813477e+06 5.492560e+05 
3.110653e+01 7.109420e+06 4.152880e+05 
3.306819e+01 9.438534e+06 1.098512e+06 
3.664459e+01 8.375781e+06 4.015721e+05 
2.342068e+01 6.406606e+06 4.152880e+05 
3.263499e+01 9.879425e+06 6.525541e+05 
2.294556e+01 9.953830e+06 6.525541e+05 
2.475259e+01 9.057005e+06 8.238840e+05 
3.377918e+01 7.402995e+06 4.152880e+05 
3.357105e+01 7.972904e+06 4.015721e+05 
2.720796e+01 6.659407e+06 4.152880e+05 
3.164581e+01 7.162097e+06 5.492560e+05 
3.668661e+01 1.109771e+07 8.238840e+05 
2.445949e+01 7.543824e+06 5.492560e+05 
2.447061e+01 7.757185e+06 5.492560e+05 
4.020912e+01 9.719287e+06 5.492560e+05 
2.786219e+01 8.540434e+06 4.015721e+05 
3.289438e+01 6.018169e+06 4.152880e+05 
3.309852e+01 7.157733e+06 3.114660e+05 
2.477162e+01 7.620187e+06 4.152880e+05 
3.510945e+01 9.780145e+06 4.461032e+05 
2.623878e+01 8.785228e+06 6.525541e+05 
2.816719e+01 7.740371e+06 4.015721e+05 
2.867016e+01 9.162150e+06 6.525541e+05 
3.269868e+01 9.410416e+06 9.035361e+05 
2.214357e+01 7.028816e+06 4.152880e+05 
2.454294e+01 6.403861e+06 4.015721e+05 
2.446191e+01 6.639368e+06 4.517680e+05 
2.940133e+01 8.120170e+06 8.238840e+05 
3.180496e+01 8.772421e+06 6.525541e+05 
2.323644e+01 6.449511e+06 3.114660e+05 
2.373911e+01 6.944869e+06 4.943306e+05 
2.409676e+01 7.733331e+06 4.015721e+05 
2.721429e+01 8.036103e+06 5.492560e+05 
2.780652e+01 8.710712e+06 5.492560e+05 
2.913108e+01 7.958029e+06 4.015721e+05 
3.528624e+01 7.527097e+06 5.492560e+05 
3.087439e+01 9.550945e+06 8.238840e+05 
3.935449e+01 8.905290e+06 6.525541e+05 
3.506038e+01 8.010822e+06 4.152880e+05 
2.903915e+01 6.791906e+06 4.152880e+05 
2.667203e+01 8.936288e+06 6.525541e+05 
2.631613e+01 7.107687e+06 5.492560e+05 
3.157380e+01 7.519577e+06 4.152880e+05 
2.316226e+01 8.603879e+06 8.238840e+05 
3.438023e+01 7.408865e+06 4.015721e+05 

2.771519e+01 9.289522e+06 8.238840e+05 
2.852572e+01 8.280904e+06 3.114660e+05 
3.956172e+01 7.807076e+06 4.015721e+05 
2.446329e+01 9.591274e+06 8.238840e+05 
2.886572e+01 9.977127e+06 8.238840e+05 
3.360755e+01 7.031743e+06 4.152880e+05 
2.201391e+01 6.951931e+06 5.492560e+05 
2.591412e+01 8.672874e+06 4.015721e+05 
3.037206e+01 7.790106e+06 2.746280e+05 
3.326481e+01 9.095367e+06 5.492560e+05 
3.600004e+01 8.285152e+06 4.015721e+05 
3.432133e+01 7.559473e+06 5.492560e+05 
2.295978e+01 7.610401e+06 6.525541e+05 
2.976059e+01 8.606111e+06 6.525541e+05 
2.659180e+01 8.152495e+06 4.015721e+05 
3.087744e+01 6.146306e+06 4.152880e+05 
2.823858e+01 6.091225e+06 4.152880e+05 
4.238970e+01 8.370563e+06 4.015721e+05 
2.348823e+01 8.176964e+06 6.525541e+05 
3.049289e+01 7.755759e+06 4.099320e+05 
2.902326e+01 8.586964e+06 5.492560e+05 
3.012505e+01 6.671551e+06 4.015721e+05 
2.240308e+01 8.388525e+06 4.015721e+05 
2.242433e+01 8.805834e+06 8.238840e+05 
3.509016e+01 9.585456e+06 4.015721e+05 
4.146573e+01 9.367706e+06 5.492560e+05 
4.036743e+01 7.792556e+06 4.152880e+05 
2.989858e+01 6.475694e+06 4.152880e+05 
3.258865e+01 8.069044e+06 4.015721e+05 
4.979691e+01 7.363078e+06 4.015721e+05 
2.893109e+01 7.077604e+06 3.114660e+05 
3.120668e+01 7.424429e+06 5.492560e+05 
3.245632e+01 7.649837e+06 4.015721e+05 
4.969129e+01 8.696201e+06 4.015721e+05 
3.755103e+01 8.037668e+06 5.492560e+05 
2.908335e+01 6.844645e+06 4.152880e+05 
4.364329e+01 8.535692e+06 8.238840e+05 
3.495469e+01 8.020586e+06 4.015721e+05 
4.477685e+01 7.730483e+06 4.015721e+05 
2.858248e+01 6.004140e+06 3.114660e+05 
2.344172e+01 7.489150e+06 4.015721e+05 
2.416503e+01 7.699483e+06 4.517680e+05 
2.499104e+01 8.070666e+06 5.492560e+05 
4.141797e+01 8.130060e+06 4.015721e+05 
3.302094e+01 8.508273e+06 6.525541e+05 
3.540145e+01 8.822066e+06 4.517680e+05 
3.594983e+01 6.661077e+06 4.015721e+05 
2.548403e+01 8.516823e+06 8.238840e+05 
3.331800e+01 8.403395e+06 4.943306e+05 
2.948045e+01 9.771245e+06 4.956700e+05 
2.542524e+01 7.250861e+06 5.492560e+05 
2.787554e+01 7.819950e+06 5.492560e+05 
2.585653e+01 7.443440e+06 4.015721e+05 
2.416900e+01 8.192646e+06 4.943306e+05 
2.891116e+01 6.427026e+06 4.152880e+05 
2.289050e+01 7.652270e+06 5.492560e+05 
2.550818e+01 7.694805e+06 5.492560e+05 
2.658616e+01 7.474533e+06 6.525541e+05 
2.617602e+01 7.703591e+06 5.492560e+05 
3.355432e+01 8.695010e+06 5.492560e+05 
3.369129e+01 6.673426e+06 4.015721e+05 
2.429874e+01 9.007902e+06 5.492560e+05 
2.402631e+01 9.068481e+06 5.492560e+05 
4.399686e+01 8.271383e+06 5.492560e+05 
3.638531e+01 7.885601e+06 3.114660e+05 
3.839980e+01 7.103072e+06 4.152880e+05 
2.661026e+01 7.672220e+06 4.015721e+05 
4.159327e+01 8.647190e+06 4.015721e+05 
2.184882e+01 1.025944e+07 6.525541e+05 
2.578201e+01 8.436955e+06 3.114660e+05 
2.695740e+01 8.534043e+06 5.492560e+05 
2.936141e+01 5.553526e+06 4.015721e+05 
2.830932e+01 7.392865e+06 3.114660e+05 
2.362728e+01 9.781690e+06 6.525541e+05 
2.652371e+01 7.910429e+06 5.492560e+05 
3.237333e+01 9.721689e+06 6.525541e+05 
2.241015e+01 8.048274e+06 8.238840e+05 
2.909767e+01 7.690851e+06 3.114660e+05 
2.262914e+01 9.386837e+06 1.043587e+06 
3.217133e+01 9.525953e+06 6.525541e+05 
2.938810e+01 8.367295e+06 8.238840e+05 
2.328786e+01 9.778605e+06 8.238840e+05 
2.516304e+01 8.833024e+06 8.238840e+05 
4.042021e+01 6.748570e+06 3.114660e+05 
4.285230e+01 8.186564e+06 5.492560e+05 
2.996844e+01 8.578385e+06 4.015721e+05 
2.989393e+01 7.767010e+06 2.746280e+05 
3.217211e+01 7.716888e+06 5.492560e+05 
2.840993e+01 8.032359e+06 6.525541e+05 
3.690059e+01 8.076144e+06 4.015721e+05 
2.881466e+01 8.525939e+06 8.238840e+05 
2.624721e+01 8.805808e+06 1.098512e+06 
2.909860e+01 8.341687e+06 5.492560e+05 
3.590537e+01 7.813895e+06 5.492560e+05 
2.476704e+01 7.615105e+06 8.238840e+05 
2.363485e+01 7.620233e+06 8.238840e+05 
2.925884e+01 8.076336e+06 4.152880e+05 
3.116114e+01 7.194411e+06 5.492560e+05 
3.544455e+01 7.369382e+06 4.015721e+05 
2.297740e+01 8.475308e+06 3.114660e+05 

4.739774e+01 8.715176e+06 4.015721e+05 
3.540985e+01 7.508437e+06 4.015721e+05 
2.425593e+01 9.095497e+06 8.238840e+05 
4.201071e+01 7.978600e+06 4.152880e+05 
2.435120e+01 8.625980e+06 4.015721e+05 
2.105987e+01 6.587628e+06 4.015721e+05 
3.663891e+01 8.011458e+06 4.015721e+05 
4.245072e+01 8.759821e+06 4.015721e+05 
2.590276e+01 7.688727e+06 4.015721e+05 
3.378514e+01 8.243972e+06 6.525541e+05 
2.340372e+01 8.407613e+06 6.525541e+05 
2.927223e+01 7.089855e+06 5.492560e+05 
3.113635e+01 7.377027e+06 4.517680e+05 
2.324543e+01 9.988018e+06 8.238840e+05 
2.491611e+01 8.967544e+06 5.492560e+05 
2.535037e+01 7.000885e+06 5.492560e+05 
2.241136e+01 8.644085e+06 6.525541e+05 
4.212649e+01 8.277325e+06 4.943306e+05 
3.656798e+01 6.602096e+06 4.015721e+05 
2.190270e+01 8.813801e+06 5.492560e+05 
3.057094e+01 7.959128e+06 4.015721e+05 
2.473601e+01 7.925817e+06 7.689586e+05 
2.704503e+01 7.404252e+06 4.015721e+05 
3.859409e+01 8.510840e+06 5.492560e+05 
2.915064e+01 8.457663e+06 5.492560e+05 
3.619465e+01 8.541132e+06 4.015721e+05 
2.313111e+01 9.184309e+06 1.098512e+06 
2.862370e+01 7.352106e+06 4.015721e+05 
3.331808e+01 6.733187e+06 4.152880e+05 
2.654319e+01 9.477640e+06 4.461032e+05 
3.604262e+01 9.164481e+06 3.114660e+05 
3.139534e+01 8.732489e+06 8.238840e+05 
2.426561e+01 7.445471e+06 5.492560e+05 
4.496234e+01 6.994684e+06 4.015721e+05 
3.623308e+01 8.309195e+06 4.015721e+05 
2.633648e+01 9.121982e+06 6.525541e+05 
3.499488e+01 7.748511e+06 3.114660e+05 
3.148545e+01 9.748608e+06 5.492560e+05 
3.314539e+01 8.241369e+06 4.015721e+05 
2.813991e+01 7.288558e+06 3.114660e+05 
2.565233e+01 6.074382e+06 4.152880e+05 
3.482758e+01 7.980485e+06 8.238840e+05 
3.207860e+01 7.565911e+06 5.492560e+05 
2.920270e+01 8.240739e+06 6.525541e+05 
2.524907e+01 9.357057e+06 7.027500e+05 
2.499575e+01 6.939655e+06 4.015721e+05 
4.416575e+01 7.390654e+06 4.152880e+05 
3.104299e+01 8.610749e+06 5.492560e+05 
2.411934e+01 7.378544e+06 2.746280e+05 
3.261709e+01 9.191150e+06 6.525541e+05 
2.754156e+01 9.131305e+06 5.492560e+05 
3.242262e+01 6.529796e+06 4.015721e+05 
2.320559e+01 1.003046e+07 6.525541e+05 
2.907474e+01 8.364289e+06 5.492560e+05 
3.645779e+01 9.350166e+06 5.492560e+05 
3.062313e+01 9.423524e+06 5.492560e+05 
2.099027e+01 6.806922e+06 4.015721e+05 
2.285006e+01 7.148627e+06 5.492560e+05 
3.531456e+01 9.094106e+06 8.238840e+05 
3.222764e+01 8.293363e+06 8.238840e+05 
3.495214e+01 8.065494e+06 3.114660e+05 
2.630444e+01 9.360021e+06 8.238840e+05 
2.632215e+01 7.790054e+06 4.015721e+05 
2.807559e+01 9.054653e+06 6.525541e+05 
2.064867e+01 6.957367e+06 5.492560e+05 
2.707057e+01 7.773992e+06 5.492560e+05 
3.350913e+01 9.062906e+06 1.043587e+06 
2.751458e+01 7.782932e+06 4.015721e+05 
3.568058e+01 7.690195e+06 4.152880e+05 
3.895281e+01 9.106550e+06 8.238840e+05 
3.155696e+01 9.695056e+06 1.098512e+06 
2.809096e+01 7.335746e+06 4.943306e+05 
2.908707e+01 8.506447e+06 4.152880e+05 
2.736507e+01 8.541295e+06 5.492560e+05 
2.544419e+01 7.362026e+06 4.015721e+05 
3.374785e+01 8.638700e+06 3.114660e+05 
3.840893e+01 8.766458e+06 4.152880e+05 
2.483537e+01 8.501598e+06 5.492560e+05 
2.242787e+01 8.348289e+06 5.492560e+05 
2.124374e+01 7.506444e+06 5.492560e+05 
2.155441e+01 8.003106e+06 6.525541e+05 
2.705301e+01 8.826555e+06 5.492560e+05 
3.690829e+01 9.167214e+06 8.238840e+05 
2.813027e+01 7.965856e+06 5.492560e+05 
3.353658e+01 7.321703e+06 3.114660e+05 
2.367450e+01 8.441982e+06 8.238840e+05 
2.831951e+01 7.370002e+06 3.114660e+05 
2.425962e+01 7.544893e+06 3.114660e+05 
2.290179e+01 9.438420e+06 5.492560e+05 
2.172393e+01 8.112405e+06 5.492560e+05 
2.401282e+01 8.662264e+06 3.114660e+05 
3.074135e+01 8.587921e+06 6.525541e+05 
2.926554e+01 6.748163e+06 4.152880e+05 
2.577262e+01 7.597804e+06 5.492560e+05 
2.604313e+01 9.578841e+06 1.154518e+06 
3.260467e+01 9.646289e+06 8.238840e+05 
3.779886e+01 8.419636e+06 4.152880e+05 
2.210349e+01 9.350166e+06 4.517680e+05 
2.725494e+01 6.679602e+06 4.152880e+05 
2.345384e+01 9.456250e+06 8.238840e+05 

4.312601e+01 7.030726e+06 4.015721e+05 
3.948432e+01 8.206529e+06 5.492560e+05 
2.594726e+01 9.693204e+06 6.525541e+05 
2.851933e+01 7.755432e+06 8.238840e+05 
2.225434e+01 7.433746e+06 8.238840e+05 
3.218759e+01 9.705291e+06 8.238840e+05 
3.128626e+01 8.944778e+06 6.525541e+05 
2.419428e+01 8.635031e+06 4.099320e+05 
2.226784e+01 8.175760e+06 5.492560e+05 
2.972972e+01 5.950816e+06 2.746280e+05 
2.224395e+01 7.044668e+06 4.015721e+05 
2.669085e+01 9.151967e+06 3.114660e+05 
3.096151e+01 8.326522e+06 5.492560e+05 
2.829166e+01 8.935988e+06 4.152880e+05 
2.977615e+01 8.456497e+06 5.492560e+05 
3.391058e+01 7.511986e+06 5.492560e+05 
3.046016e+01 5.930246e+06 4.152880e+05 
3.103113e+01 7.123426e+06 4.394052e+05 
3.260883e+01 7.235210e+06 4.152880e+05 
3.911645e+01 8.194464e+06 4.956700e+05 
3.632626e+01 7.107476e+06 3.114660e+05 
2.417461e+01 7.790338e+06 4.152880e+05 
3.463907e+01 6.302254e+06 4.015721e+05 
2.819416e+01 8.771343e+06 5.492560e+05 
2.335736e+01 8.932934e+06 8.238840e+05 
4.022800e+01 8.112196e+06 3.114660e+05 
2.512199e+01 8.404498e+06 6.525541e+05 
3.364417e+01 7.994734e+06 4.015721e+05 
2.524194e+01 7.819521e+06 4.517680e+05 
3.179833e+01 7.848394e+06 3.114660e+05 
2.385290e+01 7.207866e+06 6.525541e+05 
2.678605e+01 8.786639e+06 5.492560e+05 
2.980054e+01 8.289329e+06 5.492560e+05 
3.507221e+01 8.841490e+06 5.492560e+05 
2.633509e+01 7.049342e+06 4.152880e+05 
2.888661e+01 9.019291e+06 8.238840e+05 
4.087783e+01 9.656550e+06 6.525541e+05 
3.882056e+01 9.305507e+06 4.015721e+05 
3.138155e+01 7.842384e+06 4.015721e+05 
2.433714e+01 8.297177e+06 3.114660e+05 
3.758262e+01 7.292217e+06 4.015721e+05 
2.398207e+01 6.757867e+06 2.746280e+05 
3.219347e+01 7.914760e+06 4.015721e+05 
3.063319e+01 8.368201e+06 4.015721e+05 
2.905892e+01 1.021956e+07 4.461032e+05 
3.715455e+01 8.585356e+06 3.717510e+05 
2.461071e+01 7.570813e+06 4.015721e+05 
2.447284e+01 8.847558e+06 4.015721e+05 
2.128044e+01 7.940098e+06 5.492560e+05 
2.538958e+01 8.055176e+06 5.492560e+05 
3.391496e+01 7.520888e+06 8.238840e+05 
3.523057e+01 6.867749e+06 4.152880e+05 
3.155626e+01 7.457867e+06 6.525541e+05 
4.689054e+01 7.582784e+06 4.152880e+05 
2.622708e+01 7.045390e+06 4.517680e+05 
3.910979e+01 6.714780e+06 4.152880e+05 
3.408119e+01 8.126100e+06 8.238840e+05 
3.108651e+01 8.013556e+06 6.525541e+05 
2.438401e+01 9.269852e+06 5.492560e+05 
4.102076e+01 8.027365e+06 4.015721e+05 
2.204645e+01 6.602428e+06 4.015721e+05 
2.746835e+01 7.753931e+06 4.015721e+05 
3.560546e+01 6.607204e+06 2.746280e+05 
3.693828e+01 7.908314e+06 4.152880e+05 
2.415659e+01 9.734164e+06 9.035361e+05 
3.503305e+01 7.272874e+06 4.015721e+05 
3.551246e+01 7.063667e+06 4.517680e+05 
2.342512e+01 7.166323e+06 4.152880e+05 
2.597987e+01 8.117474e+06 5.492560e+05 
2.888963e+01 8.599526e+06 8.238840e+05 
3.676240e+01 8.422565e+06 6.525541e+05 
3.731784e+01 6.919233e+06 4.152880e+05 
2.815283e+01 9.416461e+06 8.238840e+05 
3.788237e+01 6.031665e+06 4.015721e+05 
3.721995e+01 8.953570e+06 5.492560e+05 
3.222108e+01 8.480011e+06 4.015721e+05 
3.106637e+01 8.999985e+06 5.492560e+05 
2.767728e+01 7.002229e+06 4.152880e+05 
2.334964e+01 8.358046e+06 6.525541e+05 
2.414480e+01 1.023552e+07 8.238840e+05 
3.842002e+01 9.612640e+06 6.525541e+05 
3.008987e+01 8.381805e+06 6.525541e+05 
2.908445e+01 8.830216e+06 6.525541e+05 
2.211142e+01 6.871189e+06 4.015721e+05 
2.556299e+01 7.493475e+06 4.015721e+05 
3.167240e+01 8.061799e+06 6.525541e+05 
2.634331e+01 8.438743e+06 4.015721e+05 
2.758119e+01 8.298215e+06 5.492560e+05 
3.526580e+01 7.583377e+06 4.152880e+05 
2.869394e+01 8.217123e+06 4.015721e+05 
2.288718e+01 7.133514e+06 4.015721e+05 
4.076237e+01 7.937808e+06 4.015721e+05 
4.823604e+01 8.779342e+06 4.015721e+05 
2.296069e+01 6.586312e+06 3.114660e+05 
2.977732e+01 7.623748e+06 5.492560e+05 
3.630009e+01 7.822348e+06 4.015721e+05 
4.148278e+01 1.016237e+07 6.525541e+05 
3.206668e+01 7.948412e+06 4.015721e+05 
2.556745e+01 7.052314e+06 4.015721e+05 
2.656986e+01 8.409322e+06 4.015721e+05 

2.393941e+01 8.481668e+06 4.015721e+05 
2.959521e+01 8.857750e+06 6.525541e+05 
3.102080e+01 7.948059e+06 4.015721e+05 
3.137395e+01 9.058662e+06 4.015721e+05 
2.490536e+01 8.519127e+06 8.238840e+05 
2.610343e+01 8.539203e+06 4.015721e+05 
2.569305e+01 6.616280e+06 4.152880e+05 
2.932272e+01 8.450115e+06 6.525541e+05 
2.619995e+01 7.747038e+06 5.492560e+05 
2.407443e+01 8.296475e+06 3.114660e+05 
2.513630e+01 8.162977e+06 5.492560e+05 
2.885266e+01 8.121222e+06 4.015721e+05 
3.044257e+01 7.983428e+06 4.015721e+05 
3.160551e+01 6.210842e+06 3.114660e+05 
3.064015e+01 8.239520e+06 5.492560e+05 
4.400480e+01 7.091176e+06 4.152880e+05 
2.492017e+01 9.725495e+06 8.238840e+05 
3.335542e+01 7.082956e+06 4.015721e+05 
3.124100e+01 8.271489e+06 6.525541e+05 
3.062969e+01 8.714204e+06 6.525541e+05 
2.523564e+01 8.139304e+06 8.238840e+05 
3.395983e+01 7.959380e+06 5.492560e+05 
3.450572e+01 8.490597e+06 5.492560e+05 
2.539483e+01 7.871531e+06 4.015721e+05 
2.660641e+01 7.490585e+06 4.015721e+05 
4.445420e+01 8.860385e+06 4.015721e+05 
2.747675e+01 7.757309e+06 5.492560e+05 
2.312452e+01 7.791625e+06 8.238840e+05 
2.946434e+01 8.057753e+06 5.492560e+05 
3.118502e+01 9.149826e+06 5.492560e+05 
2.881283e+01 7.383736e+06 4.015721e+05 
3.595504e+01 8.598592e+06 4.015721e+05 
3.232440e+01 7.468201e+06 5.492560e+05 
3.239440e+01 8.445515e+06 6.525541e+05 
3.719020e+01 7.263450e+06 4.152880e+05 
2.148234e+01 8.752424e+06 1.043587e+06 
2.462788e+01 8.846209e+06 4.015721e+05 
3.647472e+01 9.081382e+06 4.956700e+05 
3.393242e+01 7.762514e+06 3.114660e+05 
3.371280e+01 8.194953e+06 5.492560e+05 
4.738055e+01 7.205903e+06 3.114660e+05 
3.113528e+01 7.038081e+06 3.114660e+05 
4.093169e+01 9.171251e+06 5.492560e+05 
2.663752e+01 7.124208e+06 3.114660e+05 
2.157510e+01 7.768152e+06 7.689586e+05 
3.060667e+01 7.410284e+06 4.015721e+05 
2.569758e+01 7.640906e+06 4.015721e+05 
2.393387e+01 8.006594e+06 6.525541e+05 
3.311561e+01 1.043395e+07 4.956700e+05 
3.153425e+01 7.343995e+06 4.015721e+05 
4.000036e+01 8.225826e+06 5.492560e+05 
3.676859e+01 7.989166e+06 5.492560e+05 
2.532257e+01 6.923800e+06 4.152880e+05 
4.734747e+01 6.980614e+06 4.015721e+05 
2.452696e+01 8.637495e+06 5.492560e+05 
2.666279e+01 9.455134e+06 5.492560e+05 
3.178144e+01 6.288100e+06 3.114660e+05 
3.411858e+01 8.640777e+06 5.492560e+05 
2.552349e+01 6.786547e+06 4.152880e+05 
4.151606e+01 6.702766e+06 4.152880e+05 
3.052820e+01 7.897285e+06 4.152880e+05 
2.713350e+01 7.845657e+06 4.015721e+05 
4.083530e+01 6.916942e+06 2.567240e+05 
2.150309e+01 8.498595e+06 5.492560e+05 
2.771378e+01 6.586662e+06 2.746280e+05 
3.871943e+01 7.384799e+06 4.152880e+05 
2.928507e+01 7.448420e+06 5.492560e+05 
3.268735e+01 8.588312e+06 6.525541e+05 
3.952595e+01 9.075176e+06 3.114660e+05 
2.686915e+01 7.441840e+06 5.492560e+05 
2.426543e+01 7.932805e+06 5.492560e+05 
3.747678e+01 6.773330e+06 4.015721e+05 
2.893777e+01 7.662272e+06 4.015721e+05 
2.950534e+01 7.838929e+06 4.152880e+05 
3.631580e+01 7.703144e+06 3.114660e+05 
3.230238e+01 7.188551e+06 4.015721e+05 
2.409455e+01 7.049210e+06 4.152880e+05 
2.614199e+01 9.184445e+06 8.238840e+05 
2.946462e+01 7.642522e+06 4.015721e+05 
2.835150e+01 9.403957e+06 4.461032e+05 
2.469328e+01 7.946863e+06 8.238840e+05 
2.624420e+01 8.165628e+06 4.015721e+05 
3.581899e+01 8.429493e+06 4.015721e+05 
2.497463e+01 9.424720e+06 4.956700e+05 
2.800001e+01 7.419794e+06 4.152880e+05 
2.973252e+01 7.521099e+06 3.114660e+05 
3.735334e+01 8.383170e+06 4.152880e+05 
2.153488e+01 7.449701e+06 4.015721e+05 
3.010922e+01 8.081747e+06 3.114660e+05 
3.263076e+01 6.672517e+06 3.114660e+05 
2.586380e+01 6.188581e+06 4.152880e+05 
2.209117e+01 7.505611e+06 5.492560e+05 
3.479411e+01 7.820690e+06 3.114660e+05 
3.394492e+01 7.938239e+06 5.492560e+05 
3.072052e+01 7.946209e+06 5.492560e+05 
3.767341e+01 9.556108e+06 4.152880e+05 
3.990871e+01 9.646015e+06 8.238840e+05 
3.005480e+01 7.429320e+06 5.492560e+05 
2.692990e+01 7.804634e+06 3.114660e+05 
3.826214e+01 6.543828e+06 4.015721e+05 

