8.004550e+03 3.238792e+07 1.191674e+06 
8.088750e+03 3.206839e+07 1.057574e+06 
9.794250e+03 3.781160e+07 8.501059e+05 
9.671500e+03 3.708391e+07 9.064920e+05 
7.428850e+03 3.010160e+07 1.359738e+06 
9.804200e+03 3.749644e+07 8.501059e+05 
9.001100e+03 3.535208e+07 9.568890e+05 
8.713300e+03 3.459910e+07 9.345320e+05 
8.695100e+03 3.421452e+07 9.568890e+05 
6.955400e+03 2.869386e+07 1.702391e+06 
6.864550e+03 2.829077e+07 1.787511e+06 
9.562150e+03 3.688817e+07 8.511955e+05 
7.042900e+03 2.870244e+07 1.617271e+06 
7.339700e+03 3.018793e+07 1.361913e+06 
7.318400e+03 2.964728e+07 1.435279e+06 
6.922300e+03 2.848670e+07 1.617271e+06 
7.286800e+03 2.912478e+07 1.510820e+06 
7.011000e+03 2.848565e+07 1.532152e+06 
6.872500e+03 2.766638e+07 1.702391e+06 
8.072950e+03 3.216808e+07 1.057574e+06 
8.701700e+03 3.486648e+07 9.064920e+05 
7.840450e+03 3.138474e+07 1.106554e+06 
7.348050e+03 3.009502e+07 1.361913e+06 
7.241300e+03 2.962548e+07 1.447032e+06 
7.237450e+03 2.917866e+07 1.510820e+06 
7.580050e+03 3.122507e+07 1.276793e+06 
7.747850e+03 3.184010e+07 1.276793e+06 
7.164600e+03 2.923214e+07 1.510820e+06 
7.698850e+03 3.197847e+07 1.276793e+06 
8.035250e+03 3.162285e+07 1.276793e+06 
8.046550e+03 3.202312e+07 1.244873e+06 
8.175800e+03 3.232300e+07 9.820330e+05 
8.153100e+03 3.257540e+07 1.021435e+06 
7.009300e+03 2.838705e+07 1.702391e+06 
8.569300e+03 3.473325e+07 9.363151e+05 
8.158000e+03 3.253397e+07 1.106554e+06 
8.311200e+03 3.308394e+07 9.792460e+05 
6.773600e+03 2.817238e+07 1.872630e+06 
7.425700e+03 3.050203e+07 1.284197e+06 
6.429000e+03 2.642410e+07 2.127989e+06 
6.422600e+03 2.616355e+07 2.213108e+06 
6.338100e+03 2.586175e+07 2.383347e+06 
8.638950e+03 3.428939e+07 9.568890e+05 
6.853950e+03 2.832511e+07 1.702391e+06 
6.513000e+03 2.681829e+07 2.127989e+06 
6.536200e+03 2.684368e+07 2.042869e+06 
6.361800e+03 2.595509e+07 2.298228e+06 
6.951100e+03 2.844509e+07 1.617271e+06 
6.558150e+03 2.686887e+07 1.957750e+06 
8.638600e+03 3.466093e+07 9.143481e+05 
8.039850e+03 3.215731e+07 1.191674e+06 
7.559100e+03 3.069395e+07 1.359738e+06 
7.951650e+03 3.237271e+07 1.057574e+06 
7.428800e+03 3.037143e+07 1.284197e+06 
8.153700e+03 3.237715e+07 1.021435e+06 
7.177900e+03 2.983215e+07 1.447032e+06 
7.296850e+03 3.068192e+07 1.361913e+06 
6.852350e+03 2.783442e+07 1.872630e+06 
6.814250e+03 2.741778e+07 1.957750e+06 
7.572450e+03 3.127656e+07 1.276793e+06 
6.770450e+03 2.821867e+07 1.872630e+06 
7.245700e+03 2.923285e+07 1.447032e+06 
6.393600e+03 2.618137e+07 2.213108e+06 
8.585950e+03 3.468625e+07 9.345320e+05 
7.385800e+03 3.020669e+07 1.359738e+06 
7.412300e+03 3.017311e+07 1.361913e+06 
6.498050e+03 2.686407e+07 2.042869e+06 
6.344900e+03 2.602511e+07 2.553587e+06 
6.667300e+03 2.727626e+07 2.042869e+06 
6.573550e+03 2.679640e+07 2.042869e+06 
7.802400e+03 3.138141e+07 1.133115e+06 
8.035050e+03 3.223287e+07 1.057574e+06 
7.577550e+03 3.124883e+07 1.208656e+06 
6.989000e+03 2.839002e+07 1.617271e+06 
6.547400e+03 2.707494e+07 1.957750e+06 
9.527650e+03 3.702966e+07 8.721289e+05 
6.366250e+03 2.580106e+07 2.383347e+06 
7.262800e+03 2.917125e+07 1.510820e+06 
6.374100e+03 2.583117e+07 2.383347e+06 
6.661150e+03 2.734425e+07 2.042869e+06 
6.423350e+03 2.594035e+07 2.298228e+06 
8.533250e+03 3.439281e+07 9.895141e+05 
6.822100e+03 2.758726e+07 1.787511e+06 
8.584500e+03 3.496905e+07 9.345320e+05 
7.372850e+03 2.990217e+07 1.361913e+06 
7.202400e+03 3.035990e+07 1.361913e+06 
7.167250e+03 3.021788e+07 1.447032e+06 
7.274800e+03 2.953853e+07 1.510820e+06 
7.315300e+03 2.940631e+07 1.435279e+06 
9.417050e+03 3.667919e+07 8.937553e+05 
7.618900e+03 3.120729e+07 1.276793e+06 
6.985450e+03 2.841085e+07 1.617271e+06 
8.158800e+03 3.261915e+07 9.895141e+05 
7.835250e+03 3.126550e+07 1.133115e+06 
9.119350e+03 3.624532e+07 9.514166e+05 
7.628000e+03 3.116476e+07 1.276793e+06 
6.776900e+03 2.761794e+07 1.787511e+06 
6.843750e+03 2.755518e+07 1.872630e+06 
7.267750e+03 3.011493e+07 1.435279e+06 
6.440150e+03 2.577360e+07 2.383347e+06 

6.586500e+03 2.699294e+07 2.042869e+06 
8.830300e+03 3.595533e+07 8.309510e+05 
6.653250e+03 2.753351e+07 1.915190e+06 
7.087900e+03 2.856510e+07 1.510820e+06 
8.607700e+03 3.554002e+07 8.764034e+05 
7.226850e+03 2.989948e+07 1.361913e+06 
6.686650e+03 2.717960e+07 1.957750e+06 
6.641450e+03 2.723001e+07 1.957750e+06 
7.084850e+03 2.872047e+07 1.447032e+06 
8.466550e+03 3.583018e+07 8.724740e+05 
6.662850e+03 2.740539e+07 1.872630e+06 
6.894850e+03 2.803979e+07 1.617271e+06 
6.358350e+03 2.614105e+07 2.553587e+06 
8.526500e+03 3.592712e+07 8.511955e+05 
6.405650e+03 2.599554e+07 2.383347e+06 
7.205950e+03 2.959439e+07 1.359738e+06 
7.614950e+03 3.180204e+07 1.057574e+06 
8.667500e+03 3.573404e+07 8.406318e+05 
6.402850e+03 2.608857e+07 2.383347e+06 
7.056050e+03 2.873404e+07 1.447032e+06 
8.664250e+03 3.681693e+07 8.406318e+05 
6.424850e+03 2.627209e+07 2.298228e+06 
7.792400e+03 3.250428e+07 9.820330e+05 
7.772400e+03 3.267841e+07 9.166462e+05 
6.568200e+03 2.720015e+07 2.042869e+06 
7.633800e+03 3.245933e+07 1.021435e+06 
6.394450e+03 2.609185e+07 2.383347e+06 
6.492700e+03 2.661495e+07 2.127989e+06 
6.439750e+03 2.622369e+07 2.298228e+06 
6.353100e+03 2.614457e+07 2.468467e+06 
7.138450e+03 2.869843e+07 1.447032e+06 
6.377100e+03 2.593599e+07 2.553587e+06 
6.460850e+03 2.648793e+07 2.213108e+06 
6.651300e+03 2.754768e+07 1.957750e+06 
8.592150e+03 3.556931e+07 8.764034e+05 
8.677900e+03 3.502318e+07 8.511955e+05 
8.823750e+03 3.628402e+07 9.043945e+05 
6.449350e+03 2.632777e+07 2.213108e+06 
7.193950e+03 2.980991e+07 1.284197e+06 
6.972050e+03 2.894611e+07 1.532152e+06 
6.353350e+03 2.606454e+07 2.468467e+06 
7.092400e+03 2.916333e+07 1.361913e+06 
6.997150e+03 2.888474e+07 1.435279e+06 
6.383700e+03 2.623776e+07 2.383347e+06 
6.445750e+03 2.620228e+07 2.298228e+06 
8.548200e+03 3.479391e+07 9.064920e+05 
7.398500e+03 3.040891e+07 1.208656e+06 
6.670600e+03 2.730805e+07 1.702391e+06 
7.493350e+03 3.175311e+07 1.276793e+06 
8.744250e+03 3.566888e+07 8.406318e+05 
7.569350e+03 3.218705e+07 1.191674e+06 
6.360350e+03 2.639794e+07 2.383347e+06 
6.999950e+03 2.875696e+07 1.447032e+06 
7.687750e+03 3.231176e+07 9.820330e+05 
7.545100e+03 3.225833e+07 1.021435e+06 
6.382600e+03 2.604305e+07 2.553587e+06 
7.493850e+03 3.190441e+07 1.106554e+06 
7.320250e+03 3.012972e+07 1.276793e+06 
6.397450e+03 2.628824e+07 2.298228e+06 
6.401350e+03 2.594487e+07 2.468467e+06 
6.990200e+03 2.846042e+07 1.532152e+06 
6.443450e+03 2.614514e+07 2.468467e+06 
8.471050e+03 3.516502e+07 9.043945e+05 
6.448750e+03 2.618935e+07 2.298228e+06 
6.364150e+03 2.605191e+07 2.553587e+06 
6.934800e+03 2.881870e+07 1.447032e+06 
6.437200e+03 2.626667e+07 2.298228e+06 
6.607750e+03 2.727068e+07 2.042869e+06 
7.535850e+03 3.149008e+07 1.133115e+06 
7.513350e+03 3.177102e+07 1.191674e+06 
6.840750e+03 2.840070e+07 1.787511e+06 
6.407150e+03 2.624482e+07 2.468467e+06 
6.399200e+03 2.629400e+07 2.468467e+06 
8.763650e+03 3.635916e+07 8.764034e+05 
6.383850e+03 2.610262e+07 2.383347e+06 
8.992650e+03 3.649621e+07 8.406318e+05 
6.890550e+03 2.862645e+07 1.532152e+06 
7.714700e+03 3.239120e+07 9.363151e+05 
7.543450e+03 3.186057e+07 1.106554e+06 
6.453900e+03 2.610102e+07 2.298228e+06 
7.672550e+03 3.244749e+07 1.057574e+06 
6.363350e+03 2.596443e+07 2.553587e+06 
6.369300e+03 2.598934e+07 2.468467e+06 
6.631400e+03 2.694232e+07 2.042869e+06 
6.952550e+03 2.907949e+07 1.702391e+06 
6.590950e+03 2.726986e+07 1.957750e+06 
7.332000e+03 3.010693e+07 1.359738e+06 
6.571400e+03 2.699497e+07 2.042869e+06 
7.475400e+03 3.186677e+07 1.191674e+06 
6.875250e+03 2.808593e+07 1.617271e+06 
7.003800e+03 2.816099e+07 1.532152e+06 
7.635350e+03 3.221979e+07 1.021435e+06 
6.648000e+03 2.695544e+07 2.127989e+06 
6.403850e+03 2.593646e+07 2.553587e+06 
6.995000e+03 2.847423e+07 1.617271e+06 
7.520650e+03 3.194976e+07 1.057574e+06 
6.646050e+03 2.776901e+07 1.872630e+06 
7.524750e+03 3.144550e+07 1.191674e+06 
7.754450e+03 3.198667e+07 1.244873e+06 
6.565550e+03 2.721519e+07 2.042869e+06 

8.104000e+03 3.302351e+07 9.363151e+05 
7.868950e+03 3.200483e+07 9.820330e+05 
8.190800e+03 3.348904e+07 9.121750e+05 
9.413450e+03 4.148937e+07 8.309510e+05 
7.806950e+03 3.214115e+07 1.021435e+06 
9.074600e+03 3.498682e+07 9.064920e+05 
6.790600e+03 2.809705e+07 1.702391e+06 
7.467450e+03 3.089970e+07 1.106554e+06 
6.787600e+03 2.810269e+07 1.702391e+06 
7.035100e+03 2.920310e+07 1.532152e+06 
6.549250e+03 2.695666e+07 2.042869e+06 
8.893850e+03 3.523604e+07 9.064920e+05 
7.470400e+03 3.053867e+07 1.133115e+06 
7.420450e+03 3.063805e+07 1.133115e+06 
7.176850e+03 2.966578e+07 1.361913e+06 
7.317350e+03 3.064575e+07 1.208656e+06 
7.419950e+03 3.013185e+07 1.191674e+06 
6.338950e+03 2.592349e+07 2.468467e+06 
6.347000e+03 2.592086e+07 2.383347e+06 
7.579700e+03 3.166102e+07 1.057574e+06 
7.284950e+03 3.046526e+07 1.276793e+06 
6.698250e+03 2.776875e+07 1.787511e+06 
7.864950e+03 3.209964e+07 9.895141e+05 
7.845750e+03 3.195248e+07 9.926605e+05 
7.340950e+03 3.086933e+07 1.133115e+06 
7.304750e+03 3.087094e+07 1.208656e+06 
7.192350e+03 2.929029e+07 1.361913e+06 
7.345750e+03 3.059004e+07 1.208656e+06 
7.813650e+03 3.184402e+07 1.021435e+06 
6.346350e+03 2.589333e+07 2.468467e+06 
7.046400e+03 2.932935e+07 1.510820e+06 
7.259050e+03 3.088798e+07 1.276793e+06 
6.364250e+03 2.583266e+07 2.383347e+06 
7.010650e+03 2.957166e+07 1.532152e+06 
9.395850e+03 4.169604e+07 8.309510e+05 
7.314900e+03 3.083734e+07 1.244873e+06 
6.842150e+03 2.811688e+07 1.617271e+06 
6.414100e+03 2.622520e+07 2.127989e+06 
6.626900e+03 2.729808e+07 1.872630e+06 
6.331550e+03 2.605797e+07 2.468467e+06 
6.366200e+03 2.611483e+07 2.383347e+06 
7.083050e+03 2.940099e+07 1.447032e+06 
6.334600e+03 2.614219e+07 2.383347e+06 
8.450350e+03 3.593956e+07 9.064920e+05 
7.256550e+03 3.102565e+07 1.208656e+06 
7.254450e+03 3.091311e+07 1.276793e+06 
6.352600e+03 2.612985e+07 2.383347e+06 
7.406100e+03 3.050522e+07 1.191674e+06 
6.562150e+03 2.705827e+07 1.957750e+06 
6.323000e+03 2.589705e+07 2.553587e+06 
7.417550e+03 3.037593e+07 1.284197e+06 
6.310150e+03 2.592768e+07 2.553587e+06 
7.355500e+03 3.051568e+07 1.191674e+06 
6.388950e+03 2.609138e+07 2.213108e+06 
7.222900e+03 3.013893e+07 1.510820e+06 
6.350050e+03 2.589793e+07 2.298228e+06 
6.792650e+03 2.798005e+07 1.702391e+06 
6.340600e+03 2.587960e+07 2.468467e+06 
7.278900e+03 3.076072e+07 1.276793e+06 
7.301650e+03 3.042960e+07 1.276793e+06 
6.306000e+03 2.591343e+07 2.553587e+06 
7.055200e+03 2.891968e+07 1.510820e+06 
7.152050e+03 2.883016e+07 1.532152e+06 
8.966000e+03 3.582163e+07 9.121750e+05 
6.339200e+03 2.600516e+07 2.383347e+06 
7.048750e+03 2.898405e+07 1.532152e+06 
7.326850e+03 3.106253e+07 1.191674e+06 
7.289400e+03 3.104919e+07 1.361913e+06 
7.838850e+03 3.215311e+07 9.820330e+05 
6.340450e+03 2.593084e+07 2.298228e+06 
7.024250e+03 2.950360e+07 1.532152e+06 
7.026300e+03 2.932532e+07 1.532152e+06 
7.201350e+03 2.921101e+07 1.361913e+06 
7.211550e+03 2.926411e+07 1.284197e+06 
8.778950e+03 3.607369e+07 8.629888e+05 
9.686700e+03 3.993812e+07 8.309510e+05 
8.828900e+03 3.597085e+07 8.629888e+05 
8.662800e+03 3.559321e+07 8.764034e+05 
7.155750e+03 2.927379e+07 1.435279e+06 
7.191550e+03 2.972858e+07 1.359738e+06 
6.927750e+03 2.874447e+07 1.702391e+06 
6.370500e+03 2.610152e+07 2.213108e+06 
8.865950e+03 3.619822e+07 8.511955e+05 
6.287950e+03 2.593074e+07 2.553587e+06 
6.602800e+03 2.737991e+07 1.872630e+06 
7.115650e+03 2.930528e+07 1.447032e+06 
6.536200e+03 2.727064e+07 2.042869e+06 
6.337850e+03 2.602099e+07 2.383347e+06 
7.293700e+03 2.974320e+07 1.447032e+06 
7.289050e+03 3.089367e+07 1.208656e+06 
8.903200e+03 3.631955e+07 8.406318e+05 
6.993550e+03 2.975027e+07 1.532152e+06 
7.154800e+03 2.995209e+07 1.435279e+06 
7.081600e+03 2.960637e+07 1.617271e+06 
8.171950e+03 3.365288e+07 9.121750e+05 
7.303600e+03 2.986361e+07 1.276793e+06 
7.482800e+03 3.045241e+07 1.133115e+06 
7.516700e+03 3.068338e+07 1.106554e+06 
7.445200e+03 3.023416e+07 1.191674e+06 
6.403450e+03 2.608103e+07 2.213108e+06 

8.737200e+03 3.676385e+07 9.043945e+05 
8.743650e+03 3.632264e+07 8.764034e+05 
8.400400e+03 3.502108e+07 9.363151e+05 
6.246500e+03 2.530216e+07 2.383347e+06 
8.389050e+03 3.298820e+07 1.057574e+06 
6.512100e+03 2.702319e+07 1.787511e+06 
6.450650e+03 2.663308e+07 2.042869e+06 
8.045000e+03 3.468507e+07 9.820330e+05 
6.155300e+03 2.510358e+07 2.468467e+06 
6.167400e+03 2.518892e+07 2.468467e+06 
7.438050e+03 3.192287e+07 1.191674e+06 
8.406350e+03 3.534826e+07 9.820330e+05 
7.123850e+03 2.915890e+07 1.359738e+06 
7.262050e+03 3.006797e+07 1.276793e+06 
7.329200e+03 3.059322e+07 1.208656e+06 
7.669550e+03 3.316141e+07 1.191674e+06 
7.318100e+03 3.025840e+07 1.276793e+06 
6.718350e+03 2.835315e+07 1.447032e+06 
6.700700e+03 2.806908e+07 1.510820e+06 
6.440300e+03 2.670211e+07 1.925829e+06 
7.211950e+03 2.944579e+07 1.284197e+06 
6.272900e+03 2.564308e+07 2.298228e+06 
7.510300e+03 3.190901e+07 1.191674e+06 
6.519850e+03 2.681413e+07 1.872630e+06 
6.253400e+03 2.572152e+07 2.298228e+06 
8.381950e+03 3.507509e+07 9.363151e+05 
6.407650e+03 2.663086e+07 2.042869e+06 
6.435450e+03 2.690008e+07 1.872630e+06 
7.924050e+03 3.406878e+07 1.021435e+06 
6.709400e+03 2.797355e+07 1.447032e+06 
6.661050e+03 2.809969e+07 1.435279e+06 
6.410750e+03 2.672212e+07 2.042869e+06 
6.660800e+03 2.781614e+07 1.532152e+06 
8.665200e+03 3.546493e+07 9.064920e+05 
6.649750e+03 2.764790e+07 1.532152e+06 
6.708650e+03 2.802712e+07 1.447032e+06 
6.299200e+03 2.545472e+07 2.298228e+06 
6.656650e+03 2.801376e+07 1.532152e+06 
6.202550e+03 2.527057e+07 2.383347e+06 
7.346700e+03 3.006699e+07 1.276793e+06 
6.524150e+03 2.725022e+07 1.787511e+06 
7.807400e+03 3.388308e+07 1.057574e+06 
6.622750e+03 2.812775e+07 1.532152e+06 
6.512700e+03 2.728762e+07 1.702391e+06 
6.740600e+03 2.802259e+07 1.510820e+06 
6.532050e+03 2.741496e+07 1.617271e+06 
7.338700e+03 3.036867e+07 1.208656e+06 
6.690450e+03 2.780969e+07 1.532152e+06 
8.490150e+03 3.481444e+07 1.021435e+06 
7.791200e+03 3.354249e+07 1.159753e+06 
7.717150e+03 3.328868e+07 1.106554e+06 
6.242200e+03 2.557548e+07 2.298228e+06 
6.635500e+03 2.776901e+07 1.532152e+06 
6.425850e+03 2.641104e+07 1.957750e+06 
8.064200e+03 3.464476e+07 9.895141e+05 
6.152200e+03 2.500818e+07 2.553587e+06 
6.208500e+03 2.524013e+07 2.383347e+06 
6.466950e+03 2.660632e+07 1.957750e+06 
7.716250e+03 3.362679e+07 1.106554e+06 
7.978850e+03 3.425550e+07 1.057574e+06 
6.702750e+03 2.809401e+07 1.447032e+06 
6.160550e+03 2.504428e+07 2.553587e+06 
6.655900e+03 2.800826e+07 1.510820e+06 
6.482300e+03 2.705651e+07 1.702391e+06 
7.394250e+03 3.056214e+07 1.208656e+06 
6.469550e+03 2.668528e+07 1.872630e+06 
6.705100e+03 2.805674e+07 1.510820e+06 
6.301950e+03 2.580636e+07 2.213108e+06 
6.247500e+03 2.554523e+07 2.298228e+06 
6.516100e+03 2.667978e+07 1.872630e+06 
8.326350e+03 3.465915e+07 9.820330e+05 
6.340400e+03 2.605253e+07 2.127989e+06 
7.703800e+03 3.369833e+07 1.106554e+06 
7.129250e+03 2.931205e+07 1.359738e+06 
6.199650e+03 2.529751e+07 2.383347e+06 
6.477100e+03 2.657966e+07 1.957750e+06 
8.488000e+03 3.483837e+07 9.363151e+05 
7.820400e+03 3.381754e+07 1.057574e+06 
7.168150e+03 2.911094e+07 1.359738e+06 
6.379000e+03 2.614094e+07 2.127989e+06 
6.317100e+03 2.605759e+07 2.127989e+06 
6.405050e+03 2.671003e+07 2.042869e+06 
6.627200e+03 2.794240e+07 1.532152e+06 
7.803000e+03 3.382257e+07 1.106554e+06 
7.891850e+03 3.441214e+07 1.057574e+06 
6.481750e+03 2.657675e+07 2.042869e+06 
7.776700e+03 3.391343e+07 1.106554e+06 
6.254600e+03 2.546264e+07 2.298228e+06 
6.296750e+03 2.570196e+07 2.213108e+06 
6.433250e+03 2.635513e+07 2.042869e+06 
7.547400e+03 3.197571e+07 1.133115e+06 
7.060300e+03 2.898060e+07 1.361913e+06 
7.252350e+03 3.018852e+07 1.276793e+06 
6.514400e+03 2.700145e+07 1.787511e+06 
7.087500e+03 2.952075e+07 1.415112e+06 
8.385350e+03 3.443182e+07 9.820330e+05 
6.520750e+03 2.725191e+07 1.617271e+06 
6.232600e+03 2.538231e+07 2.383347e+06 
7.757200e+03 3.368253e+07 1.133115e+06 
6.526900e+03 2.721450e+07 1.787511e+06 

8.003800e+03 3.388301e+07 9.363151e+05 
7.734650e+03 3.351851e+07 1.074634e+06 
7.744750e+03 3.337099e+07 9.064920e+05 
7.803650e+03 3.366890e+07 9.895141e+05 
7.453600e+03 3.224241e+07 1.106554e+06 
7.470150e+03 3.252000e+07 1.021435e+06 
7.130300e+03 3.023872e+07 1.329992e+06 
7.726800e+03 3.340853e+07 9.363151e+05 
6.424750e+03 2.617365e+07 2.553587e+06 
7.490600e+03 3.241001e+07 9.820330e+05 
6.414900e+03 2.623843e+07 2.553587e+06 
6.638100e+03 2.765422e+07 1.957750e+06 
6.406800e+03 2.628537e+07 2.553587e+06 
7.363700e+03 3.097580e+07 1.191674e+06 
6.815450e+03 2.758746e+07 1.830070e+06 
6.431500e+03 2.621561e+07 2.553587e+06 
6.410450e+03 2.624124e+07 2.553587e+06 
8.283950e+03 3.459375e+07 8.451031e+05 
7.374400e+03 3.147635e+07 1.133115e+06 
7.388500e+03 3.163907e+07 1.106554e+06 
7.190150e+03 3.072152e+07 1.276793e+06 
7.086550e+03 2.960005e+07 1.415112e+06 
6.900000e+03 2.905789e+07 1.447032e+06 
6.423900e+03 2.621640e+07 2.553587e+06 
6.528900e+03 2.662730e+07 2.042869e+06 
7.805350e+03 3.312778e+07 9.363151e+05 
6.462850e+03 2.657866e+07 2.127989e+06 
7.114300e+03 3.037584e+07 1.244873e+06 
6.491450e+03 2.664685e+07 2.042869e+06 
6.861450e+03 2.808520e+07 1.872630e+06 
6.464150e+03 2.678608e+07 2.298228e+06 
6.924350e+03 2.804351e+07 1.787511e+06 
6.588000e+03 2.706574e+07 2.042869e+06 
6.820900e+03 2.804896e+07 1.915190e+06 
6.567150e+03 2.699872e+07 2.000309e+06 
7.565550e+03 3.235452e+07 9.895141e+05 
6.949650e+03 2.889462e+07 1.532152e+06 
6.898300e+03 2.873087e+07 1.617271e+06 
6.593400e+03 2.674726e+07 2.042869e+06 
6.574000e+03 2.677874e+07 2.127989e+06 
8.231050e+03 3.464189e+07 8.451031e+05 
6.912350e+03 2.894216e+07 1.532152e+06 
6.524800e+03 2.660506e+07 2.298228e+06 
6.949000e+03 2.928190e+07 1.532152e+06 
7.493250e+03 3.234300e+07 1.021435e+06 
6.904700e+03 2.871379e+07 1.617271e+06 
6.628700e+03 2.762112e+07 1.915190e+06 
6.444250e+03 2.624756e+07 2.468467e+06 
7.967600e+03 3.389899e+07 8.585176e+05 
6.986600e+03 2.862130e+07 1.744951e+06 
6.979150e+03 2.859048e+07 1.617271e+06 
6.952400e+03 2.868801e+07 1.744951e+06 
7.025300e+03 2.939109e+07 1.284197e+06 
7.715750e+03 3.341178e+07 9.064920e+05 
6.924350e+03 2.871211e+07 1.617271e+06 
7.787450e+03 3.332702e+07 9.064920e+05 
6.950900e+03 2.901732e+07 1.447032e+06 
6.926050e+03 2.869195e+07 1.532152e+06 
6.465500e+03 2.633524e+07 2.468467e+06 
6.884800e+03 2.897669e+07 1.787511e+06 
6.858850e+03 2.869338e+07 1.872630e+06 
6.909200e+03 2.871467e+07 1.617271e+06 
7.357400e+03 3.133532e+07 1.159753e+06 
6.414550e+03 2.627196e+07 2.553587e+06 
6.986300e+03 2.936296e+07 1.361913e+06 
6.446200e+03 2.637106e+07 2.383347e+06 
7.244300e+03 3.023707e+07 1.208656e+06 
7.380200e+03 3.122507e+07 1.159753e+06 
6.891150e+03 2.877447e+07 1.702391e+06 
6.867550e+03 2.794698e+07 1.787511e+06 
6.427650e+03 2.624042e+07 2.553587e+06 
6.598050e+03 2.742453e+07 1.957750e+06 
6.636800e+03 2.757084e+07 1.915190e+06 
6.473200e+03 2.667713e+07 2.213108e+06 
6.484450e+03 2.651085e+07 2.127989e+06 
7.230550e+03 3.087132e+07 1.208656e+06 
6.928700e+03 2.893372e+07 1.585351e+06 
6.957850e+03 2.869993e+07 1.617271e+06 
7.141200e+03 2.991710e+07 1.276793e+06 
7.079250e+03 2.967440e+07 1.361913e+06 
6.824650e+03 2.857326e+07 1.787511e+06 
6.992050e+03 2.875800e+07 1.532152e+06 
6.425050e+03 2.634730e+07 2.213108e+06 
6.440350e+03 2.633227e+07 2.468467e+06 
7.251550e+03 3.079960e+07 1.191674e+06 
7.240350e+03 3.086443e+07 1.191674e+06 
6.860100e+03 2.817445e+07 1.787511e+06 
7.153500e+03 3.018332e+07 1.244873e+06 
7.390300e+03 3.194275e+07 1.057574e+06 
6.902750e+03 2.835711e+07 1.659831e+06 
7.383450e+03 3.113309e+07 1.133115e+06 
6.421200e+03 2.638194e+07 2.383347e+06 
6.887050e+03 2.800652e+07 1.702391e+06 
7.366100e+03 3.200078e+07 1.133115e+06 
7.995100e+03 3.392138e+07 8.511955e+05 
6.612200e+03 2.729567e+07 1.957750e+06 
7.000550e+03 2.939848e+07 1.329992e+06 
6.652700e+03 2.748828e+07 1.872630e+06 
6.930850e+03 2.940693e+07 1.447032e+06 
7.293950e+03 3.133841e+07 1.159753e+06 

