6.245450e+03 2.552180e+07 2.553587e+06 
7.280200e+03 3.103182e+07 1.106554e+06 
7.024900e+03 2.948920e+07 1.447032e+06 
6.306650e+03 2.554979e+07 2.468467e+06 
6.887500e+03 2.806058e+07 1.510820e+06 
6.967700e+03 2.851127e+07 1.510820e+06 
6.605950e+03 2.679761e+07 1.957750e+06 
7.010400e+03 2.996315e+07 1.435279e+06 
6.522050e+03 2.651047e+07 2.042869e+06 
6.305100e+03 2.567278e+07 2.383347e+06 
7.259800e+03 3.147432e+07 1.191674e+06 
6.305950e+03 2.566573e+07 2.383347e+06 
7.263050e+03 3.052557e+07 1.191674e+06 
8.508550e+03 3.517023e+07 8.764034e+05 
6.258350e+03 2.548115e+07 2.553587e+06 
6.325850e+03 2.554719e+07 2.383347e+06 
8.552450e+03 3.499744e+07 8.764034e+05 
6.235650e+03 2.553311e+07 2.553587e+06 
6.613800e+03 2.674044e+07 1.957750e+06 
6.727050e+03 2.755236e+07 1.702391e+06 
7.390600e+03 3.175338e+07 1.057574e+06 
8.038600e+03 3.423279e+07 9.064920e+05 
7.141500e+03 2.995289e+07 1.276793e+06 
6.388250e+03 2.610382e+07 2.213108e+06 
6.555300e+03 2.654890e+07 2.042869e+06 
7.188500e+03 2.975558e+07 1.361913e+06 
7.393800e+03 3.121443e+07 1.191674e+06 
8.073950e+03 3.418603e+07 9.363151e+05 
7.437500e+03 3.191743e+07 9.895141e+05 
7.432850e+03 3.136183e+07 9.895141e+05 
6.533300e+03 2.647606e+07 2.127989e+06 
6.320650e+03 2.566105e+07 2.383347e+06 
7.718050e+03 3.294329e+07 9.363151e+05 
7.172150e+03 2.992002e+07 1.208656e+06 
7.050700e+03 3.010113e+07 1.361913e+06 
6.267150e+03 2.572491e+07 2.383347e+06 
6.772050e+03 2.762696e+07 1.617271e+06 
6.956400e+03 2.949998e+07 1.447032e+06 
8.053250e+03 3.439254e+07 9.363151e+05 
7.044950e+03 2.902494e+07 1.447032e+06 
6.298250e+03 2.579314e+07 2.298228e+06 
6.303950e+03 2.569772e+07 2.383347e+06 
7.095550e+03 2.972311e+07 1.435279e+06 
6.246250e+03 2.542130e+07 2.553587e+06 
7.189650e+03 2.942135e+07 1.361913e+06 
6.411350e+03 2.613359e+07 2.213108e+06 
8.418550e+03 3.491998e+07 8.942892e+05 
6.818700e+03 2.803698e+07 1.532152e+06 
6.538000e+03 2.644783e+07 2.127989e+06 
7.095350e+03 3.037066e+07 1.359738e+06 
6.290350e+03 2.555703e+07 2.468467e+06 
6.354250e+03 2.596512e+07 2.298228e+06 
7.103500e+03 3.078669e+07 1.329992e+06 
7.384550e+03 3.145385e+07 9.895141e+05 
7.137950e+03 2.944009e+07 1.447032e+06 
7.326350e+03 3.075899e+07 1.021435e+06 
6.681250e+03 2.717859e+07 1.872630e+06 
7.309200e+03 3.093966e+07 1.057574e+06 
7.295700e+03 3.083805e+07 1.106554e+06 
7.710550e+03 3.292136e+07 9.586246e+05 
7.073650e+03 3.048811e+07 1.359738e+06 
6.307950e+03 2.578315e+07 2.468467e+06 
6.618900e+03 2.673155e+07 1.957750e+06 
6.296400e+03 2.570936e+07 2.383347e+06 
7.146250e+03 3.078771e+07 1.361913e+06 
7.406050e+03 3.149095e+07 1.021435e+06 
6.257950e+03 2.552369e+07 2.553587e+06 
7.099650e+03 2.937285e+07 1.361913e+06 
6.919200e+03 2.866117e+07 1.510820e+06 
6.794450e+03 2.779484e+07 1.702391e+06 
7.117100e+03 3.010071e+07 1.284197e+06 
7.166300e+03 3.105286e+07 1.208656e+06 
6.605400e+03 2.674780e+07 1.957750e+06 
7.155650e+03 3.118225e+07 1.244873e+06 
7.247300e+03 2.972993e+07 1.208656e+06 
6.551600e+03 2.643420e+07 2.127989e+06 
7.450450e+03 3.143075e+07 9.820330e+05 
6.691850e+03 2.746802e+07 1.787511e+06 
7.162350e+03 3.007928e+07 1.435279e+06 
7.064350e+03 2.987117e+07 1.435279e+06 
6.823000e+03 2.791979e+07 1.617271e+06 
7.023100e+03 2.996096e+07 1.435279e+06 
6.804800e+03 2.794970e+07 1.532152e+06 
6.655200e+03 2.723582e+07 1.872630e+06 
6.265850e+03 2.572901e+07 2.468467e+06 
6.238850e+03 2.553682e+07 2.553587e+06 
7.341650e+03 3.138384e+07 1.106554e+06 
8.575150e+03 3.510664e+07 8.987604e+05 
7.729150e+03 3.288174e+07 9.586246e+05 
7.116750e+03 3.076561e+07 1.276793e+06 
8.634300e+03 3.536122e+07 8.764034e+05 
7.069900e+03 3.025768e+07 1.435279e+06 
7.160950e+03 2.957536e+07 1.284197e+06 
6.994950e+03 3.010691e+07 1.361913e+06 
7.741900e+03 3.296307e+07 9.586246e+05 
7.441000e+03 3.173730e+07 9.820330e+05 
8.607850e+03 3.588640e+07 8.764034e+05 
6.683250e+03 2.721814e+07 1.872630e+06 
6.682250e+03 2.728736e+07 1.787511e+06 
7.812650e+03 3.327141e+07 9.081707e+05 

7.981950e+03 3.299252e+07 9.820330e+05 
8.035450e+03 3.256903e+07 1.021435e+06 
9.138300e+03 3.754521e+07 9.064920e+05 
6.318650e+03 2.586558e+07 2.213108e+06 
7.432500e+03 3.153844e+07 1.244873e+06 
6.590750e+03 2.682807e+07 1.957750e+06 
7.161050e+03 2.977702e+07 1.361913e+06 
6.776200e+03 2.780617e+07 1.532152e+06 
7.753100e+03 3.330022e+07 1.074634e+06 
6.961600e+03 2.862944e+07 1.435279e+06 
9.039300e+03 3.730835e+07 8.511955e+05 
8.159150e+03 3.481225e+07 9.121750e+05 
6.327350e+03 2.579591e+07 2.298228e+06 
7.995150e+03 3.298960e+07 1.021435e+06 
7.478200e+03 3.194137e+07 1.276793e+06 
6.887850e+03 2.861691e+07 1.447032e+06 
7.217700e+03 2.974639e+07 1.361913e+06 
7.796250e+03 3.402810e+07 9.820330e+05 
9.084300e+03 3.683300e+07 8.809373e+05 
9.301600e+03 3.802906e+07 8.309510e+05 
7.933600e+03 3.245571e+07 1.074634e+06 
6.770850e+03 2.809554e+07 1.510820e+06 
9.151150e+03 3.701076e+07 9.043945e+05 
7.421950e+03 3.180158e+07 1.191674e+06 
9.138300e+03 3.701017e+07 8.511955e+05 
8.418000e+03 3.482104e+07 9.363151e+05 
6.771850e+03 2.781145e+07 1.702391e+06 
6.973400e+03 2.887501e+07 1.435279e+06 
9.163750e+03 3.757542e+07 8.309510e+05 
6.811950e+03 2.773914e+07 1.702391e+06 
6.877450e+03 2.877707e+07 1.447032e+06 
6.764650e+03 2.759854e+07 1.787511e+06 
9.154000e+03 3.781680e+07 8.148661e+05 
6.769550e+03 2.795485e+07 1.702391e+06 
6.456000e+03 2.632088e+07 2.042869e+06 
7.338000e+03 3.119708e+07 1.276793e+06 
7.926150e+03 3.288576e+07 1.149114e+06 
8.222800e+03 3.435564e+07 9.345320e+05 
7.261850e+03 3.017332e+07 1.359738e+06 
9.143950e+03 3.713942e+07 8.406318e+05 
6.406800e+03 2.626710e+07 2.213108e+06 
7.794600e+03 3.385894e+07 1.021435e+06 
7.898250e+03 3.272295e+07 1.063994e+06 
9.006750e+03 3.751581e+07 8.511955e+05 
6.877550e+03 2.862112e+07 1.585351e+06 
7.951100e+03 3.245378e+07 1.106554e+06 
8.058250e+03 3.305668e+07 9.363151e+05 
7.111300e+03 3.069516e+07 1.361913e+06 
8.262950e+03 3.413183e+07 9.345320e+05 
8.069600e+03 3.344687e+07 1.063994e+06 
9.103150e+03 3.762169e+07 8.309510e+05 
6.782300e+03 2.779957e+07 1.617271e+06 
7.944200e+03 3.267277e+07 1.057574e+06 
7.963400e+03 3.266471e+07 1.057574e+06 
9.213200e+03 3.808675e+07 8.148661e+05 
8.010150e+03 3.304155e+07 9.788749e+05 
6.525000e+03 2.675051e+07 2.042869e+06 
7.418600e+03 3.183766e+07 1.191674e+06 
9.072200e+03 3.715279e+07 8.853414e+05 
9.172900e+03 3.750596e+07 8.309510e+05 
7.944300e+03 3.261511e+07 1.106554e+06 
7.371950e+03 3.159388e+07 1.208656e+06 
7.488150e+03 3.249552e+07 1.106554e+06 
8.124000e+03 3.482530e+07 9.121750e+05 
7.725200e+03 3.333793e+07 1.021435e+06 
7.368500e+03 3.047201e+07 1.284197e+06 
6.760400e+03 2.789899e+07 1.787511e+06 
7.396050e+03 3.155850e+07 1.208656e+06 
6.557650e+03 2.687441e+07 1.957750e+06 
9.045200e+03 3.725563e+07 8.633184e+05 
6.850300e+03 2.830072e+07 1.500231e+06 
7.909550e+03 3.447403e+07 9.363151e+05 
6.736000e+03 2.795808e+07 1.702391e+06 
7.468250e+03 3.206860e+07 1.276793e+06 
9.459050e+03 3.866714e+07 8.048603e+05 
6.804300e+03 2.833248e+07 1.872630e+06 
7.957450e+03 3.240468e+07 1.106554e+06 
7.147100e+03 3.109650e+07 1.359738e+06 
6.332650e+03 2.585361e+07 2.383347e+06 
7.805650e+03 3.389980e+07 9.820330e+05 
6.824450e+03 2.796446e+07 1.787511e+06 
6.605350e+03 2.731303e+07 1.872630e+06 
7.226650e+03 3.103788e+07 1.359738e+06 
7.218450e+03 3.109960e+07 1.361913e+06 
7.374550e+03 3.157148e+07 1.244873e+06 
8.453350e+03 3.512595e+07 8.987604e+05 
6.580300e+03 2.685994e+07 1.957750e+06 
6.764150e+03 2.796287e+07 1.617271e+06 
8.277850e+03 3.442691e+07 9.064920e+05 
8.230850e+03 3.416768e+07 9.345320e+05 
7.724000e+03 3.352873e+07 1.074634e+06 
7.268850e+03 3.115094e+07 1.329992e+06 
7.320850e+03 3.041171e+07 1.284197e+06 
7.937000e+03 3.235537e+07 1.159753e+06 
6.321350e+03 2.602600e+07 2.383347e+06 
6.411150e+03 2.614356e+07 2.127989e+06 
8.270700e+03 3.545394e+07 9.121750e+05 
7.202650e+03 3.097669e+07 1.359738e+06 
6.635800e+03 2.697711e+07 1.957750e+06 
7.724350e+03 3.354017e+07 9.895141e+05 

7.743850e+03 3.076031e+07 1.276793e+06 
6.494350e+03 2.645421e+07 2.042869e+06 
7.485850e+03 3.001631e+07 1.359738e+06 
7.540850e+03 3.160510e+07 1.133115e+06 
6.589600e+03 2.712711e+07 1.787511e+06 
7.391300e+03 3.115239e+07 1.329992e+06 
6.451950e+03 2.646045e+07 2.127989e+06 
7.764000e+03 3.068281e+07 1.276793e+06 
6.699650e+03 2.752241e+07 1.532152e+06 
8.224450e+03 3.340269e+07 9.064920e+05 
7.790150e+03 3.076642e+07 1.208656e+06 
7.931150e+03 3.117770e+07 1.133115e+06 
7.578400e+03 3.047597e+07 1.284197e+06 
7.865250e+03 3.385242e+07 9.121750e+05 
8.368750e+03 3.381291e+07 9.043945e+05 
6.469600e+03 2.671767e+07 2.042869e+06 
7.572350e+03 3.213202e+07 1.057574e+06 
6.298350e+03 2.566868e+07 2.468467e+06 
6.615000e+03 2.691607e+07 1.787511e+06 
8.241850e+03 3.381899e+07 9.043945e+05 
6.474950e+03 2.641936e+07 2.213108e+06 
6.721150e+03 2.764144e+07 1.510820e+06 
6.635750e+03 2.684697e+07 1.787511e+06 
6.660000e+03 2.745870e+07 1.617271e+06 
6.459550e+03 2.645826e+07 2.213108e+06 
7.381400e+03 3.126403e+07 1.329992e+06 
9.449700e+03 3.845947e+07 8.048603e+05 
7.470000e+03 3.003697e+07 1.361913e+06 
7.834850e+03 3.113876e+07 1.191674e+06 
6.635750e+03 2.698452e+07 1.702391e+06 
6.447050e+03 2.660158e+07 2.127989e+06 
6.686150e+03 2.764209e+07 1.510820e+06 
8.546900e+03 3.465273e+07 8.309510e+05 
8.585050e+03 3.432624e+07 8.406318e+05 
8.522400e+03 3.463698e+07 8.764034e+05 
7.234250e+03 3.087347e+07 1.361913e+06 
6.495000e+03 2.643938e+07 2.127989e+06 
7.391100e+03 3.125625e+07 1.284197e+06 
6.667600e+03 2.769932e+07 1.532152e+06 
7.878350e+03 3.371477e+07 9.121750e+05 
6.682850e+03 2.765263e+07 1.532152e+06 
7.654750e+03 3.273869e+07 1.021435e+06 
7.703550e+03 3.046193e+07 1.284197e+06 
7.696450e+03 3.287174e+07 9.895141e+05 
7.800450e+03 3.065192e+07 1.276793e+06 
6.505750e+03 2.648504e+07 1.957750e+06 
8.384000e+03 3.653742e+07 8.942892e+05 
7.688300e+03 3.116008e+07 1.208656e+06 
6.288700e+03 2.598755e+07 2.468467e+06 
7.464400e+03 3.163823e+07 1.133115e+06 
6.663600e+03 2.682574e+07 1.787511e+06 
7.835300e+03 3.089629e+07 1.191674e+06 
6.258400e+03 2.575188e+07 2.553587e+06 
7.513150e+03 2.999290e+07 1.435279e+06 
8.589500e+03 3.454885e+07 8.309510e+05 
7.384200e+03 3.122642e+07 1.329992e+06 
6.465150e+03 2.645426e+07 2.213108e+06 
6.260250e+03 2.576107e+07 2.553587e+06 
6.643900e+03 2.746512e+07 1.617271e+06 
6.324100e+03 2.563220e+07 2.383347e+06 
7.468350e+03 3.159484e+07 1.244873e+06 
7.615500e+03 3.087796e+07 1.276793e+06 
6.765500e+03 2.795832e+07 1.447032e+06 
6.831550e+03 2.795497e+07 1.447032e+06 
8.192800e+03 3.362080e+07 9.064920e+05 
6.289850e+03 2.597074e+07 2.468467e+06 
6.395650e+03 2.582238e+07 2.298228e+06 
7.593900e+03 3.024466e+07 1.361913e+06 
7.447200e+03 3.167062e+07 1.244873e+06 
6.309000e+03 2.558633e+07 2.383347e+06 
7.894500e+03 3.127166e+07 1.133115e+06 
7.689150e+03 3.290147e+07 9.363151e+05 
6.529250e+03 2.701149e+07 1.872630e+06 
7.817400e+03 3.061177e+07 1.276793e+06 
6.478600e+03 2.666817e+07 2.042869e+06 
7.661450e+03 3.249880e+07 1.021435e+06 
8.817850e+03 3.504509e+07 8.048603e+05 
7.544000e+03 3.198393e+07 1.106554e+06 
6.635900e+03 2.686104e+07 1.702391e+06 
7.674700e+03 3.211106e+07 1.057574e+06 
9.515700e+03 3.887683e+07 7.869745e+05 
6.671050e+03 2.733513e+07 1.617271e+06 
6.297250e+03 2.576197e+07 2.468467e+06 
6.289900e+03 2.594620e+07 2.468467e+06 
7.479050e+03 3.157169e+07 1.244873e+06 
7.398400e+03 3.095165e+07 1.276793e+06 
7.479150e+03 3.120200e+07 1.191674e+06 
6.293650e+03 2.585800e+07 2.468467e+06 
6.262400e+03 2.564420e+07 2.553587e+06 
6.503300e+03 2.639783e+07 2.213108e+06 
6.539550e+03 2.656662e+07 1.872630e+06 
6.638050e+03 2.682748e+07 1.702391e+06 
7.617650e+03 3.083980e+07 1.276793e+06 
6.558750e+03 2.713520e+07 1.702391e+06 
7.588850e+03 3.032857e+07 1.329992e+06 
6.613950e+03 2.706817e+07 1.787511e+06 
7.504550e+03 3.149783e+07 1.159753e+06 
6.474850e+03 2.642570e+07 2.213108e+06 
6.400400e+03 2.580209e+07 2.298228e+06 
6.438550e+03 2.652192e+07 2.213108e+06 

6.379750e+03 2.646310e+07 2.553587e+06 
7.358300e+03 3.112676e+07 1.106554e+06 
8.919500e+03 3.700095e+07 8.511955e+05 
7.990950e+03 3.429240e+07 9.064920e+05 
6.545700e+03 2.721116e+07 2.042869e+06 
8.920150e+03 3.629774e+07 8.406318e+05 
7.593450e+03 3.287405e+07 9.820330e+05 
7.555250e+03 3.213897e+07 1.057574e+06 
7.123350e+03 3.036794e+07 1.359738e+06 
8.930750e+03 3.668933e+07 8.511955e+05 
6.562650e+03 2.737445e+07 1.957750e+06 
7.225750e+03 3.066541e+07 1.276793e+06 
7.088550e+03 2.990355e+07 1.447032e+06 
6.824000e+03 2.822532e+07 1.532152e+06 
7.080500e+03 3.007934e+07 1.435279e+06 
7.131450e+03 2.963228e+07 1.447032e+06 
7.420650e+03 3.138072e+07 1.244873e+06 
7.157450e+03 2.942967e+07 1.447032e+06 
7.077950e+03 3.012716e+07 1.447032e+06 
7.422450e+03 3.163070e+07 1.074634e+06 
6.733950e+03 2.782013e+07 1.617271e+06 
7.430750e+03 3.149763e+07 1.057574e+06 
7.512500e+03 3.190121e+07 9.895141e+05 
6.521550e+03 2.708765e+07 2.127989e+06 
6.581500e+03 2.735957e+07 1.872630e+06 
7.259950e+03 3.044098e+07 1.276793e+06 
7.217550e+03 2.962672e+07 1.415112e+06 
7.240650e+03 3.058229e+07 1.276793e+06 
6.621450e+03 2.763986e+07 1.787511e+06 
6.455700e+03 2.676033e+07 2.383347e+06 
6.638350e+03 2.779470e+07 1.872630e+06 
6.597450e+03 2.729885e+07 1.872630e+06 
7.131150e+03 3.044964e+07 1.361913e+06 
7.454350e+03 3.173206e+07 1.021435e+06 
7.713250e+03 3.301282e+07 9.479465e+05 
6.519450e+03 2.717744e+07 2.213108e+06 
6.681800e+03 2.782121e+07 1.702391e+06 
7.282400e+03 3.090621e+07 1.276793e+06 
6.691550e+03 2.765138e+07 1.702391e+06 
6.638800e+03 2.694266e+07 2.298228e+06 
7.247950e+03 3.078927e+07 1.191674e+06 
9.202250e+03 3.787399e+07 8.406318e+05 
6.566050e+03 2.735450e+07 1.957750e+06 
6.790850e+03 2.820214e+07 1.617271e+06 
6.499900e+03 2.663611e+07 2.213108e+06 
7.108350e+03 3.040298e+07 1.361913e+06 
6.639300e+03 2.754010e+07 1.787511e+06 
7.211350e+03 3.083705e+07 1.276793e+06 
7.119100e+03 3.014398e+07 1.447032e+06 
7.432650e+03 3.139571e+07 1.057574e+06 
7.069450e+03 2.908110e+07 1.510820e+06 
6.588650e+03 2.737427e+07 1.957750e+06 
7.649200e+03 3.324155e+07 9.363151e+05 
7.204900e+03 2.928731e+07 1.447032e+06 
7.978550e+03 3.462132e+07 9.064920e+05 
6.375700e+03 2.646547e+07 2.553587e+06 
7.926700e+03 3.390016e+07 9.121750e+05 
7.042600e+03 2.914737e+07 1.532152e+06 
7.371650e+03 3.153318e+07 1.133115e+06 
7.704200e+03 3.304555e+07 9.363151e+05 
7.154600e+03 3.016709e+07 1.361913e+06 
7.419500e+03 3.164043e+07 1.057574e+06 
7.581200e+03 3.197168e+07 1.106554e+06 
8.273200e+03 3.558890e+07 8.942892e+05 
6.594400e+03 2.712390e+07 2.042869e+06 
7.309500e+03 2.966764e+07 1.361913e+06 
7.867550e+03 3.350882e+07 9.121750e+05 
6.385850e+03 2.634654e+07 2.468467e+06 
7.593400e+03 3.314036e+07 9.820330e+05 
7.201800e+03 2.981173e+07 1.415112e+06 
6.719000e+03 2.790404e+07 1.617271e+06 
7.278200e+03 2.936435e+07 1.435279e+06 
6.618450e+03 2.772749e+07 1.787511e+06 
7.111200e+03 3.026913e+07 1.361913e+06 
7.175200e+03 2.913247e+07 1.447032e+06 
6.624450e+03 2.738306e+07 1.702391e+06 
6.395050e+03 2.636406e+07 2.468467e+06 
6.735650e+03 2.777656e+07 1.617271e+06 
7.515350e+03 3.241370e+07 1.057574e+06 
7.327550e+03 2.978064e+07 1.361913e+06 
7.233500e+03 3.065574e+07 1.244873e+06 
6.535050e+03 2.720370e+07 2.127989e+06 
7.358100e+03 3.132806e+07 1.106554e+06 
7.259250e+03 3.066698e+07 1.208656e+06 
7.232350e+03 3.073451e+07 1.208656e+06 
6.628000e+03 2.729302e+07 1.957750e+06 
7.460650e+03 3.148097e+07 1.191674e+06 
8.190600e+03 3.496063e+07 8.942892e+05 
6.380550e+03 2.642918e+07 2.553587e+06 
7.845550e+03 3.341129e+07 9.479465e+05 
9.185800e+03 3.847799e+07 8.406318e+05 
7.633100e+03 3.296292e+07 9.820330e+05 
7.274900e+03 2.943212e+07 1.435279e+06 
7.260050e+03 3.066409e+07 1.133115e+06 
6.582500e+03 2.776764e+07 2.042869e+06 
6.651250e+03 2.749738e+07 1.787511e+06 
6.379550e+03 2.646877e+07 2.553587e+06 
7.624700e+03 3.277708e+07 9.820330e+05 
7.161800e+03 3.032352e+07 1.284197e+06 
6.443450e+03 2.665861e+07 2.383347e+06 

7.664350e+03 3.302208e+07 1.057574e+06 
7.443850e+03 3.062077e+07 1.133115e+06 
6.259150e+03 2.542622e+07 2.383347e+06 
8.241650e+03 3.655519e+07 9.064920e+05 
6.199600e+03 2.515408e+07 2.468467e+06 
7.012700e+03 2.932471e+07 1.361913e+06 
6.584300e+03 2.722974e+07 1.617271e+06 
6.498100e+03 2.688875e+07 1.702391e+06 
7.446000e+03 3.061367e+07 1.133115e+06 
7.557200e+03 3.324239e+07 1.057574e+06 
6.345950e+03 2.575630e+07 2.042869e+06 
7.502100e+03 3.257758e+07 1.057574e+06 
7.801300e+03 3.396893e+07 9.363151e+05 
6.404400e+03 2.630405e+07 1.787511e+06 
7.397250e+03 3.061019e+07 1.208656e+06 
8.231700e+03 3.421064e+07 9.345320e+05 
6.952700e+03 2.897767e+07 1.435279e+06 
7.504850e+03 3.057579e+07 1.133115e+06 
8.653250e+03 3.505684e+07 8.764034e+05 
7.140050e+03 2.998976e+07 1.284197e+06 
6.547300e+03 2.697567e+07 1.617271e+06 
6.187650e+03 2.509625e+07 2.553587e+06 
6.303100e+03 2.540938e+07 2.383347e+06 
8.188150e+03 3.386459e+07 9.788749e+05 
6.533100e+03 2.687864e+07 1.702391e+06 
6.962750e+03 2.908913e+07 1.435279e+06 
7.564750e+03 3.284056e+07 1.021435e+06 
6.316000e+03 2.597259e+07 2.127989e+06 
7.200200e+03 3.014694e+07 1.276793e+06 
7.470800e+03 3.250939e+07 1.133115e+06 
6.313650e+03 2.529171e+07 2.383347e+06 
6.272800e+03 2.540815e+07 2.383347e+06 
6.378400e+03 2.599992e+07 1.957750e+06 
6.643150e+03 2.802437e+07 1.447032e+06 
6.336400e+03 2.574862e+07 2.127989e+06 
7.492600e+03 3.271976e+07 1.057574e+06 
7.519050e+03 3.309360e+07 1.021435e+06 
6.186050e+03 2.517616e+07 2.553587e+06 
6.337250e+03 2.579114e+07 2.213108e+06 
7.585300e+03 3.277313e+07 1.021435e+06 
8.413400e+03 3.424173e+07 9.064920e+05 
8.329700e+03 3.466109e+07 9.064920e+05 
6.298950e+03 2.533756e+07 2.383347e+06 
7.410900e+03 3.067804e+07 1.159753e+06 
6.288200e+03 2.535917e+07 2.383347e+06 
7.821350e+03 3.393302e+07 9.586246e+05 
8.601700e+03 3.539888e+07 9.363151e+05 
7.821850e+03 3.477405e+07 9.121750e+05 
7.193200e+03 2.990300e+07 1.276793e+06 
6.361800e+03 2.573015e+07 2.042869e+06 
6.945750e+03 2.902131e+07 1.415112e+06 
6.338100e+03 2.573296e+07 2.127989e+06 
7.601950e+03 3.345200e+07 9.820330e+05 
6.656950e+03 2.752183e+07 1.532152e+06 
6.540500e+03 2.670426e+07 1.787511e+06 
6.466800e+03 2.646601e+07 1.872630e+06 
8.635800e+03 3.475959e+07 8.764034e+05 
7.169000e+03 2.955217e+07 1.329992e+06 
6.503600e+03 2.703328e+07 1.510820e+06 
7.533450e+03 3.237560e+07 1.074634e+06 
8.498950e+03 3.505639e+07 8.764034e+05 
7.209150e+03 2.965768e+07 1.276793e+06 
8.258600e+03 3.400745e+07 9.345320e+05 
6.318650e+03 2.579954e+07 2.127989e+06 
7.898050e+03 3.468135e+07 9.064920e+05 
7.703350e+03 3.401599e+07 9.363151e+05 
8.394700e+03 3.475221e+07 9.469543e+05 
7.617100e+03 3.287516e+07 9.820330e+05 
6.316450e+03 2.568740e+07 2.213108e+06 
7.699400e+03 3.382164e+07 1.042713e+06 
6.406300e+03 2.623405e+07 1.872630e+06 
8.333450e+03 3.458429e+07 8.937553e+05 
6.448800e+03 2.622327e+07 1.872630e+06 
6.316150e+03 2.578351e+07 2.213108e+06 
7.581650e+03 3.093316e+07 1.191674e+06 
7.709900e+03 3.420836e+07 1.021435e+06 
6.197700e+03 2.515327e+07 2.468467e+06 
7.564400e+03 3.302797e+07 1.021435e+06 
6.179850e+03 2.513550e+07 2.553587e+06 
6.982200e+03 2.899241e+07 1.361913e+06 
8.122000e+03 3.603693e+07 8.942892e+05 
7.189950e+03 2.985831e+07 1.329992e+06 
7.607300e+03 3.297629e+07 9.820330e+05 
6.536350e+03 2.677232e+07 1.702391e+06 
7.087950e+03 2.928678e+07 1.359738e+06 
6.251800e+03 2.555967e+07 2.383347e+06 
7.162750e+03 2.961475e+07 1.284197e+06 
6.368200e+03 2.594444e+07 2.127989e+06 
7.317600e+03 3.069449e+07 1.133115e+06 
6.776850e+03 2.796183e+07 1.447032e+06 
6.643400e+03 2.768820e+07 1.447032e+06 
7.347250e+03 3.026220e+07 1.191674e+06 
7.489450e+03 3.296922e+07 1.057574e+06 
7.272250e+03 2.992244e+07 1.208656e+06 
7.274100e+03 3.042369e+07 1.191674e+06 
7.485850e+03 3.247904e+07 1.074634e+06 
7.454750e+03 3.124363e+07 1.191674e+06 
7.179750e+03 2.999801e+07 1.276793e+06 
7.209100e+03 2.993333e+07 1.208656e+06 
8.042400e+03 3.466143e+07 9.121750e+05 

7.542500e+03 3.261370e+07 1.009079e+06 
6.346950e+03 2.572191e+07 2.213108e+06 
6.227400e+03 2.534792e+07 2.383347e+06 
6.565900e+03 2.691551e+07 1.872630e+06 
8.149650e+03 3.335914e+07 8.987604e+05 
6.247250e+03 2.520578e+07 2.468467e+06 
6.325800e+03 2.593035e+07 2.213108e+06 
7.253750e+03 3.089603e+07 1.244873e+06 
7.534500e+03 3.228656e+07 1.021435e+06 
7.019250e+03 2.973512e+07 1.435279e+06 
6.537500e+03 2.726103e+07 1.872630e+06 
6.339900e+03 2.578858e+07 2.213108e+06 
7.360250e+03 3.168182e+07 1.159753e+06 
6.199750e+03 2.517058e+07 2.383347e+06 
7.187000e+03 3.060776e+07 1.276793e+06 
7.027700e+03 2.985661e+07 1.361913e+06 
6.567450e+03 2.708825e+07 1.872630e+06 
6.961000e+03 2.946976e+07 1.447032e+06 
7.089050e+03 3.007182e+07 1.359738e+06 
7.049700e+03 3.012654e+07 1.329992e+06 
6.673150e+03 2.805133e+07 1.532152e+06 
6.586400e+03 2.711961e+07 1.787511e+06 
7.458250e+03 3.210842e+07 1.106554e+06 
6.571700e+03 2.703456e+07 1.872630e+06 
6.713900e+03 2.845385e+07 1.532152e+06 
7.029900e+03 2.998010e+07 1.361913e+06 
8.156000e+03 3.335285e+07 8.987604e+05 
7.237800e+03 3.096294e+07 1.191674e+06 
6.625200e+03 2.774835e+07 1.617271e+06 
6.600100e+03 2.720100e+07 1.787511e+06 
7.869700e+03 3.367455e+07 9.479465e+05 
7.139800e+03 3.039507e+07 1.284197e+06 
6.650350e+03 2.756272e+07 1.702391e+06 
6.561300e+03 2.750649e+07 1.787511e+06 
7.201200e+03 3.083866e+07 1.276793e+06 
6.322550e+03 2.573377e+07 2.298228e+06 
7.953700e+03 3.276092e+07 9.703035e+05 
7.639150e+03 3.271462e+07 9.820330e+05 
7.109550e+03 3.066073e+07 1.284197e+06 
7.678500e+03 3.297987e+07 9.479465e+05 
7.486200e+03 3.226287e+07 1.021435e+06 
8.111900e+03 3.307113e+07 9.363151e+05 
7.125100e+03 3.054569e+07 1.284197e+06 
6.576100e+03 2.766439e+07 1.702391e+06 
7.748100e+03 3.368292e+07 9.363151e+05 
7.320000e+03 3.109727e+07 1.191674e+06 
7.016300e+03 2.985628e+07 1.415112e+06 
6.829400e+03 2.881810e+07 1.447032e+06 
6.451100e+03 2.649528e+07 1.957750e+06 
7.566450e+03 3.251021e+07 9.837181e+05 
7.998600e+03 3.284704e+07 9.064920e+05 
6.335150e+03 2.578704e+07 2.127989e+06 
6.978050e+03 2.930552e+07 1.447032e+06 
6.659850e+03 2.794487e+07 1.617271e+06 
7.457800e+03 3.226481e+07 1.106554e+06 
7.489800e+03 3.230737e+07 1.021435e+06 
7.585250e+03 3.207890e+07 1.106554e+06 
8.205250e+03 3.345853e+07 8.987604e+05 
6.317250e+03 2.570013e+07 2.213108e+06 
6.716550e+03 2.822323e+07 1.532152e+06 
6.769200e+03 2.822623e+07 1.510820e+06 
6.746900e+03 2.836889e+07 1.510820e+06 
6.724200e+03 2.860963e+07 1.510820e+06 
7.797500e+03 3.394426e+07 9.479465e+05 
6.572800e+03 2.696137e+07 1.872630e+06 
7.132300e+03 3.032135e+07 1.284197e+06 
7.832100e+03 3.354538e+07 9.363151e+05 
7.441250e+03 3.165776e+07 1.133115e+06 
6.384000e+03 2.586171e+07 2.127989e+06 
6.348400e+03 2.591443e+07 2.042869e+06 
7.030650e+03 2.989068e+07 1.361913e+06 
8.101650e+03 3.305498e+07 9.788749e+05 
6.351000e+03 2.575894e+07 2.127989e+06 
7.065950e+03 3.012533e+07 1.359738e+06 
7.392950e+03 3.215632e+07 1.133115e+06 
7.432100e+03 3.207550e+07 1.133115e+06 
7.020900e+03 3.005267e+07 1.361913e+06 
7.125250e+03 3.038147e+07 1.284197e+06 
7.623300e+03 3.283488e+07 9.820330e+05 
7.686600e+03 3.223701e+07 1.057574e+06 
7.609450e+03 3.267635e+07 9.820330e+05 
6.741050e+03 2.850813e+07 1.510820e+06 
7.262750e+03 3.060986e+07 1.276793e+06 
7.067750e+03 2.996676e+07 1.359738e+06 
6.205650e+03 2.521792e+07 2.468467e+06 
7.380700e+03 3.193439e+07 1.133115e+06 
6.617650e+03 2.770630e+07 1.702391e+06 
8.168800e+03 3.349623e+07 9.345320e+05 
6.344550e+03 2.599551e+07 2.127989e+06 
7.592700e+03 3.288053e+07 1.009079e+06 
6.734900e+03 2.863177e+07 1.510820e+06 
7.653000e+03 3.301925e+07 9.479465e+05 
6.436700e+03 2.659921e+07 1.957750e+06 
6.337800e+03 2.591383e+07 2.042869e+06 
6.346550e+03 2.586272e+07 2.127989e+06 
7.028300e+03 3.011239e+07 1.415112e+06 
6.369550e+03 2.630297e+07 1.957750e+06 
7.242050e+03 3.120614e+07 1.208656e+06 
6.314400e+03 2.568734e+07 2.298228e+06 
7.464950e+03 3.186874e+07 1.106554e+06 

6.935850e+03 2.878810e+07 1.284197e+06 
6.366150e+03 2.616875e+07 1.957750e+06 
7.693450e+03 3.318167e+07 1.021435e+06 
6.309100e+03 2.572670e+07 2.213108e+06 
6.774650e+03 2.807120e+07 1.447032e+06 
7.684500e+03 3.297608e+07 1.021435e+06 
8.360050e+03 3.420156e+07 8.987604e+05 
6.263700e+03 2.557698e+07 2.383347e+06 
7.926550e+03 3.199993e+07 1.057574e+06 
6.870900e+03 2.839532e+07 1.361913e+06 
7.684650e+03 3.351725e+07 9.479465e+05 
6.766850e+03 2.820215e+07 1.447032e+06 
6.893800e+03 2.867751e+07 1.284197e+06 
7.931000e+03 3.564039e+07 9.064920e+05 
6.309200e+03 2.583930e+07 2.213108e+06 
6.325700e+03 2.611050e+07 2.127989e+06 
6.925750e+03 2.916490e+07 1.284197e+06 
7.733100e+03 3.344335e+07 9.820330e+05 
6.967450e+03 2.931660e+07 1.276793e+06 
7.788850e+03 3.372136e+07 9.479465e+05 
6.333400e+03 2.589421e+07 2.042869e+06 
7.672000e+03 3.131706e+07 1.106554e+06 
7.740950e+03 3.355442e+07 9.820330e+05 
6.819850e+03 2.807063e+07 1.447032e+06 
6.862200e+03 2.817648e+07 1.361913e+06 
7.637500e+03 3.311231e+07 1.021435e+06 
6.234300e+03 2.572482e+07 2.553587e+06 
6.859700e+03 2.803629e+07 1.532152e+06 
6.533200e+03 2.701046e+07 1.702391e+06 
8.319100e+03 3.398679e+07 9.064920e+05 
6.883000e+03 2.848256e+07 1.359738e+06 
8.339300e+03 3.389925e+07 9.064920e+05 
8.292900e+03 3.397468e+07 9.363151e+05 
7.577200e+03 3.114300e+07 1.106554e+06 
7.087300e+03 2.958184e+07 1.191674e+06 
6.541150e+03 2.712912e+07 1.702391e+06 
8.325950e+03 3.430390e+07 8.987604e+05 
6.387350e+03 2.606074e+07 1.957750e+06 
6.718150e+03 2.813234e+07 1.532152e+06 
6.365650e+03 2.618352e+07 1.872630e+06 
6.454850e+03 2.677114e+07 1.787511e+06 
6.232550e+03 2.548205e+07 2.383347e+06 
6.368800e+03 2.599204e+07 2.042869e+06 
6.986400e+03 2.942393e+07 1.276793e+06 
6.231600e+03 2.558322e+07 2.468467e+06 
6.353950e+03 2.608645e+07 1.957750e+06 
6.933850e+03 2.944815e+07 1.276793e+06 
6.242200e+03 2.559534e+07 2.383347e+06 
7.437600e+03 3.228355e+07 1.074634e+06 
7.010400e+03 2.861938e+07 1.359738e+06 
7.031800e+03 2.923030e+07 1.191674e+06 
7.234100e+03 3.003349e+07 1.133115e+06 
7.463700e+03 3.273861e+07 1.074634e+06 
6.662600e+03 2.784876e+07 1.617271e+06 
7.480350e+03 3.283171e+07 1.057574e+06 
7.682750e+03 3.303565e+07 1.021435e+06 
6.544400e+03 2.702603e+07 1.702391e+06 
6.777750e+03 2.820211e+07 1.447032e+06 
7.501800e+03 3.248673e+07 1.057574e+06 
6.929550e+03 2.890520e+07 1.359738e+06 
6.646250e+03 2.780929e+07 1.617271e+06 
6.410450e+03 2.628859e+07 1.872630e+06 
7.466300e+03 3.261839e+07 1.074634e+06 
7.019800e+03 2.947988e+07 1.208656e+06 
6.686250e+03 2.784098e+07 1.617271e+06 
6.975150e+03 2.930577e+07 1.276793e+06 
8.373550e+03 3.410322e+07 9.363151e+05 
6.269400e+03 2.576068e+07 2.298228e+06 
6.709300e+03 2.819453e+07 1.532152e+06 
7.522150e+03 3.253974e+07 1.057574e+06 
6.735600e+03 2.810601e+07 1.532152e+06 
7.621100e+03 3.331731e+07 1.021435e+06 
8.273500e+03 3.399831e+07 9.363151e+05 
6.989150e+03 2.921558e+07 1.276793e+06 
6.838950e+03 2.802722e+07 1.447032e+06 
6.475350e+03 2.667583e+07 1.787511e+06 
7.717100e+03 3.309135e+07 1.021435e+06 
7.080450e+03 2.927123e+07 1.276793e+06 
7.415000e+03 3.217760e+07 1.106554e+06 
7.781200e+03 3.341929e+07 9.837181e+05 
6.308750e+03 2.608921e+07 2.127989e+06 
8.301100e+03 3.408994e+07 8.987604e+05 
6.809500e+03 2.816087e+07 1.447032e+06 
7.734800e+03 3.427850e+07 9.363151e+05 
6.862000e+03 2.853580e+07 1.361913e+06 
6.534350e+03 2.727006e+07 1.702391e+06 
7.714100e+03 3.456954e+07 9.064920e+05 
6.306700e+03 2.599599e+07 2.213108e+06 
6.824800e+03 2.802159e+07 1.532152e+06 
6.450650e+03 2.674359e+07 1.787511e+06 
6.292900e+03 2.564989e+07 2.298228e+06 
7.171800e+03 2.969863e+07 1.133115e+06 
7.424900e+03 3.225760e+07 1.106554e+06 
7.600500e+03 3.320932e+07 1.021435e+06 
6.865450e+03 2.800518e+07 1.532152e+06 
6.291200e+03 2.591365e+07 2.298228e+06 
6.308900e+03 2.577920e+07 2.213108e+06 
6.326300e+03 2.591793e+07 2.127989e+06 
6.986950e+03 2.926391e+07 1.276793e+06 
7.478800e+03 3.249368e+07 1.057574e+06 

6.339400e+03 2.571553e+07 2.298228e+06 
6.332300e+03 2.571270e+07 2.383347e+06 
7.220900e+03 2.956213e+07 1.284197e+06 
6.252650e+03 2.569808e+07 2.553587e+06 
8.058700e+03 3.563397e+07 8.942892e+05 
8.092450e+03 3.533899e+07 8.942892e+05 
6.395650e+03 2.668796e+07 1.957750e+06 
6.502350e+03 2.716969e+07 1.787511e+06 
6.457050e+03 2.690995e+07 1.957750e+06 
7.298800e+03 3.084897e+07 1.133115e+06 
6.421000e+03 2.604589e+07 1.957750e+06 
6.344200e+03 2.569392e+07 2.383347e+06 
6.359950e+03 2.658500e+07 2.042869e+06 
7.026750e+03 2.917967e+07 1.361913e+06 
7.191800e+03 2.956217e+07 1.284197e+06 
6.321800e+03 2.584229e+07 2.298228e+06 
8.081350e+03 3.637112e+07 8.942892e+05 
6.319050e+03 2.556912e+07 2.553587e+06 
7.005900e+03 2.920417e+07 1.361913e+06 
6.384000e+03 2.619814e+07 2.042869e+06 
6.894000e+03 2.832807e+07 1.510820e+06 
6.324000e+03 2.626613e+07 2.213108e+06 
7.562650e+03 3.210774e+07 1.021435e+06 
7.842950e+03 3.475971e+07 9.479465e+05 
6.407600e+03 2.620229e+07 1.957750e+06 
7.206050e+03 2.986536e+07 1.284197e+06 
7.876450e+03 3.478542e+07 9.363151e+05 
6.404350e+03 2.659064e+07 1.957750e+06 
7.007900e+03 2.914951e+07 1.359738e+06 
6.846300e+03 2.828865e+07 1.447032e+06 
6.440200e+03 2.630805e+07 1.872630e+06 
6.794300e+03 2.812055e+07 1.585351e+06 
7.930800e+03 3.483678e+07 9.043945e+05 
7.018800e+03 2.888930e+07 1.435279e+06 
6.369450e+03 2.636993e+07 2.213108e+06 
6.737900e+03 2.776782e+07 1.586361e+06 
6.400100e+03 2.605954e+07 2.042869e+06 
6.412350e+03 2.662714e+07 1.872630e+06 
7.973900e+03 3.567686e+07 9.064920e+05 
6.801900e+03 2.813403e+07 1.532152e+06 
7.046000e+03 2.871159e+07 1.435279e+06 
6.390000e+03 2.681662e+07 2.010949e+06 
6.300700e+03 2.572786e+07 2.383347e+06 
6.800500e+03 2.804899e+07 1.532152e+06 
6.389450e+03 2.607956e+07 2.042869e+06 
7.098350e+03 2.936831e+07 1.359738e+06 
6.319900e+03 2.571426e+07 2.383347e+06 
7.807450e+03 3.418186e+07 9.479465e+05 
6.427800e+03 2.678108e+07 2.096068e+06 
7.696750e+03 3.293228e+07 9.820330e+05 
7.286850e+03 3.080133e+07 1.208656e+06 
7.546500e+03 3.217829e+07 9.895141e+05 
6.378900e+03 2.654619e+07 2.042869e+06 
6.809250e+03 2.813300e+07 1.510820e+06 
6.359000e+03 2.563718e+07 2.298228e+06 
8.008250e+03 3.613081e+07 9.043945e+05 
6.317100e+03 2.626701e+07 2.127989e+06 
7.470150e+03 3.151809e+07 1.106554e+06 
6.571250e+03 2.756201e+07 1.702391e+06 
6.258200e+03 2.560453e+07 2.553587e+06 
6.345100e+03 2.568472e+07 2.298228e+06 
6.394750e+03 2.677153e+07 2.010949e+06 
7.388000e+03 3.076313e+07 1.159753e+06 
7.152700e+03 2.968209e+07 1.284197e+06 
7.358600e+03 3.051878e+07 1.208656e+06 
6.772200e+03 2.790612e+07 1.586361e+06 
7.166700e+03 2.963076e+07 1.284197e+06 
7.891800e+03 3.423858e+07 9.363151e+05 
6.416750e+03 2.620787e+07 2.127989e+06 
6.253700e+03 2.558851e+07 2.553587e+06 
7.451150e+03 3.154993e+07 1.057574e+06 
6.283800e+03 2.554821e+07 2.553587e+06 
6.290050e+03 2.575451e+07 2.383347e+06 
6.266350e+03 2.555337e+07 2.468467e+06 
6.360050e+03 2.591926e+07 2.127989e+06 
7.196950e+03 2.966180e+07 1.276793e+06 
7.564450e+03 3.227411e+07 1.021435e+06 
6.406850e+03 2.583934e+07 2.383347e+06 
8.088950e+03 3.521923e+07 8.942892e+05 
6.946600e+03 2.884669e+07 1.447032e+06 
6.460050e+03 2.691725e+07 1.787511e+06 
7.621250e+03 3.259979e+07 9.820330e+05 
7.469200e+03 3.135293e+07 1.133115e+06 
6.293700e+03 2.559009e+07 2.553587e+06 
7.004500e+03 2.922201e+07 1.361913e+06 
6.472700e+03 2.622276e+07 1.872630e+06 
6.778900e+03 2.818461e+07 1.532152e+06 
7.195150e+03 2.975438e+07 1.208656e+06 
7.962150e+03 3.466319e+07 9.064920e+05 
7.982800e+03 3.443178e+07 9.363151e+05 
6.403100e+03 2.601618e+07 2.042869e+06 
6.337750e+03 2.609568e+07 2.468467e+06 
6.799900e+03 2.766162e+07 1.702391e+06 
7.267700e+03 3.011652e+07 1.276793e+06 
7.089550e+03 2.903367e+07 1.435279e+06 
6.326100e+03 2.574130e+07 2.213108e+06 
7.151050e+03 2.985696e+07 1.284197e+06 
7.691750e+03 3.293831e+07 9.820330e+05 
6.480950e+03 2.639396e+07 2.042869e+06 
7.939700e+03 3.514407e+07 9.121750e+05 

8.005050e+03 3.285415e+07 1.021435e+06 
9.389700e+03 3.753138e+07 8.764034e+05 
7.577700e+03 3.209848e+07 1.133115e+06 
6.874200e+03 2.859603e+07 1.617271e+06 
6.369750e+03 2.635895e+07 2.042869e+06 
8.172750e+03 3.560100e+07 9.363151e+05 
6.191300e+03 2.518743e+07 2.468467e+06 
9.401500e+03 3.808040e+07 8.762762e+05 
9.571800e+03 3.878491e+07 8.406318e+05 
6.208250e+03 2.515267e+07 2.468467e+06 
6.497000e+03 2.709942e+07 1.787511e+06 
1.008790e+04 4.080525e+07 8.192750e+05 
7.489050e+03 3.216795e+07 1.057574e+06 
6.282000e+03 2.586944e+07 2.213108e+06 
7.361000e+03 3.173951e+07 1.106554e+06 
7.401550e+03 3.147174e+07 1.133115e+06 
7.734750e+03 3.343780e+07 9.820330e+05 
6.155250e+03 2.510333e+07 2.553587e+06 
6.406200e+03 2.609457e+07 2.127989e+06 
7.267250e+03 3.069432e+07 1.191674e+06 
6.151900e+03 2.508056e+07 2.553587e+06 
8.101950e+03 3.361535e+07 9.363151e+05 
8.323350e+03 3.647531e+07 8.942892e+05 
6.199450e+03 2.517229e+07 2.383347e+06 
7.176800e+03 3.025757e+07 1.435279e+06 
7.748700e+03 3.310280e+07 1.021435e+06 
7.787950e+03 3.324319e+07 9.895141e+05 
6.446200e+03 2.665807e+07 1.872630e+06 
9.510100e+03 3.829921e+07 8.406318e+05 
6.177450e+03 2.520956e+07 2.468467e+06 
6.420100e+03 2.647098e+07 1.957750e+06 
6.924500e+03 2.849439e+07 1.702391e+06 
7.004450e+03 2.920147e+07 1.447032e+06 
8.439700e+03 3.673737e+07 8.942892e+05 
8.017700e+03 3.292982e+07 9.820330e+05 
6.160850e+03 2.506701e+07 2.553587e+06 
7.307300e+03 3.115026e+07 1.159753e+06 
7.255850e+03 3.063845e+07 1.244873e+06 
6.159450e+03 2.501954e+07 2.553587e+06 
6.472450e+03 2.656173e+07 2.042869e+06 
7.145550e+03 3.022044e+07 1.361913e+06 
9.414900e+03 3.751643e+07 8.764034e+05 
6.886600e+03 2.853783e+07 1.532152e+06 
6.419900e+03 2.654305e+07 1.957750e+06 
6.150000e+03 2.517805e+07 2.553587e+06 
7.256450e+03 3.068266e+07 1.276793e+06 
7.769900e+03 3.338067e+07 1.021435e+06 
6.440900e+03 2.646374e+07 1.957750e+06 
7.256300e+03 3.058864e+07 1.244873e+06 
6.435250e+03 2.646825e+07 1.957750e+06 
6.364350e+03 2.619944e+07 2.127989e+06 
6.415450e+03 2.654696e+07 1.957750e+06 
7.691450e+03 3.311319e+07 1.021435e+06 
8.404150e+03 3.470328e+07 8.987604e+05 
7.482050e+03 3.172025e+07 1.106554e+06 
7.140850e+03 3.015241e+07 1.435279e+06 
7.189800e+03 3.036669e+07 1.276793e+06 
7.092100e+03 3.035068e+07 1.361913e+06 
7.376700e+03 3.173611e+07 1.133115e+06 
9.433500e+03 3.807072e+07 8.511955e+05 
9.416900e+03 3.769576e+07 8.762762e+05 
6.387450e+03 2.623884e+07 2.042869e+06 
6.244900e+03 2.540196e+07 2.298228e+06 
6.384950e+03 2.631055e+07 2.042869e+06 
7.200900e+03 3.035663e+07 1.276793e+06 
7.628600e+03 3.314756e+07 1.021435e+06 
6.513000e+03 2.701291e+07 1.702391e+06 
6.432500e+03 2.622399e+07 2.042869e+06 
7.908750e+03 3.255305e+07 1.057574e+06 
6.376850e+03 2.632378e+07 2.042869e+06 
1.009260e+04 4.022980e+07 8.309510e+05 
6.219500e+03 2.513232e+07 2.383347e+06 
6.361600e+03 2.630601e+07 2.127989e+06 
9.409050e+03 3.783976e+07 8.762762e+05 
1.005065e+04 4.051197e+07 8.309510e+05 
7.259500e+03 3.052406e+07 1.244873e+06 
8.124300e+03 3.355785e+07 9.064920e+05 
7.324200e+03 3.142921e+07 1.191674e+06 
6.414250e+03 2.654881e+07 1.957750e+06 
7.109050e+03 3.021379e+07 1.435279e+06 
1.012680e+04 4.092755e+07 8.309510e+05 
7.129900e+03 3.029974e+07 1.284197e+06 
6.296050e+03 2.578238e+07 2.213108e+06 
6.412750e+03 2.657302e+07 1.957750e+06 
9.403750e+03 3.791634e+07 8.764034e+05 
6.455150e+03 2.666857e+07 1.787511e+06 
6.295450e+03 2.586771e+07 2.213108e+06 
8.284200e+03 3.638558e+07 9.043945e+05 
7.110800e+03 3.027615e+07 1.361913e+06 
6.385450e+03 2.613675e+07 2.127989e+06 
8.312800e+03 3.468298e+07 9.064920e+05 
7.254150e+03 3.069987e+07 1.191674e+06 
6.297300e+03 2.566740e+07 2.383347e+06 
6.882000e+03 2.874430e+07 1.532152e+06 
7.185100e+03 3.036679e+07 1.276793e+06 
9.404600e+03 3.736598e+07 8.764034e+05 
8.084300e+03 3.395486e+07 9.820330e+05 
6.240150e+03 2.562168e+07 2.298228e+06 
6.187200e+03 2.520050e+07 2.468467e+06 
6.926300e+03 2.891781e+07 1.447032e+06 

7.940950e+03 3.400605e+07 9.064920e+05 
7.736250e+03 3.312837e+07 9.586246e+05 
8.153950e+03 3.399915e+07 9.081707e+05 
6.279550e+03 2.562866e+07 2.383347e+06 
7.900400e+03 3.410243e+07 9.064920e+05 
8.259500e+03 3.500077e+07 8.942892e+05 
7.132000e+03 3.068785e+07 1.208656e+06 
7.433200e+03 3.171323e+07 1.106554e+06 
6.227750e+03 2.542719e+07 2.553587e+06 
7.532550e+03 3.220962e+07 1.159753e+06 
6.379400e+03 2.592336e+07 2.298228e+06 
7.129350e+03 3.051102e+07 1.244873e+06 
6.871450e+03 2.909543e+07 1.574712e+06 
6.994600e+03 3.046404e+07 1.359738e+06 
6.320250e+03 2.608987e+07 2.127989e+06 
7.878600e+03 3.360607e+07 9.479465e+05 
6.213950e+03 2.535057e+07 2.553587e+06 
7.282800e+03 3.147512e+07 1.191674e+06 
6.405200e+03 2.675177e+07 2.042869e+06 
8.870650e+03 3.693934e+07 8.764034e+05 
6.446150e+03 2.649856e+07 2.042869e+06 
7.116600e+03 3.060206e+07 1.244873e+06 
7.410850e+03 3.184326e+07 1.106554e+06 
6.497000e+03 2.670719e+07 1.787511e+06 
6.314250e+03 2.610636e+07 2.213108e+06 
6.547050e+03 2.707797e+07 1.617271e+06 
7.495900e+03 3.202470e+07 1.021435e+06 
7.422650e+03 3.087871e+07 1.133115e+06 
7.682850e+03 3.289979e+07 1.021435e+06 
7.896850e+03 3.386024e+07 9.363151e+05 
7.533750e+03 3.135164e+07 1.106554e+06 
7.081800e+03 3.030955e+07 1.284197e+06 
7.380950e+03 3.101849e+07 1.191674e+06 
7.074500e+03 3.037977e+07 1.284197e+06 
6.333950e+03 2.591644e+07 2.383347e+06 
7.248550e+03 3.093204e+07 1.284197e+06 
6.963500e+03 2.969970e+07 1.415112e+06 
6.528150e+03 2.712540e+07 1.702391e+06 
6.221950e+03 2.545770e+07 2.553587e+06 
8.214950e+03 3.495881e+07 8.942892e+05 
6.435550e+03 2.649905e+07 1.957750e+06 
7.402650e+03 3.200819e+07 1.133115e+06 
6.543250e+03 2.718015e+07 1.617271e+06 
7.028950e+03 3.039791e+07 1.329992e+06 
7.169700e+03 2.896759e+07 1.361913e+06 
6.520850e+03 2.712861e+07 1.702391e+06 
6.982850e+03 2.968881e+07 1.447032e+06 
6.962950e+03 2.971771e+07 1.447032e+06 
7.086750e+03 3.014302e+07 1.284197e+06 
6.532450e+03 2.692382e+07 1.702391e+06 
6.451200e+03 2.646751e+07 2.042869e+06 
6.316450e+03 2.620045e+07 2.127989e+06 
8.944750e+03 3.722701e+07 8.764034e+05 
6.953650e+03 2.980583e+07 1.361913e+06 
6.899550e+03 2.831558e+07 1.532152e+06 
6.556050e+03 2.701558e+07 1.617271e+06 
6.298700e+03 2.622489e+07 2.298228e+06 
6.301450e+03 2.614848e+07 2.213108e+06 
6.474150e+03 2.680071e+07 1.872630e+06 
6.962150e+03 2.872599e+07 1.532152e+06 
6.946400e+03 2.977804e+07 1.500231e+06 
6.219500e+03 2.557960e+07 2.468467e+06 
6.229550e+03 2.538557e+07 2.553587e+06 
7.051650e+03 3.039493e+07 1.284197e+06 
6.959000e+03 2.962849e+07 1.500231e+06 
6.310550e+03 2.606676e+07 2.298228e+06 
7.385300e+03 3.157805e+07 1.159753e+06 
7.767800e+03 3.363531e+07 9.479465e+05 
6.251200e+03 2.555499e+07 2.468467e+06 
7.912200e+03 3.409972e+07 9.064920e+05 
6.420350e+03 2.666524e+07 2.042869e+06 
6.995250e+03 2.989292e+07 1.359738e+06 
8.879450e+03 3.723683e+07 8.764034e+05 
8.336450e+03 3.487916e+07 8.942892e+05 
6.315300e+03 2.595046e+07 2.213108e+06 
6.305750e+03 2.609296e+07 2.298228e+06 
7.471350e+03 3.137337e+07 1.106554e+06 
6.532100e+03 2.698883e+07 1.702391e+06 
7.441100e+03 3.121707e+07 1.191674e+06 
6.671250e+03 2.764654e+07 1.617271e+06 
7.736200e+03 3.311425e+07 9.820330e+05 
6.536150e+03 2.679134e+07 1.702391e+06 
6.564350e+03 2.726036e+07 1.702391e+06 
6.543650e+03 2.714514e+07 1.617271e+06 
7.449100e+03 3.141130e+07 1.057574e+06 
6.250200e+03 2.557574e+07 2.468467e+06 
7.125050e+03 3.006759e+07 1.276793e+06 
7.485200e+03 3.208034e+07 9.820330e+05 
6.264200e+03 2.551511e+07 2.468467e+06 
7.899950e+03 3.377962e+07 9.121750e+05 
7.275050e+03 3.151293e+07 1.191674e+06 
7.320850e+03 3.139425e+07 1.191674e+06 
7.014350e+03 2.867297e+07 1.447032e+06 
7.437850e+03 3.196690e+07 1.057574e+06 
6.272000e+03 2.563455e+07 2.383347e+06 
6.267400e+03 2.563634e+07 2.383347e+06 
7.003000e+03 2.998022e+07 1.359738e+06 
7.395000e+03 3.136681e+07 1.159753e+06 
8.058350e+03 3.358745e+07 9.081707e+05 
6.856100e+03 2.899261e+07 1.532152e+06 

