7.940950e+03 3.239555e+07 1.284197e+06 
6.864850e+03 2.831395e+07 1.957750e+06 
7.714750e+03 3.119611e+07 1.359738e+06 
6.683000e+03 2.796318e+07 2.213108e+06 
7.321950e+03 2.967630e+07 1.617271e+06 
7.268350e+03 2.975890e+07 1.617271e+06 
7.991500e+03 3.276482e+07 1.244873e+06 
6.898300e+03 2.839008e+07 1.872630e+06 
7.239150e+03 2.981444e+07 1.787511e+06 
7.699750e+03 3.131320e+07 1.359738e+06 
7.321250e+03 2.972648e+07 1.787511e+06 
6.669500e+03 2.791030e+07 2.298228e+06 
7.413900e+03 3.023262e+07 1.447032e+06 
7.629700e+03 3.089855e+07 1.404473e+06 
6.683550e+03 2.779696e+07 2.213108e+06 
7.663750e+03 3.144246e+07 1.359738e+06 
6.633950e+03 2.750072e+07 2.468467e+06 
7.934050e+03 3.254132e+07 1.276793e+06 
7.572650e+03 3.096159e+07 1.361913e+06 
6.609050e+03 2.759082e+07 2.383347e+06 
6.862500e+03 2.844341e+07 1.957750e+06 
7.670200e+03 3.089810e+07 1.361913e+06 
6.759850e+03 2.812140e+07 2.127989e+06 
8.026650e+03 3.223520e+07 1.057574e+06 
7.905400e+03 3.272053e+07 1.284197e+06 

7.963300e+03 3.275284e+07 1.191674e+06 
6.557400e+03 2.698960e+07 2.127989e+06 
6.533400e+03 2.723961e+07 2.042869e+06 
6.698000e+03 2.757819e+07 1.957750e+06 
6.490450e+03 2.665171e+07 2.213108e+06 
6.276550e+03 2.572817e+07 2.468467e+06 
7.272250e+03 3.077713e+07 1.447032e+06 
7.090300e+03 2.960271e+07 1.617271e+06 
6.262550e+03 2.574726e+07 2.468467e+06 
7.082650e+03 2.968492e+07 1.617271e+06 
7.334550e+03 3.082828e+07 1.435279e+06 
7.392450e+03 3.107702e+07 1.284197e+06 
6.269450e+03 2.564416e+07 2.553587e+06 
7.139650e+03 2.985800e+07 1.532152e+06 
7.304600e+03 3.094704e+07 1.361913e+06 
6.541100e+03 2.714320e+07 2.042869e+06 
6.644400e+03 2.778826e+07 1.957750e+06 
7.020550e+03 2.953734e+07 1.787511e+06 
7.327800e+03 3.090867e+07 1.361913e+06 
6.523400e+03 2.661316e+07 2.213108e+06 
6.465950e+03 2.679299e+07 2.213108e+06 
7.373500e+03 3.110552e+07 1.359738e+06 
6.499200e+03 2.663034e+07 2.298228e+06 
7.562350e+03 3.177331e+07 1.276793e+06 
7.965050e+03 3.267816e+07 1.037375e+06 

8.079450e+03 3.256002e+07 1.191674e+06 
8.156300e+03 3.283428e+07 1.106554e+06 
8.098350e+03 3.262951e+07 1.133115e+06 
7.058400e+03 2.868594e+07 1.872630e+06 
7.047200e+03 2.882364e+07 1.872630e+06 
8.342000e+03 3.300015e+07 1.021435e+06 
8.184400e+03 3.286061e+07 1.028432e+06 
7.124600e+03 2.911682e+07 1.532152e+06 
6.671650e+03 2.776694e+07 2.213108e+06 
7.871750e+03 3.176707e+07 1.276793e+06 
6.755450e+03 2.783033e+07 2.042869e+06 
7.108650e+03 2.899535e+07 1.787511e+06 
7.129250e+03 2.894199e+07 1.617271e+06 
7.782400e+03 3.133878e+07 1.447032e+06 
7.831450e+03 3.152812e+07 1.361913e+06 
7.863850e+03 3.152523e+07 1.361913e+06 
7.831250e+03 3.156586e+07 1.361913e+06 
6.693400e+03 2.768819e+07 2.298228e+06 
8.186700e+03 3.253184e+07 1.208656e+06 
6.656400e+03 2.758227e+07 2.383347e+06 
6.694100e+03 2.780593e+07 2.127989e+06 
6.702750e+03 2.752544e+07 2.127989e+06 
6.645400e+03 2.769472e+07 2.298228e+06 
7.107600e+03 2.901276e+07 1.617271e+06 
6.702350e+03 2.769336e+07 2.127989e+06 

7.111550e+03 2.939692e+07 1.957750e+06 
6.498350e+03 2.722776e+07 2.298228e+06 
7.566250e+03 3.078673e+07 1.617271e+06 
7.580950e+03 3.065903e+07 1.787511e+06 
7.706850e+03 3.166497e+07 1.361913e+06 
6.544800e+03 2.729783e+07 2.298228e+06 
7.400400e+03 3.127278e+07 1.702391e+06 
6.470450e+03 2.692349e+07 2.383347e+06 
7.616500e+03 3.107171e+07 1.532152e+06 
7.755400e+03 3.261234e+07 1.284197e+06 
6.509450e+03 2.713642e+07 2.298228e+06 
7.129350e+03 2.972378e+07 1.872630e+06 
6.551650e+03 2.738405e+07 2.213108e+06 
7.052700e+03 2.930816e+07 2.127989e+06 
6.438950e+03 2.679220e+07 2.468467e+06 
7.574350e+03 3.113402e+07 1.532152e+06 
7.766700e+03 3.169580e+07 1.532152e+06 
7.072300e+03 2.914099e+07 2.042869e+06 
7.725300e+03 3.148730e+07 1.447032e+06 
6.502000e+03 2.692457e+07 2.468467e+06 
7.557900e+03 3.122019e+07 1.702391e+06 
7.391300e+03 3.090996e+07 1.755590e+06 
7.735500e+03 3.126643e+07 1.617271e+06 
8.045450e+03 3.361905e+07 1.021435e+06 
8.231150e+03 3.519026e+07 1.191674e+06 

6.554350e+03 2.738509e+07 2.127989e+06 
8.318450e+03 3.417321e+07 9.820330e+05 
6.450500e+03 2.653470e+07 2.213108e+06 
6.575500e+03 2.728710e+07 2.127989e+06 
6.443700e+03 2.666042e+07 2.298228e+06 
6.559950e+03 2.731855e+07 1.872630e+06 
6.473450e+03 2.646720e+07 2.383347e+06 
7.714800e+03 3.140879e+07 1.208656e+06 
6.460400e+03 2.651378e+07 2.298228e+06 
8.039950e+03 3.358646e+07 1.057574e+06 
8.131200e+03 3.424892e+07 1.191674e+06 
7.874900e+03 3.289498e+07 1.191674e+06 
7.664900e+03 3.128837e+07 1.276793e+06 
6.558600e+03 2.733683e+07 2.127989e+06 
7.444650e+03 3.122298e+07 1.659831e+06 
7.660550e+03 3.135957e+07 1.276793e+06 
7.710650e+03 3.128245e+07 1.435279e+06 
7.388150e+03 3.106637e+07 1.702391e+06 
7.747800e+03 3.102997e+07 1.404473e+06 
7.619800e+03 3.172743e+07 1.404473e+06 
7.970500e+03 3.257730e+07 1.191674e+06 
7.648600e+03 3.130801e+07 1.361913e+06 
7.463600e+03 3.094526e+07 1.447032e+06 
8.131450e+03 3.357487e+07 1.191674e+06 
8.080600e+03 3.349742e+07 1.021435e+06 

7.575950e+03 3.175518e+07 1.361913e+06 
6.396900e+03 2.602943e+07 2.468467e+06 
7.962050e+03 3.357208e+07 1.021435e+06 
7.139450e+03 2.957555e+07 1.702391e+06 
7.550700e+03 3.193057e+07 1.447032e+06 
6.691100e+03 2.785502e+07 2.042869e+06 
7.778050e+03 3.256937e+07 1.208656e+06 
7.603300e+03 3.190896e+07 1.276793e+06 
7.896100e+03 3.293855e+07 1.106554e+06 
7.156450e+03 2.986908e+07 1.617271e+06 
6.619350e+03 2.735939e+07 2.213108e+06 
6.604350e+03 2.737159e+07 2.298228e+06 
6.631800e+03 2.746965e+07 2.127989e+06 
6.429100e+03 2.613682e+07 2.383347e+06 
7.127100e+03 2.972115e+07 1.872630e+06 
6.707600e+03 2.718907e+07 2.213108e+06 
6.652100e+03 2.734465e+07 2.213108e+06 
7.297150e+03 3.072664e+07 1.532152e+06 
6.733900e+03 2.756967e+07 2.042869e+06 
6.684950e+03 2.728673e+07 2.213108e+06 
6.605000e+03 2.713401e+07 2.298228e+06 
6.661800e+03 2.736107e+07 2.127989e+06 
7.566900e+03 3.144886e+07 1.447032e+06 
6.637400e+03 2.746718e+07 2.127989e+06 
6.668050e+03 2.733700e+07 2.127989e+06 

6.432150e+03 2.645786e+07 2.213108e+06 
7.271400e+03 2.990664e+07 1.435279e+06 
6.326000e+03 2.570209e+07 2.383347e+06 
6.469250e+03 2.693635e+07 1.872630e+06 
6.457800e+03 2.686192e+07 1.957750e+06 
6.441600e+03 2.674371e+07 2.042869e+06 
7.209700e+03 2.996061e+07 1.489592e+06 
6.503300e+03 2.641904e+07 2.213108e+06 
6.323350e+03 2.575432e+07 2.468467e+06 
6.409800e+03 2.651171e+07 2.213108e+06 
6.442250e+03 2.658615e+07 2.127989e+06 
6.502700e+03 2.648861e+07 2.042869e+06 
7.823650e+03 3.272807e+07 1.276793e+06 
6.446600e+03 2.648587e+07 2.127989e+06 
6.719150e+03 2.780374e+07 1.787511e+06 
6.391450e+03 2.641917e+07 2.298228e+06 
6.477400e+03 2.669474e+07 1.957750e+06 
6.456750e+03 2.650443e+07 2.042869e+06 
7.849600e+03 3.293258e+07 1.133115e+06 
6.398150e+03 2.627337e+07 2.298228e+06 
7.082100e+03 2.953105e+07 1.532152e+06 
6.538600e+03 2.665344e+07 1.957750e+06 
7.048000e+03 2.936760e+07 1.617271e+06 
8.106550e+03 3.360559e+07 1.276793e+06 
6.451350e+03 2.673414e+07 2.042869e+06 

6.522600e+03 2.669902e+07 2.383347e+06 
7.197850e+03 2.933709e+07 1.702391e+06 
6.578400e+03 2.697589e+07 2.213108e+06 
7.229650e+03 2.985883e+07 1.617271e+06 
6.561700e+03 2.681186e+07 2.298228e+06 
8.064450e+03 3.278181e+07 1.057574e+06 
7.244150e+03 2.925260e+07 1.702391e+06 
7.748300e+03 3.181285e+07 1.106554e+06 
7.758100e+03 3.156177e+07 1.276793e+06 
6.611600e+03 2.713711e+07 2.127989e+06 
7.368450e+03 3.016224e+07 1.532152e+06 
7.697500e+03 3.142424e+07 1.329992e+06 
6.540000e+03 2.669594e+07 2.468467e+06 
7.635500e+03 3.154020e+07 1.284197e+06 
6.918650e+03 2.858213e+07 2.042869e+06 
7.144350e+03 2.935178e+07 1.702391e+06 
6.974500e+03 2.855994e+07 1.787511e+06 
6.603700e+03 2.715213e+07 2.127989e+06 
6.959300e+03 2.895092e+07 1.957750e+06 
7.480950e+03 3.077300e+07 1.361913e+06 
6.912200e+03 2.883977e+07 2.042869e+06 
7.289550e+03 3.021520e+07 1.447032e+06 
6.623700e+03 2.687410e+07 2.127989e+06 
7.436450e+03 3.088309e+07 1.361913e+06 
8.069500e+03 3.305684e+07 9.837181e+05 

8.353000e+03 3.514180e+07 1.106554e+06 
8.175450e+03 3.428667e+07 1.057574e+06 
6.520350e+03 2.697838e+07 2.383347e+06 
6.539250e+03 2.682097e+07 2.553587e+06 
6.501000e+03 2.687389e+07 2.468467e+06 
7.047750e+03 2.956651e+07 1.617271e+06 
7.317700e+03 3.072353e+07 1.447032e+06 
7.780250e+03 3.265663e+07 1.276793e+06 
7.787100e+03 3.263969e+07 1.284197e+06 
7.123650e+03 2.938319e+07 2.042869e+06 
6.577650e+03 2.711328e+07 2.298228e+06 
7.186300e+03 2.930538e+07 2.042869e+06 
7.981000e+03 3.318455e+07 1.191674e+06 
7.115600e+03 2.951627e+07 1.957750e+06 
7.085750e+03 2.926787e+07 2.213108e+06 
7.392600e+03 3.083309e+07 1.361913e+06 
7.308450e+03 3.078871e+07 1.447032e+06 
7.141100e+03 2.981741e+07 1.532152e+06 
7.696550e+03 3.284122e+07 1.359738e+06 
7.951300e+03 3.332912e+07 1.208656e+06 
8.205900e+03 3.423594e+07 1.133115e+06 
6.605300e+03 2.683032e+07 2.468467e+06 
6.703600e+03 2.744692e+07 2.383347e+06 
7.721050e+03 3.281464e+07 1.359738e+06 
7.226350e+03 3.048329e+07 1.510820e+06 

