9.707350e+03 3.702135e+07 1.617271e+06 
9.482400e+03 3.922522e+07 1.276793e+06 
1.016570e+04 3.842726e+07 1.021435e+06 
8.539600e+03 3.690431e+07 1.670470e+06 
9.296850e+03 3.832754e+07 1.284197e+06 
1.012835e+04 4.049882e+07 9.390032e+05 
9.734900e+03 3.980409e+07 1.021435e+06 
1.052910e+04 3.995218e+07 1.106554e+06 
9.668800e+03 4.190975e+07 1.191674e+06 
1.021245e+04 4.268953e+07 1.057574e+06 
9.725250e+03 4.145979e+07 1.284197e+06 
9.473150e+03 3.938248e+07 1.361913e+06 
9.913650e+03 4.039508e+07 1.574712e+06 
1.097465e+04 4.429790e+07 1.329522e+06 
8.895800e+03 3.708836e+07 1.627911e+06 
9.783750e+03 4.044512e+07 1.027358e+06 
9.806100e+03 3.954274e+07 1.276793e+06 
9.753900e+03 3.963246e+07 1.284197e+06 
9.367350e+03 3.937416e+07 1.284197e+06 
1.000130e+04 4.178674e+07 1.208656e+06 
1.092435e+04 4.509302e+07 1.208656e+06 
9.558700e+03 3.712247e+07 1.178440e+06 
9.884050e+03 4.251571e+07 1.021435e+06 
1.089320e+04 4.155656e+07 8.721289e+05 
9.471750e+03 3.843909e+07 1.284197e+06 
9.659250e+03 3.887577e+07 1.159753e+06 
9.414700e+03 3.798787e+07 1.106554e+06 
9.875800e+03 4.216600e+07 1.208656e+06 
9.959150e+03 4.094249e+07 1.361913e+06 
9.697600e+03 3.854023e+07 9.568890e+05 
1.050990e+04 4.061731e+07 1.178440e+06 
9.645650e+03 4.116417e+07 1.106554e+06 
1.052540e+04 4.416588e+07 1.480604e+06 
9.485550e+03 3.982181e+07 1.057574e+06 
1.031295e+04 4.408738e+07 1.133115e+06 
9.474650e+03 3.853341e+07 1.500231e+06 
9.993500e+03 4.025314e+07 1.063994e+06 
9.663350e+03 4.227001e+07 1.318216e+06 
1.032540e+04 4.097257e+07 1.191674e+06 
9.898300e+03 4.129310e+07 1.276793e+06 
1.052160e+04 4.107237e+07 1.149114e+06 
9.219550e+03 3.848167e+07 1.405063e+06 
9.920450e+03 4.046872e+07 1.208656e+06 
1.026740e+04 4.096291e+07 1.149114e+06 
9.082050e+03 3.893508e+07 1.405063e+06 
1.027530e+04 4.143928e+07 1.435279e+06 
1.043565e+04 4.346740e+07 1.253981e+06 
9.489650e+03 4.101477e+07 1.191674e+06 
9.374950e+03 3.732046e+07 1.208656e+06 
9.546850e+03 4.177084e+07 1.102899e+06 
9.937000e+03 4.179497e+07 1.318216e+06 
1.036095e+04 4.173358e+07 1.359738e+06 
1.023545e+04 4.343861e+07 1.133115e+06 
1.058665e+04 4.425167e+07 1.670470e+06 
9.524350e+03 3.611132e+07 1.133115e+06 
1.000320e+04 4.010027e+07 9.820330e+05 
1.028860e+04 4.157335e+07 1.021435e+06 
1.021415e+04 4.101056e+07 1.234234e+06 
9.953200e+03 3.873813e+07 1.284197e+06 
9.024950e+03 3.758795e+07 1.276793e+06 
9.375300e+03 3.956818e+07 1.585351e+06 
9.659800e+03 3.928294e+07 1.447032e+06 
9.804950e+03 4.157422e+07 1.102899e+06 
9.024800e+03 3.714582e+07 1.244873e+06 
9.427350e+03 4.050405e+07 1.359738e+06 
9.829150e+03 4.271770e+07 1.500231e+06 
9.570000e+03 4.014780e+07 1.133115e+06 
9.787450e+03 4.245501e+07 1.415112e+06 
8.984650e+03 3.830614e+07 1.447032e+06 
9.184200e+03 3.853803e+07 1.223765e+06 
1.024010e+04 4.060005e+07 1.133115e+06 
9.902900e+03 4.009362e+07 1.284197e+06 
9.064800e+03 3.689461e+07 1.253981e+06 
1.031080e+04 4.169140e+07 1.133115e+06 
1.027210e+04 4.314298e+07 1.159753e+06 
9.635850e+03 3.956450e+07 1.133115e+06 
9.614450e+03 4.167816e+07 1.057574e+06 
9.306000e+03 4.087797e+07 1.447032e+06 
9.103450e+03 3.648159e+07 1.447032e+06 
1.032415e+04 4.201033e+07 1.191674e+06 
1.042910e+04 4.359057e+07 1.329992e+06 
1.004220e+04 4.000047e+07 1.359738e+06 
1.016950e+04 4.199746e+07 1.276793e+06 
9.212750e+03 3.756310e+07 1.532152e+06 
1.023175e+04 4.233299e+07 1.532152e+06 
1.032585e+04 4.078511e+07 1.021435e+06 
9.849350e+03 4.019848e+07 1.284197e+06 
1.003705e+04 4.232797e+07 1.359738e+06 
9.813300e+03 3.902308e+07 1.284197e+06 
9.446850e+03 3.971926e+07 1.329992e+06 
9.966600e+03 4.031300e+07 1.532152e+06 
9.402650e+03 4.077094e+07 1.318216e+06 
9.742800e+03 4.208786e+07 1.208656e+06 
9.227850e+03 4.007756e+07 1.702391e+06 
1.024530e+04 4.063272e+07 9.820330e+05 
9.984400e+03 4.164501e+07 1.106554e+06 
1.060885e+04 4.436708e+07 1.374847e+06 
1.014440e+04 4.047243e+07 1.284197e+06 
9.856000e+03 4.178585e+07 1.361913e+06 
1.061980e+04 4.327695e+07 1.276793e+06 

1.038470e+04 4.217416e+07 1.178440e+06 
1.003510e+04 4.144255e+07 1.405063e+06 
9.531600e+03 3.778913e+07 1.276793e+06 
9.942250e+03 4.159764e+07 1.298072e+06 
1.031275e+04 3.992772e+07 1.435279e+06 
1.029665e+04 4.233580e+07 1.361913e+06 
9.489650e+03 4.023640e+07 1.500231e+06 
1.040055e+04 4.233123e+07 1.057574e+06 
9.659000e+03 4.160678e+07 1.500231e+06 
9.873150e+03 4.067375e+07 1.670470e+06 
9.439500e+03 3.887597e+07 1.037375e+06 
9.871050e+03 4.141531e+07 1.149114e+06 
9.517600e+03 4.081889e+07 1.374847e+06 
9.451150e+03 3.994394e+07 1.617271e+06 
9.867900e+03 3.842973e+07 1.133115e+06 
9.597300e+03 3.935161e+07 1.525929e+06 
1.050065e+04 4.591775e+07 1.359738e+06 
1.013205e+04 4.046893e+07 1.617271e+06 
9.580250e+03 4.038614e+07 1.405063e+06 
9.206600e+03 3.652744e+07 1.415112e+06 
9.643250e+03 4.023431e+07 1.318216e+06 
1.061740e+04 4.214582e+07 9.064920e+05 
1.001530e+04 4.104804e+07 1.585351e+06 
9.603350e+03 3.922604e+07 1.284197e+06 
1.029610e+04 4.151371e+07 1.253981e+06 
9.687400e+03 4.008635e+07 1.447032e+06 
1.009785e+04 3.991606e+07 1.106554e+06 
9.515650e+03 3.838621e+07 1.193548e+06 
9.350500e+03 3.887552e+07 1.208656e+06 
1.002525e+04 4.119966e+07 9.363151e+05 
1.017110e+04 3.975806e+07 1.074634e+06 
9.699700e+03 4.040761e+07 1.787511e+06 
9.385000e+03 3.851810e+07 1.276793e+06 
9.830850e+03 4.206740e+07 1.057574e+06 
9.681750e+03 3.879228e+07 1.133115e+06 
8.856200e+03 3.695621e+07 1.276793e+06 
8.966550e+03 3.786627e+07 1.447032e+06 
1.030005e+04 3.931033e+07 1.057574e+06 
9.244250e+03 3.870068e+07 1.276793e+06 
1.013880e+04 4.145327e+07 1.510820e+06 
1.028455e+04 3.861477e+07 1.106554e+06 
9.615600e+03 4.062865e+07 1.102899e+06 
9.472200e+03 3.834507e+07 1.532152e+06 
1.021700e+04 4.219158e+07 1.253981e+06 
1.000910e+04 4.065320e+07 1.532152e+06 
1.040560e+04 4.168170e+07 1.074634e+06 
1.072785e+04 4.098539e+07 9.637724e+05 
1.012890e+04 4.088273e+07 1.057574e+06 
1.036855e+04 4.371315e+07 1.276793e+06 
9.428700e+03 3.654922e+07 1.276793e+06 
9.916150e+03 3.935397e+07 1.447032e+06 
1.070895e+04 4.091611e+07 1.021435e+06 
9.367450e+03 3.957575e+07 1.617271e+06 
1.001840e+04 4.347747e+07 1.329992e+06 
9.861350e+03 4.213293e+07 1.405063e+06 
9.911500e+03 4.236799e+07 1.319353e+06 
9.481350e+03 4.053110e+07 1.276793e+06 
9.342600e+03 3.800645e+07 1.208656e+06 
9.385700e+03 3.970719e+07 1.532152e+06 
1.034890e+04 4.276114e+07 1.106554e+06 
9.029800e+03 3.756212e+07 1.435279e+06 
9.502100e+03 3.867821e+07 1.133115e+06 
1.022480e+04 4.253236e+07 1.284197e+06 
9.044000e+03 4.057299e+07 1.276793e+06 
9.762700e+03 3.970307e+07 1.074634e+06 
9.368050e+03 3.727892e+07 1.133115e+06 
9.776950e+03 3.784247e+07 1.208656e+06 
1.072790e+04 4.309170e+07 1.284197e+06 
1.011240e+04 4.310877e+07 1.585351e+06 
1.010020e+04 4.596385e+07 1.757621e+06 
1.115715e+04 4.500550e+07 1.191674e+06 
9.241250e+03 3.636830e+07 1.359738e+06 
9.392900e+03 3.909364e+07 1.106554e+06 
1.058675e+04 4.385597e+07 1.057574e+06 
9.600900e+03 3.945476e+07 1.106554e+06 
9.965450e+03 4.015222e+07 9.837181e+05 
9.807850e+03 4.010987e+07 1.361913e+06 
1.015515e+04 4.428491e+07 1.435279e+06 
9.296800e+03 3.727636e+07 1.208656e+06 
1.025790e+04 4.391159e+07 1.021435e+06 
9.319650e+03 3.664169e+07 1.191674e+06 
1.042025e+04 4.181044e+07 8.589143e+05 
9.568100e+03 4.080843e+07 1.361913e+06 
9.848900e+03 4.057839e+07 1.269089e+06 
9.986500e+03 4.109343e+07 1.159753e+06 
1.036220e+04 3.994408e+07 1.027358e+06 
9.611450e+03 4.209126e+07 1.617271e+06 
9.769350e+03 4.075133e+07 9.820330e+05 
9.312400e+03 3.779865e+07 1.276793e+06 
1.009110e+04 3.922058e+07 1.208656e+06 
9.325000e+03 3.822897e+07 1.359738e+06 
1.011030e+04 4.041196e+07 9.788749e+05 
9.194300e+03 3.745116e+07 1.359738e+06 
1.023650e+04 4.214681e+07 1.329522e+06 
9.928450e+03 4.185995e+07 1.133115e+06 
8.715650e+03 3.856003e+07 1.284197e+06 
9.242600e+03 3.973145e+07 9.363151e+05 
1.037270e+04 4.118116e+07 1.447032e+06 
1.021420e+04 4.148855e+07 1.106554e+06 
9.862850e+03 3.980018e+07 1.447032e+06 

1.023460e+04 4.085623e+07 1.021435e+06 
9.991550e+03 4.208101e+07 1.208656e+06 
1.033295e+04 4.120189e+07 1.191674e+06 
9.107350e+03 4.195675e+07 1.447032e+06 
1.071345e+04 4.160739e+07 9.820330e+05 
1.079145e+04 4.211288e+07 1.057574e+06 
9.795150e+03 4.161943e+07 1.159753e+06 
1.011780e+04 4.105679e+07 1.027358e+06 
9.499600e+03 3.980498e+07 1.106554e+06 
9.603850e+03 3.945467e+07 1.405063e+06 
9.879850e+03 3.909624e+07 1.133115e+06 
1.074000e+04 4.318572e+07 1.106554e+06 
1.053920e+04 4.550067e+07 1.318216e+06 
1.001590e+04 3.909162e+07 1.276793e+06 
9.568200e+03 3.796572e+07 1.208656e+06 
9.947000e+03 4.192510e+07 1.027358e+06 
9.165850e+03 3.751732e+07 1.405063e+06 
1.018890e+04 4.319904e+07 1.208656e+06 
9.168700e+03 3.899546e+07 1.284197e+06 
9.615350e+03 3.986992e+07 1.359738e+06 
1.056140e+04 4.293354e+07 1.276793e+06 
9.678000e+03 4.044634e+07 1.191674e+06 
1.008755e+04 4.341404e+07 9.665556e+05 
9.674600e+03 3.830613e+07 1.191674e+06 
9.556900e+03 3.902178e+07 1.755590e+06 
9.473900e+03 3.698394e+07 1.244873e+06 
9.959550e+03 4.230188e+07 1.318216e+06 
9.694750e+03 3.931133e+07 1.298072e+06 
8.873000e+03 3.791669e+07 1.447032e+06 
9.421500e+03 3.957438e+07 9.998649e+05 
1.062620e+04 4.449637e+07 9.064920e+05 
1.143500e+04 4.619781e+07 9.029603e+05 
1.044460e+04 4.353775e+07 1.383191e+06 
9.410400e+03 3.817846e+07 1.617271e+06 
9.705150e+03 4.042782e+07 1.106554e+06 
9.628900e+03 3.767925e+07 1.361913e+06 
9.547850e+03 3.994957e+07 1.133115e+06 
9.217150e+03 3.975873e+07 1.500231e+06 
9.516100e+03 3.706681e+07 1.284197e+06 
9.587350e+03 4.163919e+07 1.318216e+06 
9.651750e+03 4.213599e+07 1.361913e+06 
9.211500e+03 4.080832e+07 1.133115e+06 
9.477950e+03 3.869648e+07 1.148224e+06 
8.893400e+03 3.904525e+07 1.617271e+06 
1.011165e+04 4.098931e+07 1.208656e+06 
1.049670e+04 4.399742e+07 1.276793e+06 
9.906150e+03 4.055599e+07 1.284197e+06 
1.053505e+04 4.382055e+07 1.106554e+06 
9.598200e+03 3.892275e+07 1.468311e+06 
9.791350e+03 4.141455e+07 1.106554e+06 
9.677100e+03 3.951295e+07 1.074634e+06 
8.556550e+03 3.514049e+07 1.361913e+06 
9.571100e+03 3.920547e+07 1.361913e+06 
9.599250e+03 3.970446e+07 1.027358e+06 
9.584150e+03 4.129865e+07 1.159753e+06 
9.742450e+03 4.091289e+07 1.208656e+06 
9.544100e+03 3.980280e+07 1.208656e+06 
9.793700e+03 3.857331e+07 9.064920e+05 
1.006325e+04 4.227361e+07 1.191674e+06 
9.099550e+03 3.746222e+07 1.361913e+06 
1.061395e+04 4.241391e+07 1.057574e+06 
1.012850e+04 4.121372e+07 1.284197e+06 
1.050180e+04 4.461501e+07 1.359738e+06 
8.720200e+03 3.538536e+07 1.208656e+06 
9.728900e+03 4.084081e+07 9.820330e+05 
9.699100e+03 4.352750e+07 1.208656e+06 
1.048025e+04 3.996839e+07 1.284197e+06 
9.095300e+03 3.875590e+07 1.253981e+06 
1.075120e+04 4.414517e+07 1.021435e+06 
9.683450e+03 4.071942e+07 1.133115e+06 
8.790850e+03 3.807424e+07 1.329522e+06 
9.776500e+03 3.994425e+07 1.102899e+06 
9.509500e+03 4.071003e+07 1.153438e+06 
1.051145e+04 4.145408e+07 1.133115e+06 
9.919400e+03 3.912951e+07 1.435279e+06 
1.014350e+04 4.585336e+07 1.363092e+06 
8.800350e+03 3.622302e+07 1.415112e+06 
9.999850e+03 4.126341e+07 1.208656e+06 
9.055700e+03 3.641830e+07 1.159753e+06 
9.917850e+03 4.010170e+07 1.361913e+06 
9.248900e+03 3.890935e+07 1.361913e+06 
9.786450e+03 4.155326e+07 1.106554e+06 
9.960500e+03 4.207012e+07 1.133115e+06 
9.518900e+03 3.972723e+07 1.361913e+06 
1.023045e+04 4.136026e+07 1.057574e+06 
9.963500e+03 4.187498e+07 1.631686e+06 
9.040300e+03 3.596210e+07 1.208656e+06 
9.177050e+03 3.786004e+07 1.106554e+06 
9.674700e+03 4.006281e+07 1.284197e+06 
9.572100e+03 3.959529e+07 1.510820e+06 
9.717750e+03 4.220730e+07 1.253981e+06 
9.330150e+03 3.844381e+07 1.253981e+06 
9.307850e+03 3.841067e+07 1.276793e+06 
1.016815e+04 4.221295e+07 1.447032e+06 
1.000890e+04 4.202729e+07 1.184121e+06 
1.095435e+04 4.669139e+07 1.263958e+06 
9.688050e+03 4.045825e+07 1.435279e+06 
9.861550e+03 3.980745e+07 1.148224e+06 
1.012075e+04 4.176862e+07 1.276793e+06 
9.998700e+03 4.242302e+07 1.284197e+06 

9.749950e+03 4.298709e+07 1.299306e+06 
9.373750e+03 3.929308e+07 1.133115e+06 
1.031590e+04 4.308844e+07 1.542791e+06 
9.656350e+03 3.880385e+07 9.363151e+05 
9.203250e+03 3.964666e+07 1.415112e+06 
9.350100e+03 3.892473e+07 1.447032e+06 
9.149650e+03 3.806361e+07 1.404473e+06 
9.793400e+03 3.967234e+07 1.042466e+06 
1.014685e+04 4.211316e+07 1.191674e+06 
1.078325e+04 4.360647e+07 1.208656e+06 
9.593450e+03 4.176224e+07 1.638550e+06 
9.090100e+03 3.906759e+07 1.447032e+06 
1.151170e+04 4.595287e+07 1.057574e+06 
9.660450e+03 4.156818e+07 1.383191e+06 
9.723200e+03 3.953782e+07 1.361913e+06 
9.505550e+03 4.128928e+07 1.500231e+06 
9.763750e+03 4.020279e+07 1.284197e+06 
9.830150e+03 3.901341e+07 1.191674e+06 
9.943850e+03 4.206149e+07 1.532152e+06 
8.723700e+03 3.692057e+07 1.532152e+06 
8.792650e+03 3.904489e+07 1.027358e+06 
1.042295e+04 4.155707e+07 1.405063e+06 
9.378300e+03 3.890821e+07 9.211174e+05 
9.762200e+03 4.040944e+07 1.702391e+06 
9.378100e+03 3.884650e+07 1.133115e+06 
1.012810e+04 4.176210e+07 1.027358e+06 
1.006875e+04 4.221021e+07 1.359738e+06 
1.005605e+04 4.181041e+07 9.820330e+05 
1.040700e+04 4.457030e+07 1.106554e+06 
9.795700e+03 3.931201e+07 1.106554e+06 
1.012860e+04 4.190965e+07 1.191674e+06 
1.008955e+04 4.045967e+07 1.133115e+06 
8.889900e+03 3.696889e+07 1.532152e+06 
1.012125e+04 4.339609e+07 1.359738e+06 
1.005635e+04 4.209226e+07 1.133115e+06 
9.466850e+03 3.881450e+07 1.617271e+06 
9.114700e+03 3.697306e+07 1.276793e+06 
9.452050e+03 4.065271e+07 1.133115e+06 
8.913800e+03 3.858219e+07 1.585351e+06 
1.027990e+04 4.336005e+07 1.447032e+06 
9.819500e+03 3.843612e+07 1.208656e+06 
9.518850e+03 3.841074e+07 1.133115e+06 
9.660900e+03 4.089519e+07 1.284197e+06 
9.775850e+03 3.972422e+07 1.133115e+06 
1.098705e+04 4.319387e+07 1.244873e+06 
1.033805e+04 4.270055e+07 1.585351e+06 
8.776800e+03 3.710606e+07 1.532152e+06 
9.133900e+03 3.967239e+07 1.276793e+06 
1.039440e+04 4.485373e+07 1.318216e+06 
9.777400e+03 4.091527e+07 1.480604e+06 
1.032290e+04 4.038409e+07 1.027358e+06 
9.882100e+03 4.024795e+07 1.532152e+06 
9.893300e+03 4.193685e+07 1.255512e+06 
1.030625e+04 4.138390e+07 1.276793e+06 
9.772000e+03 4.021788e+07 1.284197e+06 
1.030985e+04 4.503218e+07 1.318216e+06 
1.015740e+04 4.430048e+07 1.361913e+06 
1.011605e+04 3.757580e+07 1.276793e+06 
9.805650e+03 4.228812e+07 1.404473e+06 
1.064240e+04 4.292551e+07 1.208656e+06 
1.045880e+04 4.179054e+07 9.150337e+05 
1.072460e+04 4.480708e+07 1.359738e+06 
9.998600e+03 4.006622e+07 1.106554e+06 
9.920550e+03 3.977029e+07 1.284197e+06 
1.023070e+04 4.219427e+07 1.329522e+06 
1.028250e+04 4.024675e+07 1.106554e+06 
9.796350e+03 4.026491e+07 1.276793e+06 
1.085165e+04 4.446590e+07 1.359738e+06 
9.966000e+03 4.376548e+07 1.319353e+06 
9.087700e+03 3.737079e+07 1.284197e+06 
9.809400e+03 4.125272e+07 1.329522e+06 
1.008285e+04 4.083758e+07 1.361913e+06 
9.899050e+03 4.190663e+07 1.106554e+06 
9.277050e+03 3.784746e+07 1.284197e+06 
9.967150e+03 4.142186e+07 1.191674e+06 
1.000990e+04 4.029158e+07 1.276793e+06 
9.410650e+03 4.062442e+07 9.820330e+05 
9.713150e+03 4.494467e+07 1.276793e+06 
1.020640e+04 4.130750e+07 1.021435e+06 
1.072310e+04 4.382960e+07 1.178440e+06 
1.011445e+04 4.204787e+07 1.276793e+06 
1.043665e+04 4.145529e+07 1.284197e+06 
9.440900e+03 4.023925e+07 1.057574e+06 
1.009025e+04 3.786392e+07 1.057574e+06 
9.590300e+03 3.990438e+07 1.420173e+06 
1.026170e+04 4.305265e+07 1.208656e+06 
9.265250e+03 4.049712e+07 1.677011e+06 
9.925300e+03 3.795089e+07 1.435279e+06 
9.636700e+03 3.857040e+07 1.106554e+06 
9.221850e+03 3.801873e+07 1.329522e+06 
9.445600e+03 3.920393e+07 1.415112e+06 
9.331950e+03 3.677490e+07 1.276793e+06 
9.307850e+03 3.811461e+07 1.447032e+06 
1.007805e+04 4.121034e+07 1.361913e+06 
9.482150e+03 4.171270e+07 1.193548e+06 
9.573450e+03 3.990577e+07 1.191674e+06 
1.027870e+04 4.427361e+07 1.415112e+06 
8.986900e+03 3.926309e+07 9.820330e+05 
9.914200e+03 4.216841e+07 9.518172e+05 
1.044685e+04 4.523781e+07 1.318216e+06 

9.948450e+03 4.072495e+07 1.191674e+06 
9.873750e+03 4.068935e+07 1.480604e+06 
1.011720e+04 4.126752e+07 1.106554e+06 
9.264250e+03 3.755726e+07 1.276793e+06 
1.040470e+04 4.492300e+07 1.102899e+06 
9.926500e+03 4.016580e+07 1.133115e+06 
1.035215e+04 4.566488e+07 1.757621e+06 
9.016850e+03 4.103949e+07 1.329992e+06 
9.020100e+03 3.802356e+07 1.284197e+06 
1.001510e+04 4.003471e+07 1.404473e+06 
1.102540e+04 4.663372e+07 1.318216e+06 
1.012095e+04 4.231979e+07 1.415112e+06 
9.457000e+03 4.015235e+07 1.374847e+06 
1.012975e+04 4.292030e+07 1.191674e+06 
9.721950e+03 3.966573e+07 1.191674e+06 
1.031090e+04 4.288091e+07 1.253981e+06 
9.709000e+03 3.972547e+07 1.359738e+06 
1.035935e+04 4.119459e+07 1.191674e+06 
9.842200e+03 4.178278e+07 1.585351e+06 
1.028955e+04 4.002854e+07 1.208656e+06 
1.061470e+04 4.154871e+07 1.133115e+06 
1.001770e+04 4.030043e+07 1.057574e+06 
9.514350e+03 3.974291e+07 1.208656e+06 
9.587200e+03 4.107128e+07 1.319353e+06 
9.548300e+03 3.911885e+07 1.027358e+06 
1.035890e+04 4.337485e+07 1.106554e+06 
9.995200e+03 4.228880e+07 1.178440e+06 
9.700850e+03 4.092646e+07 1.191674e+06 
1.015815e+04 4.235492e+07 1.208656e+06 
1.021165e+04 4.252265e+07 1.133115e+06 
9.304850e+03 4.096337e+07 1.319353e+06 
9.396750e+03 3.911001e+07 1.208656e+06 
9.448050e+03 4.113297e+07 1.276793e+06 
9.017600e+03 4.001506e+07 1.415112e+06 
9.646100e+03 4.246003e+07 1.208656e+06 
9.783000e+03 4.219312e+07 1.178440e+06 
9.209100e+03 4.104588e+07 1.361913e+06 
1.006805e+04 4.155121e+07 1.106554e+06 
9.840050e+03 4.178762e+07 1.057574e+06 
9.902050e+03 4.143449e+07 9.363151e+05 
9.540950e+03 3.887641e+07 1.106554e+06 
1.008290e+04 4.745558e+07 1.318216e+06 
9.474050e+03 3.839648e+07 1.159753e+06 
8.732200e+03 3.563194e+07 1.359738e+06 
1.079650e+04 4.020002e+07 1.191674e+06 
9.336100e+03 3.692140e+07 1.447032e+06 
9.611500e+03 3.960687e+07 1.057574e+06 
9.639000e+03 4.083308e+07 1.447032e+06 
1.004335e+04 4.434184e+07 1.318216e+06 
9.840900e+03 3.921338e+07 1.191674e+06 
9.838750e+03 4.116859e+07 1.208656e+06 
9.462500e+03 3.854634e+07 1.208656e+06 
1.037765e+04 4.206890e+07 1.447032e+06 
1.010405e+04 3.960941e+07 1.361913e+06 
1.015025e+04 4.302176e+07 1.027358e+06 
9.561150e+03 4.114263e+07 1.284197e+06 
1.066055e+04 4.156023e+07 1.361913e+06 
9.769850e+03 3.998585e+07 1.133115e+06 
9.883100e+03 4.236208e+07 1.617271e+06 
9.504800e+03 3.898912e+07 1.057574e+06 
1.008255e+04 4.194940e+07 1.178440e+06 
1.015795e+04 4.055015e+07 1.208656e+06 
9.566400e+03 3.986534e+07 1.617271e+06 
9.451050e+03 3.978664e+07 1.872630e+06 
1.056130e+04 4.069746e+07 1.208656e+06 
9.758450e+03 3.945558e+07 1.359738e+06 
9.637100e+03 4.008053e+07 1.106554e+06 
1.008945e+04 4.206373e+07 1.208656e+06 
1.041235e+04 4.542657e+07 1.074634e+06 
9.778450e+03 3.845049e+07 1.057574e+06 
9.455950e+03 4.173686e+07 1.480604e+06 
9.576800e+03 3.928714e+07 1.787511e+06 
9.004400e+03 3.813888e+07 1.405063e+06 
8.720500e+03 3.761004e+07 1.532152e+06 
9.923550e+03 4.065250e+07 1.208656e+06 
9.759050e+03 3.921354e+07 1.106554e+06 
9.724650e+03 4.108927e+07 1.234234e+06 
9.659200e+03 3.927499e+07 1.585351e+06 
9.836000e+03 4.124374e+07 1.021435e+06 
9.151250e+03 3.746644e+07 1.244873e+06 
9.467750e+03 3.858259e+07 1.361913e+06 
1.008040e+04 4.386405e+07 1.318216e+06 
9.842400e+03 4.290528e+07 1.191674e+06 
1.069380e+04 4.118287e+07 1.074977e+06 
1.016045e+04 4.233106e+07 1.193548e+06 
1.053955e+04 4.198838e+07 1.284197e+06 
1.030160e+04 4.194705e+07 1.133115e+06 
8.982650e+03 3.807918e+07 1.617271e+06 
9.835000e+03 3.880420e+07 1.361913e+06 
9.964000e+03 4.224621e+07 1.021435e+06 
9.412500e+03 4.011365e+07 1.329992e+06 
1.046575e+04 3.915951e+07 1.276793e+06 
9.895950e+03 4.088224e+07 1.359738e+06 
9.703800e+03 4.039737e+07 1.276793e+06 
9.546300e+03 3.993141e+07 9.837181e+05 
1.010960e+04 4.378255e+07 1.102899e+06 
9.991300e+03 4.096787e+07 1.244873e+06 
1.062685e+04 4.468350e+07 1.208656e+06 
9.990000e+03 4.089686e+07 1.021435e+06 
1.045085e+04 4.278780e+07 9.820330e+05 

9.055550e+03 3.705480e+07 1.447032e+06 
9.741050e+03 4.074664e+07 1.191674e+06 
1.013875e+04 3.934100e+07 1.361913e+06 
1.002060e+04 3.852762e+07 1.359738e+06 
9.655300e+03 3.881968e+07 1.284197e+06 
9.839500e+03 4.045695e+07 1.532152e+06 
9.871150e+03 4.076959e+07 1.359738e+06 
1.019655e+04 4.184159e+07 1.276793e+06 
9.746850e+03 3.997894e+07 1.208656e+06 
9.118350e+03 3.921553e+07 1.631686e+06 
9.016100e+03 3.819601e+07 1.702391e+06 
9.911500e+03 3.940557e+07 1.276793e+06 
1.023825e+04 4.276367e+07 9.043945e+05 
9.699350e+03 4.453787e+07 1.374847e+06 
9.125000e+03 3.718181e+07 1.106554e+06 
1.096490e+04 4.320274e+07 1.106554e+06 
1.103615e+04 4.327297e+07 1.049491e+06 
9.957750e+03 4.171144e+07 1.329992e+06 
9.608300e+03 4.229988e+07 1.133115e+06 
1.035025e+04 4.361962e+07 1.359738e+06 
9.407100e+03 3.802734e+07 1.415112e+06 
9.491500e+03 4.044540e+07 1.359738e+06 
1.032880e+04 4.379055e+07 1.318216e+06 
9.709150e+03 4.048375e+07 1.447032e+06 
1.000025e+04 4.075211e+07 1.359738e+06 
9.858850e+03 3.984154e+07 1.405063e+06 
8.828350e+03 3.548618e+07 1.405063e+06 
9.671900e+03 3.754172e+07 1.191674e+06 
1.034710e+04 4.665118e+07 1.757621e+06 
1.015480e+04 4.126637e+07 9.820330e+05 
9.868450e+03 3.896468e+07 1.276793e+06 
9.392550e+03 3.773482e+07 1.435279e+06 
1.041920e+04 4.266716e+07 1.208656e+06 
9.274300e+03 3.771285e+07 1.191674e+06 
1.018210e+04 3.954541e+07 1.021435e+06 
8.825700e+03 3.573413e+07 1.500231e+06 
1.019455e+04 4.348818e+07 1.288741e+06 
9.463400e+03 3.974204e+07 1.276793e+06 
1.008420e+04 4.091370e+07 1.133115e+06 
1.001040e+04 4.019432e+07 1.284197e+06 
1.055600e+04 4.401496e+07 1.208656e+06 
1.038070e+04 4.127040e+07 1.057574e+06 
1.039950e+04 4.364001e+07 1.133115e+06 
9.591800e+03 4.161874e+07 1.447032e+06 
9.191250e+03 3.910508e+07 1.208656e+06 
9.251750e+03 4.035836e+07 1.329992e+06 
9.321200e+03 3.985453e+07 1.405063e+06 
1.036450e+04 4.390635e+07 1.057574e+06 
9.391000e+03 4.027662e+07 1.361913e+06 
1.023335e+04 4.434450e+07 1.276793e+06 
9.969500e+03 4.006922e+07 9.837181e+05 
1.011285e+04 4.409873e+07 1.532152e+06 
9.739000e+03 3.902973e+07 1.208656e+06 
9.514800e+03 3.836663e+07 1.276793e+06 
1.010375e+04 3.973002e+07 1.057574e+06 
1.017350e+04 4.377514e+07 1.415112e+06 
1.005500e+04 4.013113e+07 1.244873e+06 
8.619700e+03 3.531680e+07 1.447032e+06 
9.552650e+03 4.000132e+07 1.244873e+06 
9.091150e+03 3.861542e+07 1.415112e+06 
9.011650e+03 3.762933e+07 1.457672e+06 
1.008035e+04 4.238814e+07 1.208656e+06 
1.044145e+04 4.494321e+07 1.532152e+06 
9.855250e+03 3.907519e+07 1.208656e+06 
1.034195e+04 4.170059e+07 1.057574e+06 
9.479200e+03 3.792939e+07 1.106554e+06 
9.737100e+03 3.966862e+07 1.670470e+06 
8.920500e+03 3.662977e+07 1.208656e+06 
1.033020e+04 4.257574e+07 1.057574e+06 
9.889650e+03 4.049010e+07 1.021435e+06 
1.047765e+04 4.277459e+07 1.106554e+06 
9.226900e+03 4.031989e+07 1.191674e+06 
9.922300e+03 4.110404e+07 1.415112e+06 
9.770400e+03 4.122104e+07 1.532152e+06 
1.081510e+04 4.183763e+07 1.133115e+06 
9.852150e+03 4.257683e+07 1.208656e+06 
9.546950e+03 3.951133e+07 1.276793e+06 
9.287550e+03 4.038668e+07 1.223765e+06 
1.012555e+04 4.289126e+07 1.244873e+06 
1.098185e+04 4.468007e+07 9.820330e+05 
1.030960e+04 3.972532e+07 1.208656e+06 
8.975850e+03 3.706995e+07 1.532152e+06 
9.329600e+03 4.027127e+07 1.617271e+06 
9.956100e+03 3.963215e+07 1.329522e+06 
9.217950e+03 4.017992e+07 1.361913e+06 
1.007970e+04 4.139138e+07 1.021435e+06 
1.002090e+04 4.239275e+07 1.318216e+06 
1.014335e+04 3.939785e+07 1.057574e+06 
9.662650e+03 4.079543e+07 1.191674e+06 
9.682550e+03 4.016050e+07 1.276793e+06 
1.001260e+04 4.290692e+07 1.253981e+06 
1.019715e+04 4.254873e+07 9.469543e+05 
1.033185e+04 4.184066e+07 1.021435e+06 
8.715150e+03 3.500428e+07 1.361913e+06 
9.646450e+03 3.743462e+07 1.159753e+06 
9.334550e+03 3.910148e+07 1.284197e+06 
9.480950e+03 3.864144e+07 1.553430e+06 
1.048270e+04 4.314697e+07 1.191674e+06 
1.007545e+04 4.086073e+07 1.178440e+06 
1.008415e+04 4.191237e+07 1.361913e+06 

