2.022200e+03 8.185857e+06 8.511955e+05 
2.034100e+03 8.183551e+06 6.809564e+05 
2.037600e+03 8.158915e+06 5.958369e+05 
2.039500e+03 8.138655e+06 6.809564e+05 
2.035300e+03 8.187555e+06 6.809564e+05 
2.035050e+03 8.178140e+06 6.809564e+05 
2.162950e+03 8.968174e+06 4.255978e+05 
2.298050e+03 9.601957e+06 3.398299e+05 
2.026100e+03 8.175917e+06 8.511955e+05 
2.185050e+03 9.039257e+06 3.777050e+05 
2.833050e+03 1.162380e+07 3.040583e+05 
2.027150e+03 8.236600e+06 7.660760e+05 
2.032200e+03 8.162015e+06 7.660760e+05 
2.045900e+03 8.158372e+06 6.809564e+05 
2.027700e+03 8.171899e+06 7.660760e+05 
2.806850e+03 1.165813e+07 3.040583e+05 
2.022200e+03 8.185857e+06 8.511955e+05 
2.135850e+03 8.611585e+06 4.532460e+05 
2.800450e+03 1.157820e+07 3.040583e+05 
2.293250e+03 9.596066e+06 3.398299e+05 
2.035050e+03 8.178140e+06 6.809564e+05 
2.021250e+03 8.191268e+06 8.511955e+05 
2.034100e+03 8.183551e+06 6.809564e+05 
2.021250e+03 8.191268e+06 8.511955e+05 
2.046000e+03 8.167800e+06 6.809564e+05 
2.028200e+03 8.168732e+06 7.660760e+05 
2.118150e+03 8.546737e+06 5.107173e+05 
2.026300e+03 8.161277e+06 7.660760e+05 
2.027700e+03 8.140135e+06 7.660760e+05 
2.113950e+03 8.598365e+06 5.107173e+05 
2.034900e+03 8.187822e+06 6.809564e+05 
2.164900e+03 8.971307e+06 4.255978e+05 
2.027200e+03 8.227327e+06 7.660760e+05 
2.214350e+03 9.232353e+06 3.404782e+05 
2.121200e+03 8.546728e+06 5.107173e+05 
2.304150e+03 9.590581e+06 3.398299e+05 
2.022050e+03 8.195539e+06 8.511955e+05 
2.034100e+03 8.183551e+06 6.809564e+05 
2.043800e+03 8.170422e+06 6.809564e+05 
2.036450e+03 8.185614e+06 6.809564e+05 
2.041600e+03 8.180271e+06 5.958369e+05 
2.180050e+03 9.106236e+06 3.777050e+05 
2.034100e+03 8.183551e+06 6.809564e+05 
2.196450e+03 9.161803e+06 3.404782e+05 
2.031300e+03 8.165733e+06 7.660760e+05 
2.114150e+03 8.533369e+06 5.107173e+05 
2.813050e+03 1.153553e+07 3.040583e+05 
2.125850e+03 8.590955e+06 4.532460e+05 
2.034100e+03 8.183551e+06 6.809564e+05 
2.186300e+03 9.046776e+06 3.777050e+05 

2.013100e+03 8.116797e+06 7.660760e+05 
2.013100e+03 8.116797e+06 7.660760e+05 
2.499650e+03 9.851173e+06 3.219441e+05 
2.014200e+03 8.079348e+06 6.809564e+05 
2.012950e+03 8.148836e+06 8.511955e+05 
2.348500e+03 9.609048e+06 3.777050e+05 
2.014050e+03 8.111386e+06 7.660760e+05 
2.013100e+03 8.116797e+06 7.660760e+05 
2.012000e+03 8.154247e+06 8.511955e+05 
2.013100e+03 8.116797e+06 7.660760e+05 
2.331500e+03 9.788100e+06 3.830380e+05 
2.014050e+03 8.111386e+06 7.660760e+05 
2.015950e+03 8.076072e+06 6.809564e+05 
2.012000e+03 8.154247e+06 8.511955e+05 
2.013100e+03 8.116797e+06 7.660760e+05 
2.033350e+03 8.161701e+06 5.958369e+05 
2.180800e+03 8.877166e+06 4.255978e+05 
2.117850e+03 8.619974e+06 5.107173e+05 
2.012000e+03 8.154247e+06 8.511955e+05 
2.013100e+03 8.116797e+06 7.660760e+05 
2.036700e+03 8.169104e+06 5.958369e+05 
2.012000e+03 8.154247e+06 8.511955e+05 
2.013100e+03 8.116797e+06 7.660760e+05 
2.401450e+03 9.753724e+06 3.404782e+05 
2.014200e+03 8.079348e+06 6.809564e+05 
2.118900e+03 8.552768e+06 5.107173e+05 
2.460300e+03 9.679263e+06 3.219441e+05 
2.013100e+03 8.116797e+06 7.660760e+05 
2.013100e+03 8.116797e+06 7.660760e+05 
2.013100e+03 8.116797e+06 7.660760e+05 
2.012000e+03 8.154247e+06 8.511955e+05 
2.100500e+03 8.464223e+06 5.287870e+05 
2.013100e+03 8.116797e+06 7.660760e+05 
2.014050e+03 8.111386e+06 7.660760e+05 
2.174950e+03 8.869262e+06 4.255978e+05 
2.013100e+03 8.116797e+06 7.660760e+05 
2.013100e+03 8.116797e+06 7.660760e+05 
2.102200e+03 8.465927e+06 5.287870e+05 
2.013100e+03 8.116797e+06 7.660760e+05 
2.012950e+03 8.148836e+06 8.511955e+05 
2.139600e+03 8.694108e+06 4.532460e+05 
2.013100e+03 8.116797e+06 7.660760e+05 
2.456950e+03 9.720662e+06 3.404782e+05 
2.012000e+03 8.154247e+06 8.511955e+05 
2.012950e+03 8.148836e+06 8.511955e+05 
2.341500e+03 9.840268e+06 3.756015e+05 
2.013100e+03 8.116797e+06 7.660760e+05 
2.014050e+03 8.111386e+06 7.660760e+05 
2.118600e+03 8.617724e+06 5.107173e+05 
2.015000e+03 8.081483e+06 6.809564e+05 

2.110250e+03 8.431551e+06 5.107173e+05 
2.022200e+03 8.185857e+06 8.511955e+05 
2.021250e+03 8.191268e+06 8.511955e+05 
2.021250e+03 8.191268e+06 8.511955e+05 
2.840950e+03 1.104523e+07 3.040583e+05 
2.024100e+03 8.149931e+06 7.660760e+05 
2.162900e+03 8.711822e+06 4.532460e+05 
2.024100e+03 8.149931e+06 7.660760e+05 
2.843600e+03 1.102214e+07 3.040583e+05 
2.051150e+03 8.271371e+06 6.809564e+05 
2.021250e+03 8.191268e+06 8.511955e+05 
2.021250e+03 8.191268e+06 8.511955e+05 
2.021250e+03 8.191268e+06 8.511955e+05 
2.031950e+03 8.141366e+06 7.660760e+05 
2.021250e+03 8.191268e+06 8.511955e+05 
2.651600e+03 1.046080e+07 3.259473e+05 
2.021250e+03 8.191268e+06 8.511955e+05 
2.113950e+03 8.435973e+06 5.107173e+05 
2.021250e+03 8.191268e+06 8.511955e+05 
2.021250e+03 8.191268e+06 8.511955e+05 
2.021250e+03 8.191268e+06 8.511955e+05 
2.024100e+03 8.149931e+06 7.660760e+05 
2.655350e+03 1.037992e+07 3.404782e+05 
2.173100e+03 8.790712e+06 4.255978e+05 
2.368500e+03 9.620750e+06 3.777050e+05 
2.021250e+03 8.191268e+06 8.511955e+05 
2.832300e+03 1.105074e+07 3.040583e+05 
2.021250e+03 8.191268e+06 8.511955e+05 
2.395500e+03 9.748450e+06 3.655891e+05 
2.021250e+03 8.191268e+06 8.511955e+05 
2.021250e+03 8.191268e+06 8.511955e+05 
2.021250e+03 8.191268e+06 8.511955e+05 
2.053650e+03 8.270349e+06 6.809564e+05 
2.023150e+03 8.155342e+06 7.660760e+05 
2.062950e+03 8.334304e+06 5.958369e+05 
2.021250e+03 8.191268e+06 8.511955e+05 
2.101250e+03 8.353994e+06 5.287870e+05 
2.853300e+03 1.087652e+07 3.040583e+05 
2.021250e+03 8.191268e+06 8.511955e+05 
2.432800e+03 9.867532e+06 3.479703e+05 
2.021250e+03 8.191268e+06 8.511955e+05 
2.053750e+03 8.269013e+06 6.809564e+05 
2.021250e+03 8.191268e+06 8.511955e+05 
2.162700e+03 8.785264e+06 4.532460e+05 
2.432750e+03 9.997909e+06 3.479703e+05 
2.065650e+03 8.285375e+06 5.958369e+05 
2.022200e+03 8.185857e+06 8.511955e+05 
2.022200e+03 8.185857e+06 8.511955e+05 
2.849600e+03 1.100187e+07 3.040583e+05 
2.028000e+03 8.139991e+06 7.660760e+05 

2.561100e+03 1.035844e+07 3.040583e+05 
2.123700e+03 8.851373e+06 5.287870e+05 
2.129100e+03 8.841152e+06 5.287870e+05 
2.258850e+03 9.263036e+06 4.532460e+05 
2.174600e+03 8.910647e+06 5.107173e+05 
2.382400e+03 9.743949e+06 3.114660e+05 
2.277400e+03 9.251993e+06 3.777050e+05 
2.342850e+03 9.491978e+06 3.404782e+05 
2.271250e+03 9.236210e+06 4.255978e+05 
2.059450e+03 8.459998e+06 6.809564e+05 
2.385800e+03 9.810305e+06 3.114660e+05 
2.087200e+03 8.659315e+06 5.958369e+05 
2.265500e+03 9.250221e+06 4.255978e+05 
2.293250e+03 9.368384e+06 3.777050e+05 
2.059250e+03 8.519652e+06 6.809564e+05 
2.258150e+03 9.173160e+06 4.532460e+05 
2.117100e+03 8.800881e+06 5.287870e+05 
2.305800e+03 9.326375e+06 3.777050e+05 
2.031650e+03 8.362904e+06 7.660760e+05 
2.253450e+03 9.225796e+06 4.532460e+05 
2.199700e+03 8.898128e+06 5.107173e+05 
2.024850e+03 8.192109e+06 8.511955e+05 
2.384050e+03 9.829904e+06 3.183740e+05 
2.268050e+03 9.123635e+06 4.532460e+05 
2.260200e+03 9.182058e+06 4.532460e+05 
2.141700e+03 8.834608e+06 5.287870e+05 
2.264300e+03 9.174337e+06 4.532460e+05 
2.396950e+03 9.617278e+06 3.621869e+05 
2.275200e+03 9.215749e+06 4.255978e+05 
2.552800e+03 1.032031e+07 3.040583e+05 
2.089400e+03 8.666924e+06 5.958369e+05 
2.032850e+03 8.366908e+06 7.660760e+05 
2.024850e+03 8.192109e+06 8.511955e+05 
2.270400e+03 9.246649e+06 4.255978e+05 
2.581400e+03 1.044020e+07 3.040583e+05 
2.185500e+03 8.947210e+06 5.107173e+05 
2.040350e+03 8.173855e+06 7.660760e+05 
2.041750e+03 8.242051e+06 7.660760e+05 
2.272450e+03 9.097998e+06 4.255978e+05 
2.043550e+03 8.182398e+06 7.660760e+05 
2.264700e+03 9.089211e+06 4.255978e+05 
2.117000e+03 8.874798e+06 5.287870e+05 
2.477350e+03 1.021797e+07 3.404782e+05 
2.023650e+03 8.185702e+06 8.511955e+05 
2.118400e+03 8.856797e+06 5.287870e+05 
2.324850e+03 9.455654e+06 3.404782e+05 
2.057850e+03 8.451456e+06 6.809564e+05 
2.343350e+03 9.486807e+06 3.404782e+05 
2.041750e+03 8.181330e+06 7.660760e+05 
2.189700e+03 8.922743e+06 5.107173e+05 

2.034350e+03 8.092074e+06 6.809564e+05 
2.026100e+03 8.175917e+06 8.511955e+05 
2.681700e+03 1.036564e+07 3.404782e+05 
2.026100e+03 8.175917e+06 8.511955e+05 
2.026900e+03 8.177441e+06 8.511955e+05 
2.026100e+03 8.175917e+06 8.511955e+05 
2.041250e+03 8.091903e+06 5.958369e+05 
2.026100e+03 8.175917e+06 8.511955e+05 
2.917950e+03 1.106747e+07 3.114660e+05 
2.037800e+03 8.090107e+06 5.958369e+05 
2.060150e+03 8.372861e+06 5.287870e+05 
2.028150e+03 8.133056e+06 7.660760e+05 
2.027050e+03 8.170506e+06 8.511955e+05 
2.085000e+03 8.416673e+06 4.532460e+05 
2.187600e+03 9.015730e+06 3.435661e+05 
2.102200e+03 8.468348e+06 4.532460e+05 
2.094800e+03 8.328201e+06 5.107173e+05 
2.844550e+03 1.108071e+07 3.114660e+05 
2.028400e+03 8.144874e+06 7.660760e+05 
2.073800e+03 8.340566e+06 5.107173e+05 
2.618400e+03 1.033274e+07 3.404782e+05 
2.167100e+03 8.935245e+06 3.777050e+05 
2.200300e+03 9.049094e+06 3.435661e+05 
2.169400e+03 8.918061e+06 4.255978e+05 
2.099400e+03 8.490965e+06 4.532460e+05 
2.070350e+03 8.406230e+06 5.287870e+05 
2.028150e+03 8.133056e+06 7.660760e+05 
2.026100e+03 8.175917e+06 8.511955e+05 
2.027200e+03 8.138467e+06 7.660760e+05 
2.030450e+03 8.102014e+06 6.809564e+05 
2.164300e+03 8.918593e+06 4.255978e+05 
2.856550e+03 1.111105e+07 3.183740e+05 
2.026100e+03 8.175917e+06 8.511955e+05 
2.027050e+03 8.170506e+06 8.511955e+05 
2.081100e+03 8.279413e+06 5.287870e+05 
2.026100e+03 8.175917e+06 8.511955e+05 
2.026100e+03 8.175917e+06 8.511955e+05 
2.120000e+03 8.362139e+06 5.107173e+05 
2.027050e+03 8.170506e+06 8.511955e+05 
2.860150e+03 1.133439e+07 3.114660e+05 
2.088700e+03 8.289481e+06 5.287870e+05 
2.027050e+03 8.170506e+06 8.511955e+05 
2.093400e+03 8.338764e+06 5.107173e+05 
2.032300e+03 8.119628e+06 6.809564e+05 
2.026100e+03 8.175917e+06 8.511955e+05 
2.909650e+03 1.111583e+07 3.114660e+05 
2.027050e+03 8.170506e+06 8.511955e+05 
2.027200e+03 8.138467e+06 7.660760e+05 
2.161750e+03 8.920292e+06 3.777050e+05 
2.026100e+03 8.175917e+06 8.511955e+05 

2.025700e+03 8.140095e+06 8.511955e+05 
2.505500e+03 1.043140e+07 3.777050e+05 
2.025700e+03 8.140095e+06 8.511955e+05 
2.571050e+03 1.069804e+07 3.404782e+05 
2.319450e+03 9.614325e+06 4.787968e+05 
2.337050e+03 9.679455e+06 4.532460e+05 
2.060350e+03 8.222827e+06 6.809564e+05 
2.019650e+03 8.151442e+06 8.511955e+05 
2.025700e+03 8.140095e+06 8.511955e+05 
2.059250e+03 8.605703e+06 6.809564e+05 
2.019650e+03 8.151442e+06 8.511955e+05 
2.176200e+03 8.675197e+06 5.287870e+05 
2.336300e+03 9.649793e+06 4.532460e+05 
2.025300e+03 8.159085e+06 7.660760e+05 
2.025700e+03 8.140095e+06 8.511955e+05 
2.024250e+03 8.142996e+06 7.660760e+05 
2.021400e+03 8.150303e+06 8.511955e+05 
2.029550e+03 8.139062e+06 7.660760e+05 
2.024250e+03 8.142996e+06 7.660760e+05 
2.032050e+03 8.123116e+06 7.660760e+05 
2.494100e+03 1.045873e+07 3.777050e+05 
2.069350e+03 8.207534e+06 5.958369e+05 
2.025700e+03 8.140095e+06 8.511955e+05 
2.069100e+03 8.205454e+06 6.809564e+05 
2.171800e+03 8.641901e+06 5.287870e+05 
2.530000e+03 1.052640e+07 3.777050e+05 
2.271600e+03 9.185116e+06 5.107173e+05 
2.028150e+03 8.133056e+06 7.660760e+05 
2.556000e+03 1.063805e+07 3.404782e+05 
2.070950e+03 8.210049e+06 5.958369e+05 
2.059300e+03 8.258917e+06 6.809564e+05 
2.670900e+03 1.106151e+07 3.183740e+05 
2.066400e+03 8.196758e+06 6.809564e+05 
2.462800e+03 9.825261e+06 4.255978e+05 
2.034550e+03 8.130627e+06 7.660760e+05 
2.070450e+03 8.282020e+06 5.958369e+05 
2.656500e+03 1.101536e+07 3.183740e+05 
2.025700e+03 8.140095e+06 8.511955e+05 
2.496900e+03 1.046872e+07 3.936772e+05 
2.337800e+03 9.668638e+06 4.787968e+05 
2.276300e+03 9.211831e+06 5.107173e+05 
2.062600e+03 8.203745e+06 6.809564e+05 
2.024250e+03 8.142996e+06 7.660760e+05 
2.020600e+03 8.146031e+06 8.511955e+05 
2.020450e+03 8.155714e+06 8.511955e+05 
2.440250e+03 9.772822e+06 4.255978e+05 
2.064150e+03 8.199962e+06 6.809564e+05 
2.025700e+03 8.140095e+06 8.511955e+05 
2.025700e+03 8.140095e+06 8.511955e+05 
2.060350e+03 8.208105e+06 6.809564e+05 

2.028150e+03 8.133056e+06 7.660760e+05 
2.137800e+03 8.652553e+06 5.287870e+05 
2.021250e+03 8.191268e+06 8.511955e+05 
2.160700e+03 8.758263e+06 5.107173e+05 
2.137600e+03 8.651695e+06 5.287870e+05 
2.022200e+03 8.185857e+06 8.511955e+05 
2.021250e+03 8.191268e+06 8.511955e+05 
2.022200e+03 8.185857e+06 8.511955e+05 
2.185800e+03 9.046422e+06 4.532460e+05 
2.280400e+03 9.235182e+06 4.255978e+05 
2.047900e+03 8.278579e+06 6.809564e+05 
2.140600e+03 8.650265e+06 5.287870e+05 
2.028150e+03 8.133056e+06 7.660760e+05 
2.022350e+03 8.153818e+06 7.660760e+05 
2.022200e+03 8.185857e+06 8.511955e+05 
2.032050e+03 8.123116e+06 7.660760e+05 
2.021250e+03 8.191268e+06 8.511955e+05 
2.136800e+03 8.452395e+06 5.958369e+05 
2.022050e+03 8.195539e+06 8.511955e+05 
2.466400e+03 1.012818e+07 3.083285e+05 
2.182400e+03 9.030484e+06 4.532460e+05 
2.022200e+03 8.185857e+06 8.511955e+05 
2.027200e+03 8.138467e+06 7.660760e+05 
2.024100e+03 8.152678e+06 7.660760e+05 
2.313100e+03 9.345624e+06 3.777050e+05 
2.033250e+03 8.125404e+06 7.660760e+05 
2.022200e+03 8.185857e+06 8.511955e+05 
2.021250e+03 8.191268e+06 8.511955e+05 
2.027200e+03 8.138467e+06 7.660760e+05 
2.022200e+03 8.185857e+06 8.511955e+05 
2.433400e+03 1.007797e+07 3.083285e+05 
2.028150e+03 8.133056e+06 7.660760e+05 
2.049100e+03 8.282583e+06 6.809564e+05 
2.022350e+03 8.153818e+06 7.660760e+05 
2.021250e+03 8.191268e+06 8.511955e+05 
2.431250e+03 9.781759e+06 3.404782e+05 
2.302350e+03 9.260543e+06 4.255978e+05 
2.158000e+03 8.752952e+06 5.107173e+05 
2.021250e+03 8.191268e+06 8.511955e+05 
2.093000e+03 8.432119e+06 5.958369e+05 
2.380500e+03 9.507881e+06 3.435661e+05 
2.292500e+03 9.287830e+06 3.777050e+05 
2.032050e+03 8.123116e+06 7.660760e+05 
2.021250e+03 8.191268e+06 8.511955e+05 
2.022200e+03 8.185857e+06 8.511955e+05 
2.412450e+03 9.769306e+06 3.404782e+05 
2.023300e+03 8.148407e+06 7.660760e+05 
2.022200e+03 8.185857e+06 8.511955e+05 
2.189800e+03 8.995694e+06 4.532460e+05 
2.383000e+03 9.542188e+06 3.435661e+05 

2.155750e+03 8.768480e+06 5.287870e+05 
2.153350e+03 8.711863e+06 5.958369e+05 
2.148950e+03 8.793668e+06 5.958369e+05 
2.084750e+03 8.323319e+06 6.809564e+05 
2.067500e+03 8.448032e+06 7.660760e+05 
2.346050e+03 9.696834e+06 4.255978e+05 
2.338400e+03 9.884985e+06 3.040583e+05 
2.174750e+03 8.721335e+06 5.107173e+05 
2.357800e+03 9.863151e+06 3.040583e+05 
2.067900e+03 8.391850e+06 7.660760e+05 
2.301950e+03 9.834056e+06 3.777050e+05 
2.069050e+03 8.364755e+06 7.660760e+05 
2.299950e+03 1.005360e+07 4.255978e+05 
2.345150e+03 9.648135e+06 4.255978e+05 
2.091600e+03 8.318646e+06 6.809564e+05 
2.291350e+03 9.910605e+06 4.255978e+05 
2.301250e+03 9.963239e+06 3.404782e+05 
2.309600e+03 9.766768e+06 3.777050e+05 
2.150250e+03 8.754035e+06 5.958369e+05 
2.337500e+03 1.003191e+07 3.040583e+05 
2.071550e+03 8.394014e+06 6.809564e+05 
2.084600e+03 8.355358e+06 7.660760e+05 
2.090350e+03 8.331264e+06 6.809564e+05 
2.181350e+03 8.774993e+06 4.532460e+05 
2.342400e+03 9.899561e+06 3.040583e+05 
2.317400e+03 9.713841e+06 3.777050e+05 
2.065350e+03 8.389582e+06 8.511955e+05 
2.085550e+03 8.327820e+06 6.809564e+05 
2.152750e+03 8.691742e+06 5.287870e+05 
2.310650e+03 9.813669e+06 3.404782e+05 
2.346400e+03 9.856344e+06 3.040583e+05 
2.372750e+03 9.694615e+06 3.777050e+05 
2.064900e+03 8.375832e+06 7.660760e+05 
2.373900e+03 9.712717e+06 3.777050e+05 
2.309350e+03 9.775170e+06 3.404782e+05 
2.183950e+03 8.722090e+06 4.532460e+05 
2.149150e+03 8.857860e+06 5.958369e+05 
2.306700e+03 1.000710e+07 3.404782e+05 
2.159300e+03 8.754943e+06 5.107173e+05 
2.177200e+03 8.694410e+06 5.287870e+05 
2.293550e+03 9.810005e+06 4.255978e+05 
2.148850e+03 8.810429e+06 5.958369e+05 
2.160400e+03 8.819231e+06 5.107173e+05 
2.092400e+03 8.326350e+06 6.809564e+05 
2.330850e+03 9.740855e+06 3.777050e+05 
2.403750e+03 1.020960e+07 3.040583e+05 
2.070750e+03 8.369253e+06 7.660760e+05 
2.301200e+03 9.720650e+06 3.777050e+05 
2.074750e+03 8.413845e+06 6.809564e+05 
2.178750e+03 8.703136e+06 4.532460e+05 

2.162000e+03 9.157504e+06 4.532460e+05 
2.009200e+03 8.148044e+06 8.511955e+05 
2.018850e+03 8.128931e+06 8.511955e+05 
2.028900e+03 8.249326e+06 7.660760e+05 
2.337350e+03 9.935177e+06 3.777050e+05 
2.165850e+03 9.071342e+06 5.107173e+05 
2.014950e+03 8.138871e+06 8.511955e+05 
2.492250e+03 1.065882e+07 3.040583e+05 
2.018850e+03 8.128931e+06 8.511955e+05 
2.168150e+03 9.065232e+06 5.107173e+05 
2.321150e+03 9.752708e+06 4.255978e+05 
2.028300e+03 8.247057e+06 7.660760e+05 
2.112150e+03 8.768127e+06 5.958369e+05 
2.347150e+03 9.939580e+06 3.777050e+05 
2.408800e+03 1.023243e+07 3.404782e+05 
2.018850e+03 8.128931e+06 8.511955e+05 
2.513650e+03 1.074072e+07 3.040583e+05 
2.014950e+03 8.138871e+06 8.511955e+05 
2.018850e+03 8.128931e+06 8.511955e+05 
2.059400e+03 8.376662e+06 6.809564e+05 
2.014000e+03 8.144282e+06 8.511955e+05 
2.478050e+03 1.075968e+07 3.040583e+05 
2.410300e+03 1.033991e+07 3.404782e+05 
2.415400e+03 1.027076e+07 3.404782e+05 
2.014950e+03 8.138871e+06 8.511955e+05 
2.018850e+03 8.128931e+06 8.511955e+05 
2.165300e+03 9.145627e+06 4.532460e+05 
2.010100e+03 8.151781e+06 8.511955e+05 
2.060700e+03 8.382230e+06 6.809564e+05 
2.134650e+03 8.896561e+06 5.287870e+05 
2.340850e+03 1.003020e+07 3.777050e+05 
2.162750e+03 9.067004e+06 5.107173e+05 
2.167550e+03 9.153404e+06 4.532460e+05 
2.019350e+03 8.130599e+06 8.511955e+05 
2.014950e+03 8.138871e+06 8.511955e+05 
2.014950e+03 8.138871e+06 8.511955e+05 
2.061950e+03 8.375256e+06 6.809564e+05 
2.139650e+03 8.907811e+06 5.287870e+05 
2.400500e+03 1.029219e+07 3.404782e+05 
2.154150e+03 9.151062e+06 5.107173e+05 
2.517400e+03 1.073399e+07 3.085577e+05 
2.493050e+03 1.086291e+07 3.040583e+05 
2.112350e+03 8.707329e+06 5.958369e+05 
2.014000e+03 8.144282e+06 8.511955e+05 
2.014950e+03 8.138871e+06 8.511955e+05 
2.030200e+03 8.248057e+06 7.660760e+05 
2.320550e+03 9.735165e+06 4.255978e+05 
2.014000e+03 8.144282e+06 8.511955e+05 
2.115150e+03 8.707994e+06 5.958369e+05 
2.018850e+03 8.128931e+06 8.511955e+05 

2.006900e+03 8.128900e+06 8.511955e+05 
2.062550e+03 8.321607e+06 7.660760e+05 
2.251400e+03 9.167396e+06 4.532460e+05 
2.416950e+03 9.829754e+06 3.435661e+05 
2.016250e+03 8.105344e+06 8.511955e+05 
2.126550e+03 8.604703e+06 6.809564e+05 
2.126450e+03 8.608477e+06 6.809564e+05 
2.367600e+03 9.551209e+06 3.756015e+05 
2.265400e+03 9.123396e+06 4.532460e+05 
2.118550e+03 8.611938e+06 6.809564e+05 
2.177300e+03 8.800528e+06 5.107173e+05 
2.396850e+03 9.777474e+06 3.404782e+05 
2.180900e+03 8.835497e+06 5.639163e+05 
2.126150e+03 8.630587e+06 5.958369e+05 
2.016250e+03 8.105344e+06 8.511955e+05 
2.250900e+03 9.130843e+06 4.532460e+05 
2.329400e+03 9.376472e+06 4.255978e+05 
2.177900e+03 8.741351e+06 5.107173e+05 
2.016250e+03 8.105344e+06 8.511955e+05 
2.258500e+03 9.158939e+06 4.532460e+05 
2.006350e+03 8.136446e+06 8.511955e+05 
2.109250e+03 8.474490e+06 5.958369e+05 
2.006300e+03 8.186418e+06 8.511955e+05 
2.909150e+03 1.187160e+07 3.114660e+05 
2.129750e+03 8.582810e+06 5.958369e+05 
2.367900e+03 9.541240e+06 3.756015e+05 
2.415350e+03 9.843557e+06 3.435661e+05 
2.407850e+03 9.774815e+06 3.435661e+05 
2.418250e+03 9.840716e+06 3.404782e+05 
2.010950e+03 8.109278e+06 8.511955e+05 
2.364000e+03 9.519244e+06 3.777050e+05 
2.854950e+03 1.173252e+07 3.114660e+05 
2.010950e+03 8.109278e+06 8.511955e+05 
2.365400e+03 9.537352e+06 3.756015e+05 
2.008800e+03 8.108282e+06 8.511955e+05 
2.898000e+03 1.183256e+07 3.183740e+05 
2.414350e+03 9.868804e+06 3.404782e+05 
2.261950e+03 9.121556e+06 4.532460e+05 
2.016250e+03 8.105344e+06 8.511955e+05 
2.010950e+03 8.109278e+06 8.511955e+05 
2.016250e+03 8.105344e+06 8.511955e+05 
2.016050e+03 8.103342e+06 8.511955e+05 
2.411550e+03 9.870615e+06 3.404782e+05 
2.005700e+03 8.122493e+06 8.511955e+05 
2.410750e+03 9.862883e+06 3.435661e+05 
2.139850e+03 8.562335e+06 5.958369e+05 
2.324700e+03 9.359195e+06 4.255978e+05 
2.184100e+03 8.747523e+06 5.107173e+05 
2.010000e+03 8.114689e+06 8.511955e+05 
2.063150e+03 8.330971e+06 7.660760e+05 

