1.541804e+02 3.412926e+07 3.814935e+06 
1.590312e+02 3.362181e+07 3.814935e+06 
1.843420e+02 3.263385e+07 3.814935e+06 
1.835514e+02 3.262631e+07 3.814935e+06 
1.488936e+02 3.505928e+07 3.814935e+06 
1.805057e+02 3.274991e+07 3.814935e+06 
1.574227e+02 3.398933e+07 3.814935e+06 
1.502842e+02 3.507259e+07 3.814935e+06 
2.132881e+02 3.203442e+07 3.814935e+06 
1.818267e+02 3.264884e+07 3.814935e+06 
1.482747e+02 3.548508e+07 3.814935e+06 
1.482747e+02 3.548508e+07 3.814935e+06 
1.482747e+02 3.548508e+07 3.814935e+06 
1.482747e+02 3.548508e+07 3.814935e+06 
1.482747e+02 3.548508e+07 3.814935e+06 
1.482747e+02 3.548508e+07 3.814935e+06 
1.482747e+02 3.548508e+07 3.814935e+06 
1.482747e+02 3.548508e+07 3.814935e+06 
1.482747e+02 3.548508e+07 3.814935e+06 
1.482747e+02 3.548508e+07 3.814935e+06 
1.482747e+02 3.548508e+07 3.814935e+06 
1.482747e+02 3.548508e+07 3.814935e+06 
1.482747e+02 3.548508e+07 3.814935e+06 
1.482747e+02 3.548508e+07 3.814935e+06 
1.482747e+02 3.548508e+07 3.814935e+06 
1.482747e+02 3.548508e+07 3.814935e+06 
1.482747e+02 3.548508e+07 3.814935e+06 
1.482747e+02 3.548508e+07 3.814935e+06 
1.482747e+02 3.548508e+07 3.814935e+06 
1.482747e+02 3.548508e+07 3.814935e+06 
1.482747e+02 3.548508e+07 3.814935e+06 
1.482747e+02 3.548508e+07 3.814935e+06 
1.482747e+02 3.548508e+07 3.814935e+06 
1.482747e+02 3.548508e+07 3.814935e+06 
1.482747e+02 3.548508e+07 3.814935e+06 
1.482747e+02 3.548508e+07 3.814935e+06 
1.482747e+02 3.548508e+07 3.814935e+06 
1.482747e+02 3.548508e+07 3.814935e+06 
1.482747e+02 3.548508e+07 3.814935e+06 
1.482747e+02 3.548508e+07 3.814935e+06 
1.482747e+02 3.548508e+07 3.814935e+06 
1.482747e+02 3.548508e+07 3.814935e+06 
1.482747e+02 3.548508e+07 3.814935e+06 
1.482747e+02 3.548508e+07 3.814935e+06 
1.482747e+02 3.548508e+07 3.814935e+06 
1.482747e+02 3.548508e+07 3.814935e+06 
1.482747e+02 3.548508e+07 3.814935e+06 
1.482747e+02 3.548508e+07 3.814935e+06 
1.482747e+02 3.548508e+07 3.814935e+06 
1.482747e+02 3.548508e+07 3.814935e+06 
1.482747e+02 3.548508e+07 3.814935e+06 
1.482747e+02 3.548508e+07 3.814935e+06 
1.482747e+02 3.548508e+07 3.814935e+06 
1.482747e+02 3.548508e+07 3.814935e+06 
1.482747e+02 3.548508e+07 3.814935e+06 
1.482747e+02 3.548508e+07 3.814935e+06 
1.482747e+02 3.548508e+07 3.814935e+06 
1.482747e+02 3.548508e+07 3.814935e+06 
1.482747e+02 3.548508e+07 3.814935e+06 
1.482747e+02 3.548508e+07 3.814935e+06 
1.482747e+02 3.548508e+07 3.814935e+06 
1.482747e+02 3.548508e+07 3.814935e+06 
1.482747e+02 3.548508e+07 3.814935e+06 
1.482747e+02 3.548508e+07 3.814935e+06 
1.509246e+02 3.475725e+07 3.814935e+06 
1.498737e+02 3.478384e+07 3.814935e+06 
1.707231e+02 3.336361e+07 3.814935e+06 
1.574327e+02 3.408071e+07 3.814935e+06 
1.530863e+02 3.451755e+07 3.814935e+06 
1.798734e+02 3.272420e+07 3.814935e+06 
1.683948e+02 3.346510e+07 3.814935e+06 
1.588978e+02 3.385588e+07 3.814935e+06 
1.515738e+02 3.458424e+07 3.814935e+06 
1.862815e+02 3.254863e+07 3.814935e+06 
1.509438e+02 3.477847e+07 3.814935e+06 
2.032309e+02 3.203948e+07 3.814935e+06 
1.497598e+02 3.489668e+07 3.814935e+06 
1.684515e+02 3.335189e+07 3.814935e+06 
1.961325e+02 3.231273e+07 3.814935e+06 
1.633174e+02 3.378121e+07 3.814935e+06 
1.736598e+02 3.317755e+07 3.814935e+06 
1.537388e+02 3.430271e+07 3.814935e+06 
1.580152e+02 3.398886e+07 3.814935e+06 
1.782296e+02 3.279997e+07 3.814935e+06 
1.523140e+02 3.453575e+07 3.814935e+06 
1.584675e+02 3.383968e+07 3.814935e+06 
1.886484e+02 3.243694e+07 3.814935e+06 
1.700092e+02 3.302928e+07 3.814935e+06 
1.980681e+02 3.217654e+07 3.814935e+06 
1.855651e+02 3.262547e+07 3.814935e+06 
1.795411e+02 3.278845e+07 3.814935e+06 
1.931397e+02 3.237942e+07 3.814935e+06 
1.532747e+02 3.446053e+07 3.814935e+06 
1.525592e+02 3.451758e+07 3.814935e+06 
1.990773e+02 3.217683e+07 3.814935e+06 
1.548025e+02 3.425515e+07 3.814935e+06 
1.768464e+02 3.292546e+07 3.814935e+06 
1.906766e+02 3.245813e+07 3.814935e+06 
1.497759e+02 3.483387e+07 3.814935e+06 
1.678377e+02 3.356457e+07 3.814935e+06 

1.617936e+02 3.373005e+07 3.814935e+06 
1.482747e+02 3.548508e+07 3.814935e+06 
1.482747e+02 3.548508e+07 3.814935e+06 
1.482747e+02 3.548508e+07 3.814935e+06 
1.482747e+02 3.548508e+07 3.814935e+06 
1.482747e+02 3.548508e+07 3.814935e+06 
1.482747e+02 3.548508e+07 3.814935e+06 
1.482747e+02 3.548508e+07 3.814935e+06 
1.482747e+02 3.548508e+07 3.814935e+06 
1.482747e+02 3.548508e+07 3.814935e+06 
1.482747e+02 3.548508e+07 3.814935e+06 
1.482747e+02 3.548508e+07 3.814935e+06 
1.482747e+02 3.548508e+07 3.814935e+06 
1.482747e+02 3.548508e+07 3.814935e+06 
1.482747e+02 3.548508e+07 3.814935e+06 
1.482747e+02 3.548508e+07 3.814935e+06 
1.482747e+02 3.548508e+07 3.814935e+06 
1.482747e+02 3.548508e+07 3.814935e+06 
1.482747e+02 3.548508e+07 3.814935e+06 
1.482747e+02 3.548508e+07 3.814935e+06 
1.482747e+02 3.548508e+07 3.814935e+06 
1.482747e+02 3.548508e+07 3.814935e+06 
1.482747e+02 3.548508e+07 3.814935e+06 
1.482747e+02 3.548508e+07 3.814935e+06 
1.482747e+02 3.548508e+07 3.814935e+06 
1.482747e+02 3.548508e+07 3.814935e+06 
1.482747e+02 3.548508e+07 3.814935e+06 
1.482747e+02 3.548508e+07 3.814935e+06 
1.482747e+02 3.548508e+07 3.814935e+06 
1.482747e+02 3.548508e+07 3.814935e+06 
1.482747e+02 3.548508e+07 3.814935e+06 
1.482747e+02 3.548508e+07 3.814935e+06 
1.482747e+02 3.548508e+07 3.814935e+06 
1.482747e+02 3.548508e+07 3.814935e+06 
1.482747e+02 3.548508e+07 3.814935e+06 
1.482747e+02 3.548508e+07 3.814935e+06 
1.482747e+02 3.548508e+07 3.814935e+06 
1.482747e+02 3.548508e+07 3.814935e+06 
1.482747e+02 3.548508e+07 3.814935e+06 
1.482747e+02 3.548508e+07 3.814935e+06 
1.482747e+02 3.548508e+07 3.814935e+06 
1.482747e+02 3.548508e+07 3.814935e+06 
1.482747e+02 3.548508e+07 3.814935e+06 
1.482747e+02 3.548508e+07 3.814935e+06 
1.482747e+02 3.548508e+07 3.814935e+06 
1.482747e+02 3.548508e+07 3.814935e+06 
1.482747e+02 3.548508e+07 3.814935e+06 
1.482747e+02 3.548508e+07 3.814935e+06 
1.482747e+02 3.548508e+07 3.814935e+06 
1.482747e+02 3.548508e+07 3.814935e+06 
1.482747e+02 3.548508e+07 3.814935e+06 
1.482747e+02 3.548508e+07 3.814935e+06 
1.482747e+02 3.548508e+07 3.814935e+06 
1.482747e+02 3.548508e+07 3.814935e+06 
1.482747e+02 3.548508e+07 3.814935e+06 
1.482747e+02 3.548508e+07 3.814935e+06 
1.482747e+02 3.548508e+07 3.814935e+06 
1.482747e+02 3.548508e+07 3.814935e+06 
1.482747e+02 3.548508e+07 3.814935e+06 
1.482747e+02 3.548508e+07 3.814935e+06 
1.482747e+02 3.548508e+07 3.814935e+06 
1.482747e+02 3.548508e+07 3.814935e+06 
1.586853e+02 3.403482e+07 3.814935e+06 
1.950971e+02 3.215818e+07 3.814935e+06 
1.548025e+02 3.425515e+07 3.814935e+06 
1.798267e+02 3.287504e+07 3.814935e+06 
1.873105e+02 3.255548e+07 3.814935e+06 
1.793831e+02 3.293049e+07 3.814935e+06 
1.603293e+02 3.401080e+07 3.814935e+06 
1.806913e+02 3.281691e+07 3.814935e+06 
1.752119e+02 3.302471e+07 3.814935e+06 
1.541157e+02 3.438050e+07 3.814935e+06 
1.613749e+02 3.381094e+07 3.814935e+06 
1.610000e+02 3.394825e+07 3.814935e+06 
1.555629e+02 3.423822e+07 3.814935e+06 
1.494503e+02 3.510957e+07 3.814935e+06 
1.699423e+02 3.303101e+07 3.814935e+06 
1.772713e+02 3.295607e+07 3.814935e+06 
1.814207e+02 3.270818e+07 3.814935e+06 
1.584859e+02 3.405682e+07 3.814935e+06 
1.784625e+02 3.295003e+07 3.814935e+06 
1.642774e+02 3.363354e+07 3.814935e+06 
1.542135e+02 3.433048e+07 3.814935e+06 
1.547048e+02 3.430517e+07 3.814935e+06 
1.502155e+02 3.444532e+07 3.814935e+06 
1.642900e+02 3.339944e+07 3.814935e+06 
1.497921e+02 3.477106e+07 3.814935e+06 
1.496782e+02 3.488390e+07 3.814935e+06 
1.880751e+02 3.245491e+07 3.814935e+06 
1.500693e+02 3.468378e+07 3.814935e+06 
1.547752e+02 3.430318e+07 3.814935e+06 
1.496620e+02 3.494671e+07 3.814935e+06 
1.539364e+02 3.441775e+07 3.814935e+06 
1.959877e+02 3.223104e+07 3.814935e+06 
1.578196e+02 3.408892e+07 3.814935e+06 
1.492225e+02 3.533525e+07 3.814935e+06 
1.835009e+02 3.262946e+07 3.814935e+06 
1.558400e+02 3.415094e+07 3.814935e+06 
1.899076e+02 3.236478e+07 3.814935e+06 
1.597493e+02 3.403321e+07 3.814935e+06 

1.802260e+02 3.290343e+07 3.814935e+06 
1.555790e+02 3.417541e+07 3.814935e+06 
1.963702e+02 3.216687e+07 3.814935e+06 
1.769264e+02 3.307801e+07 3.814935e+06 
1.927116e+02 3.248201e+07 3.814935e+06 
1.482747e+02 3.548508e+07 3.814935e+06 
1.482747e+02 3.548508e+07 3.814935e+06 
1.482747e+02 3.548508e+07 3.814935e+06 
1.482747e+02 3.548508e+07 3.814935e+06 
1.482747e+02 3.548508e+07 3.814935e+06 
1.482747e+02 3.548508e+07 3.814935e+06 
1.482747e+02 3.548508e+07 3.814935e+06 
1.482747e+02 3.548508e+07 3.814935e+06 
1.482747e+02 3.548508e+07 3.814935e+06 
1.482747e+02 3.548508e+07 3.814935e+06 
1.482747e+02 3.548508e+07 3.814935e+06 
1.482747e+02 3.548508e+07 3.814935e+06 
1.482747e+02 3.548508e+07 3.814935e+06 
1.482747e+02 3.548508e+07 3.814935e+06 
1.482747e+02 3.548508e+07 3.814935e+06 
1.482747e+02 3.548508e+07 3.814935e+06 
1.482747e+02 3.548508e+07 3.814935e+06 
1.482747e+02 3.548508e+07 3.814935e+06 
1.482747e+02 3.548508e+07 3.814935e+06 
1.482747e+02 3.548508e+07 3.814935e+06 
1.482747e+02 3.548508e+07 3.814935e+06 
1.482747e+02 3.548508e+07 3.814935e+06 
1.482747e+02 3.548508e+07 3.814935e+06 
1.482747e+02 3.548508e+07 3.814935e+06 
1.482747e+02 3.548508e+07 3.814935e+06 
1.482747e+02 3.548508e+07 3.814935e+06 
1.482747e+02 3.548508e+07 3.814935e+06 
1.482747e+02 3.548508e+07 3.814935e+06 
1.482747e+02 3.548508e+07 3.814935e+06 
1.482747e+02 3.548508e+07 3.814935e+06 
1.482747e+02 3.548508e+07 3.814935e+06 
1.482747e+02 3.548508e+07 3.814935e+06 
1.482747e+02 3.548508e+07 3.814935e+06 
1.482747e+02 3.548508e+07 3.814935e+06 
1.482747e+02 3.548508e+07 3.814935e+06 
1.482747e+02 3.548508e+07 3.814935e+06 
1.482747e+02 3.548508e+07 3.814935e+06 
1.482747e+02 3.548508e+07 3.814935e+06 
1.482747e+02 3.548508e+07 3.814935e+06 
1.482747e+02 3.548508e+07 3.814935e+06 
1.482747e+02 3.548508e+07 3.814935e+06 
1.482747e+02 3.548508e+07 3.814935e+06 
1.482747e+02 3.548508e+07 3.814935e+06 
1.482747e+02 3.548508e+07 3.814935e+06 
1.482747e+02 3.548508e+07 3.814935e+06 
1.482747e+02 3.548508e+07 3.814935e+06 
1.482747e+02 3.548508e+07 3.814935e+06 
1.482747e+02 3.548508e+07 3.814935e+06 
1.482747e+02 3.548508e+07 3.814935e+06 
1.482747e+02 3.548508e+07 3.814935e+06 
1.482747e+02 3.548508e+07 3.814935e+06 
1.482747e+02 3.548508e+07 3.814935e+06 
1.482747e+02 3.548508e+07 3.814935e+06 
1.482747e+02 3.548508e+07 3.814935e+06 
1.482747e+02 3.548508e+07 3.814935e+06 
1.482747e+02 3.548508e+07 3.814935e+06 
1.482747e+02 3.548508e+07 3.814935e+06 
1.482747e+02 3.548508e+07 3.814935e+06 
1.568143e+02 3.407830e+07 3.814935e+06 
1.779280e+02 3.306073e+07 3.814935e+06 
2.048923e+02 3.194744e+07 3.814935e+06 
1.492515e+02 3.465796e+07 3.814935e+06 
2.015744e+02 3.209480e+07 3.814935e+06 
1.700843e+02 3.338059e+07 3.814935e+06 
1.953692e+02 3.231605e+07 3.814935e+06 
1.577137e+02 3.407822e+07 3.814935e+06 
1.588243e+02 3.378375e+07 3.814935e+06 
1.531186e+02 3.439193e+07 3.814935e+06 
2.007610e+02 3.210492e+07 3.814935e+06 
1.490398e+02 3.482082e+07 3.814935e+06 
1.517693e+02 3.448419e+07 3.814935e+06 
1.681532e+02 3.352436e+07 3.814935e+06 
1.706500e+02 3.332669e+07 3.814935e+06 
1.605240e+02 3.358391e+07 3.814935e+06 
1.731648e+02 3.321144e+07 3.814935e+06 
1.582536e+02 3.397538e+07 3.814935e+06 
1.684818e+02 3.344322e+07 3.814935e+06 
1.673113e+02 3.352851e+07 3.814935e+06 
1.489098e+02 3.499647e+07 3.814935e+06 
1.759547e+02 3.308391e+07 3.814935e+06 
1.549003e+02 3.420512e+07 3.814935e+06 
1.517855e+02 3.442138e+07 3.814935e+06 
1.949415e+02 3.237043e+07 3.814935e+06 
1.856007e+02 3.270711e+07 3.814935e+06 
1.916893e+02 3.256881e+07 3.814935e+06 
1.547702e+02 3.438077e+07 3.814935e+06 
1.931538e+02 3.247407e+07 3.814935e+06 
1.853781e+02 3.281272e+07 3.814935e+06 
1.495448e+02 3.450787e+07 3.814935e+06 
1.835379e+02 3.288252e+07 3.814935e+06 
1.779698e+02 3.290670e+07 3.814935e+06 
1.491376e+02 3.477079e+07 3.814935e+06 
1.490237e+02 3.488363e+07 3.814935e+06 
1.893965e+02 3.263259e+07 3.814935e+06 
1.565923e+02 3.410117e+07 3.814935e+06 

1.513338e+02 3.422424e+07 3.814935e+06 
1.552944e+02 3.409585e+07 3.814935e+06 
1.498899e+02 3.472103e+07 3.814935e+06 
1.482747e+02 3.548508e+07 3.814935e+06 
1.482747e+02 3.548508e+07 3.814935e+06 
1.482747e+02 3.548508e+07 3.814935e+06 
1.482747e+02 3.548508e+07 3.814935e+06 
1.482747e+02 3.548508e+07 3.814935e+06 
1.482747e+02 3.548508e+07 3.814935e+06 
1.482747e+02 3.548508e+07 3.814935e+06 
1.482747e+02 3.548508e+07 3.814935e+06 
1.482747e+02 3.548508e+07 3.814935e+06 
1.482747e+02 3.548508e+07 3.814935e+06 
1.482747e+02 3.548508e+07 3.814935e+06 
1.482747e+02 3.548508e+07 3.814935e+06 
1.482747e+02 3.548508e+07 3.814935e+06 
1.482747e+02 3.548508e+07 3.814935e+06 
1.482747e+02 3.548508e+07 3.814935e+06 
1.482747e+02 3.548508e+07 3.814935e+06 
1.482747e+02 3.548508e+07 3.814935e+06 
1.482747e+02 3.548508e+07 3.814935e+06 
1.482747e+02 3.548508e+07 3.814935e+06 
1.482747e+02 3.548508e+07 3.814935e+06 
1.482747e+02 3.548508e+07 3.814935e+06 
1.482747e+02 3.548508e+07 3.814935e+06 
1.482747e+02 3.548508e+07 3.814935e+06 
1.482747e+02 3.548508e+07 3.814935e+06 
1.482747e+02 3.548508e+07 3.814935e+06 
1.482747e+02 3.548508e+07 3.814935e+06 
1.482747e+02 3.548508e+07 3.814935e+06 
1.482747e+02 3.548508e+07 3.814935e+06 
1.482747e+02 3.548508e+07 3.814935e+06 
1.482747e+02 3.548508e+07 3.814935e+06 
1.482747e+02 3.548508e+07 3.814935e+06 
1.482747e+02 3.548508e+07 3.814935e+06 
1.482747e+02 3.548508e+07 3.814935e+06 
1.482747e+02 3.548508e+07 3.814935e+06 
1.482747e+02 3.548508e+07 3.814935e+06 
1.482747e+02 3.548508e+07 3.814935e+06 
1.482747e+02 3.548508e+07 3.814935e+06 
1.482747e+02 3.548508e+07 3.814935e+06 
1.482747e+02 3.548508e+07 3.814935e+06 
1.482747e+02 3.548508e+07 3.814935e+06 
1.482747e+02 3.548508e+07 3.814935e+06 
1.482747e+02 3.548508e+07 3.814935e+06 
1.482747e+02 3.548508e+07 3.814935e+06 
1.482747e+02 3.548508e+07 3.814935e+06 
1.482747e+02 3.548508e+07 3.814935e+06 
1.482747e+02 3.548508e+07 3.814935e+06 
1.482747e+02 3.548508e+07 3.814935e+06 
1.482747e+02 3.548508e+07 3.814935e+06 
1.482747e+02 3.548508e+07 3.814935e+06 
1.482747e+02 3.548508e+07 3.814935e+06 
1.482747e+02 3.548508e+07 3.814935e+06 
1.482747e+02 3.548508e+07 3.814935e+06 
1.482747e+02 3.548508e+07 3.814935e+06 
1.482747e+02 3.548508e+07 3.814935e+06 
1.482747e+02 3.548508e+07 3.814935e+06 
1.482747e+02 3.548508e+07 3.814935e+06 
1.482747e+02 3.548508e+07 3.814935e+06 
1.482747e+02 3.548508e+07 3.814935e+06 
1.482747e+02 3.548508e+07 3.814935e+06 
1.482747e+02 3.548508e+07 3.814935e+06 
1.482747e+02 3.548508e+07 3.814935e+06 
1.482747e+02 3.548508e+07 3.814935e+06 
1.482747e+02 3.548508e+07 3.814935e+06 
1.482747e+02 3.548508e+07 3.814935e+06 
1.482747e+02 3.548508e+07 3.814935e+06 
1.482747e+02 3.548508e+07 3.814935e+06 
1.482747e+02 3.548508e+07 3.814935e+06 
1.482747e+02 3.548508e+07 3.814935e+06 
1.482747e+02 3.548508e+07 3.814935e+06 
1.681697e+02 3.330032e+07 3.814935e+06 
1.564589e+02 3.397499e+07 3.814935e+06 
1.612780e+02 3.357447e+07 3.814935e+06 
1.610333e+02 3.358216e+07 3.814935e+06 
1.536545e+02 3.421329e+07 3.814935e+06 
1.590358e+02 3.366718e+07 3.814935e+06 
1.491215e+02 3.483360e+07 3.814935e+06 
1.566569e+02 3.384993e+07 3.814935e+06 
1.616345e+02 3.357143e+07 3.814935e+06 
1.692313e+02 3.322164e+07 3.814935e+06 
1.708667e+02 3.316701e+07 3.814935e+06 
1.898411e+02 3.244178e+07 3.814935e+06 
1.750277e+02 3.292476e+07 3.814935e+06 
1.502316e+02 3.438251e+07 3.814935e+06 
1.667218e+02 3.340891e+07 3.814935e+06 
1.537067e+02 3.414420e+07 3.814935e+06 
1.716902e+02 3.299370e+07 3.814935e+06 
1.649569e+02 3.343344e+07 3.814935e+06 
1.810599e+02 3.274033e+07 3.814935e+06 
1.844999e+02 3.267037e+07 3.814935e+06 
1.671369e+02 3.333332e+07 3.814935e+06 
1.489914e+02 3.500925e+07 3.814935e+06 
1.582565e+02 3.380974e+07 3.814935e+06 
1.561010e+02 3.407744e+07 3.814935e+06 
1.498737e+02 3.478384e+07 3.814935e+06 
1.736230e+02 3.295188e+07 3.814935e+06 
1.685629e+02 3.325331e+07 3.814935e+06 
1.630419e+02 3.347250e+07 3.814935e+06 

1.711497e+02 3.332353e+07 3.814935e+06 
1.621352e+02 3.379401e+07 3.814935e+06 
1.488120e+02 3.504650e+07 3.814935e+06 
1.730927e+02 3.320490e+07 3.814935e+06 
1.708422e+02 3.333711e+07 3.814935e+06 
1.482747e+02 3.548508e+07 3.814935e+06 
1.482747e+02 3.548508e+07 3.814935e+06 
1.482747e+02 3.548508e+07 3.814935e+06 
1.482747e+02 3.548508e+07 3.814935e+06 
1.482747e+02 3.548508e+07 3.814935e+06 
1.482747e+02 3.548508e+07 3.814935e+06 
1.482747e+02 3.548508e+07 3.814935e+06 
1.482747e+02 3.548508e+07 3.814935e+06 
1.482747e+02 3.548508e+07 3.814935e+06 
1.482747e+02 3.548508e+07 3.814935e+06 
1.482747e+02 3.548508e+07 3.814935e+06 
1.482747e+02 3.548508e+07 3.814935e+06 
1.482747e+02 3.548508e+07 3.814935e+06 
1.482747e+02 3.548508e+07 3.814935e+06 
1.482747e+02 3.548508e+07 3.814935e+06 
1.482747e+02 3.548508e+07 3.814935e+06 
1.482747e+02 3.548508e+07 3.814935e+06 
1.482747e+02 3.548508e+07 3.814935e+06 
1.482747e+02 3.548508e+07 3.814935e+06 
1.482747e+02 3.548508e+07 3.814935e+06 
1.482747e+02 3.548508e+07 3.814935e+06 
1.482747e+02 3.548508e+07 3.814935e+06 
1.482747e+02 3.548508e+07 3.814935e+06 
1.482747e+02 3.548508e+07 3.814935e+06 
1.482747e+02 3.548508e+07 3.814935e+06 
1.482747e+02 3.548508e+07 3.814935e+06 
1.482747e+02 3.548508e+07 3.814935e+06 
1.482747e+02 3.548508e+07 3.814935e+06 
1.482747e+02 3.548508e+07 3.814935e+06 
1.482747e+02 3.548508e+07 3.814935e+06 
1.482747e+02 3.548508e+07 3.814935e+06 
1.482747e+02 3.548508e+07 3.814935e+06 
1.482747e+02 3.548508e+07 3.814935e+06 
1.482747e+02 3.548508e+07 3.814935e+06 
1.482747e+02 3.548508e+07 3.814935e+06 
1.482747e+02 3.548508e+07 3.814935e+06 
1.482747e+02 3.548508e+07 3.814935e+06 
1.482747e+02 3.548508e+07 3.814935e+06 
1.482747e+02 3.548508e+07 3.814935e+06 
1.482747e+02 3.548508e+07 3.814935e+06 
1.482747e+02 3.548508e+07 3.814935e+06 
1.482747e+02 3.548508e+07 3.814935e+06 
1.482747e+02 3.548508e+07 3.814935e+06 
1.482747e+02 3.548508e+07 3.814935e+06 
1.482747e+02 3.548508e+07 3.814935e+06 
1.482747e+02 3.548508e+07 3.814935e+06 
1.482747e+02 3.548508e+07 3.814935e+06 
1.482747e+02 3.548508e+07 3.814935e+06 
1.482747e+02 3.548508e+07 3.814935e+06 
1.482747e+02 3.548508e+07 3.814935e+06 
1.482747e+02 3.548508e+07 3.814935e+06 
1.482747e+02 3.548508e+07 3.814935e+06 
1.482747e+02 3.548508e+07 3.814935e+06 
1.482747e+02 3.548508e+07 3.814935e+06 
1.482747e+02 3.548508e+07 3.814935e+06 
1.482747e+02 3.548508e+07 3.814935e+06 
1.482747e+02 3.548508e+07 3.814935e+06 
1.482747e+02 3.548508e+07 3.814935e+06 
1.482747e+02 3.548508e+07 3.814935e+06 
1.482747e+02 3.548508e+07 3.814935e+06 
1.482747e+02 3.548508e+07 3.814935e+06 
1.482747e+02 3.548508e+07 3.814935e+06 
1.519810e+02 3.432132e+07 3.814935e+06 
1.759393e+02 3.304265e+07 3.814935e+06 
1.630576e+02 3.367297e+07 3.814935e+06 
1.825608e+02 3.284799e+07 3.814935e+06 
1.630538e+02 3.374747e+07 3.814935e+06 
1.977484e+02 3.224937e+07 3.814935e+06 
1.487304e+02 3.503372e+07 3.814935e+06 
1.892018e+02 3.253223e+07 3.814935e+06 
1.608104e+02 3.382933e+07 3.814935e+06 
1.840590e+02 3.266711e+07 3.814935e+06 
1.942489e+02 3.251921e+07 3.814935e+06 
1.604432e+02 3.389796e+07 3.814935e+06 
1.587513e+02 3.400190e+07 3.814935e+06 
1.624865e+02 3.378010e+07 3.814935e+06 
1.490560e+02 3.475801e+07 3.814935e+06 
1.950522e+02 3.234260e+07 3.814935e+06 
1.534119e+02 3.424184e+07 3.814935e+06 
1.788614e+02 3.302948e+07 3.814935e+06 
1.878397e+02 3.262485e+07 3.814935e+06 
1.831090e+02 3.278132e+07 3.814935e+06 
1.557907e+02 3.401254e+07 3.814935e+06 
1.660199e+02 3.334035e+07 3.814935e+06 
1.949426e+02 3.247414e+07 3.814935e+06 
1.726901e+02 3.329947e+07 3.814935e+06 
1.837541e+02 3.267679e+07 3.814935e+06 
1.509516e+02 3.445836e+07 3.814935e+06 
1.589387e+02 3.399749e+07 3.814935e+06 
1.602638e+02 3.393520e+07 3.814935e+06 
1.493654e+02 3.454512e+07 3.814935e+06 
1.643103e+02 3.363193e+07 3.814935e+06 
2.274888e+02 3.226129e+07 3.814935e+06 
1.549165e+02 3.414231e+07 3.814935e+06 
1.792402e+02 3.289556e+07 3.814935e+06 

1.572468e+02 3.410143e+07 3.814935e+06 
1.491086e+02 3.544809e+07 3.814935e+06 
1.877317e+02 3.262402e+07 3.814935e+06 
1.819027e+02 3.294905e+07 3.814935e+06 
1.757678e+02 3.317880e+07 3.814935e+06 
1.582703e+02 3.398080e+07 3.814935e+06 
2.079714e+02 3.250923e+07 3.814935e+06 
1.482747e+02 3.548508e+07 3.814935e+06 
1.482747e+02 3.548508e+07 3.814935e+06 
1.482747e+02 3.548508e+07 3.814935e+06 
1.482747e+02 3.548508e+07 3.814935e+06 
1.482747e+02 3.548508e+07 3.814935e+06 
1.482747e+02 3.548508e+07 3.814935e+06 
1.482747e+02 3.548508e+07 3.814935e+06 
1.482747e+02 3.548508e+07 3.814935e+06 
1.482747e+02 3.548508e+07 3.814935e+06 
1.482747e+02 3.548508e+07 3.814935e+06 
1.482747e+02 3.548508e+07 3.814935e+06 
1.482747e+02 3.548508e+07 3.814935e+06 
1.482747e+02 3.548508e+07 3.814935e+06 
1.482747e+02 3.548508e+07 3.814935e+06 
1.482747e+02 3.548508e+07 3.814935e+06 
1.482747e+02 3.548508e+07 3.814935e+06 
1.482747e+02 3.548508e+07 3.814935e+06 
1.482747e+02 3.548508e+07 3.814935e+06 
1.482747e+02 3.548508e+07 3.814935e+06 
1.482747e+02 3.548508e+07 3.814935e+06 
1.482747e+02 3.548508e+07 3.814935e+06 
1.482747e+02 3.548508e+07 3.814935e+06 
1.482747e+02 3.548508e+07 3.814935e+06 
1.482747e+02 3.548508e+07 3.814935e+06 
1.482747e+02 3.548508e+07 3.814935e+06 
1.482747e+02 3.548508e+07 3.814935e+06 
1.482747e+02 3.548508e+07 3.814935e+06 
1.482747e+02 3.548508e+07 3.814935e+06 
1.482747e+02 3.548508e+07 3.814935e+06 
1.482747e+02 3.548508e+07 3.814935e+06 
1.482747e+02 3.548508e+07 3.814935e+06 
1.482747e+02 3.548508e+07 3.814935e+06 
1.482747e+02 3.548508e+07 3.814935e+06 
1.482747e+02 3.548508e+07 3.814935e+06 
1.482747e+02 3.548508e+07 3.814935e+06 
1.482747e+02 3.548508e+07 3.814935e+06 
1.482747e+02 3.548508e+07 3.814935e+06 
1.482747e+02 3.548508e+07 3.814935e+06 
1.482747e+02 3.548508e+07 3.814935e+06 
1.482747e+02 3.548508e+07 3.814935e+06 
1.482747e+02 3.548508e+07 3.814935e+06 
1.482747e+02 3.548508e+07 3.814935e+06 
1.482747e+02 3.548508e+07 3.814935e+06 
1.482747e+02 3.548508e+07 3.814935e+06 
1.482747e+02 3.548508e+07 3.814935e+06 
1.482747e+02 3.548508e+07 3.814935e+06 
1.482747e+02 3.548508e+07 3.814935e+06 
1.482747e+02 3.548508e+07 3.814935e+06 
1.482747e+02 3.548508e+07 3.814935e+06 
1.482747e+02 3.548508e+07 3.814935e+06 
1.539687e+02 3.429213e+07 3.814935e+06 
1.556203e+02 3.428097e+07 3.814935e+06 
1.749812e+02 3.329892e+07 3.814935e+06 
1.508377e+02 3.457120e+07 3.814935e+06 
1.696769e+02 3.352078e+07 3.814935e+06 
1.872262e+02 3.276625e+07 3.814935e+06 
1.596094e+02 3.393494e+07 3.814935e+06 
1.612116e+02 3.378538e+07 3.814935e+06 
1.495481e+02 3.505954e+07 3.814935e+06 
1.526184e+02 3.488631e+07 3.814935e+06 
1.505588e+02 3.479644e+07 3.814935e+06 
1.649729e+02 3.366503e+07 3.814935e+06 
1.565494e+02 3.425246e+07 3.814935e+06 
1.500369e+02 3.480940e+07 3.814935e+06 
1.713547e+02 3.347364e+07 3.814935e+06 
1.639753e+02 3.372674e+07 3.814935e+06 
1.565600e+02 3.422679e+07 3.814935e+06 
1.546088e+02 3.443296e+07 3.814935e+06 
1.507076e+02 3.474685e+07 3.814935e+06 
1.917245e+02 3.263020e+07 3.814935e+06 
1.638907e+02 3.375411e+07 3.814935e+06 
1.884402e+02 3.249021e+07 3.814935e+06 
1.497436e+02 3.495949e+07 3.814935e+06 
1.963157e+02 3.228718e+07 3.814935e+06 
1.580968e+02 3.400164e+07 3.814935e+06 
2.012597e+02 3.228499e+07 3.814935e+06 
1.666406e+02 3.359106e+07 3.814935e+06 
1.962957e+02 3.235688e+07 3.814935e+06 
2.033937e+02 3.225902e+07 3.814935e+06 
1.727620e+02 3.331214e+07 3.814935e+06 
1.658068e+02 3.362804e+07 3.814935e+06 
1.727241e+02 3.339700e+07 3.814935e+06 
1.531149e+02 3.440748e+07 3.814935e+06 
1.570674e+02 3.420972e+07 3.814935e+06 
1.507399e+02 3.462123e+07 3.814935e+06 
1.837413e+02 3.277014e+07 3.814935e+06 
1.760912e+02 3.296580e+07 3.814935e+06 
1.754255e+02 3.321975e+07 3.814935e+06 
1.916435e+02 3.242877e+07 3.814935e+06 
1.496459e+02 3.500952e+07 3.814935e+06 
1.508538e+02 3.450839e+07 3.814935e+06 
1.706129e+02 3.348563e+07 3.814935e+06 
2.118183e+02 3.218617e+07 3.814935e+06 

1.765727e+02 3.284438e+07 3.814935e+06 
1.622348e+02 3.369599e+07 3.814935e+06 
1.482747e+02 3.548508e+07 3.814935e+06 
1.482747e+02 3.548508e+07 3.814935e+06 
1.482747e+02 3.548508e+07 3.814935e+06 
1.482747e+02 3.548508e+07 3.814935e+06 
1.482747e+02 3.548508e+07 3.814935e+06 
1.482747e+02 3.548508e+07 3.814935e+06 
1.482747e+02 3.548508e+07 3.814935e+06 
1.482747e+02 3.548508e+07 3.814935e+06 
1.482747e+02 3.548508e+07 3.814935e+06 
1.482747e+02 3.548508e+07 3.814935e+06 
1.482747e+02 3.548508e+07 3.814935e+06 
1.482747e+02 3.548508e+07 3.814935e+06 
1.482747e+02 3.548508e+07 3.814935e+06 
1.482747e+02 3.548508e+07 3.814935e+06 
1.482747e+02 3.548508e+07 3.814935e+06 
1.482747e+02 3.548508e+07 3.814935e+06 
1.482747e+02 3.548508e+07 3.814935e+06 
1.482747e+02 3.548508e+07 3.814935e+06 
1.482747e+02 3.548508e+07 3.814935e+06 
1.482747e+02 3.548508e+07 3.814935e+06 
1.482747e+02 3.548508e+07 3.814935e+06 
1.482747e+02 3.548508e+07 3.814935e+06 
1.482747e+02 3.548508e+07 3.814935e+06 
1.482747e+02 3.548508e+07 3.814935e+06 
1.482747e+02 3.548508e+07 3.814935e+06 
1.482747e+02 3.548508e+07 3.814935e+06 
1.482747e+02 3.548508e+07 3.814935e+06 
1.482747e+02 3.548508e+07 3.814935e+06 
1.482747e+02 3.548508e+07 3.814935e+06 
1.482747e+02 3.548508e+07 3.814935e+06 
1.482747e+02 3.548508e+07 3.814935e+06 
1.482747e+02 3.548508e+07 3.814935e+06 
1.482747e+02 3.548508e+07 3.814935e+06 
1.482747e+02 3.548508e+07 3.814935e+06 
1.482747e+02 3.548508e+07 3.814935e+06 
1.482747e+02 3.548508e+07 3.814935e+06 
1.482747e+02 3.548508e+07 3.814935e+06 
1.482747e+02 3.548508e+07 3.814935e+06 
1.482747e+02 3.548508e+07 3.814935e+06 
1.482747e+02 3.548508e+07 3.814935e+06 
1.482747e+02 3.548508e+07 3.814935e+06 
1.482747e+02 3.548508e+07 3.814935e+06 
1.482747e+02 3.548508e+07 3.814935e+06 
1.482747e+02 3.548508e+07 3.814935e+06 
1.482747e+02 3.548508e+07 3.814935e+06 
1.482747e+02 3.548508e+07 3.814935e+06 
1.482747e+02 3.548508e+07 3.814935e+06 
1.482747e+02 3.548508e+07 3.814935e+06 
1.482747e+02 3.548508e+07 3.814935e+06 
1.482747e+02 3.548508e+07 3.814935e+06 
1.482747e+02 3.548508e+07 3.814935e+06 
1.482747e+02 3.548508e+07 3.814935e+06 
1.482747e+02 3.548508e+07 3.814935e+06 
1.482747e+02 3.548508e+07 3.814935e+06 
1.482747e+02 3.548508e+07 3.814935e+06 
1.482747e+02 3.548508e+07 3.814935e+06 
1.482747e+02 3.548508e+07 3.814935e+06 
1.482747e+02 3.548508e+07 3.814935e+06 
1.482747e+02 3.548508e+07 3.814935e+06 
1.482747e+02 3.548508e+07 3.814935e+06 
1.482747e+02 3.548508e+07 3.814935e+06 
1.482747e+02 3.548508e+07 3.814935e+06 
1.734384e+02 3.280518e+07 3.814935e+06 
1.827004e+02 3.255786e+07 3.814935e+06 
1.909202e+02 3.238163e+07 3.814935e+06 
1.677283e+02 3.328692e+07 3.814935e+06 
2.033822e+02 3.208269e+07 3.814935e+06 
1.904191e+02 3.248328e+07 3.814935e+06 
1.681290e+02 3.355433e+07 3.814935e+06 
2.105127e+02 3.207560e+07 3.814935e+06 
2.229457e+02 3.205131e+07 3.814935e+06 
1.784971e+02 3.279201e+07 3.814935e+06 
1.508700e+02 3.444558e+07 3.814935e+06 
1.717322e+02 3.323949e+07 3.814935e+06 
1.558320e+02 3.411810e+07 3.814935e+06 
1.664168e+02 3.354632e+07 3.814935e+06 
1.549403e+02 3.418553e+07 3.814935e+06 
2.004198e+02 3.238244e+07 3.814935e+06 
1.881030e+02 3.250309e+07 3.814935e+06 
1.493041e+02 3.534803e+07 3.814935e+06 
1.531841e+02 3.446752e+07 3.814935e+06 
1.672638e+02 3.329619e+07 3.814935e+06 
1.981135e+02 3.229512e+07 3.814935e+06 
1.587456e+02 3.391067e+07 3.814935e+06 
2.063131e+02 3.187298e+07 3.814935e+06 
1.874979e+02 3.250511e+07 3.814935e+06 
1.599971e+02 3.371022e+07 3.814935e+06 
1.515468e+02 3.422034e+07 3.814935e+06 
2.004693e+02 3.217627e+07 3.814935e+06 
1.491538e+02 3.470798e+07 3.814935e+06 
1.507237e+02 3.468404e+07 3.814935e+06 
2.015281e+02 3.210443e+07 3.814935e+06 
1.654762e+02 3.359154e+07 3.814935e+06 
1.668303e+02 3.353818e+07 3.814935e+06 
1.564290e+02 3.407561e+07 3.814935e+06 
1.488282e+02 3.498369e+07 3.814935e+06 
1.586350e+02 3.397919e+07 3.814935e+06 
1.566084e+02 3.403836e+07 3.814935e+06 

1.626593e+02 3.377000e+07 3.814935e+06 
1.482747e+02 3.548508e+07 3.814935e+06 
1.482747e+02 3.548508e+07 3.814935e+06 
1.482747e+02 3.548508e+07 3.814935e+06 
1.482747e+02 3.548508e+07 3.814935e+06 
1.482747e+02 3.548508e+07 3.814935e+06 
1.482747e+02 3.548508e+07 3.814935e+06 
1.482747e+02 3.548508e+07 3.814935e+06 
1.482747e+02 3.548508e+07 3.814935e+06 
1.482747e+02 3.548508e+07 3.814935e+06 
1.482747e+02 3.548508e+07 3.814935e+06 
1.482747e+02 3.548508e+07 3.814935e+06 
1.482747e+02 3.548508e+07 3.814935e+06 
1.482747e+02 3.548508e+07 3.814935e+06 
1.482747e+02 3.548508e+07 3.814935e+06 
1.482747e+02 3.548508e+07 3.814935e+06 
1.482747e+02 3.548508e+07 3.814935e+06 
1.482747e+02 3.548508e+07 3.814935e+06 
1.482747e+02 3.548508e+07 3.814935e+06 
1.482747e+02 3.548508e+07 3.814935e+06 
1.482747e+02 3.548508e+07 3.814935e+06 
1.482747e+02 3.548508e+07 3.814935e+06 
1.482747e+02 3.548508e+07 3.814935e+06 
1.482747e+02 3.548508e+07 3.814935e+06 
1.482747e+02 3.548508e+07 3.814935e+06 
1.482747e+02 3.548508e+07 3.814935e+06 
1.482747e+02 3.548508e+07 3.814935e+06 
1.482747e+02 3.548508e+07 3.814935e+06 
1.482747e+02 3.548508e+07 3.814935e+06 
1.482747e+02 3.548508e+07 3.814935e+06 
1.482747e+02 3.548508e+07 3.814935e+06 
1.482747e+02 3.548508e+07 3.814935e+06 
1.482747e+02 3.548508e+07 3.814935e+06 
1.482747e+02 3.548508e+07 3.814935e+06 
1.482747e+02 3.548508e+07 3.814935e+06 
1.482747e+02 3.548508e+07 3.814935e+06 
1.482747e+02 3.548508e+07 3.814935e+06 
1.482747e+02 3.548508e+07 3.814935e+06 
1.482747e+02 3.548508e+07 3.814935e+06 
1.482747e+02 3.548508e+07 3.814935e+06 
1.482747e+02 3.548508e+07 3.814935e+06 
1.482747e+02 3.548508e+07 3.814935e+06 
1.482747e+02 3.548508e+07 3.814935e+06 
1.482747e+02 3.548508e+07 3.814935e+06 
1.482747e+02 3.548508e+07 3.814935e+06 
1.482747e+02 3.548508e+07 3.814935e+06 
1.482747e+02 3.548508e+07 3.814935e+06 
1.482747e+02 3.548508e+07 3.814935e+06 
1.482747e+02 3.548508e+07 3.814935e+06 
1.482747e+02 3.548508e+07 3.814935e+06 
1.482747e+02 3.548508e+07 3.814935e+06 
1.482747e+02 3.548508e+07 3.814935e+06 
1.482747e+02 3.548508e+07 3.814935e+06 
1.482747e+02 3.548508e+07 3.814935e+06 
1.482747e+02 3.548508e+07 3.814935e+06 
1.482747e+02 3.548508e+07 3.814935e+06 
1.482747e+02 3.548508e+07 3.814935e+06 
1.482747e+02 3.548508e+07 3.814935e+06 
1.482747e+02 3.548508e+07 3.814935e+06 
1.482747e+02 3.548508e+07 3.814935e+06 
1.482747e+02 3.548508e+07 3.814935e+06 
1.482747e+02 3.548508e+07 3.814935e+06 
1.482747e+02 3.548508e+07 3.814935e+06 
1.482747e+02 3.548508e+07 3.814935e+06 
1.491376e+02 3.477079e+07 3.814935e+06 
1.672733e+02 3.347149e+07 3.814935e+06 
1.707777e+02 3.322351e+07 3.814935e+06 
1.754625e+02 3.293771e+07 3.814935e+06 
1.589056e+02 3.379628e+07 3.814935e+06 
1.939162e+02 3.236034e+07 3.814935e+06 
1.640822e+02 3.371104e+07 3.814935e+06 
1.651649e+02 3.355092e+07 3.814935e+06 
1.794628e+02 3.276829e+07 3.814935e+06 
1.560669e+02 3.417506e+07 3.814935e+06 
1.694998e+02 3.334370e+07 3.814935e+06 
1.648671e+02 3.368222e+07 3.814935e+06 
1.865671e+02 3.254575e+07 3.814935e+06 
1.942456e+02 3.216677e+07 3.814935e+06 
1.489259e+02 3.493366e+07 3.814935e+06 
1.532003e+02 3.440471e+07 3.814935e+06 
1.552267e+02 3.425541e+07 3.814935e+06 
1.564290e+02 3.407561e+07 3.814935e+06 
1.656281e+02 3.352241e+07 3.814935e+06 
1.922966e+02 3.241293e+07 3.814935e+06 
1.540503e+02 3.430491e+07 3.814935e+06 
1.493170e+02 3.473355e+07 3.814935e+06 
1.707207e+02 3.323130e+07 3.814935e+06 
1.895981e+02 3.245330e+07 3.814935e+06 
1.523664e+02 3.444170e+07 3.814935e+06 
1.569282e+02 3.395609e+07 3.814935e+06 
1.584926e+02 3.386881e+07 3.814935e+06 
1.516061e+02 3.445862e+07 3.814935e+06 
1.606433e+02 3.378509e+07 3.814935e+06 
1.850818e+02 3.262354e+07 3.814935e+06 
1.538800e+02 3.435062e+07 3.814935e+06 
1.500038e+02 3.460819e+07 3.814935e+06 
1.789190e+02 3.289996e+07 3.814935e+06 
1.689851e+02 3.341221e+07 3.814935e+06 
1.808627e+02 3.268781e+07 3.814935e+06 
1.501016e+02 3.455816e+07 3.814935e+06 

1.681629e+02 3.333337e+07 3.814935e+06 
1.586374e+02 3.411474e+07 3.814935e+06 
1.486981e+02 3.515934e+07 3.814935e+06 
1.831031e+02 3.252101e+07 3.814935e+06 
1.482747e+02 3.548508e+07 3.814935e+06 
1.482747e+02 3.548508e+07 3.814935e+06 
1.482747e+02 3.548508e+07 3.814935e+06 
1.482747e+02 3.548508e+07 3.814935e+06 
1.482747e+02 3.548508e+07 3.814935e+06 
1.482747e+02 3.548508e+07 3.814935e+06 
1.482747e+02 3.548508e+07 3.814935e+06 
1.482747e+02 3.548508e+07 3.814935e+06 
1.482747e+02 3.548508e+07 3.814935e+06 
1.482747e+02 3.548508e+07 3.814935e+06 
1.482747e+02 3.548508e+07 3.814935e+06 
1.482747e+02 3.548508e+07 3.814935e+06 
1.482747e+02 3.548508e+07 3.814935e+06 
1.482747e+02 3.548508e+07 3.814935e+06 
1.482747e+02 3.548508e+07 3.814935e+06 
1.482747e+02 3.548508e+07 3.814935e+06 
1.482747e+02 3.548508e+07 3.814935e+06 
1.482747e+02 3.548508e+07 3.814935e+06 
1.482747e+02 3.548508e+07 3.814935e+06 
1.482747e+02 3.548508e+07 3.814935e+06 
1.482747e+02 3.548508e+07 3.814935e+06 
1.482747e+02 3.548508e+07 3.814935e+06 
1.482747e+02 3.548508e+07 3.814935e+06 
1.482747e+02 3.548508e+07 3.814935e+06 
1.482747e+02 3.548508e+07 3.814935e+06 
1.482747e+02 3.548508e+07 3.814935e+06 
1.482747e+02 3.548508e+07 3.814935e+06 
1.482747e+02 3.548508e+07 3.814935e+06 
1.482747e+02 3.548508e+07 3.814935e+06 
1.482747e+02 3.548508e+07 3.814935e+06 
1.482747e+02 3.548508e+07 3.814935e+06 
1.482747e+02 3.548508e+07 3.814935e+06 
1.482747e+02 3.548508e+07 3.814935e+06 
1.482747e+02 3.548508e+07 3.814935e+06 
1.482747e+02 3.548508e+07 3.814935e+06 
1.482747e+02 3.548508e+07 3.814935e+06 
1.482747e+02 3.548508e+07 3.814935e+06 
1.482747e+02 3.548508e+07 3.814935e+06 
1.482747e+02 3.548508e+07 3.814935e+06 
1.482747e+02 3.548508e+07 3.814935e+06 
1.482747e+02 3.548508e+07 3.814935e+06 
1.482747e+02 3.548508e+07 3.814935e+06 
1.482747e+02 3.548508e+07 3.814935e+06 
1.482747e+02 3.548508e+07 3.814935e+06 
1.482747e+02 3.548508e+07 3.814935e+06 
1.482747e+02 3.548508e+07 3.814935e+06 
1.482747e+02 3.548508e+07 3.814935e+06 
1.482747e+02 3.548508e+07 3.814935e+06 
1.482747e+02 3.548508e+07 3.814935e+06 
1.482747e+02 3.548508e+07 3.814935e+06 
1.482747e+02 3.548508e+07 3.814935e+06 
1.482747e+02 3.548508e+07 3.814935e+06 
1.482747e+02 3.548508e+07 3.814935e+06 
1.482747e+02 3.548508e+07 3.814935e+06 
1.569916e+02 3.418606e+07 3.814935e+06 
1.491538e+02 3.470798e+07 3.814935e+06 
1.693112e+02 3.332719e+07 3.814935e+06 
1.700615e+02 3.327645e+07 3.814935e+06 
1.909590e+02 3.239430e+07 3.814935e+06 
1.598049e+02 3.383488e+07 3.814935e+06 
1.618661e+02 3.378564e+07 3.814935e+06 
1.530045e+02 3.452973e+07 3.814935e+06 
1.659588e+02 3.363448e+07 3.814935e+06 
1.660794e+02 3.354959e+07 3.814935e+06 
1.722772e+02 3.300669e+07 3.814935e+06 
1.760705e+02 3.273656e+07 3.814935e+06 
1.716266e+02 3.318658e+07 3.814935e+06 
1.872519e+02 3.251910e+07 3.814935e+06 
1.645315e+02 3.365964e+07 3.814935e+06 
1.889062e+02 3.242688e+07 3.814935e+06 
1.555387e+02 3.426819e+07 3.814935e+06 
1.536371e+02 3.441121e+07 3.814935e+06 
1.956496e+02 3.226363e+07 3.814935e+06 
1.489098e+02 3.499647e+07 3.814935e+06 
1.588409e+02 3.404752e+07 3.814935e+06 
1.751091e+02 3.292608e+07 3.814935e+06 
1.681180e+02 3.333645e+07 3.814935e+06 
1.947813e+02 3.203496e+07 3.814935e+06 
1.515738e+02 3.458424e+07 3.814935e+06 
1.497436e+02 3.495949e+07 3.814935e+06 
1.678327e+02 3.338248e+07 3.814935e+06 
1.808917e+02 3.259217e+07 3.814935e+06 
1.740079e+02 3.297789e+07 3.814935e+06 
1.794601e+02 3.266056e+07 3.814935e+06 
1.595116e+02 3.398497e+07 3.814935e+06 
1.647048e+02 3.363958e+07 3.814935e+06 
1.709830e+02 3.325452e+07 3.814935e+06 
1.529886e+02 3.456758e+07 3.814935e+06 
1.714036e+02 3.320813e+07 3.814935e+06 
1.555225e+02 3.433100e+07 3.814935e+06 
1.896027e+02 3.240840e+07 3.814935e+06 
1.636123e+02 3.367926e+07 3.814935e+06 
1.584660e+02 3.418483e+07 3.814935e+06 
1.672096e+02 3.354350e+07 3.814935e+06 
1.594138e+02 3.403500e+07 3.814935e+06 
1.912810e+02 3.221941e+07 3.814935e+06 

1.734602e+02 3.341004e+07 3.814935e+06 
1.482747e+02 3.548508e+07 3.814935e+06 
1.482747e+02 3.548508e+07 3.814935e+06 
1.482747e+02 3.548508e+07 3.814935e+06 
1.482747e+02 3.548508e+07 3.814935e+06 
1.482747e+02 3.548508e+07 3.814935e+06 
1.482747e+02 3.548508e+07 3.814935e+06 
1.482747e+02 3.548508e+07 3.814935e+06 
1.482747e+02 3.548508e+07 3.814935e+06 
1.482747e+02 3.548508e+07 3.814935e+06 
1.482747e+02 3.548508e+07 3.814935e+06 
1.482747e+02 3.548508e+07 3.814935e+06 
1.482747e+02 3.548508e+07 3.814935e+06 
1.482747e+02 3.548508e+07 3.814935e+06 
1.482747e+02 3.548508e+07 3.814935e+06 
1.482747e+02 3.548508e+07 3.814935e+06 
1.482747e+02 3.548508e+07 3.814935e+06 
1.482747e+02 3.548508e+07 3.814935e+06 
1.482747e+02 3.548508e+07 3.814935e+06 
1.482747e+02 3.548508e+07 3.814935e+06 
1.482747e+02 3.548508e+07 3.814935e+06 
1.482747e+02 3.548508e+07 3.814935e+06 
1.482747e+02 3.548508e+07 3.814935e+06 
1.482747e+02 3.548508e+07 3.814935e+06 
1.482747e+02 3.548508e+07 3.814935e+06 
1.482747e+02 3.548508e+07 3.814935e+06 
1.482747e+02 3.548508e+07 3.814935e+06 
1.482747e+02 3.548508e+07 3.814935e+06 
1.482747e+02 3.548508e+07 3.814935e+06 
1.482747e+02 3.548508e+07 3.814935e+06 
1.482747e+02 3.548508e+07 3.814935e+06 
1.482747e+02 3.548508e+07 3.814935e+06 
1.482747e+02 3.548508e+07 3.814935e+06 
1.482747e+02 3.548508e+07 3.814935e+06 
1.482747e+02 3.548508e+07 3.814935e+06 
1.482747e+02 3.548508e+07 3.814935e+06 
1.482747e+02 3.548508e+07 3.814935e+06 
1.482747e+02 3.548508e+07 3.814935e+06 
1.482747e+02 3.548508e+07 3.814935e+06 
1.482747e+02 3.548508e+07 3.814935e+06 
1.482747e+02 3.548508e+07 3.814935e+06 
1.482747e+02 3.548508e+07 3.814935e+06 
1.482747e+02 3.548508e+07 3.814935e+06 
1.482747e+02 3.548508e+07 3.814935e+06 
1.482747e+02 3.548508e+07 3.814935e+06 
1.482747e+02 3.548508e+07 3.814935e+06 
1.482747e+02 3.548508e+07 3.814935e+06 
1.482747e+02 3.548508e+07 3.814935e+06 
1.482747e+02 3.548508e+07 3.814935e+06 
1.482747e+02 3.548508e+07 3.814935e+06 
1.482747e+02 3.548508e+07 3.814935e+06 
1.482747e+02 3.548508e+07 3.814935e+06 
1.482747e+02 3.548508e+07 3.814935e+06 
1.482747e+02 3.548508e+07 3.814935e+06 
1.482747e+02 3.548508e+07 3.814935e+06 
1.482747e+02 3.548508e+07 3.814935e+06 
1.482747e+02 3.548508e+07 3.814935e+06 
1.482747e+02 3.548508e+07 3.814935e+06 
1.482747e+02 3.548508e+07 3.814935e+06 
1.482747e+02 3.548508e+07 3.814935e+06 
1.482747e+02 3.548508e+07 3.814935e+06 
1.482747e+02 3.548508e+07 3.814935e+06 
1.482747e+02 3.548508e+07 3.814935e+06 
1.482747e+02 3.548508e+07 3.814935e+06 
1.482747e+02 3.548508e+07 3.814935e+06 
1.482747e+02 3.548508e+07 3.814935e+06 
1.482747e+02 3.548508e+07 3.814935e+06 
1.482747e+02 3.548508e+07 3.814935e+06 
1.482747e+02 3.548508e+07 3.814935e+06 
1.482747e+02 3.548508e+07 3.814935e+06 
1.482747e+02 3.548508e+07 3.814935e+06 
1.482747e+02 3.548508e+07 3.814935e+06 
1.514794e+02 3.449042e+07 3.814935e+06 
1.660023e+02 3.352799e+07 3.814935e+06 
1.490398e+02 3.482082e+07 3.814935e+06 
1.558267e+02 3.403077e+07 3.814935e+06 
1.507399e+02 3.462123e+07 3.814935e+06 
1.566407e+02 3.391274e+07 3.814935e+06 
1.594884e+02 3.387427e+07 3.814935e+06 
1.771560e+02 3.321410e+07 3.814935e+06 
1.707127e+02 3.344177e+07 3.814935e+06 
1.500531e+02 3.474659e+07 3.814935e+06 
1.643103e+02 3.363193e+07 3.814935e+06 
1.535097e+02 3.419181e+07 3.814935e+06 
1.487797e+02 3.517212e+07 3.814935e+06 
1.558723e+02 3.402532e+07 3.814935e+06 
1.535259e+02 3.412900e+07 3.814935e+06 
1.498737e+02 3.478384e+07 3.814935e+06 
1.525619e+02 3.434164e+07 3.814935e+06 
1.768802e+02 3.321683e+07 3.814935e+06 
1.864743e+02 3.291312e+07 3.814935e+06 
1.886294e+02 3.279843e+07 3.814935e+06 
1.506421e+02 3.467126e+07 3.814935e+06 
1.626426e+02 3.370590e+07 3.814935e+06 
1.626103e+02 3.383152e+07 3.814935e+06 
1.697232e+02 3.350042e+07 3.814935e+06 
1.507399e+02 3.462123e+07 3.814935e+06 
1.720754e+02 3.342707e+07 3.814935e+06 
1.516061e+02 3.445862e+07 3.814935e+06 
1.741712e+02 3.325471e+07 3.814935e+06 

