3.023716e+02 5.392516e+07 6.486583e+06 
2.904631e+02 5.728584e+07 5.329125e+06 
3.893108e+02 5.934544e+07 3.303574e+06 
3.730626e+02 5.623245e+07 4.846851e+06 
3.098172e+02 5.348384e+07 6.293673e+06 
3.130455e+02 5.795052e+07 4.943306e+06 
2.679478e+02 5.692007e+07 6.004309e+06 
2.508950e+02 5.600130e+07 6.679492e+06 
2.825501e+02 5.435295e+07 6.486583e+06 
2.460534e+02 5.727284e+07 6.100764e+06 
2.088588e+02 5.816221e+07 6.679492e+06 
2.768231e+02 5.449015e+07 6.583038e+06 
3.406383e+02 5.229167e+07 6.245447e+06 
2.675510e+02 5.497763e+07 6.679492e+06 
4.008939e+02 5.725173e+07 3.785848e+06 
3.973059e+02 5.708855e+07 3.882303e+06 
3.616310e+02 5.909926e+07 3.785848e+06 
3.895228e+02 5.168981e+07 5.787286e+06 
4.258299e+02 5.117290e+07 5.618490e+06 
3.789092e+02 5.683569e+07 3.978758e+06 
4.233186e+02 5.322388e+07 5.039761e+06 
2.438766e+02 5.632699e+07 6.679492e+06 
4.001440e+02 5.648995e+07 4.075213e+06 
2.602796e+02 5.547797e+07 6.679492e+06 
4.204794e+02 5.300702e+07 5.112102e+06 
3.549195e+02 5.950595e+07 3.978758e+06 
3.451675e+02 5.748191e+07 4.268122e+06 
2.387012e+02 5.807612e+07 6.390128e+06 
3.894309e+02 5.612819e+07 4.943306e+06 
2.393658e+02 5.668914e+07 6.679492e+06 
3.911444e+02 5.777575e+07 3.689394e+06 
3.802897e+02 5.830104e+07 3.496484e+06 
3.515217e+02 5.189709e+07 6.245447e+06 
3.430254e+02 5.194306e+07 6.148992e+06 
3.358992e+02 5.238848e+07 6.390128e+06 
3.204657e+02 5.297043e+07 6.486583e+06 
3.289670e+02 5.797842e+07 4.557487e+06 
2.296433e+02 5.698148e+07 6.679492e+06 
4.487480e+02 5.126867e+07 5.377354e+06 
4.499089e+02 5.144277e+07 5.184444e+06 
3.912075e+02 5.145372e+07 5.594376e+06 
3.988491e+02 5.856088e+07 3.303574e+06 
2.097646e+02 5.779941e+07 6.679492e+06 
3.169645e+02 5.312413e+07 6.486583e+06 
2.949576e+02 5.418377e+07 6.486583e+06 
2.191304e+02 5.718889e+07 6.679492e+06 
4.125326e+02 6.008878e+07 3.110665e+06 
2.968369e+02 5.718017e+07 5.136216e+06 
2.136379e+02 5.754662e+07 6.679492e+06 
3.987391e+02 5.140996e+07 5.690831e+06 

3.582005e+02 5.767923e+07 4.533374e+06 
2.854230e+02 5.437608e+07 6.583038e+06 
2.880975e+02 5.835805e+07 5.522035e+06 
2.499719e+02 5.655218e+07 6.679492e+06 
4.361217e+02 5.435311e+07 4.702170e+06 
2.660325e+02 5.566252e+07 6.583038e+06 
3.224603e+02 5.238181e+07 6.124879e+06 
4.152676e+02 5.455354e+07 4.509260e+06 
3.387525e+02 5.143100e+07 6.124879e+06 
2.088588e+02 5.816221e+07 6.679492e+06 
2.458690e+02 5.779223e+07 6.293673e+06 
2.817467e+02 5.469524e+07 6.583038e+06 
3.780681e+02 5.075026e+07 5.835514e+06 
2.651409e+02 5.761602e+07 5.811399e+06 
2.480679e+02 5.773366e+07 6.100764e+06 
2.615140e+02 5.576924e+07 6.583038e+06 
4.102327e+02 5.443489e+07 4.605715e+06 
4.137609e+02 5.422238e+07 4.798625e+06 
2.732280e+02 5.752956e+07 5.618490e+06 
3.351561e+02 5.158397e+07 6.124879e+06 
3.502016e+02 5.136890e+07 6.124879e+06 
2.702170e+02 5.515838e+07 6.583038e+06 
2.144270e+02 5.739845e+07 6.679492e+06 
3.332202e+02 5.343408e+07 5.931969e+06 
3.551674e+02 5.094036e+07 6.124879e+06 
3.884399e+02 5.209570e+07 5.449695e+06 
2.960930e+02 5.328795e+07 6.583038e+06 
3.256932e+02 5.226699e+07 6.028424e+06 
2.254384e+02 5.677138e+07 6.679492e+06 
3.619602e+02 5.045108e+07 6.124879e+06 
3.160195e+02 5.307837e+07 6.124879e+06 
2.904891e+02 5.380784e+07 6.583038e+06 
2.321457e+02 5.747306e+07 6.583038e+06 
2.128815e+02 5.766205e+07 6.679492e+06 
3.096439e+02 5.775559e+07 5.377354e+06 
3.323710e+02 5.215471e+07 6.245447e+06 
3.519198e+02 5.112352e+07 6.124879e+06 
3.034624e+02 5.604941e+07 5.690831e+06 
4.102778e+02 5.380137e+07 5.184444e+06 
3.417885e+02 5.642894e+07 4.605715e+06 
4.238328e+02 5.410928e+07 4.991534e+06 
2.171566e+02 5.727160e+07 6.679492e+06 
3.204268e+02 5.770381e+07 4.991534e+06 
2.546131e+02 5.601384e+07 6.583038e+06 
3.648194e+02 5.665921e+07 4.412806e+06 
3.944690e+02 5.294205e+07 5.353240e+06 
3.127993e+02 5.591707e+07 5.305012e+06 
3.772823e+02 5.171548e+07 5.739060e+06 
3.818647e+02 5.286063e+07 5.377354e+06 
2.780134e+02 5.498670e+07 6.583038e+06 

3.142796e+02 5.287534e+07 6.486583e+06 
2.328038e+02 5.694639e+07 6.679492e+06 
3.205115e+02 5.728314e+07 4.943306e+06 
3.513675e+02 5.712491e+07 4.171668e+06 
3.000385e+02 5.366730e+07 6.583038e+06 
4.000705e+02 5.451192e+07 4.557487e+06 
4.031366e+02 5.732662e+07 3.568826e+06 
4.154365e+02 5.189731e+07 5.401467e+06 
3.889474e+02 5.421562e+07 4.943306e+06 
3.147386e+02 5.725810e+07 5.232670e+06 
2.521276e+02 5.757990e+07 6.197218e+06 
2.088588e+02 5.816221e+07 6.679492e+06 
2.305762e+02 5.766587e+07 6.486583e+06 
2.920236e+02 5.780874e+07 5.618490e+06 
3.278367e+02 5.755443e+07 4.750396e+06 
4.103924e+02 5.157999e+07 5.883741e+06 
3.217819e+02 5.223175e+07 6.486583e+06 
2.501453e+02 5.540942e+07 6.583038e+06 
3.848797e+02 5.440559e+07 4.750396e+06 
2.543585e+02 5.529963e+07 6.583038e+06 
2.194415e+02 5.786222e+07 6.583038e+06 
2.952376e+02 5.395399e+07 6.583038e+06 
4.051101e+02 5.202974e+07 5.690831e+06 
3.152139e+02 5.242842e+07 6.486583e+06 
3.857166e+02 5.725234e+07 3.978758e+06 
3.846030e+02 5.736303e+07 4.075213e+06 
2.389121e+02 5.659792e+07 6.679492e+06 
2.234366e+02 5.714421e+07 6.679492e+06 
2.139860e+02 5.775087e+07 6.679492e+06 
2.481381e+02 5.560766e+07 6.679492e+06 
2.716736e+02 5.878965e+07 5.811399e+06 
3.677285e+02 5.459723e+07 4.750396e+06 
3.972622e+02 5.771121e+07 3.761735e+06 
4.152732e+02 5.540319e+07 3.978758e+06 
4.073537e+02 5.495024e+07 4.171668e+06 
2.779744e+02 5.460867e+07 6.679492e+06 
4.041429e+02 5.707452e+07 3.689394e+06 
2.581520e+02 5.485113e+07 6.679492e+06 
4.135743e+02 5.606121e+07 3.785848e+06 
3.896721e+02 5.494469e+07 4.364577e+06 
2.995997e+02 5.713092e+07 5.522035e+06 
4.210942e+02 5.131647e+07 5.497922e+06 
4.272245e+02 5.379256e+07 5.015648e+06 
3.893362e+02 5.482096e+07 4.461032e+06 
2.879853e+02 5.430054e+07 6.679492e+06 
2.165826e+02 5.737194e+07 6.679492e+06 
3.387940e+02 5.696901e+07 4.461032e+06 
4.271061e+02 5.229409e+07 5.208557e+06 
3.076800e+02 5.324455e+07 6.679492e+06 
2.439111e+02 5.614299e+07 6.679492e+06 

3.957143e+02 5.575139e+07 4.943306e+06 
3.289542e+02 5.377598e+07 6.390128e+06 
3.669776e+02 5.399681e+07 5.305012e+06 
3.646121e+02 5.797298e+07 3.544712e+06 
2.972566e+02 5.862827e+07 5.208557e+06 
4.023113e+02 5.305773e+07 5.594376e+06 
3.811932e+02 5.183052e+07 6.390128e+06 
3.545688e+02 5.927407e+07 3.351803e+06 
3.666153e+02 5.787331e+07 3.641167e+06 
3.693188e+02 5.185284e+07 6.583038e+06 
2.088588e+02 5.816221e+07 6.679492e+06 
3.805518e+02 5.446302e+07 5.184444e+06 
2.705611e+02 5.700755e+07 5.907854e+06 
3.236082e+02 5.286289e+07 6.583038e+06 
3.571056e+02 5.867217e+07 3.448258e+06 
3.463614e+02 5.921452e+07 3.641167e+06 
3.641044e+02 5.891893e+07 3.351803e+06 
3.505289e+02 5.740544e+07 3.954645e+06 
3.211713e+02 5.899368e+07 4.340464e+06 
3.286062e+02 5.925350e+07 3.954645e+06 
3.325832e+02 5.725131e+07 4.605715e+06 
2.648425e+02 5.491597e+07 6.679492e+06 
3.107990e+02 5.811165e+07 4.822738e+06 
2.477558e+02 5.575925e+07 6.679492e+06 
3.835371e+02 5.386652e+07 5.184444e+06 
3.873178e+02 5.668969e+07 4.436919e+06 
2.207077e+02 5.705928e+07 6.679492e+06 
3.963056e+02 5.194909e+07 5.883741e+06 
2.145082e+02 5.728728e+07 6.679492e+06 
3.843269e+02 5.730048e+07 4.364577e+06 
3.583159e+02 5.342756e+07 6.197218e+06 
2.119573e+02 5.747925e+07 6.679492e+06 
3.094668e+02 5.355848e+07 6.679492e+06 
4.054653e+02 5.646113e+07 4.629828e+06 
2.891515e+02 5.716741e+07 5.522035e+06 
3.907329e+02 5.602344e+07 4.750396e+06 
3.795182e+02 5.357069e+07 5.473808e+06 
3.040999e+02 5.413636e+07 6.679492e+06 
2.362828e+02 5.653740e+07 6.679492e+06 
2.525070e+02 5.691443e+07 6.293673e+06 
3.455122e+02 5.920767e+07 3.761735e+06 
3.788974e+02 5.166479e+07 6.583038e+06 
2.369103e+02 5.676369e+07 6.486583e+06 
3.550546e+02 5.198936e+07 6.583038e+06 
4.188342e+02 5.329354e+07 5.401467e+06 
2.505484e+02 5.533186e+07 6.679492e+06 
4.058241e+02 5.223988e+07 5.690831e+06 
3.446388e+02 5.970023e+07 3.858190e+06 
3.514237e+02 5.563301e+07 5.232670e+06 
3.317873e+02 5.255432e+07 6.583038e+06 

2.662850e+02 5.500157e+07 6.486583e+06 
2.753167e+02 5.436937e+07 6.583038e+06 
2.725121e+02 5.755421e+07 5.907854e+06 
2.941210e+02 5.330608e+07 6.583038e+06 
3.810421e+02 5.598922e+07 4.171668e+06 
2.919369e+02 5.332300e+07 6.558924e+06 
3.305292e+02 5.655889e+07 4.557487e+06 
2.580735e+02 5.612656e+07 6.679492e+06 
2.596907e+02 5.598776e+07 6.679492e+06 
3.108002e+02 5.840410e+07 4.846851e+06 
2.088588e+02 5.816221e+07 6.679492e+06 
3.582387e+02 5.705918e+07 4.268122e+06 
2.736660e+02 5.447754e+07 6.583038e+06 
3.163355e+02 5.232743e+07 6.462470e+06 
3.894018e+02 5.733142e+07 3.785848e+06 
3.623336e+02 5.508239e+07 4.557487e+06 
3.367379e+02 5.692502e+07 4.364577e+06 
2.937627e+02 5.787761e+07 5.232670e+06 
3.663576e+02 5.655297e+07 4.171668e+06 
3.729749e+02 5.416004e+07 5.136216e+06 
3.498664e+02 5.470344e+07 4.750396e+06 
2.272684e+02 5.661326e+07 6.679492e+06 
2.756407e+02 5.728409e+07 5.690831e+06 
3.813767e+02 5.669494e+07 3.978758e+06 
3.230878e+02 5.290707e+07 6.173105e+06 
3.620921e+02 5.556538e+07 4.364577e+06 
2.190068e+02 5.715146e+07 6.679492e+06 
3.028171e+02 5.840807e+07 5.039761e+06 
3.040810e+02 5.321705e+07 6.679492e+06 
2.808764e+02 5.364856e+07 6.583038e+06 
2.626381e+02 5.544871e+07 6.679492e+06 
3.859005e+02 5.772313e+07 3.882303e+06 
2.292960e+02 5.654369e+07 6.679492e+06 
3.873093e+02 5.763017e+07 3.785848e+06 
2.779022e+02 5.418658e+07 6.583038e+06 
2.288552e+02 5.738464e+07 6.486583e+06 
3.510280e+02 5.359832e+07 5.811399e+06 
2.463758e+02 5.810081e+07 6.293673e+06 
3.078723e+02 5.266010e+07 6.679492e+06 
3.257813e+02 5.281037e+07 6.366015e+06 
3.063625e+02 5.307194e+07 6.679492e+06 
3.155929e+02 5.851062e+07 4.653942e+06 
2.833562e+02 5.690845e+07 5.497922e+06 
2.878839e+02 5.701243e+07 5.425580e+06 
2.145369e+02 5.778047e+07 6.679492e+06 
2.225539e+02 5.765991e+07 6.583038e+06 
3.440372e+02 5.405851e+07 5.690831e+06 
2.149110e+02 5.731633e+07 6.679492e+06 
2.508440e+02 5.759646e+07 6.100764e+06 
2.712457e+02 5.481800e+07 6.583038e+06 

3.042616e+02 5.336565e+07 6.486583e+06 
3.578194e+02 5.200239e+07 6.076650e+06 
4.019578e+02 5.446613e+07 5.136216e+06 
2.947578e+02 5.412741e+07 6.486583e+06 
3.137463e+02 5.267193e+07 6.486583e+06 
3.533056e+02 5.225328e+07 6.076650e+06 
4.141102e+02 5.495138e+07 4.943306e+06 
3.833598e+02 5.496303e+07 4.919193e+06 
4.287045e+02 5.931105e+07 3.110665e+06 
3.911454e+02 5.215245e+07 5.763173e+06 
2.981848e+02 5.880005e+07 4.846851e+06 
2.088588e+02 5.816221e+07 6.679492e+06 
3.088033e+02 5.314008e+07 6.486583e+06 
2.622004e+02 5.928342e+07 5.618490e+06 
2.499756e+02 5.639372e+07 6.583038e+06 
2.786693e+02 5.847447e+07 5.136216e+06 
4.036039e+02 5.229777e+07 5.570263e+06 
4.473845e+02 5.777863e+07 3.207120e+06 
4.212464e+02 5.410781e+07 5.522035e+06 
3.976985e+02 5.461340e+07 5.015648e+06 
4.308174e+02 5.743952e+07 3.689394e+06 
3.896953e+02 5.553594e+07 4.436919e+06 
4.323272e+02 5.715184e+07 3.882303e+06 
3.830722e+02 5.187724e+07 6.269560e+06 
3.008835e+02 5.377956e+07 6.486583e+06 
2.858486e+02 5.449154e+07 6.486583e+06 
2.331957e+02 5.807390e+07 6.486583e+06 
2.156320e+02 5.730436e+07 6.679492e+06 
3.139606e+02 5.805296e+07 4.653942e+06 
3.924864e+02 5.258283e+07 5.690831e+06 
4.296406e+02 5.776594e+07 3.400029e+06 
2.433172e+02 5.846946e+07 6.197218e+06 
4.644826e+02 5.852333e+07 3.132043e+06 
3.883433e+02 5.575245e+07 4.436919e+06 
4.092633e+02 5.460974e+07 5.039761e+06 
4.389794e+02 5.752967e+07 3.592939e+06 
2.738039e+02 5.500861e+07 6.366015e+06 
2.556964e+02 5.571674e+07 6.583038e+06 
3.269432e+02 5.873821e+07 4.268122e+06 
2.236311e+02 5.687742e+07 6.679492e+06 
4.258033e+02 5.345099e+07 5.329125e+06 
4.130827e+02 5.521819e+07 4.750396e+06 
4.183632e+02 5.993820e+07 3.196224e+06 
4.274905e+02 5.697119e+07 3.978758e+06 
3.282086e+02 5.256815e+07 6.486583e+06 
3.662650e+02 5.889770e+07 4.075213e+06 
4.017613e+02 6.076518e+07 3.400029e+06 
3.865404e+02 6.015276e+07 3.785848e+06 
3.997536e+02 5.546022e+07 4.629828e+06 
2.116479e+02 5.769215e+07 6.679492e+06 

2.783772e+02 5.440582e+07 6.679492e+06 
4.488451e+02 5.613322e+07 3.279461e+06 
3.685741e+02 5.304533e+07 5.907854e+06 
3.369709e+02 5.293926e+07 6.293673e+06 
3.768249e+02 5.869564e+07 3.568826e+06 
3.994655e+02 5.490761e+07 4.822738e+06 
2.895024e+02 5.663484e+07 5.401467e+06 
2.499856e+02 5.732075e+07 6.100764e+06 
2.943744e+02 5.396430e+07 6.583038e+06 
2.754423e+02 5.728007e+07 5.594376e+06 
2.088588e+02 5.816221e+07 6.679492e+06 
3.943723e+02 5.534236e+07 4.629828e+06 
3.375807e+02 5.794165e+07 4.533374e+06 
3.101007e+02 5.855864e+07 5.039761e+06 
4.071089e+02 5.548861e+07 4.340464e+06 
3.745596e+02 5.328876e+07 5.811399e+06 
3.237225e+02 5.302471e+07 6.583038e+06 
2.704866e+02 5.788943e+07 5.787286e+06 
2.572241e+02 5.575934e+07 6.679492e+06 
3.915810e+02 5.400052e+07 5.039761e+06 
3.301926e+02 5.854219e+07 4.750396e+06 
2.487124e+02 5.656332e+07 6.679492e+06 
2.433854e+02 5.774806e+07 6.293673e+06 
2.611646e+02 5.555298e+07 6.679492e+06 
4.221107e+02 5.556456e+07 3.858190e+06 
3.604409e+02 5.892443e+07 4.075213e+06 
4.208236e+02 5.581450e+07 3.761735e+06 
4.167844e+02 5.757115e+07 3.093534e+06 
4.042375e+02 5.803665e+07 3.093534e+06 
2.677482e+02 5.522792e+07 6.679492e+06 
3.695876e+02 5.944661e+07 3.882303e+06 
2.182865e+02 5.730192e+07 6.679492e+06 
2.707640e+02 5.504171e+07 6.679492e+06 
4.021981e+02 5.361963e+07 5.232670e+06 
2.121261e+02 5.772074e+07 6.679492e+06 
3.834744e+02 5.871001e+07 3.375916e+06 
2.656878e+02 5.539246e+07 6.679492e+06 
3.496210e+02 5.896807e+07 4.268122e+06 
4.224619e+02 5.602030e+07 3.665280e+06 
3.675931e+02 5.803948e+07 3.954645e+06 
3.219470e+02 5.304138e+07 6.390128e+06 
2.805368e+02 5.428846e+07 6.486583e+06 
2.300211e+02 5.776647e+07 6.486583e+06 
2.372162e+02 5.676040e+07 6.679492e+06 
2.247429e+02 5.697454e+07 6.679492e+06 
2.150678e+02 5.755497e+07 6.679492e+06 
4.024358e+02 5.443097e+07 4.846851e+06 
3.770385e+02 5.342235e+07 5.618490e+06 
3.083052e+02 5.374984e+07 6.679492e+06 
3.736295e+02 5.333509e+07 5.714944e+06 

2.515287e+02 5.610749e+07 6.486583e+06 
3.623081e+02 5.247009e+07 5.907854e+06 
3.838667e+02 5.203077e+07 6.100764e+06 
3.583041e+02 5.676966e+07 4.557487e+06 
3.038645e+02 5.434423e+07 6.293673e+06 
3.295441e+02 5.320756e+07 6.390128e+06 
3.788735e+02 5.331938e+07 5.329125e+06 
3.973818e+02 5.455731e+07 4.943306e+06 
3.581083e+02 5.908205e+07 3.785848e+06 
3.520017e+02 5.253265e+07 6.100764e+06 
2.355040e+02 5.661462e+07 6.679492e+06 
2.088588e+02 5.816221e+07 6.679492e+06 
3.790838e+02 5.404036e+07 5.015648e+06 
2.516418e+02 5.699507e+07 6.100764e+06 
3.738940e+02 5.691043e+07 4.364577e+06 
3.442967e+02 5.285377e+07 6.390128e+06 
2.966311e+02 5.828916e+07 5.039761e+06 
3.101191e+02 5.974529e+07 4.846851e+06 
3.335341e+02 5.950815e+07 3.858190e+06 
2.929606e+02 5.868111e+07 5.232670e+06 
3.813136e+02 5.826606e+07 3.858190e+06 
2.635567e+02 5.533529e+07 6.486583e+06 
2.608033e+02 5.563910e+07 6.486583e+06 
2.750373e+02 5.787258e+07 5.714944e+06 
2.856204e+02 5.505639e+07 6.293673e+06 
3.171853e+02 5.388902e+07 6.293673e+06 
2.210254e+02 5.782296e+07 6.486583e+06 
3.806355e+02 5.672162e+07 4.461032e+06 
3.198139e+02 5.960449e+07 4.340464e+06 
3.721303e+02 6.064684e+07 3.568826e+06 
3.611086e+02 5.811965e+07 4.075213e+06 
3.620854e+02 5.408590e+07 5.522035e+06 
3.643142e+02 5.498967e+07 5.208557e+06 
3.749367e+02 5.633892e+07 4.557487e+06 
2.191486e+02 5.720498e+07 6.679492e+06 
2.453279e+02 5.765713e+07 6.293673e+06 
3.556086e+02 5.982673e+07 3.665280e+06 
3.974258e+02 5.506139e+07 4.750396e+06 
3.886505e+02 5.248527e+07 5.522035e+06 
2.904776e+02 5.470533e+07 6.390128e+06 
3.213368e+02 5.970157e+07 4.147554e+06 
2.596622e+02 5.740450e+07 6.004309e+06 
2.794242e+02 5.819174e+07 5.618490e+06 
2.167709e+02 5.734646e+07 6.679492e+06 
2.116599e+02 5.769500e+07 6.679492e+06 
3.907576e+02 5.218780e+07 5.714944e+06 
3.656595e+02 5.975379e+07 3.665280e+06 
3.192389e+02 5.957327e+07 4.653942e+06 
3.743983e+02 5.206657e+07 5.907854e+06 
3.661988e+02 5.215090e+07 6.100764e+06 

2.379770e+02 5.774398e+07 6.390128e+06 
4.230855e+02 5.456969e+07 4.629828e+06 
3.644367e+02 5.694259e+07 4.557487e+06 
3.120087e+02 5.779317e+07 4.557487e+06 
3.606584e+02 5.182533e+07 5.980196e+06 
2.428410e+02 5.785822e+07 6.197218e+06 
3.565969e+02 5.911439e+07 3.882303e+06 
2.850202e+02 5.824422e+07 5.039761e+06 
2.294593e+02 5.683986e+07 6.583038e+06 
3.597819e+02 5.192948e+07 5.787286e+06 
2.646690e+02 5.474206e+07 6.583038e+06 
3.143821e+02 5.342325e+07 6.462470e+06 
2.670292e+02 5.703073e+07 5.522035e+06 
2.460135e+02 5.564383e+07 6.679492e+06 
3.514591e+02 5.675288e+07 4.653942e+06 
3.086161e+02 5.379898e+07 6.269560e+06 
2.088588e+02 5.816221e+07 6.679492e+06 
3.253727e+02 5.279994e+07 6.462470e+06 
2.954992e+02 5.763975e+07 4.943306e+06 
3.243084e+02 5.785278e+07 4.364577e+06 
3.037397e+02 5.757669e+07 4.750396e+06 
4.079332e+02 5.420440e+07 4.822738e+06 
3.314812e+02 5.977322e+07 4.268122e+06 
2.598922e+02 5.733322e+07 5.907854e+06 
3.832154e+02 5.227214e+07 5.594376e+06 
4.153440e+02 5.311343e+07 5.112102e+06 
2.380449e+02 5.618447e+07 6.583038e+06 
2.795341e+02 5.890090e+07 5.329125e+06 
2.508098e+02 5.555856e+07 6.679492e+06 
4.102904e+02 5.391905e+07 4.919193e+06 
2.735048e+02 5.416216e+07 6.679492e+06 
3.446627e+02 5.250700e+07 5.980196e+06 
2.310748e+02 5.756385e+07 6.486583e+06 
2.168225e+02 5.714911e+07 6.679492e+06 
3.575304e+02 5.703227e+07 4.461032e+06 
2.233711e+02 5.706862e+07 6.679492e+06 
3.433469e+02 5.932519e+07 4.075213e+06 
3.983185e+02 5.266616e+07 5.305012e+06 
2.238467e+02 5.806915e+07 6.583038e+06 
2.561543e+02 5.536525e+07 6.679492e+06 
3.491013e+02 5.239269e+07 5.787286e+06 
2.130157e+02 5.742074e+07 6.679492e+06 
3.664080e+02 5.750487e+07 4.171668e+06 
3.195034e+02 5.315103e+07 6.462470e+06 
2.548371e+02 5.784737e+07 6.004309e+06 
3.613260e+02 5.766258e+07 4.075213e+06 
3.561695e+02 5.712309e+07 4.268122e+06 
4.041712e+02 5.344918e+07 5.015648e+06 
3.536514e+02 5.222267e+07 5.980196e+06 
3.168325e+02 5.770407e+07 4.461032e+06 

3.011883e+02 5.804444e+07 5.522035e+06 
3.103727e+02 5.320393e+07 6.269560e+06 
2.613788e+02 5.635248e+07 6.197218e+06 
3.814029e+02 5.799936e+07 3.568826e+06 
3.653988e+02 5.508437e+07 5.039761e+06 
3.264808e+02 5.948415e+07 4.653942e+06 
2.569727e+02 5.568909e+07 6.679492e+06 
3.582434e+02 5.312518e+07 5.594376e+06 
3.551695e+02 5.325900e+07 5.594376e+06 
2.088588e+02 5.816221e+07 6.679492e+06 
3.377532e+02 5.865079e+07 4.171668e+06 
3.973915e+02 5.426255e+07 5.087989e+06 
2.652334e+02 5.512099e+07 6.679492e+06 
3.372465e+02 5.290165e+07 5.787286e+06 
2.574633e+02 5.528857e+07 6.679492e+06 
3.331907e+02 5.267562e+07 5.980196e+06 
2.852005e+02 5.804211e+07 5.811399e+06 
2.769455e+02 5.382487e+07 6.679492e+06 
3.145072e+02 5.881668e+07 5.039761e+06 
3.724655e+02 5.711063e+07 4.075213e+06 
2.759352e+02 5.646692e+07 5.907854e+06 
2.418963e+02 5.609156e+07 6.679492e+06 
4.124972e+02 5.302598e+07 5.087989e+06 
2.317646e+02 5.676680e+07 6.679492e+06 
2.480610e+02 5.638791e+07 6.293673e+06 
2.138914e+02 5.779198e+07 6.679492e+06 
2.226826e+02 5.688875e+07 6.679492e+06 
3.511098e+02 5.811547e+07 3.689394e+06 
3.052795e+02 5.814787e+07 5.329125e+06 
3.330816e+02 5.237105e+07 6.173105e+06 
3.157488e+02 5.944310e+07 4.846851e+06 
3.299168e+02 5.905191e+07 4.364577e+06 
3.070620e+02 5.356010e+07 6.462470e+06 
3.429977e+02 5.839823e+07 3.761735e+06 
2.349333e+02 5.790749e+07 6.390128e+06 
2.723028e+02 5.459422e+07 6.679492e+06 
2.150088e+02 5.726630e+07 6.679492e+06 
2.993212e+02 5.364151e+07 6.462470e+06 
3.153203e+02 5.537094e+07 6.100764e+06 
3.419936e+02 5.727851e+07 3.954645e+06 
2.268064e+02 5.797513e+07 6.583038e+06 
3.464970e+02 5.285591e+07 5.787286e+06 
3.618730e+02 5.846083e+07 3.568826e+06 
2.677141e+02 5.486041e+07 6.583038e+06 
3.726514e+02 5.727077e+07 3.882303e+06 
2.692854e+02 5.467159e+07 6.679492e+06 
3.667694e+02 5.748286e+07 3.689394e+06 
3.307631e+02 5.268746e+07 5.980196e+06 
3.090220e+02 5.966755e+07 5.232670e+06 
3.231193e+02 5.285006e+07 5.980196e+06 

