8.262150e+03 3.435797e+07 9.895141e+05 
8.591650e+03 3.537347e+07 9.363151e+05 
8.042350e+03 3.396908e+07 1.191674e+06 
7.969050e+03 3.310973e+07 1.359738e+06 
7.895100e+03 3.358267e+07 1.359738e+06 
8.086900e+03 3.428898e+07 1.057574e+06 
7.317100e+03 3.070813e+07 2.042869e+06 
7.922550e+03 3.339068e+07 1.415112e+06 
7.402250e+03 3.121550e+07 1.872630e+06 
8.028800e+03 3.369964e+07 1.329992e+06 
7.398000e+03 3.124633e+07 1.925829e+06 
7.917700e+03 3.348226e+07 1.361913e+06 
7.449400e+03 3.091280e+07 1.957750e+06 
7.531400e+03 3.179123e+07 1.702391e+06 
7.399500e+03 3.118964e+07 1.925829e+06 
7.865500e+03 3.342240e+07 1.435279e+06 
7.208050e+03 3.032985e+07 2.096068e+06 
7.866050e+03 3.337050e+07 1.447032e+06 
7.809850e+03 3.303944e+07 1.510820e+06 
7.135350e+03 3.008346e+07 2.213108e+06 
7.385350e+03 3.146000e+07 1.925829e+06 
7.431000e+03 3.115376e+07 1.787511e+06 
7.134500e+03 3.012108e+07 2.181188e+06 
8.172500e+03 3.394756e+07 1.057574e+06 
8.630850e+03 3.538835e+07 9.064920e+05 

9.205350e+03 3.751532e+07 1.057574e+06 
7.900750e+03 3.278789e+07 1.106554e+06 
7.885650e+03 3.235667e+07 1.133115e+06 
8.062500e+03 3.290856e+07 1.037375e+06 
7.386700e+03 3.040735e+07 1.617271e+06 
6.548800e+03 2.700040e+07 2.298228e+06 
6.513600e+03 2.707312e+07 2.298228e+06 
7.371200e+03 3.081230e+07 1.617271e+06 
6.494400e+03 2.676482e+07 2.383347e+06 
7.917800e+03 3.257503e+07 1.057574e+06 
7.446600e+03 3.056106e+07 1.532152e+06 
6.970400e+03 2.933413e+07 2.042869e+06 
8.865300e+03 3.638735e+07 9.363151e+05 
7.467200e+03 3.135832e+07 1.284197e+06 
7.475900e+03 3.128364e+07 1.361913e+06 
7.061000e+03 2.967690e+07 1.957750e+06 
6.529850e+03 2.701055e+07 2.298228e+06 
6.945000e+03 2.951610e+07 2.213108e+06 
7.385150e+03 3.059853e+07 1.447032e+06 
7.940600e+03 3.296816e+07 1.074634e+06 
6.960200e+03 2.947199e+07 2.127989e+06 
9.234600e+03 3.742459e+07 9.064920e+05 
7.332650e+03 3.074033e+07 1.702391e+06 
8.394150e+03 3.446202e+07 9.820330e+05 
7.551450e+03 3.147307e+07 1.361913e+06 

8.128650e+03 3.347421e+07 1.159753e+06 
8.205950e+03 3.440986e+07 9.820330e+05 
8.557500e+03 3.577536e+07 9.121750e+05 
7.964550e+03 3.460124e+07 1.057574e+06 
6.676700e+03 2.754844e+07 2.127989e+06 
6.966250e+03 2.908740e+07 1.787511e+06 
7.972900e+03 3.369831e+07 1.191674e+06 
6.999200e+03 2.921542e+07 1.532152e+06 
6.939550e+03 2.886718e+07 1.872630e+06 
7.918900e+03 3.340251e+07 1.276793e+06 
8.133400e+03 3.369580e+07 1.021435e+06 
7.615800e+03 3.297972e+07 1.284197e+06 
6.658650e+03 2.755378e+07 2.127989e+06 
6.973050e+03 2.917391e+07 1.702391e+06 
7.994900e+03 3.316808e+07 1.191674e+06 
6.975550e+03 2.910042e+07 1.617271e+06 
7.503650e+03 3.230687e+07 1.361913e+06 
7.523050e+03 3.236511e+07 1.359738e+06 
6.600050e+03 2.732123e+07 2.213108e+06 
7.466250e+03 3.252942e+07 1.361913e+06 
7.364000e+03 3.105249e+07 1.435279e+06 
7.543650e+03 3.235270e+07 1.359738e+06 
7.502700e+03 3.257812e+07 1.359738e+06 
8.438700e+03 3.440397e+07 9.479465e+05 
8.522200e+03 3.459458e+07 9.363151e+05 

8.866200e+03 3.709513e+07 9.064920e+05 
7.822300e+03 3.346684e+07 1.074634e+06 
7.910800e+03 3.373410e+07 9.820330e+05 
8.852000e+03 3.712112e+07 1.063994e+06 
8.921150e+03 3.740855e+07 9.820330e+05 
8.104700e+03 3.492675e+07 9.363151e+05 
6.913450e+03 2.945082e+07 2.127989e+06 
6.509700e+03 2.657649e+07 2.553587e+06 
7.462350e+03 3.083145e+07 1.659831e+06 
7.633050e+03 3.236977e+07 1.500231e+06 
7.106200e+03 3.008821e+07 1.787511e+06 
7.434950e+03 3.091336e+07 1.489592e+06 
7.639100e+03 3.201476e+07 1.276793e+06 
6.933400e+03 2.946626e+07 2.213108e+06 
7.084450e+03 3.016007e+07 2.010949e+06 
7.716450e+03 3.267895e+07 1.244873e+06 
7.772150e+03 3.259660e+07 1.057574e+06 
7.096500e+03 3.024649e+07 1.957750e+06 
6.937250e+03 2.969305e+07 2.042869e+06 
7.401200e+03 3.101710e+07 1.744951e+06 
7.411550e+03 3.088961e+07 1.659831e+06 
7.771900e+03 3.277194e+07 1.021435e+06 
7.891650e+03 3.347344e+07 9.895141e+05 
6.511750e+03 2.687602e+07 2.468467e+06 
6.533800e+03 2.650857e+07 2.553587e+06 

7.831100e+03 3.240343e+07 1.276793e+06 
7.864650e+03 3.199429e+07 1.244873e+06 
7.957350e+03 3.243811e+07 1.021435e+06 
7.849550e+03 3.189852e+07 1.361913e+06 
8.002750e+03 3.333129e+07 9.820330e+05 
8.101000e+03 3.307312e+07 9.820330e+05 
7.579100e+03 3.170790e+07 1.617271e+06 
7.495650e+03 3.134951e+07 1.787511e+06 
7.613750e+03 3.168092e+07 1.532152e+06 
6.641450e+03 2.753154e+07 2.553587e+06 
6.828200e+03 2.829187e+07 1.915190e+06 
7.849700e+03 3.220243e+07 1.319353e+06 
7.882950e+03 3.218164e+07 1.057574e+06 
8.360250e+03 3.394073e+07 9.121750e+05 
6.723550e+03 2.809829e+07 2.000309e+06 
6.705550e+03 2.775365e+07 2.511027e+06 
6.881100e+03 2.831293e+07 2.085429e+06 
7.969250e+03 3.265459e+07 1.361913e+06 
7.863150e+03 3.179983e+07 1.447032e+06 
6.748100e+03 2.788393e+07 2.298228e+06 
6.708150e+03 2.811992e+07 2.298228e+06 
7.529150e+03 3.139643e+07 1.702391e+06 
7.826100e+03 3.235657e+07 1.447032e+06 
6.667650e+03 2.756314e+07 2.383347e+06 
6.760500e+03 2.784481e+07 2.170549e+06 

8.811500e+03 3.675773e+07 9.064920e+05 
8.673150e+03 3.710393e+07 9.381979e+05 
7.997450e+03 3.359907e+07 1.276793e+06 
7.234750e+03 2.998213e+07 1.872630e+06 
7.273250e+03 3.019345e+07 1.702391e+06 
7.212300e+03 3.027747e+07 1.872630e+06 
7.254200e+03 3.004179e+07 1.787511e+06 
7.170900e+03 2.965495e+07 2.042869e+06 
7.199350e+03 3.016889e+07 1.957750e+06 
8.074250e+03 3.441797e+07 1.057574e+06 
8.123150e+03 3.408481e+07 1.057574e+06 
7.221850e+03 3.005110e+07 1.957750e+06 
6.760400e+03 2.800034e+07 2.298228e+06 
8.050300e+03 3.411347e+07 1.159753e+06 
7.496250e+03 3.090654e+07 1.532152e+06 
8.037850e+03 3.429704e+07 1.191674e+06 
8.147850e+03 3.479779e+07 9.820330e+05 
7.850350e+03 3.330520e+07 1.415112e+06 
8.067900e+03 3.408505e+07 1.244873e+06 
8.101800e+03 3.379845e+07 1.191674e+06 
7.284000e+03 3.019313e+07 1.702391e+06 
7.995400e+03 3.388156e+07 1.361913e+06 
6.805750e+03 2.814863e+07 2.213108e+06 
7.502200e+03 3.077895e+07 1.586361e+06 
6.802400e+03 2.819724e+07 2.127989e+06 

8.458100e+03 3.433133e+07 9.788749e+05 
8.304000e+03 3.382653e+07 9.820330e+05 
8.233350e+03 3.320592e+07 1.063994e+06 
8.146500e+03 3.279547e+07 1.234234e+06 
8.077250e+03 3.245779e+07 1.319353e+06 
7.956250e+03 3.231911e+07 1.574712e+06 
6.707600e+03 2.795394e+07 2.383347e+06 
7.219350e+03 2.951147e+07 2.042869e+06 
7.737550e+03 3.137510e+07 1.787511e+06 
7.069050e+03 2.973235e+07 2.213108e+06 
7.244700e+03 3.000765e+07 1.957750e+06 
7.216300e+03 2.975019e+07 2.127989e+06 
7.753550e+03 3.138306e+07 1.744951e+06 
8.103700e+03 3.332570e+07 1.276793e+06 
9.167400e+03 3.643416e+07 9.363151e+05 
8.247900e+03 3.339018e+07 1.021435e+06 
7.816800e+03 3.151162e+07 1.659831e+06 
7.077100e+03 2.996242e+07 2.127989e+06 
7.364100e+03 3.059883e+07 1.872630e+06 
7.183950e+03 3.020840e+07 2.042869e+06 
7.082900e+03 2.978659e+07 2.127989e+06 
7.136400e+03 3.024525e+07 1.957750e+06 
6.726800e+03 2.796329e+07 2.298228e+06 
7.710550e+03 3.169696e+07 1.787511e+06 
7.805100e+03 3.210739e+07 1.702391e+06 

8.351400e+03 3.447486e+07 1.074634e+06 
8.463900e+03 3.512859e+07 9.121750e+05 
8.279450e+03 3.450033e+07 9.479465e+05 
8.264300e+03 3.455995e+07 9.363151e+05 
8.352000e+03 3.483159e+07 9.820330e+05 
7.776500e+03 3.221389e+07 1.057574e+06 
7.667150e+03 3.252339e+07 1.057574e+06 
7.785600e+03 3.263481e+07 1.021435e+06 
7.568600e+03 3.215829e+07 1.159753e+06 
7.401000e+03 3.123910e+07 1.191674e+06 
6.461050e+03 2.678939e+07 2.213108e+06 
7.638850e+03 3.190127e+07 1.106554e+06 
7.381300e+03 3.112531e+07 1.447032e+06 
7.383850e+03 3.122518e+07 1.361913e+06 
7.848750e+03 3.295998e+07 9.820330e+05 
7.574600e+03 3.191450e+07 1.133115e+06 
7.082950e+03 2.921688e+07 1.787511e+06 
7.589200e+03 3.226346e+07 1.106554e+06 
7.371300e+03 3.115578e+07 1.415112e+06 
6.521000e+03 2.734804e+07 2.042869e+06 
7.220550e+03 2.970681e+07 1.702391e+06 
7.396500e+03 3.097814e+07 1.276793e+06 
8.263600e+03 3.482741e+07 9.121750e+05 
7.319500e+03 3.089552e+07 1.532152e+06 
6.508800e+03 2.710888e+07 2.127989e+06 

8.051700e+03 3.416231e+07 1.191674e+06 
8.012400e+03 3.374034e+07 1.447032e+06 
8.244850e+03 3.365178e+07 1.057574e+06 
6.642250e+03 2.731949e+07 2.127989e+06 
8.112600e+03 3.333838e+07 1.361913e+06 
6.495550e+03 2.679269e+07 2.298228e+06 
6.727600e+03 2.795210e+07 2.042869e+06 
8.122800e+03 3.322157e+07 1.191674e+06 
6.494000e+03 2.680624e+07 2.383347e+06 
6.863650e+03 2.854183e+07 1.787511e+06 
7.940300e+03 3.393992e+07 1.447032e+06 
7.983600e+03 3.400442e+07 1.276793e+06 
8.069500e+03 3.382760e+07 1.057574e+06 
8.140950e+03 3.357490e+07 1.133115e+06 
8.019900e+03 3.422706e+07 1.208656e+06 
8.339700e+03 3.414087e+07 1.021435e+06 
6.864850e+03 2.836118e+07 1.872630e+06 
8.038800e+03 3.396088e+07 1.208656e+06 
6.816100e+03 2.854367e+07 1.787511e+06 
8.080000e+03 3.349496e+07 1.447032e+06 
8.565100e+03 3.475048e+07 9.363151e+05 
8.121250e+03 3.345705e+07 1.276793e+06 
7.346400e+03 3.051923e+07 1.702391e+06 
8.456050e+03 3.437027e+07 9.820330e+05 
8.358050e+03 3.402057e+07 1.021435e+06 

7.918550e+03 3.196653e+07 1.208656e+06 
8.054150e+03 3.137037e+07 1.074634e+06 
8.101050e+03 3.168992e+07 9.895141e+05 
7.770000e+03 3.012462e+07 1.755590e+06 
7.965850e+03 3.212843e+07 1.057574e+06 
7.902150e+03 3.124832e+07 1.415112e+06 
8.016350e+03 3.149065e+07 1.276793e+06 
8.129750e+03 3.223838e+07 9.866524e+05 
7.936700e+03 3.147160e+07 1.361913e+06 
7.455750e+03 3.093061e+07 1.659831e+06 
7.703950e+03 3.099351e+07 1.500231e+06 
7.438450e+03 3.066160e+07 1.702391e+06 
7.543450e+03 3.072312e+07 1.617271e+06 
7.499050e+03 3.100133e+07 1.617271e+06 
7.814850e+03 3.022972e+07 1.670470e+06 
7.725850e+03 3.052999e+07 1.585351e+06 
7.581050e+03 3.015703e+07 1.702391e+06 
7.352750e+03 3.011218e+07 1.872630e+06 
7.761250e+03 3.089334e+07 1.447032e+06 
7.454500e+03 3.051302e+07 1.702391e+06 
7.361050e+03 3.034252e+07 1.744951e+06 
7.541950e+03 3.073718e+07 1.617271e+06 
7.815450e+03 3.024102e+07 1.532152e+06 
7.337700e+03 3.032240e+07 1.787511e+06 
7.563600e+03 3.079996e+07 1.532152e+06 

