3.109572e+02 6.927685e+07 4.919257e+06 
3.117454e+02 6.882910e+07 5.320829e+06 
3.270544e+02 7.110192e+07 5.270633e+06 
3.196112e+02 6.511481e+07 4.668275e+06 
3.536361e+02 7.114538e+07 4.818865e+06 
2.769134e+02 6.736299e+07 5.772597e+06 
3.108093e+02 7.092098e+07 4.919257e+06 
3.215936e+02 6.808760e+07 5.923187e+06 
3.206541e+02 7.014804e+07 5.521615e+06 
3.211058e+02 6.918622e+07 4.668275e+06 
2.961142e+02 7.045135e+07 5.320829e+06 
2.749023e+02 6.763349e+07 5.120043e+06 
3.238081e+02 7.039318e+07 4.668275e+06 
3.164422e+02 7.195731e+07 4.618079e+06 
3.374680e+02 6.831081e+07 4.869061e+06 
2.977522e+02 6.969206e+07 5.421223e+06 
3.389062e+02 6.612487e+07 5.320829e+06 
3.108116e+02 6.732988e+07 5.923187e+06 
3.334194e+02 6.930353e+07 5.270633e+06 
3.313250e+02 6.433665e+07 5.220437e+06 
3.510914e+02 6.862237e+07 5.521615e+06 
3.368223e+02 7.049421e+07 4.818865e+06 
3.011921e+02 6.803418e+07 5.471419e+06 
3.027347e+02 7.093671e+07 5.772597e+06 
2.889504e+02 6.744388e+07 5.320829e+06 
2.754070e+02 6.686809e+07 3.614149e+06 
3.035400e+02 7.212809e+07 4.417293e+06 
3.072345e+02 6.198514e+07 5.672205e+06 
3.152927e+02 6.780962e+07 5.069847e+06 
3.422739e+02 6.833277e+07 5.521615e+06 
3.212812e+02 6.543253e+07 5.220437e+06 
2.936822e+02 7.204130e+07 5.772597e+06 
3.250249e+02 7.058058e+07 5.220437e+06 
2.933221e+02 6.971059e+07 5.320829e+06 
2.978122e+02 6.422670e+07 4.818865e+06 
3.267126e+02 6.226580e+07 4.818865e+06 
2.987305e+02 6.351612e+07 4.216507e+06 
2.907106e+02 6.076630e+07 4.668275e+06 
3.143565e+02 6.789452e+07 5.672205e+06 
3.038399e+02 6.476667e+07 5.923187e+06 
3.202910e+02 6.422631e+07 4.417293e+06 
3.116365e+02 6.556208e+07 5.069847e+06 
3.229405e+02 6.394819e+07 5.471419e+06 
2.915799e+02 6.689913e+07 4.818865e+06 
3.420040e+02 7.161100e+07 6.224365e+06 
3.052266e+02 6.694851e+07 5.270633e+06 
2.924469e+02 6.461132e+07 5.421223e+06 
3.281715e+02 7.360675e+07 5.722401e+06 
2.842230e+02 6.441610e+07 5.772597e+06 
3.033241e+02 6.681865e+07 4.417293e+06 
2.855518e+02 6.463431e+07 5.019651e+06 
2.947846e+02 6.675681e+07 5.220437e+06 
3.196549e+02 6.674480e+07 4.116113e+06 
2.777626e+02 6.969823e+07 4.266703e+06 
3.135118e+02 6.811402e+07 5.521615e+06 
3.089352e+02 6.436952e+07 4.869061e+06 
3.002350e+02 6.751683e+07 4.216507e+06 
3.020892e+02 6.672284e+07 4.818865e+06 
3.171209e+02 6.558168e+07 4.618079e+06 
3.263146e+02 6.804882e+07 5.019651e+06 
3.286695e+02 7.083428e+07 5.320829e+06 
2.953595e+02 6.672431e+07 5.270633e+06 
3.018570e+02 7.146230e+07 4.869061e+06 
2.897330e+02 6.291901e+07 5.220437e+06 
2.995440e+02 7.008443e+07 4.618079e+06 
3.276541e+02 6.967141e+07 5.923187e+06 
3.097596e+02 6.521299e+07 5.220437e+06 
3.215504e+02 6.552567e+07 5.069847e+06 
3.304285e+02 6.479534e+07 5.270633e+06 
3.139758e+02 6.955812e+07 6.224365e+06 
3.096971e+02 6.134973e+07 4.216507e+06 
2.972751e+02 6.320204e+07 5.371025e+06 
3.224903e+02 6.891319e+07 5.270633e+06 
2.985577e+02 6.431867e+07 4.818865e+06 
3.069072e+02 6.976766e+07 4.517685e+06 
3.460738e+02 6.799176e+07 4.668275e+06 
3.072142e+02 7.086708e+07 5.120043e+06 
3.042723e+02 6.879670e+07 5.019651e+06 
2.912157e+02 7.194852e+07 6.475347e+06 
3.220341e+02 7.063612e+07 5.722401e+06 
3.015247e+02 6.894472e+07 5.320829e+06 
3.109341e+02 6.583026e+07 4.618079e+06 
3.141070e+02 6.221321e+07 5.722401e+06 
3.413458e+02 6.880216e+07 4.618079e+06 
3.120247e+02 6.892687e+07 5.220437e+06 
3.381378e+02 6.641459e+07 4.818865e+06 
3.023306e+02 6.751218e+07 4.969453e+06 
3.061141e+02 6.668835e+07 5.069847e+06 
2.998468e+02 7.035870e+07 5.220437e+06 
3.429334e+02 7.255389e+07 4.869061e+06 
2.967373e+02 7.312687e+07 5.421221e+06 
3.052048e+02 6.966043e+07 5.471419e+06 
3.012960e+02 6.354308e+07 4.618079e+06 
3.155772e+02 7.413689e+07 5.270633e+06 
3.041781e+02 6.648582e+07 4.718471e+06 
3.099712e+02 7.061415e+07 4.869061e+06 
3.061458e+02 6.710062e+07 5.019651e+06 
3.216333e+02 6.751360e+07 5.270633e+06 
2.798949e+02 7.074728e+07 5.872991e+06 
3.062917e+02 7.071898e+07 5.270633e+06 

3.040263e+02 6.447039e+07 5.471419e+06 
2.923707e+02 7.016276e+07 5.521615e+06 
3.067236e+02 6.899203e+07 5.120043e+06 
3.046417e+02 6.940755e+07 4.919257e+06 
3.157086e+02 6.724570e+07 5.270633e+06 
3.225419e+02 6.822646e+07 5.019651e+06 
2.863458e+02 7.022117e+07 4.618079e+06 
3.062668e+02 6.934187e+07 4.818865e+06 
2.844019e+02 6.998672e+07 4.517685e+06 
3.136692e+02 6.650579e+07 5.019651e+06 
3.314213e+02 7.154849e+07 5.371025e+06 
2.890179e+02 7.135936e+07 6.475347e+06 
3.071431e+02 6.569892e+07 5.772597e+06 
2.975122e+02 7.093855e+07 5.672205e+06 
2.873798e+02 6.836833e+07 4.618079e+06 
3.070090e+02 6.731045e+07 5.421223e+06 
2.887993e+02 6.528798e+07 5.270633e+06 
3.258455e+02 6.572003e+07 4.818865e+06 
3.176668e+02 6.610220e+07 5.220437e+06 
3.008089e+02 6.739983e+07 5.672205e+06 
3.072167e+02 6.853435e+07 4.818865e+06 
3.229266e+02 6.744005e+07 5.622009e+06 
3.488734e+02 6.957363e+07 4.919257e+06 
3.257349e+02 6.202066e+07 5.069847e+06 
2.980886e+02 7.393305e+07 5.722401e+06 
3.070858e+02 7.218278e+07 5.923187e+06 
3.477105e+02 6.430746e+07 5.270633e+06 
3.082067e+02 6.345387e+07 5.320829e+06 
3.024043e+02 6.494104e+07 4.618079e+06 
3.150125e+02 6.878106e+07 4.919257e+06 
2.981165e+02 6.964709e+07 5.722401e+06 
3.271651e+02 6.756997e+07 5.722401e+06 
2.935213e+02 6.577473e+07 4.266703e+06 
3.039282e+02 6.798315e+07 5.571811e+06 
2.956214e+02 6.789612e+07 5.120043e+06 
3.135366e+02 7.117022e+07 5.220437e+06 
2.966520e+02 6.592940e+07 4.618079e+06 
3.248852e+02 6.889465e+07 5.019651e+06 
3.061820e+02 6.620414e+07 5.421223e+06 
3.049249e+02 7.017536e+07 4.668275e+06 
2.952590e+02 6.613935e+07 5.571811e+06 
3.026764e+02 6.537358e+07 5.019651e+06 
3.249337e+02 6.716755e+07 5.019651e+06 
3.105116e+02 6.668481e+07 4.668275e+06 
3.097118e+02 7.001720e+07 5.471419e+06 
3.146657e+02 6.598771e+07 5.973383e+06 
3.049373e+02 6.588760e+07 4.668275e+06 
2.942375e+02 6.852334e+07 5.672205e+06 
3.036106e+02 7.266267e+07 5.571811e+06 
3.008774e+02 6.468929e+07 5.471419e+06 
3.006765e+02 6.675669e+07 5.019651e+06 
2.818988e+02 6.675807e+07 4.417293e+06 
3.041380e+02 7.302966e+07 5.722401e+06 
2.803384e+02 6.292551e+07 5.421223e+06 
3.335395e+02 6.554301e+07 4.869061e+06 
2.978130e+02 6.544202e+07 4.818865e+06 
2.902927e+02 6.598539e+07 5.120043e+06 
3.233664e+02 6.984174e+07 5.471419e+06 
3.282992e+02 7.236032e+07 5.471419e+06 
3.084339e+02 6.399966e+07 4.818865e+06 
2.975107e+02 6.754748e+07 5.069847e+06 
2.981913e+02 6.481268e+07 5.270633e+06 
3.025300e+02 7.218989e+07 5.772597e+06 
3.019356e+02 6.901295e+07 5.872991e+06 
3.281659e+02 6.650247e+07 4.869061e+06 
3.163308e+02 6.723415e+07 5.069847e+06 
3.459022e+02 6.765343e+07 4.618079e+06 
3.410408e+02 7.206255e+07 4.869061e+06 
3.288013e+02 6.440457e+07 5.822795e+06 
3.294825e+02 6.568796e+07 5.220437e+06 
3.224500e+02 7.248114e+07 6.123973e+06 
3.019540e+02 6.621187e+07 5.421223e+06 
3.103951e+02 6.744523e+07 4.869061e+06 
3.138135e+02 6.862330e+07 5.019651e+06 
2.902414e+02 6.841818e+07 5.320829e+06 
2.883207e+02 6.434682e+07 4.818865e+06 
3.058529e+02 7.027227e+07 5.471419e+06 
3.211490e+02 6.795954e+07 4.668275e+06 
3.093458e+02 6.958728e+07 5.672205e+06 
3.223847e+02 6.748116e+07 5.722401e+06 
3.072972e+02 6.383861e+07 4.618079e+06 
3.178540e+02 6.217336e+07 4.668275e+06 
3.052046e+02 6.716504e+07 4.869061e+06 
3.088498e+02 6.866606e+07 4.869061e+06 
3.162066e+02 7.157902e+07 5.069847e+06 
2.938728e+02 7.093842e+07 4.718471e+06 
3.248545e+02 6.946222e+07 5.923187e+06 
3.337480e+02 6.740829e+07 4.216507e+06 
2.858745e+02 6.585127e+07 4.417293e+06 
2.965120e+02 7.065144e+07 5.069847e+06 
3.005502e+02 6.325753e+07 4.216507e+06 
3.433604e+02 6.997780e+07 4.869061e+06 
2.824391e+02 6.995721e+07 5.722401e+06 
3.259955e+02 6.938581e+07 4.818865e+06 
2.908058e+02 6.906430e+07 6.625937e+06 
3.123809e+02 6.749818e+07 4.818865e+06 
2.919267e+02 6.265505e+07 4.818865e+06 
3.051078e+02 7.009648e+07 5.521615e+06 
3.323054e+02 6.937856e+07 4.869061e+06 
3.348253e+02 7.099840e+07 5.722401e+06 

3.173183e+02 7.164114e+07 5.320829e+06 
3.247458e+02 7.043661e+07 5.421223e+06 
2.886009e+02 6.073288e+07 4.618079e+06 
3.103949e+02 6.545137e+07 3.865131e+06 
2.891262e+02 6.990781e+07 5.220437e+06 
2.905961e+02 6.902015e+07 5.270633e+06 
2.974703e+02 7.212630e+07 4.618079e+06 
2.865794e+02 6.472797e+07 5.320829e+06 
3.119452e+02 6.998724e+07 5.471419e+06 
3.154844e+02 6.996974e+07 4.818865e+06 
3.355758e+02 6.711118e+07 5.220437e+06 
3.121892e+02 7.163433e+07 5.973383e+06 
3.053798e+02 7.036870e+07 5.220437e+06 
2.830347e+02 6.805992e+07 6.174169e+06 
2.922505e+02 7.061104e+07 5.320829e+06 
3.352773e+02 6.679329e+07 5.923187e+06 
2.994089e+02 6.695973e+07 5.120043e+06 
3.293640e+02 6.953214e+07 5.722401e+06 
2.785075e+02 6.234345e+07 4.818865e+06 
2.992344e+02 6.906701e+07 4.417293e+06 
2.951328e+02 6.865245e+07 5.120043e+06 
3.638440e+02 6.590493e+07 5.571811e+06 
3.177145e+02 6.634190e+07 4.818865e+06 
2.988778e+02 6.617248e+07 5.923187e+06 
3.082736e+02 6.464331e+07 5.270633e+06 
2.874266e+02 6.968136e+07 5.471419e+06 
3.238685e+02 6.900538e+07 5.019651e+06 
3.421598e+02 6.829551e+07 5.019651e+06 
2.915975e+02 6.596847e+07 5.622009e+06 
2.956499e+02 6.674268e+07 5.120043e+06 
3.170766e+02 6.550598e+07 4.417293e+06 
3.181434e+02 6.669786e+07 5.421223e+06 
3.532504e+02 6.746822e+07 4.417293e+06 
2.914173e+02 6.857146e+07 4.517685e+06 
3.171344e+02 7.318023e+07 6.073777e+06 
3.060555e+02 6.808943e+07 4.919257e+06 
3.065980e+02 7.187836e+07 5.371025e+06 
3.167769e+02 6.686683e+07 5.471419e+06 
3.146960e+02 6.840983e+07 5.220437e+06 
3.186943e+02 6.745279e+07 6.073777e+06 
3.405795e+02 6.140585e+07 4.869061e+06 
3.218044e+02 6.730077e+07 5.270633e+06 
3.242327e+02 6.871177e+07 4.668275e+06 
3.121312e+02 6.685578e+07 5.019651e+06 
2.856922e+02 6.954006e+07 5.320829e+06 
2.970076e+02 7.090791e+07 4.417293e+06 
3.047846e+02 6.142980e+07 4.869061e+06 
3.093963e+02 6.935863e+07 5.672205e+06 
3.074316e+02 6.622201e+07 5.019651e+06 
3.429765e+02 7.095688e+07 5.270633e+06 
3.182528e+02 6.774902e+07 5.471419e+06 
3.305211e+02 6.532274e+07 5.019651e+06 
3.105263e+02 6.930304e+07 5.320829e+06 
2.980746e+02 7.108256e+07 5.471419e+06 
3.026382e+02 6.650842e+07 4.919257e+06 
3.398546e+02 6.246990e+07 4.818865e+06 
3.179484e+02 6.334251e+07 4.869061e+06 
2.946293e+02 6.875048e+07 5.421223e+06 
3.346112e+02 6.507984e+07 5.220437e+06 
3.121427e+02 6.769286e+07 4.216507e+06 
3.258093e+02 6.755433e+07 4.618079e+06 
3.074601e+02 6.792284e+07 5.371025e+06 
2.940811e+02 7.450949e+07 5.622009e+06 
3.303226e+02 6.672444e+07 5.772597e+06 
2.857877e+02 6.438779e+07 4.618079e+06 
3.050909e+02 6.984366e+07 5.973383e+06 
3.181751e+02 6.713867e+07 5.672205e+06 
3.128470e+02 6.583249e+07 4.668275e+06 
2.865396e+02 6.630791e+07 5.672205e+06 
3.150718e+02 6.823297e+07 4.869061e+06 
3.306164e+02 7.039449e+07 4.869061e+06 
3.126735e+02 6.756408e+07 5.220437e+06 
3.309597e+02 6.746882e+07 5.120043e+06 
2.740579e+02 6.644813e+07 5.521615e+06 
2.969589e+02 6.953768e+07 5.019651e+06 
2.864792e+02 6.953980e+07 4.668275e+06 
2.759382e+02 6.795035e+07 5.371025e+06 
2.689292e+02 7.161250e+07 5.220437e+06 
2.957601e+02 6.906993e+07 4.467489e+06 
3.170049e+02 6.763910e+07 5.019651e+06 
2.884354e+02 6.991431e+07 5.270633e+06 
3.025579e+02 6.562037e+07 4.818865e+06 
3.010617e+02 6.596568e+07 5.471419e+06 
2.904104e+02 7.340637e+07 5.722401e+06 
3.501346e+02 6.764930e+07 5.019651e+06 
3.422560e+02 6.794649e+07 5.872991e+06 
3.104765e+02 6.602931e+07 4.818865e+06 
3.088839e+02 6.688971e+07 4.818865e+06 
2.886867e+02 6.187959e+07 5.069847e+06 
3.048019e+02 6.805633e+07 5.772597e+06 
3.363546e+02 6.618453e+07 5.320829e+06 
3.259343e+02 6.528800e+07 4.869061e+06 
3.093810e+02 7.261231e+07 5.019651e+06 
3.034270e+02 6.882266e+07 5.471419e+06 
3.033155e+02 6.737344e+07 5.521615e+06 
3.468848e+02 6.636657e+07 5.220437e+06 
3.227545e+02 7.196985e+07 5.923187e+06 
3.353473e+02 6.592654e+07 5.069847e+06 
2.743209e+02 6.822277e+07 5.521615e+06 
3.124811e+02 6.560963e+07 5.270633e+06 

2.884038e+02 6.314905e+07 4.618079e+06 
3.121662e+02 6.555885e+07 5.069847e+06 
2.983905e+02 6.832940e+07 5.320829e+06 
3.357043e+02 6.538540e+07 5.822795e+06 
2.899359e+02 6.646373e+07 4.266703e+06 
3.360621e+02 6.633268e+07 4.316899e+06 
3.136521e+02 6.788861e+07 4.517685e+06 
3.118682e+02 6.957533e+07 6.224365e+06 
3.364851e+02 7.048296e+07 5.120043e+06 
3.169268e+02 6.718181e+07 5.270633e+06 
2.954587e+02 6.940153e+07 5.220437e+06 
3.020067e+02 7.042642e+07 5.521615e+06 
3.057505e+02 6.591995e+07 5.371025e+06 
2.939750e+02 6.238189e+07 5.722401e+06 
3.217484e+02 6.972213e+07 4.818865e+06 
3.405938e+02 6.610651e+07 4.618079e+06 
3.291917e+02 6.714515e+07 5.872991e+06 
2.994599e+02 7.317184e+07 5.722401e+06 
2.909091e+02 6.325122e+07 4.216507e+06 
3.298706e+02 6.564498e+07 5.220437e+06 
3.547189e+02 6.859158e+07 4.919257e+06 
3.483176e+02 6.575758e+07 4.668275e+06 
3.685219e+02 6.705341e+07 4.668275e+06 
3.151725e+02 6.179338e+07 3.614149e+06 
2.850652e+02 6.936110e+07 5.622009e+06 
3.149667e+02 6.966820e+07 5.120043e+06 
3.151743e+02 6.730843e+07 5.421223e+06 
3.294253e+02 6.711563e+07 5.672205e+06 
2.780070e+02 7.394792e+07 5.521615e+06 
3.328849e+02 6.883288e+07 5.521615e+06 
3.156892e+02 6.491813e+07 5.923187e+06 
2.935649e+02 6.501852e+07 5.270633e+06 
3.138506e+02 6.428937e+07 4.668275e+06 
3.324870e+02 6.766728e+07 5.270633e+06 
3.136116e+02 7.205281e+07 5.320829e+06 
2.787217e+02 6.980113e+07 5.120043e+06 
3.454036e+02 6.476523e+07 5.220437e+06 
3.412096e+02 6.829558e+07 5.019651e+06 
2.988471e+02 6.817175e+07 5.772597e+06 
2.773226e+02 6.484293e+07 4.266703e+06 
3.166574e+02 6.932536e+07 4.718471e+06 
3.103467e+02 6.775548e+07 5.220435e+06 
2.724583e+02 6.293240e+07 4.015721e+06 
3.277172e+02 6.589075e+07 4.517685e+06 
2.987943e+02 6.808230e+07 4.668275e+06 
3.090075e+02 6.985548e+07 4.818865e+06 
3.333817e+02 6.919476e+07 4.417293e+06 
3.216451e+02 6.355460e+07 4.467489e+06 
3.030471e+02 6.806716e+07 4.818865e+06 
2.973067e+02 6.623567e+07 5.672205e+06 
2.946578e+02 6.664247e+07 5.471419e+06 
3.229390e+02 6.915361e+07 5.672205e+06 
3.467744e+02 6.473197e+07 4.417293e+06 
2.952586e+02 6.673685e+07 4.818865e+06 
3.392358e+02 6.763873e+07 4.618079e+06 
3.020201e+02 6.607430e+07 5.220437e+06 
3.067965e+02 6.778712e+07 5.320829e+06 
2.946272e+02 6.319640e+07 4.818865e+06 
2.897583e+02 7.088689e+07 4.818865e+06 
2.998302e+02 6.673926e+07 5.170239e+06 
3.078104e+02 7.006660e+07 5.471419e+06 
2.915828e+02 6.820368e+07 5.772597e+06 
2.886493e+02 6.613190e+07 4.618079e+06 
3.314266e+02 7.044384e+07 5.622009e+06 
3.317893e+02 6.681694e+07 5.421223e+06 
3.196131e+02 6.807848e+07 5.069847e+06 
2.926540e+02 6.893464e+07 5.571811e+06 
2.985589e+02 6.525710e+07 4.869061e+06 
2.899946e+02 6.470492e+07 4.869061e+06 
3.223665e+02 6.798135e+07 5.622009e+06 
3.239481e+02 6.450363e+07 5.672205e+06 
3.118117e+02 6.738396e+07 5.220437e+06 
2.971087e+02 6.778691e+07 5.722401e+06 
2.847984e+02 6.708118e+07 5.019651e+06 
3.326204e+02 6.802317e+07 5.672205e+06 
3.324855e+02 6.608129e+07 4.668275e+06 
2.733200e+02 6.925041e+07 5.872991e+06 
3.124836e+02 7.098329e+07 5.923187e+06 
3.057871e+02 7.028117e+07 5.672205e+06 
3.076585e+02 6.650512e+07 5.069847e+06 
2.956287e+02 6.980304e+07 5.069847e+06 
3.347563e+02 7.043351e+07 5.069847e+06 
3.279871e+02 6.616451e+07 4.216507e+06 
3.054139e+02 7.080832e+07 4.718471e+06 
3.179521e+02 6.970496e+07 4.869061e+06 
3.557761e+02 6.803591e+07 5.672205e+06 
2.789002e+02 6.703564e+07 5.270633e+06 
3.388838e+02 6.770548e+07 4.718471e+06 
3.105512e+02 7.076665e+07 5.672205e+06 
3.026535e+02 6.931053e+07 5.019651e+06 
2.896480e+02 6.644240e+07 5.923187e+06 
3.195340e+02 6.879941e+07 5.521615e+06 
2.875886e+02 6.838694e+07 4.266703e+06 
3.154212e+02 7.141203e+07 6.123973e+06 
3.444716e+02 6.762863e+07 5.421223e+06 
3.386491e+02 7.226647e+07 5.521615e+06 
3.349237e+02 6.581613e+07 5.471419e+06 
3.014208e+02 6.631275e+07 5.019651e+06 
3.062379e+02 7.013493e+07 6.224365e+06 
3.004466e+02 6.676230e+07 5.270633e+06 

2.994900e+02 6.707872e+07 4.618079e+06 
3.147174e+02 6.165843e+07 4.467489e+06 
3.233001e+02 6.644381e+07 5.872991e+06 
2.783382e+02 6.783748e+07 5.471419e+06 
2.891734e+02 6.233148e+07 3.664345e+06 
3.075866e+02 6.732421e+07 5.772597e+06 
3.065822e+02 6.732203e+07 5.722401e+06 
3.048691e+02 7.368391e+07 4.668275e+06 
3.089671e+02 6.843773e+07 5.019651e+06 
2.912578e+02 6.544989e+07 5.270633e+06 
3.130658e+02 6.776013e+07 5.270633e+06 
3.004654e+02 6.809562e+07 5.270633e+06 
3.277332e+02 6.677391e+07 5.069847e+06 
3.342010e+02 6.768158e+07 4.869061e+06 
3.326657e+02 6.583607e+07 4.417293e+06 
3.201820e+02 6.994772e+07 4.718471e+06 
3.144703e+02 6.867750e+07 5.069847e+06 
3.112207e+02 7.030803e+07 5.120043e+06 
3.142749e+02 6.886583e+07 5.421223e+06 
3.103246e+02 6.274882e+07 5.019651e+06 
3.246288e+02 6.920007e+07 5.772597e+06 
2.998418e+02 6.571212e+07 5.120043e+06 
3.277089e+02 6.835317e+07 5.069847e+06 
3.020072e+02 6.534181e+07 4.818865e+06 
2.998963e+02 6.745581e+07 5.220437e+06 
3.111748e+02 6.744797e+07 5.421223e+06 
3.238371e+02 6.880789e+07 4.266703e+06 
3.095104e+02 6.626596e+07 5.270633e+06 
2.881588e+02 7.124539e+07 5.471419e+06 
3.111757e+02 6.912156e+07 4.818865e+06 
2.892122e+02 6.769221e+07 5.270633e+06 
3.320186e+02 6.875753e+07 5.120043e+06 
3.255602e+02 6.440823e+07 4.818865e+06 
3.174803e+02 6.711541e+07 5.019651e+06 
2.997661e+02 6.604496e+07 4.668275e+06 
2.958008e+02 6.381215e+07 5.270633e+06 
3.071735e+02 7.030289e+07 4.216507e+06 
3.417519e+02 6.432563e+07 4.116113e+06 
3.254166e+02 6.277096e+07 4.818865e+06 
2.979394e+02 6.638971e+07 4.919257e+06 
3.054519e+02 6.909968e+07 4.869061e+06 
3.387803e+02 6.984464e+07 5.521615e+06 
3.232331e+02 6.520391e+07 5.421223e+06 
3.337459e+02 6.708481e+07 4.869061e+06 
3.102325e+02 6.936159e+07 5.973383e+06 
3.104534e+02 6.402363e+07 4.015721e+06 
3.181016e+02 7.119266e+07 5.069847e+06 
2.942580e+02 7.080786e+07 4.869061e+06 
3.160878e+02 6.822673e+07 4.869061e+06 
3.262920e+02 6.343649e+07 4.869061e+06 
3.181101e+02 6.746206e+07 5.270633e+06 
3.374778e+02 6.234293e+07 5.220437e+06 
2.799375e+02 7.065468e+07 5.672205e+06 
3.037058e+02 6.765451e+07 5.923187e+06 
3.460339e+02 6.900931e+07 5.421223e+06 
3.086688e+02 6.712850e+07 4.869061e+06 
3.022672e+02 7.107389e+07 4.869061e+06 
2.810538e+02 6.807535e+07 5.320829e+06 
3.189920e+02 6.823601e+07 5.973383e+06 
2.751909e+02 7.014636e+07 4.668275e+06 
3.182346e+02 6.611596e+07 4.818865e+06 
3.028858e+02 7.104977e+07 4.869061e+06 
2.938470e+02 6.458545e+07 4.618079e+06 
3.035658e+02 6.573154e+07 4.818865e+06 
3.183851e+02 6.629637e+07 5.521615e+06 
3.084633e+02 6.456062e+07 4.417293e+06 
3.278958e+02 6.797128e+07 5.320829e+06 
3.142469e+02 6.641495e+07 4.869061e+06 
3.139147e+02 7.125601e+07 5.471419e+06 
3.303502e+02 7.518067e+07 6.575741e+06 
3.243973e+02 6.395324e+07 4.015721e+06 
3.162843e+02 6.212755e+07 4.618079e+06 
3.491952e+02 7.127648e+07 5.019651e+06 
2.932484e+02 6.616410e+07 5.320829e+06 
3.225260e+02 7.135575e+07 5.320829e+06 
2.730826e+02 6.527925e+07 4.818865e+06 
3.019329e+02 6.719698e+07 5.722401e+06 
2.979102e+02 6.984552e+07 5.571811e+06 
3.044908e+02 6.493506e+07 4.818865e+06 
2.907169e+02 7.022761e+07 5.320829e+06 
3.063087e+02 6.771339e+07 5.672205e+06 
3.222843e+02 6.852654e+07 5.923187e+06 
3.099604e+02 6.231294e+07 4.015721e+06 
3.064993e+02 6.530841e+07 4.266703e+06 
2.912006e+02 6.578285e+07 4.869061e+06 
3.497381e+02 7.271843e+07 5.923187e+06 
2.926782e+02 6.576743e+07 5.672205e+06 
2.990336e+02 6.172116e+07 4.818865e+06 
3.247945e+02 6.337664e+07 5.973383e+06 
2.871780e+02 6.623251e+07 5.120043e+06 
3.367553e+02 6.519095e+07 4.216507e+06 
2.953112e+02 7.106922e+07 5.521615e+06 
3.051744e+02 6.573129e+07 5.220437e+06 
2.917283e+02 7.138232e+07 5.320829e+06 
2.831716e+02 6.995949e+07 5.571811e+06 
2.867449e+02 6.856863e+07 5.571811e+06 
3.254088e+02 6.714913e+07 5.270633e+06 
3.162709e+02 6.697864e+07 5.270633e+06 
3.121209e+02 7.050726e+07 6.123973e+06 
3.019442e+02 6.723540e+07 4.417293e+06 

3.524486e+02 6.911818e+07 5.270633e+06 
3.176277e+02 6.995627e+07 5.069847e+06 
3.043303e+02 7.201218e+07 6.023579e+06 
3.152453e+02 7.567715e+07 5.923187e+06 
3.054132e+02 6.584816e+07 4.618079e+06 
3.343006e+02 6.653089e+07 4.668275e+06 
3.107491e+02 6.791946e+07 5.471419e+06 
3.121131e+02 7.008252e+07 5.521615e+06 
3.212888e+02 6.938508e+07 5.320829e+06 
3.161486e+02 7.040004e+07 5.069847e+06 
3.171089e+02 7.048809e+07 5.069847e+06 
3.258342e+02 7.096518e+07 5.923187e+06 
3.317368e+02 6.761006e+07 4.618079e+06 
3.062625e+02 7.065989e+07 5.120043e+06 
2.848476e+02 7.153965e+07 5.973383e+06 
3.115807e+02 7.074093e+07 5.471419e+06 
3.145187e+02 6.418020e+07 4.618079e+06 
3.274334e+02 7.131998e+07 5.270633e+06 
2.832583e+02 6.571897e+07 5.320829e+06 
2.932492e+02 6.793450e+07 5.521615e+06 
3.355731e+02 6.674006e+07 5.722401e+06 
3.018899e+02 6.435583e+07 4.818865e+06 
2.844056e+02 6.721945e+07 5.471419e+06 
3.120285e+02 6.784140e+07 5.421223e+06 
3.322061e+02 6.806578e+07 4.668275e+06 
2.927829e+02 6.729261e+07 5.772597e+06 
2.919830e+02 7.153680e+07 5.270633e+06 
3.147907e+02 6.642118e+07 5.120043e+06 
3.036585e+02 7.439904e+07 5.872991e+06 
3.364140e+02 6.134850e+07 4.417293e+06 
3.169327e+02 6.708213e+07 5.320829e+06 
3.086428e+02 6.390155e+07 4.668275e+06 
3.121495e+02 7.348304e+07 6.123973e+06 
3.214522e+02 6.762328e+07 5.471419e+06 
3.428952e+02 6.807140e+07 5.270633e+06 
3.039428e+02 6.726240e+07 4.818865e+06 
2.990339e+02 6.721037e+07 4.869061e+06 
2.849528e+02 6.468130e+07 4.668275e+06 
3.129506e+02 6.783102e+07 5.069847e+06 
2.922836e+02 6.740761e+07 5.120043e+06 
3.464838e+02 6.622371e+07 5.421223e+06 
3.162963e+02 6.904791e+07 5.622009e+06 
3.355491e+02 6.993949e+07 5.923187e+06 
3.388854e+02 7.286148e+07 5.270633e+06 
3.112009e+02 6.918520e+07 5.923187e+06 
2.943968e+02 6.741159e+07 5.120043e+06 
3.301414e+02 6.724779e+07 5.320829e+06 
2.890905e+02 6.555066e+07 4.919257e+06 
3.245514e+02 6.747350e+07 5.069847e+06 
3.347720e+02 7.071407e+07 5.672205e+06 
3.046588e+02 6.596828e+07 5.120043e+06 
3.174270e+02 6.537064e+07 4.869061e+06 
3.083691e+02 6.531144e+07 4.266703e+06 
3.187084e+02 6.538985e+07 3.614149e+06 
3.042250e+02 6.635505e+07 5.923187e+06 
3.125786e+02 6.745689e+07 4.618079e+06 
2.865358e+02 6.537444e+07 5.320829e+06 
2.807592e+02 6.868006e+07 4.818865e+06 
3.515990e+02 6.939824e+07 5.069847e+06 
3.220152e+02 7.104011e+07 6.123973e+06 
2.905587e+02 6.812153e+07 4.216507e+06 
3.243388e+02 6.374116e+07 4.216507e+06 
3.095818e+02 7.099434e+07 5.270633e+06 
3.068141e+02 7.168802e+07 5.521615e+06 
3.229494e+02 6.937868e+07 4.869061e+06 
3.568133e+02 6.554276e+07 5.672205e+06 
2.809835e+02 6.906587e+07 5.421221e+06 
3.123491e+02 6.930569e+07 5.371025e+06 
3.213485e+02 6.750838e+07 4.567881e+06 
2.927297e+02 6.708269e+07 4.417293e+06 
3.043960e+02 6.664876e+07 5.069847e+06 
3.195614e+02 6.547883e+07 4.668275e+06 
3.115979e+02 6.775700e+07 4.869061e+06 
3.046402e+02 6.858607e+07 5.270633e+06 
3.085234e+02 6.869948e+07 5.220437e+06 
3.157846e+02 6.834656e+07 5.571811e+06 
3.132355e+02 6.347722e+07 4.417293e+06 
2.738405e+02 7.197905e+07 5.521615e+06 
3.056291e+02 6.923980e+07 5.120043e+06 
3.116983e+02 6.993726e+07 5.220437e+06 
3.186919e+02 6.978474e+07 5.421223e+06 
3.127061e+02 7.211030e+07 4.718471e+06 
3.083109e+02 7.112593e+07 5.270633e+06 
3.132245e+02 6.810310e+07 4.618079e+06 
2.988342e+02 6.394697e+07 5.270633e+06 
2.746961e+02 6.763158e+07 5.270633e+06 
3.122826e+02 6.544480e+07 5.069847e+06 
2.980158e+02 6.849097e+07 5.421223e+06 
3.006368e+02 6.761648e+07 5.069847e+06 
3.120483e+02 6.813769e+07 5.220437e+06 
2.949053e+02 7.513095e+07 5.571811e+06 
2.964066e+02 6.250564e+07 4.417293e+06 
2.943839e+02 6.612419e+07 4.266703e+06 
3.371529e+02 7.047299e+07 5.571811e+06 
3.219568e+02 6.610859e+07 5.220437e+06 
3.090532e+02 7.021290e+07 4.467489e+06 
2.733963e+02 6.800725e+07 5.120043e+06 
3.129217e+02 7.275292e+07 5.120043e+06 
3.143554e+02 6.435841e+07 4.818865e+06 
3.015313e+02 6.789363e+07 5.220437e+06 

3.169309e+02 6.377109e+07 4.869061e+06 
3.061078e+02 6.517490e+07 5.019651e+06 
3.191950e+02 6.667088e+07 5.421223e+06 
2.909046e+02 6.698283e+07 4.869061e+06 
2.901617e+02 6.809145e+07 5.019651e+06 
3.184816e+02 6.939296e+07 5.772597e+06 
3.288913e+02 6.116108e+07 5.019651e+06 
3.090753e+02 6.766538e+07 4.567881e+06 
2.998291e+02 7.196596e+07 5.069847e+06 
3.075522e+02 6.866076e+07 5.069847e+06 
3.150084e+02 6.208955e+07 5.471419e+06 
3.252577e+02 7.140645e+07 5.571811e+06 
3.142494e+02 6.566898e+07 5.923187e+06 
2.894859e+02 6.824669e+07 4.768667e+06 
3.042387e+02 7.087185e+07 6.023579e+06 
3.095763e+02 6.825595e+07 4.768667e+06 
3.110371e+02 6.626356e+07 4.668275e+06 
2.973641e+02 6.857949e+07 5.270633e+06 
2.976654e+02 6.710830e+07 5.421223e+06 
3.394197e+02 6.934459e+07 5.120043e+06 
2.810904e+02 6.748243e+07 4.618079e+06 
3.007824e+02 6.822105e+07 5.069847e+06 
3.409157e+02 6.490800e+07 5.270633e+06 
2.974492e+02 6.585684e+07 4.869061e+06 
2.989115e+02 6.982293e+07 5.120043e+06 
3.184545e+02 6.666428e+07 5.320829e+06 
2.949859e+02 6.667123e+07 4.818865e+06 
3.255225e+02 6.710616e+07 4.869061e+06 
2.922150e+02 6.560036e+07 5.471419e+06 
3.095554e+02 6.786271e+07 5.471419e+06 
3.268960e+02 6.899626e+07 5.471419e+06 
2.802945e+02 6.625238e+07 5.722401e+06 
3.197740e+02 6.874372e+07 4.869061e+06 
2.864973e+02 6.698649e+07 5.069847e+06 
3.005001e+02 7.306108e+07 5.421223e+06 
3.190662e+02 7.011223e+07 4.919257e+06 
3.098672e+02 6.704041e+07 4.818865e+06 
2.964152e+02 6.641269e+07 5.019651e+06 
3.121932e+02 7.051130e+07 6.174169e+06 
2.938438e+02 6.397950e+07 5.069847e+06 
2.948337e+02 6.786913e+07 5.471419e+06 
3.024198e+02 6.477324e+07 4.818865e+06 
3.055623e+02 7.236138e+07 5.270633e+06 
3.111812e+02 7.232489e+07 5.923187e+06 
2.932716e+02 6.707454e+07 5.069847e+06 
3.068078e+02 6.608792e+07 4.467489e+06 
3.219722e+02 6.893045e+07 5.270633e+06 
2.796379e+02 6.228682e+07 4.417293e+06 
3.283564e+02 6.982802e+07 4.618079e+06 
3.121835e+02 6.932676e+07 5.069847e+06 
2.985407e+02 6.891990e+07 5.822795e+06 
3.079614e+02 6.904644e+07 4.818865e+06 
3.162609e+02 6.397083e+07 5.471419e+06 
3.040079e+02 6.921808e+07 5.069847e+06 
3.299114e+02 7.236921e+07 5.822793e+06 
2.774627e+02 7.034505e+07 5.722401e+06 
3.159159e+02 6.812545e+07 5.069847e+06 
2.856019e+02 7.063094e+07 5.672205e+06 
3.003673e+02 6.580473e+07 5.069847e+06 
3.295361e+02 6.435801e+07 5.622009e+06 
3.057681e+02 6.887265e+07 4.668275e+06 
2.839652e+02 7.406865e+07 5.019651e+06 
3.258129e+02 6.390889e+07 4.216507e+06 
3.169362e+02 6.874969e+07 5.371025e+06 
3.009323e+02 6.702427e+07 5.019651e+06 
2.922044e+02 6.577943e+07 4.869061e+06 
3.320837e+02 7.090699e+07 5.019651e+06 
2.939816e+02 6.511455e+07 5.069847e+06 
3.080715e+02 6.792941e+07 5.722401e+06 
3.117505e+02 6.500650e+07 5.421223e+06 
3.138395e+02 6.394326e+07 5.220437e+06 
3.339386e+02 6.720733e+07 4.618079e+06 
3.275565e+02 6.819343e+07 5.270633e+06 
3.128573e+02 7.106078e+07 5.722401e+06 
3.199277e+02 6.891872e+07 4.869061e+06 
2.909665e+02 6.680279e+07 6.174169e+06 
3.005622e+02 6.742368e+07 5.471419e+06 
3.056722e+02 6.330287e+07 5.120043e+06 
3.398908e+02 6.623646e+07 4.668275e+06 
2.884196e+02 6.401517e+07 5.521615e+06 
2.993217e+02 6.928237e+07 5.120043e+06 
3.034756e+02 6.691605e+07 5.421223e+06 
3.176747e+02 6.794687e+07 5.672205e+06 
3.114573e+02 6.613936e+07 5.320829e+06 
3.085529e+02 6.954973e+07 5.822793e+06 
3.109082e+02 7.019601e+07 5.421223e+06 
3.128156e+02 7.119792e+07 5.421223e+06 
3.042556e+02 6.783062e+07 5.069847e+06 
2.960919e+02 6.918248e+07 5.270633e+06 
3.038590e+02 7.147696e+07 5.421223e+06 
3.085737e+02 6.943945e+07 5.270633e+06 
2.943609e+02 7.046099e+07 5.270633e+06 
3.091445e+02 6.750247e+07 5.722401e+06 
3.111525e+02 7.023707e+07 5.220437e+06 
2.919703e+02 6.864665e+07 4.618079e+06 
2.941890e+02 6.213000e+07 4.417293e+06 
3.113613e+02 6.671843e+07 5.270633e+06 
3.103701e+02 6.865564e+07 5.421223e+06 
3.141446e+02 6.987446e+07 5.069847e+06 
3.228620e+02 6.808228e+07 5.471419e+06 

2.834417e+02 6.836331e+07 5.120043e+06 
3.019722e+02 6.692882e+07 5.220437e+06 
3.038084e+02 6.996976e+07 4.417293e+06 
3.206424e+02 6.860440e+07 5.220437e+06 
3.059604e+02 7.050030e+07 5.220435e+06 
3.008847e+02 6.841295e+07 5.019651e+06 
2.846468e+02 6.434092e+07 5.069847e+06 
3.082997e+02 6.890138e+07 5.471419e+06 
3.308769e+02 6.594099e+07 5.421223e+06 
3.391443e+02 6.761215e+07 4.668275e+06 
3.411406e+02 6.454809e+07 4.668275e+06 
3.025119e+02 6.262960e+07 5.019651e+06 
3.378206e+02 7.191732e+07 5.722401e+06 
2.936309e+02 7.277224e+07 5.521615e+06 
3.086193e+02 6.744871e+07 5.069847e+06 
3.121012e+02 6.788093e+07 6.224365e+06 
3.338775e+02 6.892197e+07 4.818865e+06 
3.118787e+02 6.980664e+07 5.923187e+06 
3.010911e+02 7.060870e+07 6.073775e+06 
2.953021e+02 7.643507e+07 5.973383e+06 
3.266349e+02 6.564760e+07 5.069847e+06 
2.985515e+02 7.269801e+07 5.371025e+06 
3.059571e+02 6.739572e+07 5.019651e+06 
3.125429e+02 6.748534e+07 5.220437e+06 
3.021345e+02 6.811028e+07 5.270633e+06 
3.298380e+02 7.447651e+07 5.923187e+06 
3.112198e+02 6.957639e+07 5.471419e+06 
3.269201e+02 6.468207e+07 5.019651e+06 
3.167975e+02 6.706846e+07 4.618079e+06 
3.179263e+02 7.281643e+07 5.471419e+06 
3.495144e+02 6.554294e+07 5.220437e+06 
3.160799e+02 6.537252e+07 5.471419e+06 
3.045217e+02 7.047546e+07 4.869061e+06 
2.993476e+02 6.742085e+07 5.471419e+06 
3.110764e+02 6.473813e+07 4.818865e+06 
2.913529e+02 6.838738e+07 4.869061e+06 
2.838782e+02 6.871308e+07 5.672205e+06 
3.375343e+02 6.986204e+07 5.069847e+06 
3.086729e+02 7.123580e+07 5.220437e+06 
3.296693e+02 7.004328e+07 5.923187e+06 
3.105264e+02 6.607403e+07 4.417293e+06 
3.121554e+02 6.850478e+07 4.869061e+06 
2.928459e+02 7.368027e+07 6.123973e+06 
3.177117e+02 6.619715e+07 5.973383e+06 
3.277055e+02 7.318269e+07 4.818865e+06 
3.199324e+02 6.881812e+07 5.270633e+06 
3.223131e+02 6.856241e+07 4.919257e+06 
2.953234e+02 6.648309e+07 5.120043e+06 
3.040370e+02 6.884011e+07 4.869061e+06 
3.156191e+02 6.803972e+07 4.216507e+06 
2.914202e+02 6.883060e+07 5.521615e+06 
3.272512e+02 6.727799e+07 5.521615e+06 
3.016207e+02 6.701459e+07 5.571811e+06 
2.975962e+02 6.938470e+07 5.270633e+06 
3.295485e+02 6.506998e+07 5.471419e+06 
2.842481e+02 6.820731e+07 4.015721e+06 
2.993697e+02 6.788539e+07 5.320829e+06 
2.720471e+02 6.807720e+07 5.521615e+06 
2.905064e+02 6.387350e+07 4.869061e+06 
2.975986e+02 6.235712e+07 4.668275e+06 
2.949018e+02 6.676671e+07 4.919257e+06 
3.064379e+02 6.536921e+07 5.622009e+06 
3.152506e+02 6.892185e+07 5.220437e+06 
3.075208e+02 7.026338e+07 5.270633e+06 
3.233772e+02 6.845255e+07 5.069847e+06 
3.005798e+02 6.897635e+07 4.818865e+06 
3.032438e+02 7.026067e+07 4.618079e+06 
3.289788e+02 6.846922e+07 5.069847e+06 
3.309599e+02 6.702696e+07 4.818865e+06 
2.888244e+02 7.131394e+07 4.718471e+06 
2.913693e+02 7.170787e+07 4.517685e+06 
3.114926e+02 6.477411e+07 4.668275e+06 
3.176057e+02 6.716142e+07 5.019651e+06 
3.128953e+02 7.336866e+07 5.270633e+06 
3.265015e+02 7.097907e+07 5.220437e+06 
3.135527e+02 6.399805e+07 4.869061e+06 
2.818339e+02 6.625092e+07 5.421223e+06 
3.238120e+02 6.793541e+07 4.818865e+06 
3.413903e+02 6.702807e+07 5.722401e+06 
2.966108e+02 7.111154e+07 5.722401e+06 
2.904464e+02 7.046909e+07 5.872991e+06 
2.940116e+02 7.162955e+07 4.818865e+06 
2.717268e+02 6.803863e+07 4.969453e+06 
3.162957e+02 6.810010e+07 5.421223e+06 
2.997940e+02 6.768962e+07 4.618079e+06 
3.020826e+02 7.033025e+07 6.374955e+06 
3.089756e+02 6.158863e+07 4.869061e+06 
3.273535e+02 7.095000e+07 4.668275e+06 
2.926880e+02 6.621845e+07 5.320829e+06 
3.234958e+02 6.713914e+07 4.668275e+06 
3.118044e+02 6.902019e+07 4.818865e+06 
3.211298e+02 6.856283e+07 5.270633e+06 
2.832512e+02 7.272818e+07 5.019651e+06 
3.129988e+02 6.815838e+07 4.869061e+06 
3.187173e+02 6.348194e+07 5.320829e+06 
2.954100e+02 7.418651e+07 6.023579e+06 
3.012246e+02 6.987226e+07 5.571811e+06 
3.080433e+02 7.007526e+07 5.270633e+06 
2.967234e+02 6.928121e+07 5.521615e+06 
3.047037e+02 6.693411e+07 4.668275e+06 

3.122724e+02 7.053933e+07 5.069847e+06 
3.324957e+02 6.785830e+07 5.069847e+06 
3.184758e+02 6.839834e+07 5.521615e+06 
3.188618e+02 6.806529e+07 4.467489e+06 
3.048849e+02 7.050421e+07 6.073777e+06 
3.270376e+02 7.004856e+07 5.471419e+06 
3.060905e+02 6.863935e+07 5.019651e+06 
2.980258e+02 6.675730e+07 4.869061e+06 
3.080610e+02 6.556168e+07 4.818865e+06 
3.099721e+02 6.989599e+07 4.818865e+06 
2.969123e+02 7.265295e+07 5.270633e+06 
2.869169e+02 6.426020e+07 4.668275e+06 
3.073397e+02 6.245012e+07 5.722401e+06 
3.185639e+02 6.755283e+07 4.467489e+06 
2.910448e+02 6.695082e+07 4.818865e+06 
3.254661e+02 7.183771e+07 5.672205e+06 
2.678467e+02 6.958512e+07 5.571811e+06 
3.211330e+02 6.809841e+07 4.467489e+06 
3.160868e+02 6.672088e+07 5.471419e+06 
3.207748e+02 6.900568e+07 4.818865e+06 
2.985656e+02 7.026590e+07 5.270633e+06 
3.131738e+02 6.938318e+07 5.019651e+06 
3.268899e+02 6.494881e+07 5.170239e+06 
3.063195e+02 6.824136e+07 5.923187e+06 
3.066118e+02 7.131502e+07 5.471419e+06 
2.843794e+02 7.525482e+07 6.174169e+06 
2.823334e+02 6.856211e+07 4.718471e+06 
2.966965e+02 6.476353e+07 4.869061e+06 
3.284453e+02 6.976829e+07 5.923187e+06 
3.083666e+02 6.866549e+07 5.270633e+06 
3.245344e+02 6.806047e+07 5.270633e+06 
3.245343e+02 6.662891e+07 4.216507e+06 
3.019077e+02 6.541413e+07 5.270633e+06 
2.946359e+02 6.344836e+07 4.869061e+06 
2.961263e+02 6.672593e+07 4.668275e+06 
2.818683e+02 6.383432e+07 5.672205e+06 
3.052831e+02 6.660437e+07 5.069847e+06 
3.239121e+02 6.892941e+07 5.120043e+06 
3.036832e+02 6.196462e+07 4.467489e+06 
3.239985e+02 6.637248e+07 5.471419e+06 
3.234421e+02 7.029581e+07 5.220437e+06 
3.315605e+02 6.811486e+07 5.069847e+06 
3.168441e+02 6.643535e+07 4.668275e+06 
3.310279e+02 7.025560e+07 6.224365e+06 
3.350910e+02 6.767253e+07 5.120043e+06 
2.835508e+02 6.850491e+07 5.772597e+06 
2.935800e+02 6.838191e+07 5.722401e+06 
3.539540e+02 6.891904e+07 5.270633e+06 
2.990827e+02 7.088022e+07 5.521615e+06 
3.043485e+02 6.834008e+07 5.471419e+06 
2.877057e+02 6.966729e+07 5.320829e+06 
3.108942e+02 6.736204e+07 5.019651e+06 
3.177959e+02 7.011869e+07 5.069847e+06 
2.870856e+02 6.801222e+07 5.722401e+06 
2.791930e+02 6.618782e+07 4.818865e+06 
3.040213e+02 6.912398e+07 5.069847e+06 
3.219309e+02 6.685550e+07 4.618079e+06 
3.028914e+02 6.468161e+07 5.471419e+06 
2.911592e+02 6.477275e+07 4.869061e+06 
3.357439e+02 6.507405e+07 5.019651e+06 
3.258239e+02 7.138801e+07 5.120043e+06 
3.248121e+02 6.465582e+07 4.818865e+06 
3.279347e+02 6.905248e+07 5.220437e+06 
3.010528e+02 6.766593e+07 5.120043e+06 
2.841677e+02 6.779528e+07 4.869061e+06 
3.361428e+02 7.287203e+07 5.220437e+06 
3.171628e+02 6.959816e+07 4.818865e+06 
2.855455e+02 7.004074e+07 5.923187e+06 
3.109047e+02 6.995066e+07 5.019651e+06 
3.404609e+02 6.702727e+07 4.818865e+06 
3.181149e+02 6.608450e+07 4.618079e+06 
3.078381e+02 6.484063e+07 4.919257e+06 
2.885684e+02 7.215178e+07 4.618079e+06 
2.861426e+02 7.239876e+07 6.224365e+06 
3.167495e+02 6.777861e+07 5.471419e+06 
2.970745e+02 6.738049e+07 4.316899e+06 
3.168914e+02 7.381840e+07 6.324759e+06 
3.311625e+02 6.934651e+07 5.571811e+06 
2.962802e+02 6.913648e+07 5.320829e+06 
2.840966e+02 7.111944e+07 5.270633e+06 
3.166383e+02 6.864753e+07 5.521615e+06 
3.307301e+02 6.845285e+07 5.722401e+06 
3.175014e+02 6.625380e+07 5.872991e+06 
2.981337e+02 6.422206e+07 5.421223e+06 
3.441933e+02 6.683601e+07 5.320829e+06 
3.147618e+02 7.080540e+07 5.371025e+06 
2.941893e+02 7.003697e+07 5.521615e+06 
2.926574e+02 6.931169e+07 5.220437e+06 
2.873254e+02 6.711487e+07 5.320829e+06 
2.895845e+02 7.001608e+07 5.521615e+06 
2.946725e+02 6.916869e+07 5.120043e+06 
2.986954e+02 7.155104e+07 5.270633e+06 
3.152398e+02 6.996991e+07 4.919257e+06 
3.089556e+02 6.767673e+07 4.618079e+06 
3.150936e+02 6.350676e+07 5.019651e+06 
3.170060e+02 6.927522e+07 4.869061e+06 
3.044445e+02 6.939780e+07 5.320829e+06 
3.447323e+02 7.015670e+07 4.467489e+06 
2.978811e+02 6.741715e+07 4.618079e+06 
3.370215e+02 6.948144e+07 5.672205e+06 

3.152482e+02 6.824214e+07 5.120043e+06 
3.425768e+02 6.530692e+07 5.220437e+06 
3.435683e+02 6.909243e+07 5.722401e+06 
2.999975e+02 6.877184e+07 5.270633e+06 
3.213025e+02 6.871350e+07 5.521615e+06 
2.940682e+02 6.498324e+07 4.818865e+06 
3.019350e+02 6.656424e+07 4.618079e+06 
3.330843e+02 7.114607e+07 4.668275e+06 
3.163265e+02 6.743073e+07 5.722401e+06 
2.991890e+02 6.938388e+07 5.069847e+06 
2.994501e+02 6.717513e+07 4.818865e+06 
2.971764e+02 6.894870e+07 5.521615e+06 
3.177580e+02 6.770772e+07 5.270633e+06 
2.979089e+02 7.035840e+07 4.919257e+06 
3.038563e+02 7.086977e+07 5.120043e+06 
3.181746e+02 7.245689e+07 6.224365e+06 
3.129319e+02 7.335006e+07 5.923187e+06 
3.224079e+02 6.785217e+07 5.672205e+06 
2.916097e+02 6.762175e+07 5.270633e+06 
3.228357e+02 6.940639e+07 6.123973e+06 
2.971866e+02 6.449864e+07 4.517685e+06 
3.176656e+02 6.917066e+07 4.919257e+06 
3.161671e+02 7.066975e+07 5.521615e+06 
3.183871e+02 6.832296e+07 5.320829e+06 
3.219214e+02 7.456617e+07 6.123973e+06 
3.009326e+02 6.491298e+07 5.320829e+06 
3.414639e+02 7.039840e+07 4.869061e+06 
3.247087e+02 6.859539e+07 4.869061e+06 
3.015690e+02 6.767972e+07 5.019651e+06 
3.642649e+02 7.274405e+07 5.822795e+06 
3.137469e+02 6.938320e+07 5.069847e+06 
3.072540e+02 6.314713e+07 4.467489e+06 
3.262269e+02 6.964670e+07 5.722401e+06 
2.972646e+02 7.062162e+07 5.019651e+06 
3.338151e+02 7.170096e+07 6.324759e+06 
2.973947e+02 6.783843e+07 5.019651e+06 
3.253289e+02 6.861396e+07 5.320829e+06 
3.007294e+02 6.751284e+07 4.668275e+06 
3.005647e+02 6.690289e+07 5.320829e+06 
2.944413e+02 6.811393e+07 5.220437e+06 
3.039463e+02 6.313267e+07 4.818865e+06 
2.840587e+02 6.668909e+07 5.571811e+06 
2.935149e+02 6.656109e+07 4.618079e+06 
2.905042e+02 6.490954e+07 5.019651e+06 
3.131339e+02 6.594873e+07 4.618079e+06 
3.060471e+02 6.849906e+07 5.120043e+06 
3.200723e+02 7.087483e+07 4.818865e+06 
3.157260e+02 6.938225e+07 4.818865e+06 
3.739619e+02 6.768448e+07 4.818865e+06 
3.254929e+02 6.578173e+07 5.672205e+06 
2.928786e+02 6.928033e+07 5.772597e+06 
3.128688e+02 7.205597e+07 5.521615e+06 
3.005250e+02 6.708748e+07 5.421223e+06 
2.957330e+02 6.829523e+07 4.818865e+06 
3.251310e+02 7.015789e+07 4.718471e+06 
3.297226e+02 7.144325e+07 4.818865e+06 
3.378034e+02 6.532404e+07 5.471419e+06 
2.892006e+02 6.868487e+07 5.772597e+06 
3.206601e+02 6.609200e+07 4.517685e+06 
3.179739e+02 6.634029e+07 4.517685e+06 
2.966894e+02 6.760590e+07 4.417293e+06 
3.136390e+02 6.653067e+07 5.421223e+06 
3.148881e+02 7.025857e+07 5.672205e+06 
3.180729e+02 6.298584e+07 5.220437e+06 
2.977404e+02 6.713090e+07 4.417293e+06 
2.939068e+02 7.178781e+07 5.270633e+06 
3.240121e+02 7.018408e+07 5.622009e+06 
3.570934e+02 7.157010e+07 4.869061e+06 
2.970052e+02 6.804012e+07 4.618079e+06 
3.232944e+02 6.908920e+07 5.220437e+06 
2.935530e+02 6.637807e+07 4.618079e+06 
2.965652e+02 7.141795e+07 5.722401e+06 
2.892567e+02 6.916250e+07 4.467489e+06 
2.822077e+02 6.529746e+07 4.417293e+06 
3.038566e+02 6.789791e+07 5.019651e+06 
3.234195e+02 6.782790e+07 4.869061e+06 
3.076447e+02 6.689306e+07 5.471419e+06 
2.868596e+02 7.209747e+07 5.120043e+06 
3.186236e+02 6.990783e+07 5.069847e+06 
3.435778e+02 6.632679e+07 4.869061e+06 
3.027181e+02 6.611711e+07 5.320829e+06 
3.310211e+02 6.956010e+07 5.069847e+06 
3.277544e+02 6.803260e+07 5.019651e+06 
3.038885e+02 6.914051e+07 5.069847e+06 
3.152944e+02 6.425963e+07 4.467489e+06 
3.432395e+02 6.755978e+07 4.818865e+06 
3.015518e+02 6.917838e+07 5.069847e+06 
3.034769e+02 6.767263e+07 5.622009e+06 
3.395701e+02 7.124173e+07 5.521615e+06 
3.059758e+02 6.417908e+07 5.019651e+06 
3.154934e+02 7.096916e+07 5.722401e+06 
3.064039e+02 6.752052e+07 5.471419e+06 
2.884056e+02 7.527955e+07 5.521615e+06 
3.046807e+02 6.811800e+07 6.324759e+06 
2.908930e+02 7.080426e+07 5.120043e+06 
3.136700e+02 6.952573e+07 5.571811e+06 
3.102175e+02 7.101126e+07 5.371025e+06 
3.234150e+02 6.339125e+07 5.622009e+06 
3.157093e+02 6.405388e+07 4.818865e+06 
3.323554e+02 6.575762e+07 5.270633e+06 

