8.427700e+03 3.300252e+07 1.276793e+06 
6.248050e+03 2.567921e+07 2.383347e+06 
6.410350e+03 2.646029e+07 2.042869e+06 
9.209550e+03 3.752767e+07 1.021435e+06 
6.260950e+03 2.600880e+07 2.213108e+06 
8.522200e+03 3.295013e+07 1.404473e+06 
6.555250e+03 2.698409e+07 1.702391e+06 
8.125250e+03 3.301868e+07 1.361913e+06 
6.377550e+03 2.659732e+07 2.127989e+06 
7.984550e+03 3.329602e+07 1.447032e+06 
6.440450e+03 2.640198e+07 2.042869e+06 
1.089320e+04 4.155656e+07 8.721289e+05 
6.174550e+03 2.514772e+07 2.553587e+06 
6.293200e+03 2.587390e+07 2.298228e+06 
6.528400e+03 2.697857e+07 1.744951e+06 
6.409900e+03 2.666282e+07 2.042869e+06 
8.723350e+03 3.464650e+07 1.106554e+06 
8.252350e+03 3.329334e+07 1.276793e+06 
8.018500e+03 3.316063e+07 1.361913e+06 
6.415350e+03 2.652073e+07 1.957750e+06 
7.045550e+03 3.013442e+07 1.532152e+06 
6.984650e+03 2.991601e+07 1.574712e+06 
6.259150e+03 2.562737e+07 2.383347e+06 
9.137700e+03 3.597049e+07 1.057574e+06 
8.029350e+03 3.298942e+07 1.447032e+06 
6.528750e+03 2.676222e+07 1.830070e+06 
6.161000e+03 2.512530e+07 2.553587e+06 
9.331650e+03 3.799910e+07 9.568890e+05 
6.567500e+03 2.683154e+07 1.787511e+06 
8.079550e+03 3.206057e+07 1.489592e+06 
6.425400e+03 2.625489e+07 2.127989e+06 
8.553250e+03 3.433357e+07 1.191674e+06 
7.132800e+03 2.978350e+07 1.532152e+06 
6.411700e+03 2.626515e+07 2.127989e+06 
6.175600e+03 2.518136e+07 2.468467e+06 
8.988200e+03 3.543618e+07 1.063994e+06 
9.404000e+03 3.788051e+07 9.568890e+05 
8.861350e+03 3.414096e+07 1.234234e+06 
1.045815e+04 3.986655e+07 9.073666e+05 
6.445050e+03 2.684662e+07 1.872630e+06 
6.954500e+03 2.981028e+07 1.586361e+06 
6.173450e+03 2.510771e+07 2.553587e+06 
7.025750e+03 2.954617e+07 1.574712e+06 
6.173200e+03 2.510983e+07 2.553587e+06 
6.572400e+03 2.703611e+07 1.617271e+06 
9.217300e+03 3.678272e+07 9.820330e+05 
6.410250e+03 2.654873e+07 1.957750e+06 
1.007345e+04 4.002861e+07 9.363151e+05 
6.382450e+03 2.653470e+07 2.127989e+06 
6.533500e+03 2.668662e+07 1.872630e+06 

8.445750e+03 3.387000e+07 1.276793e+06 
9.859950e+03 4.084278e+07 9.518172e+05 
6.219050e+03 2.523082e+07 2.511027e+06 
9.817500e+03 4.047467e+07 1.027358e+06 
6.873200e+03 2.848245e+07 1.925829e+06 
6.904250e+03 2.852035e+07 1.787511e+06 
8.548200e+03 3.444298e+07 1.191674e+06 
6.247500e+03 2.541477e+07 2.468467e+06 
7.142800e+03 2.941844e+07 1.532152e+06 
6.942050e+03 2.870940e+07 1.702391e+06 
6.227100e+03 2.516854e+07 2.553587e+06 
8.656000e+03 3.436570e+07 1.191674e+06 
6.527650e+03 2.689802e+07 2.042869e+06 
6.887000e+03 2.839624e+07 1.872630e+06 
1.022590e+04 3.845680e+07 8.987604e+05 
6.491300e+03 2.664882e+07 2.127989e+06 
1.026810e+04 3.859764e+07 1.106554e+06 
6.935050e+03 2.845098e+07 1.840710e+06 
7.163200e+03 2.926913e+07 1.532152e+06 
8.398650e+03 3.336888e+07 1.319353e+06 
6.207500e+03 2.516514e+07 2.553587e+06 
7.210950e+03 2.909734e+07 1.659831e+06 
1.005105e+04 3.780659e+07 1.021435e+06 
6.552050e+03 2.686454e+07 2.042869e+06 
8.572050e+03 3.368110e+07 1.234234e+06 
6.485850e+03 2.668027e+07 2.127989e+06 
7.925350e+03 3.196165e+07 1.361913e+06 
6.995600e+03 2.838511e+07 1.872630e+06 
6.493200e+03 2.660828e+07 2.127989e+06 
8.790400e+03 3.501065e+07 1.149114e+06 
6.306800e+03 2.543161e+07 2.425907e+06 
9.656000e+03 4.050815e+07 1.027358e+06 
6.925150e+03 2.847895e+07 1.787511e+06 
6.952450e+03 2.829968e+07 1.925829e+06 
8.995000e+03 3.683119e+07 1.037375e+06 
6.200250e+03 2.543381e+07 2.298228e+06 
8.070400e+03 3.173245e+07 1.447032e+06 
6.630050e+03 2.727127e+07 1.957750e+06 
6.959650e+03 2.840710e+07 1.787511e+06 
7.081850e+03 2.911090e+07 1.617271e+06 
7.878550e+03 3.190609e+07 1.415112e+06 
6.460400e+03 2.651196e+07 2.213108e+06 
9.880700e+03 4.097691e+07 9.043945e+05 
6.243450e+03 2.516101e+07 2.553587e+06 
6.961750e+03 2.851276e+07 1.702391e+06 
7.339750e+03 3.026358e+07 1.532152e+06 
6.265750e+03 2.538151e+07 2.468467e+06 
6.247500e+03 2.539456e+07 2.468467e+06 
8.323550e+03 3.405766e+07 1.319353e+06 
8.776450e+03 3.582808e+07 1.106554e+06 

6.322450e+03 2.555979e+07 2.213108e+06 
7.947950e+03 3.134531e+07 1.361913e+06 
6.232000e+03 2.507640e+07 2.553587e+06 
6.809550e+03 2.753145e+07 1.702391e+06 
8.459300e+03 3.250508e+07 1.208656e+06 
7.142300e+03 2.893656e+07 1.670470e+06 
6.251000e+03 2.518515e+07 2.553587e+06 
9.251800e+03 3.811234e+07 9.895141e+05 
6.207500e+03 2.512652e+07 2.553587e+06 
6.281300e+03 2.526987e+07 2.383347e+06 
6.581900e+03 2.673666e+07 2.127989e+06 
7.286300e+03 2.909219e+07 1.447032e+06 
1.014380e+04 4.556422e+07 9.363151e+05 
7.270200e+03 2.884979e+07 1.532152e+06 
9.166950e+03 3.895182e+07 1.021435e+06 
8.084150e+03 3.129841e+07 1.284197e+06 
1.062620e+04 4.449637e+07 9.064920e+05 
1.143500e+04 4.619781e+07 9.029603e+05 
7.883300e+03 3.077192e+07 1.435279e+06 
6.214950e+03 2.509873e+07 2.553587e+06 
7.207400e+03 2.891532e+07 1.532152e+06 
6.743200e+03 2.686518e+07 1.872630e+06 
6.688000e+03 2.692098e+07 1.872630e+06 
6.744650e+03 2.683967e+07 1.957750e+06 
6.248500e+03 2.521768e+07 2.468467e+06 
6.896150e+03 2.749965e+07 1.702391e+06 
6.604250e+03 2.670538e+07 2.042869e+06 
6.295700e+03 2.538368e+07 2.298228e+06 
9.001650e+03 3.742946e+07 1.035103e+06 
8.823650e+03 3.461740e+07 1.191674e+06 
9.724150e+03 3.688742e+07 9.479465e+05 
6.211750e+03 2.511519e+07 2.553587e+06 
6.267800e+03 2.536737e+07 2.383347e+06 
6.714250e+03 2.709832e+07 1.787511e+06 
9.293200e+03 3.811259e+07 9.820330e+05 
7.167000e+03 2.885445e+07 1.617271e+06 
1.136030e+04 4.732429e+07 9.029603e+05 
8.944650e+03 3.557128e+07 1.106554e+06 
7.966150e+03 3.101995e+07 1.361913e+06 
9.719600e+03 3.771189e+07 9.479465e+05 
6.255400e+03 2.548344e+07 2.383347e+06 
1.037860e+04 4.336968e+07 9.363151e+05 
8.057750e+03 3.111862e+07 1.359738e+06 
7.926550e+03 3.127692e+07 1.404473e+06 
6.764900e+03 2.703044e+07 1.787511e+06 
6.227200e+03 2.507951e+07 2.553587e+06 
6.294900e+03 2.566600e+07 2.213108e+06 
7.197500e+03 2.878523e+07 1.617271e+06 
6.233500e+03 2.527183e+07 2.468467e+06 
6.708550e+03 2.690644e+07 1.957750e+06 

7.521950e+03 3.129450e+07 1.361913e+06 
8.052550e+03 3.360515e+07 1.191674e+06 
6.403050e+03 2.585519e+07 2.383347e+06 
7.003250e+03 2.958176e+07 1.840710e+06 
7.435700e+03 3.274158e+07 1.404473e+06 
8.052400e+03 3.446928e+07 1.106554e+06 
8.053350e+03 3.444734e+07 1.106554e+06 
7.985850e+03 3.307154e+07 1.276793e+06 
7.517900e+03 3.145051e+07 1.361913e+06 
6.663800e+03 2.772314e+07 2.127989e+06 
8.087450e+03 3.349323e+07 1.191674e+06 
7.080450e+03 2.990572e+07 1.532152e+06 
7.962050e+03 3.325604e+07 1.329992e+06 
6.392850e+03 2.586000e+07 2.383347e+06 
7.064400e+03 2.972113e+07 1.617271e+06 
6.843150e+03 2.864161e+07 1.957750e+06 
8.146850e+03 3.511016e+07 9.820330e+05 
7.379800e+03 3.220902e+07 1.489592e+06 
6.770100e+03 2.824721e+07 2.042869e+06 
6.623850e+03 2.766458e+07 2.213108e+06 
8.315150e+03 3.578465e+07 9.121750e+05 
6.319200e+03 2.576541e+07 2.468467e+06 
8.134450e+03 3.370162e+07 1.106554e+06 
8.032900e+03 3.405012e+07 1.191674e+06 
6.875250e+03 2.881764e+07 1.872630e+06 
7.438200e+03 3.115070e+07 1.447032e+06 
8.155250e+03 3.475470e+07 1.074634e+06 
8.048300e+03 3.452397e+07 1.159753e+06 
6.275800e+03 2.567056e+07 2.468467e+06 
6.809700e+03 2.809898e+07 2.042869e+06 
7.008300e+03 2.936816e+07 1.787511e+06 
7.061850e+03 3.006533e+07 1.617271e+06 
6.637200e+03 2.746811e+07 2.213108e+06 
8.163500e+03 3.502010e+07 9.820330e+05 
8.131850e+03 3.341886e+07 1.191674e+06 
7.439350e+03 3.259463e+07 1.404473e+06 
7.004750e+03 2.940103e+07 1.787511e+06 
8.337800e+03 3.536534e+07 9.121750e+05 
8.225950e+03 3.457057e+07 1.057574e+06 
8.198750e+03 3.411163e+07 1.329992e+06 
8.190000e+03 3.331495e+07 1.244873e+06 
8.109050e+03 3.484937e+07 1.021435e+06 
6.629650e+03 2.756376e+07 2.213108e+06 
6.296850e+03 2.562229e+07 2.468467e+06 
6.336150e+03 2.593620e+07 2.298228e+06 
6.358450e+03 2.590709e+07 2.383347e+06 
8.247950e+03 3.531334e+07 1.074634e+06 
8.262550e+03 3.434066e+07 1.021435e+06 
7.961700e+03 3.440386e+07 1.244873e+06 
7.033050e+03 2.941065e+07 1.702391e+06 

6.232250e+03 2.552012e+07 2.553587e+06 
7.367150e+03 3.053567e+07 1.435279e+06 
9.325850e+03 3.870922e+07 9.363151e+05 
6.687850e+03 2.718565e+07 1.957750e+06 
7.526400e+03 3.150431e+07 1.361913e+06 
6.238600e+03 2.548902e+07 2.553587e+06 
6.305700e+03 2.561043e+07 2.383347e+06 
6.248550e+03 2.553726e+07 2.553587e+06 
8.453950e+03 3.405009e+07 1.021435e+06 
7.128350e+03 2.935764e+07 1.532152e+06 
7.101950e+03 2.907796e+07 1.586361e+06 
8.357350e+03 3.381404e+07 1.057574e+06 
7.076950e+03 2.936729e+07 1.586361e+06 
7.868800e+03 3.294365e+07 1.133115e+06 
6.244900e+03 2.547389e+07 2.553587e+06 
7.890400e+03 3.247148e+07 1.208656e+06 
9.224500e+03 3.840902e+07 9.363151e+05 
9.382750e+03 3.870511e+07 8.511955e+05 
7.014150e+03 2.860501e+07 1.702391e+06 
8.666300e+03 3.509161e+07 9.426021e+05 
8.052500e+03 3.337679e+07 1.106554e+06 
6.349100e+03 2.575433e+07 2.298228e+06 
7.887600e+03 3.272466e+07 1.244873e+06 
6.962500e+03 2.821208e+07 1.787511e+06 
7.511100e+03 3.163951e+07 1.361913e+06 
7.006550e+03 2.873168e+07 1.702391e+06 
7.027750e+03 2.884644e+07 1.617271e+06 
6.376350e+03 2.576259e+07 2.383347e+06 
7.354750e+03 2.981581e+07 1.510820e+06 
7.215150e+03 2.956398e+07 1.510820e+06 
7.082850e+03 2.936387e+07 1.532152e+06 
7.314850e+03 2.945959e+07 1.510820e+06 
6.628900e+03 2.697949e+07 1.872630e+06 
8.644500e+03 3.470388e+07 9.820330e+05 
9.342700e+03 3.946714e+07 8.788104e+05 
6.611200e+03 2.702758e+07 1.872630e+06 
7.165250e+03 2.906222e+07 1.586361e+06 
6.386300e+03 2.613557e+07 2.213108e+06 
6.455050e+03 2.645604e+07 2.127989e+06 
6.547700e+03 2.677076e+07 1.957750e+06 
6.303200e+03 2.569898e+07 2.383347e+06 
6.237150e+03 2.551641e+07 2.553587e+06 
6.337300e+03 2.575499e+07 2.298228e+06 
8.051350e+03 3.315281e+07 1.133115e+06 
8.058500e+03 3.278965e+07 1.106554e+06 
7.165150e+03 2.976239e+07 1.510820e+06 
6.304800e+03 2.564629e+07 2.383347e+06 
7.052900e+03 2.956185e+07 1.586361e+06 
6.260400e+03 2.554706e+07 2.468467e+06 
7.564800e+03 3.189623e+07 1.359738e+06 

9.837350e+03 4.154413e+07 8.809373e+05 
6.996700e+03 2.828306e+07 1.532152e+06 
8.783900e+03 3.511620e+07 1.117193e+06 
6.871450e+03 2.841790e+07 1.702391e+06 
7.442500e+03 2.976965e+07 1.435279e+06 
9.051800e+03 3.746341e+07 9.211174e+05 
6.235600e+03 2.553634e+07 2.553587e+06 
7.376750e+03 2.996536e+07 1.435279e+06 
7.707000e+03 3.094188e+07 1.276793e+06 
6.946150e+03 2.815630e+07 1.659831e+06 
6.618650e+03 2.727506e+07 1.957750e+06 
6.377650e+03 2.606910e+07 2.213108e+06 
7.887050e+03 3.188730e+07 1.133115e+06 
6.258950e+03 2.564416e+07 2.383347e+06 
7.553300e+03 3.059233e+07 1.359738e+06 
6.380500e+03 2.632117e+07 2.127989e+06 
6.244850e+03 2.549824e+07 2.468467e+06 
7.567450e+03 3.075705e+07 1.329992e+06 
7.068550e+03 2.852738e+07 1.510820e+06 
8.975200e+03 3.775083e+07 9.363151e+05 
6.356150e+03 2.627008e+07 2.213108e+06 
6.718850e+03 2.746478e+07 1.872630e+06 
7.578850e+03 3.067884e+07 1.284197e+06 
9.741550e+03 4.019681e+07 8.987604e+05 
6.381950e+03 2.624882e+07 2.127989e+06 
9.043950e+03 3.724372e+07 9.568890e+05 
6.935150e+03 2.827735e+07 1.702391e+06 
6.260100e+03 2.560276e+07 2.468467e+06 
8.904000e+03 3.729099e+07 9.568890e+05 
8.728150e+03 3.515503e+07 1.057574e+06 
6.884650e+03 2.816676e+07 1.744951e+06 
6.274900e+03 2.557344e+07 2.298228e+06 
7.482350e+03 2.993187e+07 1.361913e+06 
6.274250e+03 2.566146e+07 2.298228e+06 
7.572500e+03 3.058793e+07 1.329992e+06 
7.068650e+03 2.855682e+07 1.447032e+06 
7.467000e+03 3.012534e+07 1.404473e+06 
8.715750e+03 3.530118e+07 1.032074e+06 
9.657400e+03 4.033334e+07 8.987604e+05 
6.414450e+03 2.642418e+07 2.042869e+06 
6.357200e+03 2.610310e+07 2.213108e+06 
6.655800e+03 2.722793e+07 1.957750e+06 
6.735500e+03 2.769006e+07 1.787511e+06 
6.387650e+03 2.619873e+07 2.127989e+06 
6.409250e+03 2.643480e+07 2.042869e+06 
7.581600e+03 3.034309e+07 1.359738e+06 
6.631750e+03 2.724165e+07 2.000309e+06 
6.929000e+03 2.802233e+07 1.744951e+06 
8.693250e+03 3.556400e+07 9.820330e+05 
7.956550e+03 3.171914e+07 1.244873e+06 

6.699800e+03 2.795393e+07 2.127989e+06 
7.919000e+03 3.236238e+07 1.447032e+06 
7.957550e+03 3.321094e+07 1.404473e+06 
8.002250e+03 3.388136e+07 1.133115e+06 
9.299550e+03 3.801698e+07 1.021435e+06 
7.901150e+03 3.357907e+07 1.234234e+06 
7.722850e+03 3.130451e+07 1.532152e+06 
8.501050e+03 3.362017e+07 1.191674e+06 
8.019800e+03 3.275707e+07 1.361913e+06 
6.212900e+03 2.544545e+07 2.553587e+06 
6.227600e+03 2.534989e+07 2.468467e+06 
6.781500e+03 2.830610e+07 1.872630e+06 
9.370750e+03 3.883963e+07 9.820330e+05 
6.787600e+03 2.811229e+07 1.872630e+06 
6.236950e+03 2.548670e+07 2.383347e+06 
9.613600e+03 3.964043e+07 8.511955e+05 
9.298150e+03 3.878863e+07 1.021435e+06 
7.885800e+03 3.358272e+07 1.319353e+06 
6.673200e+03 2.764592e+07 2.213108e+06 
6.723250e+03 2.771067e+07 1.957750e+06 
8.012450e+03 3.192384e+07 1.447032e+06 
7.105750e+03 2.918230e+07 1.787511e+06 
6.279950e+03 2.562509e+07 2.298228e+06 
6.220600e+03 2.564681e+07 2.468467e+06 
8.203850e+03 3.207520e+07 1.361913e+06 
6.729150e+03 2.762249e+07 1.957750e+06 
6.238500e+03 2.546714e+07 2.383347e+06 
9.388450e+03 3.981962e+07 9.064920e+05 
7.428450e+03 3.039878e+07 1.617271e+06 
8.136650e+03 3.207901e+07 1.361913e+06 
9.241750e+03 3.825567e+07 1.057574e+06 
7.946000e+03 3.330387e+07 1.361913e+06 
6.224400e+03 2.539925e+07 2.468467e+06 
8.157000e+03 3.303090e+07 1.284197e+06 
6.241200e+03 2.538314e+07 2.383347e+06 
8.144950e+03 3.251581e+07 1.359738e+06 
6.247600e+03 2.543078e+07 2.383347e+06 
8.093400e+03 3.307355e+07 1.276793e+06 
8.981250e+03 3.895444e+07 1.057574e+06 
8.060950e+03 3.233759e+07 1.415112e+06 
7.290600e+03 3.023886e+07 1.702391e+06 
8.699350e+03 3.746096e+07 1.106554e+06 
6.316950e+03 2.560147e+07 2.298228e+06 
6.701350e+03 2.772012e+07 2.127989e+06 
7.073500e+03 2.919454e+07 1.787511e+06 
7.866400e+03 3.359357e+07 1.404473e+06 
8.099900e+03 3.266786e+07 1.361913e+06 
8.132550e+03 3.210650e+07 1.361913e+06 
6.704650e+03 2.778392e+07 2.042869e+06 
7.434100e+03 3.003378e+07 1.702391e+06 

7.029300e+03 2.950076e+07 1.361913e+06 
6.371500e+03 2.588922e+07 2.127989e+06 
6.815150e+03 2.783777e+07 1.617271e+06 
9.210900e+03 3.905698e+07 9.820330e+05 
9.082350e+03 3.896260e+07 1.021435e+06 
1.086120e+04 4.380644e+07 9.064920e+05 
6.949700e+03 2.879860e+07 1.585351e+06 
6.965200e+03 2.912312e+07 1.447032e+06 
8.823650e+03 3.519935e+07 1.057574e+06 
9.164400e+03 3.860489e+07 1.021435e+06 
6.942200e+03 2.854139e+07 1.586361e+06 
6.287400e+03 2.563927e+07 2.468467e+06 
6.915100e+03 2.881117e+07 1.586361e+06 
6.931000e+03 2.871856e+07 1.586361e+06 
6.282600e+03 2.564279e+07 2.468467e+06 
6.299300e+03 2.563340e+07 2.383347e+06 
6.315850e+03 2.574075e+07 2.213108e+06 
7.846500e+03 3.296881e+07 1.208656e+06 
7.078400e+03 2.963851e+07 1.361913e+06 
7.935800e+03 3.360776e+07 1.284197e+06 
6.645700e+03 2.721481e+07 1.702391e+06 
6.641600e+03 2.708085e+07 1.957750e+06 
8.560850e+03 3.483104e+07 1.191674e+06 
6.300200e+03 2.562786e+07 2.383347e+06 
6.908950e+03 2.885161e+07 1.532152e+06 
6.996800e+03 2.920455e+07 1.435279e+06 
6.504050e+03 2.623819e+07 2.042869e+06 
6.938000e+03 2.897379e+07 1.510820e+06 
8.606750e+03 3.427056e+07 1.191674e+06 
9.050650e+03 3.791868e+07 1.057574e+06 
6.298800e+03 2.582703e+07 2.298228e+06 
9.465300e+03 4.096273e+07 1.021435e+06 
7.364350e+03 3.064911e+07 1.359738e+06 
7.413450e+03 3.144684e+07 1.284197e+06 
6.301850e+03 2.559022e+07 2.298228e+06 
6.575500e+03 2.659601e+07 2.042869e+06 
7.386350e+03 3.120541e+07 1.329992e+06 
6.621150e+03 2.715569e+07 1.872630e+06 
6.280200e+03 2.566099e+07 2.383347e+06 
6.627650e+03 2.712248e+07 1.872630e+06 
6.294950e+03 2.560897e+07 2.468467e+06 
6.949050e+03 2.887435e+07 1.510820e+06 
7.451300e+03 3.116861e+07 1.329992e+06 
6.668450e+03 2.730607e+07 1.702391e+06 
6.310600e+03 2.561944e+07 2.298228e+06 
7.301600e+03 3.106208e+07 1.359738e+06 
6.271550e+03 2.564764e+07 2.468467e+06 
8.564700e+03 3.448772e+07 1.106554e+06 
9.378450e+03 4.045713e+07 9.363151e+05 
7.275750e+03 3.106750e+07 1.359738e+06 

7.386750e+03 3.034620e+07 1.447032e+06 
7.607100e+03 3.074373e+07 1.435279e+06 
7.298700e+03 3.004839e+07 1.510820e+06 
6.430150e+03 2.616064e+07 2.213108e+06 
6.479850e+03 2.670544e+07 1.957750e+06 
7.762700e+03 3.181198e+07 1.359738e+06 
9.163050e+03 3.721536e+07 9.064920e+05 
6.826250e+03 2.798802e+07 1.872630e+06 
6.241100e+03 2.526523e+07 2.468467e+06 
8.931450e+03 3.665368e+07 9.895141e+05 
8.642250e+03 3.382081e+07 1.074634e+06 
7.291550e+03 3.010580e+07 1.510820e+06 
1.038590e+04 4.396717e+07 8.922064e+05 
7.517850e+03 3.100327e+07 1.435279e+06 
6.372800e+03 2.557500e+07 2.298228e+06 
8.595750e+03 3.395394e+07 1.070340e+06 
8.007450e+03 3.220426e+07 1.208656e+06 
8.974700e+03 3.637254e+07 9.363151e+05 
7.396100e+03 2.998779e+07 1.510820e+06 
6.309050e+03 2.535986e+07 2.383347e+06 
8.842250e+03 3.539514e+07 1.057574e+06 
8.274900e+03 3.354946e+07 1.191674e+06 
6.868300e+03 2.766880e+07 1.872630e+06 
6.483400e+03 2.643381e+07 1.957750e+06 
9.196250e+03 3.635915e+07 9.363151e+05 
6.498600e+03 2.631515e+07 2.127989e+06 
8.298650e+03 3.355750e+07 1.149114e+06 
8.568350e+03 3.387605e+07 1.106554e+06 
6.248850e+03 2.565995e+07 2.383347e+06 
6.855100e+03 2.774460e+07 1.872630e+06 
6.990150e+03 2.848744e+07 1.617271e+06 
7.048200e+03 2.857865e+07 1.532152e+06 
8.322050e+03 3.325399e+07 1.133115e+06 
6.251700e+03 2.543854e+07 2.383347e+06 
8.779500e+03 3.633577e+07 1.021435e+06 
6.852500e+03 2.794111e+07 1.702391e+06 
9.110150e+03 3.670188e+07 9.143481e+05 
6.870000e+03 2.790134e+07 1.787511e+06 
6.415950e+03 2.631491e+07 2.213108e+06 
7.759650e+03 3.215657e+07 1.329992e+06 
7.054200e+03 2.848249e+07 1.617271e+06 
6.473200e+03 2.672799e+07 2.042869e+06 
6.239650e+03 2.529357e+07 2.468467e+06 
7.445800e+03 3.025556e+07 1.447032e+06 
7.628300e+03 3.150468e+07 1.361913e+06 
6.504900e+03 2.641084e+07 2.042869e+06 
7.778050e+03 3.227278e+07 1.284197e+06 
6.299600e+03 2.560061e+07 2.298228e+06 
6.431450e+03 2.632102e+07 2.127989e+06 
6.239100e+03 2.532584e+07 2.553587e+06 

6.258350e+03 2.545452e+07 2.298228e+06 
6.738100e+03 2.758871e+07 1.702391e+06 
9.068550e+03 3.621370e+07 1.021435e+06 
6.672800e+03 2.721542e+07 1.872630e+06 
7.306350e+03 2.971674e+07 1.361913e+06 
8.606950e+03 3.401210e+07 1.057574e+06 
6.959500e+03 2.881713e+07 1.586361e+06 
6.660950e+03 2.745729e+07 1.787511e+06 
6.249200e+03 2.512179e+07 2.468467e+06 
6.224550e+03 2.540980e+07 2.468467e+06 
8.391650e+03 3.381563e+07 1.106554e+06 
6.280500e+03 2.541351e+07 2.298228e+06 
6.712400e+03 2.718881e+07 1.872630e+06 
7.963850e+03 3.186621e+07 1.133115e+06 
7.440750e+03 3.018139e+07 1.208656e+06 
7.254600e+03 2.938594e+07 1.447032e+06 
6.323100e+03 2.545412e+07 2.213108e+06 
6.232250e+03 2.526532e+07 2.468467e+06 
8.401100e+03 3.380869e+07 1.106554e+06 
6.250250e+03 2.536312e+07 2.383347e+06 
8.550750e+03 3.411558e+07 1.030698e+06 
7.349100e+03 2.966504e+07 1.284197e+06 
7.339450e+03 2.981611e+07 1.276793e+06 
7.335700e+03 2.989097e+07 1.319353e+06 
6.229350e+03 2.509863e+07 2.553587e+06 
6.682500e+03 2.719900e+07 1.872630e+06 
6.276450e+03 2.531244e+07 2.383347e+06 
6.448200e+03 2.607780e+07 2.042869e+06 
6.247850e+03 2.523676e+07 2.553587e+06 
7.436150e+03 3.055779e+07 1.276793e+06 
6.633550e+03 2.726564e+07 1.872630e+06 
8.531150e+03 3.425198e+07 1.057574e+06 
6.373800e+03 2.566945e+07 2.127989e+06 
9.332050e+03 3.825618e+07 9.820330e+05 
6.567450e+03 2.652638e+07 1.957750e+06 
6.237750e+03 2.518650e+07 2.468467e+06 
7.381550e+03 2.980523e+07 1.234234e+06 
6.748850e+03 2.774581e+07 1.617271e+06 
6.217450e+03 2.516969e+07 2.553587e+06 
6.353500e+03 2.573152e+07 2.127989e+06 
6.309200e+03 2.549564e+07 2.213108e+06 
7.322900e+03 2.962619e+07 1.361913e+06 
9.356750e+03 3.769473e+07 9.479465e+05 
6.293550e+03 2.527854e+07 2.383347e+06 
7.792500e+03 3.153528e+07 1.149114e+06 
9.519900e+03 3.719912e+07 9.954608e+05 
7.316750e+03 2.970135e+07 1.361913e+06 
6.620450e+03 2.746870e+07 1.872630e+06 
7.450150e+03 3.016920e+07 1.208656e+06 
6.222800e+03 2.512652e+07 2.553587e+06 

