7.773950e+03 3.119492e+07 1.133115e+06 
9.510100e+03 3.690915e+07 8.585176e+05 
7.805950e+03 3.115722e+07 1.191674e+06 
7.007050e+03 2.857942e+07 1.532152e+06 
7.127650e+03 2.869598e+07 1.532152e+06 
7.574300e+03 3.114415e+07 1.208656e+06 
6.537500e+03 2.662456e+07 2.213108e+06 
7.517700e+03 3.072542e+07 1.284197e+06 
7.209700e+03 3.065224e+07 1.447032e+06 
9.562150e+03 3.688817e+07 8.511955e+05 
8.560700e+03 3.458727e+07 9.345320e+05 
6.936450e+03 2.799886e+07 1.617271e+06 
6.327250e+03 2.592462e+07 2.383347e+06 
6.954500e+03 2.856850e+07 1.702391e+06 
7.011000e+03 2.848565e+07 1.532152e+06 
6.872500e+03 2.766638e+07 1.702391e+06 
8.276150e+03 3.308229e+07 1.074634e+06 
8.328300e+03 3.312801e+07 9.514126e+05 
8.445700e+03 3.332900e+07 9.690314e+05 
7.840450e+03 3.138474e+07 1.106554e+06 
7.218700e+03 2.916744e+07 1.435279e+06 
8.599650e+03 3.510497e+07 9.064920e+05 
9.299350e+03 3.627922e+07 8.937553e+05 
8.617200e+03 3.474198e+07 9.064920e+05 
6.574350e+03 2.691991e+07 1.872630e+06 
7.979450e+03 3.251516e+07 1.106554e+06 
6.571300e+03 2.714008e+07 1.957750e+06 
9.681300e+03 3.726989e+07 8.501059e+05 
6.899300e+03 2.838757e+07 1.617271e+06 
9.501350e+03 3.641783e+07 8.721289e+05 
7.888650e+03 3.234695e+07 1.191674e+06 
7.833100e+03 3.199899e+07 1.106554e+06 
7.553700e+03 3.097601e+07 1.276793e+06 
7.992900e+03 3.173547e+07 1.021435e+06 
7.086400e+03 2.899796e+07 1.447032e+06 
8.603750e+03 3.505228e+07 9.064920e+05 
7.025550e+03 2.953255e+07 1.447032e+06 
8.774050e+03 3.555787e+07 8.987604e+05 
6.563600e+03 2.718579e+07 1.872630e+06 
8.567200e+03 3.456076e+07 9.363151e+05 
8.294900e+03 3.269154e+07 9.690314e+05 
9.526900e+03 3.686723e+07 8.853436e+05 
8.527200e+03 3.461960e+07 9.249854e+05 
8.601750e+03 3.447369e+07 9.143481e+05 
9.300850e+03 3.591131e+07 8.853436e+05 
7.425700e+03 3.050203e+07 1.284197e+06 
8.617700e+03 3.473415e+07 9.043945e+05 
6.429000e+03 2.642410e+07 2.127989e+06 
7.810500e+03 3.240693e+07 1.276793e+06 
8.283000e+03 3.298064e+07 9.690314e+05 
8.601100e+03 3.450362e+07 9.363151e+05 
6.853950e+03 2.832511e+07 1.702391e+06 
6.929750e+03 2.821912e+07 1.617271e+06 
8.044050e+03 3.251603e+07 9.820330e+05 
7.947750e+03 3.189494e+07 1.057574e+06 
8.113400e+03 3.228362e+07 9.820330e+05 
7.160500e+03 2.932023e+07 1.435279e+06 
8.910300e+03 3.649142e+07 9.064920e+05 
6.212000e+03 2.529807e+07 2.468467e+06 
8.321300e+03 3.319999e+07 1.021435e+06 
7.428800e+03 3.037143e+07 1.284197e+06 
9.460150e+03 3.667932e+07 8.721289e+05 
6.280300e+03 2.557901e+07 2.383347e+06 
6.259950e+03 2.561342e+07 2.383347e+06 
6.323100e+03 2.577731e+07 2.213108e+06 
8.019650e+03 3.204651e+07 1.106554e+06 
6.204650e+03 2.544075e+07 2.553587e+06 
7.404700e+03 2.989251e+07 1.359738e+06 
7.253150e+03 2.988526e+07 1.447032e+06 
7.900250e+03 3.179113e+07 1.191674e+06 
7.118800e+03 2.946675e+07 1.532152e+06 
6.216100e+03 2.537442e+07 2.553587e+06 
7.961000e+03 3.177966e+07 1.074634e+06 
6.225950e+03 2.541510e+07 2.468467e+06 
7.958650e+03 3.227953e+07 1.021435e+06 
8.199800e+03 3.330677e+07 1.057574e+06 
9.643400e+03 3.740885e+07 8.585176e+05 
8.605700e+03 3.483230e+07 9.117708e+05 
7.104250e+03 2.896246e+07 1.617271e+06 
6.262850e+03 2.564248e+07 2.298228e+06 
7.760000e+03 3.144442e+07 1.133115e+06 
6.603650e+03 2.708718e+07 2.042869e+06 
6.822100e+03 2.758726e+07 1.787511e+06 
6.301650e+03 2.560799e+07 2.298228e+06 
7.240100e+03 2.962727e+07 1.361913e+06 
7.156400e+03 3.034389e+07 1.361913e+06 
7.679100e+03 3.197029e+07 1.191674e+06 
7.321200e+03 2.990350e+07 1.359738e+06 
7.981050e+03 3.208883e+07 1.021435e+06 
8.611300e+03 3.497951e+07 9.043945e+05 
6.424250e+03 2.649293e+07 2.127989e+06 
7.178850e+03 3.008680e+07 1.361913e+06 
7.966500e+03 3.170355e+07 1.064204e+06 
7.152400e+03 2.951417e+07 1.435279e+06 
8.095850e+03 3.250102e+07 9.926605e+05 
6.488650e+03 2.663469e+07 1.957750e+06 
6.776900e+03 2.761794e+07 1.787511e+06 
6.301500e+03 2.594744e+07 2.383347e+06 
7.231600e+03 2.928929e+07 1.415112e+06 
6.436100e+03 2.619386e+07 2.298228e+06 

7.744300e+03 3.261062e+07 9.524178e+05 
7.691450e+03 3.234413e+07 9.524178e+05 
7.698400e+03 3.230165e+07 9.524178e+05 
7.837650e+03 3.369078e+07 9.363151e+05 
7.760400e+03 3.266770e+07 9.166462e+05 
6.418750e+03 2.594577e+07 2.298228e+06 
7.432250e+03 3.178047e+07 1.106554e+06 
8.395450e+03 3.540396e+07 8.511955e+05 
7.609050e+03 3.229977e+07 9.820330e+05 
7.148750e+03 2.947808e+07 1.359738e+06 
6.963400e+03 2.882114e+07 1.361913e+06 
8.311700e+03 3.391481e+07 9.064920e+05 
6.371500e+03 2.608902e+07 2.298228e+06 
6.306700e+03 2.587969e+07 2.553587e+06 
7.084300e+03 2.902583e+07 1.359738e+06 
7.762500e+03 3.219693e+07 9.820330e+05 
6.362850e+03 2.575339e+07 2.383347e+06 
7.560350e+03 3.221625e+07 1.021435e+06 
6.839950e+03 2.822462e+07 1.532152e+06 
6.722450e+03 2.775820e+07 1.702391e+06 
7.691000e+03 3.234527e+07 9.382001e+05 
7.765050e+03 3.204069e+07 9.881893e+05 
7.468400e+03 3.157011e+07 1.057574e+06 
6.721350e+03 2.793558e+07 1.702391e+06 
6.757300e+03 2.782067e+07 1.617271e+06 
6.760400e+03 2.759874e+07 1.617271e+06 
7.298300e+03 3.063933e+07 1.276793e+06 
7.656550e+03 3.207267e+07 1.021435e+06 
6.372950e+03 2.577039e+07 2.468467e+06 
6.771050e+03 2.815027e+07 1.617271e+06 
7.442100e+03 3.078872e+07 1.284197e+06 
6.456250e+03 2.652944e+07 2.213108e+06 
7.193950e+03 2.980991e+07 1.284197e+06 
7.580600e+03 3.210326e+07 9.881893e+05 
7.607300e+03 3.170797e+07 1.021435e+06 
7.324300e+03 3.061655e+07 1.208656e+06 
6.286350e+03 2.580908e+07 2.383347e+06 
6.337100e+03 2.593163e+07 2.468467e+06 
6.501050e+03 2.686833e+07 1.957750e+06 
7.398500e+03 3.040891e+07 1.208656e+06 
6.670600e+03 2.730805e+07 1.702391e+06 
6.795150e+03 2.807872e+07 1.617271e+06 
6.429300e+03 2.648309e+07 2.042869e+06 
6.737150e+03 2.803958e+07 1.532152e+06 
8.749650e+03 3.521363e+07 8.309510e+05 
6.283350e+03 2.573945e+07 2.468467e+06 
7.656250e+03 3.234706e+07 9.363151e+05 
6.787800e+03 2.777010e+07 1.510820e+06 
6.463250e+03 2.616269e+07 2.298228e+06 
6.807950e+03 2.801738e+07 1.447032e+06 
7.545100e+03 3.225833e+07 1.021435e+06 
7.587600e+03 3.201157e+07 1.021435e+06 
7.322900e+03 3.079088e+07 1.208656e+06 
6.773000e+03 2.734218e+07 1.787511e+06 
7.320250e+03 3.012972e+07 1.276793e+06 
7.384850e+03 3.121797e+07 1.191674e+06 
6.924150e+03 2.841571e+07 1.435279e+06 
6.930600e+03 2.863379e+07 1.447032e+06 
6.371600e+03 2.594868e+07 2.298228e+06 
8.518850e+03 3.426686e+07 8.406318e+05 
7.661500e+03 3.246670e+07 9.820330e+05 
8.504550e+03 3.424618e+07 9.043945e+05 
6.993250e+03 2.887570e+07 1.361913e+06 
6.377050e+03 2.629214e+07 2.213108e+06 
6.409600e+03 2.649202e+07 2.298228e+06 
6.590700e+03 2.730133e+07 1.872630e+06 
8.299150e+03 3.376477e+07 9.064920e+05 
6.451400e+03 2.661812e+07 2.042869e+06 
7.474250e+03 3.073362e+07 1.284197e+06 
6.518800e+03 2.673964e+07 1.872630e+06 
6.921200e+03 2.845028e+07 1.435279e+06 
7.427150e+03 3.129720e+07 1.133115e+06 
6.513650e+03 2.658804e+07 1.957750e+06 
7.478750e+03 3.154536e+07 1.106554e+06 
6.314550e+03 2.588240e+07 2.383347e+06 
6.756250e+03 2.798859e+07 1.532152e+06 
6.668050e+03 2.750246e+07 1.830070e+06 
6.454700e+03 2.655666e+07 2.213108e+06 
7.047750e+03 2.906237e+07 1.359738e+06 
7.416550e+03 3.120784e+07 1.133115e+06 
8.451900e+03 3.545035e+07 8.406318e+05 
6.769100e+03 2.763319e+07 1.532152e+06 
6.724050e+03 2.819485e+07 1.617271e+06 
8.424450e+03 3.425694e+07 8.724740e+05 
6.820900e+03 2.801176e+07 1.447032e+06 
6.440200e+03 2.621125e+07 2.298228e+06 
7.317500e+03 3.021451e+07 1.276793e+06 
6.466350e+03 2.628147e+07 2.213108e+06 
6.432550e+03 2.640502e+07 2.298228e+06 
6.478250e+03 2.666907e+07 1.957750e+06 
6.489850e+03 2.631826e+07 2.127989e+06 
6.431900e+03 2.618630e+07 2.213108e+06 
7.410850e+03 3.082907e+07 1.208656e+06 
6.360150e+03 2.618366e+07 2.298228e+06 
7.478850e+03 3.149988e+07 1.106554e+06 
7.316650e+03 3.031066e+07 1.276793e+06 
7.472000e+03 3.165935e+07 1.106554e+06 
6.627000e+03 2.709049e+07 1.872630e+06 
7.464200e+03 3.175571e+07 1.106554e+06 
6.463100e+03 2.638497e+07 2.127989e+06 

6.600050e+03 2.705579e+07 1.957750e+06 
7.157300e+03 2.924489e+07 1.361913e+06 
7.271300e+03 2.957379e+07 1.276793e+06 
7.196350e+03 2.920189e+07 1.361913e+06 
6.601450e+03 2.736485e+07 1.872630e+06 
7.765500e+03 3.147063e+07 1.057574e+06 
6.614150e+03 2.733463e+07 1.872630e+06 
7.748600e+03 3.148567e+07 1.074634e+06 
7.322750e+03 3.073215e+07 1.191674e+06 
7.414900e+03 3.038638e+07 1.133115e+06 
7.166800e+03 2.955613e+07 1.359738e+06 
6.689250e+03 2.770781e+07 1.702391e+06 
7.266300e+03 3.028682e+07 1.208656e+06 
6.357800e+03 2.617814e+07 2.127989e+06 
8.005500e+03 3.259400e+07 9.345320e+05 
7.419950e+03 3.013185e+07 1.191674e+06 
9.335150e+03 4.097462e+07 8.309510e+05 
7.928500e+03 3.223077e+07 9.703035e+05 
7.579700e+03 3.166102e+07 1.057574e+06 
6.631750e+03 2.703308e+07 1.957750e+06 
7.814950e+03 3.169313e+07 1.021435e+06 
7.862250e+03 3.188991e+07 9.820330e+05 
7.340950e+03 3.086933e+07 1.133115e+06 
7.006100e+03 2.907302e+07 1.510820e+06 
6.668600e+03 2.792226e+07 1.787511e+06 
6.708100e+03 2.785037e+07 1.617271e+06 
6.408600e+03 2.611313e+07 2.127989e+06 
7.026450e+03 2.887710e+07 1.510820e+06 
7.128150e+03 2.966287e+07 1.359738e+06 
7.948350e+03 3.187869e+07 9.820330e+05 
7.828550e+03 3.160898e+07 1.021435e+06 
7.738100e+03 3.156867e+07 1.074634e+06 
8.291800e+03 3.382425e+07 8.406318e+05 
6.626900e+03 2.729808e+07 1.872630e+06 
7.852850e+03 3.185751e+07 1.006075e+06 
8.280400e+03 3.403886e+07 8.406318e+05 
7.022750e+03 2.906030e+07 1.510820e+06 
7.134200e+03 3.015017e+07 1.276793e+06 
6.948200e+03 2.918231e+07 1.447032e+06 
7.751200e+03 3.151399e+07 1.057574e+06 
6.865950e+03 2.910177e+07 1.532152e+06 
6.562150e+03 2.705827e+07 1.957750e+06 
6.904900e+03 2.879619e+07 1.532152e+06 
7.125850e+03 3.020274e+07 1.284197e+06 
8.140650e+03 3.361087e+07 8.928706e+05 
6.361700e+03 2.586703e+07 2.213108e+06 
6.317850e+03 2.588337e+07 2.298228e+06 
7.156100e+03 3.013623e+07 1.284197e+06 
7.426250e+03 3.007702e+07 1.208656e+06 
7.355500e+03 3.051568e+07 1.191674e+06 
9.314650e+03 4.110874e+07 8.309510e+05 
8.011250e+03 3.305811e+07 9.064920e+05 
7.132850e+03 2.907848e+07 1.447032e+06 
8.008950e+03 3.322015e+07 9.820330e+05 
6.308550e+03 2.590455e+07 2.298228e+06 
6.273550e+03 2.598270e+07 2.383347e+06 
6.336500e+03 2.591192e+07 2.213108e+06 
7.922050e+03 3.246327e+07 9.703035e+05 
7.834950e+03 3.192408e+07 9.820330e+05 
6.543350e+03 2.693091e+07 2.042869e+06 
7.153900e+03 2.906844e+07 1.447032e+06 
8.189500e+03 3.344756e+07 8.511955e+05 
6.889450e+03 2.900505e+07 1.532152e+06 
6.282300e+03 2.593838e+07 2.383347e+06 
7.084600e+03 2.995201e+07 1.361913e+06 
7.153600e+03 3.013648e+07 1.284197e+06 
7.928750e+03 3.216421e+07 9.703035e+05 
7.204600e+03 2.896131e+07 1.447032e+06 
7.951350e+03 3.315565e+07 9.064920e+05 
6.830000e+03 2.836167e+07 1.702391e+06 
8.061300e+03 3.335492e+07 9.064920e+05 
6.268750e+03 2.561234e+07 2.553587e+06 
7.731150e+03 3.171960e+07 1.021435e+06 
6.936200e+03 2.912155e+07 1.510820e+06 
7.211550e+03 2.926411e+07 1.284197e+06 
9.686700e+03 3.993812e+07 8.309510e+05 
7.155750e+03 2.927379e+07 1.435279e+06 
6.320800e+03 2.622826e+07 2.468467e+06 
7.365850e+03 3.037463e+07 1.191674e+06 
6.234050e+03 2.566775e+07 2.553587e+06 
6.923800e+03 2.922770e+07 1.510820e+06 
6.241450e+03 2.562782e+07 2.468467e+06 
6.536200e+03 2.727064e+07 2.042869e+06 
6.320300e+03 2.578181e+07 2.298228e+06 
7.964050e+03 3.309914e+07 9.363151e+05 
6.297050e+03 2.560848e+07 2.383347e+06 
7.358100e+03 3.027491e+07 1.208656e+06 
6.721300e+03 2.782270e+07 1.872630e+06 
6.246750e+03 2.581006e+07 2.553587e+06 
6.244950e+03 2.562039e+07 2.553587e+06 
6.256750e+03 2.558313e+07 2.468467e+06 
6.675300e+03 2.757649e+07 1.787511e+06 
6.723250e+03 2.768010e+07 1.702391e+06 
6.955950e+03 2.872136e+07 1.532152e+06 
7.464650e+03 3.052319e+07 1.106554e+06 
6.687600e+03 2.782413e+07 1.702391e+06 
6.965650e+03 2.916342e+07 1.447032e+06 
7.168550e+03 3.051199e+07 1.208656e+06 
6.283850e+03 2.568216e+07 2.383347e+06 
6.923750e+03 2.934022e+07 1.447032e+06 

8.737200e+03 3.676385e+07 9.043945e+05 
8.743650e+03 3.632264e+07 8.764034e+05 
8.293550e+03 3.427953e+07 9.820330e+05 
8.400400e+03 3.502108e+07 9.363151e+05 
8.283950e+03 3.481760e+07 1.021435e+06 
8.636300e+03 3.559748e+07 9.211174e+05 
8.389050e+03 3.298820e+07 1.057574e+06 
8.501500e+03 3.489958e+07 9.363151e+05 
7.196450e+03 2.889801e+07 1.361913e+06 
6.420200e+03 2.656346e+07 2.042869e+06 
6.155300e+03 2.510358e+07 2.468467e+06 
6.434050e+03 2.634945e+07 1.872630e+06 
7.438050e+03 3.192287e+07 1.191674e+06 
8.467100e+03 3.454786e+07 1.021435e+06 
6.361550e+03 2.632857e+07 2.127989e+06 
7.123850e+03 2.915890e+07 1.359738e+06 
7.262050e+03 3.006797e+07 1.276793e+06 
7.329200e+03 3.059322e+07 1.208656e+06 
7.134950e+03 2.941382e+07 1.359738e+06 
8.005400e+03 3.428844e+07 9.820330e+05 
6.172100e+03 2.509321e+07 2.553587e+06 
6.238600e+03 2.530129e+07 2.298228e+06 
7.510300e+03 3.190901e+07 1.191674e+06 
6.492350e+03 2.726735e+07 1.617271e+06 
7.834250e+03 3.345042e+07 1.057574e+06 
8.381950e+03 3.507509e+07 9.363151e+05 
8.619800e+03 3.594288e+07 9.064920e+05 
6.522400e+03 2.689222e+07 1.702391e+06 
6.513800e+03 2.689991e+07 1.787511e+06 
6.509950e+03 2.693125e+07 1.617271e+06 
7.155900e+03 2.891303e+07 1.435279e+06 
7.065450e+03 2.869243e+07 1.447032e+06 
6.502800e+03 2.717110e+07 1.532152e+06 
6.443550e+03 2.677058e+07 1.787511e+06 
7.135850e+03 2.879033e+07 1.415112e+06 
6.604000e+03 2.763779e+07 1.447032e+06 
7.807400e+03 3.388308e+07 1.057574e+06 
6.185750e+03 2.506102e+07 2.468467e+06 
6.566700e+03 2.668492e+07 1.787511e+06 
6.534850e+03 2.714614e+07 1.532152e+06 
7.338700e+03 3.036867e+07 1.208656e+06 
6.169350e+03 2.519087e+07 2.383347e+06 
6.466500e+03 2.676933e+07 1.702391e+06 
8.526500e+03 3.470325e+07 9.363151e+05 
6.174850e+03 2.538808e+07 2.468467e+06 
6.470550e+03 2.691176e+07 1.787511e+06 
7.236050e+03 3.009396e+07 1.276793e+06 
6.184750e+03 2.508349e+07 2.468467e+06 
6.515050e+03 2.683231e+07 1.787511e+06 
6.152200e+03 2.500818e+07 2.553587e+06 
6.138500e+03 2.511635e+07 2.468467e+06 
6.445150e+03 2.672234e+07 1.787511e+06 
6.521050e+03 2.714795e+07 1.617271e+06 
6.430000e+03 2.674538e+07 1.872630e+06 
6.426900e+03 2.676076e+07 1.957750e+06 
6.160500e+03 2.510706e+07 2.468467e+06 
6.306900e+03 2.567340e+07 2.213108e+06 
6.149500e+03 2.508681e+07 2.553587e+06 
6.193900e+03 2.534123e+07 2.383347e+06 
6.370550e+03 2.634971e+07 1.957750e+06 
6.501200e+03 2.710915e+07 1.617271e+06 
7.910650e+03 3.377986e+07 9.895141e+05 
6.276650e+03 2.568151e+07 2.213108e+06 
6.641550e+03 2.791788e+07 1.435279e+06 
7.321400e+03 3.003662e+07 1.284197e+06 
6.489100e+03 2.648559e+07 2.042869e+06 
7.882900e+03 3.405041e+07 1.021435e+06 
8.488000e+03 3.483837e+07 9.363151e+05 
7.820400e+03 3.381754e+07 1.057574e+06 
7.168150e+03 2.911094e+07 1.359738e+06 
7.332300e+03 3.038637e+07 1.276793e+06 
6.490200e+03 2.690267e+07 1.787511e+06 
7.207950e+03 2.938932e+07 1.284197e+06 
6.567750e+03 2.747451e+07 1.510820e+06 
6.349950e+03 2.632556e+07 2.042869e+06 
6.342850e+03 2.636157e+07 2.042869e+06 
6.430150e+03 2.682531e+07 1.787511e+06 
8.322450e+03 3.285142e+07 1.106554e+06 
6.610350e+03 2.745848e+07 1.532152e+06 
6.350600e+03 2.619384e+07 2.042869e+06 
7.125150e+03 2.945681e+07 1.284197e+06 
7.262450e+03 3.000895e+07 1.276793e+06 
7.717350e+03 3.337937e+07 1.106554e+06 
6.181550e+03 2.512615e+07 2.383347e+06 
7.547400e+03 3.197571e+07 1.133115e+06 
8.654500e+03 3.537097e+07 9.064920e+05 
7.114850e+03 2.912196e+07 1.361913e+06 
7.060300e+03 2.898060e+07 1.361913e+06 
8.300950e+03 3.298418e+07 1.106554e+06 
6.176550e+03 2.516444e+07 2.383347e+06 
8.315850e+03 3.426504e+07 9.820330e+05 
6.314450e+03 2.578267e+07 2.127989e+06 
8.286500e+03 3.259993e+07 1.191674e+06 
6.297050e+03 2.593402e+07 2.127989e+06 
6.446950e+03 2.688117e+07 1.702391e+06 
6.501100e+03 2.722998e+07 1.617271e+06 
6.303450e+03 2.558007e+07 2.298228e+06 
6.409500e+03 2.660326e+07 1.872630e+06 
6.243750e+03 2.525451e+07 2.468467e+06 
7.690200e+03 3.320798e+07 1.106554e+06 

8.051250e+03 3.435897e+07 9.363151e+05 
7.472150e+03 3.235218e+07 1.106554e+06 
7.744750e+03 3.337099e+07 9.064920e+05 
7.739700e+03 3.337152e+07 9.064920e+05 
7.431000e+03 3.226236e+07 1.021435e+06 
7.210600e+03 3.053836e+07 1.329992e+06 
7.517100e+03 3.190545e+07 1.133115e+06 
6.556650e+03 2.691461e+07 2.085429e+06 
6.505350e+03 2.672996e+07 2.127989e+06 
7.726800e+03 3.340853e+07 9.363151e+05 
6.474200e+03 2.634641e+07 2.213108e+06 
7.490600e+03 3.241001e+07 9.820330e+05 
6.812950e+03 2.845338e+07 1.447032e+06 
6.382600e+03 2.592699e+07 2.213108e+06 
6.713250e+03 2.805271e+07 1.489592e+06 
6.455200e+03 2.653252e+07 2.127989e+06 
7.250200e+03 3.108292e+07 1.133115e+06 
7.181600e+03 3.040974e+07 1.191674e+06 
7.797000e+03 3.317462e+07 1.021435e+06 
6.538250e+03 2.704135e+07 1.787511e+06 
6.513750e+03 2.652169e+07 2.042869e+06 
6.332550e+03 2.586783e+07 2.298228e+06 
6.613200e+03 2.666092e+07 2.127989e+06 
6.545750e+03 2.717840e+07 1.702391e+06 
6.456750e+03 2.630502e+07 2.127989e+06 
7.985450e+03 3.336573e+07 8.764034e+05 
6.474250e+03 2.612917e+07 2.127989e+06 
6.376450e+03 2.603090e+07 2.213108e+06 
7.114300e+03 3.037584e+07 1.244873e+06 
6.491450e+03 2.664685e+07 2.042869e+06 
6.501150e+03 2.664563e+07 2.042869e+06 
7.919300e+03 3.382692e+07 8.724740e+05 
6.621000e+03 2.748586e+07 1.532152e+06 
7.281850e+03 3.095980e+07 1.133115e+06 
6.494750e+03 2.606747e+07 2.127989e+06 
6.506400e+03 2.654668e+07 2.042869e+06 
7.565550e+03 3.235452e+07 9.895141e+05 
8.040600e+03 3.369004e+07 8.511955e+05 
6.333050e+03 2.586169e+07 2.298228e+06 
6.463500e+03 2.619496e+07 2.127989e+06 
6.411450e+03 2.600850e+07 2.298228e+06 
6.454100e+03 2.688336e+07 2.042869e+06 
6.578350e+03 2.761356e+07 1.586361e+06 
6.335100e+03 2.581705e+07 2.383347e+06 
6.375050e+03 2.595183e+07 2.383347e+06 
6.588700e+03 2.724188e+07 1.702391e+06 
6.491200e+03 2.723299e+07 1.872630e+06 
6.487850e+03 2.607386e+07 2.127989e+06 
6.808400e+03 2.884741e+07 1.447032e+06 
7.967600e+03 3.389899e+07 8.585176e+05 
7.172650e+03 3.064290e+07 1.191674e+06 
6.334400e+03 2.583680e+07 2.383347e+06 
6.340900e+03 2.574119e+07 2.298228e+06 
7.164500e+03 3.029561e+07 1.361913e+06 
7.737450e+03 3.259413e+07 9.121750e+05 
7.715750e+03 3.341178e+07 9.064920e+05 
6.468250e+03 2.726977e+07 2.127989e+06 
6.285050e+03 2.571747e+07 2.468467e+06 
6.282750e+03 2.570008e+07 2.468467e+06 
7.787450e+03 3.332702e+07 9.064920e+05 
7.907150e+03 3.301671e+07 9.064920e+05 
6.299950e+03 2.565510e+07 2.468467e+06 
7.969650e+03 3.373287e+07 8.309510e+05 
6.483950e+03 2.730001e+07 1.957750e+06 
6.504050e+03 2.682867e+07 1.872630e+06 
6.475350e+03 2.732153e+07 1.957750e+06 
7.882250e+03 3.312768e+07 9.064920e+05 
8.144550e+03 3.487143e+07 9.064920e+05 
6.853300e+03 2.815927e+07 1.447032e+06 
6.496300e+03 2.716121e+07 1.957750e+06 
7.244300e+03 3.023707e+07 1.208656e+06 
6.434750e+03 2.698965e+07 2.042869e+06 
6.919150e+03 2.917275e+07 1.361913e+06 
7.311450e+03 3.139616e+07 1.106554e+06 
6.589750e+03 2.752437e+07 1.532152e+06 
8.159750e+03 3.501555e+07 9.043945e+05 
7.302300e+03 3.098475e+07 1.191674e+06 
6.666150e+03 2.780301e+07 1.532152e+06 
6.542700e+03 2.722235e+07 1.702391e+06 
6.951300e+03 2.923076e+07 1.284197e+06 
6.339000e+03 2.574610e+07 2.298228e+06 
6.496550e+03 2.714109e+07 1.957750e+06 
6.483300e+03 2.611881e+07 2.213108e+06 
7.192600e+03 3.036464e+07 1.208656e+06 
7.920500e+03 3.372268e+07 9.043945e+05 
7.043300e+03 2.966002e+07 1.276793e+06 
6.534150e+03 2.723313e+07 1.787511e+06 
7.153500e+03 3.018332e+07 1.244873e+06 
6.549750e+03 2.717308e+07 1.702391e+06 
7.390300e+03 3.194275e+07 1.057574e+06 
6.493550e+03 2.726176e+07 1.872630e+06 
7.188100e+03 3.030831e+07 1.234234e+06 
7.921600e+03 3.365820e+07 9.043945e+05 
6.540950e+03 2.726576e+07 1.617271e+06 
7.835150e+03 3.270156e+07 9.820330e+05 
6.492650e+03 2.720339e+07 2.042869e+06 
6.440500e+03 2.672720e+07 2.127989e+06 
6.471550e+03 2.733910e+07 1.957750e+06 
6.499100e+03 2.707001e+07 1.957750e+06 
6.505050e+03 2.701192e+07 2.042869e+06 

