9.707350e+03 3.702135e+07 1.617271e+06 
9.482400e+03 3.922522e+07 1.276793e+06 
1.016570e+04 3.842726e+07 1.021435e+06 
8.539600e+03 3.690431e+07 1.670470e+06 
9.296850e+03 3.832754e+07 1.284197e+06 
1.012835e+04 4.049882e+07 9.390032e+05 
9.734900e+03 3.980409e+07 1.021435e+06 
1.052910e+04 3.995218e+07 1.106554e+06 
9.668800e+03 4.190975e+07 1.191674e+06 
1.021245e+04 4.268953e+07 1.057574e+06 
9.725250e+03 4.145979e+07 1.284197e+06 
9.473150e+03 3.938248e+07 1.361913e+06 
9.913650e+03 4.039508e+07 1.574712e+06 
1.097465e+04 4.429790e+07 1.329522e+06 
8.895800e+03 3.708836e+07 1.627911e+06 
9.783750e+03 4.044512e+07 1.027358e+06 
9.806100e+03 3.954274e+07 1.276793e+06 
9.753900e+03 3.963246e+07 1.284197e+06 
9.367350e+03 3.937416e+07 1.284197e+06 
1.000130e+04 4.178674e+07 1.208656e+06 
1.092435e+04 4.509302e+07 1.208656e+06 
9.558700e+03 3.712247e+07 1.178440e+06 
9.884050e+03 4.251571e+07 1.021435e+06 
1.089320e+04 4.155656e+07 8.721289e+05 
9.471750e+03 3.843909e+07 1.284197e+06 
9.659250e+03 3.887577e+07 1.159753e+06 
9.414700e+03 3.798787e+07 1.106554e+06 
9.875800e+03 4.216600e+07 1.208656e+06 
9.959150e+03 4.094249e+07 1.361913e+06 
9.697600e+03 3.854023e+07 9.568890e+05 
1.050990e+04 4.061731e+07 1.178440e+06 
9.645650e+03 4.116417e+07 1.106554e+06 
1.052540e+04 4.416588e+07 1.480604e+06 
9.485550e+03 3.982181e+07 1.057574e+06 
1.031295e+04 4.408738e+07 1.133115e+06 
9.474650e+03 3.853341e+07 1.500231e+06 
9.993500e+03 4.025314e+07 1.063994e+06 
9.663350e+03 4.227001e+07 1.318216e+06 
1.032540e+04 4.097257e+07 1.191674e+06 
9.898300e+03 4.129310e+07 1.276793e+06 
1.052160e+04 4.107237e+07 1.149114e+06 
9.219550e+03 3.848167e+07 1.405063e+06 
9.920450e+03 4.046872e+07 1.208656e+06 
1.026740e+04 4.096291e+07 1.149114e+06 
9.082050e+03 3.893508e+07 1.405063e+06 
1.027530e+04 4.143928e+07 1.435279e+06 
1.043565e+04 4.346740e+07 1.253981e+06 
9.489650e+03 4.101477e+07 1.191674e+06 
9.374950e+03 3.732046e+07 1.208656e+06 
9.546850e+03 4.177084e+07 1.102899e+06 

1.038470e+04 4.217416e+07 1.178440e+06 
1.003510e+04 4.144255e+07 1.405063e+06 
9.531600e+03 3.778913e+07 1.276793e+06 
9.942250e+03 4.159764e+07 1.298072e+06 
1.031275e+04 3.992772e+07 1.435279e+06 
1.029665e+04 4.233580e+07 1.361913e+06 
9.489650e+03 4.023640e+07 1.500231e+06 
1.040055e+04 4.233123e+07 1.057574e+06 
9.659000e+03 4.160678e+07 1.500231e+06 
9.873150e+03 4.067375e+07 1.670470e+06 
9.439500e+03 3.887597e+07 1.037375e+06 
9.871050e+03 4.141531e+07 1.149114e+06 
9.517600e+03 4.081889e+07 1.374847e+06 
9.451150e+03 3.994394e+07 1.617271e+06 
9.867900e+03 3.842973e+07 1.133115e+06 
9.597300e+03 3.935161e+07 1.525929e+06 
1.050065e+04 4.591775e+07 1.359738e+06 
1.013205e+04 4.046893e+07 1.617271e+06 
9.580250e+03 4.038614e+07 1.405063e+06 
9.206600e+03 3.652744e+07 1.415112e+06 
9.643250e+03 4.023431e+07 1.318216e+06 
1.061740e+04 4.214582e+07 9.064920e+05 
1.001530e+04 4.104804e+07 1.585351e+06 
9.603350e+03 3.922604e+07 1.284197e+06 
1.029610e+04 4.151371e+07 1.253981e+06 
9.687400e+03 4.008635e+07 1.447032e+06 
1.009785e+04 3.991606e+07 1.106554e+06 
9.515650e+03 3.838621e+07 1.193548e+06 
9.350500e+03 3.887552e+07 1.208656e+06 
1.002525e+04 4.119966e+07 9.363151e+05 
1.017110e+04 3.975806e+07 1.074634e+06 
9.699700e+03 4.040761e+07 1.787511e+06 
9.385000e+03 3.851810e+07 1.276793e+06 
9.830850e+03 4.206740e+07 1.057574e+06 
9.681750e+03 3.879228e+07 1.133115e+06 
8.856200e+03 3.695621e+07 1.276793e+06 
8.966550e+03 3.786627e+07 1.447032e+06 
1.030005e+04 3.931033e+07 1.057574e+06 
9.244250e+03 3.870068e+07 1.276793e+06 
1.013880e+04 4.145327e+07 1.510820e+06 
1.028455e+04 3.861477e+07 1.106554e+06 
9.615600e+03 4.062865e+07 1.102899e+06 
9.472200e+03 3.834507e+07 1.532152e+06 
1.021700e+04 4.219158e+07 1.253981e+06 
1.000910e+04 4.065320e+07 1.532152e+06 
1.040560e+04 4.168170e+07 1.074634e+06 
1.072785e+04 4.098539e+07 9.637724e+05 
1.012890e+04 4.088273e+07 1.057574e+06 
1.036855e+04 4.371315e+07 1.276793e+06 
9.428700e+03 3.654922e+07 1.276793e+06 

1.023460e+04 4.085623e+07 1.021435e+06 
9.991550e+03 4.208101e+07 1.208656e+06 
1.033295e+04 4.120189e+07 1.191674e+06 
9.107350e+03 4.195675e+07 1.447032e+06 
1.071345e+04 4.160739e+07 9.820330e+05 
1.079145e+04 4.211288e+07 1.057574e+06 
9.795150e+03 4.161943e+07 1.159753e+06 
1.011780e+04 4.105679e+07 1.027358e+06 
9.499600e+03 3.980498e+07 1.106554e+06 
9.603850e+03 3.945467e+07 1.405063e+06 
9.879850e+03 3.909624e+07 1.133115e+06 
1.074000e+04 4.318572e+07 1.106554e+06 
1.053920e+04 4.550067e+07 1.318216e+06 
1.001590e+04 3.909162e+07 1.276793e+06 
9.568200e+03 3.796572e+07 1.208656e+06 
9.947000e+03 4.192510e+07 1.027358e+06 
9.165850e+03 3.751732e+07 1.405063e+06 
1.018890e+04 4.319904e+07 1.208656e+06 
9.168700e+03 3.899546e+07 1.284197e+06 
9.615350e+03 3.986992e+07 1.359738e+06 
1.056140e+04 4.293354e+07 1.276793e+06 
9.678000e+03 4.044634e+07 1.191674e+06 
1.008755e+04 4.341404e+07 9.665556e+05 
9.674600e+03 3.830613e+07 1.191674e+06 
9.556900e+03 3.902178e+07 1.755590e+06 
9.473900e+03 3.698394e+07 1.244873e+06 
9.959550e+03 4.230188e+07 1.318216e+06 
9.694750e+03 3.931133e+07 1.298072e+06 
8.873000e+03 3.791669e+07 1.447032e+06 
9.421500e+03 3.957438e+07 9.998649e+05 
1.062620e+04 4.449637e+07 9.064920e+05 
1.143500e+04 4.619781e+07 9.029603e+05 
1.044460e+04 4.353775e+07 1.383191e+06 
9.410400e+03 3.817846e+07 1.617271e+06 
9.705150e+03 4.042782e+07 1.106554e+06 
9.628900e+03 3.767925e+07 1.361913e+06 
9.547850e+03 3.994957e+07 1.133115e+06 
9.217150e+03 3.975873e+07 1.500231e+06 
9.516100e+03 3.706681e+07 1.284197e+06 
9.587350e+03 4.163919e+07 1.318216e+06 
9.651750e+03 4.213599e+07 1.361913e+06 
9.211500e+03 4.080832e+07 1.133115e+06 
9.477950e+03 3.869648e+07 1.148224e+06 
8.893400e+03 3.904525e+07 1.617271e+06 
1.011165e+04 4.098931e+07 1.208656e+06 
1.049670e+04 4.399742e+07 1.276793e+06 
9.906150e+03 4.055599e+07 1.284197e+06 
1.053505e+04 4.382055e+07 1.106554e+06 
9.598200e+03 3.892275e+07 1.468311e+06 
9.791350e+03 4.141455e+07 1.106554e+06 

9.749950e+03 4.298709e+07 1.299306e+06 
9.373750e+03 3.929308e+07 1.133115e+06 
1.031590e+04 4.308844e+07 1.542791e+06 
9.656350e+03 3.880385e+07 9.363151e+05 
9.203250e+03 3.964666e+07 1.415112e+06 
9.350100e+03 3.892473e+07 1.447032e+06 
9.149650e+03 3.806361e+07 1.404473e+06 
9.793400e+03 3.967234e+07 1.042466e+06 
1.014685e+04 4.211316e+07 1.191674e+06 
1.078325e+04 4.360647e+07 1.208656e+06 
9.593450e+03 4.176224e+07 1.638550e+06 
9.090100e+03 3.906759e+07 1.447032e+06 
1.151170e+04 4.595287e+07 1.057574e+06 
9.660450e+03 4.156818e+07 1.383191e+06 
9.723200e+03 3.953782e+07 1.361913e+06 
9.505550e+03 4.128928e+07 1.500231e+06 
9.763750e+03 4.020279e+07 1.284197e+06 
9.830150e+03 3.901341e+07 1.191674e+06 
9.943850e+03 4.206149e+07 1.532152e+06 
8.723700e+03 3.692057e+07 1.532152e+06 
8.792650e+03 3.904489e+07 1.027358e+06 
1.042295e+04 4.155707e+07 1.405063e+06 
9.378300e+03 3.890821e+07 9.211174e+05 
9.762200e+03 4.040944e+07 1.702391e+06 
9.378100e+03 3.884650e+07 1.133115e+06 
1.012810e+04 4.176210e+07 1.027358e+06 
1.006875e+04 4.221021e+07 1.359738e+06 
1.005605e+04 4.181041e+07 9.820330e+05 
1.040700e+04 4.457030e+07 1.106554e+06 
9.795700e+03 3.931201e+07 1.106554e+06 
1.012860e+04 4.190965e+07 1.191674e+06 
1.008955e+04 4.045967e+07 1.133115e+06 
8.889900e+03 3.696889e+07 1.532152e+06 
1.012125e+04 4.339609e+07 1.359738e+06 
1.005635e+04 4.209226e+07 1.133115e+06 
9.466850e+03 3.881450e+07 1.617271e+06 
9.114700e+03 3.697306e+07 1.276793e+06 
9.452050e+03 4.065271e+07 1.133115e+06 
8.913800e+03 3.858219e+07 1.585351e+06 
1.027990e+04 4.336005e+07 1.447032e+06 
9.819500e+03 3.843612e+07 1.208656e+06 
9.518850e+03 3.841074e+07 1.133115e+06 
9.660900e+03 4.089519e+07 1.284197e+06 
9.775850e+03 3.972422e+07 1.133115e+06 
1.098705e+04 4.319387e+07 1.244873e+06 
1.033805e+04 4.270055e+07 1.585351e+06 
8.776800e+03 3.710606e+07 1.532152e+06 
9.133900e+03 3.967239e+07 1.276793e+06 
1.039440e+04 4.485373e+07 1.318216e+06 
9.777400e+03 4.091527e+07 1.480604e+06 

9.948450e+03 4.072495e+07 1.191674e+06 
9.873750e+03 4.068935e+07 1.480604e+06 
1.011720e+04 4.126752e+07 1.106554e+06 
9.264250e+03 3.755726e+07 1.276793e+06 
1.040470e+04 4.492300e+07 1.102899e+06 
9.926500e+03 4.016580e+07 1.133115e+06 
1.035215e+04 4.566488e+07 1.757621e+06 
9.016850e+03 4.103949e+07 1.329992e+06 
9.020100e+03 3.802356e+07 1.284197e+06 
1.001510e+04 4.003471e+07 1.404473e+06 
1.102540e+04 4.663372e+07 1.318216e+06 
1.012095e+04 4.231979e+07 1.415112e+06 
9.457000e+03 4.015235e+07 1.374847e+06 
1.012975e+04 4.292030e+07 1.191674e+06 
9.721950e+03 3.966573e+07 1.191674e+06 
1.031090e+04 4.288091e+07 1.253981e+06 
9.709000e+03 3.972547e+07 1.359738e+06 
1.035935e+04 4.119459e+07 1.191674e+06 
9.842200e+03 4.178278e+07 1.585351e+06 
1.028955e+04 4.002854e+07 1.208656e+06 
1.061470e+04 4.154871e+07 1.133115e+06 
1.001770e+04 4.030043e+07 1.057574e+06 
9.514350e+03 3.974291e+07 1.208656e+06 
9.587200e+03 4.107128e+07 1.319353e+06 
9.548300e+03 3.911885e+07 1.027358e+06 
1.035890e+04 4.337485e+07 1.106554e+06 
9.995200e+03 4.228880e+07 1.178440e+06 
9.700850e+03 4.092646e+07 1.191674e+06 
1.015815e+04 4.235492e+07 1.208656e+06 
1.021165e+04 4.252265e+07 1.133115e+06 
9.304850e+03 4.096337e+07 1.319353e+06 
9.396750e+03 3.911001e+07 1.208656e+06 
9.448050e+03 4.113297e+07 1.276793e+06 
9.017600e+03 4.001506e+07 1.415112e+06 
9.646100e+03 4.246003e+07 1.208656e+06 
9.783000e+03 4.219312e+07 1.178440e+06 
9.209100e+03 4.104588e+07 1.361913e+06 
1.006805e+04 4.155121e+07 1.106554e+06 
9.840050e+03 4.178762e+07 1.057574e+06 
9.902050e+03 4.143449e+07 9.363151e+05 
9.540950e+03 3.887641e+07 1.106554e+06 
1.008290e+04 4.745558e+07 1.318216e+06 
9.474050e+03 3.839648e+07 1.159753e+06 
8.732200e+03 3.563194e+07 1.359738e+06 
1.079650e+04 4.020002e+07 1.191674e+06 
9.336100e+03 3.692140e+07 1.447032e+06 
9.611500e+03 3.960687e+07 1.057574e+06 
9.639000e+03 4.083308e+07 1.447032e+06 
1.004335e+04 4.434184e+07 1.318216e+06 
9.840900e+03 3.921338e+07 1.191674e+06 

9.055550e+03 3.705480e+07 1.447032e+06 
9.741050e+03 4.074664e+07 1.191674e+06 
1.013875e+04 3.934100e+07 1.361913e+06 
1.002060e+04 3.852762e+07 1.359738e+06 
9.655300e+03 3.881968e+07 1.284197e+06 
9.839500e+03 4.045695e+07 1.532152e+06 
9.871150e+03 4.076959e+07 1.359738e+06 
1.019655e+04 4.184159e+07 1.276793e+06 
9.746850e+03 3.997894e+07 1.208656e+06 
9.118350e+03 3.921553e+07 1.631686e+06 
9.016100e+03 3.819601e+07 1.702391e+06 
9.911500e+03 3.940557e+07 1.276793e+06 
1.023825e+04 4.276367e+07 9.043945e+05 
9.699350e+03 4.453787e+07 1.374847e+06 
9.125000e+03 3.718181e+07 1.106554e+06 
1.096490e+04 4.320274e+07 1.106554e+06 
1.103615e+04 4.327297e+07 1.049491e+06 
9.957750e+03 4.171144e+07 1.329992e+06 
9.608300e+03 4.229988e+07 1.133115e+06 
1.035025e+04 4.361962e+07 1.359738e+06 
9.407100e+03 3.802734e+07 1.415112e+06 
9.491500e+03 4.044540e+07 1.359738e+06 
1.032880e+04 4.379055e+07 1.318216e+06 
9.709150e+03 4.048375e+07 1.447032e+06 
1.000025e+04 4.075211e+07 1.359738e+06 
9.858850e+03 3.984154e+07 1.405063e+06 
8.828350e+03 3.548618e+07 1.405063e+06 
9.671900e+03 3.754172e+07 1.191674e+06 
1.034710e+04 4.665118e+07 1.757621e+06 
1.015480e+04 4.126637e+07 9.820330e+05 
9.868450e+03 3.896468e+07 1.276793e+06 
9.392550e+03 3.773482e+07 1.435279e+06 
1.041920e+04 4.266716e+07 1.208656e+06 
9.274300e+03 3.771285e+07 1.191674e+06 
1.018210e+04 3.954541e+07 1.021435e+06 
8.825700e+03 3.573413e+07 1.500231e+06 
1.019455e+04 4.348818e+07 1.288741e+06 
9.463400e+03 3.974204e+07 1.276793e+06 
1.008420e+04 4.091370e+07 1.133115e+06 
1.001040e+04 4.019432e+07 1.284197e+06 
1.055600e+04 4.401496e+07 1.208656e+06 
1.038070e+04 4.127040e+07 1.057574e+06 
1.039950e+04 4.364001e+07 1.133115e+06 
9.591800e+03 4.161874e+07 1.447032e+06 
9.191250e+03 3.910508e+07 1.208656e+06 
9.251750e+03 4.035836e+07 1.329992e+06 
9.321200e+03 3.985453e+07 1.405063e+06 
1.036450e+04 4.390635e+07 1.057574e+06 
9.391000e+03 4.027662e+07 1.361913e+06 
1.023335e+04 4.434450e+07 1.276793e+06 

9.768500e+03 3.884912e+07 9.820330e+05 
1.125570e+04 4.284426e+07 9.064920e+05 
1.032610e+04 4.403109e+07 1.253981e+06 
1.127810e+04 4.594577e+07 1.074634e+06 
9.671800e+03 3.985141e+07 9.820330e+05 
9.287350e+03 3.677029e+07 1.208656e+06 
8.997850e+03 3.856126e+07 1.329522e+06 
9.702900e+03 4.102608e+07 1.284197e+06 
1.046285e+04 4.578560e+07 1.318216e+06 
8.967500e+03 3.564675e+07 1.415112e+06 
9.930000e+03 3.888650e+07 1.106554e+06 
1.003285e+04 4.329788e+07 1.318216e+06 
8.630050e+03 3.628066e+07 1.284197e+06 
9.881350e+03 4.098058e+07 1.090473e+06 
9.380850e+03 3.938402e+07 1.361913e+06 
9.877950e+03 3.955898e+07 1.276793e+06 
9.608650e+03 4.037536e+07 1.361913e+06 
1.018025e+04 4.301342e+07 1.133115e+06 
1.072365e+04 4.270865e+07 1.284197e+06 
9.653600e+03 4.032923e+07 1.415112e+06 
1.036490e+04 4.045439e+07 1.159753e+06 
9.846550e+03 3.848087e+07 1.284197e+06 
9.054600e+03 4.161660e+07 1.276793e+06 
9.732900e+03 3.960077e+07 1.276793e+06 
9.670750e+03 4.156550e+07 1.276793e+06 
1.021895e+04 4.209252e+07 9.602209e+05 
1.067700e+04 4.435929e+07 1.133115e+06 
9.535950e+03 4.054564e+07 1.329522e+06 
9.868600e+03 3.892879e+07 1.702391e+06 
1.030685e+04 4.357058e+07 1.102899e+06 
1.106165e+04 4.824856e+07 1.702391e+06 
1.003740e+04 4.436572e+07 1.191674e+06 
1.035505e+04 4.579289e+07 1.412658e+06 
9.695200e+03 3.952998e+07 1.361913e+06 
1.005995e+04 4.163372e+07 1.057574e+06 
1.008955e+04 4.281424e+07 1.276793e+06 
9.774850e+03 4.280469e+07 1.480604e+06 
9.937250e+03 4.110982e+07 1.191674e+06 
1.030730e+04 4.211928e+07 1.361913e+06 
1.028745e+04 4.193791e+07 9.820330e+05 
9.447450e+03 3.815624e+07 1.284197e+06 
9.840300e+03 4.146494e+07 9.363151e+05 
9.501900e+03 3.912358e+07 1.266151e+06 
9.065500e+03 4.004091e+07 1.133115e+06 
1.024250e+04 4.165823e+07 1.329522e+06 
9.625750e+03 3.936774e+07 1.191674e+06 
8.861000e+03 3.731648e+07 1.447032e+06 
9.964100e+03 4.251712e+07 1.057574e+06 
1.021950e+04 4.462484e+07 1.276793e+06 
1.074220e+04 4.391866e+07 1.133115e+06 

1.032170e+04 4.211966e+07 1.063994e+06 
9.711600e+03 3.987221e+07 1.253981e+06 
1.026010e+04 4.490108e+07 1.276793e+06 
1.013315e+04 4.252866e+07 9.895141e+05 
9.836000e+03 3.988212e+07 1.133115e+06 
9.348350e+03 3.812496e+07 1.159753e+06 
9.722100e+03 4.249940e+07 1.106554e+06 
9.662300e+03 3.812229e+07 1.361913e+06 
9.210150e+03 4.110012e+07 1.702391e+06 
1.001695e+04 3.954007e+07 1.106554e+06 
9.953650e+03 4.084279e+07 1.447032e+06 
1.078360e+04 4.368764e+07 1.159753e+06 
1.086120e+04 4.380644e+07 9.064920e+05 
9.516600e+03 4.143204e+07 1.284197e+06 
1.039955e+04 4.337687e+07 1.191674e+06 
1.036920e+04 4.135416e+07 1.276793e+06 
9.336400e+03 3.845694e+07 1.532152e+06 
1.063350e+04 4.419563e+07 1.102899e+06 
1.066385e+04 4.497073e+07 1.057574e+06 
1.023270e+04 4.321751e+07 9.820330e+05 
9.399750e+03 3.934024e+07 1.361913e+06 
9.626950e+03 4.017442e+07 1.447032e+06 
1.086205e+04 4.371871e+07 1.191674e+06 
9.953200e+03 4.152812e+07 1.361913e+06 
9.542350e+03 4.057738e+07 1.276793e+06 
9.217300e+03 3.969019e+07 1.284197e+06 
1.018920e+04 3.992913e+07 1.361913e+06 
9.403800e+03 4.016432e+07 1.208656e+06 
1.069295e+04 4.714365e+07 1.191674e+06 
1.016825e+04 4.134436e+07 1.057574e+06 
1.008180e+04 3.996005e+07 1.389955e+06 
9.754100e+03 3.826988e+07 1.133115e+06 
9.637550e+03 3.988095e+07 1.106554e+06 
1.024190e+04 4.166929e+07 1.510820e+06 
9.320150e+03 3.951015e+07 1.361913e+06 
9.835850e+03 3.983875e+07 1.276793e+06 
9.286500e+03 3.821462e+07 1.133115e+06 
1.053815e+04 4.212927e+07 1.276793e+06 
1.010295e+04 4.183037e+07 1.208656e+06 
9.993100e+03 3.920687e+07 1.106554e+06 
1.019255e+04 3.937784e+07 1.106554e+06 
1.029500e+04 4.143368e+07 1.244873e+06 
1.015175e+04 4.222254e+07 1.021435e+06 
9.766150e+03 3.940646e+07 1.532152e+06 
9.454700e+03 4.256121e+07 1.757621e+06 
1.000035e+04 4.200767e+07 1.191674e+06 
9.900850e+03 4.089965e+07 1.468311e+06 
9.487350e+03 4.068844e+07 9.363151e+05 
9.678750e+03 3.763064e+07 1.106554e+06 
1.017635e+04 4.295343e+07 1.208656e+06 

9.748600e+03 4.264672e+07 1.288741e+06 
9.555050e+03 4.127183e+07 1.405063e+06 
9.777350e+03 4.104583e+07 1.447032e+06 
9.366400e+03 3.934065e+07 1.208656e+06 
1.036930e+04 4.064952e+07 1.276793e+06 
9.799000e+03 4.117285e+07 1.556145e+06 
1.012660e+04 4.233586e+07 1.253981e+06 
9.593650e+03 4.009399e+07 1.191674e+06 
1.028845e+04 4.615659e+07 1.363092e+06 
1.060355e+04 4.373631e+07 1.074634e+06 
9.543650e+03 4.083764e+07 1.133115e+06 
9.911700e+03 4.101859e+07 1.208656e+06 
1.030460e+04 4.178925e+07 1.361913e+06 
1.008785e+04 3.879756e+07 1.329992e+06 
1.039815e+04 4.343607e+07 9.820330e+05 
9.034800e+03 3.768386e+07 1.149114e+06 
1.007705e+04 4.526016e+07 1.318216e+06 
1.090825e+04 4.180133e+07 1.208656e+06 
1.004275e+04 4.228694e+07 1.670470e+06 
9.950150e+03 4.165306e+07 1.021435e+06 
1.000255e+04 3.831757e+07 1.329992e+06 
9.546150e+03 3.984242e+07 1.415112e+06 
1.059395e+04 4.531432e+07 8.922064e+05 
1.015585e+04 4.190989e+07 1.062621e+06 
9.105400e+03 3.858967e+07 1.319353e+06 
1.004060e+04 4.138949e+07 1.318216e+06 
1.034695e+04 4.305142e+07 1.284197e+06 
8.953000e+03 3.804518e+07 1.787511e+06 
1.061790e+04 4.100149e+07 1.276793e+06 
9.172150e+03 3.764472e+07 1.223765e+06 
9.808450e+03 4.285479e+07 1.542791e+06 
9.875650e+03 4.149410e+07 1.269089e+06 
9.775050e+03 4.129013e+07 1.276793e+06 
9.566650e+03 3.878932e+07 1.000841e+06 
9.309600e+03 4.109311e+07 1.284197e+06 
1.054465e+04 4.436746e+07 1.405063e+06 
1.035125e+04 4.397287e+07 1.318216e+06 
9.021000e+03 3.911875e+07 1.435279e+06 
9.200450e+03 3.843447e+07 1.585351e+06 
9.612050e+03 3.843072e+07 1.087959e+06 
1.020205e+04 4.193647e+07 1.133115e+06 
9.907950e+03 4.196278e+07 1.702391e+06 
9.902450e+03 4.098493e+07 1.276793e+06 
1.007730e+04 4.011901e+07 9.064920e+05 
1.039185e+04 4.253875e+07 1.027358e+06 
1.044235e+04 4.124358e+07 1.287433e+06 
1.063195e+04 4.339949e+07 1.284197e+06 
9.409600e+03 4.304419e+07 1.447032e+06 
9.801900e+03 4.293350e+07 1.329992e+06 
9.314700e+03 3.871924e+07 1.361913e+06 

1.030725e+04 4.076968e+07 1.210894e+06 
9.859050e+03 4.024899e+07 1.532152e+06 
9.320200e+03 3.738118e+07 1.617271e+06 
9.770550e+03 4.023551e+07 1.212952e+06 
1.061830e+04 4.195177e+07 1.435279e+06 
1.070140e+04 4.364228e+07 1.361913e+06 
1.050155e+04 4.226792e+07 1.191674e+06 
9.791000e+03 3.932901e+07 1.435279e+06 
1.057195e+04 4.240007e+07 1.276793e+06 
9.533550e+03 3.841659e+07 1.193548e+06 
9.922200e+03 4.298816e+07 1.532152e+06 
1.056540e+04 4.096851e+07 1.208656e+06 
9.868550e+03 4.347107e+07 1.318216e+06 
9.821200e+03 4.139565e+07 1.276793e+06 
1.114965e+04 4.413080e+07 1.133115e+06 
9.392400e+03 4.085212e+07 1.361913e+06 
9.673500e+03 3.750217e+07 1.065936e+06 
1.002990e+04 4.170221e+07 1.495712e+06 
8.918500e+03 3.722454e+07 1.361913e+06 
9.833100e+03 3.998313e+07 1.329992e+06 
9.975800e+03 4.014058e+07 1.191674e+06 
1.030110e+04 4.360327e+07 1.787511e+06 
9.107750e+03 3.757917e+07 1.532152e+06 
9.234350e+03 3.906929e+07 1.840710e+06 
1.009270e+04 4.252044e+07 1.585351e+06 
1.013215e+04 4.151910e+07 1.329992e+06 
9.821750e+03 3.963002e+07 1.361913e+06 
9.225850e+03 3.659457e+07 1.208656e+06 
1.031605e+04 4.228859e+07 1.191674e+06 
9.510950e+03 4.081444e+07 1.480604e+06 
1.041400e+04 4.350835e+07 1.106554e+06 
1.008620e+04 4.066406e+07 1.027358e+06 
9.119650e+03 3.749203e+07 1.374847e+06 
9.445650e+03 3.819235e+07 1.133115e+06 
1.041145e+04 4.604867e+07 1.149114e+06 
1.004095e+04 4.156546e+07 1.208656e+06 
1.008525e+04 4.029705e+07 9.703035e+05 
1.009990e+04 4.222115e+07 1.106554e+06 
9.394850e+03 4.000352e+07 1.234234e+06 
9.749700e+03 4.135185e+07 1.244873e+06 
9.010050e+03 3.746819e+07 1.284197e+06 
9.963350e+03 3.968582e+07 1.435279e+06 
8.775550e+03 3.680704e+07 1.787511e+06 
9.992400e+03 4.082449e+07 1.359738e+06 
9.993750e+03 4.240553e+07 1.480604e+06 
1.062430e+04 4.257597e+07 1.106554e+06 
1.037660e+04 4.196666e+07 1.106554e+06 
9.937000e+03 3.855843e+07 1.415112e+06 
9.781600e+03 4.056295e+07 1.021435e+06 
1.050815e+04 3.927086e+07 1.106554e+06 

