7.081350e+03 3.007659e+07 2.042869e+06 
8.602950e+03 3.467811e+07 1.074634e+06 
7.139150e+03 2.989189e+07 1.957750e+06 
7.097050e+03 3.018496e+07 1.957750e+06 
7.216600e+03 3.081029e+07 1.702391e+06 
7.136450e+03 3.038273e+07 1.872630e+06 
7.816350e+03 3.279011e+07 1.361913e+06 
8.018600e+03 3.385045e+07 1.208656e+06 
7.243500e+03 3.075177e+07 1.617271e+06 
7.833300e+03 3.283439e+07 1.359738e+06 
7.120750e+03 3.029471e+07 1.915190e+06 
7.055050e+03 2.989888e+07 2.127989e+06 
7.162750e+03 3.037619e+07 1.787511e+06 
8.558400e+03 3.533221e+07 1.159753e+06 
7.696900e+03 3.234149e+07 1.435279e+06 
7.872600e+03 3.273117e+07 1.361913e+06 
7.911500e+03 3.316492e+07 1.284197e+06 
7.142200e+03 3.025033e+07 1.872630e+06 
7.153950e+03 3.021997e+07 1.872630e+06 
7.960700e+03 3.271741e+07 1.361913e+06 
8.681500e+03 3.478643e+07 9.064920e+05 
7.993100e+03 3.310251e+07 1.284197e+06 
8.701800e+03 3.477805e+07 1.021435e+06 
7.239050e+03 3.035197e+07 1.702391e+06 
7.032350e+03 2.970148e+07 2.213108e+06 

8.103500e+03 3.285472e+07 1.284197e+06 
6.839800e+03 2.883176e+07 2.127989e+06 
7.840200e+03 3.254289e+07 1.447032e+06 
8.130350e+03 3.313442e+07 1.191674e+06 
8.464600e+03 3.516921e+07 1.021435e+06 
7.739500e+03 3.246158e+07 1.617271e+06 
6.778300e+03 2.832391e+07 2.383347e+06 
7.771700e+03 3.241791e+07 1.617271e+06 
7.696450e+03 3.253350e+07 1.617271e+06 
7.795600e+03 3.230769e+07 1.532152e+06 
8.087100e+03 3.296542e+07 1.284197e+06 
8.632350e+03 3.496549e+07 1.106554e+06 
7.695850e+03 3.262760e+07 1.702391e+06 
8.997050e+03 3.620541e+07 8.764034e+05 
7.501100e+03 3.171482e+07 2.042869e+06 
8.953900e+03 3.654231e+07 9.820330e+05 
6.792150e+03 2.832606e+07 2.213108e+06 
7.599750e+03 3.168493e+07 1.872630e+06 
8.635550e+03 3.513033e+07 1.057574e+06 
8.042800e+03 3.262526e+07 1.361913e+06 
7.531400e+03 3.198293e+07 1.787511e+06 
7.515350e+03 3.184527e+07 1.872630e+06 
7.731300e+03 3.228273e+07 1.702391e+06 
7.917550e+03 3.275894e+07 1.361913e+06 
8.917000e+03 3.582769e+07 9.363151e+05 

8.617550e+03 3.458442e+07 1.021435e+06 
8.725550e+03 3.364534e+07 1.106554e+06 
6.537300e+03 2.651058e+07 2.468467e+06 
8.828750e+03 3.470765e+07 1.106554e+06 
7.258550e+03 3.012141e+07 1.702391e+06 
6.538000e+03 2.668752e+07 2.383347e+06 
8.177900e+03 3.289643e+07 1.276793e+06 
6.554100e+03 2.677213e+07 2.213108e+06 
7.233700e+03 2.967735e+07 1.957750e+06 
7.567600e+03 3.132749e+07 1.447032e+06 
8.643150e+03 3.413096e+07 9.479465e+05 
6.595400e+03 2.670445e+07 2.298228e+06 
8.625750e+03 3.401274e+07 1.191674e+06 
7.218350e+03 2.982768e+07 1.957750e+06 
8.602150e+03 3.475285e+07 1.021435e+06 
7.411600e+03 3.071408e+07 1.532152e+06 
7.263050e+03 3.026170e+07 1.872630e+06 
7.227050e+03 2.992665e+07 1.787511e+06 
8.582600e+03 3.417073e+07 1.106554e+06 
8.615950e+03 3.406261e+07 1.191674e+06 
7.220650e+03 3.000331e+07 1.872630e+06 
7.332950e+03 3.040703e+07 1.617271e+06 
6.548050e+03 2.680090e+07 2.298228e+06 
7.444400e+03 3.061583e+07 1.532152e+06 
8.684400e+03 3.401097e+07 1.191674e+06 

8.490650e+03 3.504780e+07 1.133115e+06 
7.542750e+03 3.102542e+07 1.617271e+06 
8.382950e+03 3.428680e+07 1.191674e+06 
6.890050e+03 2.862733e+07 2.085429e+06 
7.484800e+03 3.096161e+07 1.702391e+06 
7.515350e+03 3.103295e+07 1.659831e+06 
7.503900e+03 3.112434e+07 1.617271e+06 
8.278950e+03 3.396885e+07 1.208656e+06 
6.860150e+03 2.811851e+07 2.170549e+06 
6.847700e+03 2.834437e+07 2.255668e+06 
6.848000e+03 2.839933e+07 2.170549e+06 
8.100500e+03 3.426477e+07 1.404473e+06 
6.904400e+03 2.847749e+07 2.085429e+06 
8.188350e+03 3.388390e+07 1.447032e+06 
8.771100e+03 3.600932e+07 9.363151e+05 
8.517000e+03 3.471006e+07 1.106554e+06 
6.871150e+03 2.850335e+07 2.127989e+06 
8.109700e+03 3.379332e+07 1.489592e+06 
8.201650e+03 3.435725e+07 1.361913e+06 
7.522750e+03 3.113716e+07 1.532152e+06 
8.662850e+03 3.533922e+07 1.057574e+06 
8.263800e+03 3.414038e+07 1.361913e+06 
8.069150e+03 3.407602e+07 1.447032e+06 
8.686400e+03 3.546433e+07 1.021435e+06 
8.436750e+03 3.448794e+07 1.149114e+06 

8.525500e+03 3.456992e+07 1.063994e+06 
6.656300e+03 2.724564e+07 2.127989e+06 
6.550400e+03 2.657162e+07 2.298228e+06 
8.297800e+03 3.395763e+07 1.276793e+06 
8.174550e+03 3.427973e+07 1.276793e+06 
8.217200e+03 3.413792e+07 1.276793e+06 
7.026950e+03 2.921126e+07 1.787511e+06 
6.620950e+03 2.743907e+07 2.213108e+06 
7.030050e+03 2.908595e+07 1.787511e+06 
8.026800e+03 3.338697e+07 1.585351e+06 
8.195050e+03 3.373748e+07 1.447032e+06 
8.274750e+03 3.420096e+07 1.106554e+06 
6.511950e+03 2.659989e+07 2.383347e+06 
6.972300e+03 2.955299e+07 1.617271e+06 
8.479450e+03 3.460965e+07 9.121750e+05 
6.674500e+03 2.734506e+07 2.042869e+06 
6.986850e+03 2.931387e+07 1.702391e+06 
6.532200e+03 2.668976e+07 2.298228e+06 
8.549000e+03 3.451684e+07 1.057574e+06 
8.132500e+03 3.366662e+07 1.500231e+06 
6.867950e+03 2.872643e+07 1.872630e+06 
6.655350e+03 2.729392e+07 2.213108e+06 
6.685550e+03 2.723618e+07 2.213108e+06 
8.140850e+03 3.363213e+07 1.532152e+06 
8.658800e+03 3.529339e+07 8.764034e+05 

9.213750e+03 3.734057e+07 9.363151e+05 
7.024200e+03 2.944937e+07 2.010949e+06 
8.840750e+03 3.624412e+07 1.361913e+06 
7.506100e+03 3.123946e+07 1.447032e+06 
7.088600e+03 2.966408e+07 1.872630e+06 
7.050800e+03 2.921479e+07 1.957750e+06 
6.987900e+03 2.903201e+07 2.042869e+06 
7.539150e+03 3.111239e+07 1.585351e+06 
7.538150e+03 3.080083e+07 1.787511e+06 
7.489700e+03 3.082265e+07 1.755590e+06 
9.017800e+03 3.585195e+07 1.159753e+06 
8.891350e+03 3.610055e+07 1.159753e+06 
7.027650e+03 2.887189e+07 2.127989e+06 
7.153400e+03 2.908203e+07 1.957750e+06 
9.124550e+03 3.644707e+07 1.074634e+06 
6.980300e+03 2.925416e+07 2.213108e+06 
7.024000e+03 2.890994e+07 2.127989e+06 
7.028800e+03 2.882602e+07 2.127989e+06 
9.073100e+03 3.647392e+07 1.106554e+06 
7.106350e+03 2.912003e+07 1.957750e+06 
7.541900e+03 3.088115e+07 1.617271e+06 
9.027000e+03 3.648449e+07 1.106554e+06 
7.469800e+03 3.083630e+07 1.702391e+06 
7.047550e+03 2.878885e+07 2.213108e+06 
7.015150e+03 2.902074e+07 2.042869e+06 

7.220800e+03 3.051138e+07 1.617271e+06 
8.174200e+03 3.342775e+07 1.276793e+06 
8.105550e+03 3.304622e+07 1.404473e+06 
7.238400e+03 3.019830e+07 1.447032e+06 
8.258850e+03 3.321657e+07 1.234234e+06 
8.109950e+03 3.287811e+07 1.361913e+06 
6.772750e+03 2.813698e+07 2.042869e+06 
6.565650e+03 2.764481e+07 1.957750e+06 
8.387300e+03 3.452202e+07 1.191674e+06 
6.516050e+03 2.755274e+07 2.042869e+06 
6.502900e+03 2.700028e+07 2.213108e+06 
8.178200e+03 3.307848e+07 1.319353e+06 
6.521700e+03 2.697064e+07 2.042869e+06 
7.095500e+03 2.958407e+07 1.872630e+06 
8.164550e+03 3.386056e+07 1.447032e+06 
6.434200e+03 2.693051e+07 2.127989e+06 
7.062650e+03 2.975714e+07 1.702391e+06 
7.170700e+03 3.039426e+07 1.872630e+06 
6.540150e+03 2.673658e+07 2.383347e+06 
9.076050e+03 3.633093e+07 1.159753e+06 
7.062800e+03 2.974861e+07 1.872630e+06 
8.199650e+03 3.326858e+07 1.234234e+06 
7.055550e+03 2.982455e+07 1.872630e+06 
6.539050e+03 2.684205e+07 2.298228e+06 
8.879600e+03 3.575291e+07 8.511955e+05 

7.356300e+03 2.999771e+07 1.532152e+06 
7.352750e+03 2.982517e+07 1.617271e+06 
8.447600e+03 3.445753e+07 9.121750e+05 
6.826550e+03 2.835306e+07 1.957750e+06 
8.434750e+03 3.467328e+07 1.021435e+06 
6.537000e+03 2.723755e+07 2.213108e+06 
6.454650e+03 2.669723e+07 2.383347e+06 
6.507700e+03 2.649381e+07 2.468467e+06 
8.442450e+03 3.453357e+07 1.500231e+06 
8.491300e+03 3.454809e+07 1.361913e+06 
6.908300e+03 2.859858e+07 1.872630e+06 
6.551200e+03 2.702784e+07 2.298228e+06 
6.821700e+03 2.845620e+07 1.957750e+06 
6.499050e+03 2.706136e+07 2.298228e+06 
7.450900e+03 3.025449e+07 1.435279e+06 
6.865750e+03 2.883216e+07 1.872630e+06 
8.423750e+03 3.442209e+07 1.106554e+06 
7.278950e+03 2.970212e+07 1.702391e+06 
8.291850e+03 3.326514e+07 1.276793e+06 
6.561150e+03 2.716732e+07 2.213108e+06 
8.440000e+03 3.407971e+07 1.021435e+06 
6.411250e+03 2.656476e+07 2.468467e+06 
6.531200e+03 2.705541e+07 2.298228e+06 
7.377300e+03 2.993949e+07 1.532152e+06 
7.484350e+03 3.020018e+07 1.510820e+06 

8.359100e+03 3.465932e+07 1.074634e+06 
8.438200e+03 3.508197e+07 1.159753e+06 
6.652200e+03 2.815733e+07 2.127989e+06 
6.664850e+03 2.794392e+07 2.383347e+06 
6.763700e+03 2.831628e+07 2.042869e+06 
7.934650e+03 3.347020e+07 1.284197e+06 
6.634850e+03 2.796935e+07 2.298228e+06 
7.460700e+03 3.105515e+07 1.787511e+06 
6.677250e+03 2.790534e+07 2.468467e+06 
7.459050e+03 3.127100e+07 1.787511e+06 
7.478750e+03 3.097884e+07 1.787511e+06 
7.886000e+03 3.357221e+07 1.500231e+06 
8.084500e+03 3.438973e+07 1.244873e+06 
7.930750e+03 3.349973e+07 1.359738e+06 
7.946850e+03 3.320634e+07 1.447032e+06 
7.554750e+03 3.174343e+07 1.617271e+06 
7.927000e+03 3.353969e+07 1.532152e+06 
8.394750e+03 3.487878e+07 9.064920e+05 
7.933750e+03 3.331556e+07 1.415112e+06 
7.925650e+03 3.354623e+07 1.359738e+06 
8.358650e+03 3.504058e+07 1.159753e+06 
7.478450e+03 3.119090e+07 1.702391e+06 
6.861700e+03 2.880053e+07 1.957750e+06 
6.737300e+03 2.859808e+07 2.042869e+06 
7.937700e+03 3.337887e+07 1.361913e+06 

8.956250e+03 3.643176e+07 9.121750e+05 
7.304400e+03 3.081101e+07 2.042869e+06 
8.707900e+03 3.586830e+07 1.106554e+06 
7.407300e+03 3.057171e+07 2.042869e+06 
8.975550e+03 3.583778e+07 1.133115e+06 
7.127950e+03 3.005523e+07 2.298228e+06 
8.637750e+03 3.439711e+07 1.208656e+06 
7.152300e+03 2.997347e+07 2.170549e+06 
7.129500e+03 2.992825e+07 2.255668e+06 
8.645950e+03 3.491498e+07 1.191674e+06 
8.765200e+03 3.628665e+07 1.021435e+06 
7.062200e+03 2.980325e+07 2.425907e+06 
7.040650e+03 2.997447e+07 2.383347e+06 
8.613050e+03 3.448986e+07 1.208656e+06 
7.118750e+03 2.995630e+07 2.383347e+06 
7.070650e+03 2.995663e+07 2.340788e+06 
8.017150e+03 3.367285e+07 1.702391e+06 
7.076350e+03 3.008559e+07 2.298228e+06 
8.840150e+03 3.626220e+07 1.057574e+06 
8.188850e+03 3.391729e+07 1.617271e+06 
7.144900e+03 2.991289e+07 2.383347e+06 
8.511950e+03 3.408728e+07 1.276793e+06 
8.170650e+03 3.413800e+07 1.532152e+06 
8.935800e+03 3.586737e+07 1.106554e+06 
7.130600e+03 3.010091e+07 2.085429e+06 

