6.942050e+03 2.852454e+07 1.361913e+06 
6.832500e+03 2.841801e+07 1.510820e+06 
6.819650e+03 2.831834e+07 1.532152e+06 
6.162750e+03 2.535570e+07 2.468467e+06 
6.759250e+03 2.816370e+07 1.586361e+06 
6.179400e+03 2.530453e+07 2.468467e+06 
6.735400e+03 2.759991e+07 1.702391e+06 
6.895550e+03 2.845062e+07 1.447032e+06 
7.258450e+03 3.010016e+07 1.208656e+06 
7.187150e+03 3.006688e+07 1.208656e+06 
6.932850e+03 2.840184e+07 1.435279e+06 
6.932050e+03 2.882558e+07 1.415112e+06 
8.400600e+03 3.445062e+07 9.734378e+05 
7.801200e+03 3.217228e+07 1.019490e+06 
6.672850e+03 2.741058e+07 1.787511e+06 
6.881700e+03 2.848342e+07 1.447032e+06 
6.540100e+03 2.656111e+07 1.957750e+06 
7.662350e+03 3.136780e+07 1.106554e+06 
7.695300e+03 3.200661e+07 1.021435e+06 
6.932450e+03 2.839881e+07 1.447032e+06 
6.666150e+03 2.749451e+07 1.872630e+06 
6.180450e+03 2.533357e+07 2.468467e+06 
6.790750e+03 2.811814e+07 1.586361e+06 
6.901050e+03 2.840420e+07 1.435279e+06 
6.538450e+03 2.649246e+07 1.957750e+06 
8.779900e+03 3.530496e+07 8.525681e+05 
7.701250e+03 3.176608e+07 1.057574e+06 
7.674850e+03 3.180213e+07 1.057574e+06 
8.810950e+03 3.466616e+07 8.937553e+05 
8.781500e+03 3.488538e+07 8.724740e+05 
6.950600e+03 2.880093e+07 1.361913e+06 
6.347350e+03 2.569148e+07 2.127989e+06 
6.730050e+03 2.782157e+07 1.617271e+06 
6.222450e+03 2.567733e+07 2.298228e+06 
6.322050e+03 2.586527e+07 2.127989e+06 
8.337750e+03 3.340078e+07 9.363151e+05 
6.829100e+03 2.817968e+07 1.532152e+06 
6.679400e+03 2.760335e+07 1.787511e+06 
8.308800e+03 3.314085e+07 9.820330e+05 
7.629250e+03 3.166599e+07 1.021435e+06 
6.170050e+03 2.545674e+07 2.553587e+06 
6.667800e+03 2.751998e+07 1.872630e+06 
8.810700e+03 3.470856e+07 8.853436e+05 
6.945400e+03 2.895258e+07 1.361913e+06 
8.757050e+03 3.447892e+07 8.937553e+05 
6.944500e+03 2.856926e+07 1.435279e+06 
6.382250e+03 2.602238e+07 2.042869e+06 
7.009400e+03 2.935257e+07 1.284197e+06 
8.464450e+03 3.395641e+07 9.345320e+05 
6.904650e+03 2.840891e+07 1.447032e+06 
6.864300e+03 2.861196e+07 1.447032e+06 
7.275800e+03 3.029274e+07 1.191674e+06 
8.844500e+03 3.500895e+07 8.764034e+05 
6.292250e+03 2.565114e+07 2.213108e+06 
8.411750e+03 3.354352e+07 9.363151e+05 
8.542650e+03 3.410246e+07 9.064920e+05 
6.167800e+03 2.538565e+07 2.468467e+06 
6.204100e+03 2.528724e+07 2.383347e+06 
8.517750e+03 3.389858e+07 9.300608e+05 
7.670500e+03 3.208711e+07 1.057574e+06 
6.314700e+03 2.560256e+07 2.213108e+06 
6.693400e+03 2.755954e+07 1.787511e+06 
6.667750e+03 2.761421e+07 1.872630e+06 
8.818350e+03 3.466468e+07 8.853436e+05 
8.889600e+03 3.513048e+07 8.525681e+05 
6.906100e+03 2.858842e+07 1.435279e+06 
6.338050e+03 2.570004e+07 2.127989e+06 
8.746550e+03 3.456244e+07 8.853436e+05 
8.723450e+03 3.486691e+07 8.937553e+05 
6.949850e+03 2.856119e+07 1.359738e+06 
6.225350e+03 2.555473e+07 2.298228e+06 
7.287000e+03 3.022469e+07 1.191674e+06 
8.401650e+03 3.355511e+07 9.363151e+05 
8.667650e+03 3.448490e+07 8.942892e+05 
7.757550e+03 3.187225e+07 1.019490e+06 
7.522600e+03 3.097928e+07 1.106554e+06 
8.757200e+03 3.480026e+07 8.937553e+05 
6.870950e+03 2.851195e+07 1.447032e+06 
8.700450e+03 3.503771e+07 8.937553e+05 
6.348050e+03 2.570878e+07 2.127989e+06 
6.684350e+03 2.750961e+07 1.702391e+06 
7.545600e+03 3.097356e+07 1.133115e+06 
6.163300e+03 2.549148e+07 2.468467e+06 
7.163950e+03 3.008561e+07 1.276793e+06 
7.266650e+03 3.033467e+07 1.191674e+06 
6.174650e+03 2.534239e+07 2.468467e+06 
6.561300e+03 2.670954e+07 1.957750e+06 
6.733950e+03 2.752761e+07 1.787511e+06 
6.939050e+03 2.834444e+07 1.447032e+06 
6.321650e+03 2.578125e+07 2.127989e+06 
7.062300e+03 2.959430e+07 1.284197e+06 
8.351950e+03 3.334021e+07 9.788749e+05 
7.158750e+03 2.983369e+07 1.276793e+06 
8.780250e+03 3.500260e+07 8.525681e+05 
6.919650e+03 2.842838e+07 1.447032e+06 
8.503750e+03 3.365918e+07 9.658323e+05 
6.816850e+03 2.806931e+07 1.532152e+06 
6.871750e+03 2.815276e+07 1.532152e+06 
8.441200e+03 3.345597e+07 9.300608e+05 
8.349500e+03 3.336709e+07 9.382001e+05 
8.758900e+03 3.469513e+07 8.937553e+05 
6.867050e+03 2.801863e+07 1.532152e+06 
6.325150e+03 2.580393e+07 2.127989e+06 
8.784300e+03 3.508238e+07 8.764034e+05 
7.676450e+03 3.158248e+07 1.074634e+06 
7.190700e+03 3.015201e+07 1.208656e+06 
7.335900e+03 3.078343e+07 1.191674e+06 
6.331350e+03 2.572240e+07 2.127989e+06 
8.785950e+03 3.491598e+07 8.525681e+05 
7.677400e+03 3.186077e+07 1.021435e+06 
6.676100e+03 2.746588e+07 1.872630e+06 
6.751150e+03 2.784165e+07 1.617271e+06 
6.188100e+03 2.533102e+07 2.383347e+06 
7.219700e+03 3.008559e+07 1.244873e+06 
7.762350e+03 3.214580e+07 1.019490e+06 
6.310750e+03 2.559286e+07 2.213108e+06 
6.671150e+03 2.751153e+07 1.787511e+06 
6.684700e+03 2.758332e+07 1.787511e+06 
8.322250e+03 3.314810e+07 9.820330e+05 
8.074050e+03 3.381176e+07 9.837181e+05 
6.893950e+03 2.817020e+07 1.532152e+06 
6.413800e+03 2.610200e+07 2.042869e+06 
8.050250e+03 3.416801e+07 9.837181e+05 
6.304300e+03 2.563485e+07 2.213108e+06 
6.324150e+03 2.566899e+07 2.127989e+06 
7.741500e+03 3.194993e+07 1.019490e+06 
6.820000e+03 2.815066e+07 1.586361e+06 
8.468850e+03 3.371076e+07 9.300608e+05 
7.670950e+03 3.200796e+07 1.057574e+06 
8.778700e+03 3.451223e+07 8.853436e+05 
6.698350e+03 2.756349e+07 1.702391e+06 
6.294850e+03 2.556609e+07 2.213108e+06 
6.999400e+03 2.881847e+07 1.359738e+06 
6.193650e+03 2.529198e+07 2.383347e+06 
8.530050e+03 3.413401e+07 9.064920e+05 
7.208500e+03 3.009611e+07 1.208656e+06 
6.223300e+03 2.549580e+07 2.298228e+06 
6.680550e+03 2.744631e+07 1.872630e+06 
7.674400e+03 3.217230e+07 1.021435e+06 
8.848050e+03 3.469495e+07 8.853436e+05 
8.299250e+03 3.304093e+07 9.788749e+05 
6.978350e+03 2.882705e+07 1.361913e+06 
8.054500e+03 3.395191e+07 9.837181e+05 
6.914550e+03 2.852455e+07 1.435279e+06 
6.304650e+03 2.561863e+07 2.213108e+06 
6.246000e+03 2.555041e+07 2.298228e+06 
6.186450e+03 2.541051e+07 2.383347e+06 
7.486500e+03 3.093105e+07 1.106554e+06 
6.291850e+03 2.561369e+07 2.213108e+06 
6.887450e+03 2.847489e+07 1.447032e+06 
8.383150e+03 3.326951e+07 9.363151e+05 
6.787850e+03 2.815346e+07 1.586361e+06 
6.956850e+03 2.847121e+07 1.435279e+06 
8.767900e+03 3.485358e+07 8.853436e+05 
6.693900e+03 2.751765e+07 1.787511e+06 
8.044900e+03 3.349050e+07 9.837181e+05 
6.251650e+03 2.550811e+07 2.298228e+06 
6.192100e+03 2.527552e+07 2.383347e+06 
6.991950e+03 2.916712e+07 1.359738e+06 
6.177750e+03 2.532320e+07 2.468467e+06 
7.494650e+03 3.098266e+07 1.133115e+06 
6.223050e+03 2.554709e+07 2.298228e+06 
6.888250e+03 2.827039e+07 1.447032e+06 
7.089450e+03 2.913445e+07 1.359738e+06 
7.683900e+03 3.167928e+07 1.057574e+06 
8.581300e+03 3.416953e+07 9.064920e+05 
6.235750e+03 2.556030e+07 2.298228e+06 
8.426950e+03 3.340832e+07 9.363151e+05 
6.831550e+03 2.809560e+07 1.586361e+06 
8.477450e+03 3.370416e+07 9.363151e+05 
6.379450e+03 2.569104e+07 2.127989e+06 
8.785850e+03 3.476781e+07 8.853436e+05 
6.180150e+03 2.538318e+07 2.468467e+06 
8.488400e+03 3.375167e+07 9.064920e+05 
8.323650e+03 3.312131e+07 9.820330e+05 
6.731950e+03 2.799968e+07 1.617271e+06 
8.811150e+03 3.501911e+07 8.525681e+05 
8.631400e+03 3.438749e+07 8.942892e+05 
8.422750e+03 3.345395e+07 9.658323e+05 
6.188050e+03 2.532255e+07 2.383347e+06 
6.655700e+03 2.762613e+07 1.872630e+06 
6.697850e+03 2.746734e+07 1.872630e+06 
8.385050e+03 3.358470e+07 9.300608e+05 
6.822650e+03 2.826486e+07 1.532152e+06 
6.736700e+03 2.792337e+07 1.617271e+06 
7.262250e+03 3.022539e+07 1.191674e+06 
8.755500e+03 3.506440e+07 8.937553e+05 
6.192750e+03 2.528867e+07 2.383347e+06 
6.218100e+03 2.555620e+07 2.298228e+06 
6.947300e+03 2.893078e+07 1.361913e+06 
7.581800e+03 3.097871e+07 1.133115e+06 
7.108850e+03 2.962640e+07 1.284197e+06 
6.741650e+03 2.782657e+07 1.617271e+06 
6.767300e+03 2.825251e+07 1.586361e+06 
7.190150e+03 3.023451e+07 1.208656e+06 
6.327250e+03 2.565783e+07 2.127989e+06 
6.222600e+03 2.528067e+07 2.383347e+06 
7.200550e+03 2.990973e+07 1.276793e+06 
6.428550e+03 2.615947e+07 2.042869e+06 
6.852050e+03 2.830807e+07 1.447032e+06 

8.341850e+03 3.363656e+07 9.820330e+05 
6.272700e+03 2.520965e+07 2.042869e+06 
8.374250e+03 3.427897e+07 9.064920e+05 
6.869950e+03 2.791562e+07 1.586361e+06 
6.184100e+03 2.506565e+07 2.383347e+06 
7.345000e+03 3.043546e+07 1.106554e+06 
7.284000e+03 3.001939e+07 1.133115e+06 
6.899800e+03 2.868659e+07 1.435279e+06 
6.965000e+03 2.864590e+07 1.359738e+06 
6.216000e+03 2.512585e+07 2.213108e+06 
6.181500e+03 2.512557e+07 2.298228e+06 
7.759900e+03 3.183200e+07 1.021435e+06 
6.760700e+03 2.803564e+07 1.532152e+06 
7.352650e+03 3.020309e+07 1.106554e+06 
6.282650e+03 2.519631e+07 2.042869e+06 
6.358200e+03 2.553360e+07 1.957750e+06 
9.022750e+03 3.636124e+07 8.412954e+05 
6.196350e+03 2.519935e+07 2.213108e+06 
6.196050e+03 2.512386e+07 2.298228e+06 
6.802700e+03 2.814797e+07 1.532152e+06 
6.486300e+03 2.641395e+07 1.787511e+06 
7.084950e+03 2.936775e+07 1.276793e+06 
6.109100e+03 2.461145e+07 2.468467e+06 
6.827700e+03 2.785928e+07 1.702391e+06 
8.694950e+03 3.675686e+07 8.511955e+05 
6.200000e+03 2.510218e+07 2.298228e+06 
6.821800e+03 2.819611e+07 1.510820e+06 
6.165850e+03 2.477095e+07 2.383347e+06 
6.325700e+03 2.574273e+07 1.957750e+06 
6.327000e+03 2.564398e+07 1.957750e+06 
6.927600e+03 2.861881e+07 1.435279e+06 
6.292350e+03 2.526450e+07 2.042869e+06 
6.965300e+03 2.868558e+07 1.359738e+06 
6.313900e+03 2.562544e+07 1.957750e+06 
6.188200e+03 2.514674e+07 2.298228e+06 
6.945050e+03 2.853932e+07 1.435279e+06 
6.851350e+03 2.775386e+07 1.702391e+06 
6.336800e+03 2.563450e+07 1.957750e+06 
8.272250e+03 3.316488e+07 9.895141e+05 
6.240200e+03 2.494057e+07 2.213108e+06 
7.013150e+03 2.909375e+07 1.284197e+06 
6.143550e+03 2.486689e+07 2.383347e+06 
8.243500e+03 3.305468e+07 9.895141e+05 
6.212850e+03 2.496459e+07 2.213108e+06 
8.675000e+03 3.680498e+07 8.511955e+05 
6.918450e+03 2.807382e+07 1.510820e+06 
6.829050e+03 2.821869e+07 1.532152e+06 
6.206150e+03 2.513692e+07 2.213108e+06 
6.398250e+03 2.587972e+07 1.872630e+06 
8.926000e+03 3.536942e+07 8.724740e+05 
8.508550e+03 3.409476e+07 9.064920e+05 
6.802600e+03 2.819751e+07 1.447032e+06 
6.386600e+03 2.579262e+07 1.872630e+06 
6.200650e+03 2.515298e+07 2.213108e+06 
6.904300e+03 2.850856e+07 1.435279e+06 
6.734850e+03 2.803742e+07 1.617271e+06 
6.752550e+03 2.777690e+07 1.617271e+06 
6.177450e+03 2.513335e+07 2.298228e+06 
6.259000e+03 2.498981e+07 2.127989e+06 
9.318850e+03 3.707135e+07 8.309510e+05 
6.733150e+03 2.796562e+07 1.702391e+06 
6.499600e+03 2.652790e+07 1.787511e+06 
8.388850e+03 3.368467e+07 9.363151e+05 
6.225900e+03 2.503775e+07 2.213108e+06 
7.006750e+03 2.869705e+07 1.359738e+06 
6.930050e+03 2.778499e+07 1.702391e+06 
6.102100e+03 2.464939e+07 2.468467e+06 
6.737250e+03 2.781935e+07 1.702391e+06 
8.644750e+03 3.724883e+07 8.511955e+05 
9.361650e+03 3.703436e+07 8.309510e+05 
6.308900e+03 2.573626e+07 1.957750e+06 
7.243800e+03 3.008626e+07 1.133115e+06 
6.950750e+03 2.868628e+07 1.361913e+06 
7.177000e+03 2.963126e+07 1.191674e+06 
6.750450e+03 2.808905e+07 1.617271e+06 
6.945900e+03 2.868929e+07 1.361913e+06 
6.221250e+03 2.510101e+07 2.213108e+06 
6.329400e+03 2.540986e+07 2.042869e+06 
6.939450e+03 2.854193e+07 1.361913e+06 
8.654350e+03 3.717655e+07 8.511955e+05 
6.099650e+03 2.463794e+07 2.468467e+06 
6.239600e+03 2.498637e+07 2.213108e+06 
7.084700e+03 2.918994e+07 1.276793e+06 
6.771650e+03 2.816051e+07 1.532152e+06 
9.145700e+03 3.582876e+07 8.412954e+05 
9.040900e+03 3.531508e+07 9.363151e+05 
6.422250e+03 2.586917e+07 1.872630e+06 
6.709700e+03 2.796776e+07 1.702391e+06 
6.734700e+03 2.788879e+07 1.702391e+06 
8.643850e+03 3.654113e+07 8.511955e+05 
6.839950e+03 2.795434e+07 1.532152e+06 
7.209000e+03 3.008474e+07 1.191674e+06 
7.133050e+03 2.968465e+07 1.208656e+06 
7.019200e+03 2.902565e+07 1.284197e+06 
6.342400e+03 2.563339e+07 1.957750e+06 
8.802150e+03 3.471515e+07 8.765331e+05 
8.934350e+03 3.510710e+07 8.985561e+05 
9.010350e+03 3.589234e+07 8.724740e+05 
7.049950e+03 2.940936e+07 1.276793e+06 
7.480050e+03 3.079628e+07 1.106554e+06 
7.340600e+03 3.023669e+07 1.106554e+06 
6.763000e+03 2.784326e+07 1.617271e+06 
6.176800e+03 2.520449e+07 2.298228e+06 
7.064750e+03 2.950506e+07 1.276793e+06 
8.940600e+03 3.572684e+07 8.765331e+05 
6.194400e+03 2.523334e+07 2.213108e+06 
7.134950e+03 2.977760e+07 1.208656e+06 
6.732700e+03 2.805233e+07 1.617271e+06 
6.130250e+03 2.478879e+07 2.383347e+06 
7.752500e+03 3.186918e+07 1.037375e+06 
6.901000e+03 2.781900e+07 1.702391e+06 
6.290300e+03 2.530713e+07 2.042869e+06 
6.179300e+03 2.515587e+07 2.298228e+06 
6.285850e+03 2.516654e+07 2.042869e+06 
6.385200e+03 2.559920e+07 1.957750e+06 
7.167700e+03 2.952707e+07 1.208656e+06 
6.107600e+03 2.461419e+07 2.468467e+06 
6.087600e+03 2.461291e+07 2.553587e+06 
7.437600e+03 3.033154e+07 1.106554e+06 
6.522200e+03 2.645471e+07 1.787511e+06 
6.117500e+03 2.463151e+07 2.468467e+06 
6.269850e+03 2.495420e+07 2.213108e+06 
8.952050e+03 3.605699e+07 8.511955e+05 
7.276500e+03 3.002617e+07 1.159753e+06 
8.588450e+03 3.689789e+07 9.064920e+05 
6.479850e+03 2.580166e+07 1.872630e+06 
9.354000e+03 3.709053e+07 8.309510e+05 
6.769750e+03 2.782479e+07 1.617271e+06 
7.764250e+03 3.169915e+07 1.021435e+06 
6.145900e+03 2.477581e+07 2.383347e+06 
8.400800e+03 3.357498e+07 9.363151e+05 
6.721850e+03 2.781579e+07 1.702391e+06 
6.310200e+03 2.575800e+07 1.957750e+06 
6.798200e+03 2.812945e+07 1.447032e+06 
7.358350e+03 3.034202e+07 1.106554e+06 
6.414150e+03 2.585857e+07 1.872630e+06 
8.601700e+03 3.659200e+07 9.064920e+05 
6.088900e+03 2.461485e+07 2.553587e+06 
6.207100e+03 2.510900e+07 2.213108e+06 
6.829950e+03 2.786887e+07 1.586361e+06 
6.893100e+03 2.864775e+07 1.435279e+06 
8.946950e+03 3.598199e+07 8.577168e+05 
8.983600e+03 3.589878e+07 8.724740e+05 
9.032600e+03 3.619533e+07 8.412954e+05 
8.383750e+03 3.372897e+07 9.363151e+05 
8.851250e+03 3.526106e+07 9.043945e+05 
6.098900e+03 2.461670e+07 2.553587e+06 
7.156750e+03 2.962775e+07 1.244873e+06 
6.215850e+03 2.515584e+07 2.213108e+06 
9.115050e+03 3.681778e+07 8.309510e+05 
8.907350e+03 3.593467e+07 8.765331e+05 
8.944000e+03 3.568746e+07 8.412954e+05 
6.420750e+03 2.583677e+07 1.872630e+06 
6.903050e+03 2.863924e+07 1.435279e+06 
8.290400e+03 3.308510e+07 9.895141e+05 
6.942500e+03 2.885585e+07 1.361913e+06 
6.085600e+03 2.472198e+07 2.553587e+06 
6.304900e+03 2.577933e+07 1.957750e+06 
7.325750e+03 3.005537e+07 1.133115e+06 
8.319250e+03 3.374580e+07 9.820330e+05 
8.911400e+03 3.644279e+07 8.585176e+05 
6.921100e+03 2.884757e+07 1.361913e+06 
8.338700e+03 3.354701e+07 9.363151e+05 
8.639750e+03 3.418037e+07 9.064920e+05 
9.034850e+03 3.567948e+07 8.412954e+05 
9.038700e+03 3.578131e+07 8.412954e+05 
6.294900e+03 2.521758e+07 2.042869e+06 
7.723300e+03 3.144201e+07 1.021435e+06 
7.169650e+03 2.964630e+07 1.208656e+06 
7.163550e+03 2.952970e+07 1.208656e+06 
6.213150e+03 2.500454e+07 2.298228e+06 
6.840250e+03 2.805754e+07 1.532152e+06 
7.169000e+03 2.963855e+07 1.244873e+06 
7.213800e+03 3.002124e+07 1.191674e+06 
6.246900e+03 2.501845e+07 2.127989e+06 
6.987600e+03 2.891029e+07 1.284197e+06 
6.408150e+03 2.579119e+07 1.872630e+06 
7.166000e+03 2.968986e+07 1.208656e+06 
8.303550e+03 3.339868e+07 9.820330e+05 
6.849450e+03 2.797600e+07 1.586361e+06 
6.159300e+03 2.473547e+07 2.383347e+06 
7.232600e+03 2.987785e+07 1.133115e+06 
6.164650e+03 2.483435e+07 2.383347e+06 
8.364850e+03 3.373996e+07 9.363151e+05 
6.284150e+03 2.547272e+07 2.042869e+06 
6.729200e+03 2.803241e+07 1.702391e+06 
9.459550e+03 3.694475e+07 8.309510e+05 
6.240550e+03 2.497440e+07 2.127989e+06 
6.392300e+03 2.593631e+07 1.872630e+06 
8.604900e+03 3.622768e+07 9.064920e+05 
6.316650e+03 2.521745e+07 2.042869e+06 
8.620850e+03 3.706611e+07 8.511955e+05 
6.228700e+03 2.501052e+07 2.213108e+06 
9.180350e+03 3.728870e+07 8.309510e+05 
9.029050e+03 3.583787e+07 8.724740e+05 
8.362750e+03 3.375022e+07 9.363151e+05 
6.194300e+03 2.516959e+07 2.213108e+06 
6.148450e+03 2.483893e+07 2.383347e+06 
7.215400e+03 2.987683e+07 1.191674e+06 
6.214500e+03 2.519718e+07 2.213108e+06 

6.337300e+03 2.602398e+07 2.127989e+06 
7.268850e+03 3.018739e+07 1.284197e+06 
6.247600e+03 2.567095e+07 2.383347e+06 
7.828500e+03 3.156412e+07 1.133115e+06 
7.164600e+03 3.016997e+07 1.208656e+06 
6.367050e+03 2.622854e+07 2.042869e+06 
6.995800e+03 2.907104e+07 1.435279e+06 
7.591300e+03 3.183687e+07 1.133115e+06 
7.187000e+03 3.023143e+07 1.208656e+06 
6.872350e+03 2.863941e+07 1.617271e+06 
8.894900e+03 3.626519e+07 8.309510e+05 
7.821700e+03 3.157755e+07 1.106554e+06 
8.279850e+03 3.307187e+07 9.363151e+05 
7.147850e+03 2.924212e+07 1.361913e+06 
8.428900e+03 3.344265e+07 9.064920e+05 
7.591050e+03 3.213932e+07 1.133115e+06 
6.826600e+03 2.817681e+07 1.702391e+06 
6.929450e+03 2.865413e+07 1.447032e+06 
7.896800e+03 3.348252e+07 1.019490e+06 
6.947300e+03 2.861068e+07 1.447032e+06 
6.826650e+03 2.821596e+07 1.702391e+06 
7.009000e+03 2.897131e+07 1.435279e+06 
8.329350e+03 3.313627e+07 9.121750e+05 
7.378000e+03 3.100317e+07 1.191674e+06 
7.945200e+03 3.415972e+07 1.021435e+06 
6.890900e+03 2.868788e+07 1.532152e+06 
6.189600e+03 2.550688e+07 2.553587e+06 
6.928300e+03 2.898659e+07 1.447032e+06 
6.877900e+03 2.846806e+07 1.617271e+06 
6.190450e+03 2.549752e+07 2.553587e+06 
7.560950e+03 3.170658e+07 1.159753e+06 
6.248300e+03 2.602060e+07 2.213108e+06 
7.991700e+03 3.214230e+07 1.021435e+06 
7.783900e+03 3.149732e+07 1.133115e+06 
6.949400e+03 2.889808e+07 1.447032e+06 
6.184450e+03 2.554065e+07 2.553587e+06 
6.818700e+03 2.820294e+07 1.702391e+06 
6.934800e+03 2.843759e+07 1.617271e+06 
8.862850e+03 3.596387e+07 8.406318e+05 
6.215200e+03 2.573679e+07 2.383347e+06 
6.895250e+03 2.891423e+07 1.532152e+06 
6.966000e+03 2.908231e+07 1.435279e+06 
6.327400e+03 2.621141e+07 2.127989e+06 
7.224750e+03 2.944723e+07 1.359738e+06 
6.208500e+03 2.555952e+07 2.468467e+06 
8.807600e+03 3.591941e+07 8.309510e+05 
6.324750e+03 2.594921e+07 2.213108e+06 
7.610250e+03 3.191858e+07 1.159753e+06 
7.674650e+03 3.289216e+07 1.041847e+06 
7.132400e+03 2.931155e+07 1.361913e+06 
6.261400e+03 2.580326e+07 2.298228e+06 
7.190400e+03 2.953209e+07 1.359738e+06 
7.559450e+03 3.225537e+07 1.133115e+06 
7.960200e+03 3.161751e+07 1.106554e+06 
7.897100e+03 3.189990e+07 1.057574e+06 
6.937900e+03 2.890526e+07 1.447032e+06 
7.174350e+03 3.036650e+07 1.284197e+06 
7.918300e+03 3.191355e+07 1.021435e+06 
8.794800e+03 3.653259e+07 8.511955e+05 
7.091300e+03 2.964490e+07 1.361913e+06 
6.199550e+03 2.548001e+07 2.553587e+06 
7.578750e+03 3.256871e+07 1.133115e+06 
6.245500e+03 2.611952e+07 2.298228e+06 
7.771850e+03 3.141947e+07 1.159753e+06 
6.182050e+03 2.551997e+07 2.468467e+06 
7.872900e+03 3.323994e+07 1.035103e+06 
7.832800e+03 3.171229e+07 1.106554e+06 
7.630650e+03 3.301869e+07 1.057574e+06 
6.365850e+03 2.629667e+07 2.042869e+06 
6.901500e+03 2.860459e+07 1.532152e+06 
7.848200e+03 3.164037e+07 1.106554e+06 
6.187350e+03 2.552542e+07 2.553587e+06 
7.790050e+03 3.170809e+07 1.133115e+06 
7.850650e+03 3.155943e+07 1.106554e+06 
8.533500e+03 3.381761e+07 8.764034e+05 
8.356800e+03 3.315380e+07 9.121750e+05 
7.716600e+03 3.300330e+07 1.057574e+06 
6.372200e+03 2.622778e+07 2.042869e+06 
8.377150e+03 3.282556e+07 9.363151e+05 
6.913050e+03 2.845222e+07 1.617271e+06 
6.918600e+03 2.903040e+07 1.447032e+06 
6.913100e+03 2.852141e+07 1.532152e+06 
6.241800e+03 2.578436e+07 2.298228e+06 
8.419050e+03 3.294639e+07 8.764034e+05 
6.669850e+03 2.758768e+07 1.957750e+06 
6.826050e+03 2.802680e+07 1.787511e+06 
6.799800e+03 2.797380e+07 1.787511e+06 
8.295000e+03 3.317728e+07 9.363151e+05 
6.972050e+03 2.914529e+07 1.435279e+06 
7.895600e+03 3.204859e+07 1.057574e+06 
8.311150e+03 3.293184e+07 9.363151e+05 
8.441300e+03 3.307025e+07 9.064920e+05 
7.560350e+03 3.237638e+07 1.159753e+06 
7.272450e+03 3.005809e+07 1.284197e+06 
6.231300e+03 2.550395e+07 2.468467e+06 
6.399650e+03 2.614590e+07 2.042869e+06 
7.184650e+03 3.018634e+07 1.329992e+06 
6.707400e+03 2.764053e+07 1.872630e+06 
6.247800e+03 2.587567e+07 2.213108e+06 
6.321100e+03 2.623854e+07 2.127989e+06 
7.840800e+03 3.170473e+07 1.106554e+06 
6.918000e+03 2.864681e+07 1.532152e+06 
7.890350e+03 3.165765e+07 1.057574e+06 
6.980900e+03 2.900902e+07 1.435279e+06 
7.884550e+03 3.337481e+07 1.035103e+06 
6.898350e+03 2.849453e+07 1.617271e+06 
6.358850e+03 2.612243e+07 2.042869e+06 
6.918550e+03 2.855632e+07 1.532152e+06 
6.331000e+03 2.600227e+07 2.127989e+06 
6.802650e+03 2.807513e+07 1.787511e+06 
6.693650e+03 2.757519e+07 1.957750e+06 
8.872200e+03 3.588105e+07 8.309510e+05 
6.211650e+03 2.554301e+07 2.468467e+06 
6.829750e+03 2.794316e+07 1.787511e+06 
6.229500e+03 2.570869e+07 2.383347e+06 
6.195000e+03 2.551598e+07 2.468467e+06 
6.718650e+03 2.760015e+07 1.872630e+06 
7.024150e+03 2.865693e+07 1.447032e+06 
6.909100e+03 2.868383e+07 1.532152e+06 
6.988500e+03 2.881519e+07 1.447032e+06 
6.398500e+03 2.619308e+07 2.042869e+06 
6.875950e+03 2.865383e+07 1.617271e+06 
6.902350e+03 2.871420e+07 1.532152e+06 
6.687300e+03 2.762587e+07 1.957750e+06 
8.564100e+03 3.376256e+07 8.764034e+05 
7.856700e+03 3.181178e+07 1.057574e+06 
6.923750e+03 2.849856e+07 1.532152e+06 
7.026700e+03 2.902432e+07 1.435279e+06 
6.189200e+03 2.548153e+07 2.553587e+06 
6.874200e+03 2.878789e+07 1.617271e+06 
6.327000e+03 2.626235e+07 2.127989e+06 
6.959400e+03 2.840003e+07 1.617271e+06 
7.941700e+03 3.210408e+07 9.820330e+05 
6.362450e+03 2.642178e+07 2.042869e+06 
6.829150e+03 2.816642e+07 1.702391e+06 
6.925100e+03 2.895291e+07 1.447032e+06 
6.807400e+03 2.803950e+07 1.787511e+06 
8.878750e+03 3.593868e+07 8.406318e+05 
6.328350e+03 2.613888e+07 2.127989e+06 
8.312100e+03 3.305019e+07 9.363151e+05 
6.678600e+03 2.766157e+07 1.957750e+06 
6.332600e+03 2.609700e+07 2.127989e+06 
7.050600e+03 2.949606e+07 1.361913e+06 
8.027150e+03 3.271529e+07 9.820330e+05 
7.814900e+03 3.158595e+07 1.133115e+06 
6.815450e+03 2.821478e+07 1.702391e+06 
7.868500e+03 3.188087e+07 1.074634e+06 
7.163450e+03 2.939403e+07 1.359738e+06 
8.698000e+03 3.559983e+07 8.511955e+05 
7.101300e+03 2.923120e+07 1.361913e+06 
6.268350e+03 2.596463e+07 2.213108e+06 
6.339550e+03 2.592830e+07 2.127989e+06 
6.852750e+03 2.815141e+07 1.702391e+06 
6.922800e+03 2.903020e+07 1.447032e+06 
6.692950e+03 2.746598e+07 1.957750e+06 
6.688000e+03 2.752299e+07 1.872630e+06 
6.976100e+03 2.888097e+07 1.447032e+06 
7.070050e+03 2.974240e+07 1.361913e+06 
6.229300e+03 2.560652e+07 2.383347e+06 
7.005900e+03 2.903642e+07 1.435279e+06 
6.896950e+03 2.829229e+07 1.617271e+06 
8.052900e+03 3.227290e+07 9.820330e+05 
6.232800e+03 2.550737e+07 2.468467e+06 
8.844300e+03 3.574592e+07 8.511955e+05 
8.288150e+03 3.338108e+07 9.363151e+05 
6.245750e+03 2.583402e+07 2.298228e+06 
7.389900e+03 3.095173e+07 1.191674e+06 
9.011250e+03 3.605195e+07 8.309510e+05 
7.961750e+03 3.385667e+07 1.019490e+06 
6.928000e+03 2.893767e+07 1.447032e+06 
6.991050e+03 2.873253e+07 1.447032e+06 
7.980300e+03 3.220795e+07 9.837181e+05 
7.739650e+03 3.291402e+07 1.074634e+06 
6.196250e+03 2.558476e+07 2.468467e+06 
7.434650e+03 3.119789e+07 1.191674e+06 
7.602950e+03 3.277959e+07 1.057574e+06 
6.193950e+03 2.567061e+07 2.468467e+06 
8.803150e+03 3.588590e+07 8.511955e+05 
6.884550e+03 2.850325e+07 1.617271e+06 
6.232050e+03 2.552170e+07 2.468467e+06 
8.012400e+03 3.208693e+07 9.820330e+05 
6.883550e+03 2.870440e+07 1.532152e+06 
6.945550e+03 2.851092e+07 1.532152e+06 
6.875450e+03 2.871906e+07 1.617271e+06 
8.768600e+03 3.576174e+07 8.406318e+05 
7.977050e+03 3.278777e+07 9.820330e+05 
6.709400e+03 2.747895e+07 1.957750e+06 
7.636650e+03 3.237150e+07 1.057574e+06 
7.979600e+03 3.230521e+07 1.021435e+06 
8.028900e+03 3.195949e+07 1.021435e+06 
6.813250e+03 2.803526e+07 1.787511e+06 
8.860300e+03 3.643827e+07 8.406318e+05 
6.825800e+03 2.823060e+07 1.702391e+06 
7.612450e+03 3.220264e+07 1.106554e+06 
6.786100e+03 2.820257e+07 1.787511e+06 
8.405000e+03 3.304259e+07 9.363151e+05 
6.184150e+03 2.555619e+07 2.553587e+06 
7.582750e+03 3.199611e+07 1.106554e+06 
8.933000e+03 3.614357e+07 8.309510e+05 
8.790000e+03 3.659606e+07 8.309510e+05 

7.891100e+03 3.238169e+07 1.008673e+06 
6.557300e+03 2.740423e+07 1.532152e+06 
7.808600e+03 3.408193e+07 9.363151e+05 
6.291800e+03 2.560168e+07 2.127989e+06 
7.930700e+03 3.372097e+07 9.121750e+05 
9.487400e+03 3.805916e+07 8.366060e+05 
7.845800e+03 3.381343e+07 9.121750e+05 
6.860600e+03 2.818398e+07 1.447032e+06 
7.069700e+03 2.883198e+07 1.359738e+06 
8.668600e+03 3.515936e+07 8.987604e+05 
6.422100e+03 2.692478e+07 1.702391e+06 
6.428500e+03 2.674915e+07 1.702391e+06 
6.181500e+03 2.509693e+07 2.383347e+06 
7.269400e+03 3.000971e+07 1.212952e+06 
6.187050e+03 2.511544e+07 2.298228e+06 
7.310450e+03 2.995670e+07 1.159753e+06 
7.430300e+03 3.061949e+07 1.074634e+06 
8.471050e+03 3.435271e+07 9.064920e+05 
6.879450e+03 2.818535e+07 1.500231e+06 
6.947150e+03 2.854892e+07 1.361913e+06 
6.381500e+03 2.593363e+07 2.000309e+06 
7.891950e+03 3.223018e+07 1.019490e+06 
7.984300e+03 3.264167e+07 9.837181e+05 
6.391700e+03 2.658566e+07 1.872630e+06 
6.362000e+03 2.595470e+07 2.085429e+06 
6.346550e+03 2.563137e+07 2.127989e+06 
6.165750e+03 2.513506e+07 2.468467e+06 
9.263250e+03 3.814950e+07 8.511955e+05 
6.172700e+03 2.519691e+07 2.383347e+06 
6.401800e+03 2.644765e+07 1.787511e+06 
6.178000e+03 2.502267e+07 2.298228e+06 
8.544800e+03 3.497364e+07 9.064920e+05 
7.284200e+03 3.002632e+07 1.191674e+06 
6.959950e+03 2.833326e+07 1.361913e+06 
6.900650e+03 2.802151e+07 1.361913e+06 
6.360050e+03 2.601105e+07 2.042869e+06 
6.198600e+03 2.516192e+07 2.213108e+06 
6.369450e+03 2.602442e+07 1.957750e+06 
6.876000e+03 2.814434e+07 1.447032e+06 
6.887150e+03 2.803177e+07 1.447032e+06 
7.267600e+03 2.987423e+07 1.208656e+06 
7.114650e+03 2.898040e+07 1.319353e+06 
7.853300e+03 3.248975e+07 9.910544e+05 
6.402600e+03 2.648626e+07 1.872630e+06 
7.780950e+03 3.349138e+07 9.363151e+05 
7.320350e+03 2.970365e+07 1.208656e+06 
7.892800e+03 3.285544e+07 9.910544e+05 
6.370350e+03 2.594883e+07 1.957750e+06 
6.174150e+03 2.512800e+07 2.383347e+06 
7.265200e+03 2.962276e+07 1.244873e+06 
7.893050e+03 3.260174e+07 9.837181e+05 
6.920450e+03 2.825406e+07 1.415112e+06 
6.386700e+03 2.585712e+07 2.042869e+06 
7.257100e+03 2.993728e+07 1.159753e+06 
6.383350e+03 2.597037e+07 1.957750e+06 
6.206350e+03 2.517652e+07 2.213108e+06 
7.778400e+03 3.368314e+07 9.363151e+05 
7.333250e+03 2.984983e+07 1.159753e+06 
6.356500e+03 2.575516e+07 2.042869e+06 
6.904750e+03 2.822272e+07 1.447032e+06 
8.621100e+03 3.499895e+07 8.987604e+05 
7.835750e+03 3.257812e+07 1.021435e+06 
7.852250e+03 3.254366e+07 9.820330e+05 
6.213150e+03 2.516794e+07 2.213108e+06 
7.802800e+03 3.202045e+07 1.021888e+06 
7.687700e+03 3.287608e+07 9.820330e+05 
6.351900e+03 2.589811e+07 2.042869e+06 
7.479450e+03 3.075013e+07 1.074634e+06 
6.881950e+03 2.804390e+07 1.489592e+06 
6.469550e+03 2.690895e+07 1.617271e+06 
6.820550e+03 2.780445e+07 1.510820e+06 
7.337850e+03 2.961655e+07 1.244873e+06 
6.948200e+03 2.822967e+07 1.415112e+06 
7.290500e+03 2.995653e+07 1.191674e+06 
6.354750e+03 2.605648e+07 2.042869e+06 
6.374000e+03 2.598705e+07 1.957750e+06 
7.237150e+03 2.974841e+07 1.244873e+06 
6.393100e+03 2.645132e+07 1.872630e+06 
9.393150e+03 3.746529e+07 8.511955e+05 
7.646800e+03 3.290329e+07 9.820330e+05 
7.944600e+03 3.253247e+07 1.008673e+06 
7.921500e+03 3.376205e+07 9.121750e+05 
7.867100e+03 3.264100e+07 1.008673e+06 
7.882300e+03 3.348942e+07 9.363151e+05 
6.364700e+03 2.599913e+07 2.042869e+06 
6.428200e+03 2.663503e+07 1.702391e+06 
7.302050e+03 2.964771e+07 1.244873e+06 
6.291850e+03 2.558156e+07 2.127989e+06 
7.229300e+03 2.977756e+07 1.244873e+06 
7.269500e+03 2.967168e+07 1.244873e+06 
7.654000e+03 3.287840e+07 9.820330e+05 
7.292850e+03 2.950988e+07 1.244873e+06 
6.373250e+03 2.593232e+07 1.957750e+06 
6.426000e+03 2.685012e+07 1.702391e+06 
7.601150e+03 3.275571e+07 1.021435e+06 
7.874700e+03 3.209107e+07 1.019490e+06 
7.641500e+03 3.146295e+07 1.057574e+06 
7.295600e+03 2.991447e+07 1.133115e+06 
7.299700e+03 2.997702e+07 1.133115e+06 
7.257650e+03 2.972350e+07 1.244873e+06 
8.526150e+03 3.653600e+07 9.064920e+05 
7.621050e+03 3.274472e+07 1.021435e+06 
6.158500e+03 2.512518e+07 2.468467e+06 
6.415600e+03 2.667516e+07 1.702391e+06 
6.174100e+03 2.513511e+07 2.383347e+06 
7.774100e+03 3.209253e+07 1.021888e+06 
7.918950e+03 3.221821e+07 1.021435e+06 
6.892150e+03 2.828840e+07 1.447032e+06 
6.215000e+03 2.518414e+07 2.213108e+06 
7.591550e+03 3.269794e+07 1.021435e+06 
7.251100e+03 2.938367e+07 1.284197e+06 
7.274350e+03 2.987915e+07 1.208656e+06 
8.557500e+03 3.473271e+07 9.064920e+05 
7.303550e+03 2.978960e+07 1.208656e+06 
6.787650e+03 2.777819e+07 1.510820e+06 
7.686400e+03 3.311733e+07 9.479465e+05 
6.354850e+03 2.586065e+07 2.042869e+06 
7.244700e+03 2.952866e+07 1.276793e+06 
6.455400e+03 2.697205e+07 1.617271e+06 
6.477600e+03 2.695326e+07 1.617271e+06 
6.395500e+03 2.656865e+07 1.872630e+06 
6.166500e+03 2.508308e+07 2.383347e+06 
6.397500e+03 2.660018e+07 1.787511e+06 
7.755350e+03 3.206960e+07 1.021888e+06 
6.417400e+03 2.692565e+07 1.702391e+06 
7.669100e+03 3.305181e+07 9.479465e+05 
7.486900e+03 3.067896e+07 1.057574e+06 
7.273550e+03 2.987718e+07 1.212952e+06 
6.365100e+03 2.589543e+07 2.042869e+06 
7.889800e+03 3.244064e+07 1.008673e+06 
7.258000e+03 2.990280e+07 1.208656e+06 
6.288750e+03 2.569535e+07 2.127989e+06 
9.359750e+03 3.756877e+07 8.511955e+05 
7.217450e+03 2.969484e+07 1.244873e+06 
7.133550e+03 2.935816e+07 1.284197e+06 
7.402600e+03 3.060217e+07 1.106554e+06 
6.174200e+03 2.507833e+07 2.468467e+06 
6.520500e+03 2.729955e+07 1.532152e+06 
6.372800e+03 2.589268e+07 2.042869e+06 
7.822950e+03 3.351772e+07 9.363151e+05 
6.210900e+03 2.515762e+07 2.213108e+06 
7.422000e+03 3.053765e+07 1.106554e+06 
7.283700e+03 2.981180e+07 1.208656e+06 
9.405600e+03 3.785423e+07 8.366060e+05 
6.179100e+03 2.509545e+07 2.468467e+06 
6.969150e+03 2.834698e+07 1.361913e+06 
6.163250e+03 2.509002e+07 2.468467e+06 
7.625300e+03 3.280088e+07 9.820330e+05 
9.417750e+03 3.809836e+07 8.366060e+05 
7.281900e+03 2.992986e+07 1.191674e+06 
7.317300e+03 3.006740e+07 1.133115e+06 
8.606600e+03 3.488875e+07 8.987604e+05 
7.813550e+03 3.342633e+07 9.363151e+05 
7.305000e+03 2.968581e+07 1.212952e+06 
7.230550e+03 2.925518e+07 1.284197e+06 
7.099900e+03 2.889152e+07 1.284197e+06 
9.500100e+03 3.806324e+07 8.366060e+05 
6.164350e+03 2.516200e+07 2.383347e+06 
7.846250e+03 3.236960e+07 1.021435e+06 
6.186400e+03 2.515331e+07 2.298228e+06 
6.454700e+03 2.707326e+07 1.617271e+06 
6.437500e+03 2.699294e+07 1.617271e+06 
6.293450e+03 2.558317e+07 2.127989e+06 
7.082850e+03 2.883456e+07 1.359738e+06 
7.290650e+03 2.970418e+07 1.208656e+06 
8.571350e+03 3.459643e+07 9.064920e+05 
7.112900e+03 2.956788e+07 1.284197e+06 
6.383200e+03 2.599862e+07 1.957750e+06 
6.906200e+03 2.808051e+07 1.447032e+06 
6.160050e+03 2.525535e+07 2.468467e+06 
7.274700e+03 2.987557e+07 1.208656e+06 
6.168750e+03 2.509002e+07 2.468467e+06 
7.840700e+03 3.230189e+07 1.021435e+06 
6.907550e+03 2.805382e+07 1.435279e+06 
7.833400e+03 3.362199e+07 9.121750e+05 
6.403600e+03 2.646123e+07 1.787511e+06 
6.168650e+03 2.501501e+07 2.383347e+06 
7.968100e+03 3.454123e+07 9.064920e+05 
6.201400e+03 2.510879e+07 2.298228e+06 
7.078900e+03 2.890132e+07 1.359738e+06 
9.273300e+03 3.775550e+07 8.511955e+05 
6.465900e+03 2.670575e+07 1.702391e+06 
9.183150e+03 3.728761e+07 8.511955e+05 
7.868100e+03 3.372331e+07 9.121750e+05 
6.212700e+03 2.512569e+07 2.213108e+06 
7.427350e+03 3.049802e+07 1.106554e+06 
6.151750e+03 2.518989e+07 2.468467e+06 
6.450800e+03 2.686320e+07 1.532152e+06 
6.421600e+03 2.649464e+07 1.787511e+06 
7.756450e+03 3.186819e+07 1.021888e+06 
7.283250e+03 3.004306e+07 1.191674e+06 
6.288100e+03 2.565325e+07 2.127989e+06 
9.294800e+03 3.800659e+07 8.366060e+05 
6.886200e+03 2.804797e+07 1.500231e+06 
7.253500e+03 2.966561e+07 1.276793e+06 
6.195850e+03 2.509435e+07 2.383347e+06 
6.369850e+03 2.595143e+07 1.957750e+06 
6.403400e+03 2.667987e+07 1.702391e+06 
7.248600e+03 2.991467e+07 1.212952e+06 
7.291600e+03 3.002191e+07 1.074634e+06 

6.786650e+03 2.761551e+07 1.435279e+06 
8.226600e+03 3.366441e+07 8.853414e+05 
6.299400e+03 2.533347e+07 1.957750e+06 
6.239700e+03 2.539360e+07 2.042869e+06 
6.675650e+03 2.678661e+07 1.532152e+06 
6.175000e+03 2.494906e+07 2.298228e+06 
7.432150e+03 2.998020e+07 1.106554e+06 
8.090900e+03 3.285292e+07 9.064920e+05 
6.734150e+03 2.725805e+07 1.447032e+06 
7.060900e+03 2.881758e+07 1.208656e+06 
8.123300e+03 3.312531e+07 9.575935e+05 
6.290200e+03 2.534340e+07 1.957750e+06 
6.397600e+03 2.582846e+07 1.787511e+06 
6.250050e+03 2.515716e+07 2.042869e+06 
7.007800e+03 2.866859e+07 1.284197e+06 
7.067000e+03 2.848840e+07 1.284197e+06 
6.852600e+03 2.777680e+07 1.359738e+06 
6.280700e+03 2.509235e+07 2.042869e+06 
7.695850e+03 3.216286e+07 1.021435e+06 
6.163750e+03 2.499179e+07 2.298228e+06 
6.320750e+03 2.531971e+07 1.957750e+06 
6.667450e+03 2.717701e+07 1.510820e+06 
6.609900e+03 2.690188e+07 1.532152e+06 
7.052000e+03 2.840424e+07 1.329992e+06 
7.042550e+03 2.848483e+07 1.276793e+06 
7.946750e+03 3.261935e+07 9.895141e+05 
6.243850e+03 2.526799e+07 2.042869e+06 
8.268300e+03 3.364728e+07 8.677226e+05 
7.499550e+03 3.036944e+07 1.077618e+06 
7.023600e+03 2.860703e+07 1.191674e+06 
6.394800e+03 2.560190e+07 1.872630e+06 
6.177450e+03 2.499527e+07 2.213108e+06 
7.327750e+03 2.984425e+07 1.113390e+06 
7.098000e+03 2.881814e+07 1.133115e+06 
6.736950e+03 2.734775e+07 1.447032e+06 
6.345100e+03 2.563005e+07 1.872630e+06 
6.125700e+03 2.487196e+07 2.468467e+06 
6.702800e+03 2.709039e+07 1.510820e+06 
7.056100e+03 2.861192e+07 1.191674e+06 
6.354100e+03 2.558116e+07 1.787511e+06 
6.184850e+03 2.499296e+07 2.213108e+06 
6.432900e+03 2.605879e+07 1.702391e+06 
6.780350e+03 2.761392e+07 1.361913e+06 
7.087850e+03 2.854385e+07 1.208656e+06 
6.180700e+03 2.496711e+07 2.383347e+06 
6.766200e+03 2.771912e+07 1.361913e+06 
6.225950e+03 2.533705e+07 2.042869e+06 
8.132550e+03 3.302312e+07 9.820330e+05 
7.009350e+03 2.850836e+07 1.276793e+06 
9.171600e+03 3.720138e+07 8.511955e+05 
6.146100e+03 2.511727e+07 2.383347e+06 
6.664500e+03 2.724857e+07 1.447032e+06 
6.695650e+03 2.729655e+07 1.447032e+06 
7.251100e+03 2.904467e+07 1.149161e+06 
8.113350e+03 3.339705e+07 9.064920e+05 
6.199750e+03 2.513087e+07 2.213108e+06 
6.187350e+03 2.514812e+07 2.213108e+06 
7.472050e+03 3.071783e+07 1.077618e+06 
7.038550e+03 2.870891e+07 1.208656e+06 
7.370950e+03 3.048238e+07 1.106554e+06 
7.001200e+03 2.832595e+07 1.284197e+06 
7.064850e+03 2.856676e+07 1.208656e+06 
6.728950e+03 2.687009e+07 1.510820e+06 
9.838900e+03 4.105795e+07 8.451031e+05 
6.619900e+03 2.672831e+07 1.617271e+06 
6.124100e+03 2.469451e+07 2.468467e+06 
6.329650e+03 2.551652e+07 1.872630e+06 
6.811550e+03 2.755350e+07 1.361913e+06 
6.320500e+03 2.527234e+07 1.957750e+06 
8.442850e+03 3.438819e+07 8.585176e+05 
6.254400e+03 2.503313e+07 2.127989e+06 
6.203000e+03 2.502989e+07 2.213108e+06 
6.893250e+03 2.770788e+07 1.435279e+06 
6.147650e+03 2.507466e+07 2.383347e+06 
6.313450e+03 2.520740e+07 1.957750e+06 
6.430900e+03 2.608894e+07 1.702391e+06 
8.351750e+03 3.401253e+07 8.897456e+05 
9.138300e+03 3.754386e+07 8.511955e+05 
6.798500e+03 2.755053e+07 1.361913e+06 
7.038200e+03 2.858141e+07 1.284197e+06 
7.038200e+03 2.847083e+07 1.284197e+06 
7.076600e+03 2.842474e+07 1.284197e+06 
7.510800e+03 2.997613e+07 1.106554e+06 
6.884050e+03 2.785907e+07 1.361913e+06 
6.790800e+03 2.714361e+07 1.510820e+06 
7.374400e+03 3.043993e+07 1.106554e+06 
6.657550e+03 2.690645e+07 1.586361e+06 
7.338700e+03 3.008938e+07 1.106554e+06 
6.251950e+03 2.525180e+07 2.042869e+06 
6.385850e+03 2.589827e+07 1.702391e+06 
7.524000e+03 2.988108e+07 1.077618e+06 
8.024450e+03 3.314879e+07 9.363151e+05 
6.678200e+03 2.694246e+07 1.532152e+06 
7.354650e+03 3.016852e+07 1.095504e+06 
6.169650e+03 2.504130e+07 2.298228e+06 
7.568200e+03 2.989176e+07 1.077618e+06 
8.312800e+03 3.425587e+07 8.618347e+05 
9.976500e+03 4.126241e+07 8.451031e+05 
6.337800e+03 2.568830e+07 1.872630e+06 
7.167450e+03 2.885295e+07 1.133115e+06 
6.452950e+03 2.592398e+07 1.702391e+06 
7.018150e+03 2.881126e+07 1.276793e+06 
6.259050e+03 2.529543e+07 1.957750e+06 
7.519100e+03 3.028800e+07 1.077618e+06 
6.748850e+03 2.717512e+07 1.447032e+06 
8.057900e+03 3.306558e+07 9.363151e+05 
6.808850e+03 2.782988e+07 1.361913e+06 
6.385900e+03 2.568259e+07 1.872630e+06 
7.474850e+03 3.047841e+07 1.077618e+06 
7.312700e+03 2.991850e+07 1.113390e+06 
6.373700e+03 2.561279e+07 1.787511e+06 
6.659800e+03 2.674103e+07 1.586361e+06 
7.662650e+03 3.068406e+07 1.057574e+06 
6.797300e+03 2.757251e+07 1.359738e+06 
7.582550e+03 3.017636e+07 1.074634e+06 
7.393450e+03 3.056951e+07 1.077618e+06 
7.494250e+03 3.016639e+07 1.074634e+06 
8.318050e+03 3.370671e+07 8.585176e+05 
7.244400e+03 2.913934e+07 1.133115e+06 
7.536150e+03 3.007321e+07 1.074634e+06 
8.230300e+03 3.315292e+07 9.363151e+05 
6.254350e+03 2.516614e+07 2.042869e+06 
7.015250e+03 2.826041e+07 1.359738e+06 
7.697300e+03 3.186017e+07 1.057574e+06 
6.177850e+03 2.497758e+07 2.298228e+06 
6.871850e+03 2.767038e+07 1.359738e+06 
6.237150e+03 2.523606e+07 2.042869e+06 
6.186500e+03 2.500089e+07 2.298228e+06 
7.738650e+03 3.215456e+07 9.820330e+05 
8.129300e+03 3.342840e+07 8.677226e+05 
6.253200e+03 2.523505e+07 2.042869e+06 
6.605550e+03 2.693626e+07 1.532152e+06 
6.261900e+03 2.515832e+07 2.042869e+06 
6.807000e+03 2.754714e+07 1.361913e+06 
6.655750e+03 2.684450e+07 1.532152e+06 
6.984650e+03 2.862634e+07 1.284197e+06 
8.331700e+03 3.408492e+07 8.585176e+05 
7.501250e+03 3.007043e+07 1.057574e+06 
6.281900e+03 2.544590e+07 1.957750e+06 
7.331200e+03 3.040515e+07 1.106554e+06 
7.336800e+03 3.026792e+07 1.106554e+06 
7.299450e+03 2.975753e+07 1.113390e+06 
7.357050e+03 3.055257e+07 1.106554e+06 
9.718150e+03 3.995274e+07 8.511955e+05 
7.475650e+03 2.998908e+07 1.106554e+06 
6.354800e+03 2.561818e+07 1.872630e+06 
7.362950e+03 2.998514e+07 1.113390e+06 
6.684950e+03 2.715812e+07 1.510820e+06 
6.129450e+03 2.477756e+07 2.468467e+06 
6.157050e+03 2.505519e+07 2.298228e+06 
6.144700e+03 2.497711e+07 2.383347e+06 
6.480150e+03 2.607191e+07 1.702391e+06 
7.026150e+03 2.845100e+07 1.276793e+06 
6.162350e+03 2.502028e+07 2.383347e+06 
7.439650e+03 3.083194e+07 1.077618e+06 
8.524600e+03 3.472968e+07 8.511955e+05 
7.449600e+03 3.045963e+07 1.077618e+06 
7.294350e+03 2.990693e+07 1.113390e+06 
7.156750e+03 2.872227e+07 1.191674e+06 
7.103550e+03 2.850166e+07 1.276793e+06 
6.148600e+03 2.490319e+07 2.383347e+06 
7.005600e+03 2.869177e+07 1.284197e+06 
6.193350e+03 2.496766e+07 2.127989e+06 
6.165250e+03 2.504172e+07 2.298228e+06 
6.366950e+03 2.572135e+07 1.787511e+06 
8.085150e+03 3.308999e+07 9.363151e+05 
6.710150e+03 2.697989e+07 1.510820e+06 
7.084250e+03 2.853873e+07 1.208656e+06 
7.311950e+03 2.992795e+07 1.113390e+06 
7.030850e+03 2.863473e+07 1.276793e+06 
6.202950e+03 2.501121e+07 2.127989e+06 
6.689650e+03 2.713454e+07 1.510820e+06 
6.357150e+03 2.561366e+07 1.872630e+06 
8.129200e+03 3.335773e+07 9.043945e+05 
7.293650e+03 3.007794e+07 1.113390e+06 
9.730850e+03 4.014400e+07 8.451031e+05 
6.258800e+03 2.516248e+07 2.042869e+06 
6.209400e+03 2.489801e+07 2.383347e+06 
7.636300e+03 3.016090e+07 1.077618e+06 
6.714850e+03 2.699396e+07 1.510820e+06 
6.999050e+03 2.846229e+07 1.284197e+06 
8.094350e+03 3.292746e+07 9.064920e+05 
7.400850e+03 3.014310e+07 1.106554e+06 
7.353450e+03 3.058349e+07 1.106554e+06 
6.283400e+03 2.518276e+07 2.042869e+06 
7.567000e+03 3.013791e+07 1.099975e+06 
6.693450e+03 2.715654e+07 1.510820e+06 
7.145950e+03 2.850021e+07 1.208656e+06 
6.700950e+03 2.704752e+07 1.510820e+06 
6.448450e+03 2.602461e+07 1.702391e+06 
6.160050e+03 2.503756e+07 2.383347e+06 
6.102700e+03 2.461715e+07 2.468467e+06 
6.696300e+03 2.710784e+07 1.510820e+06 
6.213300e+03 2.498430e+07 2.383347e+06 
7.744000e+03 3.237882e+07 9.820330e+05 
6.606050e+03 2.671730e+07 1.532152e+06 
7.032050e+03 2.859159e+07 1.284197e+06 
6.655750e+03 2.715902e+07 1.510820e+06 
7.075900e+03 2.846449e+07 1.284197e+06 
6.750800e+03 2.783741e+07 1.435279e+06 

6.819900e+03 2.823698e+07 1.359738e+06 
8.040950e+03 3.383970e+07 8.309510e+05 
7.720750e+03 3.224464e+07 1.021435e+06 
6.174400e+03 2.497008e+07 2.383347e+06 
6.560650e+03 2.688145e+07 1.532152e+06 
6.148400e+03 2.479855e+07 2.468467e+06 
7.785050e+03 3.281012e+07 9.895141e+05 
6.801400e+03 2.814915e+07 1.359738e+06 
7.839500e+03 3.336198e+07 9.363151e+05 
6.617400e+03 2.740477e+07 1.447032e+06 
6.150600e+03 2.485539e+07 2.553587e+06 
6.217550e+03 2.518344e+07 2.298228e+06 
6.610500e+03 2.688687e+07 1.532152e+06 
6.740400e+03 2.775928e+07 1.435279e+06 
7.358700e+03 3.020492e+07 1.133115e+06 
6.195250e+03 2.525279e+07 2.298228e+06 
6.184050e+03 2.518034e+07 2.298228e+06 
6.933100e+03 2.920666e+07 1.208656e+06 
6.829950e+03 2.835877e+07 1.319353e+06 
7.468800e+03 3.083402e+07 1.057574e+06 
6.271000e+03 2.561019e+07 2.213108e+06 
7.994150e+03 3.356194e+07 8.585176e+05 
6.856350e+03 2.820319e+07 1.359738e+06 
6.282650e+03 2.567971e+07 2.127989e+06 
6.509450e+03 2.629965e+07 1.915190e+06 
6.642200e+03 2.727093e+07 1.447032e+06 
6.933500e+03 2.893947e+07 1.276793e+06 
6.508400e+03 2.705314e+07 1.617271e+06 
6.453350e+03 2.669879e+07 1.872630e+06 
6.799500e+03 2.826245e+07 1.361913e+06 
6.436400e+03 2.663643e+07 1.957750e+06 
6.818500e+03 2.819167e+07 1.404473e+06 
7.808600e+03 3.284549e+07 9.820330e+05 
7.432650e+03 3.067035e+07 1.057574e+06 
6.140400e+03 2.487087e+07 2.553587e+06 
6.545650e+03 2.680434e+07 1.532152e+06 
6.505200e+03 2.638041e+07 1.872630e+06 
6.635450e+03 2.728337e+07 1.447032e+06 
6.184600e+03 2.499931e+07 2.468467e+06 
6.300600e+03 2.558408e+07 2.298228e+06 
6.497950e+03 2.640524e+07 1.915190e+06 
6.293300e+03 2.549905e+07 2.127989e+06 
6.920500e+03 2.914185e+07 1.276793e+06 
7.879450e+03 3.345894e+07 9.043945e+05 
7.136600e+03 3.012068e+07 1.133115e+06 
6.926600e+03 2.893321e+07 1.276793e+06 
6.503200e+03 2.643908e+07 1.957750e+06 
6.483400e+03 2.648120e+07 1.872630e+06 
6.285200e+03 2.552914e+07 2.213108e+06 
6.196950e+03 2.520528e+07 2.298228e+06 
6.294000e+03 2.551394e+07 2.127989e+06 
9.335700e+03 3.873983e+07 8.227461e+05 
6.930200e+03 2.913752e+07 1.208656e+06 
7.190600e+03 3.072071e+07 1.202313e+06 
8.172450e+03 3.402156e+07 8.406318e+05 
6.512900e+03 2.679677e+07 1.702391e+06 
6.529000e+03 2.704922e+07 1.532152e+06 
7.863500e+03 3.327985e+07 9.363151e+05 
6.162600e+03 2.486858e+07 2.468467e+06 
7.369800e+03 3.048459e+07 1.106554e+06 
7.330700e+03 3.015053e+07 1.057574e+06 
6.496350e+03 2.641418e+07 1.787511e+06 
6.564650e+03 2.667696e+07 1.617271e+06 
6.499300e+03 2.680158e+07 1.702391e+06 
7.984750e+03 3.372816e+07 8.511955e+05 
6.802500e+03 2.830062e+07 1.359738e+06 
7.133650e+03 2.992868e+07 1.191674e+06 
6.489600e+03 2.672299e+07 1.702391e+06 
6.575250e+03 2.704187e+07 1.510820e+06 
7.890750e+03 3.332990e+07 9.064920e+05 
6.812850e+03 2.821998e+07 1.404473e+06 
6.320350e+03 2.577394e+07 2.042869e+06 
6.855750e+03 2.862200e+07 1.284197e+06 
6.500050e+03 2.639859e+07 1.872630e+06 
6.491150e+03 2.643536e+07 1.872630e+06 
6.783000e+03 2.813938e+07 1.361913e+06 
8.100350e+03 3.407800e+07 8.501059e+05 
6.323550e+03 2.565016e+07 2.042869e+06 
6.131350e+03 2.487587e+07 2.553587e+06 
6.133250e+03 2.490416e+07 2.553587e+06 
7.143700e+03 2.995534e+07 1.133115e+06 
6.480300e+03 2.678799e+07 1.702391e+06 
6.520950e+03 2.672759e+07 1.702391e+06 
6.173700e+03 2.498957e+07 2.383347e+06 
6.529150e+03 2.695662e+07 1.532152e+06 
8.002400e+03 3.347189e+07 8.677248e+05 
6.501550e+03 2.694579e+07 1.532152e+06 
6.272800e+03 2.574519e+07 2.127989e+06 
6.159600e+03 2.491570e+07 2.468467e+06 
7.796400e+03 3.306436e+07 9.820330e+05 
7.211050e+03 3.022190e+07 1.191674e+06 
7.775650e+03 3.251862e+07 9.820330e+05 
6.754100e+03 2.773350e+07 1.435279e+06 
6.185500e+03 2.491204e+07 2.383347e+06 
6.797050e+03 2.828766e+07 1.284197e+06 
6.315500e+03 2.560438e+07 2.042869e+06 
6.830550e+03 2.821416e+07 1.361913e+06 
9.289250e+03 3.886721e+07 8.227461e+05 
6.828350e+03 2.821838e+07 1.361913e+06 
7.985750e+03 3.325541e+07 9.064920e+05 
8.059450e+03 3.370672e+07 8.511955e+05 
6.269800e+03 2.561419e+07 2.213108e+06 
7.875950e+03 3.265377e+07 9.363151e+05 
6.508150e+03 2.651152e+07 1.787511e+06 
6.457250e+03 2.676005e+07 1.872630e+06 
6.283800e+03 2.568608e+07 2.127989e+06 
7.985500e+03 3.402741e+07 8.677248e+05 
6.462750e+03 2.665081e+07 1.787511e+06 
8.026900e+03 3.309717e+07 9.064920e+05 
6.288100e+03 2.562305e+07 2.127989e+06 
6.468550e+03 2.659833e+07 1.872630e+06 
7.993950e+03 3.323895e+07 9.064920e+05 
6.463600e+03 2.665255e+07 1.787511e+06 
6.731250e+03 2.752535e+07 1.435279e+06 
6.511650e+03 2.690228e+07 1.617271e+06 
8.039750e+03 3.342739e+07 9.043945e+05 
6.856200e+03 2.820867e+07 1.361913e+06 
8.023950e+03 3.375288e+07 8.752192e+05 
6.629400e+03 2.730526e+07 1.447032e+06 
7.711150e+03 3.222708e+07 1.021435e+06 
6.530950e+03 2.668989e+07 1.702391e+06 
6.218400e+03 2.504037e+07 2.383347e+06 
6.462700e+03 2.668937e+07 1.872630e+06 
7.924900e+03 3.314147e+07 9.363151e+05 
7.905200e+03 3.337394e+07 9.064920e+05 
6.497700e+03 2.642393e+07 1.872630e+06 
6.274200e+03 2.550150e+07 2.213108e+06 
7.015400e+03 2.929522e+07 1.208656e+06 
6.652550e+03 2.724837e+07 1.447032e+06 
6.151900e+03 2.483173e+07 2.553587e+06 
6.175000e+03 2.502770e+07 2.383347e+06 
6.856900e+03 2.854107e+07 1.284197e+06 
6.521050e+03 2.654248e+07 1.617271e+06 
6.292500e+03 2.558726e+07 2.127989e+06 
6.499350e+03 2.662781e+07 1.787511e+06 
6.518250e+03 2.680770e+07 1.617271e+06 
6.275900e+03 2.558635e+07 2.213108e+06 
6.516450e+03 2.667668e+07 1.617271e+06 
7.954150e+03 3.300720e+07 9.895141e+05 
6.487650e+03 2.643606e+07 1.872630e+06 
6.441300e+03 2.639761e+07 1.957750e+06 
6.984300e+03 2.916175e+07 1.208656e+06 
6.521200e+03 2.676954e+07 1.617271e+06 
8.145000e+03 3.420364e+07 8.309510e+05 
6.828950e+03 2.817285e+07 1.404473e+06 
6.621950e+03 2.711227e+07 1.447032e+06 
6.200150e+03 2.518621e+07 2.298228e+06 
7.398300e+03 3.054860e+07 1.063994e+06 
6.175600e+03 2.486019e+07 2.383347e+06 
8.168550e+03 3.418197e+07 8.406318e+05 
6.500700e+03 2.675251e+07 1.617271e+06 
6.202100e+03 2.490860e+07 2.383347e+06 
7.198150e+03 3.031747e+07 1.133115e+06 
6.439350e+03 2.674573e+07 1.957750e+06 
6.484850e+03 2.658361e+07 1.787511e+06 
7.684850e+03 3.262730e+07 9.895141e+05 
7.906150e+03 3.346419e+07 9.043945e+05 
6.145700e+03 2.492583e+07 2.468467e+06 
8.029950e+03 3.380712e+07 8.511955e+05 
6.282900e+03 2.570454e+07 2.127989e+06 
6.486200e+03 2.638320e+07 1.872630e+06 
6.865500e+03 2.835808e+07 1.284197e+06 
6.310950e+03 2.560578e+07 2.042869e+06 
8.129650e+03 3.380759e+07 8.406318e+05 
6.498000e+03 2.642324e+07 1.872630e+06 
6.464350e+03 2.654205e+07 1.872630e+06 
6.177700e+03 2.484695e+07 2.468467e+06 
6.558600e+03 2.704273e+07 1.510820e+06 
6.673300e+03 2.727660e+07 1.447032e+06 
7.831750e+03 3.256411e+07 9.820330e+05 
7.909800e+03 3.335514e+07 9.043945e+05 
6.292150e+03 2.564431e+07 2.127989e+06 
6.176200e+03 2.497807e+07 2.383347e+06 
6.485200e+03 2.645108e+07 1.872630e+06 
9.268900e+03 3.877270e+07 8.227461e+05 
6.516750e+03 2.650673e+07 1.787511e+06 
6.483150e+03 2.685736e+07 1.702391e+06 
6.476400e+03 2.648346e+07 1.872630e+06 
8.032750e+03 3.382021e+07 8.511955e+05 
7.904650e+03 3.356022e+07 9.043945e+05 
6.488900e+03 2.652858e+07 1.787511e+06 
6.482500e+03 2.648571e+07 1.915190e+06 
6.859650e+03 2.808144e+07 1.361913e+06 
6.182600e+03 2.491761e+07 2.383347e+06 
9.223250e+03 3.866673e+07 8.227461e+05 
6.151750e+03 2.483047e+07 2.553587e+06 
8.004600e+03 3.336340e+07 9.064920e+05 
6.548950e+03 2.702807e+07 1.510820e+06 
6.441350e+03 2.607054e+07 1.957750e+06 
6.273950e+03 2.579847e+07 2.213108e+06 
6.141800e+03 2.483092e+07 2.468467e+06 
6.335050e+03 2.565605e+07 2.042869e+06 
7.731200e+03 3.218798e+07 1.021435e+06 
6.145000e+03 2.503615e+07 2.468467e+06 
6.443150e+03 2.611587e+07 1.957750e+06 
6.944550e+03 2.853059e+07 1.284197e+06 
7.999000e+03 3.370158e+07 8.853436e+05 
7.828850e+03 3.311708e+07 9.363151e+05 
6.522550e+03 2.652327e+07 1.787511e+06 
6.594350e+03 2.685509e+07 1.532152e+06 

6.321550e+03 2.586171e+07 2.127989e+06 
7.458500e+03 3.023438e+07 1.159753e+06 
7.955000e+03 3.364164e+07 9.820330e+05 
8.495950e+03 3.598352e+07 8.227461e+05 
6.351950e+03 2.605603e+07 2.042869e+06 
7.946100e+03 3.258681e+07 1.021435e+06 
8.138700e+03 3.315774e+07 8.511955e+05 
7.461550e+03 3.051199e+07 1.133115e+06 
6.986500e+03 2.823916e+07 1.361913e+06 
6.859200e+03 2.859736e+07 1.447032e+06 
6.912850e+03 2.828937e+07 1.415112e+06 
6.460700e+03 2.639327e+07 1.787511e+06 
7.361250e+03 3.082415e+07 1.106554e+06 
6.245350e+03 2.526365e+07 2.213108e+06 
7.923950e+03 3.319676e+07 1.021435e+06 
8.156650e+03 3.302951e+07 9.363151e+05 
8.194450e+03 3.390124e+07 8.585176e+05 
6.315150e+03 2.590068e+07 2.127989e+06 
8.540100e+03 3.585746e+07 8.227461e+05 
8.045050e+03 3.306620e+07 9.820330e+05 
6.526600e+03 2.654772e+07 1.702391e+06 
6.365500e+03 2.605032e+07 2.042869e+06 
6.128050e+03 2.473974e+07 2.383347e+06 
8.316350e+03 3.428193e+07 8.511955e+05 
6.845000e+03 2.833820e+07 1.500231e+06 
6.467850e+03 2.600283e+07 1.957750e+06 
7.032450e+03 2.903419e+07 1.284197e+06 
7.270300e+03 3.046192e+07 1.159753e+06 
7.257450e+03 3.044056e+07 1.191674e+06 
6.901600e+03 2.828291e+07 1.435279e+06 
6.933800e+03 2.814848e+07 1.447032e+06 
6.393200e+03 2.604297e+07 2.042869e+06 
6.489050e+03 2.637051e+07 1.787511e+06 
6.873500e+03 2.864849e+07 1.361913e+06 
7.907100e+03 3.303012e+07 9.820330e+05 
7.448650e+03 3.042581e+07 1.133115e+06 
6.438200e+03 2.629066e+07 1.872630e+06 
7.224450e+03 2.987273e+07 1.208656e+06 
7.069750e+03 2.881292e+07 1.284197e+06 
7.300750e+03 2.993769e+07 1.208656e+06 
6.852450e+03 2.812872e+07 1.500231e+06 
6.918200e+03 2.849500e+07 1.359738e+06 
7.294700e+03 3.053273e+07 1.133115e+06 
7.296350e+03 3.026322e+07 1.191674e+06 
7.319800e+03 3.082164e+07 1.106554e+06 
7.028300e+03 2.872528e+07 1.284197e+06 
6.336500e+03 2.578368e+07 2.127989e+06 
6.476750e+03 2.660883e+07 1.702391e+06 
6.493400e+03 2.659797e+07 1.702391e+06 
6.864900e+03 2.829041e+07 1.415112e+06 
6.483450e+03 2.632130e+07 1.787511e+06 
6.856400e+03 2.862851e+07 1.435279e+06 
8.164000e+03 3.318674e+07 9.363151e+05 
7.205400e+03 3.036058e+07 1.208656e+06 
6.663100e+03 2.723965e+07 1.586361e+06 
8.143450e+03 3.390010e+07 9.064920e+05 
7.275550e+03 3.041398e+07 1.191674e+06 
8.315300e+03 3.459216e+07 8.309510e+05 
7.357800e+03 3.103190e+07 1.074634e+06 
6.464500e+03 2.622409e+07 1.872630e+06 
6.944200e+03 2.827614e+07 1.447032e+06 
6.331400e+03 2.583538e+07 2.127989e+06 
8.007450e+03 3.288823e+07 1.021435e+06 
6.456700e+03 2.600957e+07 2.042869e+06 
7.284100e+03 3.014655e+07 1.191674e+06 
8.111100e+03 3.312971e+07 9.363151e+05 
6.834500e+03 2.829850e+07 1.500231e+06 
6.688400e+03 2.728544e+07 1.586361e+06 
6.874500e+03 2.832139e+07 1.447032e+06 
6.636250e+03 2.736419e+07 1.586361e+06 
6.473350e+03 2.659976e+07 1.702391e+06 
6.301250e+03 2.591975e+07 2.127989e+06 
6.277950e+03 2.522237e+07 2.213108e+06 
6.380850e+03 2.619775e+07 1.957750e+06 
6.766500e+03 2.714311e+07 1.532152e+06 
7.372200e+03 3.059283e+07 1.133115e+06 
7.352450e+03 3.074060e+07 1.133115e+06 
7.380400e+03 3.081756e+07 1.057574e+06 
6.500950e+03 2.663981e+07 1.617271e+06 
6.146800e+03 2.482312e+07 2.383347e+06 
6.549050e+03 2.664753e+07 1.617271e+06 
6.922800e+03 2.848516e+07 1.359738e+06 
7.967850e+03 3.346321e+07 9.895141e+05 
7.345700e+03 3.075202e+07 1.057574e+06 
8.277150e+03 3.438517e+07 8.511955e+05 
6.216000e+03 2.504606e+07 2.298228e+06 
8.119000e+03 3.299362e+07 9.820330e+05 
8.293150e+03 3.466999e+07 8.309510e+05 
7.326700e+03 3.106398e+07 1.133115e+06 
7.910000e+03 3.326109e+07 1.021435e+06 
6.426350e+03 2.623687e+07 1.872630e+06 
6.800850e+03 2.745039e+07 1.510820e+06 
7.205550e+03 2.987867e+07 1.276793e+06 
6.679450e+03 2.731127e+07 1.532152e+06 
6.355950e+03 2.604350e+07 2.042869e+06 
7.945350e+03 3.311998e+07 1.021435e+06 
6.492250e+03 2.609867e+07 1.872630e+06 
6.882100e+03 2.850332e+07 1.435279e+06 
6.325500e+03 2.584859e+07 2.127989e+06 
6.890400e+03 2.837573e+07 1.361913e+06 
8.287300e+03 3.490525e+07 8.309510e+05 
6.840150e+03 2.838508e+07 1.500231e+06 
6.697450e+03 2.746779e+07 1.510820e+06 
6.478800e+03 2.609715e+07 1.872630e+06 
6.883850e+03 2.827721e+07 1.447032e+06 
6.708000e+03 2.730039e+07 1.532152e+06 
7.032150e+03 2.937000e+07 1.329992e+06 
6.445600e+03 2.653366e+07 1.787511e+06 
6.250800e+03 2.519836e+07 2.213108e+06 
6.896200e+03 2.832288e+07 1.361913e+06 
6.485600e+03 2.655448e+07 1.702391e+06 
6.155250e+03 2.480309e+07 2.383347e+06 
6.435500e+03 2.599855e+07 1.957750e+06 
7.346250e+03 3.083280e+07 1.133115e+06 
6.275800e+03 2.523687e+07 2.213108e+06 
6.472000e+03 2.613658e+07 1.872630e+06 
8.276050e+03 3.499096e+07 8.309510e+05 
8.162950e+03 3.291032e+07 9.363151e+05 
8.479800e+03 3.577816e+07 8.227461e+05 
7.333250e+03 3.076508e+07 1.106554e+06 
6.871950e+03 2.816836e+07 1.500231e+06 
8.154000e+03 3.341349e+07 9.363151e+05 
6.473700e+03 2.621063e+07 1.872630e+06 
6.945150e+03 2.845585e+07 1.359738e+06 
6.476300e+03 2.674002e+07 1.702391e+06 
6.664900e+03 2.754605e+07 1.510820e+06 
6.870200e+03 2.832135e+07 1.361913e+06 
6.145150e+03 2.492668e+07 2.383347e+06 
8.091650e+03 3.396591e+07 9.064920e+05 
6.950900e+03 2.825815e+07 1.447032e+06 
7.195700e+03 2.994648e+07 1.276793e+06 
6.664100e+03 2.737538e+07 1.510820e+06 
8.288700e+03 3.490716e+07 8.309510e+05 
6.826800e+03 2.865608e+07 1.361913e+06 
7.373100e+03 3.078220e+07 1.106554e+06 
6.983700e+03 2.828082e+07 1.435279e+06 
8.088350e+03 3.303096e+07 9.895141e+05 
6.623300e+03 2.732948e+07 1.532152e+06 
6.522100e+03 2.655881e+07 1.702391e+06 
8.029750e+03 3.278060e+07 1.021435e+06 
7.918150e+03 3.313900e+07 9.363151e+05 
7.185050e+03 3.044617e+07 1.208656e+06 
8.191000e+03 3.377500e+07 8.937553e+05 
6.257650e+03 2.533568e+07 2.213108e+06 
8.177100e+03 3.378637e+07 9.064920e+05 
6.426550e+03 2.615420e+07 1.872630e+06 
6.401500e+03 2.600869e+07 1.957750e+06 
7.146650e+03 2.970726e+07 1.276793e+06 
6.921600e+03 2.867162e+07 1.359738e+06 
6.508450e+03 2.665898e+07 1.617271e+06 
7.254250e+03 3.046263e+07 1.191674e+06 
6.134900e+03 2.476285e+07 2.468467e+06 
8.067850e+03 3.298890e+07 9.895141e+05 
8.138450e+03 3.311308e+07 9.363151e+05 
6.859450e+03 2.823821e+07 1.500231e+06 
6.650050e+03 2.751771e+07 1.532152e+06 
6.199600e+03 2.501208e+07 2.298228e+06 
6.917800e+03 2.829434e+07 1.361913e+06 
6.462500e+03 2.638370e+07 1.787511e+06 
8.211800e+03 3.348176e+07 9.064920e+05 
6.860050e+03 2.843377e+07 1.447032e+06 
6.355450e+03 2.606557e+07 2.042869e+06 
6.669450e+03 2.733515e+07 1.532152e+06 
6.402450e+03 2.602234e+07 1.957750e+06 
6.840600e+03 2.836943e+07 1.447032e+06 
6.644150e+03 2.759385e+07 1.532152e+06 
7.289450e+03 2.981584e+07 1.276793e+06 
7.982300e+03 3.350579e+07 9.363151e+05 
6.862000e+03 2.828794e+07 1.435279e+06 
6.129550e+03 2.477988e+07 2.468467e+06 
6.250650e+03 2.542379e+07 2.213108e+06 
6.240550e+03 2.533493e+07 2.213108e+06 
6.610600e+03 2.725681e+07 1.586361e+06 
6.458050e+03 2.637354e+07 1.787511e+06 
6.263750e+03 2.530670e+07 2.213108e+06 
7.184500e+03 3.034119e+07 1.159753e+06 
8.251500e+03 3.501792e+07 8.511955e+05 
7.132700e+03 2.973298e+07 1.276793e+06 
6.298950e+03 2.583950e+07 2.127989e+06 
6.866600e+03 2.866278e+07 1.435279e+06 
6.903750e+03 2.828982e+07 1.447032e+06 
6.953900e+03 2.825931e+07 1.435279e+06 
6.896500e+03 2.831174e+07 1.435279e+06 
6.540400e+03 2.655529e+07 1.702391e+06 
8.298900e+03 3.446309e+07 8.309510e+05 
7.971300e+03 3.344837e+07 9.820330e+05 
6.900800e+03 2.824778e+07 1.447032e+06 
7.236800e+03 2.973188e+07 1.208656e+06 
7.237200e+03 2.995179e+07 1.208656e+06 
6.372250e+03 2.603664e+07 2.042869e+06 
6.377450e+03 2.611017e+07 1.957750e+06 
8.164050e+03 3.383391e+07 9.043945e+05 
6.510850e+03 2.636495e+07 1.787511e+06 
6.745250e+03 2.732608e+07 1.532152e+06 
7.406950e+03 3.024953e+07 1.191674e+06 
6.481850e+03 2.610125e+07 1.872630e+06 
7.335800e+03 2.980504e+07 1.276793e+06 
6.313650e+03 2.574591e+07 2.127989e+06 
6.649800e+03 2.729490e+07 1.586361e+06 
6.919900e+03 2.833733e+07 1.359738e+06 

6.202050e+03 2.501438e+07 2.298228e+06 
8.208800e+03 3.326693e+07 9.363151e+05 
7.407250e+03 3.034690e+07 1.159753e+06 
6.670150e+03 2.784213e+07 1.617271e+06 
6.969950e+03 2.936177e+07 1.276793e+06 
6.215700e+03 2.504098e+07 2.298228e+06 
7.330800e+03 3.062708e+07 1.106554e+06 
6.658700e+03 2.796632e+07 1.617271e+06 
8.170100e+03 3.408865e+07 9.788749e+05 
7.459750e+03 3.051712e+07 1.106554e+06 
7.515250e+03 2.990501e+07 1.191674e+06 
7.588200e+03 3.127683e+07 1.023961e+06 
6.424900e+03 2.653685e+07 1.787511e+06 
6.653800e+03 2.779505e+07 1.617271e+06 
7.414100e+03 3.074843e+07 1.074634e+06 
6.906700e+03 2.891910e+07 1.359738e+06 
6.311800e+03 2.605132e+07 1.957750e+06 
6.363200e+03 2.624377e+07 1.872630e+06 
6.230900e+03 2.507367e+07 2.213108e+06 
6.781500e+03 2.802290e+07 1.447032e+06 
7.395500e+03 2.932250e+07 1.276793e+06 
6.271500e+03 2.553145e+07 2.042869e+06 
6.246350e+03 2.499220e+07 2.213108e+06 
7.007500e+03 2.914556e+07 1.359738e+06 
8.182850e+03 3.424514e+07 9.363151e+05 
6.364300e+03 2.604882e+07 1.957750e+06 
6.819050e+03 2.823341e+07 1.361913e+06 
8.155750e+03 3.410181e+07 9.363151e+05 
6.409300e+03 2.652853e+07 1.787511e+06 
6.655700e+03 2.763594e+07 1.702391e+06 
6.691400e+03 2.796488e+07 1.532152e+06 
6.721450e+03 2.776747e+07 1.617271e+06 
7.387050e+03 3.053171e+07 1.057574e+06 
7.449000e+03 3.091303e+07 1.057574e+06 
6.202350e+03 2.497951e+07 2.298228e+06 
6.340800e+03 2.612471e+07 1.957750e+06 
7.334400e+03 3.020303e+07 1.191674e+06 
7.416550e+03 3.061154e+07 1.074634e+06 
6.336900e+03 2.604952e+07 1.957750e+06 
6.204800e+03 2.522383e+07 2.213108e+06 
7.561500e+03 3.114324e+07 1.023961e+06 
7.521250e+03 2.966327e+07 1.208656e+06 
6.759950e+03 2.834554e+07 1.435279e+06 
7.612150e+03 3.021394e+07 1.159753e+06 
7.493950e+03 3.122729e+07 1.041847e+06 
6.358600e+03 2.600655e+07 1.957750e+06 
7.395100e+03 3.036181e+07 1.159753e+06 
7.374150e+03 3.044291e+07 1.106554e+06 
7.368000e+03 3.072491e+07 1.133115e+06 
6.237100e+03 2.528533e+07 2.127989e+06 
8.149300e+03 3.439623e+07 9.363151e+05 
8.234700e+03 3.336501e+07 9.363151e+05 
6.328300e+03 2.553615e+07 2.042869e+06 
6.774250e+03 2.842367e+07 1.361913e+06 
8.027300e+03 3.179097e+07 1.021435e+06 
6.866800e+03 2.850633e+07 1.361913e+06 
7.510000e+03 3.079013e+07 1.064204e+06 
6.440800e+03 2.655628e+07 1.787511e+06 
6.801850e+03 2.802835e+07 1.447032e+06 
6.253850e+03 2.527408e+07 2.127989e+06 
6.646900e+03 2.774504e+07 1.702391e+06 
6.403500e+03 2.661074e+07 1.787511e+06 
8.348300e+03 3.455684e+07 9.064920e+05 
6.771650e+03 2.820592e+07 1.435279e+06 
6.761800e+03 2.842438e+07 1.361913e+06 
6.268350e+03 2.560183e+07 2.042869e+06 
7.477550e+03 3.046934e+07 1.106554e+06 
7.355400e+03 3.025481e+07 1.191674e+06 
7.773100e+03 3.118510e+07 1.021435e+06 
8.145600e+03 3.430160e+07 9.469543e+05 
7.406550e+03 2.931634e+07 1.276793e+06 
6.677200e+03 2.775851e+07 1.617271e+06 
6.220100e+03 2.507446e+07 2.213108e+06 
7.426850e+03 3.027530e+07 1.133115e+06 
7.381800e+03 3.061191e+07 1.133115e+06 
7.404750e+03 3.063425e+07 1.106554e+06 
7.445650e+03 3.070352e+07 1.041847e+06 
7.507150e+03 2.974979e+07 1.208656e+06 
7.376150e+03 3.040706e+07 1.159753e+06 
7.403900e+03 3.109128e+07 1.074634e+06 
6.383600e+03 2.620302e+07 1.872630e+06 
6.733150e+03 2.801387e+07 1.447032e+06 
7.427650e+03 2.968823e+07 1.208656e+06 
6.726800e+03 2.746986e+07 1.702391e+06 
6.690300e+03 2.835959e+07 1.532152e+06 
8.231900e+03 3.336908e+07 9.788749e+05 
7.645500e+03 3.150683e+07 9.820330e+05 
6.791850e+03 2.822469e+07 1.435279e+06 
7.411800e+03 3.021186e+07 1.191674e+06 
6.339900e+03 2.610270e+07 1.872630e+06 
8.100650e+03 3.392958e+07 9.363151e+05 
7.662150e+03 3.170497e+07 1.021435e+06 
6.692100e+03 2.758354e+07 1.702391e+06 
6.286400e+03 2.552138e+07 2.042869e+06 
6.285800e+03 2.547995e+07 2.042869e+06 
6.239950e+03 2.506504e+07 2.213108e+06 
7.003550e+03 2.910181e+07 1.284197e+06 
6.748250e+03 2.809629e+07 1.447032e+06 
6.707100e+03 2.784779e+07 1.532152e+06 
7.436400e+03 3.017792e+07 1.191674e+06 
6.965900e+03 2.922772e+07 1.284197e+06 
6.340500e+03 2.612872e+07 1.957750e+06 
7.326250e+03 3.042286e+07 1.191674e+06 
7.332600e+03 3.026788e+07 1.191674e+06 
6.311500e+03 2.547470e+07 2.042869e+06 
6.473700e+03 2.653485e+07 1.787511e+06 
7.456550e+03 3.043655e+07 1.106554e+06 
6.391500e+03 2.619444e+07 1.872630e+06 
6.745450e+03 2.819303e+07 1.447032e+06 
6.246950e+03 2.520772e+07 2.127989e+06 
6.328000e+03 2.622371e+07 1.957750e+06 
8.163200e+03 3.344917e+07 9.788749e+05 
7.451350e+03 2.924820e+07 1.276793e+06 
6.307700e+03 2.546651e+07 2.042869e+06 
8.202900e+03 3.415676e+07 9.064920e+05 
6.234950e+03 2.508418e+07 2.213108e+06 
6.693500e+03 2.757212e+07 1.702391e+06 
7.381750e+03 3.069166e+07 1.106554e+06 
6.213500e+03 2.508616e+07 2.213108e+06 
7.750900e+03 3.181546e+07 9.820330e+05 
7.400100e+03 3.045146e+07 1.133115e+06 
7.315050e+03 3.032237e+07 1.191674e+06 
7.351050e+03 3.036802e+07 1.191674e+06 
6.179400e+03 2.493771e+07 2.298228e+06 
7.462550e+03 2.934617e+07 1.276793e+06 
6.818300e+03 2.869746e+07 1.361913e+06 
7.591250e+03 3.006588e+07 1.133115e+06 
7.352450e+03 3.067099e+07 1.159753e+06 
6.237700e+03 2.508066e+07 2.213108e+06 
7.069700e+03 2.974405e+07 1.208656e+06 
6.256400e+03 2.552634e+07 2.042869e+06 
6.964850e+03 2.900159e+07 1.284197e+06 
7.287250e+03 3.066696e+07 1.191674e+06 
7.446950e+03 3.101008e+07 1.057574e+06 
7.371200e+03 3.077970e+07 1.106554e+06 
7.317950e+03 3.066070e+07 1.191674e+06 
6.729300e+03 2.804818e+07 1.447032e+06 
7.417900e+03 3.061506e+07 1.074634e+06 
6.720300e+03 2.793102e+07 1.532152e+06 
7.522200e+03 3.035475e+07 1.133115e+06 
7.471550e+03 2.953590e+07 1.191674e+06 
6.668800e+03 2.764202e+07 1.702391e+06 
7.367000e+03 3.074575e+07 1.133115e+06 
6.372900e+03 2.620244e+07 1.872630e+06 
7.730850e+03 3.151468e+07 1.006075e+06 
6.684500e+03 2.777276e+07 1.617271e+06 
6.899550e+03 2.898464e+07 1.359738e+06 
8.176900e+03 3.427791e+07 9.064920e+05 
7.414500e+03 3.041445e+07 1.133115e+06 
7.066600e+03 2.974232e+07 1.208656e+06 
6.950950e+03 2.908822e+07 1.276793e+06 
6.643000e+03 2.773683e+07 1.702391e+06 
8.141600e+03 3.405906e+07 9.064920e+05 
6.808300e+03 2.830142e+07 1.361913e+06 
6.204300e+03 2.507586e+07 2.213108e+06 
7.719750e+03 3.153986e+07 1.021435e+06 
8.204400e+03 3.412027e+07 9.064920e+05 
6.753750e+03 2.752294e+07 1.702391e+06 
7.840250e+03 3.179141e+07 9.820330e+05 
6.710250e+03 2.745176e+07 1.702391e+06 
6.945000e+03 2.907835e+07 1.284197e+06 
7.522150e+03 3.090425e+07 1.057574e+06 
6.235900e+03 2.515399e+07 2.127989e+06 
7.702950e+03 3.154261e+07 1.021435e+06 
7.638050e+03 3.029813e+07 1.191674e+06 
6.781850e+03 2.834671e+07 1.361913e+06 
6.190500e+03 2.508825e+07 2.383347e+06 
7.631450e+03 3.037144e+07 1.133115e+06 
7.352450e+03 3.051591e+07 1.159753e+06 
6.692000e+03 2.749773e+07 1.702391e+06 
6.294650e+03 2.549820e+07 2.042869e+06 
6.883050e+03 2.774992e+07 1.617271e+06 
7.320400e+03 3.058114e+07 1.191674e+06 
7.062350e+03 2.981967e+07 1.208656e+06 
6.654850e+03 2.773851e+07 1.702391e+06 
7.380550e+03 3.034388e+07 1.159753e+06 
6.899750e+03 2.882641e+07 1.359738e+06 
7.806250e+03 3.142153e+07 1.021435e+06 
6.996850e+03 2.918313e+07 1.284197e+06 
7.404300e+03 3.039713e+07 1.133115e+06 
6.922050e+03 2.903271e+07 1.329992e+06 
6.763900e+03 2.826365e+07 1.361913e+06 
6.258750e+03 2.508513e+07 2.213108e+06 
7.355350e+03 3.036554e+07 1.159753e+06 
6.708850e+03 2.777210e+07 1.617271e+06 
6.713600e+03 2.748940e+07 1.702391e+06 
6.683300e+03 2.772524e+07 1.532152e+06 
7.000550e+03 2.920194e+07 1.284197e+06 
6.779800e+03 2.799393e+07 1.447032e+06 
6.413900e+03 2.607573e+07 1.957750e+06 
7.515500e+03 2.967488e+07 1.208656e+06 
7.384800e+03 3.023575e+07 1.191674e+06 
6.937150e+03 2.875871e+07 1.359738e+06 
7.358500e+03 3.045123e+07 1.159753e+06 
6.190200e+03 2.505169e+07 2.298228e+06 
6.694750e+03 2.756326e+07 1.702391e+06 
6.441000e+03 2.649870e+07 1.787511e+06 
6.247000e+03 2.507358e+07 2.213108e+06 
8.172500e+03 3.443757e+07 9.064920e+05 
7.384250e+03 3.038009e+07 1.159753e+06 

8.995800e+03 3.594741e+07 8.585176e+05 
6.951550e+03 2.877755e+07 1.359738e+06 
6.833250e+03 2.819602e+07 1.435279e+06 
7.757850e+03 3.172868e+07 9.837181e+05 
6.568550e+03 2.677641e+07 1.617271e+06 
6.212850e+03 2.521761e+07 2.213108e+06 
7.544100e+03 3.068976e+07 1.106554e+06 
6.922450e+03 2.904119e+07 1.359738e+06 
6.592450e+03 2.742088e+07 1.510820e+06 
8.778100e+03 3.530892e+07 9.064920e+05 
7.106550e+03 2.985649e+07 1.208656e+06 
7.122100e+03 2.989726e+07 1.208656e+06 
6.121500e+03 2.482665e+07 2.468467e+06 
7.077150e+03 2.955937e+07 1.276793e+06 
7.073700e+03 2.955099e+07 1.284197e+06 
7.726250e+03 3.183472e+07 1.042713e+06 
7.456200e+03 3.081177e+07 1.191674e+06 
7.126800e+03 2.968054e+07 1.208656e+06 
7.709650e+03 3.174249e+07 9.837181e+05 
6.305000e+03 2.574279e+07 1.957750e+06 
6.456300e+03 2.676784e+07 1.702391e+06 
6.437500e+03 2.664580e+07 1.702391e+06 
8.730900e+03 3.397260e+07 9.820330e+05 
6.286650e+03 2.577809e+07 1.957750e+06 
7.000650e+03 2.948531e+07 1.329992e+06 
7.713000e+03 3.193605e+07 9.837181e+05 
6.612100e+03 2.726695e+07 1.532152e+06 
6.989000e+03 2.950587e+07 1.284197e+06 
6.530300e+03 2.680039e+07 1.617271e+06 
8.761450e+03 3.513352e+07 9.064920e+05 
7.681150e+03 3.174723e+07 1.021435e+06 
6.136350e+03 2.499055e+07 2.383347e+06 
6.281400e+03 2.575476e+07 1.957750e+06 
6.308400e+03 2.574895e+07 1.957750e+06 
6.445250e+03 2.642297e+07 1.787511e+06 
8.869000e+03 3.487857e+07 9.096400e+05 
6.493950e+03 2.685032e+07 1.617271e+06 
6.356450e+03 2.607298e+07 1.872630e+06 
6.440500e+03 2.604746e+07 1.872630e+06 
6.522900e+03 2.663830e+07 1.702391e+06 
7.088850e+03 2.961210e+07 1.208656e+06 
6.205600e+03 2.523816e+07 2.298228e+06 
9.015350e+03 3.532192e+07 8.641580e+05 
7.054150e+03 2.983290e+07 1.276793e+06 
6.557350e+03 2.681281e+07 1.617271e+06 
7.788550e+03 3.204090e+07 9.895141e+05 
6.216700e+03 2.520513e+07 2.213108e+06 
6.571550e+03 2.739723e+07 1.532152e+06 
6.603450e+03 2.750102e+07 1.510820e+06 
6.785300e+03 2.817518e+07 1.361913e+06 
6.571300e+03 2.726751e+07 1.532152e+06 
6.643000e+03 2.753093e+07 1.510820e+06 
6.530450e+03 2.677070e+07 1.617271e+06 
8.885750e+03 3.504552e+07 9.064920e+05 
7.614250e+03 3.071322e+07 1.106554e+06 
6.267350e+03 2.561344e+07 2.042869e+06 
6.098250e+03 2.497555e+07 2.468467e+06 
7.505100e+03 3.081371e+07 1.133115e+06 
8.582050e+03 3.516828e+07 9.820330e+05 
8.685750e+03 3.516212e+07 9.479465e+05 
6.196500e+03 2.531689e+07 2.298228e+06 
9.941950e+03 4.059238e+07 8.309510e+05 
8.778500e+03 3.525437e+07 9.064920e+05 
9.023700e+03 3.551892e+07 8.511955e+05 
6.499400e+03 2.688181e+07 1.617271e+06 
6.260000e+03 2.535045e+07 2.127989e+06 
6.253350e+03 2.560974e+07 2.042869e+06 
6.304700e+03 2.571311e+07 1.957750e+06 
8.663700e+03 3.549922e+07 9.479465e+05 
8.807300e+03 3.517977e+07 9.064920e+05 
1.002175e+04 4.143732e+07 8.309510e+05 
6.572250e+03 2.737061e+07 1.532152e+06 
6.790500e+03 2.810013e+07 1.447032e+06 
6.570650e+03 2.757441e+07 1.532152e+06 
6.807500e+03 2.817143e+07 1.447032e+06 
7.768850e+03 3.182547e+07 9.837181e+05 
7.697300e+03 3.188669e+07 9.837181e+05 
6.444050e+03 2.674076e+07 1.787511e+06 
6.899700e+03 2.875537e+07 1.359738e+06 
6.266300e+03 2.576123e+07 2.042869e+06 
6.463300e+03 2.669396e+07 1.702391e+06 
8.845350e+03 3.466690e+07 9.363151e+05 
7.653300e+03 3.121652e+07 1.057574e+06 
6.679700e+03 2.727361e+07 1.532152e+06 
6.255000e+03 2.532259e+07 2.127989e+06 
7.534450e+03 3.057136e+07 1.133115e+06 
6.095600e+03 2.488142e+07 2.553587e+06 
8.541300e+03 3.509659e+07 9.820330e+05 
6.199400e+03 2.525830e+07 2.298228e+06 
7.127100e+03 2.946585e+07 1.284197e+06 
7.632600e+03 3.149874e+07 1.021435e+06 
6.484800e+03 2.649514e+07 1.787511e+06 
6.474050e+03 2.660775e+07 1.702391e+06 
6.907550e+03 2.870204e+07 1.359738e+06 
6.358300e+03 2.599878e+07 1.872630e+06 
6.552650e+03 2.681681e+07 1.617271e+06 
7.676650e+03 3.095287e+07 1.106554e+06 
8.644900e+03 3.455401e+07 9.363151e+05 
7.464500e+03 3.028740e+07 1.191674e+06 
8.862500e+03 3.457731e+07 9.363151e+05 
6.226600e+03 2.525054e+07 2.213108e+06 
8.672500e+03 3.501037e+07 9.575935e+05 
7.554750e+03 3.086173e+07 1.106554e+06 
7.507200e+03 3.095498e+07 1.106554e+06 
7.462800e+03 3.052801e+07 1.133115e+06 
7.606300e+03 3.076154e+07 1.106554e+06 
7.024100e+03 2.956791e+07 1.284197e+06 
6.493500e+03 2.660617e+07 1.702391e+06 
6.098350e+03 2.485919e+07 2.468467e+06 
6.205300e+03 2.532347e+07 2.213108e+06 
6.165700e+03 2.506694e+07 2.383347e+06 
7.109350e+03 2.953017e+07 1.284197e+06 
9.962200e+03 4.053276e+07 8.309510e+05 
6.778200e+03 2.821145e+07 1.447032e+06 
8.764250e+03 3.471986e+07 9.096400e+05 
7.055600e+03 2.950785e+07 1.276793e+06 
7.083700e+03 2.944237e+07 1.284197e+06 
7.176500e+03 2.949399e+07 1.284197e+06 
6.786100e+03 2.819421e+07 1.447032e+06 
7.090900e+03 2.991606e+07 1.208656e+06 
8.752150e+03 3.459987e+07 9.096400e+05 
6.210800e+03 2.518967e+07 2.213108e+06 
6.978200e+03 2.858297e+07 1.361913e+06 
8.832450e+03 3.536644e+07 8.641580e+05 
6.658050e+03 2.797528e+07 1.447032e+06 
7.510400e+03 3.053716e+07 1.133115e+06 
6.198800e+03 2.522007e+07 2.298228e+06 
8.621150e+03 3.397603e+07 9.820330e+05 
8.930100e+03 3.518504e+07 8.641580e+05 
7.044950e+03 2.951375e+07 1.329992e+06 
7.753850e+03 3.190179e+07 9.837181e+05 
6.469900e+03 2.665376e+07 1.702391e+06 
6.599100e+03 2.722708e+07 1.532152e+06 
7.549700e+03 3.103338e+07 1.106554e+06 
7.108950e+03 2.980636e+07 1.208656e+06 
8.794900e+03 3.448133e+07 9.363151e+05 
8.613550e+03 3.481875e+07 9.761281e+05 
8.608650e+03 3.422986e+07 9.820330e+05 
8.729850e+03 3.481194e+07 9.363151e+05 
7.684700e+03 3.154758e+07 1.021435e+06 
8.791200e+03 3.464102e+07 9.363151e+05 
7.469150e+03 3.052208e+07 1.191674e+06 
6.100150e+03 2.482785e+07 2.553587e+06 
7.460650e+03 3.062678e+07 1.191674e+06 
6.199700e+03 2.520025e+07 2.213108e+06 
8.583700e+03 3.410452e+07 9.820330e+05 
6.297300e+03 2.567026e+07 2.042869e+06 
7.512450e+03 3.034053e+07 1.191674e+06 
6.823100e+03 2.829300e+07 1.435279e+06 
8.957300e+03 3.577945e+07 8.511955e+05 
8.702050e+03 3.448651e+07 9.363151e+05 
6.703100e+03 2.778321e+07 1.447032e+06 
8.910400e+03 3.602482e+07 8.511955e+05 
7.691050e+03 3.180055e+07 9.895141e+05 
9.174250e+03 3.603601e+07 8.511955e+05 
6.430750e+03 2.655970e+07 1.787511e+06 
7.017350e+03 2.981581e+07 1.284197e+06 
6.302550e+03 2.593095e+07 1.872630e+06 
8.865650e+03 3.443346e+07 9.820330e+05 
6.139850e+03 2.505832e+07 2.383347e+06 
8.937250e+03 3.454657e+07 9.363151e+05 
8.766100e+03 3.466521e+07 9.363151e+05 
8.907750e+03 3.501772e+07 9.064920e+05 
7.901750e+03 3.258351e+07 9.837181e+05 
6.111550e+03 2.481984e+07 2.468467e+06 
7.653300e+03 3.156180e+07 1.057574e+06 
6.486100e+03 2.650834e+07 1.787511e+06 
9.940000e+03 4.041503e+07 8.309510e+05 
7.059850e+03 2.993365e+07 1.276793e+06 
6.146050e+03 2.501298e+07 2.383347e+06 
7.632900e+03 3.134941e+07 1.057574e+06 
6.086900e+03 2.477718e+07 2.553587e+06 
6.566650e+03 2.680630e+07 1.617271e+06 
7.085600e+03 2.988715e+07 1.208656e+06 
6.227500e+03 2.529258e+07 2.127989e+06 
6.637300e+03 2.744028e+07 1.510820e+06 
8.862200e+03 3.506080e+07 9.064920e+05 
6.949400e+03 2.876536e+07 1.359738e+06 
6.834800e+03 2.839793e+07 1.435279e+06 
6.818850e+03 2.850895e+07 1.361913e+06 
9.091150e+03 3.608613e+07 8.511955e+05 
7.610750e+03 3.111483e+07 1.057574e+06 
6.450850e+03 2.651246e+07 1.787511e+06 
6.609450e+03 2.746845e+07 1.510820e+06 
6.450300e+03 2.662847e+07 1.787511e+06 
8.820800e+03 3.462015e+07 9.363151e+05 
6.792300e+03 2.833874e+07 1.435279e+06 
8.635000e+03 3.507882e+07 9.575935e+05 
7.118900e+03 2.995903e+07 1.284197e+06 
6.544400e+03 2.682769e+07 1.617271e+06 
8.806000e+03 3.507306e+07 8.641580e+05 
8.666950e+03 3.413518e+07 9.820330e+05 
8.822250e+03 3.504709e+07 9.064920e+05 
6.088350e+03 2.485149e+07 2.553587e+06 
6.578300e+03 2.684578e+07 1.617271e+06 
6.098000e+03 2.481578e+07 2.468467e+06 
8.922150e+03 3.527096e+07 8.641580e+05 
7.505000e+03 3.039365e+07 1.133115e+06 
6.243300e+03 2.537279e+07 2.127989e+06 
6.461500e+03 2.638097e+07 1.702391e+06 

7.496650e+03 3.081360e+07 1.021435e+06 
7.833000e+03 3.197094e+07 9.073666e+05 
7.412800e+03 3.053900e+07 1.191674e+06 
7.965500e+03 3.325644e+07 8.585176e+05 
6.293000e+03 2.553194e+07 2.298228e+06 
7.667100e+03 3.155385e+07 9.479465e+05 
6.311900e+03 2.558946e+07 2.213108e+06 
7.430750e+03 3.077821e+07 1.106554e+06 
6.959100e+03 2.901136e+07 1.447032e+06 
7.004100e+03 2.894927e+07 1.361913e+06 
7.852700e+03 3.237174e+07 9.064920e+05 
6.306550e+03 2.540830e+07 2.298228e+06 
6.591750e+03 2.718900e+07 1.702391e+06 
6.258300e+03 2.576767e+07 2.383347e+06 
6.409850e+03 2.618116e+07 1.957750e+06 
7.815250e+03 3.244903e+07 9.121750e+05 
8.358650e+03 3.437396e+07 8.501059e+05 
7.594000e+03 3.119492e+07 9.837181e+05 
7.383350e+03 3.118454e+07 1.133115e+06 
6.422900e+03 2.614204e+07 1.957750e+06 
6.894550e+03 2.886043e+07 1.586361e+06 
7.617250e+03 3.150692e+07 9.479465e+05 
6.298400e+03 2.557892e+07 2.213108e+06 
6.322900e+03 2.571520e+07 2.127989e+06 
7.640850e+03 3.160219e+07 9.479465e+05 
8.013850e+03 3.295844e+07 8.942892e+05 
7.060600e+03 2.908310e+07 1.435279e+06 
7.454900e+03 3.067970e+07 1.106554e+06 
7.076000e+03 2.917875e+07 1.361913e+06 
6.629500e+03 2.701061e+07 1.787511e+06 
7.393250e+03 3.115800e+07 1.133115e+06 
6.576650e+03 2.708234e+07 1.787511e+06 
6.608650e+03 2.702708e+07 1.787511e+06 
8.007200e+03 3.234736e+07 9.064920e+05 
7.001000e+03 2.910694e+07 1.415112e+06 
7.406250e+03 3.061829e+07 1.191674e+06 
7.606450e+03 3.150334e+07 9.820330e+05 
6.209900e+03 2.520843e+07 2.468467e+06 
6.910500e+03 2.896461e+07 1.532152e+06 
7.167200e+03 2.955935e+07 1.359738e+06 
6.285550e+03 2.536011e+07 2.383347e+06 
7.471450e+03 3.083794e+07 1.021435e+06 
7.823600e+03 3.218123e+07 9.073666e+05 
6.597050e+03 2.705923e+07 1.702391e+06 
6.922950e+03 2.851633e+07 1.617271e+06 
7.210200e+03 2.997572e+07 1.244873e+06 
7.958000e+03 3.288502e+07 8.585176e+05 
7.138100e+03 2.970897e+07 1.329992e+06 
6.314400e+03 2.544520e+07 2.298228e+06 
7.180900e+03 2.994357e+07 1.284197e+06 
7.896200e+03 3.221791e+07 9.064920e+05 
6.350000e+03 2.616409e+07 2.042869e+06 
6.397550e+03 2.631727e+07 1.872630e+06 
6.985650e+03 2.893063e+07 1.500231e+06 
6.383200e+03 2.596556e+07 2.042869e+06 
6.988350e+03 2.900362e+07 1.447032e+06 
8.419250e+03 3.554249e+07 8.406318e+05 
7.813700e+03 3.243240e+07 9.064920e+05 
6.404150e+03 2.624597e+07 1.957750e+06 
8.139650e+03 3.377144e+07 8.511955e+05 
7.736650e+03 3.187431e+07 9.363151e+05 
6.568600e+03 2.706492e+07 1.787511e+06 
8.531900e+03 3.527597e+07 8.406318e+05 
7.424050e+03 3.089432e+07 1.106554e+06 
7.917850e+03 3.273805e+07 8.853436e+05 
7.408400e+03 3.069582e+07 1.133115e+06 
7.410400e+03 3.067950e+07 1.063994e+06 
7.413350e+03 3.093182e+07 1.106554e+06 
6.289300e+03 2.542482e+07 2.298228e+06 
7.401500e+03 3.115121e+07 1.133115e+06 
6.332250e+03 2.581426e+07 2.127989e+06 
8.508050e+03 3.526171e+07 8.406318e+05 
7.583100e+03 3.126203e+07 9.820330e+05 
6.922900e+03 2.883918e+07 1.447032e+06 
7.348550e+03 3.101198e+07 1.191674e+06 
7.201700e+03 2.978344e+07 1.276793e+06 
7.653850e+03 3.191886e+07 9.300608e+05 
6.975050e+03 2.888710e+07 1.435279e+06 
6.265650e+03 2.544253e+07 2.383347e+06 
6.899950e+03 2.870464e+07 1.586361e+06 
8.445650e+03 3.528640e+07 8.406318e+05 
6.202750e+03 2.527857e+07 2.468467e+06 
7.524750e+03 3.121998e+07 1.021435e+06 
7.421350e+03 3.078684e+07 1.149114e+06 
6.293400e+03 2.546420e+07 2.298228e+06 
6.300350e+03 2.570615e+07 2.213108e+06 
6.883550e+03 2.857380e+07 1.617271e+06 
6.897950e+03 2.875027e+07 1.532152e+06 
6.335800e+03 2.577130e+07 2.127989e+06 
6.463750e+03 2.636237e+07 1.872630e+06 
7.398800e+03 3.079808e+07 1.149114e+06 
7.601450e+03 3.117019e+07 9.837181e+05 
6.567650e+03 2.707203e+07 1.787511e+06 
7.735550e+03 3.233687e+07 9.300608e+05 
7.752200e+03 3.197261e+07 9.300608e+05 
6.345000e+03 2.592207e+07 2.042869e+06 
6.259400e+03 2.544039e+07 2.383347e+06 
6.201500e+03 2.527409e+07 2.468467e+06 
6.191100e+03 2.521736e+07 2.553587e+06 
6.206350e+03 2.520748e+07 2.468467e+06 
6.288450e+03 2.563449e+07 2.298228e+06 
7.234700e+03 3.013909e+07 1.208656e+06 
6.177950e+03 2.525225e+07 2.553587e+06 
8.450900e+03 3.482551e+07 8.501059e+05 
6.952500e+03 2.902307e+07 1.447032e+06 
7.259700e+03 3.007298e+07 1.208656e+06 
7.006100e+03 2.913255e+07 1.415112e+06 
7.907750e+03 3.291929e+07 8.585176e+05 
6.256950e+03 2.549978e+07 2.383347e+06 
7.693950e+03 3.182589e+07 9.363151e+05 
6.570450e+03 2.697163e+07 1.787511e+06 
6.288000e+03 2.540531e+07 2.383347e+06 
6.310700e+03 2.591404e+07 2.127989e+06 
7.496400e+03 3.074466e+07 1.057574e+06 
7.025450e+03 2.896959e+07 1.447032e+06 
7.382650e+03 3.127253e+07 1.133115e+06 
7.582950e+03 3.135521e+07 9.820330e+05 
7.985100e+03 3.315756e+07 8.585176e+05 
7.373700e+03 3.065264e+07 1.191674e+06 
7.177200e+03 2.982276e+07 1.276793e+06 
7.372800e+03 3.032320e+07 1.191674e+06 
6.578550e+03 2.704550e+07 1.787511e+06 
7.494300e+03 3.085337e+07 1.021435e+06 
8.127750e+03 3.376856e+07 8.511955e+05 
6.310600e+03 2.560845e+07 2.213108e+06 
7.176100e+03 2.982595e+07 1.276793e+06 
7.965150e+03 3.279550e+07 8.721289e+05 
6.207550e+03 2.515420e+07 2.468467e+06 
6.707200e+03 2.746819e+07 1.787511e+06 
7.994850e+03 3.296633e+07 8.585176e+05 
7.546800e+03 3.133308e+07 9.837181e+05 
7.716750e+03 3.259492e+07 9.363151e+05 
7.433400e+03 3.068594e+07 1.106554e+06 
8.401550e+03 3.503547e+07 8.406318e+05 
7.195700e+03 3.005214e+07 1.276793e+06 
7.423000e+03 3.042463e+07 1.191674e+06 
7.593600e+03 3.128655e+07 9.837181e+05 
6.285200e+03 2.560273e+07 2.298228e+06 
7.256300e+03 3.035158e+07 1.208656e+06 
7.463650e+03 3.154031e+07 1.057574e+06 
7.875100e+03 3.235618e+07 9.064920e+05 
7.159100e+03 2.989934e+07 1.329992e+06 
7.241000e+03 2.996438e+07 1.208656e+06 
6.847300e+03 2.851894e+07 1.617271e+06 
8.442150e+03 3.547062e+07 8.406318e+05 
7.216800e+03 2.988438e+07 1.276793e+06 
7.206400e+03 2.980193e+07 1.244873e+06 
7.627200e+03 3.138285e+07 9.820330e+05 
7.464800e+03 3.082489e+07 1.057574e+06 
6.382350e+03 2.631308e+07 1.957750e+06 
7.587900e+03 3.110532e+07 1.019490e+06 
7.363200e+03 3.051307e+07 1.149114e+06 
7.188700e+03 2.984361e+07 1.329992e+06 
7.756100e+03 3.204731e+07 9.121750e+05 
7.421700e+03 3.064459e+07 1.106554e+06 
7.558950e+03 3.107825e+07 1.019490e+06 
7.897150e+03 3.233320e+07 9.121750e+05 
7.802450e+03 3.177659e+07 9.363151e+05 
6.314000e+03 2.600300e+07 2.127989e+06 
7.396500e+03 3.138642e+07 1.133115e+06 
7.011600e+03 2.917297e+07 1.447032e+06 
6.198050e+03 2.523654e+07 2.553587e+06 
6.402200e+03 2.628798e+07 1.957750e+06 
7.464500e+03 3.085126e+07 1.057574e+06 
8.434600e+03 3.461133e+07 8.764034e+05 
7.193600e+03 2.969540e+07 1.359738e+06 
6.172250e+03 2.515368e+07 2.553587e+06 
7.229000e+03 2.987562e+07 1.284197e+06 
6.441050e+03 2.630183e+07 1.872630e+06 
7.560550e+03 3.140228e+07 9.837181e+05 
6.901450e+03 2.870744e+07 1.532152e+06 
7.850550e+03 3.302769e+07 9.064920e+05 
8.168450e+03 3.370882e+07 8.511955e+05 
6.402900e+03 2.610717e+07 1.957750e+06 
6.296500e+03 2.539128e+07 2.383347e+06 
7.032200e+03 2.919528e+07 1.361913e+06 
6.561050e+03 2.712085e+07 1.787511e+06 
6.918850e+03 2.870853e+07 1.532152e+06 
7.805300e+03 3.261695e+07 9.064920e+05 
6.362250e+03 2.611391e+07 2.042869e+06 
6.362850e+03 2.597923e+07 2.042869e+06 
6.258450e+03 2.556515e+07 2.383347e+06 
7.421900e+03 3.059237e+07 1.106554e+06 
7.869850e+03 3.242858e+07 9.166462e+05 
7.642550e+03 3.145846e+07 9.479465e+05 
6.282700e+03 2.536878e+07 2.383347e+06 
6.301500e+03 2.564845e+07 2.213108e+06 
6.390700e+03 2.625071e+07 1.957750e+06 
7.809950e+03 3.242046e+07 9.479465e+05 
7.897250e+03 3.240164e+07 9.064920e+05 
6.249800e+03 2.534221e+07 2.468467e+06 
6.565650e+03 2.712229e+07 1.787511e+06 
7.405800e+03 3.120591e+07 1.133115e+06 
7.912000e+03 3.223756e+07 9.029624e+05 
6.440450e+03 2.639355e+07 1.872630e+06 
6.596150e+03 2.693908e+07 1.702391e+06 
7.459300e+03 3.070052e+07 1.057574e+06 
6.380250e+03 2.616944e+07 1.957750e+06 
7.856700e+03 3.253054e+07 9.064920e+05 
7.471950e+03 3.122798e+07 1.021435e+06 

