3.079168e+02 7.133169e+07 5.980198e+06 
4.354204e+02 6.406781e+07 4.629830e+06 
3.185536e+02 7.760659e+07 5.690833e+06 
3.051690e+02 6.818564e+07 6.269562e+06 
4.093253e+02 6.433972e+07 5.208559e+06 
3.118215e+02 6.719044e+07 6.173107e+06 
4.329083e+02 6.793346e+07 3.472373e+06 
4.405345e+02 6.431382e+07 4.244011e+06 
3.678692e+02 6.712792e+07 4.726285e+06 
3.615195e+02 6.918630e+07 4.533376e+06 
3.497054e+02 6.880258e+07 5.015650e+06 
3.877651e+02 6.791369e+07 4.147556e+06 
4.005660e+02 6.499857e+07 4.726285e+06 
3.064606e+02 6.814233e+07 6.269562e+06 
4.058795e+02 6.654044e+07 3.954647e+06 
3.407304e+02 6.616102e+07 5.980198e+06 
3.040953e+02 6.874221e+07 6.269562e+06 
3.677659e+02 6.595156e+07 5.787288e+06 
3.152053e+02 6.808349e+07 5.883743e+06 
3.727793e+02 6.552927e+07 5.497924e+06 
3.214910e+02 7.001092e+07 5.594378e+06 
4.592106e+02 6.620771e+07 3.954647e+06 
3.429638e+02 6.930092e+07 5.112104e+06 
3.225597e+02 6.663247e+07 6.173107e+06 
3.757407e+02 6.517897e+07 5.305014e+06 
3.750061e+02 6.818597e+07 4.244011e+06 
3.960533e+02 6.660053e+07 4.244011e+06 
3.105349e+02 6.799072e+07 5.980198e+06 
3.023672e+02 6.966604e+07 6.462472e+06 
4.233268e+02 6.402984e+07 4.822740e+06 
3.392194e+02 7.167528e+07 4.919195e+06 
4.492009e+02 6.757303e+07 3.472373e+06 
3.190694e+02 6.925957e+07 5.690833e+06 
3.678924e+02 6.767915e+07 4.629830e+06 
3.993919e+02 6.732953e+07 3.761737e+06 
3.380115e+02 6.619037e+07 5.980198e+06 
4.310922e+02 6.510158e+07 4.051102e+06 
3.468477e+02 6.604499e+07 6.173107e+06 
3.875156e+02 6.465341e+07 5.305014e+06 
3.926050e+02 6.611219e+07 4.629830e+06 
3.400262e+02 6.780318e+07 5.497924e+06 
4.405920e+02 6.417192e+07 4.436921e+06 
3.552759e+02 7.043156e+07 4.629830e+06 
3.729352e+02 6.532804e+07 5.787288e+06 
3.688170e+02 6.575868e+07 5.305014e+06 
3.267841e+02 6.872061e+07 5.594378e+06 
3.497650e+02 7.171048e+07 4.726285e+06 
4.459697e+02 6.818241e+07 3.375918e+06 
4.145040e+02 6.509513e+07 4.244011e+06 
3.075212e+02 6.785572e+07 6.269562e+06 
3.918700e+02 6.443494e+07 5.497924e+06 
3.793710e+02 6.503798e+07 5.787288e+06 
3.222106e+02 7.884014e+07 5.497924e+06 
4.358853e+02 6.927408e+07 3.375918e+06 
3.922162e+02 7.030568e+07 3.858192e+06 
3.241155e+02 7.486652e+07 5.497924e+06 
3.112460e+02 6.770910e+07 6.558926e+06 
3.345662e+02 6.650119e+07 5.980198e+06 
4.098921e+02 6.468872e+07 4.436921e+06 
3.204180e+02 6.830769e+07 5.690833e+06 
3.817603e+02 7.114763e+07 4.051102e+06 
3.632051e+02 7.077969e+07 4.485148e+06 
3.313908e+02 6.681885e+07 5.690833e+06 
3.314124e+02 7.087910e+07 5.401469e+06 
4.486662e+02 6.620912e+07 3.858192e+06 
3.797732e+02 6.473003e+07 5.497924e+06 
3.936672e+02 6.828969e+07 3.954647e+06 
3.596264e+02 7.125426e+07 4.533376e+06 
4.223297e+02 6.867098e+07 3.472373e+06 
3.090299e+02 6.774426e+07 6.366017e+06 
4.267424e+02 6.652269e+07 3.858192e+06 
3.726931e+02 6.933049e+07 4.340466e+06 
3.473140e+02 6.994431e+07 4.919195e+06 
3.586855e+02 7.021852e+07 4.568207e+06 
3.511879e+02 7.009496e+07 4.726285e+06 
3.294562e+02 7.270734e+07 5.015650e+06 
3.032418e+02 7.099798e+07 6.269562e+06 
3.804079e+02 6.610405e+07 4.822740e+06 
3.357794e+02 6.621416e+07 5.883743e+06 
3.443281e+02 7.224039e+07 4.822740e+06 
3.805294e+02 6.499600e+07 5.208559e+06 
3.609006e+02 6.728584e+07 5.305014e+06 
3.869885e+02 6.533495e+07 4.919195e+06 
3.755091e+02 6.698332e+07 4.436921e+06 
3.048872e+02 6.828104e+07 6.269562e+06 
3.468013e+02 6.676099e+07 5.497924e+06 
3.860053e+02 6.740215e+07 4.244011e+06 
3.369827e+02 7.028813e+07 5.112104e+06 
3.137368e+02 7.051439e+07 5.787288e+06 
3.152392e+02 6.692520e+07 6.173107e+06 
4.252931e+02 6.513659e+07 4.051102e+06 
3.718568e+02 6.566061e+07 5.787288e+06 
3.213439e+02 6.722962e+07 5.883743e+06 
4.215813e+02 6.963292e+07 3.665282e+06 
4.522495e+02 6.654773e+07 3.665282e+06 
3.742008e+02 6.529435e+07 5.594378e+06 
4.303159e+02 6.732682e+07 3.568828e+06 
4.107251e+02 6.431213e+07 5.497924e+06 
3.055499e+02 6.969348e+07 6.173107e+06 
4.049826e+02 6.438994e+07 5.497924e+06 

3.124836e+02 7.486510e+07 6.366017e+06 
3.590449e+02 7.270188e+07 5.036547e+06 
3.331944e+02 6.842323e+07 5.883743e+06 
3.634973e+02 7.134034e+07 5.112104e+06 
3.300892e+02 6.821614e+07 6.269562e+06 
3.559322e+02 6.839140e+07 5.401469e+06 
3.723794e+02 7.790382e+07 4.533376e+06 
3.363521e+02 6.715178e+07 6.076652e+06 
4.158483e+02 6.611472e+07 5.208559e+06 
4.172519e+02 7.091757e+07 4.340466e+06 
3.331102e+02 6.768638e+07 6.173107e+06 
3.364853e+02 6.731241e+07 5.883743e+06 
3.632233e+02 6.677872e+07 5.305014e+06 
3.222026e+02 7.112884e+07 6.173107e+06 
3.964862e+02 6.920055e+07 4.919195e+06 
3.556529e+02 7.874890e+07 4.919195e+06 
3.612654e+02 7.901198e+07 4.726285e+06 
3.826265e+02 6.949303e+07 4.919195e+06 
3.314689e+02 6.809016e+07 6.076652e+06 
3.721904e+02 6.985124e+07 5.112104e+06 
3.382286e+02 7.110158e+07 5.208559e+06 
3.826238e+02 6.582564e+07 5.497924e+06 
3.757482e+02 7.002113e+07 5.015650e+06 
3.396677e+02 7.436264e+07 5.112104e+06 
3.268756e+02 7.091589e+07 5.690833e+06 
3.506778e+02 6.713725e+07 5.787288e+06 
3.747062e+02 6.657122e+07 5.305014e+06 
3.141607e+02 7.248191e+07 5.787288e+06 
3.607953e+02 6.715010e+07 5.305014e+06 
4.201278e+02 7.081211e+07 4.436921e+06 
3.510284e+02 6.901009e+07 5.401469e+06 
3.698881e+02 6.750078e+07 5.208559e+06 
4.018891e+02 7.145752e+07 4.436921e+06 
3.245187e+02 6.846295e+07 6.462472e+06 
3.298954e+02 6.854767e+07 5.980198e+06 
4.280963e+02 7.241637e+07 4.051102e+06 
3.396421e+02 6.969474e+07 5.401469e+06 
3.422192e+02 6.920583e+07 5.594378e+06 
3.838098e+02 6.625103e+07 5.305014e+06 
3.358990e+02 6.718092e+07 6.173107e+06 
3.115303e+02 7.518069e+07 6.366017e+06 
3.828596e+02 7.171828e+07 4.822740e+06 
3.611660e+02 7.397003e+07 4.919195e+06 
3.639585e+02 7.435567e+07 4.702171e+06 
3.292379e+02 6.838962e+07 6.269562e+06 
3.290909e+02 6.842838e+07 6.076652e+06 
4.052038e+02 6.530765e+07 5.497924e+06 
3.387638e+02 7.408178e+07 5.120142e+06 
4.081048e+02 7.181451e+07 4.340466e+06 
3.256813e+02 6.877569e+07 6.076652e+06 
4.197453e+02 7.049799e+07 4.533376e+06 
3.318668e+02 6.778555e+07 6.076652e+06 
3.930119e+02 7.122465e+07 4.629830e+06 
3.166779e+02 7.186271e+07 5.594378e+06 
3.449251e+02 6.804242e+07 5.690833e+06 
4.179758e+02 7.339636e+07 4.147556e+06 
3.317449e+02 6.793935e+07 6.173107e+06 
4.051730e+02 6.720838e+07 5.015650e+06 
3.659171e+02 7.349241e+07 4.869359e+06 
3.615363e+02 6.920605e+07 5.208559e+06 
4.410949e+02 7.038638e+07 4.533376e+06 
3.483820e+02 6.766610e+07 5.690833e+06 
3.863684e+02 7.119244e+07 4.726285e+06 
3.870310e+02 6.565641e+07 5.497924e+06 
4.317610e+02 6.739814e+07 4.822740e+06 
3.994890e+02 6.560363e+07 5.497924e+06 
3.372267e+02 7.266226e+07 5.287330e+06 
3.560730e+02 7.362740e+07 5.036547e+06 
3.674402e+02 6.616134e+07 5.690833e+06 
4.177078e+02 6.754338e+07 4.919195e+06 
3.157720e+02 7.184798e+07 6.076652e+06 
3.793930e+02 6.781370e+07 5.112104e+06 
4.113517e+02 7.224755e+07 4.244011e+06 
3.736044e+02 6.593732e+07 5.883743e+06 
3.729235e+02 7.104979e+07 5.015650e+06 
3.513653e+02 7.251915e+07 5.120142e+06 
4.017099e+02 6.549492e+07 5.401469e+06 
3.427820e+02 7.007739e+07 5.305014e+06 
3.956129e+02 6.563075e+07 5.594378e+06 
3.331737e+02 6.998530e+07 5.497924e+06 
4.012995e+02 6.523052e+07 5.594378e+06 
3.383816e+02 6.807252e+07 5.787288e+06 
3.304867e+02 7.392112e+07 5.305014e+06 
3.875680e+02 6.677880e+07 5.208559e+06 
3.245462e+02 7.243866e+07 5.401469e+06 
4.196335e+02 7.101396e+07 4.244011e+06 
4.237688e+02 7.328479e+07 4.051102e+06 
3.155798e+02 7.423410e+07 5.594378e+06 
3.337128e+02 6.729698e+07 6.076652e+06 
3.401319e+02 6.622487e+07 6.076652e+06 
4.090816e+02 6.877022e+07 4.822740e+06 
4.222836e+02 7.128698e+07 4.147556e+06 
3.962618e+02 7.261557e+07 4.436921e+06 
3.468122e+02 6.628489e+07 5.883743e+06 
3.496812e+02 6.612471e+07 6.076652e+06 
3.210004e+02 7.138123e+07 6.173107e+06 
4.008979e+02 7.052633e+07 4.629830e+06 
3.862037e+02 6.837312e+07 5.015650e+06 
4.031387e+02 6.636357e+07 5.112104e+06 
3.126181e+02 7.224484e+07 5.980198e+06 

3.982480e+02 6.777841e+07 3.761737e+06 
4.423508e+02 6.811513e+07 3.343766e+06 
3.297054e+02 7.070476e+07 5.497924e+06 
3.761557e+02 7.010910e+07 4.051102e+06 
4.247744e+02 6.660894e+07 4.919195e+06 
4.382651e+02 6.619505e+07 5.112104e+06 
3.438677e+02 7.061212e+07 4.726285e+06 
3.164436e+02 7.895785e+07 6.076652e+06 
3.815357e+02 6.888414e+07 3.954647e+06 
3.300725e+02 7.009864e+07 5.497924e+06 
3.202571e+02 7.252392e+07 5.980198e+06 
4.764596e+02 6.760192e+07 2.990099e+06 
3.435875e+02 6.933373e+07 4.919195e+06 
3.302477e+02 6.981720e+07 5.594378e+06 
3.619459e+02 6.895175e+07 4.436921e+06 
3.617785e+02 7.073921e+07 4.340466e+06 
3.740376e+02 6.733256e+07 4.919195e+06 
3.946937e+02 7.108238e+07 3.665282e+06 
3.714416e+02 6.840617e+07 4.533376e+06 
3.735519e+02 7.101972e+07 4.096114e+06 
3.518392e+02 6.790197e+07 5.015650e+06 
4.617172e+02 6.948851e+07 3.009390e+06 
3.222632e+02 7.216214e+07 5.787288e+06 
4.441999e+02 6.924558e+07 3.092984e+06 
3.464025e+02 6.849520e+07 4.919195e+06 
3.603958e+02 6.714427e+07 5.497924e+06 
4.273351e+02 6.656844e+07 4.919195e+06 
3.179871e+02 7.320079e+07 5.980198e+06 
3.279069e+02 7.094569e+07 5.497924e+06 
3.461563e+02 7.004612e+07 4.726285e+06 
3.512068e+02 7.057038e+07 4.436921e+06 
4.730299e+02 6.822794e+07 2.990099e+06 
3.225266e+02 7.175475e+07 5.787288e+06 
3.552451e+02 6.688753e+07 5.690833e+06 
3.564326e+02 7.771438e+07 4.430490e+06 
3.233619e+02 7.159760e+07 5.980198e+06 
4.541970e+02 6.802411e+07 3.260172e+06 
4.595014e+02 6.868827e+07 3.086554e+06 
3.238217e+02 7.139606e+07 5.497924e+06 
3.169405e+02 7.756072e+07 6.269562e+06 
4.104321e+02 6.941875e+07 3.568828e+06 
4.502683e+02 6.680522e+07 4.822740e+06 
3.632500e+02 6.777971e+07 4.726285e+06 
4.338176e+02 6.848241e+07 3.472373e+06 
3.889985e+02 6.784851e+07 4.096114e+06 
3.641055e+02 7.141837e+07 4.244011e+06 
3.791685e+02 7.063199e+07 3.928926e+06 
3.278839e+02 7.226556e+07 5.112104e+06 
3.701833e+02 6.903265e+07 4.263302e+06 
3.606843e+02 6.757483e+07 5.015650e+06 
3.338853e+02 6.931101e+07 5.015650e+06 
4.450129e+02 6.868325e+07 3.260172e+06 
4.359091e+02 7.011916e+07 3.260172e+06 
3.946750e+02 6.772386e+07 4.147556e+06 
3.174017e+02 7.775520e+07 5.980198e+06 
3.695685e+02 7.055464e+07 4.179708e+06 
3.298954e+02 7.018195e+07 5.594378e+06 
3.248731e+02 7.778806e+07 5.266432e+06 
4.236864e+02 6.662564e+07 5.015650e+06 
3.239666e+02 7.206018e+07 5.305014e+06 
3.315345e+02 7.183882e+07 5.015650e+06 
4.088398e+02 7.003163e+07 3.568828e+06 
3.327844e+02 6.936234e+07 5.401469e+06 
3.559286e+02 7.006090e+07 4.629830e+06 
3.207447e+02 7.345189e+07 5.594378e+06 
4.732693e+02 6.812909e+07 2.811005e+06 
4.230460e+02 6.856569e+07 3.665282e+06 
3.347122e+02 6.913985e+07 5.266432e+06 
4.137266e+02 7.078693e+07 3.472373e+06 
4.847865e+02 6.762987e+07 2.893644e+06 
3.291657e+02 7.101864e+07 5.208559e+06 
3.774044e+02 6.741385e+07 4.726285e+06 
3.677483e+02 6.665351e+07 5.594378e+06 
3.353990e+02 6.876582e+07 5.208559e+06 
3.853754e+02 7.004677e+07 3.858192e+06 
4.133478e+02 6.678253e+07 5.015650e+06 
3.447480e+02 7.219451e+07 4.597679e+06 
3.448621e+02 6.869784e+07 5.883743e+06 
3.281251e+02 7.085813e+07 5.594378e+06 
3.786091e+02 6.815136e+07 4.340466e+06 
3.515264e+02 6.807058e+07 5.497924e+06 
3.276758e+02 7.135771e+07 5.517215e+06 
4.280710e+02 6.644708e+07 4.919195e+06 
3.541780e+02 6.882569e+07 4.726285e+06 
4.325297e+02 7.075196e+07 3.375918e+06 
3.824153e+02 6.855566e+07 4.051102e+06 
4.609807e+02 6.727974e+07 3.183008e+06 
3.373906e+02 7.055570e+07 4.822740e+06 
3.980251e+02 6.928719e+07 3.678143e+06 
3.179744e+02 7.336360e+07 5.787288e+06 
3.445801e+02 6.871334e+07 5.883743e+06 
3.940672e+02 7.069833e+07 3.761737e+06 
3.403692e+02 7.181416e+07 4.764867e+06 
3.335729e+02 7.103043e+07 4.932055e+06 
3.862574e+02 6.702140e+07 4.340466e+06 
3.285382e+02 8.233131e+07 5.099244e+06 
3.481348e+02 6.813625e+07 5.690833e+06 
3.697909e+02 6.692928e+07 5.305014e+06 
4.166953e+02 6.997694e+07 3.510955e+06 
4.505478e+02 6.766618e+07 3.472373e+06 

3.865153e+02 7.075144e+07 4.096114e+06 
3.370257e+02 7.098030e+07 5.690833e+06 
4.309733e+02 6.856265e+07 3.986798e+06 
3.714579e+02 6.937906e+07 5.015650e+06 
3.584521e+02 7.087764e+07 5.015650e+06 
3.638315e+02 7.125926e+07 4.822740e+06 
3.759493e+02 7.157199e+07 4.533376e+06 
4.052635e+02 6.860648e+07 4.533376e+06 
3.660146e+02 7.898669e+07 4.629830e+06 
3.399408e+02 7.604031e+07 4.932055e+06 
4.125150e+02 7.104039e+07 3.858192e+06 
3.239802e+02 7.171557e+07 6.269562e+06 
3.605315e+02 6.943644e+07 5.401469e+06 
3.258518e+02 7.339751e+07 5.305014e+06 
3.763344e+02 6.950239e+07 4.726285e+06 
4.342386e+02 6.786155e+07 4.152915e+06 
3.182690e+02 7.276856e+07 5.497924e+06 
3.976949e+02 6.942828e+07 4.533376e+06 
3.815441e+02 7.071692e+07 4.430490e+06 
3.167277e+02 7.355983e+07 6.269562e+06 
3.878041e+02 6.886868e+07 4.848461e+06 
4.348279e+02 6.955326e+07 3.954647e+06 
4.009621e+02 6.994945e+07 4.340466e+06 
3.493958e+02 7.048149e+07 5.787288e+06 
3.596122e+02 7.066823e+07 4.919195e+06 
3.692030e+02 7.008723e+07 4.822740e+06 
3.773974e+02 7.032060e+07 4.436921e+06 
3.259571e+02 7.128202e+07 6.076652e+06 
3.311711e+02 7.498166e+07 5.266432e+06 
3.129807e+02 7.483222e+07 6.558926e+06 
4.047573e+02 7.202487e+07 3.954647e+06 
3.770758e+02 6.933901e+07 5.112104e+06 
3.165897e+02 7.446237e+07 6.173107e+06 
3.886656e+02 6.978305e+07 4.533376e+06 
3.503331e+02 6.992961e+07 5.690833e+06 
3.915986e+02 6.912876e+07 4.629830e+06 
3.853884e+02 6.900700e+07 4.726285e+06 
3.203332e+02 7.245470e+07 6.173107e+06 
3.871637e+02 6.891751e+07 5.015650e+06 
4.241769e+02 6.908421e+07 4.096114e+06 
4.250644e+02 6.991349e+07 4.051102e+06 
3.155702e+02 7.475387e+07 6.366017e+06 
3.389293e+02 7.079091e+07 5.787288e+06 
4.094627e+02 6.998726e+07 4.244011e+06 
3.329375e+02 7.624159e+07 5.208559e+06 
3.722804e+02 7.078451e+07 4.681273e+06 
4.156433e+02 7.182429e+07 3.761737e+06 
3.803072e+02 6.927968e+07 5.015650e+06 
3.347641e+02 7.396047e+07 5.208559e+06 
4.094721e+02 6.883947e+07 4.436921e+06 
3.577377e+02 7.338690e+07 4.919195e+06 
3.256514e+02 7.179796e+07 5.690833e+06 
3.572253e+02 6.946707e+07 5.305014e+06 
3.881208e+02 6.847240e+07 5.015650e+06 
3.347694e+02 7.099079e+07 5.690833e+06 
3.699234e+02 7.463788e+07 4.629830e+06 
3.850726e+02 6.894749e+07 4.848461e+06 
4.077664e+02 7.024777e+07 4.051102e+06 
3.232661e+02 7.236741e+07 6.366017e+06 
3.729618e+02 6.959875e+07 4.822740e+06 
3.674450e+02 7.177703e+07 4.681273e+06 
4.153698e+02 7.095283e+07 3.858192e+06 
3.143844e+02 7.414676e+07 6.558926e+06 
4.266136e+02 6.839366e+07 4.436921e+06 
3.882413e+02 7.041711e+07 4.340466e+06 
4.215044e+02 6.913308e+07 4.244011e+06 
3.623788e+02 7.326155e+07 4.822740e+06 
3.134635e+02 7.478656e+07 6.751836e+06 
3.550254e+02 7.176118e+07 5.015650e+06 
3.233430e+02 7.200670e+07 6.076652e+06 
4.027989e+02 7.038725e+07 4.179708e+06 
3.155517e+02 7.371704e+07 6.558926e+06 
3.707436e+02 6.975708e+07 4.919195e+06 
4.174857e+02 7.071120e+07 3.954647e+06 
3.307867e+02 7.280046e+07 5.305014e+06 
3.217974e+02 7.242559e+07 6.269562e+06 
3.280984e+02 7.217594e+07 5.401469e+06 
3.365943e+02 7.474520e+07 5.112104e+06 
4.403204e+02 6.924533e+07 3.954647e+06 
3.497478e+02 7.146605e+07 5.305014e+06 
3.658002e+02 7.364745e+07 4.764867e+06 
3.255077e+02 7.657532e+07 5.401469e+06 
3.487730e+02 7.051896e+07 5.787288e+06 
3.538604e+02 6.983741e+07 5.497924e+06 
3.164206e+02 7.319623e+07 6.558926e+06 
3.825403e+02 6.898217e+07 5.305014e+06 
3.143999e+02 7.403365e+07 6.558926e+06 
3.840105e+02 7.003690e+07 4.436921e+06 
3.529276e+02 7.089502e+07 5.305014e+06 
3.317255e+02 7.099454e+07 5.497924e+06 
3.651817e+02 7.022077e+07 4.848461e+06 
3.236267e+02 7.200764e+07 5.497924e+06 
3.830375e+02 7.263467e+07 4.346896e+06 
4.195634e+02 7.006896e+07 4.096114e+06 
4.015069e+02 7.151154e+07 4.051102e+06 
3.396157e+02 7.278489e+07 5.208559e+06 
3.411108e+02 7.294542e+07 5.112104e+06 
4.118575e+02 7.239567e+07 3.858192e+06 
3.644334e+02 7.951443e+07 4.681273e+06 
3.391802e+02 7.114081e+07 5.401469e+06 

3.677097e+02 6.474184e+07 5.787288e+06 
3.498766e+02 6.626215e+07 5.497924e+06 
3.521686e+02 6.543443e+07 5.690833e+06 
4.198036e+02 6.439874e+07 4.822740e+06 
4.071068e+02 6.378189e+07 5.015650e+06 
3.558670e+02 6.646442e+07 5.112104e+06 
3.877800e+02 6.390250e+07 5.401469e+06 
3.353842e+02 6.734082e+07 5.497924e+06 
3.958654e+02 6.399048e+07 5.208559e+06 
3.749278e+02 6.755584e+07 4.681273e+06 
3.330632e+02 6.665172e+07 5.594378e+06 
3.814747e+02 6.449708e+07 5.401469e+06 
4.144537e+02 6.542839e+07 4.726285e+06 
3.725013e+02 6.797526e+07 4.629830e+06 
3.823129e+02 6.522656e+07 5.112104e+06 
3.706627e+02 6.574979e+07 5.015650e+06 
3.399265e+02 6.622933e+07 5.787288e+06 
3.272215e+02 6.847928e+07 5.690833e+06 
3.888514e+02 6.370103e+07 5.497924e+06 
4.245779e+02 6.308163e+07 5.015650e+06 
3.472447e+02 6.583043e+07 5.690833e+06 
3.219076e+02 6.767443e+07 6.173107e+06 
3.582107e+02 6.553469e+07 5.497924e+06 
4.105131e+02 6.339810e+07 5.401469e+06 
3.929619e+02 6.338207e+07 5.690833e+06 
3.716318e+02 6.628917e+07 4.919195e+06 
4.402401e+02 6.417370e+07 4.919195e+06 
4.074970e+02 7.234108e+07 4.436921e+06 
3.666307e+02 6.555029e+07 5.208559e+06 
3.448050e+02 6.599526e+07 5.787288e+06 
3.415900e+02 6.724182e+07 5.401469e+06 
3.585352e+02 6.715888e+07 5.015650e+06 
3.578107e+02 6.635105e+07 5.112104e+06 
3.229693e+02 6.841837e+07 5.980198e+06 
3.820939e+02 6.563442e+07 4.822740e+06 
3.214779e+02 6.918875e+07 6.173107e+06 
3.564589e+02 6.529191e+07 5.883743e+06 
3.378626e+02 6.643684e+07 5.690833e+06 
3.250278e+02 6.774956e+07 5.787288e+06 
3.243250e+02 6.752792e+07 6.269562e+06 
4.165173e+02 6.621181e+07 4.533376e+06 
4.340611e+02 6.476726e+07 4.629830e+06 
3.373657e+02 6.614259e+07 6.269562e+06 
3.680225e+02 6.454598e+07 5.883743e+06 
3.985957e+02 7.390479e+07 4.436921e+06 
3.795040e+02 6.398371e+07 5.690833e+06 
4.209337e+02 7.384679e+07 4.244011e+06 
4.033826e+02 6.456250e+07 4.919195e+06 
3.862816e+02 6.366665e+07 5.883743e+06 
4.311017e+02 6.519231e+07 4.629830e+06 
4.129211e+02 6.680186e+07 4.436921e+06 
3.663954e+02 6.740215e+07 4.822740e+06 
3.610795e+02 6.574805e+07 5.305014e+06 
3.236019e+02 6.773976e+07 5.883743e+06 
3.435877e+02 6.612477e+07 5.690833e+06 
3.284277e+02 6.734253e+07 5.980198e+06 
4.058181e+02 6.489498e+07 4.822740e+06 
3.458227e+02 6.849801e+07 5.208559e+06 
3.418683e+02 6.833690e+07 5.266432e+06 
3.278364e+02 6.742607e+07 5.980198e+06 
3.292182e+02 6.703791e+07 5.787288e+06 
3.241949e+02 6.902052e+07 5.787288e+06 
4.143933e+02 7.146578e+07 4.340466e+06 
3.704085e+02 6.426565e+07 5.690833e+06 
3.951228e+02 7.112646e+07 4.533376e+06 
4.038355e+02 6.347327e+07 5.305014e+06 
3.467195e+02 6.781911e+07 5.015650e+06 
3.525203e+02 6.678390e+07 5.305014e+06 
3.759314e+02 6.416159e+07 5.497924e+06 
3.965847e+02 7.035639e+07 4.533376e+06 
3.307961e+02 6.684372e+07 5.787288e+06 
3.563564e+02 6.786199e+07 4.932055e+06 
3.460131e+02 6.727409e+07 5.266432e+06 
3.636671e+02 6.508313e+07 5.497924e+06 
3.703297e+02 6.656025e+07 4.822740e+06 
3.408142e+02 6.859986e+07 5.401469e+06 
3.930399e+02 6.423319e+07 5.112104e+06 
3.843821e+02 6.379884e+07 5.690833e+06 
3.904862e+02 6.350295e+07 5.690833e+06 
3.302741e+02 6.691272e+07 6.076652e+06 
3.846612e+02 6.533915e+07 4.919195e+06 
3.837814e+02 6.395497e+07 5.594378e+06 
3.664529e+02 6.615697e+07 5.015650e+06 
4.395851e+02 6.551931e+07 4.533376e+06 
3.503681e+02 6.576475e+07 5.787288e+06 
3.822893e+02 6.675979e+07 4.629830e+06 
3.846546e+02 7.415888e+07 4.533376e+06 
3.315421e+02 6.793160e+07 5.497924e+06 
3.671074e+02 6.478745e+07 5.883743e+06 
3.611161e+02 6.831541e+07 4.919195e+06 
3.701925e+02 6.512586e+07 5.305014e+06 
3.711187e+02 6.429572e+07 5.594378e+06 
3.569645e+02 6.510712e+07 5.690833e+06 
3.805423e+02 6.608055e+07 4.726285e+06 
4.084852e+02 7.402410e+07 4.340466e+06 
3.955585e+02 6.652757e+07 4.629830e+06 
3.593278e+02 6.480565e+07 5.787288e+06 
3.861630e+02 6.447326e+07 5.305014e+06 
3.360996e+02 6.648783e+07 5.980198e+06 
3.860173e+02 6.956913e+07 4.597679e+06 

3.567505e+02 8.341479e+07 4.726285e+06 
3.709369e+02 6.594178e+07 5.594378e+06 
3.368240e+02 7.059299e+07 5.401469e+06 
4.243372e+02 6.661137e+07 4.726285e+06 
3.339052e+02 7.225140e+07 5.497924e+06 
3.410917e+02 6.927331e+07 5.497924e+06 
3.356708e+02 6.801841e+07 5.980198e+06 
3.604175e+02 6.710170e+07 5.787288e+06 
3.446068e+02 6.915374e+07 5.401469e+06 
3.369244e+02 6.871053e+07 5.690833e+06 
4.414134e+02 6.656484e+07 4.629830e+06 
3.637800e+02 7.200963e+07 4.919195e+06 
3.460186e+02 7.023230e+07 5.305014e+06 
4.224425e+02 6.620894e+07 5.015650e+06 
4.391159e+02 6.985211e+07 3.858192e+06 
3.576475e+02 6.723580e+07 5.401469e+06 
4.507930e+02 6.755089e+07 4.147556e+06 
3.760976e+02 6.581358e+07 5.497924e+06 
3.688023e+02 6.644013e+07 5.401469e+06 
4.637455e+02 6.850065e+07 3.472373e+06 
3.514566e+02 8.129582e+07 5.112104e+06 
3.276213e+02 6.966719e+07 6.462472e+06 
4.294989e+02 6.718354e+07 4.340466e+06 
3.737487e+02 6.885500e+07 4.822740e+06 
3.800945e+02 6.870523e+07 4.629830e+06 
3.625510e+02 6.698059e+07 5.787288e+06 
3.479938e+02 8.013131e+07 5.208559e+06 
3.905004e+02 6.893696e+07 4.340466e+06 
3.728800e+02 7.231911e+07 4.629830e+06 
4.395369e+02 6.814442e+07 4.051102e+06 
4.377975e+02 6.672083e+07 4.533376e+06 
4.084327e+02 7.175124e+07 4.244011e+06 
3.503379e+02 7.113453e+07 5.208559e+06 
3.448650e+02 6.836090e+07 5.497924e+06 
3.213878e+02 7.326154e+07 6.462472e+06 
3.194193e+02 7.582633e+07 6.269562e+06 
3.230173e+02 7.010127e+07 6.269562e+06 
3.295325e+02 6.953600e+07 6.076652e+06 
3.862585e+02 6.808243e+07 4.533376e+06 
3.404376e+02 7.088742e+07 5.305014e+06 
4.344405e+02 6.901129e+07 3.954647e+06 
3.673829e+02 6.832070e+07 5.208559e+06 
3.835831e+02 6.541708e+07 5.497924e+06 
3.723281e+02 6.684628e+07 5.305014e+06 
3.587206e+02 8.298581e+07 4.702171e+06 
3.339333e+02 7.004561e+07 5.594378e+06 
3.707265e+02 6.625489e+07 5.883743e+06 
3.931107e+02 6.720787e+07 4.919195e+06 
4.522165e+02 6.803998e+07 3.761737e+06 
4.249814e+02 7.007159e+07 4.051102e+06 
3.195530e+02 7.498911e+07 6.655381e+06 
4.273346e+02 6.809580e+07 4.244011e+06 
3.824850e+02 6.791091e+07 4.919195e+06 
3.216951e+02 7.210162e+07 5.883743e+06 
4.260368e+02 6.686495e+07 4.533376e+06 
3.590900e+02 7.038193e+07 5.112104e+06 
4.002399e+02 6.695776e+07 4.822740e+06 
3.563636e+02 8.132529e+07 4.822740e+06 
3.641671e+02 6.676898e+07 5.594378e+06 
3.948521e+02 6.782934e+07 4.533376e+06 
3.644677e+02 6.929223e+07 4.919195e+06 
3.211175e+02 7.484446e+07 6.269562e+06 
4.396749e+02 6.690093e+07 4.436921e+06 
4.469229e+02 7.013623e+07 3.665282e+06 
3.544807e+02 8.366536e+07 4.806663e+06 
3.214117e+02 7.254475e+07 6.269562e+06 
3.307254e+02 6.866498e+07 5.980198e+06 
3.228270e+02 7.056797e+07 6.173107e+06 
4.634845e+02 6.762262e+07 3.858192e+06 
4.197974e+02 7.050552e+07 4.147556e+06 
3.533900e+02 8.777599e+07 4.639474e+06 
3.187532e+02 7.547051e+07 6.462472e+06 
4.237502e+02 6.843884e+07 4.147556e+06 
3.730182e+02 7.004117e+07 4.726285e+06 
4.013998e+02 6.644087e+07 4.919195e+06 
3.756133e+02 6.589337e+07 5.594378e+06 
4.607509e+02 6.794225e+07 3.665282e+06 
4.596005e+02 6.947838e+07 3.472373e+06 
3.724205e+02 6.617264e+07 5.401469e+06 
3.641411e+02 8.017356e+07 4.822740e+06 
4.512468e+02 6.956758e+07 3.568828e+06 
3.508733e+02 6.782269e+07 5.690833e+06 
3.262477e+02 7.147264e+07 5.594378e+06 
3.576649e+02 6.897569e+07 5.208559e+06 
3.565699e+02 6.773252e+07 5.980198e+06 
4.422144e+02 6.856261e+07 3.761737e+06 
3.556794e+02 8.663538e+07 4.629830e+06 
3.447689e+02 6.812129e+07 5.594378e+06 
3.494936e+02 8.426189e+07 4.869359e+06 
3.817249e+02 7.005615e+07 4.436921e+06 
3.257765e+02 7.078780e+07 5.787288e+06 
4.331951e+02 6.615439e+07 5.112104e+06 
3.893987e+02 6.568685e+07 5.305014e+06 
4.345690e+02 6.631263e+07 4.822740e+06 
3.651690e+02 6.668346e+07 5.787288e+06 
3.818688e+02 6.635405e+07 5.112104e+06 
3.220470e+02 7.137579e+07 5.980198e+06 
3.450698e+02 9.052748e+07 5.208559e+06 
3.944326e+02 6.756702e+07 4.726285e+06 
3.319720e+02 6.968650e+07 5.787288e+06 

3.298647e+02 6.693564e+07 6.076652e+06 
3.324523e+02 6.684309e+07 6.076652e+06 
4.160088e+02 6.389472e+07 5.305014e+06 
3.439049e+02 6.591187e+07 6.269562e+06 
3.955273e+02 6.407192e+07 5.401469e+06 
3.770777e+02 6.511557e+07 5.305014e+06 
3.397194e+02 6.845146e+07 5.497924e+06 
3.699797e+02 6.697512e+07 5.112104e+06 
4.243257e+02 7.491845e+07 4.340466e+06 
3.277962e+02 6.704272e+07 6.076652e+06 
3.886341e+02 7.135070e+07 4.822740e+06 
3.882655e+02 7.054194e+07 4.919195e+06 
4.234346e+02 7.635743e+07 4.244011e+06 
3.253635e+02 7.004793e+07 5.980198e+06 
4.189333e+02 7.693848e+07 4.436921e+06 
3.323298e+02 6.721576e+07 5.883743e+06 
3.376820e+02 6.660247e+07 6.173107e+06 
3.456289e+02 6.867700e+07 5.305014e+06 
4.167530e+02 7.491879e+07 4.533376e+06 
3.516343e+02 6.701145e+07 5.497924e+06 
3.317625e+02 6.692254e+07 5.980198e+06 
4.285212e+02 7.373921e+07 4.340466e+06 
3.804603e+02 6.465652e+07 5.401469e+06 
3.781714e+02 7.010766e+07 5.015650e+06 
3.534392e+02 6.587926e+07 5.594378e+06 
3.814020e+02 6.587895e+07 5.112104e+06 
3.800515e+02 6.531444e+07 5.208559e+06 
3.343428e+02 6.727337e+07 5.690833e+06 
3.213149e+02 6.764254e+07 6.173107e+06 
3.859482e+02 6.552473e+07 5.015650e+06 
3.584604e+02 6.548943e+07 5.401469e+06 
3.353453e+02 6.668771e+07 6.269562e+06 
3.186563e+02 6.839379e+07 6.269562e+06 
3.877059e+02 6.425513e+07 5.401469e+06 
3.454178e+02 6.534473e+07 5.883743e+06 
3.339344e+02 6.830259e+07 5.690833e+06 
3.200625e+02 6.892232e+07 6.173107e+06 
3.388472e+02 6.669093e+07 6.076652e+06 
3.713487e+02 6.414873e+07 5.787288e+06 
3.395140e+02 6.658981e+07 6.173107e+06 
4.549702e+02 7.374630e+07 4.244011e+06 
3.402922e+02 6.809006e+07 5.594378e+06 
3.246775e+02 6.849225e+07 6.076652e+06 
4.544209e+02 7.639002e+07 3.954647e+06 
3.426906e+02 6.652364e+07 5.690833e+06 
3.880808e+02 6.363002e+07 5.690833e+06 
3.412951e+02 6.963592e+07 5.401469e+06 
4.203538e+02 7.401154e+07 4.533376e+06 
3.591967e+02 6.521404e+07 5.980198e+06 
3.613992e+02 6.511096e+07 6.076652e+06 
4.396922e+02 7.555742e+07 4.051102e+06 
4.155765e+02 7.600389e+07 4.597679e+06 
3.677793e+02 6.456436e+07 5.883743e+06 
3.968504e+02 6.361431e+07 5.594378e+06 
3.920480e+02 6.726057e+07 4.919195e+06 
3.290793e+02 6.889399e+07 5.787288e+06 
3.260118e+02 6.751761e+07 6.076652e+06 
3.605543e+02 6.514378e+07 5.497924e+06 
3.402132e+02 6.613245e+07 6.173107e+06 
3.752179e+02 6.421747e+07 5.497924e+06 
4.058629e+02 7.285458e+07 4.629830e+06 
3.727869e+02 6.496811e+07 5.401469e+06 
3.688417e+02 6.485285e+07 5.690833e+06 
3.908372e+02 6.438775e+07 5.208559e+06 
3.570772e+02 6.546962e+07 5.594378e+06 
4.251314e+02 7.557231e+07 4.244011e+06 
3.681265e+02 6.521566e+07 5.401469e+06 
4.339907e+02 7.323791e+07 4.340466e+06 
3.988932e+02 6.964373e+07 4.726285e+06 
3.446064e+02 6.859765e+07 5.401469e+06 
3.743725e+02 7.332134e+07 5.015650e+06 
3.232256e+02 6.758996e+07 6.173107e+06 
3.634903e+02 6.500751e+07 5.980198e+06 
3.551588e+02 6.639242e+07 5.497924e+06 
3.707452e+02 6.425706e+07 5.787288e+06 
3.764714e+02 6.647841e+07 5.112104e+06 
3.970996e+02 6.499760e+07 5.015650e+06 
3.827331e+02 6.475108e+07 5.305014e+06 
4.518484e+02 7.505987e+07 4.051102e+06 
3.704143e+02 6.451216e+07 5.497924e+06 
3.820755e+02 6.486337e+07 5.208559e+06 
3.454809e+02 6.733042e+07 5.497924e+06 
3.459642e+02 6.767682e+07 5.208559e+06 
3.633541e+02 6.568788e+07 5.305014e+06 
3.831556e+02 6.451875e+07 5.401469e+06 
3.365179e+02 6.875121e+07 5.594378e+06 
3.690033e+02 6.445804e+07 5.787288e+06 
3.336744e+02 7.926408e+07 5.690833e+06 
4.537748e+02 7.665138e+07 3.954647e+06 
3.665667e+02 6.470712e+07 5.787288e+06 
3.724894e+02 6.645225e+07 5.208559e+06 
4.418586e+02 7.472287e+07 4.244011e+06 
3.906050e+02 6.413051e+07 5.497924e+06 
4.625868e+02 7.507638e+07 3.858192e+06 
4.562227e+02 7.714132e+07 3.858192e+06 
4.039917e+02 7.481122e+07 4.681273e+06 
3.278831e+02 6.890640e+07 5.883743e+06 
4.146568e+02 6.939905e+07 4.726285e+06 
3.643898e+02 6.504883e+07 5.787288e+06 
3.595464e+02 6.522596e+07 5.594378e+06 

3.386231e+02 6.820721e+07 5.594378e+06 
3.122782e+02 7.246938e+07 6.655381e+06 
3.241203e+02 6.733797e+07 6.076652e+06 
3.552375e+02 6.649032e+07 5.497924e+06 
3.300845e+02 7.798222e+07 5.594378e+06 
3.523348e+02 6.455112e+07 6.558926e+06 
3.410164e+02 8.741963e+07 5.208559e+06 
3.455927e+02 6.633906e+07 5.787288e+06 
3.153323e+02 7.419437e+07 6.269562e+06 
3.710542e+02 6.552536e+07 5.690833e+06 
3.259622e+02 7.267139e+07 5.883743e+06 
3.512837e+02 6.712302e+07 5.401469e+06 
3.398059e+02 8.709031e+07 5.305014e+06 
3.198680e+02 6.868066e+07 6.076652e+06 
3.914819e+02 6.719593e+07 5.015650e+06 
3.391743e+02 6.555864e+07 6.366017e+06 
3.838867e+02 6.711353e+07 5.112104e+06 
3.205681e+02 6.782764e+07 6.173107e+06 
3.380491e+02 6.590355e+07 6.269562e+06 
3.811929e+02 6.996044e+07 4.726285e+06 
3.424739e+02 6.546195e+07 6.366017e+06 
3.299630e+02 6.610155e+07 6.366017e+06 
3.428550e+02 6.727689e+07 5.594378e+06 
4.362746e+02 6.925013e+07 4.533376e+06 
3.358742e+02 7.714976e+07 5.497924e+06 
3.194418e+02 6.765361e+07 6.366017e+06 
3.758781e+02 6.738693e+07 5.208559e+06 
3.280863e+02 7.217653e+07 5.787288e+06 
3.486013e+02 6.494533e+07 6.366017e+06 
3.522863e+02 7.424160e+07 5.208559e+06 
4.104547e+02 6.597576e+07 5.208559e+06 
3.766928e+02 6.508046e+07 5.980198e+06 
3.686317e+02 6.914772e+07 5.015650e+06 
4.080580e+02 6.955589e+07 4.533376e+06 
3.592525e+02 6.751886e+07 5.305014e+06 
3.593224e+02 6.590350e+07 5.787288e+06 
3.564517e+02 6.442486e+07 6.558926e+06 
3.292714e+02 7.774683e+07 5.690833e+06 
3.414404e+02 6.873684e+07 5.497924e+06 
3.639330e+02 6.395723e+07 6.462472e+06 
4.139151e+02 6.691703e+07 4.919195e+06 
3.347393e+02 6.854997e+07 5.690833e+06 
3.440475e+02 6.550274e+07 6.173107e+06 
3.449916e+02 7.343815e+07 5.305014e+06 
3.173625e+02 6.855894e+07 6.366017e+06 
3.241415e+02 6.871456e+07 5.980198e+06 
3.631193e+02 6.643786e+07 5.401469e+06 
3.657465e+02 7.018136e+07 5.112104e+06 
4.035369e+02 6.552717e+07 5.305014e+06 
4.238279e+02 6.823787e+07 4.629830e+06 
3.803547e+02 6.362104e+07 6.558926e+06 
3.400553e+02 7.269539e+07 5.497924e+06 
3.725387e+02 6.383084e+07 6.366017e+06 
3.620571e+02 6.449202e+07 6.173107e+06 
3.716457e+02 9.019349e+07 4.932055e+06 
3.914042e+02 6.784335e+07 4.919195e+06 
3.242664e+02 6.699626e+07 6.076652e+06 
3.773230e+02 6.536559e+07 5.690833e+06 
3.274282e+02 6.668190e+07 6.076652e+06 
3.319311e+02 7.576431e+07 5.690833e+06 
3.676684e+02 6.618233e+07 5.594378e+06 
3.268732e+02 7.890807e+07 5.787288e+06 
3.265434e+02 6.765366e+07 5.980198e+06 
3.425796e+02 6.859489e+07 5.401469e+06 
3.572472e+02 6.438912e+07 6.655381e+06 
3.481636e+02 6.800404e+07 5.305014e+06 
3.809472e+02 6.750852e+07 5.112104e+06 
3.835632e+02 7.119265e+07 4.533376e+06 
3.670141e+02 7.070492e+07 5.015650e+06 
4.133760e+02 6.609823e+07 5.112104e+06 
3.350324e+02 6.592753e+07 6.366017e+06 
3.515728e+02 6.476109e+07 6.558926e+06 
3.801666e+02 6.584625e+07 5.594378e+06 
3.304239e+02 6.931766e+07 5.787288e+06 
3.311991e+02 6.697586e+07 5.980198e+06 
3.179821e+02 7.420300e+07 5.980198e+06 
3.984811e+02 6.611975e+07 5.112104e+06 
3.536606e+02 6.875396e+07 5.208559e+06 
3.654009e+02 6.433405e+07 6.173107e+06 
3.391996e+02 8.639609e+07 5.401469e+06 
3.895321e+02 7.024525e+07 4.533376e+06 
3.781682e+02 6.903582e+07 4.919195e+06 
3.931925e+02 6.653199e+07 5.112104e+06 
3.159463e+02 6.987396e+07 6.173107e+06 
3.615369e+02 6.436424e+07 6.558926e+06 
4.176708e+02 6.802009e+07 4.726285e+06 
3.863047e+02 6.865749e+07 4.726285e+06 
3.329376e+02 6.787884e+07 5.883743e+06 
3.956222e+02 6.966488e+07 4.629830e+06 
3.198838e+02 7.669812e+07 5.883743e+06 
3.452274e+02 6.506837e+07 6.269562e+06 
3.634031e+02 6.842639e+07 5.208559e+06 
3.398447e+02 6.591505e+07 6.076652e+06 
3.702950e+02 6.370653e+07 6.462472e+06 
3.654834e+02 7.572163e+07 5.015650e+06 
3.997583e+02 6.664831e+07 5.015650e+06 
3.236998e+02 6.744807e+07 6.558926e+06 
3.616982e+02 7.496618e+07 5.112104e+06 
4.252944e+02 6.774484e+07 4.822740e+06 
3.752515e+02 7.146523e+07 4.919195e+06 

3.575881e+02 6.886301e+07 5.497924e+06 
3.929412e+02 7.204443e+07 3.761737e+06 
4.149992e+02 7.095196e+07 3.737624e+06 
3.140708e+02 7.154909e+07 5.980198e+06 
3.881787e+02 6.875254e+07 4.436921e+06 
3.975214e+02 6.827125e+07 4.244011e+06 
3.274985e+02 7.563417e+07 5.208559e+06 
4.239474e+02 7.073394e+07 3.665282e+06 
3.144700e+02 7.389197e+07 5.787288e+06 
3.176658e+02 7.379162e+07 5.690833e+06 
3.639537e+02 7.069505e+07 4.822740e+06 
3.791932e+02 6.893822e+07 4.726285e+06 
3.418901e+02 7.178829e+07 5.305014e+06 
3.523582e+02 7.338752e+07 4.919195e+06 
4.265608e+02 7.012750e+07 3.761737e+06 
3.975821e+02 6.977645e+07 4.051102e+06 
4.283936e+02 6.941536e+07 4.051102e+06 
4.355262e+02 6.981264e+07 3.665282e+06 
3.717286e+02 7.037924e+07 4.436921e+06 
3.278917e+02 8.167976e+07 5.099244e+06 
3.694413e+02 7.344621e+07 4.436921e+06 
3.460139e+02 6.985223e+07 5.401469e+06 
3.638777e+02 6.877545e+07 5.208559e+06 
3.998492e+02 6.952571e+07 4.147556e+06 
3.977199e+02 7.026583e+07 3.954647e+06 
3.404524e+02 7.048702e+07 6.173107e+06 
3.310711e+02 7.614500e+07 5.112104e+06 
3.268822e+02 7.111555e+07 5.787288e+06 
3.944346e+02 6.831148e+07 4.436921e+06 
3.338514e+02 7.193918e+07 5.497924e+06 
3.212858e+02 7.118694e+07 5.980198e+06 
3.188336e+02 8.217677e+07 5.401469e+06 
3.601779e+02 6.882274e+07 5.305014e+06 
3.250456e+02 7.603128e+07 5.208559e+06 
3.846464e+02 7.195596e+07 4.051102e+06 
3.361686e+02 7.364838e+07 5.305014e+06 
4.245990e+02 6.902201e+07 4.147556e+06 
3.923506e+02 6.860168e+07 4.340466e+06 
3.891449e+02 7.058303e+07 4.051102e+06 
3.297885e+02 7.070341e+07 6.173107e+06 
3.682015e+02 6.933838e+07 4.734323e+06 
3.127391e+02 7.609874e+07 5.594378e+06 
3.923938e+02 6.849520e+07 4.822740e+06 
3.541095e+02 6.900488e+07 5.594378e+06 
3.260534e+02 7.407390e+07 5.401469e+06 
3.100279e+02 7.501664e+07 6.173107e+06 
3.656225e+02 7.229695e+07 4.726285e+06 
3.306665e+02 7.327798e+07 5.497924e+06 
3.913401e+02 7.013167e+07 4.051102e+06 
3.871981e+02 6.893647e+07 4.244011e+06 
3.614194e+02 7.000646e+07 4.919195e+06 
3.367796e+02 7.127114e+07 5.594378e+06 
3.314903e+02 7.075497e+07 5.980198e+06 
3.621551e+02 6.861952e+07 5.305014e+06 
3.503968e+02 7.012382e+07 5.208559e+06 
3.426383e+02 7.055787e+07 5.787288e+06 
3.771321e+02 7.119003e+07 4.340466e+06 
3.603599e+02 7.397120e+07 4.822740e+06 
3.511053e+02 6.980610e+07 5.305014e+06 
3.450074e+02 7.195790e+07 5.208559e+06 
3.670155e+02 6.916629e+07 4.919195e+06 
3.113936e+02 7.429521e+07 6.173107e+06 
3.784579e+02 7.002392e+07 4.319032e+06 
3.823430e+02 6.942554e+07 4.340466e+06 
3.444961e+02 6.991150e+07 5.594378e+06 
3.370344e+02 7.864684e+07 4.822740e+06 
4.304083e+02 6.949680e+07 3.954647e+06 
3.468220e+02 6.949601e+07 5.787288e+06 
4.166915e+02 7.192690e+07 3.665282e+06 
3.358376e+02 7.232428e+07 5.401469e+06 
3.384208e+02 7.308354e+07 5.015650e+06 
3.201567e+02 7.156053e+07 5.883743e+06 
3.250773e+02 7.217235e+07 5.690833e+06 
3.141616e+02 7.475471e+07 5.594378e+06 
3.904626e+02 7.105019e+07 3.954647e+06 
3.214532e+02 7.354827e+07 5.594378e+06 
3.809101e+02 7.086434e+07 4.244011e+06 
3.805398e+02 7.309146e+07 4.244011e+06 
3.540653e+02 6.925527e+07 5.594378e+06 
3.267394e+02 7.077053e+07 6.173107e+06 
3.216348e+02 7.637604e+07 5.401469e+06 
3.580759e+02 7.046509e+07 4.919195e+06 
3.607562e+02 6.865595e+07 5.305014e+06 
3.160020e+02 7.128181e+07 6.173107e+06 
3.652776e+02 7.131722e+07 4.734323e+06 
3.230954e+02 7.111461e+07 5.883743e+06 
3.493350e+02 7.248324e+07 5.112104e+06 
3.243055e+02 7.939808e+07 5.182838e+06 
3.135996e+02 7.383712e+07 6.173107e+06 
3.264980e+02 7.093848e+07 5.980198e+06 
3.753290e+02 6.982264e+07 4.436921e+06 
3.683538e+02 7.018077e+07 4.533376e+06 
3.451776e+02 7.032205e+07 5.305014e+06 
3.230275e+02 8.041603e+07 5.266432e+06 
3.963988e+02 6.809067e+07 4.629830e+06 
3.898221e+02 7.299104e+07 3.954647e+06 
4.032577e+02 7.095298e+07 3.858192e+06 
3.210370e+02 7.232453e+07 5.787288e+06 
3.639768e+02 6.857108e+07 5.497924e+06 
3.229442e+02 7.545644e+07 5.401469e+06 

4.118902e+02 6.877673e+07 4.051102e+06 
3.719350e+02 6.620158e+07 5.305014e+06 
4.049658e+02 7.191327e+07 3.858192e+06 
3.437977e+02 6.886077e+07 5.208559e+06 
3.212343e+02 8.241251e+07 6.944746e+06 
3.441932e+02 6.739641e+07 5.980198e+06 
3.642816e+02 6.963817e+07 4.533376e+06 
3.813164e+02 6.899639e+07 4.340466e+06 
3.485515e+02 7.024724e+07 4.726285e+06 
3.769019e+02 6.747785e+07 4.629830e+06 
3.315138e+02 6.864583e+07 5.980198e+06 
3.710484e+02 7.198333e+07 4.436921e+06 
3.713592e+02 6.773170e+07 4.629830e+06 
3.658808e+02 6.827395e+07 4.822740e+06 
3.428793e+02 6.761328e+07 5.787288e+06 
3.243835e+02 7.982323e+07 6.655381e+06 
3.752514e+02 6.615224e+07 5.112104e+06 
3.221772e+02 8.258688e+07 6.558926e+06 
4.198004e+02 7.183505e+07 3.665282e+06 
3.397203e+02 6.833609e+07 5.401469e+06 
3.630266e+02 6.630480e+07 5.305014e+06 
3.484063e+02 6.835092e+07 5.305014e+06 
3.374152e+02 7.397060e+07 5.208559e+06 
3.360328e+02 7.268360e+07 5.401469e+06 
3.455385e+02 6.745424e+07 5.690833e+06 
3.734959e+02 6.952576e+07 4.436921e+06 
4.125838e+02 6.676017e+07 4.436921e+06 
3.409147e+02 6.811245e+07 5.497924e+06 
3.350513e+02 6.838635e+07 5.594378e+06 
3.565246e+02 6.690342e+07 5.305014e+06 
3.287228e+02 7.810942e+07 5.401469e+06 
3.992742e+02 6.852127e+07 4.244011e+06 
3.766083e+02 7.158128e+07 4.430490e+06 
3.553199e+02 6.653217e+07 5.401469e+06 
4.115127e+02 6.625550e+07 4.822740e+06 
3.307826e+02 7.434745e+07 5.401469e+06 
3.531745e+02 6.738256e+07 5.305014e+06 
3.349605e+02 6.798105e+07 5.980198e+06 
4.188425e+02 6.847055e+07 4.340466e+06 
3.360902e+02 6.812720e+07 5.594378e+06 
3.542541e+02 6.824784e+07 4.919195e+06 
3.789035e+02 6.835600e+07 4.533376e+06 
3.421509e+02 7.535586e+07 4.919195e+06 
3.785570e+02 6.566060e+07 5.112104e+06 
3.860240e+02 6.520084e+07 5.112104e+06 
3.448295e+02 7.059384e+07 4.848461e+06 
3.321302e+02 7.508010e+07 5.015650e+06 
3.943882e+02 6.517092e+07 5.208559e+06 
4.263679e+02 7.112609e+07 3.665282e+06 
3.513568e+02 7.097624e+07 4.629830e+06 
3.252243e+02 6.887361e+07 5.787288e+06 
3.632715e+02 6.712375e+07 5.112104e+06 
4.130211e+02 7.171073e+07 3.858192e+06 
3.554347e+02 6.994778e+07 4.629830e+06 
4.027830e+02 7.011796e+07 4.147556e+06 
4.253658e+02 7.014344e+07 3.858192e+06 
3.697567e+02 6.620749e+07 5.305014e+06 
4.203480e+02 7.143114e+07 3.761737e+06 
3.502131e+02 6.942835e+07 4.919195e+06 
3.819388e+02 6.564853e+07 5.112104e+06 
3.311084e+02 7.678746e+07 5.208559e+06 
3.443552e+02 6.773472e+07 5.594378e+06 
3.609233e+02 6.897663e+07 4.726285e+06 
3.298170e+02 6.995160e+07 5.594378e+06 
3.574626e+02 7.068136e+07 4.533376e+06 
3.371494e+02 6.924427e+07 5.401469e+06 
3.952116e+02 7.006534e+07 4.244011e+06 
3.839930e+02 6.531960e+07 5.497924e+06 
3.956351e+02 6.576204e+07 4.919195e+06 
3.326088e+02 6.798676e+07 5.980198e+06 
3.337791e+02 7.076036e+07 5.497924e+06 
3.449653e+02 6.996994e+07 5.112104e+06 
3.746316e+02 6.615542e+07 5.305014e+06 
3.758625e+02 6.703811e+07 4.822740e+06 
3.899626e+02 6.600804e+07 5.015650e+06 
3.729591e+02 6.928731e+07 4.533376e+06 
3.646713e+02 6.661801e+07 5.112104e+06 
4.044590e+02 7.171610e+07 4.051102e+06 
4.104973e+02 7.219378e+07 3.665282e+06 
3.397870e+02 7.147377e+07 5.182838e+06 
3.273591e+02 6.887117e+07 5.787288e+06 
3.318584e+02 6.906043e+07 5.594378e+06 
3.430614e+02 7.165455e+07 4.919195e+06 
3.832378e+02 6.733108e+07 4.726285e+06 
3.821465e+02 6.640120e+07 4.919195e+06 
4.145121e+02 6.657247e+07 4.629830e+06 
3.532109e+02 6.724115e+07 5.787288e+06 
3.693403e+02 6.735934e+07 4.919195e+06 
3.532465e+02 6.944035e+07 4.822740e+06 
3.760950e+02 6.594775e+07 5.305014e+06 
3.520357e+02 6.736845e+07 5.690833e+06 
3.270941e+02 7.162429e+07 5.594378e+06 
3.376945e+02 6.766513e+07 5.787288e+06 
3.863953e+02 6.758257e+07 4.436921e+06 
3.553523e+02 6.753877e+07 5.208559e+06 
4.022831e+02 7.283811e+07 4.051102e+06 
3.830058e+02 6.561122e+07 5.112104e+06 
4.039284e+02 6.674954e+07 4.726285e+06 
3.428748e+02 6.931812e+07 5.208559e+06 
3.317600e+02 6.832539e+07 5.980198e+06 

