8.427700e+03 3.300252e+07 1.276793e+06 
6.437500e+03 2.608283e+07 2.127989e+06 
6.121400e+03 2.491067e+07 2.468467e+06 
7.969750e+03 3.284266e+07 1.361913e+06 
9.209550e+03 3.752767e+07 1.021435e+06 
6.133550e+03 2.478200e+07 2.553587e+06 
6.918000e+03 2.911305e+07 1.532152e+06 
1.089320e+04 4.155656e+07 8.721289e+05 
8.182250e+03 3.313321e+07 1.329992e+06 
6.528400e+03 2.697857e+07 1.744951e+06 
7.958750e+03 3.292024e+07 1.447032e+06 
6.472100e+03 2.706256e+07 1.830070e+06 
8.723350e+03 3.464650e+07 1.106554e+06 
8.252350e+03 3.329334e+07 1.276793e+06 
6.864850e+03 2.913205e+07 1.574712e+06 
6.311500e+03 2.617601e+07 2.127989e+06 
6.476700e+03 2.693712e+07 1.830070e+06 
6.458750e+03 2.678761e+07 1.872630e+06 
6.581750e+03 2.685924e+07 1.744951e+06 
9.137700e+03 3.597049e+07 1.057574e+06 
6.416650e+03 2.619886e+07 2.042869e+06 
6.240450e+03 2.583909e+07 2.298228e+06 
6.476300e+03 2.624884e+07 2.000309e+06 
6.515100e+03 2.654899e+07 1.872630e+06 
6.525700e+03 2.665131e+07 1.787511e+06 
6.443400e+03 2.626915e+07 1.915190e+06 
9.331650e+03 3.799910e+07 9.568890e+05 
6.120300e+03 2.491417e+07 2.468467e+06 
8.079550e+03 3.206057e+07 1.489592e+06 
6.540750e+03 2.664726e+07 1.830070e+06 
8.553250e+03 3.433357e+07 1.191674e+06 
6.906350e+03 2.920238e+07 1.532152e+06 
6.426350e+03 2.617694e+07 2.042869e+06 
6.110500e+03 2.483162e+07 2.553587e+06 
8.988200e+03 3.543618e+07 1.063994e+06 
7.954350e+03 3.312266e+07 1.361913e+06 
9.404000e+03 3.788051e+07 9.568890e+05 
8.861350e+03 3.414096e+07 1.234234e+06 
1.045815e+04 3.986655e+07 9.073666e+05 
6.445050e+03 2.684662e+07 1.872630e+06 
6.249900e+03 2.569600e+07 2.298228e+06 
6.234350e+03 2.547454e+07 2.383347e+06 
6.400800e+03 2.639295e+07 2.042869e+06 
6.572400e+03 2.703611e+07 1.617271e+06 
6.541950e+03 2.686156e+07 1.702391e+06 
9.217300e+03 3.678272e+07 9.820330e+05 
6.249650e+03 2.578495e+07 2.213108e+06 
6.410250e+03 2.654873e+07 1.957750e+06 
1.007345e+04 4.002861e+07 9.363151e+05 
6.316900e+03 2.612720e+07 2.127989e+06 

8.445750e+03 3.387000e+07 1.276793e+06 
9.859950e+03 4.084278e+07 9.518172e+05 
6.192900e+03 2.502042e+07 2.553587e+06 
7.797150e+03 3.174613e+07 1.500231e+06 
1.025800e+04 3.863308e+07 1.021435e+06 
9.999900e+03 4.077560e+07 9.895141e+05 
6.867650e+03 2.791390e+07 1.787511e+06 
8.548200e+03 3.444298e+07 1.191674e+06 
8.742450e+03 3.573463e+07 1.106554e+06 
6.207200e+03 2.509320e+07 2.553587e+06 
6.161300e+03 2.510029e+07 2.468467e+06 
6.651000e+03 2.724021e+07 1.957750e+06 
6.938200e+03 2.827743e+07 1.702391e+06 
8.656000e+03 3.436570e+07 1.191674e+06 
1.022590e+04 3.845680e+07 8.987604e+05 
6.154800e+03 2.513654e+07 2.468467e+06 
6.908900e+03 2.838380e+07 1.617271e+06 
6.823600e+03 2.776357e+07 1.872630e+06 
8.751550e+03 3.584305e+07 1.037375e+06 
8.398650e+03 3.336888e+07 1.319353e+06 
6.200600e+03 2.530252e+07 2.298228e+06 
6.822650e+03 2.794225e+07 1.787511e+06 
6.177500e+03 2.507995e+07 2.468467e+06 
1.005105e+04 3.780659e+07 1.021435e+06 
8.572050e+03 3.368110e+07 1.234234e+06 
7.925350e+03 3.196165e+07 1.361913e+06 
6.172700e+03 2.509286e+07 2.468467e+06 
6.808650e+03 2.782169e+07 1.872630e+06 
6.752000e+03 2.808027e+07 1.883269e+06 
8.790400e+03 3.501065e+07 1.149114e+06 
7.154450e+03 2.901258e+07 1.532152e+06 
9.656000e+03 4.050815e+07 1.027358e+06 
6.782750e+03 2.798788e+07 1.840710e+06 
6.187800e+03 2.506306e+07 2.468467e+06 
6.260600e+03 2.517296e+07 2.383347e+06 
6.200250e+03 2.543381e+07 2.298228e+06 
8.070400e+03 3.173245e+07 1.447032e+06 
6.630050e+03 2.727127e+07 1.957750e+06 
6.501300e+03 2.677231e+07 2.042869e+06 
6.206200e+03 2.519190e+07 2.383347e+06 
7.878550e+03 3.190609e+07 1.415112e+06 
6.819350e+03 2.822536e+07 1.787511e+06 
6.767500e+03 2.790351e+07 1.925829e+06 
9.880700e+03 4.097691e+07 9.043945e+05 
6.816350e+03 2.832253e+07 1.702391e+06 
6.178600e+03 2.525565e+07 2.383347e+06 
7.120250e+03 2.911977e+07 1.532152e+06 
6.443550e+03 2.641220e+07 2.127989e+06 
8.323550e+03 3.405766e+07 1.319353e+06 
9.656750e+03 4.091254e+07 9.895141e+05 

6.322450e+03 2.555979e+07 2.213108e+06 
6.205300e+03 2.500490e+07 2.553587e+06 
8.459300e+03 3.250508e+07 1.208656e+06 
9.251800e+03 3.811234e+07 9.895141e+05 
6.215200e+03 2.503783e+07 2.553587e+06 
7.831800e+03 3.088806e+07 1.435279e+06 
6.453150e+03 2.632649e+07 2.127989e+06 
6.587900e+03 2.683585e+07 1.872630e+06 
7.286300e+03 2.909219e+07 1.447032e+06 
1.014380e+04 4.556422e+07 9.363151e+05 
7.270200e+03 2.884979e+07 1.532152e+06 
7.206300e+03 2.887548e+07 1.532152e+06 
9.166950e+03 3.895182e+07 1.021435e+06 
6.749300e+03 2.718498e+07 1.840710e+06 
6.644900e+03 2.692559e+07 1.787511e+06 
8.084150e+03 3.129841e+07 1.284197e+06 
6.270450e+03 2.529944e+07 2.298228e+06 
1.062620e+04 4.449637e+07 9.064920e+05 
1.143500e+04 4.619781e+07 9.029603e+05 
7.883300e+03 3.077192e+07 1.435279e+06 
6.511050e+03 2.652549e+07 1.957750e+06 
6.825600e+03 2.743091e+07 1.755590e+06 
6.900200e+03 2.738689e+07 1.617271e+06 
7.261700e+03 2.912181e+07 1.532152e+06 
8.912150e+03 3.532920e+07 1.106554e+06 
9.001650e+03 3.742946e+07 1.035103e+06 
7.883850e+03 3.129559e+07 1.361913e+06 
6.807400e+03 2.770161e+07 1.702391e+06 
8.823650e+03 3.461740e+07 1.191674e+06 
9.724150e+03 3.688742e+07 9.479465e+05 
6.862350e+03 2.742857e+07 1.702391e+06 
9.293200e+03 3.811259e+07 9.820330e+05 
6.910300e+03 2.766540e+07 1.702391e+06 
6.476650e+03 2.644492e+07 2.042869e+06 
1.136030e+04 4.732429e+07 9.029603e+05 
7.966150e+03 3.101995e+07 1.361913e+06 
6.894100e+03 2.780849e+07 1.670470e+06 
9.637500e+03 3.687977e+07 1.106554e+06 
6.591100e+03 2.674060e+07 1.925829e+06 
6.215450e+03 2.509271e+07 2.468467e+06 
6.602250e+03 2.701921e+07 1.787511e+06 
1.037860e+04 4.336968e+07 9.363151e+05 
6.202700e+03 2.506765e+07 2.553587e+06 
8.277800e+03 3.204364e+07 1.361913e+06 
8.057750e+03 3.111862e+07 1.359738e+06 
6.231050e+03 2.527727e+07 2.383347e+06 
6.195400e+03 2.518328e+07 2.553587e+06 
6.294900e+03 2.566600e+07 2.213108e+06 
9.507450e+03 3.669949e+07 1.021435e+06 
6.248100e+03 2.525423e+07 2.298228e+06 

6.251650e+03 2.546108e+07 2.468467e+06 
7.521950e+03 3.129450e+07 1.361913e+06 
6.842450e+03 2.817794e+07 1.957750e+06 
7.435700e+03 3.274158e+07 1.404473e+06 
8.052400e+03 3.446928e+07 1.106554e+06 
7.963650e+03 3.280984e+07 1.276793e+06 
7.517900e+03 3.145051e+07 1.361913e+06 
8.372150e+03 3.569826e+07 9.895141e+05 
6.973250e+03 2.945091e+07 1.787511e+06 
7.962050e+03 3.325604e+07 1.329992e+06 
8.203600e+03 3.324023e+07 1.191674e+06 
7.064400e+03 2.972113e+07 1.617271e+06 
6.757600e+03 2.785095e+07 2.042869e+06 
8.001850e+03 3.326125e+07 1.191674e+06 
8.146850e+03 3.511016e+07 9.820330e+05 
8.315150e+03 3.578465e+07 9.121750e+05 
7.037050e+03 2.994735e+07 1.617271e+06 
6.231950e+03 2.549503e+07 2.468467e+06 
6.634700e+03 2.756882e+07 2.127989e+06 
7.016250e+03 2.950451e+07 1.702391e+06 
6.276150e+03 2.551408e+07 2.468467e+06 
8.337950e+03 3.414124e+07 1.208656e+06 
6.981850e+03 2.930988e+07 1.787511e+06 
8.134450e+03 3.370162e+07 1.106554e+06 
6.590500e+03 2.726041e+07 2.213108e+06 
7.311100e+03 3.201487e+07 1.447032e+06 
7.438200e+03 3.115070e+07 1.447032e+06 
6.851050e+03 2.840451e+07 1.872630e+06 
6.821550e+03 2.845374e+07 1.957750e+06 
8.048300e+03 3.452397e+07 1.159753e+06 
6.989550e+03 2.907627e+07 1.787511e+06 
6.241250e+03 2.548456e+07 2.468467e+06 
8.163500e+03 3.502010e+07 9.820330e+05 
7.439350e+03 3.259463e+07 1.404473e+06 
8.337800e+03 3.536534e+07 9.121750e+05 
6.266550e+03 2.575910e+07 2.383347e+06 
7.041500e+03 2.980294e+07 1.617271e+06 
6.257200e+03 2.576807e+07 2.298228e+06 
8.225950e+03 3.457057e+07 1.057574e+06 
6.243550e+03 2.596438e+07 2.383347e+06 
8.109050e+03 3.484937e+07 1.021435e+06 
7.064950e+03 2.980360e+07 1.532152e+06 
6.997450e+03 2.964267e+07 1.702391e+06 
6.226050e+03 2.550419e+07 2.468467e+06 
6.224750e+03 2.550422e+07 2.468467e+06 
6.278400e+03 2.570152e+07 2.383347e+06 
8.279650e+03 3.367969e+07 1.106554e+06 
8.262550e+03 3.434066e+07 1.021435e+06 
7.961700e+03 3.440386e+07 1.244873e+06 
7.033050e+03 2.941065e+07 1.702391e+06 

7.367150e+03 3.053567e+07 1.435279e+06 
6.203350e+03 2.541203e+07 2.553587e+06 
7.526400e+03 3.150431e+07 1.361913e+06 
6.218850e+03 2.536549e+07 2.553587e+06 
6.569650e+03 2.668529e+07 2.042869e+06 
8.453950e+03 3.405009e+07 1.021435e+06 
7.128350e+03 2.935764e+07 1.532152e+06 
7.101950e+03 2.907796e+07 1.586361e+06 
6.805100e+03 2.785692e+07 1.787511e+06 
8.357350e+03 3.381404e+07 1.057574e+06 
7.899750e+03 3.281277e+07 1.106554e+06 
7.076950e+03 2.936729e+07 1.586361e+06 
7.868800e+03 3.294365e+07 1.133115e+06 
7.882150e+03 3.292025e+07 1.276793e+06 
6.380200e+03 2.601253e+07 2.213108e+06 
7.890400e+03 3.247148e+07 1.208656e+06 
9.224500e+03 3.840902e+07 9.363151e+05 
9.382750e+03 3.870511e+07 8.511955e+05 
6.587600e+03 2.676453e+07 1.957750e+06 
6.844050e+03 2.814188e+07 1.702391e+06 
6.208950e+03 2.539847e+07 2.553587e+06 
8.666300e+03 3.509161e+07 9.426021e+05 
8.052500e+03 3.337679e+07 1.106554e+06 
7.887600e+03 3.272466e+07 1.244873e+06 
7.526850e+03 3.172507e+07 1.359738e+06 
7.511100e+03 3.163951e+07 1.361913e+06 
9.289300e+03 3.955821e+07 9.363151e+05 
7.027750e+03 2.884644e+07 1.617271e+06 
7.215150e+03 2.956398e+07 1.510820e+06 
7.082850e+03 2.936387e+07 1.532152e+06 
7.314850e+03 2.945959e+07 1.510820e+06 
7.042250e+03 2.951086e+07 1.510820e+06 
8.644500e+03 3.470388e+07 9.820330e+05 
9.342700e+03 3.946714e+07 8.788104e+05 
6.300550e+03 2.551342e+07 2.383347e+06 
7.165250e+03 2.906222e+07 1.586361e+06 
6.210600e+03 2.534654e+07 2.553587e+06 
6.838950e+03 2.815147e+07 1.702391e+06 
6.216250e+03 2.554144e+07 2.468467e+06 
6.409000e+03 2.613833e+07 2.127989e+06 
6.547700e+03 2.677076e+07 1.957750e+06 
6.218750e+03 2.542053e+07 2.468467e+06 
6.208050e+03 2.541081e+07 2.553587e+06 
6.316700e+03 2.556498e+07 2.298228e+06 
6.355400e+03 2.576533e+07 2.383347e+06 
8.058500e+03 3.278965e+07 1.106554e+06 
6.299350e+03 2.555593e+07 2.383347e+06 
6.590400e+03 2.690691e+07 1.872630e+06 
7.265550e+03 2.929302e+07 1.532152e+06 
7.218300e+03 2.932757e+07 1.532152e+06 

9.837350e+03 4.154413e+07 8.809373e+05 
8.783900e+03 3.511620e+07 1.117193e+06 
6.871450e+03 2.841790e+07 1.702391e+06 
7.442500e+03 2.976965e+07 1.435279e+06 
9.051800e+03 3.746341e+07 9.211174e+05 
7.376750e+03 2.996536e+07 1.435279e+06 
7.707000e+03 3.094188e+07 1.276793e+06 
6.618650e+03 2.727506e+07 1.957750e+06 
6.377650e+03 2.606910e+07 2.213108e+06 
6.157250e+03 2.521799e+07 2.468467e+06 
7.887050e+03 3.188730e+07 1.133115e+06 
6.733050e+03 2.741324e+07 1.872630e+06 
6.380500e+03 2.632117e+07 2.127989e+06 
6.181600e+03 2.537008e+07 2.383347e+06 
7.567450e+03 3.075705e+07 1.329992e+06 
6.952650e+03 2.815180e+07 1.510820e+06 
7.382700e+03 2.981549e+07 1.435279e+06 
8.975200e+03 3.775083e+07 9.363151e+05 
6.356150e+03 2.627008e+07 2.213108e+06 
6.718850e+03 2.746478e+07 1.872630e+06 
7.578850e+03 3.067884e+07 1.284197e+06 
7.434900e+03 2.994261e+07 1.404473e+06 
9.741550e+03 4.019681e+07 8.987604e+05 
6.958350e+03 2.811223e+07 1.659831e+06 
9.043950e+03 3.724372e+07 9.568890e+05 
6.202000e+03 2.511151e+07 2.383347e+06 
7.452700e+03 3.012342e+07 1.361913e+06 
8.904000e+03 3.729099e+07 9.568890e+05 
8.728150e+03 3.515503e+07 1.057574e+06 
6.274900e+03 2.557344e+07 2.298228e+06 
6.191700e+03 2.508321e+07 2.468467e+06 
7.468650e+03 2.987395e+07 1.361913e+06 
6.274250e+03 2.566146e+07 2.298228e+06 
6.177750e+03 2.518856e+07 2.468467e+06 
7.572500e+03 3.058793e+07 1.329992e+06 
6.881400e+03 2.811590e+07 1.532152e+06 
7.068650e+03 2.855682e+07 1.447032e+06 
6.710600e+03 2.753798e+07 1.872630e+06 
8.715750e+03 3.530118e+07 1.032074e+06 
9.657400e+03 4.033334e+07 8.987604e+05 
6.141100e+03 2.498570e+07 2.553587e+06 
6.655800e+03 2.722793e+07 1.957750e+06 
6.735500e+03 2.769006e+07 1.787511e+06 
6.387650e+03 2.619873e+07 2.127989e+06 
6.466850e+03 2.641566e+07 2.042869e+06 
6.409250e+03 2.643480e+07 2.042869e+06 
7.581600e+03 3.034309e+07 1.359738e+06 
6.929000e+03 2.802233e+07 1.744951e+06 
8.693250e+03 3.556400e+07 9.820330e+05 
7.956550e+03 3.171914e+07 1.244873e+06 

8.750950e+03 3.722131e+07 1.133115e+06 
9.675650e+03 3.987579e+07 9.363151e+05 
8.002250e+03 3.388136e+07 1.133115e+06 
9.299550e+03 3.801698e+07 1.021435e+06 
6.560050e+03 2.700716e+07 2.042869e+06 
7.269700e+03 3.003093e+07 1.702391e+06 
6.217650e+03 2.539428e+07 2.553587e+06 
7.901150e+03 3.357907e+07 1.234234e+06 
8.501050e+03 3.362017e+07 1.191674e+06 
7.410750e+03 3.088508e+07 1.617271e+06 
6.233600e+03 2.542614e+07 2.298228e+06 
6.229150e+03 2.538666e+07 2.553587e+06 
6.227600e+03 2.534989e+07 2.468467e+06 
9.370750e+03 3.883963e+07 9.820330e+05 
6.231550e+03 2.533983e+07 2.468467e+06 
9.613600e+03 3.964043e+07 8.511955e+05 
7.779500e+03 3.231660e+07 1.276793e+06 
7.787400e+03 3.199705e+07 1.359738e+06 
6.214450e+03 2.540799e+07 2.553587e+06 
7.105750e+03 2.918230e+07 1.787511e+06 
6.673150e+03 2.758677e+07 1.957750e+06 
7.588250e+03 3.136033e+07 1.361913e+06 
6.730950e+03 2.757553e+07 1.872630e+06 
6.279300e+03 2.557007e+07 2.298228e+06 
7.520550e+03 3.136191e+07 1.447032e+06 
6.226300e+03 2.538133e+07 2.468467e+06 
9.388450e+03 3.981962e+07 9.064920e+05 
7.428450e+03 3.039878e+07 1.617271e+06 
9.120850e+03 3.788706e+07 1.021435e+06 
7.323200e+03 3.000995e+07 1.702391e+06 
7.551150e+03 3.108879e+07 1.532152e+06 
6.743300e+03 2.780387e+07 1.872630e+06 
6.223050e+03 2.539301e+07 2.383347e+06 
6.241200e+03 2.538314e+07 2.383347e+06 
7.513850e+03 3.106103e+07 1.532152e+06 
6.208700e+03 2.543072e+07 2.468467e+06 
8.981250e+03 3.895444e+07 1.057574e+06 
6.674700e+03 2.744629e+07 1.957750e+06 
8.699350e+03 3.746096e+07 1.106554e+06 
7.805850e+03 3.230947e+07 1.276793e+06 
7.830050e+03 3.224825e+07 1.276793e+06 
7.547400e+03 3.126364e+07 1.447032e+06 
7.073500e+03 2.919454e+07 1.787511e+06 
6.218100e+03 2.547705e+07 2.383347e+06 
6.570550e+03 2.710764e+07 2.042869e+06 
7.810750e+03 3.209864e+07 1.276793e+06 
9.515600e+03 3.971050e+07 9.064920e+05 
6.232000e+03 2.551482e+07 2.298228e+06 
7.191100e+03 2.962576e+07 1.787511e+06 
6.729400e+03 2.767373e+07 1.872630e+06 

7.029300e+03 2.950076e+07 1.361913e+06 
6.303550e+03 2.556700e+07 2.298228e+06 
6.815150e+03 2.783777e+07 1.617271e+06 
9.210900e+03 3.905698e+07 9.820330e+05 
6.330300e+03 2.565808e+07 2.127989e+06 
9.082350e+03 3.896260e+07 1.021435e+06 
1.086120e+04 4.380644e+07 9.064920e+05 
6.312650e+03 2.576518e+07 2.213108e+06 
6.638300e+03 2.724281e+07 1.702391e+06 
6.965200e+03 2.912312e+07 1.447032e+06 
8.823650e+03 3.519935e+07 1.057574e+06 
9.164400e+03 3.860489e+07 1.021435e+06 
6.942200e+03 2.854139e+07 1.586361e+06 
6.910500e+03 2.878473e+07 1.532152e+06 
6.265650e+03 2.562341e+07 2.298228e+06 
6.570000e+03 2.706940e+07 1.787511e+06 
6.931000e+03 2.871856e+07 1.586361e+06 
7.846500e+03 3.296881e+07 1.208656e+06 
6.215100e+03 2.536290e+07 2.468467e+06 
7.331700e+03 3.120437e+07 1.361913e+06 
8.560850e+03 3.483104e+07 1.191674e+06 
6.305900e+03 2.586182e+07 2.213108e+06 
6.908950e+03 2.885161e+07 1.532152e+06 
6.996800e+03 2.920455e+07 1.435279e+06 
6.214300e+03 2.534158e+07 2.553587e+06 
6.328400e+03 2.574412e+07 2.127989e+06 
7.085050e+03 2.960121e+07 1.435279e+06 
6.938000e+03 2.897379e+07 1.510820e+06 
8.606750e+03 3.427056e+07 1.191674e+06 
9.209500e+03 3.852338e+07 1.057574e+06 
6.197700e+03 2.528851e+07 2.553587e+06 
9.294650e+03 3.946868e+07 9.820330e+05 
6.285950e+03 2.557830e+07 2.298228e+06 
7.364350e+03 3.064911e+07 1.359738e+06 
7.413450e+03 3.144684e+07 1.284197e+06 
6.573300e+03 2.705446e+07 1.872630e+06 
6.312250e+03 2.556060e+07 2.298228e+06 
7.386350e+03 3.120541e+07 1.329992e+06 
6.583800e+03 2.700662e+07 1.957750e+06 
6.590100e+03 2.701589e+07 1.702391e+06 
6.949050e+03 2.887435e+07 1.510820e+06 
7.451300e+03 3.116861e+07 1.329992e+06 
6.271350e+03 2.544157e+07 2.383347e+06 
6.199200e+03 2.544985e+07 2.468467e+06 
7.336150e+03 3.100836e+07 1.359738e+06 
8.564700e+03 3.448772e+07 1.106554e+06 
6.471650e+03 2.616232e+07 2.042869e+06 
9.378450e+03 4.045713e+07 9.363151e+05 
6.320750e+03 2.562058e+07 2.213108e+06 
7.275750e+03 3.106750e+07 1.359738e+06 

7.607100e+03 3.074373e+07 1.435279e+06 
6.219250e+03 2.546879e+07 2.468467e+06 
6.412050e+03 2.635243e+07 2.213108e+06 
6.276050e+03 2.566592e+07 2.298228e+06 
9.163050e+03 3.721536e+07 9.064920e+05 
8.931450e+03 3.665368e+07 9.895141e+05 
8.642250e+03 3.382081e+07 1.074634e+06 
6.237500e+03 2.553925e+07 2.383347e+06 
1.038590e+04 4.396717e+07 8.922064e+05 
6.465350e+03 2.646005e+07 1.957750e+06 
6.238200e+03 2.516651e+07 2.468467e+06 
9.006800e+03 3.657670e+07 9.143481e+05 
7.020000e+03 2.846410e+07 1.532152e+06 
7.369950e+03 3.083194e+07 1.447032e+06 
7.674550e+03 3.186426e+07 1.319353e+06 
8.595750e+03 3.395394e+07 1.070340e+06 
8.007450e+03 3.220426e+07 1.208656e+06 
8.974700e+03 3.637254e+07 9.363151e+05 
6.455750e+03 2.614590e+07 2.213108e+06 
6.829800e+03 2.788486e+07 1.787511e+06 
8.842250e+03 3.539514e+07 1.057574e+06 
8.274900e+03 3.354946e+07 1.191674e+06 
6.178250e+03 2.515954e+07 2.553587e+06 
6.483400e+03 2.643381e+07 1.957750e+06 
9.196250e+03 3.635915e+07 9.363151e+05 
9.041650e+03 3.621899e+07 9.820330e+05 
8.298650e+03 3.355750e+07 1.149114e+06 
8.568350e+03 3.387605e+07 1.106554e+06 
7.746300e+03 3.210064e+07 1.284197e+06 
6.426950e+03 2.626432e+07 2.127989e+06 
6.444900e+03 2.633685e+07 2.042869e+06 
6.312250e+03 2.534422e+07 2.383347e+06 
6.824850e+03 2.751587e+07 1.872630e+06 
8.322050e+03 3.325399e+07 1.133115e+06 
7.246800e+03 3.010168e+07 1.510820e+06 
7.362250e+03 2.976715e+07 1.510820e+06 
8.779500e+03 3.633577e+07 1.021435e+06 
6.313700e+03 2.553772e+07 2.298228e+06 
6.852500e+03 2.794111e+07 1.702391e+06 
7.480200e+03 3.114592e+07 1.435279e+06 
6.778000e+03 2.753243e+07 1.872630e+06 
6.181850e+03 2.501971e+07 2.553587e+06 
6.180550e+03 2.510374e+07 2.553587e+06 
6.455200e+03 2.623543e+07 2.127989e+06 
7.658250e+03 3.147233e+07 1.359738e+06 
7.445800e+03 3.025556e+07 1.447032e+06 
7.628300e+03 3.150468e+07 1.361913e+06 
6.972500e+03 2.839002e+07 1.617271e+06 
6.857250e+03 2.767752e+07 1.787511e+06 
6.451300e+03 2.629490e+07 2.042869e+06 

6.738100e+03 2.758871e+07 1.702391e+06 
9.068550e+03 3.621370e+07 1.021435e+06 
7.243700e+03 2.937101e+07 1.532152e+06 
8.606950e+03 3.401210e+07 1.057574e+06 
6.959500e+03 2.881713e+07 1.586361e+06 
6.311350e+03 2.534338e+07 2.213108e+06 
8.391650e+03 3.381563e+07 1.106554e+06 
8.423050e+03 3.344455e+07 1.106554e+06 
7.370150e+03 2.952023e+07 1.276793e+06 
7.327150e+03 3.010264e+07 1.284197e+06 
7.332750e+03 2.949108e+07 1.361913e+06 
7.963850e+03 3.186621e+07 1.133115e+06 
7.254600e+03 2.938594e+07 1.447032e+06 
6.641200e+03 2.693859e+07 1.872630e+06 
6.587050e+03 2.694041e+07 1.872630e+06 
6.565050e+03 2.712547e+07 1.872630e+06 
8.550750e+03 3.411558e+07 1.030698e+06 
7.341950e+03 2.962935e+07 1.284197e+06 
6.329850e+03 2.540383e+07 2.127989e+06 
7.339450e+03 2.981611e+07 1.276793e+06 
6.546150e+03 2.679589e+07 1.957750e+06 
6.612950e+03 2.711368e+07 1.787511e+06 
6.173200e+03 2.485000e+07 2.468467e+06 
7.407800e+03 3.022093e+07 1.208656e+06 
6.240950e+03 2.533019e+07 2.298228e+06 
6.702950e+03 2.767178e+07 1.702391e+06 
6.175400e+03 2.487977e+07 2.383347e+06 
7.306100e+03 2.948853e+07 1.404473e+06 
6.448200e+03 2.607780e+07 2.042869e+06 
6.311150e+03 2.547493e+07 2.127989e+06 
7.301900e+03 2.966987e+07 1.361913e+06 
6.294950e+03 2.534349e+07 2.213108e+06 
8.531150e+03 3.425198e+07 1.057574e+06 
6.259600e+03 2.522622e+07 2.298228e+06 
6.198250e+03 2.487784e+07 2.383347e+06 
9.332050e+03 3.825618e+07 9.820330e+05 
6.567450e+03 2.652638e+07 1.957750e+06 
7.381550e+03 2.980523e+07 1.234234e+06 
7.352000e+03 2.947405e+07 1.284197e+06 
6.617450e+03 2.703301e+07 1.787511e+06 
6.748850e+03 2.774581e+07 1.617271e+06 
7.456650e+03 3.008347e+07 1.208656e+06 
7.322900e+03 2.962619e+07 1.361913e+06 
9.356750e+03 3.769473e+07 9.479465e+05 
7.792500e+03 3.153528e+07 1.149114e+06 
9.519900e+03 3.719912e+07 9.954608e+05 
6.168200e+03 2.499977e+07 2.468467e+06 
7.252950e+03 2.977235e+07 1.447032e+06 
6.150550e+03 2.483680e+07 2.553587e+06 
6.166500e+03 2.507300e+07 2.468467e+06 

