3.570613e+02 6.492418e+07 5.497924e+06 
3.079168e+02 7.133169e+07 5.980198e+06 
3.998902e+02 6.725361e+07 3.665282e+06 
3.051690e+02 6.818564e+07 6.269562e+06 
4.155618e+02 6.984582e+07 3.472373e+06 
3.118215e+02 6.719044e+07 6.173107e+06 
3.590300e+02 6.878759e+07 4.533376e+06 
3.064606e+02 6.814233e+07 6.269562e+06 
3.897699e+02 6.665582e+07 4.147556e+06 
3.407304e+02 6.616102e+07 5.980198e+06 
3.040953e+02 6.874221e+07 6.269562e+06 
3.635005e+02 6.837665e+07 4.436921e+06 
3.511277e+02 6.733828e+07 4.919195e+06 
3.152053e+02 6.808349e+07 5.883743e+06 
4.644301e+02 7.023602e+07 3.212577e+06 
4.595154e+02 6.675759e+07 3.568828e+06 
4.028635e+02 6.443253e+07 5.015650e+06 
3.214910e+02 7.001092e+07 5.594378e+06 
3.747605e+02 6.442964e+07 5.305014e+06 
3.691439e+02 6.780777e+07 4.340466e+06 
3.429638e+02 6.930092e+07 5.112104e+06 
3.225597e+02 6.663247e+07 6.173107e+06 
3.633657e+02 6.700822e+07 4.533376e+06 
3.814503e+02 6.421598e+07 5.883743e+06 
3.105349e+02 6.799072e+07 5.980198e+06 
3.023672e+02 6.966604e+07 6.462472e+06 
4.233268e+02 6.402984e+07 4.822740e+06 
3.976870e+02 6.406560e+07 5.497924e+06 
3.392194e+02 7.167528e+07 4.919195e+06 
3.489182e+02 6.845266e+07 4.822740e+06 
3.786138e+02 6.638773e+07 4.436921e+06 
4.073077e+02 6.500434e+07 4.244011e+06 
3.190694e+02 6.925957e+07 5.690833e+06 
4.630509e+02 6.753168e+07 3.375918e+06 
4.277555e+02 6.730219e+07 3.488449e+06 
3.559605e+02 6.699170e+07 4.726285e+06 
3.734416e+02 6.980676e+07 4.147556e+06 
3.380115e+02 6.619037e+07 5.980198e+06 
3.935532e+02 6.807250e+07 3.761737e+06 
3.468477e+02 6.604499e+07 6.173107e+06 
3.557086e+02 6.529051e+07 5.883743e+06 
3.400262e+02 6.780318e+07 5.497924e+06 
4.405920e+02 6.417192e+07 4.436921e+06 
3.552759e+02 7.043156e+07 4.629830e+06 
4.610633e+02 6.600586e+07 3.761737e+06 
3.267841e+02 6.872061e+07 5.594378e+06 
3.497650e+02 7.171048e+07 4.726285e+06 
3.871122e+02 6.869057e+07 3.954647e+06 
3.075212e+02 6.785572e+07 6.269562e+06 
4.428615e+02 6.417326e+07 4.244011e+06 
3.222106e+02 7.884014e+07 5.497924e+06 
4.358853e+02 6.927408e+07 3.375918e+06 
3.922162e+02 7.030568e+07 3.858192e+06 
3.241155e+02 7.486652e+07 5.497924e+06 
3.112460e+02 6.770910e+07 6.558926e+06 
4.530428e+02 6.531301e+07 3.954647e+06 
3.345662e+02 6.650119e+07 5.980198e+06 
4.098921e+02 6.468872e+07 4.436921e+06 
3.738174e+02 6.524742e+07 5.208559e+06 
4.299572e+02 6.658834e+07 3.665282e+06 
3.975859e+02 6.657699e+07 3.954647e+06 
3.204180e+02 6.830769e+07 5.690833e+06 
4.185006e+02 6.442460e+07 4.244011e+06 
3.313908e+02 6.681885e+07 5.690833e+06 
3.314124e+02 7.087910e+07 5.401469e+06 
3.117702e+02 7.165778e+07 5.883743e+06 
4.468933e+02 6.854901e+07 3.279463e+06 
4.316152e+02 6.477508e+07 4.051102e+06 
4.223297e+02 6.867098e+07 3.472373e+06 
3.090299e+02 6.774426e+07 6.366017e+06 
3.547991e+02 6.597801e+07 5.787288e+06 
3.990801e+02 6.689813e+07 3.761737e+06 
3.738926e+02 6.462007e+07 5.594378e+06 
3.452927e+02 6.814559e+07 5.112104e+06 
3.839107e+02 6.773757e+07 4.051102e+06 
3.294562e+02 7.270734e+07 5.015650e+06 
3.032418e+02 7.099798e+07 6.269562e+06 
3.600597e+02 6.597478e+07 5.401469e+06 
3.972525e+02 6.581782e+07 4.340466e+06 
3.513735e+02 6.778668e+07 4.726285e+06 
3.357794e+02 6.621416e+07 5.883743e+06 
3.443281e+02 7.224039e+07 4.822740e+06 
4.011762e+02 6.528270e+07 4.436921e+06 
3.709569e+02 6.609671e+07 4.629830e+06 
3.869885e+02 6.533495e+07 4.919195e+06 
3.048872e+02 6.828104e+07 6.269562e+06 
3.739205e+02 6.894600e+07 4.051102e+06 
4.429973e+02 6.700017e+07 3.472373e+06 
3.920559e+02 6.569994e+07 4.533376e+06 
3.468013e+02 6.676099e+07 5.497924e+06 
4.133170e+02 6.571401e+07 4.051102e+06 
3.369827e+02 7.028813e+07 5.112104e+06 
3.137368e+02 7.051439e+07 5.787288e+06 
4.274999e+02 6.399355e+07 4.629830e+06 
4.370207e+02 6.445463e+07 4.051102e+06 
3.152392e+02 6.692520e+07 6.173107e+06 
3.213439e+02 6.722962e+07 5.883743e+06 
4.522495e+02 6.654773e+07 3.665282e+06 
3.822574e+02 6.684431e+07 4.244011e+06 
3.055499e+02 6.969348e+07 6.173107e+06 

4.317926e+02 7.093513e+07 4.147556e+06 
3.124836e+02 7.486510e+07 6.366017e+06 
4.325651e+02 7.306960e+07 3.954647e+06 
4.292680e+02 7.470241e+07 3.954647e+06 
3.601322e+02 6.901574e+07 5.112104e+06 
3.723794e+02 7.790382e+07 4.533376e+06 
3.749605e+02 6.733967e+07 5.015650e+06 
4.172519e+02 7.091757e+07 4.340466e+06 
4.122768e+02 6.503464e+07 5.208559e+06 
4.029827e+02 6.450891e+07 5.594378e+06 
3.784186e+02 6.520117e+07 5.787288e+06 
4.416391e+02 6.727833e+07 4.629830e+06 
3.222026e+02 7.112884e+07 6.173107e+06 
3.509065e+02 6.581439e+07 5.787288e+06 
3.556529e+02 7.874890e+07 4.919195e+06 
3.612654e+02 7.901198e+07 4.726285e+06 
4.154052e+02 6.432907e+07 5.497924e+06 
3.694675e+02 6.529598e+07 6.076652e+06 
3.382286e+02 7.110158e+07 5.208559e+06 
3.281343e+02 6.783194e+07 6.076652e+06 
3.826238e+02 6.582564e+07 5.497924e+06 
3.396677e+02 7.436264e+07 5.112104e+06 
3.268756e+02 7.091589e+07 5.690833e+06 
3.705851e+02 6.788089e+07 4.919195e+06 
3.141607e+02 7.248191e+07 5.787288e+06 
4.201278e+02 7.081211e+07 4.436921e+06 
3.510284e+02 6.901009e+07 5.401469e+06 
4.018891e+02 7.145752e+07 4.436921e+06 
3.245187e+02 6.846295e+07 6.462472e+06 
3.298954e+02 6.854767e+07 5.980198e+06 
3.389718e+02 6.677172e+07 6.076652e+06 
3.425024e+02 6.601488e+07 5.883743e+06 
4.280963e+02 7.241637e+07 4.051102e+06 
3.396421e+02 6.969474e+07 5.401469e+06 
4.138794e+02 6.424740e+07 5.690833e+06 
4.383077e+02 6.495881e+07 5.305014e+06 
3.115303e+02 7.518069e+07 6.366017e+06 
3.611660e+02 7.397003e+07 4.919195e+06 
3.639585e+02 7.435567e+07 4.702171e+06 
3.507713e+02 6.664217e+07 5.594378e+06 
3.714600e+02 6.625866e+07 5.305014e+06 
3.761485e+02 6.825643e+07 4.726285e+06 
3.387638e+02 7.408178e+07 5.120142e+06 
3.644249e+02 6.902176e+07 4.919195e+06 
4.081048e+02 7.181451e+07 4.340466e+06 
3.256813e+02 6.877569e+07 6.076652e+06 
3.657568e+02 6.628566e+07 5.497924e+06 
4.489536e+02 6.651361e+07 4.533376e+06 
4.033079e+02 6.503119e+07 5.305014e+06 
3.166779e+02 7.186271e+07 5.594378e+06 
4.442925e+02 6.633779e+07 4.822740e+06 
3.332836e+02 6.863220e+07 5.787288e+06 
4.179758e+02 7.339636e+07 4.147556e+06 
3.623093e+02 6.907911e+07 5.015650e+06 
3.840024e+02 6.507491e+07 5.883743e+06 
3.370921e+02 6.767123e+07 5.690833e+06 
4.291084e+02 6.402391e+07 5.690833e+06 
3.575634e+02 6.544401e+07 5.980198e+06 
3.228758e+02 6.855448e+07 6.462472e+06 
4.241503e+02 6.614205e+07 4.919195e+06 
3.586611e+02 6.707858e+07 5.305014e+06 
4.391157e+02 6.595468e+07 4.919195e+06 
3.377474e+02 6.686917e+07 6.076652e+06 
3.436632e+02 6.712849e+07 5.690833e+06 
3.847224e+02 6.506143e+07 6.076652e+06 
3.801817e+02 6.977065e+07 4.533376e+06 
3.699505e+02 6.705948e+07 5.208559e+06 
3.560730e+02 7.362740e+07 5.036547e+06 
3.157720e+02 7.184798e+07 6.076652e+06 
3.894303e+02 6.471141e+07 5.980198e+06 
4.113517e+02 7.224755e+07 4.244011e+06 
4.194211e+02 7.386940e+07 4.051102e+06 
3.393131e+02 6.674601e+07 6.269562e+06 
3.320235e+02 6.695206e+07 6.076652e+06 
3.678455e+02 6.535847e+07 5.883743e+06 
3.513653e+02 7.251915e+07 5.120142e+06 
3.427820e+02 7.007739e+07 5.305014e+06 
3.331737e+02 6.998530e+07 5.497924e+06 
4.167502e+02 6.635305e+07 5.015650e+06 
3.304867e+02 7.392112e+07 5.305014e+06 
3.935319e+02 6.470406e+07 5.883743e+06 
3.286579e+02 6.739276e+07 6.076652e+06 
3.245462e+02 7.243866e+07 5.401469e+06 
4.166439e+02 6.563077e+07 5.112104e+06 
3.155798e+02 7.423410e+07 5.594378e+06 
4.277858e+02 6.644617e+07 4.726285e+06 
3.651445e+02 6.817333e+07 5.015650e+06 
3.823524e+02 6.913752e+07 4.629830e+06 
3.401319e+02 6.622487e+07 6.076652e+06 
3.309991e+02 6.736922e+07 6.076652e+06 
3.421118e+02 6.819350e+07 5.594378e+06 
3.908182e+02 6.406934e+07 5.980198e+06 
4.222836e+02 7.128698e+07 4.147556e+06 
3.962618e+02 7.261557e+07 4.436921e+06 
3.738586e+02 6.920048e+07 4.822740e+06 
3.210004e+02 7.138123e+07 6.173107e+06 
4.250734e+02 6.449573e+07 5.401469e+06 
4.031387e+02 6.636357e+07 5.112104e+06 
3.548623e+02 6.556523e+07 5.787288e+06 
3.126181e+02 7.224484e+07 5.980198e+06 

3.982480e+02 6.777841e+07 3.761737e+06 
3.922754e+02 6.759614e+07 3.954647e+06 
4.312177e+02 6.578246e+07 5.208559e+06 
3.438677e+02 7.061212e+07 4.726285e+06 
3.164436e+02 7.895785e+07 6.076652e+06 
3.815357e+02 6.888414e+07 3.954647e+06 
3.808468e+02 6.819911e+07 4.179708e+06 
3.300725e+02 7.009864e+07 5.497924e+06 
3.202571e+02 7.252392e+07 5.980198e+06 
3.691899e+02 6.735363e+07 4.726285e+06 
3.296824e+02 7.063287e+07 5.690833e+06 
3.453198e+02 6.827961e+07 5.690833e+06 
3.302477e+02 6.981720e+07 5.594378e+06 
3.619459e+02 6.895175e+07 4.436921e+06 
3.617785e+02 7.073921e+07 4.340466e+06 
4.516025e+02 6.704362e+07 2.907041e+06 
3.213107e+02 7.136287e+07 5.497924e+06 
4.580373e+02 6.699416e+07 3.183008e+06 
3.946937e+02 7.108238e+07 3.665282e+06 
4.542184e+02 6.664336e+07 3.375918e+06 
4.069949e+02 6.592110e+07 5.305014e+06 
3.735519e+02 7.101972e+07 4.096114e+06 
4.274711e+02 6.843379e+07 2.990099e+06 
3.694003e+02 6.842063e+07 4.533376e+06 
4.170480e+02 6.635328e+07 5.015650e+06 
3.884708e+02 6.783493e+07 4.051102e+06 
4.272546e+02 6.684832e+07 3.761737e+06 
3.464025e+02 6.849520e+07 4.919195e+06 
4.440224e+02 6.677126e+07 3.375918e+06 
3.837693e+02 7.039258e+07 3.845331e+06 
3.179871e+02 7.320079e+07 5.980198e+06 
4.206161e+02 6.589758e+07 5.497924e+06 
3.461563e+02 7.004612e+07 4.726285e+06 
3.512068e+02 7.057038e+07 4.436921e+06 
4.244664e+02 6.912595e+07 3.279463e+06 
3.489488e+02 6.809658e+07 5.690833e+06 
3.552451e+02 6.688753e+07 5.690833e+06 
3.564326e+02 7.771438e+07 4.430490e+06 
4.179721e+02 6.982493e+07 3.427361e+06 
3.169405e+02 7.756072e+07 6.269562e+06 
4.539811e+02 6.690876e+07 3.279463e+06 
3.632500e+02 6.777971e+07 4.726285e+06 
4.179070e+02 6.748164e+07 3.665282e+06 
3.641055e+02 7.141837e+07 4.244011e+06 
3.468232e+02 6.815878e+07 5.883743e+06 
3.278839e+02 7.226556e+07 5.112104e+06 
3.896216e+02 7.072917e+07 3.761737e+06 
3.701833e+02 6.903265e+07 4.263302e+06 
3.338853e+02 6.931101e+07 5.015650e+06 
3.756172e+02 6.896174e+07 4.096114e+06 
3.174017e+02 7.775520e+07 5.980198e+06 
3.298954e+02 7.018195e+07 5.594378e+06 
3.248731e+02 7.778806e+07 5.266432e+06 
3.239666e+02 7.206018e+07 5.305014e+06 
3.315345e+02 7.183882e+07 5.015650e+06 
4.088398e+02 7.003163e+07 3.568828e+06 
3.327844e+02 6.936234e+07 5.401469e+06 
3.207447e+02 7.345189e+07 5.594378e+06 
4.732693e+02 6.812909e+07 2.811005e+06 
3.541620e+02 6.761675e+07 5.015650e+06 
4.328922e+02 6.608682e+07 4.822740e+06 
3.347122e+02 6.913985e+07 5.266432e+06 
4.137266e+02 7.078693e+07 3.472373e+06 
3.291657e+02 7.101864e+07 5.208559e+06 
4.278878e+02 6.562915e+07 5.401469e+06 
3.759789e+02 7.076592e+07 3.928926e+06 
3.677483e+02 6.665351e+07 5.594378e+06 
3.353990e+02 6.876582e+07 5.208559e+06 
3.499563e+02 6.761885e+07 5.690833e+06 
3.447480e+02 7.219451e+07 4.597679e+06 
3.421700e+02 6.835098e+07 5.594378e+06 
4.310867e+02 6.818944e+07 3.086554e+06 
3.492158e+02 6.784022e+07 5.690833e+06 
3.789365e+02 6.775839e+07 4.436921e+06 
3.675736e+02 6.999827e+07 4.179708e+06 
4.231146e+02 6.744381e+07 3.375918e+06 
4.556524e+02 6.704036e+07 2.990099e+06 
3.541780e+02 6.882569e+07 4.726285e+06 
4.309688e+02 6.679134e+07 3.472373e+06 
4.549208e+02 6.785392e+07 2.893644e+06 
3.373906e+02 7.055570e+07 4.822740e+06 
3.980251e+02 6.928719e+07 3.678143e+06 
4.776328e+02 6.706406e+07 2.811005e+06 
4.191074e+02 7.014662e+07 3.343766e+06 
3.944641e+02 6.797093e+07 3.858192e+06 
3.179744e+02 7.336360e+07 5.787288e+06 
3.403692e+02 7.181416e+07 4.764867e+06 
3.335729e+02 7.103043e+07 4.932055e+06 
3.862574e+02 6.702140e+07 4.340466e+06 
3.514442e+02 6.740898e+07 5.497924e+06 
4.244308e+02 6.569319e+07 5.594378e+06 
3.716357e+02 7.085161e+07 4.147556e+06 
3.214476e+02 7.067101e+07 5.690833e+06 
3.639730e+02 6.720324e+07 5.015650e+06 
3.481348e+02 6.813625e+07 5.690833e+06 
4.391603e+02 6.792692e+07 2.990099e+06 
3.697909e+02 6.692928e+07 5.305014e+06 
3.803316e+02 7.138674e+07 3.858192e+06 
4.110272e+02 6.914358e+07 3.510955e+06 
4.378368e+02 6.718955e+07 3.279463e+06 

3.865153e+02 7.075144e+07 4.096114e+06 
3.370257e+02 7.098030e+07 5.690833e+06 
3.763767e+02 6.918862e+07 4.919195e+06 
4.387240e+02 6.835202e+07 3.954647e+06 
3.623775e+02 7.140249e+07 4.822740e+06 
3.732898e+02 7.024769e+07 4.597679e+06 
3.669310e+02 7.028818e+07 4.764867e+06 
3.660146e+02 7.898669e+07 4.629830e+06 
3.399408e+02 7.604031e+07 4.932055e+06 
3.239802e+02 7.171557e+07 6.269562e+06 
4.382298e+02 7.148882e+07 3.594549e+06 
3.605315e+02 6.943644e+07 5.401469e+06 
3.258518e+02 7.339751e+07 5.305014e+06 
3.807373e+02 6.889305e+07 4.822740e+06 
4.342386e+02 6.786155e+07 4.152915e+06 
3.182690e+02 7.276856e+07 5.497924e+06 
4.014919e+02 6.804029e+07 4.629830e+06 
4.174197e+02 6.900042e+07 4.096114e+06 
4.311911e+02 7.036275e+07 3.678143e+06 
3.493958e+02 7.048149e+07 5.787288e+06 
3.596122e+02 7.066823e+07 4.919195e+06 
3.480102e+02 7.062312e+07 5.690833e+06 
3.773974e+02 7.032060e+07 4.436921e+06 
3.259571e+02 7.128202e+07 6.076652e+06 
3.311711e+02 7.498166e+07 5.266432e+06 
3.129807e+02 7.483222e+07 6.558926e+06 
4.234322e+02 6.842186e+07 4.147556e+06 
3.669634e+02 6.903754e+07 5.112104e+06 
4.276679e+02 6.849684e+07 4.051102e+06 
3.503331e+02 6.992961e+07 5.690833e+06 
3.853884e+02 6.900700e+07 4.726285e+06 
3.741491e+02 7.147821e+07 4.533376e+06 
3.817735e+02 7.040504e+07 4.263302e+06 
4.470081e+02 6.985618e+07 3.665282e+06 
3.203332e+02 7.245470e+07 6.173107e+06 
3.964897e+02 6.893952e+07 4.533376e+06 
3.891828e+02 6.975201e+07 4.340466e+06 
3.155702e+02 7.475387e+07 6.366017e+06 
3.161381e+02 7.484191e+07 5.980198e+06 
3.389293e+02 7.079091e+07 5.787288e+06 
3.794028e+02 7.066699e+07 4.263302e+06 
3.329375e+02 7.624159e+07 5.208559e+06 
4.239032e+02 6.954708e+07 3.954647e+06 
3.750214e+02 6.877224e+07 5.208559e+06 
3.761467e+02 6.924863e+07 4.629830e+06 
4.287103e+02 7.017201e+07 3.761737e+06 
3.347641e+02 7.396047e+07 5.208559e+06 
3.577377e+02 7.338690e+07 4.919195e+06 
4.045847e+02 6.895570e+07 4.244011e+06 
3.256514e+02 7.179796e+07 5.690833e+06 
3.751190e+02 7.162396e+07 4.430490e+06 
3.655150e+02 6.940412e+07 5.015650e+06 
3.572253e+02 6.946707e+07 5.305014e+06 
3.881208e+02 6.847240e+07 5.015650e+06 
3.347694e+02 7.099079e+07 5.690833e+06 
4.077664e+02 7.024777e+07 4.051102e+06 
4.473459e+02 6.813894e+07 3.954647e+06 
4.145757e+02 7.074776e+07 3.858192e+06 
3.723505e+02 6.810580e+07 5.401469e+06 
3.143844e+02 7.414676e+07 6.558926e+06 
3.967622e+02 7.142959e+07 4.051102e+06 
3.699609e+02 6.962581e+07 4.822740e+06 
4.009597e+02 6.845688e+07 4.533376e+06 
3.134635e+02 7.478656e+07 6.751836e+06 
3.550254e+02 7.176118e+07 5.015650e+06 
3.233430e+02 7.200670e+07 6.076652e+06 
3.677837e+02 7.178500e+07 4.597679e+06 
3.995662e+02 6.973487e+07 4.244011e+06 
3.155517e+02 7.371704e+07 6.558926e+06 
4.071880e+02 7.120461e+07 3.858192e+06 
4.075866e+02 7.204679e+07 3.761737e+06 
3.307867e+02 7.280046e+07 5.305014e+06 
3.217974e+02 7.242559e+07 6.269562e+06 
4.469545e+02 6.790706e+07 4.147556e+06 
3.280984e+02 7.217594e+07 5.401469e+06 
3.365943e+02 7.474520e+07 5.112104e+06 
3.868039e+02 6.944318e+07 4.436921e+06 
3.497478e+02 7.146605e+07 5.305014e+06 
4.168010e+02 6.968845e+07 3.903740e+06 
3.255077e+02 7.657532e+07 5.401469e+06 
3.487730e+02 7.051896e+07 5.787288e+06 
3.538604e+02 6.983741e+07 5.497924e+06 
3.164206e+02 7.319623e+07 6.558926e+06 
3.658751e+02 7.180447e+07 4.764867e+06 
3.711720e+02 6.872735e+07 5.594378e+06 
3.143999e+02 7.403365e+07 6.558926e+06 
4.019573e+02 7.193270e+07 3.954647e+06 
3.608836e+02 6.963906e+07 5.015650e+06 
3.317255e+02 7.099454e+07 5.497924e+06 
3.472401e+02 7.067960e+07 5.883743e+06 
3.816093e+02 6.945804e+07 4.533376e+06 
4.290361e+02 6.801281e+07 4.340466e+06 
3.236267e+02 7.200764e+07 5.497924e+06 
4.337206e+02 6.864430e+07 3.903740e+06 
4.233846e+02 6.810457e+07 4.340466e+06 
3.942617e+02 6.860768e+07 4.822740e+06 
3.411108e+02 7.294542e+07 5.112104e+06 
4.369235e+02 6.947940e+07 3.858192e+06 
3.644334e+02 7.951443e+07 4.681273e+06 
3.391802e+02 7.114081e+07 5.401469e+06 

3.527202e+02 6.467259e+07 6.076652e+06 
4.296167e+02 6.292995e+07 5.497924e+06 
4.198036e+02 6.439874e+07 4.822740e+06 
4.071068e+02 6.378189e+07 5.015650e+06 
3.558670e+02 6.646442e+07 5.112104e+06 
4.043173e+02 6.726438e+07 4.244011e+06 
4.181488e+02 6.781980e+07 3.761737e+06 
4.172173e+02 6.912507e+07 3.858192e+06 
3.330632e+02 6.665172e+07 5.594378e+06 
4.208394e+02 6.309092e+07 5.208559e+06 
3.725013e+02 6.797526e+07 4.629830e+06 
3.532769e+02 6.461141e+07 5.883743e+06 
4.179650e+02 6.321999e+07 5.208559e+06 
3.272215e+02 6.847928e+07 5.690833e+06 
3.562785e+02 6.457477e+07 5.883743e+06 
4.245779e+02 6.308163e+07 5.015650e+06 
4.304269e+02 6.284853e+07 5.208559e+06 
3.472447e+02 6.583043e+07 5.690833e+06 
3.219076e+02 6.767443e+07 6.173107e+06 
3.363288e+02 6.786893e+07 5.401469e+06 
3.589266e+02 6.561079e+07 5.401469e+06 
3.765445e+02 6.327787e+07 5.883743e+06 
3.477145e+02 6.483710e+07 5.883743e+06 
4.347001e+02 6.644167e+07 4.051102e+06 
4.392577e+02 6.371483e+07 4.919195e+06 
3.666307e+02 6.555029e+07 5.208559e+06 
3.884490e+02 6.453049e+07 5.112104e+06 
3.415900e+02 6.724182e+07 5.401469e+06 
3.229693e+02 6.841837e+07 5.980198e+06 
3.820939e+02 6.563442e+07 4.822740e+06 
3.926711e+02 6.683818e+07 4.533376e+06 
3.214779e+02 6.918875e+07 6.173107e+06 
3.698837e+02 6.358579e+07 5.883743e+06 
3.956657e+02 6.647978e+07 4.436921e+06 
4.177921e+02 6.895666e+07 3.761737e+06 
3.243250e+02 6.752792e+07 6.269562e+06 
3.600595e+02 6.446297e+07 5.690833e+06 
4.051022e+02 6.547781e+07 4.340466e+06 
3.373657e+02 6.614259e+07 6.269562e+06 
3.913472e+02 6.362825e+07 5.401469e+06 
4.042086e+02 6.521880e+07 4.436921e+06 
4.060093e+02 6.841218e+07 4.147556e+06 
3.781552e+02 6.371097e+07 5.594378e+06 
4.033826e+02 6.456250e+07 4.919195e+06 
4.158789e+02 6.587428e+07 4.147556e+06 
4.374572e+02 6.535219e+07 4.244011e+06 
4.231389e+02 6.462591e+07 4.533376e+06 
3.663954e+02 6.740215e+07 4.822740e+06 
3.909801e+02 6.421371e+07 5.112104e+06 
4.477579e+02 6.582676e+07 4.147556e+06 
4.073037e+02 6.797477e+07 3.954647e+06 
3.236019e+02 6.773976e+07 5.883743e+06 
4.220230e+02 6.303729e+07 5.401469e+06 
3.284277e+02 6.734253e+07 5.980198e+06 
4.244462e+02 6.471117e+07 4.436921e+06 
4.031087e+02 6.562917e+07 4.436921e+06 
3.458227e+02 6.849801e+07 5.208559e+06 
3.418683e+02 6.833690e+07 5.266432e+06 
3.278364e+02 6.742607e+07 5.980198e+06 
3.292182e+02 6.703791e+07 5.787288e+06 
3.241949e+02 6.902052e+07 5.787288e+06 
4.144175e+02 6.473755e+07 4.533376e+06 
3.581625e+02 6.497500e+07 5.594378e+06 
3.939442e+02 6.678087e+07 4.436921e+06 
3.726000e+02 6.499554e+07 5.208559e+06 
3.423805e+02 6.591357e+07 5.787288e+06 
4.308294e+02 6.759566e+07 3.858192e+06 
4.184592e+02 6.740664e+07 4.051102e+06 
4.038355e+02 6.347327e+07 5.305014e+06 
4.349795e+02 6.274301e+07 5.401469e+06 
3.467195e+02 6.781911e+07 5.015650e+06 
3.740200e+02 6.544478e+07 5.015650e+06 
3.583461e+02 6.373404e+07 5.883743e+06 
3.307961e+02 6.684372e+07 5.787288e+06 
3.563564e+02 6.786199e+07 4.932055e+06 
3.460131e+02 6.727409e+07 5.266432e+06 
3.703297e+02 6.656025e+07 4.822740e+06 
3.988059e+02 6.747518e+07 4.340466e+06 
3.980620e+02 6.423647e+07 5.015650e+06 
3.695758e+02 6.396762e+07 5.690833e+06 
3.302741e+02 6.691272e+07 6.076652e+06 
3.937116e+02 6.305869e+07 5.497924e+06 
3.664529e+02 6.615697e+07 5.015650e+06 
3.923385e+02 6.506632e+07 4.919195e+06 
4.465347e+02 6.290222e+07 5.112104e+06 
3.517892e+02 6.658446e+07 5.305014e+06 
4.135273e+02 6.504540e+07 4.340466e+06 
3.749410e+02 6.426119e+07 5.497924e+06 
3.528014e+02 6.589918e+07 5.497924e+06 
3.822893e+02 6.675979e+07 4.629830e+06 
3.846546e+02 7.415888e+07 4.533376e+06 
3.315421e+02 6.793160e+07 5.497924e+06 
3.611161e+02 6.831541e+07 4.919195e+06 
4.070924e+02 6.653711e+07 4.147556e+06 
3.805423e+02 6.608055e+07 4.726285e+06 
3.211820e+02 6.800330e+07 6.462472e+06 
4.288195e+02 6.387687e+07 4.919195e+06 
3.360996e+02 6.648783e+07 5.980198e+06 
3.860173e+02 6.956913e+07 4.597679e+06 
4.195933e+02 6.550723e+07 4.244011e+06 

3.709369e+02 6.594178e+07 5.594378e+06 
3.810061e+02 7.092159e+07 4.340466e+06 
3.368240e+02 7.059299e+07 5.401469e+06 
3.339052e+02 7.225140e+07 5.497924e+06 
3.356708e+02 6.801841e+07 5.980198e+06 
4.327407e+02 6.464288e+07 5.208559e+06 
3.276138e+02 6.930991e+07 6.076652e+06 
4.886538e+02 6.719060e+07 3.858192e+06 
3.669988e+02 6.722033e+07 5.305014e+06 
3.446068e+02 6.915374e+07 5.401469e+06 
3.529265e+02 6.743063e+07 5.980198e+06 
3.230571e+02 6.994008e+07 6.366017e+06 
3.541250e+02 6.682666e+07 5.787288e+06 
3.576475e+02 6.723580e+07 5.401469e+06 
4.545048e+02 6.823282e+07 3.568828e+06 
3.358862e+02 6.926834e+07 5.497924e+06 
3.742664e+02 6.580145e+07 5.690833e+06 
3.650798e+02 6.640507e+07 5.787288e+06 
3.514566e+02 8.129582e+07 5.112104e+06 
4.457607e+02 6.915760e+07 3.665282e+06 
3.958721e+02 6.921211e+07 4.147556e+06 
3.629977e+02 7.085986e+07 5.015650e+06 
4.294989e+02 6.718354e+07 4.340466e+06 
3.478015e+02 6.755517e+07 5.980198e+06 
4.124396e+02 6.577405e+07 5.015650e+06 
3.728800e+02 7.231911e+07 4.629830e+06 
3.600454e+02 6.670081e+07 5.594378e+06 
3.448650e+02 6.836090e+07 5.497924e+06 
3.213878e+02 7.326154e+07 6.462472e+06 
3.194193e+02 7.582633e+07 6.269562e+06 
3.230173e+02 7.010127e+07 6.269562e+06 
4.131672e+02 6.813146e+07 3.954647e+06 
3.862585e+02 6.808243e+07 4.533376e+06 
3.666051e+02 6.638960e+07 5.980198e+06 
3.404376e+02 7.088742e+07 5.305014e+06 
4.510656e+02 6.970352e+07 3.472373e+06 
4.458471e+02 6.803425e+07 3.761737e+06 
3.587206e+02 8.298581e+07 4.702171e+06 
3.485835e+02 7.058650e+07 5.208559e+06 
3.691974e+02 6.621150e+07 5.594378e+06 
4.491429e+02 6.441309e+07 5.305014e+06 
4.185748e+02 7.009894e+07 3.761737e+06 
3.992484e+02 6.630519e+07 4.919195e+06 
3.831199e+02 6.941085e+07 4.340466e+06 
3.195530e+02 7.498911e+07 6.655381e+06 
3.242383e+02 7.106924e+07 5.787288e+06 
3.948910e+02 6.555916e+07 5.305014e+06 
4.689575e+02 6.859196e+07 3.375918e+06 
3.216951e+02 7.210162e+07 5.883743e+06 
3.590900e+02 7.038193e+07 5.112104e+06 
4.359495e+02 6.484693e+07 5.112104e+06 
4.350160e+02 6.456637e+07 5.305014e+06 
3.563636e+02 8.132529e+07 4.822740e+06 
3.644677e+02 6.929223e+07 4.919195e+06 
3.211175e+02 7.484446e+07 6.269562e+06 
3.214117e+02 7.254475e+07 6.269562e+06 
3.307254e+02 6.866498e+07 5.980198e+06 
3.228270e+02 7.056797e+07 6.173107e+06 
4.162612e+02 6.604723e+07 4.822740e+06 
4.851884e+02 6.747527e+07 3.665282e+06 
3.533900e+02 8.777599e+07 4.639474e+06 
3.187532e+02 7.547051e+07 6.462472e+06 
3.854688e+02 6.518500e+07 5.690833e+06 
4.483560e+02 7.111046e+07 3.568828e+06 
4.834001e+02 6.615548e+07 3.954647e+06 
4.539581e+02 6.449150e+07 4.629830e+06 
4.315791e+02 6.860948e+07 3.858192e+06 
4.549911e+02 6.740548e+07 4.147556e+06 
4.005423e+02 6.471845e+07 5.690833e+06 
3.615638e+02 6.652666e+07 5.594378e+06 
3.246187e+02 7.278285e+07 5.690833e+06 
4.186051e+02 6.772973e+07 4.051102e+06 
4.898359e+02 6.761882e+07 3.472373e+06 
4.501938e+02 6.637537e+07 4.436921e+06 
3.834851e+02 6.551723e+07 5.401469e+06 
4.057338e+02 6.778134e+07 4.340466e+06 
4.618491e+02 7.004626e+07 3.375918e+06 
3.262477e+02 7.147264e+07 5.594378e+06 
3.576649e+02 6.897569e+07 5.208559e+06 
4.306497e+02 6.463311e+07 5.305014e+06 
3.727950e+02 6.812846e+07 4.822740e+06 
3.778163e+02 6.548708e+07 5.787288e+06 
3.556794e+02 8.663538e+07 4.629830e+06 
3.494936e+02 8.426189e+07 4.869359e+06 
3.752622e+02 6.883400e+07 4.629830e+06 
3.810995e+02 6.732784e+07 4.726285e+06 
4.434981e+02 7.189632e+07 3.665282e+06 
4.344382e+02 6.542055e+07 4.629830e+06 
4.241692e+02 6.667030e+07 4.629830e+06 
4.589621e+02 6.761169e+07 3.761737e+06 
4.260064e+02 6.527919e+07 5.015650e+06 
3.739811e+02 6.628814e+07 5.305014e+06 
3.804067e+02 6.534459e+07 5.787288e+06 
3.818688e+02 6.635405e+07 5.112104e+06 
3.220470e+02 7.137579e+07 5.980198e+06 
3.450698e+02 9.052748e+07 5.208559e+06 
3.531443e+02 6.720537e+07 5.787288e+06 
3.892795e+02 6.507539e+07 5.497924e+06 
4.892557e+02 6.844958e+07 3.375918e+06 
3.932538e+02 6.505615e+07 5.883743e+06 

3.959302e+02 6.623332e+07 4.629830e+06 
3.298647e+02 6.693564e+07 6.076652e+06 
3.852372e+02 6.379670e+07 5.883743e+06 
4.308886e+02 6.470736e+07 4.533376e+06 
3.324523e+02 6.684309e+07 6.076652e+06 
3.439049e+02 6.591187e+07 6.269562e+06 
4.195423e+02 6.696711e+07 4.533376e+06 
3.397194e+02 6.845146e+07 5.497924e+06 
3.699797e+02 6.697512e+07 5.112104e+06 
4.508186e+02 6.414631e+07 4.533376e+06 
3.277962e+02 6.704272e+07 6.076652e+06 
4.234346e+02 7.635743e+07 4.244011e+06 
3.253635e+02 7.004793e+07 5.980198e+06 
4.189333e+02 7.693848e+07 4.436921e+06 
4.580764e+02 6.506263e+07 4.340466e+06 
3.679343e+02 6.462020e+07 5.401469e+06 
3.376820e+02 6.660247e+07 6.173107e+06 
3.456289e+02 6.867700e+07 5.305014e+06 
3.208457e+02 6.804599e+07 6.269562e+06 
4.167530e+02 7.491879e+07 4.533376e+06 
3.842155e+02 6.740754e+07 4.822740e+06 
3.614122e+02 6.463833e+07 6.076652e+06 
3.317625e+02 6.692254e+07 5.980198e+06 
4.003508e+02 6.508868e+07 4.726285e+06 
4.285212e+02 7.373921e+07 4.340466e+06 
4.362827e+02 6.776870e+07 4.340466e+06 
4.103563e+02 6.323925e+07 5.690833e+06 
4.465193e+02 6.282246e+07 5.497924e+06 
3.258976e+02 6.724322e+07 6.076652e+06 
3.557185e+02 6.519504e+07 5.497924e+06 
4.059517e+02 6.376775e+07 5.208559e+06 
3.926343e+02 6.731200e+07 4.726285e+06 
3.282466e+02 6.856561e+07 5.787288e+06 
3.343428e+02 6.727337e+07 5.690833e+06 
3.213149e+02 6.764254e+07 6.173107e+06 
4.251784e+02 6.464398e+07 4.629830e+06 
3.353453e+02 6.668771e+07 6.269562e+06 
3.864914e+02 6.579495e+07 4.919195e+06 
3.186563e+02 6.839379e+07 6.269562e+06 
3.454178e+02 6.534473e+07 5.883743e+06 
3.925515e+02 6.564662e+07 4.822740e+06 
3.200625e+02 6.892232e+07 6.173107e+06 
3.998571e+02 6.360446e+07 5.883743e+06 
3.713487e+02 6.414873e+07 5.787288e+06 
4.549702e+02 7.374630e+07 4.244011e+06 
3.760971e+02 6.634113e+07 5.015650e+06 
3.246775e+02 6.849225e+07 6.076652e+06 
4.529216e+02 6.390243e+07 4.919195e+06 
4.081713e+02 6.439962e+07 5.015650e+06 
4.462996e+02 6.407993e+07 4.629830e+06 
3.426906e+02 6.652364e+07 5.690833e+06 
4.203845e+02 6.321985e+07 5.208559e+06 
3.880808e+02 6.363002e+07 5.690833e+06 
3.412951e+02 6.963592e+07 5.401469e+06 
3.574043e+02 6.539592e+07 5.401469e+06 
4.396922e+02 7.555742e+07 4.051102e+06 
4.155765e+02 7.600389e+07 4.597679e+06 
3.677793e+02 6.456436e+07 5.883743e+06 
4.411618e+02 6.617844e+07 4.340466e+06 
3.613096e+02 6.504823e+07 5.883743e+06 
4.524901e+02 6.402595e+07 4.726285e+06 
3.570179e+02 6.972553e+07 5.112104e+06 
3.968504e+02 6.361431e+07 5.594378e+06 
3.272672e+02 6.838325e+07 5.883743e+06 
3.605543e+02 6.514378e+07 5.497924e+06 
3.752179e+02 6.421747e+07 5.497924e+06 
3.511622e+02 6.568678e+07 5.497924e+06 
3.380389e+02 6.635707e+07 6.173107e+06 
4.307862e+02 6.406194e+07 4.919195e+06 
4.483604e+02 6.345065e+07 5.112104e+06 
4.201483e+02 6.294474e+07 5.594378e+06 
4.239670e+02 6.533367e+07 4.436921e+06 
4.296865e+02 6.289052e+07 5.305014e+06 
4.149668e+02 6.366542e+07 5.112104e+06 
4.251314e+02 7.557231e+07 4.244011e+06 
3.321083e+02 6.758394e+07 5.690833e+06 
4.212580e+02 6.514467e+07 4.533376e+06 
3.894910e+02 6.522958e+07 4.919195e+06 
4.015618e+02 6.591291e+07 4.629830e+06 
3.743725e+02 7.332134e+07 5.015650e+06 
3.891266e+02 6.427870e+07 5.208559e+06 
3.232256e+02 6.758996e+07 6.173107e+06 
3.937122e+02 6.367053e+07 5.401469e+06 
4.107472e+02 6.298735e+07 5.497924e+06 
3.707452e+02 6.425706e+07 5.787288e+06 
3.989445e+02 6.489425e+07 4.919195e+06 
4.518484e+02 7.505987e+07 4.051102e+06 
3.820755e+02 6.486337e+07 5.208559e+06 
3.459642e+02 6.767682e+07 5.208559e+06 
3.633541e+02 6.568788e+07 5.305014e+06 
3.365179e+02 6.875121e+07 5.594378e+06 
3.690033e+02 6.445804e+07 5.787288e+06 
3.383164e+02 6.612536e+07 6.076652e+06 
4.537748e+02 7.665138e+07 3.954647e+06 
4.048572e+02 6.333751e+07 5.594378e+06 
4.398497e+02 6.406271e+07 4.726285e+06 
4.418586e+02 7.472287e+07 4.244011e+06 
4.625868e+02 7.507638e+07 3.858192e+06 
4.562227e+02 7.714132e+07 3.858192e+06 
4.626580e+02 6.283437e+07 5.305014e+06 

3.386231e+02 6.820721e+07 5.594378e+06 
3.122782e+02 7.246938e+07 6.655381e+06 
3.294154e+02 6.646723e+07 6.366017e+06 
3.356543e+02 6.563618e+07 6.366017e+06 
3.552375e+02 6.649032e+07 5.497924e+06 
3.300845e+02 7.798222e+07 5.594378e+06 
3.523348e+02 6.455112e+07 6.558926e+06 
3.457245e+02 6.498609e+07 6.269562e+06 
4.128516e+02 6.714949e+07 4.436921e+06 
3.410164e+02 8.741963e+07 5.208559e+06 
3.455927e+02 6.633906e+07 5.787288e+06 
3.153323e+02 7.419437e+07 6.269562e+06 
3.977781e+02 6.813505e+07 4.629830e+06 
4.211486e+02 6.653025e+07 4.629830e+06 
3.398059e+02 8.709031e+07 5.305014e+06 
3.601311e+02 6.428141e+07 6.558926e+06 
3.198680e+02 6.868066e+07 6.076652e+06 
4.181625e+02 6.812612e+07 4.340466e+06 
3.834131e+02 6.747950e+07 4.822740e+06 
3.391743e+02 6.555864e+07 6.366017e+06 
3.299630e+02 6.610155e+07 6.366017e+06 
4.118098e+02 6.587381e+07 4.822740e+06 
3.353957e+02 6.568852e+07 6.366017e+06 
3.358742e+02 7.714976e+07 5.497924e+06 
3.194418e+02 6.765361e+07 6.366017e+06 
3.280863e+02 7.217653e+07 5.787288e+06 
4.043237e+02 6.270799e+07 6.076652e+06 
3.522863e+02 7.424160e+07 5.208559e+06 
4.064543e+02 6.772194e+07 4.436921e+06 
3.635109e+02 6.383556e+07 6.558926e+06 
4.168043e+02 6.575648e+07 5.208559e+06 
3.687008e+02 6.428283e+07 5.980198e+06 
3.686317e+02 6.914772e+07 5.015650e+06 
3.305294e+02 6.596357e+07 6.366017e+06 
3.875558e+02 7.026041e+07 4.533376e+06 
3.759558e+02 6.353939e+07 6.462472e+06 
3.400818e+02 6.867538e+07 5.497924e+06 
3.292714e+02 7.774683e+07 5.690833e+06 
3.992728e+02 6.665942e+07 4.822740e+06 
3.866172e+02 6.327874e+07 6.173107e+06 
4.014733e+02 6.324266e+07 6.269562e+06 
4.209521e+02 6.673840e+07 4.533376e+06 
3.671200e+02 6.369004e+07 6.173107e+06 
3.449916e+02 7.343815e+07 5.305014e+06 
3.173625e+02 6.855894e+07 6.366017e+06 
3.241415e+02 6.871456e+07 5.980198e+06 
3.631193e+02 6.643786e+07 5.401469e+06 
3.751271e+02 6.590890e+07 5.594378e+06 
4.035369e+02 6.552717e+07 5.305014e+06 
3.800600e+02 6.347703e+07 6.269562e+06 
3.396525e+02 6.519257e+07 6.366017e+06 
3.495231e+02 6.534775e+07 6.076652e+06 
3.517021e+02 6.459073e+07 6.366017e+06 
3.716457e+02 9.019349e+07 4.932055e+06 
3.242664e+02 6.699626e+07 6.076652e+06 
3.773230e+02 6.536559e+07 5.690833e+06 
3.274282e+02 6.668190e+07 6.076652e+06 
4.108611e+02 6.945015e+07 4.340466e+06 
4.099764e+02 6.479121e+07 5.690833e+06 
3.247766e+02 6.696709e+07 6.655381e+06 
3.268732e+02 7.890807e+07 5.787288e+06 
3.279267e+02 6.661904e+07 6.366017e+06 
3.425796e+02 6.859489e+07 5.401469e+06 
3.481636e+02 6.800404e+07 5.305014e+06 
3.538249e+02 6.451700e+07 6.366017e+06 
3.835632e+02 7.119265e+07 4.533376e+06 
3.929389e+02 6.639242e+07 5.112104e+06 
3.670141e+02 7.070492e+07 5.015650e+06 
3.350324e+02 6.592753e+07 6.366017e+06 
4.264567e+02 6.710208e+07 4.340466e+06 
3.304239e+02 6.931766e+07 5.787288e+06 
3.621655e+02 6.404026e+07 6.173107e+06 
3.311991e+02 6.697586e+07 5.980198e+06 
3.179821e+02 7.420300e+07 5.980198e+06 
3.984811e+02 6.611975e+07 5.112104e+06 
3.536606e+02 6.875396e+07 5.208559e+06 
3.562366e+02 6.428891e+07 6.558926e+06 
3.340919e+02 6.764134e+07 5.690833e+06 
3.717547e+02 6.362077e+07 6.173107e+06 
4.037429e+02 6.894559e+07 4.436921e+06 
3.159463e+02 6.987396e+07 6.173107e+06 
3.863047e+02 6.865749e+07 4.726285e+06 
3.485527e+02 6.479837e+07 6.655381e+06 
3.654815e+02 6.467943e+07 5.787288e+06 
3.982340e+02 6.327293e+07 6.076652e+06 
3.922199e+02 6.393302e+07 5.883743e+06 
3.431183e+02 6.514642e+07 6.366017e+06 
3.198838e+02 7.669812e+07 5.883743e+06 
3.452274e+02 6.506837e+07 6.269562e+06 
3.398447e+02 6.591505e+07 6.076652e+06 
3.478260e+02 6.700498e+07 5.401469e+06 
3.654834e+02 7.572163e+07 5.015650e+06 
3.269607e+02 6.676540e+07 6.076652e+06 
3.236998e+02 6.744807e+07 6.558926e+06 
3.744877e+02 6.677815e+07 5.208559e+06 
3.770334e+02 7.043352e+07 4.726285e+06 
3.616982e+02 7.496618e+07 5.112104e+06 
4.050680e+02 6.351032e+07 5.980198e+06 
3.237823e+02 6.716118e+07 6.655381e+06 
3.752515e+02 7.146523e+07 4.919195e+06 

3.338667e+02 7.041524e+07 6.366017e+06 
3.929412e+02 7.204443e+07 3.761737e+06 
4.149992e+02 7.095196e+07 3.737624e+06 
3.140708e+02 7.154909e+07 5.980198e+06 
3.700058e+02 6.946527e+07 4.629830e+06 
3.274985e+02 7.563417e+07 5.208559e+06 
4.239474e+02 7.073394e+07 3.665282e+06 
3.391019e+02 7.153663e+07 5.112104e+06 
3.477665e+02 7.097547e+07 4.919195e+06 
3.144700e+02 7.389197e+07 5.787288e+06 
3.176658e+02 7.379162e+07 5.690833e+06 
3.486412e+02 6.845974e+07 5.401469e+06 
3.445470e+02 6.919283e+07 5.690833e+06 
3.677867e+02 6.831976e+07 4.919195e+06 
4.265608e+02 7.012750e+07 3.761737e+06 
3.894947e+02 6.980103e+07 4.147556e+06 
4.355262e+02 6.981264e+07 3.665282e+06 
4.154982e+02 6.918834e+07 3.954647e+06 
3.278917e+02 8.167976e+07 5.099244e+06 
4.264395e+02 6.864614e+07 4.147556e+06 
3.255818e+02 7.107715e+07 5.980198e+06 
3.977199e+02 7.026583e+07 3.954647e+06 
3.793600e+02 6.893030e+07 4.340466e+06 
3.973512e+02 6.801601e+07 4.629830e+06 
3.646833e+02 6.997106e+07 4.726285e+06 
3.310711e+02 7.614500e+07 5.112104e+06 
3.268822e+02 7.111555e+07 5.787288e+06 
3.921668e+02 6.847313e+07 4.244011e+06 
3.338514e+02 7.193918e+07 5.497924e+06 
3.212858e+02 7.118694e+07 5.980198e+06 
3.209503e+02 7.200073e+07 5.787288e+06 
4.086344e+02 6.758075e+07 4.436921e+06 
3.188336e+02 8.217677e+07 5.401469e+06 
3.572356e+02 6.781210e+07 5.208559e+06 
3.570247e+02 6.782535e+07 5.208559e+06 
3.250456e+02 7.603128e+07 5.208559e+06 
3.703832e+02 6.702633e+07 5.305014e+06 
3.846464e+02 7.195596e+07 4.051102e+06 
3.361686e+02 7.364838e+07 5.305014e+06 
3.508289e+02 6.808108e+07 5.594378e+06 
3.297885e+02 7.070341e+07 6.173107e+06 
3.425919e+02 6.949086e+07 5.497924e+06 
3.251006e+02 7.194179e+07 5.690833e+06 
3.390598e+02 6.974908e+07 5.208559e+06 
3.127391e+02 7.609874e+07 5.594378e+06 
3.638391e+02 6.724223e+07 5.112104e+06 
3.422663e+02 6.957728e+07 5.401469e+06 
3.260534e+02 7.407390e+07 5.401469e+06 
3.100279e+02 7.501664e+07 6.173107e+06 
4.150392e+02 6.787028e+07 4.152915e+06 
3.597996e+02 6.777832e+07 5.305014e+06 
3.533948e+02 6.795227e+07 5.401469e+06 
3.673618e+02 7.010011e+07 4.629830e+06 
3.504004e+02 7.135247e+07 4.822740e+06 
3.527136e+02 6.814742e+07 5.112104e+06 
3.698841e+02 6.878389e+07 4.726285e+06 
4.038386e+02 6.778996e+07 4.726285e+06 
3.654275e+02 6.813732e+07 5.015650e+06 
3.722026e+02 6.698256e+07 5.208559e+06 
3.785066e+02 6.849945e+07 4.533376e+06 
3.870191e+02 7.101623e+07 4.051102e+06 
3.113936e+02 7.429521e+07 6.173107e+06 
3.784579e+02 7.002392e+07 4.319032e+06 
3.370344e+02 7.864684e+07 4.822740e+06 
3.635313e+02 6.745749e+07 5.497924e+06 
3.443889e+02 7.010168e+07 5.015650e+06 
4.166915e+02 7.192690e+07 3.665282e+06 
3.384208e+02 7.308354e+07 5.015650e+06 
3.970608e+02 6.814838e+07 4.340466e+06 
3.833686e+02 7.236236e+07 4.147556e+06 
3.512801e+02 6.873780e+07 5.015650e+06 
3.141616e+02 7.475471e+07 5.594378e+06 
3.570790e+02 7.060226e+07 4.822740e+06 
3.468156e+02 6.849093e+07 5.208559e+06 
3.214532e+02 7.354827e+07 5.594378e+06 
3.552617e+02 6.963564e+07 4.919195e+06 
3.897730e+02 7.096447e+07 3.954647e+06 
3.958865e+02 6.944768e+07 4.051102e+06 
3.805398e+02 7.309146e+07 4.244011e+06 
3.267394e+02 7.077053e+07 6.173107e+06 
3.216348e+02 7.637604e+07 5.401469e+06 
3.606683e+02 6.773575e+07 5.401469e+06 
3.160020e+02 7.128181e+07 6.173107e+06 
3.230954e+02 7.111461e+07 5.883743e+06 
3.823682e+02 6.946832e+07 4.244011e+06 
3.971341e+02 6.887300e+07 4.147556e+06 
3.347312e+02 7.021686e+07 6.173107e+06 
3.243055e+02 7.939808e+07 5.182838e+06 
3.135996e+02 7.383712e+07 6.173107e+06 
3.264980e+02 7.093848e+07 5.980198e+06 
3.451935e+02 6.856620e+07 5.305014e+06 
3.434054e+02 6.926064e+07 5.690833e+06 
4.244171e+02 6.879455e+07 3.986798e+06 
3.683538e+02 7.018077e+07 4.533376e+06 
3.692690e+02 7.100363e+07 4.436921e+06 
3.230275e+02 8.041603e+07 5.266432e+06 
3.381527e+02 6.963461e+07 5.980198e+06 
4.032577e+02 7.095298e+07 3.858192e+06 
3.753905e+02 6.922110e+07 4.340466e+06 
3.229442e+02 7.545644e+07 5.401469e+06 

4.027050e+02 6.830875e+07 3.954647e+06 
3.645464e+02 6.798751e+07 4.822740e+06 
3.268032e+02 6.979576e+07 5.433620e+06 
3.212343e+02 8.241251e+07 6.944746e+06 
3.398926e+02 6.825801e+07 5.401469e+06 
3.485515e+02 7.024724e+07 4.726285e+06 
3.769019e+02 6.747785e+07 4.629830e+06 
3.516639e+02 6.713513e+07 5.305014e+06 
3.525648e+02 6.696144e+07 5.594378e+06 
3.272356e+02 6.870857e+07 5.690833e+06 
4.037872e+02 6.858198e+07 3.761737e+06 
3.236636e+02 6.871432e+07 5.787288e+06 
3.455380e+02 6.748586e+07 5.401469e+06 
3.452189e+02 6.720774e+07 5.497924e+06 
3.730204e+02 6.781193e+07 4.533376e+06 
3.221772e+02 8.258688e+07 6.558926e+06 
4.198004e+02 7.183505e+07 3.665282e+06 
3.630266e+02 6.630480e+07 5.305014e+06 
3.588338e+02 6.705123e+07 5.112104e+06 
3.238384e+02 6.987819e+07 5.594378e+06 
3.374152e+02 7.397060e+07 5.208559e+06 
3.549794e+02 6.652195e+07 5.401469e+06 
3.467416e+02 6.843543e+07 5.112104e+06 
4.190221e+02 6.602637e+07 4.629830e+06 
3.505955e+02 6.714586e+07 5.497924e+06 
4.004038e+02 6.678602e+07 4.436921e+06 
3.888487e+02 6.588004e+07 4.919195e+06 
3.822615e+02 6.880473e+07 4.051102e+06 
3.287228e+02 7.810942e+07 5.401469e+06 
3.558058e+02 6.776820e+07 5.112104e+06 
3.387056e+02 6.738724e+07 5.594378e+06 
3.888284e+02 6.687307e+07 4.629830e+06 
3.718673e+02 6.566376e+07 5.401469e+06 
4.034356e+02 6.562407e+07 4.919195e+06 
3.368514e+02 6.781356e+07 5.497924e+06 
3.713039e+02 6.568913e+07 5.401469e+06 
3.698816e+02 6.795716e+07 4.533376e+06 
3.344184e+02 6.763961e+07 5.787288e+06 
3.534058e+02 6.695114e+07 5.594378e+06 
3.542541e+02 6.824784e+07 4.919195e+06 
3.825697e+02 6.519464e+07 5.112104e+06 
3.710031e+02 6.843282e+07 4.340466e+06 
3.421509e+02 7.535586e+07 4.919195e+06 
3.785570e+02 6.566060e+07 5.112104e+06 
3.321664e+02 6.797967e+07 5.594378e+06 
4.126089e+02 6.618679e+07 4.436921e+06 
3.448295e+02 7.059384e+07 4.848461e+06 
3.321302e+02 7.508010e+07 5.015650e+06 
3.943882e+02 6.517092e+07 5.208559e+06 
4.263679e+02 7.112609e+07 3.665282e+06 
3.513568e+02 7.097624e+07 4.629830e+06 
3.906346e+02 6.641266e+07 4.629830e+06 
3.745970e+02 7.045012e+07 4.244011e+06 
3.554347e+02 6.994778e+07 4.629830e+06 
3.693631e+02 7.050789e+07 4.436921e+06 
3.938896e+02 6.970202e+07 3.954647e+06 
3.793984e+02 6.847689e+07 4.244011e+06 
3.996578e+02 6.866545e+07 4.051102e+06 
3.502131e+02 6.942835e+07 4.919195e+06 
3.287591e+02 6.831260e+07 5.980198e+06 
4.106420e+02 6.598593e+07 4.726285e+06 
3.311084e+02 7.678746e+07 5.208559e+06 
4.026185e+02 6.856088e+07 4.147556e+06 
3.786297e+02 6.543042e+07 5.305014e+06 
3.609233e+02 6.897663e+07 4.726285e+06 
3.261973e+02 6.864679e+07 5.883743e+06 
3.574626e+02 7.068136e+07 4.533376e+06 
3.948278e+02 6.606930e+07 4.822740e+06 
3.745225e+02 6.548777e+07 5.401469e+06 
3.722398e+02 6.726509e+07 4.726285e+06 
4.149733e+02 6.560426e+07 4.822740e+06 
3.603915e+02 6.647208e+07 5.305014e+06 
3.405619e+02 6.911139e+07 5.208559e+06 
4.025945e+02 6.653927e+07 4.533376e+06 
3.956351e+02 6.576204e+07 4.919195e+06 
3.295527e+02 6.888468e+07 5.401469e+06 
3.839803e+02 6.784126e+07 4.244011e+06 
3.758625e+02 6.703811e+07 4.822740e+06 
3.658565e+02 6.870909e+07 4.533376e+06 
3.646713e+02 6.661801e+07 5.112104e+06 
3.447554e+02 6.727604e+07 5.594378e+06 
4.104973e+02 7.219378e+07 3.665282e+06 
3.397870e+02 7.147377e+07 5.182838e+06 
3.299336e+02 6.844598e+07 5.594378e+06 
3.430614e+02 7.165455e+07 4.919195e+06 
3.800034e+02 7.035964e+07 4.147556e+06 
3.674794e+02 6.618782e+07 5.401469e+06 
3.361272e+02 6.760433e+07 5.787288e+06 
3.627041e+02 6.722678e+07 4.919195e+06 
3.821465e+02 6.640120e+07 4.919195e+06 
3.499902e+02 6.822839e+07 5.208559e+06 
3.521784e+02 6.709583e+07 5.787288e+06 
3.869431e+02 6.732263e+07 4.244011e+06 
3.757772e+02 6.596505e+07 5.112104e+06 
3.532465e+02 6.944035e+07 4.822740e+06 
4.272646e+02 6.569988e+07 4.726285e+06 
4.032118e+02 6.618771e+07 4.629830e+06 
4.061041e+02 6.697757e+07 4.340466e+06 
3.401092e+02 6.866407e+07 5.305014e+06 
3.607759e+02 6.636484e+07 5.305014e+06 

