7.095100e+03 2.953169e+07 1.957750e+06 
7.437500e+03 3.129103e+07 1.872630e+06 
8.347050e+03 3.406147e+07 1.133115e+06 
8.277000e+03 3.327290e+07 1.244873e+06 
8.499950e+03 3.468616e+07 1.057574e+06 
8.356300e+03 3.361921e+07 1.133115e+06 
7.641550e+03 3.233328e+07 1.532152e+06 
8.527450e+03 3.458303e+07 1.057574e+06 
8.543850e+03 3.440394e+07 9.820330e+05 
8.626200e+03 3.486540e+07 1.057574e+06 
7.692200e+03 3.236722e+07 1.447032e+06 
7.446500e+03 3.151987e+07 1.617271e+06 
8.238350e+03 3.344716e+07 1.287433e+06 
8.314100e+03 3.362895e+07 1.191674e+06 
8.429500e+03 3.403990e+07 1.106554e+06 
8.387450e+03 3.392436e+07 1.191674e+06 
7.443700e+03 3.190909e+07 1.787511e+06 
7.452200e+03 3.132093e+07 1.787511e+06 
8.681500e+03 3.478643e+07 9.064920e+05 
6.897550e+03 2.875591e+07 2.213108e+06 
6.995400e+03 2.906251e+07 2.213108e+06 
6.943000e+03 2.896291e+07 2.127989e+06 
7.476350e+03 3.172311e+07 1.957750e+06 
8.542500e+03 3.428786e+07 9.926605e+05 
6.902050e+03 2.896341e+07 2.042869e+06 

8.613100e+03 3.479177e+07 1.208656e+06 
7.258950e+03 3.048977e+07 1.617271e+06 
7.305450e+03 3.029540e+07 1.925829e+06 
8.624000e+03 3.498094e+07 1.133115e+06 
7.202200e+03 3.043973e+07 1.957750e+06 
7.706950e+03 3.216354e+07 1.361913e+06 
6.909600e+03 2.890152e+07 2.298228e+06 
7.867100e+03 3.286409e+07 1.359738e+06 
8.997050e+03 3.620541e+07 8.764034e+05 
8.681900e+03 3.510060e+07 1.106554e+06 
7.637900e+03 3.249737e+07 1.532152e+06 
6.963200e+03 2.922426e+07 2.127989e+06 
7.286950e+03 3.047470e+07 1.702391e+06 
7.218600e+03 3.029710e+07 1.872630e+06 
7.703700e+03 3.223063e+07 1.532152e+06 
7.211250e+03 3.063847e+07 1.872630e+06 
7.222450e+03 3.050216e+07 1.787511e+06 
6.929650e+03 2.919987e+07 2.213108e+06 
8.560650e+03 3.504858e+07 1.191674e+06 
8.590450e+03 3.484214e+07 1.191674e+06 
8.625450e+03 3.524135e+07 1.106554e+06 
7.184400e+03 3.050692e+07 1.957750e+06 
7.676950e+03 3.265838e+07 1.361913e+06 
8.770650e+03 3.523910e+07 1.021435e+06 
8.036650e+03 3.298867e+07 1.284197e+06 

8.550850e+03 3.397782e+07 1.159753e+06 
8.637500e+03 3.400889e+07 1.057574e+06 
7.322800e+03 2.981040e+07 1.787511e+06 
8.775350e+03 3.429569e+07 1.057574e+06 
7.434900e+03 3.021841e+07 1.617271e+06 
7.405300e+03 3.030119e+07 1.617271e+06 
6.798150e+03 2.828426e+07 2.213108e+06 
6.960100e+03 2.870258e+07 1.957750e+06 
6.797750e+03 2.860200e+07 2.213108e+06 
6.781300e+03 2.837059e+07 2.383347e+06 
7.251400e+03 2.985337e+07 1.702391e+06 
8.481450e+03 3.396359e+07 1.361913e+06 
7.242800e+03 2.988040e+07 1.787511e+06 
8.643150e+03 3.413096e+07 9.479465e+05 
7.249700e+03 2.986425e+07 1.872630e+06 
7.482200e+03 3.056864e+07 1.532152e+06 
6.788150e+03 2.837343e+07 2.298228e+06 
6.780400e+03 2.849366e+07 2.383347e+06 
6.929650e+03 2.898879e+07 1.957750e+06 
6.812200e+03 2.838598e+07 2.042869e+06 
7.062350e+03 2.924163e+07 2.042869e+06 
8.644400e+03 3.396576e+07 1.208656e+06 
8.585000e+03 3.423358e+07 1.057574e+06 
6.779400e+03 2.862290e+07 2.298228e+06 
6.829150e+03 2.841692e+07 2.383347e+06 

8.746300e+03 3.587306e+07 9.363151e+05 
6.680750e+03 2.783197e+07 2.213108e+06 
8.219150e+03 3.290592e+07 1.361913e+06 
6.670750e+03 2.763710e+07 2.298228e+06 
6.763700e+03 2.798747e+07 2.127989e+06 
8.159650e+03 3.291152e+07 1.447032e+06 
8.167650e+03 3.356805e+07 1.319353e+06 
7.752350e+03 3.239324e+07 1.787511e+06 
8.153750e+03 3.372171e+07 1.319353e+06 
8.255550e+03 3.379716e+07 1.234234e+06 
6.895000e+03 2.832494e+07 2.042869e+06 
7.801150e+03 3.231591e+07 1.787511e+06 
7.849600e+03 3.258509e+07 1.617271e+06 
7.826550e+03 3.285922e+07 1.702391e+06 
8.250750e+03 3.380743e+07 1.234234e+06 
8.011350e+03 3.244188e+07 1.532152e+06 
8.172150e+03 3.351170e+07 1.404473e+06 
6.988850e+03 2.892537e+07 1.957750e+06 
7.828600e+03 3.204316e+07 1.787511e+06 
8.190750e+03 3.350629e+07 1.276793e+06 
7.948850e+03 3.261492e+07 1.532152e+06 
7.918750e+03 3.319046e+07 1.532152e+06 
7.895750e+03 3.233829e+07 1.702391e+06 
6.650300e+03 2.772879e+07 2.298228e+06 
7.839200e+03 3.274814e+07 1.617271e+06 

7.919300e+03 3.331898e+07 1.191674e+06 
7.460450e+03 3.105572e+07 1.532152e+06 
6.814350e+03 2.877510e+07 2.383347e+06 
7.365500e+03 3.054223e+07 1.787511e+06 
7.387500e+03 3.060760e+07 1.617271e+06 
6.820050e+03 2.873846e+07 2.383347e+06 
7.203450e+03 3.070534e+07 1.872630e+06 
7.214650e+03 3.083456e+07 1.787511e+06 
7.187050e+03 3.077812e+07 1.957750e+06 
7.682000e+03 3.228478e+07 1.489592e+06 
8.514250e+03 3.523912e+07 8.764034e+05 
7.375100e+03 3.089136e+07 1.702391e+06 
7.674100e+03 3.233170e+07 1.319353e+06 
7.333450e+03 3.066737e+07 1.787511e+06 
6.811850e+03 2.891477e+07 2.298228e+06 
6.886350e+03 2.945544e+07 2.255668e+06 
6.825850e+03 2.889678e+07 2.298228e+06 
6.894950e+03 2.918160e+07 2.127989e+06 
8.638250e+03 3.567910e+07 1.106554e+06 
6.960500e+03 2.941728e+07 2.042869e+06 
7.192850e+03 3.048224e+07 1.957750e+06 
7.724200e+03 3.247182e+07 1.284197e+06 
6.808700e+03 2.885345e+07 2.383347e+06 
8.643750e+03 3.525323e+07 1.202313e+06 
6.800750e+03 2.871770e+07 2.468467e+06 

6.764100e+03 2.806415e+07 2.383347e+06 
7.165850e+03 2.906326e+07 1.787511e+06 
6.976350e+03 2.820022e+07 2.000309e+06 
7.053100e+03 2.908948e+07 1.787511e+06 
7.009650e+03 2.836877e+07 1.957750e+06 
8.495750e+03 3.514429e+07 1.159753e+06 
8.359600e+03 3.439807e+07 1.361913e+06 
9.048000e+03 3.745263e+07 9.363151e+05 
9.029250e+03 3.766732e+07 1.074634e+06 
8.493700e+03 3.432447e+07 1.191674e+06 
7.037600e+03 2.829467e+07 1.957750e+06 
8.412250e+03 3.451569e+07 1.191674e+06 
6.801750e+03 2.797798e+07 2.298228e+06 
8.374150e+03 3.448975e+07 1.276793e+06 
8.567400e+03 3.482400e+07 1.106554e+06 
8.369750e+03 3.411819e+07 1.361913e+06 
8.387700e+03 3.443235e+07 1.276793e+06 
8.409350e+03 3.453564e+07 1.244873e+06 
8.440950e+03 3.450451e+07 1.244873e+06 
8.168350e+03 3.380619e+07 1.532152e+06 
8.260750e+03 3.408495e+07 1.447032e+06 
8.484550e+03 3.437648e+07 1.276793e+06 
8.412650e+03 3.440173e+07 1.284197e+06 
8.359550e+03 3.451754e+07 1.276793e+06 
7.081150e+03 2.928318e+07 1.617271e+06 

8.859750e+03 3.574332e+07 1.191674e+06 
8.665200e+03 3.527148e+07 1.329992e+06 
6.447800e+03 2.677399e+07 2.213108e+06 
6.439950e+03 2.666564e+07 2.383347e+06 
6.809750e+03 2.807112e+07 1.872630e+06 
6.735050e+03 2.816960e+07 1.787511e+06 
8.657150e+03 3.508047e+07 1.500231e+06 
8.527000e+03 3.546216e+07 1.361913e+06 
6.638000e+03 2.764090e+07 1.957750e+06 
8.761350e+03 3.560727e+07 1.276793e+06 
6.438000e+03 2.679719e+07 2.383347e+06 
7.706200e+03 3.137953e+07 1.702391e+06 
6.493700e+03 2.665504e+07 2.383347e+06 
8.643000e+03 3.520248e+07 1.532152e+06 
8.511850e+03 3.529869e+07 1.532152e+06 
7.626000e+03 3.140048e+07 1.617271e+06 
8.672750e+03 3.604144e+07 1.276793e+06 
8.827350e+03 3.610942e+07 1.191674e+06 
7.584900e+03 3.143161e+07 1.702391e+06 
8.658250e+03 3.530795e+07 1.383191e+06 
6.512400e+03 2.680183e+07 2.383347e+06 
7.499350e+03 3.147473e+07 1.744951e+06 
9.156600e+03 3.668777e+07 9.363151e+05 
7.777150e+03 3.187308e+07 1.574712e+06 
8.879600e+03 3.575291e+07 8.511955e+05 

8.399600e+03 3.393970e+07 1.057574e+06 
7.489150e+03 3.067192e+07 1.617271e+06 
8.417300e+03 3.419306e+07 1.021435e+06 
6.685150e+03 2.760691e+07 2.298228e+06 
7.459000e+03 3.082167e+07 1.617271e+06 
7.486600e+03 3.077918e+07 1.617271e+06 
8.441000e+03 3.437499e+07 9.121750e+05 
7.414150e+03 3.098206e+07 1.617271e+06 
6.538100e+03 2.717288e+07 2.383347e+06 
7.400750e+03 3.067134e+07 1.702391e+06 
8.247450e+03 3.315492e+07 1.191674e+06 
7.497400e+03 3.093312e+07 1.447032e+06 
6.848400e+03 2.834366e+07 1.957750e+06 
7.535600e+03 3.090957e+07 1.532152e+06 
6.769500e+03 2.835467e+07 1.957750e+06 
6.783950e+03 2.819690e+07 2.042869e+06 
7.340250e+03 3.061123e+07 1.872630e+06 
7.355350e+03 3.052718e+07 1.787511e+06 
7.414000e+03 3.099356e+07 1.617271e+06 
7.497200e+03 3.112140e+07 1.532152e+06 
7.355250e+03 3.057500e+07 1.872630e+06 
6.765150e+03 2.824460e+07 2.042869e+06 
7.435200e+03 3.094092e+07 1.617271e+06 
6.762400e+03 2.871492e+07 2.042869e+06 
7.440900e+03 3.091930e+07 1.617271e+06 

8.371000e+03 3.463353e+07 9.895141e+05 
7.735650e+03 3.195518e+07 1.617271e+06 
6.624500e+03 2.756462e+07 1.872630e+06 
7.695950e+03 3.216784e+07 1.532152e+06 
8.083900e+03 3.360984e+07 1.415112e+06 
7.640850e+03 3.186075e+07 1.702391e+06 
6.509050e+03 2.732325e+07 2.213108e+06 
6.515850e+03 2.708116e+07 1.957750e+06 
6.510700e+03 2.710379e+07 2.213108e+06 
6.620500e+03 2.756969e+07 1.872630e+06 
8.071250e+03 3.366520e+07 1.329992e+06 
6.514950e+03 2.688745e+07 2.127989e+06 
8.028150e+03 3.362484e+07 1.415112e+06 
7.785450e+03 3.235613e+07 1.510820e+06 
8.549250e+03 3.495092e+07 1.133115e+06 
8.088000e+03 3.332817e+07 1.244873e+06 
8.284950e+03 3.450741e+07 1.159753e+06 
8.369300e+03 3.457830e+07 1.074634e+06 
8.394750e+03 3.487878e+07 9.064920e+05 
7.734450e+03 3.210582e+07 1.617271e+06 
7.714400e+03 3.211316e+07 1.617271e+06 
7.687600e+03 3.211930e+07 1.617271e+06 
8.213100e+03 3.387188e+07 1.500231e+06 
8.011000e+03 3.300292e+07 1.435279e+06 
7.588850e+03 3.146575e+07 1.787511e+06 

7.256700e+03 3.014043e+07 1.702391e+06 
7.199050e+03 2.994695e+07 1.787511e+06 
7.322900e+03 3.037109e+07 1.532152e+06 
7.229800e+03 3.011635e+07 1.744951e+06 
7.264150e+03 2.992455e+07 1.787511e+06 
7.242950e+03 3.017228e+07 1.702391e+06 
8.438050e+03 3.449085e+07 1.106554e+06 
6.767200e+03 2.841888e+07 2.127989e+06 
8.431900e+03 3.454337e+07 1.021435e+06 
8.708500e+03 3.572604e+07 9.121750e+05 
6.808700e+03 2.841617e+07 2.213108e+06 
8.059450e+03 3.310931e+07 1.361913e+06 
6.974550e+03 2.894977e+07 1.872630e+06 
6.772450e+03 2.821342e+07 2.383347e+06 
6.811950e+03 2.839837e+07 2.213108e+06 
8.061050e+03 3.288891e+07 1.276793e+06 
8.379450e+03 3.411493e+07 1.191674e+06 
8.004000e+03 3.320388e+07 1.447032e+06 
7.209500e+03 3.024966e+07 1.702391e+06 
8.117950e+03 3.270833e+07 1.447032e+06 
8.015200e+03 3.290039e+07 1.447032e+06 
8.455700e+03 3.443556e+07 1.074634e+06 
8.102050e+03 3.283757e+07 1.447032e+06 
8.019450e+03 3.284406e+07 1.447032e+06 
7.268600e+03 3.007787e+07 1.702391e+06 

