7.972100e+03 3.233360e+07 1.276793e+06 
6.866850e+03 2.855075e+07 1.872630e+06 
7.683400e+03 3.168169e+07 1.361913e+06 
6.934350e+03 2.855366e+07 1.787511e+06 
6.720600e+03 2.800720e+07 2.298228e+06 
7.563500e+03 3.079732e+07 1.532152e+06 
6.719200e+03 2.801788e+07 2.383347e+06 
6.674750e+03 2.796811e+07 2.468467e+06 
7.522500e+03 3.089326e+07 1.447032e+06 
8.044000e+03 3.218705e+07 1.329992e+06 
7.407950e+03 3.036694e+07 1.659831e+06 
6.731450e+03 2.792900e+07 2.127989e+06 
6.713450e+03 2.804324e+07 2.213108e+06 
7.542800e+03 3.133121e+07 1.872630e+06 
6.821850e+03 2.808610e+07 2.042869e+06 
6.729650e+03 2.789566e+07 2.468467e+06 
6.702100e+03 2.806992e+07 2.213108e+06 
6.933450e+03 2.860485e+07 1.787511e+06 
6.689100e+03 2.802642e+07 2.383347e+06 
7.796000e+03 3.210636e+07 1.489592e+06 
7.510700e+03 3.076283e+07 1.617271e+06 
7.995550e+03 3.222243e+07 1.284197e+06 
8.026650e+03 3.223520e+07 1.057574e+06 
8.233800e+03 3.312464e+07 1.159753e+06 
6.772600e+03 2.817304e+07 1.957750e+06 

7.691500e+03 3.180059e+07 1.276793e+06 
6.371100e+03 2.588188e+07 2.383347e+06 
7.021450e+03 2.931857e+07 1.617271e+06 
6.282550e+03 2.549276e+07 2.553587e+06 
7.900400e+03 3.206355e+07 1.133115e+06 
6.557850e+03 2.659047e+07 2.298228e+06 
7.629450e+03 3.194293e+07 1.361913e+06 
6.536350e+03 2.688661e+07 2.127989e+06 
7.635700e+03 3.185941e+07 1.361913e+06 
7.749700e+03 3.193814e+07 1.191674e+06 
6.602900e+03 2.724509e+07 1.957750e+06 
7.118250e+03 2.992078e+07 1.532152e+06 
7.494250e+03 3.109135e+07 1.447032e+06 
7.010900e+03 2.956238e+07 1.702391e+06 
7.639000e+03 3.183925e+07 1.361913e+06 
7.663900e+03 3.209735e+07 1.276793e+06 
7.118450e+03 2.986430e+07 1.532152e+06 
7.102700e+03 3.001135e+07 1.787511e+06 
7.752200e+03 3.227595e+07 1.447032e+06 
6.508650e+03 2.695954e+07 2.127989e+06 
8.065300e+03 3.317669e+07 1.191674e+06 
6.324400e+03 2.576916e+07 2.468467e+06 
6.519100e+03 2.673682e+07 2.213108e+06 
7.649850e+03 3.200387e+07 1.359738e+06 
7.965050e+03 3.267816e+07 1.037375e+06 

6.395000e+03 2.671725e+07 2.383347e+06 
8.342000e+03 3.300015e+07 1.021435e+06 
8.184400e+03 3.286061e+07 1.028432e+06 
7.735850e+03 3.151946e+07 1.415112e+06 
6.489250e+03 2.649971e+07 2.213108e+06 
7.155500e+03 2.934250e+07 1.532152e+06 
6.445150e+03 2.666684e+07 2.127989e+06 
7.815300e+03 3.183125e+07 1.191674e+06 
6.404650e+03 2.651144e+07 2.383347e+06 
6.411000e+03 2.651122e+07 2.213108e+06 
6.421750e+03 2.630033e+07 2.298228e+06 
8.035300e+03 3.158272e+07 1.191674e+06 
8.016100e+03 3.188183e+07 1.133115e+06 
7.959650e+03 3.194010e+07 1.133115e+06 
6.980700e+03 2.865961e+07 1.872630e+06 
6.409250e+03 2.645806e+07 2.383347e+06 
7.114900e+03 2.904886e+07 1.702391e+06 
7.053000e+03 2.915765e+07 1.702391e+06 
7.119400e+03 2.952007e+07 1.617271e+06 
7.400200e+03 3.057121e+07 1.510820e+06 
8.037450e+03 3.202671e+07 1.057574e+06 
6.419000e+03 2.642575e+07 2.383347e+06 
7.745100e+03 3.169128e+07 1.361913e+06 
7.056200e+03 2.892816e+07 1.787511e+06 
7.146250e+03 2.921747e+07 1.617271e+06 

6.512350e+03 2.709834e+07 2.213108e+06 
7.530450e+03 3.193569e+07 1.276793e+06 
7.622300e+03 3.237020e+07 1.208656e+06 
6.631450e+03 2.778694e+07 2.127989e+06 
6.994450e+03 2.898544e+07 1.872630e+06 
7.495150e+03 3.165905e+07 1.447032e+06 
6.935400e+03 2.889488e+07 1.957750e+06 
6.943500e+03 2.933568e+07 1.787511e+06 
6.888300e+03 2.908841e+07 2.042869e+06 
7.104500e+03 2.944265e+07 1.702391e+06 
6.975250e+03 2.903587e+07 1.787511e+06 
7.353650e+03 3.120365e+07 1.532152e+06 
7.065100e+03 2.993668e+07 1.617271e+06 
6.926300e+03 2.895120e+07 1.957750e+06 
7.010500e+03 2.957053e+07 1.702391e+06 
7.130000e+03 2.977755e+07 1.617271e+06 
6.897100e+03 2.912076e+07 1.872630e+06 
6.946150e+03 2.902992e+07 1.872630e+06 
6.917350e+03 2.898542e+07 1.957750e+06 
6.878500e+03 2.923081e+07 2.042869e+06 
8.100200e+03 3.348341e+07 1.159753e+06 
6.910900e+03 2.906919e+07 2.042869e+06 
8.045450e+03 3.361905e+07 1.021435e+06 
7.471400e+03 3.171895e+07 1.361913e+06 
6.679300e+03 2.772324e+07 2.127989e+06 

6.618450e+03 2.768703e+07 2.170549e+06 
6.685850e+03 2.782488e+07 2.000309e+06 
7.467850e+03 3.041573e+07 1.830070e+06 
8.318450e+03 3.417321e+07 9.820330e+05 
7.952050e+03 3.250541e+07 1.133115e+06 
7.955550e+03 3.244825e+07 1.133115e+06 
7.513750e+03 3.023722e+07 1.659831e+06 
7.902150e+03 3.223193e+07 1.208656e+06 
7.538150e+03 3.049279e+07 1.617271e+06 
7.893100e+03 3.247158e+07 1.208656e+06 
6.493750e+03 2.695540e+07 2.383347e+06 
6.763950e+03 2.791683e+07 1.957750e+06 
7.927050e+03 3.194845e+07 1.208656e+06 
7.492750e+03 3.043901e+07 1.744951e+06 
7.846200e+03 3.199836e+07 1.361913e+06 
6.512050e+03 2.687380e+07 2.383347e+06 
6.500400e+03 2.699625e+07 2.213108e+06 
7.569850e+03 3.046029e+07 1.532152e+06 
7.915350e+03 3.254206e+07 1.191674e+06 
7.530150e+03 3.053659e+07 1.617271e+06 
7.996650e+03 3.243704e+07 1.133115e+06 
7.803900e+03 3.265164e+07 1.319353e+06 
7.578350e+03 3.043616e+07 1.617271e+06 
7.873650e+03 3.289899e+07 1.234234e+06 
8.151450e+03 3.341479e+07 1.021435e+06 

7.614550e+03 3.247747e+07 1.284197e+06 
6.992250e+03 2.893131e+07 1.787511e+06 
7.912150e+03 3.298734e+07 1.191674e+06 
6.483550e+03 2.645599e+07 2.298228e+06 
7.899300e+03 3.338886e+07 1.149114e+06 
6.782650e+03 2.791256e+07 2.042869e+06 
7.471050e+03 3.179924e+07 1.404473e+06 
7.828000e+03 3.339392e+07 1.208656e+06 
7.388750e+03 3.145751e+07 1.489592e+06 
7.394600e+03 3.142355e+07 1.617271e+06 
7.031950e+03 2.927401e+07 1.702391e+06 
7.659250e+03 3.283371e+07 1.276793e+06 
6.822150e+03 2.821156e+07 1.957750e+06 
6.533350e+03 2.647759e+07 2.213108e+06 
6.543200e+03 2.645022e+07 2.213108e+06 
7.559300e+03 3.183940e+07 1.361913e+06 
6.721300e+03 2.764450e+07 2.127989e+06 
7.974050e+03 3.346654e+07 1.021435e+06 
6.816950e+03 2.836850e+07 1.957750e+06 
6.857000e+03 2.845048e+07 1.872630e+06 
7.030550e+03 2.962932e+07 1.702391e+06 
7.430950e+03 3.130741e+07 1.617271e+06 
6.520800e+03 2.651563e+07 2.213108e+06 
6.450200e+03 2.616902e+07 2.383347e+06 
6.735150e+03 2.756777e+07 2.127989e+06 

6.497600e+03 2.680237e+07 1.957750e+06 
7.150400e+03 2.974272e+07 1.435279e+06 
7.760650e+03 3.209771e+07 1.287433e+06 
7.722750e+03 3.223721e+07 1.284197e+06 
7.142500e+03 2.993657e+07 1.489592e+06 
7.276450e+03 3.060730e+07 1.359738e+06 
7.293050e+03 3.043896e+07 1.404473e+06 
7.341550e+03 3.052235e+07 1.359738e+06 
7.304200e+03 3.053536e+07 1.361913e+06 
6.891850e+03 2.816753e+07 1.617271e+06 
7.340200e+03 3.052503e+07 1.361913e+06 
6.402150e+03 2.617243e+07 2.042869e+06 
7.760050e+03 3.220310e+07 1.284197e+06 
7.711350e+03 3.220894e+07 1.319353e+06 
6.320300e+03 2.574583e+07 2.213108e+06 
6.857300e+03 2.827501e+07 1.702391e+06 
6.341800e+03 2.580716e+07 2.127989e+06 
7.746150e+03 3.248286e+07 1.276793e+06 
7.849600e+03 3.293258e+07 1.133115e+06 
6.774050e+03 2.772303e+07 1.787511e+06 
7.747500e+03 3.226148e+07 1.276793e+06 
6.495600e+03 2.700273e+07 1.957750e+06 
6.557100e+03 2.721823e+07 1.872630e+06 
6.354150e+03 2.569763e+07 2.383347e+06 
7.750850e+03 3.247692e+07 1.208656e+06 

8.014950e+03 3.305936e+07 1.106554e+06 
7.636400e+03 3.122172e+07 1.191674e+06 
6.813550e+03 2.812228e+07 1.872630e+06 
6.556250e+03 2.687892e+07 2.383347e+06 
7.309050e+03 3.044584e+07 1.617271e+06 
7.332100e+03 3.019670e+07 1.532152e+06 
6.702250e+03 2.761929e+07 1.957750e+06 
6.536250e+03 2.681380e+07 2.468467e+06 
6.607550e+03 2.692110e+07 2.298228e+06 
6.700150e+03 2.733608e+07 2.042869e+06 
7.425000e+03 3.048233e+07 1.447032e+06 
7.513400e+03 3.072785e+07 1.361913e+06 
7.288950e+03 2.997276e+07 1.702391e+06 
7.587550e+03 3.099269e+07 1.329992e+06 
7.328200e+03 3.002373e+07 1.617271e+06 
6.574750e+03 2.680552e+07 2.383347e+06 
7.324900e+03 2.996930e+07 1.702391e+06 
8.052100e+03 3.320365e+07 1.159753e+06 
6.587450e+03 2.694714e+07 2.298228e+06 
6.650650e+03 2.738345e+07 2.298228e+06 
7.471500e+03 3.078575e+07 1.415112e+06 
6.595050e+03 2.709336e+07 2.127989e+06 
6.539650e+03 2.673857e+07 2.553587e+06 
7.225350e+03 2.966042e+07 1.787511e+06 
8.069500e+03 3.305684e+07 9.837181e+05 

7.050800e+03 2.899365e+07 1.872630e+06 
8.092100e+03 3.353395e+07 1.447032e+06 
8.175450e+03 3.428667e+07 1.057574e+06 
8.050800e+03 3.368883e+07 1.208656e+06 
7.387600e+03 3.088666e+07 1.510820e+06 
6.491600e+03 2.693947e+07 2.553587e+06 
6.531600e+03 2.705337e+07 2.468467e+06 
7.045950e+03 2.897564e+07 2.042869e+06 
8.193750e+03 3.345122e+07 1.191674e+06 
6.500650e+03 2.719865e+07 2.468467e+06 
7.084200e+03 2.930390e+07 1.787511e+06 
6.990000e+03 2.913825e+07 2.042869e+06 
7.022100e+03 2.929421e+07 1.872630e+06 
8.162650e+03 3.370225e+07 1.191674e+06 
6.544800e+03 2.751118e+07 2.383347e+06 
7.495150e+03 3.083281e+07 1.532152e+06 
7.043400e+03 2.932867e+07 1.617271e+06 
6.989800e+03 2.921380e+07 1.957750e+06 
6.961500e+03 2.916422e+07 2.213108e+06 
6.590550e+03 2.727646e+07 2.383347e+06 
8.127850e+03 3.356442e+07 1.276793e+06 
7.044850e+03 2.914817e+07 1.957750e+06 
6.513100e+03 2.709511e+07 2.468467e+06 
7.365450e+03 3.073503e+07 1.586361e+06 
6.579500e+03 2.734280e+07 2.383347e+06 

