9.133100e+03 3.635060e+07 9.249854e+05 
8.685650e+03 3.447272e+07 9.345320e+05 
6.472350e+03 2.610887e+07 2.127989e+06 
6.549650e+03 2.695381e+07 1.957750e+06 
6.374700e+03 2.592430e+07 2.383347e+06 
6.326300e+03 2.587707e+07 2.553587e+06 
7.269000e+03 3.068304e+07 1.435279e+06 
6.532500e+03 2.703298e+07 1.957750e+06 
8.075150e+03 3.251499e+07 1.133115e+06 
7.991700e+03 3.223250e+07 1.191674e+06 
6.548950e+03 2.698891e+07 1.957750e+06 
7.785000e+03 3.247459e+07 1.208656e+06 
6.366950e+03 2.621862e+07 2.127989e+06 
8.239300e+03 3.312943e+07 1.057574e+06 
6.348750e+03 2.616539e+07 2.298228e+06 
8.553800e+03 3.584932e+07 9.363151e+05 
6.572650e+03 2.699153e+07 1.787511e+06 
7.275050e+03 3.061111e+07 1.435279e+06 
8.162350e+03 3.316060e+07 9.820330e+05 
8.082250e+03 3.317290e+07 1.106554e+06 
6.395100e+03 2.618566e+07 2.213108e+06 
7.730900e+03 3.117993e+07 1.244873e+06 
7.990250e+03 3.224871e+07 1.159753e+06 
7.881650e+03 3.174762e+07 1.208656e+06 
7.220950e+03 3.008513e+07 1.510820e+06 
7.101250e+03 2.957765e+07 1.617271e+06 
7.138500e+03 3.007366e+07 1.532152e+06 
7.940650e+03 3.224278e+07 1.191674e+06 
7.234150e+03 3.077998e+07 1.500231e+06 
8.414350e+03 3.397849e+07 9.426043e+05 
7.067600e+03 2.959090e+07 1.617271e+06 
8.155450e+03 3.324071e+07 1.057574e+06 
7.292900e+03 3.041257e+07 1.447032e+06 
8.160050e+03 3.318069e+07 1.021435e+06 
6.391450e+03 2.591269e+07 2.298228e+06 
7.633650e+03 3.114539e+07 1.329992e+06 
6.476850e+03 2.642184e+07 2.042869e+06 
6.570950e+03 2.710523e+07 1.872630e+06 
6.334350e+03 2.594417e+07 2.468467e+06 
7.239150e+03 3.020992e+07 1.500231e+06 
7.611300e+03 3.122139e+07 1.361913e+06 
8.131500e+03 3.297436e+07 1.106554e+06 
9.249650e+03 3.670258e+07 8.942892e+05 
6.401100e+03 2.614704e+07 2.213108e+06 
7.177900e+03 2.972104e+07 1.532152e+06 
7.139350e+03 2.978416e+07 1.532152e+06 
7.622900e+03 3.103561e+07 1.361913e+06 
7.700450e+03 3.127969e+07 1.276793e+06 
7.324800e+03 3.035422e+07 1.435279e+06 
7.144250e+03 2.975461e+07 1.532152e+06 

