9.707350e+03 3.702135e+07 1.617271e+06 
9.482400e+03 3.922522e+07 1.276793e+06 
1.016570e+04 3.842726e+07 1.021435e+06 
8.539600e+03 3.690431e+07 1.670470e+06 
9.296850e+03 3.832754e+07 1.284197e+06 
1.012835e+04 4.049882e+07 9.390032e+05 
9.734900e+03 3.980409e+07 1.021435e+06 
1.052910e+04 3.995218e+07 1.106554e+06 
9.668800e+03 4.190975e+07 1.191674e+06 
1.021245e+04 4.268953e+07 1.057574e+06 
9.725250e+03 4.145979e+07 1.284197e+06 
9.473150e+03 3.938248e+07 1.361913e+06 
9.913650e+03 4.039508e+07 1.574712e+06 
1.097465e+04 4.429790e+07 1.329522e+06 
8.895800e+03 3.708836e+07 1.627911e+06 
9.783750e+03 4.044512e+07 1.027358e+06 
9.806100e+03 3.954274e+07 1.276793e+06 
9.753900e+03 3.963246e+07 1.284197e+06 
9.367350e+03 3.937416e+07 1.284197e+06 
1.000130e+04 4.178674e+07 1.208656e+06 
1.092435e+04 4.509302e+07 1.208656e+06 
9.558700e+03 3.712247e+07 1.178440e+06 
9.884050e+03 4.251571e+07 1.021435e+06 
1.089320e+04 4.155656e+07 8.721289e+05 
9.471750e+03 3.843909e+07 1.284197e+06 

1.038470e+04 4.217416e+07 1.178440e+06 
1.003510e+04 4.144255e+07 1.405063e+06 
9.531600e+03 3.778913e+07 1.276793e+06 
9.942250e+03 4.159764e+07 1.298072e+06 
1.031275e+04 3.992772e+07 1.435279e+06 
1.029665e+04 4.233580e+07 1.361913e+06 
9.489650e+03 4.023640e+07 1.500231e+06 
1.040055e+04 4.233123e+07 1.057574e+06 
9.659000e+03 4.160678e+07 1.500231e+06 
9.873150e+03 4.067375e+07 1.670470e+06 
9.439500e+03 3.887597e+07 1.037375e+06 
9.871050e+03 4.141531e+07 1.149114e+06 
9.517600e+03 4.081889e+07 1.374847e+06 
9.451150e+03 3.994394e+07 1.617271e+06 
9.867900e+03 3.842973e+07 1.133115e+06 
9.597300e+03 3.935161e+07 1.525929e+06 
1.050065e+04 4.591775e+07 1.359738e+06 
1.013205e+04 4.046893e+07 1.617271e+06 
9.580250e+03 4.038614e+07 1.405063e+06 
9.206600e+03 3.652744e+07 1.415112e+06 
9.643250e+03 4.023431e+07 1.318216e+06 
1.061740e+04 4.214582e+07 9.064920e+05 
1.001530e+04 4.104804e+07 1.585351e+06 
9.603350e+03 3.922604e+07 1.284197e+06 
1.029610e+04 4.151371e+07 1.253981e+06 

1.023460e+04 4.085623e+07 1.021435e+06 
9.991550e+03 4.208101e+07 1.208656e+06 
1.033295e+04 4.120189e+07 1.191674e+06 
9.107350e+03 4.195675e+07 1.447032e+06 
1.071345e+04 4.160739e+07 9.820330e+05 
1.079145e+04 4.211288e+07 1.057574e+06 
9.795150e+03 4.161943e+07 1.159753e+06 
1.011780e+04 4.105679e+07 1.027358e+06 
9.499600e+03 3.980498e+07 1.106554e+06 
9.603850e+03 3.945467e+07 1.405063e+06 
9.879850e+03 3.909624e+07 1.133115e+06 
1.074000e+04 4.318572e+07 1.106554e+06 
1.053920e+04 4.550067e+07 1.318216e+06 
1.001590e+04 3.909162e+07 1.276793e+06 
9.568200e+03 3.796572e+07 1.208656e+06 
9.947000e+03 4.192510e+07 1.027358e+06 
9.165850e+03 3.751732e+07 1.405063e+06 
1.018890e+04 4.319904e+07 1.208656e+06 
9.168700e+03 3.899546e+07 1.284197e+06 
9.615350e+03 3.986992e+07 1.359738e+06 
1.056140e+04 4.293354e+07 1.276793e+06 
9.678000e+03 4.044634e+07 1.191674e+06 
1.008755e+04 4.341404e+07 9.665556e+05 
9.674600e+03 3.830613e+07 1.191674e+06 
9.556900e+03 3.902178e+07 1.755590e+06 

9.749950e+03 4.298709e+07 1.299306e+06 
9.373750e+03 3.929308e+07 1.133115e+06 
1.031590e+04 4.308844e+07 1.542791e+06 
9.656350e+03 3.880385e+07 9.363151e+05 
9.203250e+03 3.964666e+07 1.415112e+06 
9.350100e+03 3.892473e+07 1.447032e+06 
9.149650e+03 3.806361e+07 1.404473e+06 
9.793400e+03 3.967234e+07 1.042466e+06 
1.014685e+04 4.211316e+07 1.191674e+06 
1.078325e+04 4.360647e+07 1.208656e+06 
9.593450e+03 4.176224e+07 1.638550e+06 
9.090100e+03 3.906759e+07 1.447032e+06 
1.151170e+04 4.595287e+07 1.057574e+06 
9.660450e+03 4.156818e+07 1.383191e+06 
9.723200e+03 3.953782e+07 1.361913e+06 
9.505550e+03 4.128928e+07 1.500231e+06 
9.763750e+03 4.020279e+07 1.284197e+06 
9.830150e+03 3.901341e+07 1.191674e+06 
9.943850e+03 4.206149e+07 1.532152e+06 
8.723700e+03 3.692057e+07 1.532152e+06 
8.792650e+03 3.904489e+07 1.027358e+06 
1.042295e+04 4.155707e+07 1.405063e+06 
9.378300e+03 3.890821e+07 9.211174e+05 
9.762200e+03 4.040944e+07 1.702391e+06 
9.378100e+03 3.884650e+07 1.133115e+06 

9.948450e+03 4.072495e+07 1.191674e+06 
9.873750e+03 4.068935e+07 1.480604e+06 
1.011720e+04 4.126752e+07 1.106554e+06 
9.264250e+03 3.755726e+07 1.276793e+06 
1.040470e+04 4.492300e+07 1.102899e+06 
9.926500e+03 4.016580e+07 1.133115e+06 
1.035215e+04 4.566488e+07 1.757621e+06 
9.016850e+03 4.103949e+07 1.329992e+06 
9.020100e+03 3.802356e+07 1.284197e+06 
1.001510e+04 4.003471e+07 1.404473e+06 
1.102540e+04 4.663372e+07 1.318216e+06 
1.012095e+04 4.231979e+07 1.415112e+06 
9.457000e+03 4.015235e+07 1.374847e+06 
1.012975e+04 4.292030e+07 1.191674e+06 
9.721950e+03 3.966573e+07 1.191674e+06 
1.031090e+04 4.288091e+07 1.253981e+06 
9.709000e+03 3.972547e+07 1.359738e+06 
1.035935e+04 4.119459e+07 1.191674e+06 
9.842200e+03 4.178278e+07 1.585351e+06 
1.028955e+04 4.002854e+07 1.208656e+06 
1.061470e+04 4.154871e+07 1.133115e+06 
1.001770e+04 4.030043e+07 1.057574e+06 
9.514350e+03 3.974291e+07 1.208656e+06 
9.587200e+03 4.107128e+07 1.319353e+06 
9.548300e+03 3.911885e+07 1.027358e+06 

9.055550e+03 3.705480e+07 1.447032e+06 
9.741050e+03 4.074664e+07 1.191674e+06 
1.013875e+04 3.934100e+07 1.361913e+06 
1.002060e+04 3.852762e+07 1.359738e+06 
9.655300e+03 3.881968e+07 1.284197e+06 
9.839500e+03 4.045695e+07 1.532152e+06 
9.871150e+03 4.076959e+07 1.359738e+06 
1.019655e+04 4.184159e+07 1.276793e+06 
9.746850e+03 3.997894e+07 1.208656e+06 
9.118350e+03 3.921553e+07 1.631686e+06 
9.016100e+03 3.819601e+07 1.702391e+06 
9.911500e+03 3.940557e+07 1.276793e+06 
1.023825e+04 4.276367e+07 9.043945e+05 
9.699350e+03 4.453787e+07 1.374847e+06 
9.125000e+03 3.718181e+07 1.106554e+06 
1.096490e+04 4.320274e+07 1.106554e+06 
1.103615e+04 4.327297e+07 1.049491e+06 
9.957750e+03 4.171144e+07 1.329992e+06 
9.608300e+03 4.229988e+07 1.133115e+06 
1.035025e+04 4.361962e+07 1.359738e+06 
9.407100e+03 3.802734e+07 1.415112e+06 
9.491500e+03 4.044540e+07 1.359738e+06 
1.032880e+04 4.379055e+07 1.318216e+06 
9.709150e+03 4.048375e+07 1.447032e+06 
1.000025e+04 4.075211e+07 1.359738e+06 

9.768500e+03 3.884912e+07 9.820330e+05 
1.125570e+04 4.284426e+07 9.064920e+05 
1.032610e+04 4.403109e+07 1.253981e+06 
1.127810e+04 4.594577e+07 1.074634e+06 
9.671800e+03 3.985141e+07 9.820330e+05 
9.287350e+03 3.677029e+07 1.208656e+06 
8.997850e+03 3.856126e+07 1.329522e+06 
9.702900e+03 4.102608e+07 1.284197e+06 
1.046285e+04 4.578560e+07 1.318216e+06 
8.967500e+03 3.564675e+07 1.415112e+06 
9.930000e+03 3.888650e+07 1.106554e+06 
1.003285e+04 4.329788e+07 1.318216e+06 
8.630050e+03 3.628066e+07 1.284197e+06 
9.881350e+03 4.098058e+07 1.090473e+06 
9.380850e+03 3.938402e+07 1.361913e+06 
9.877950e+03 3.955898e+07 1.276793e+06 
9.608650e+03 4.037536e+07 1.361913e+06 
1.018025e+04 4.301342e+07 1.133115e+06 
1.072365e+04 4.270865e+07 1.284197e+06 
9.653600e+03 4.032923e+07 1.415112e+06 
1.036490e+04 4.045439e+07 1.159753e+06 
9.846550e+03 3.848087e+07 1.284197e+06 
9.054600e+03 4.161660e+07 1.276793e+06 
9.732900e+03 3.960077e+07 1.276793e+06 
9.670750e+03 4.156550e+07 1.276793e+06 

1.032170e+04 4.211966e+07 1.063994e+06 
9.711600e+03 3.987221e+07 1.253981e+06 
1.026010e+04 4.490108e+07 1.276793e+06 
1.013315e+04 4.252866e+07 9.895141e+05 
9.836000e+03 3.988212e+07 1.133115e+06 
9.348350e+03 3.812496e+07 1.159753e+06 
9.722100e+03 4.249940e+07 1.106554e+06 
9.662300e+03 3.812229e+07 1.361913e+06 
9.210150e+03 4.110012e+07 1.702391e+06 
1.001695e+04 3.954007e+07 1.106554e+06 
9.953650e+03 4.084279e+07 1.447032e+06 
1.078360e+04 4.368764e+07 1.159753e+06 
1.086120e+04 4.380644e+07 9.064920e+05 
9.516600e+03 4.143204e+07 1.284197e+06 
1.039955e+04 4.337687e+07 1.191674e+06 
1.036920e+04 4.135416e+07 1.276793e+06 
9.336400e+03 3.845694e+07 1.532152e+06 
1.063350e+04 4.419563e+07 1.102899e+06 
1.066385e+04 4.497073e+07 1.057574e+06 
1.023270e+04 4.321751e+07 9.820330e+05 
9.399750e+03 3.934024e+07 1.361913e+06 
9.626950e+03 4.017442e+07 1.447032e+06 
1.086205e+04 4.371871e+07 1.191674e+06 
9.953200e+03 4.152812e+07 1.361913e+06 
9.542350e+03 4.057738e+07 1.276793e+06 

9.748600e+03 4.264672e+07 1.288741e+06 
9.555050e+03 4.127183e+07 1.405063e+06 
9.777350e+03 4.104583e+07 1.447032e+06 
9.366400e+03 3.934065e+07 1.208656e+06 
1.036930e+04 4.064952e+07 1.276793e+06 
9.799000e+03 4.117285e+07 1.556145e+06 
1.012660e+04 4.233586e+07 1.253981e+06 
9.593650e+03 4.009399e+07 1.191674e+06 
1.028845e+04 4.615659e+07 1.363092e+06 
1.060355e+04 4.373631e+07 1.074634e+06 
9.543650e+03 4.083764e+07 1.133115e+06 
9.911700e+03 4.101859e+07 1.208656e+06 
1.030460e+04 4.178925e+07 1.361913e+06 
1.008785e+04 3.879756e+07 1.329992e+06 
1.039815e+04 4.343607e+07 9.820330e+05 
9.034800e+03 3.768386e+07 1.149114e+06 
1.007705e+04 4.526016e+07 1.318216e+06 
1.090825e+04 4.180133e+07 1.208656e+06 
1.004275e+04 4.228694e+07 1.670470e+06 
9.950150e+03 4.165306e+07 1.021435e+06 
1.000255e+04 3.831757e+07 1.329992e+06 
9.546150e+03 3.984242e+07 1.415112e+06 
1.059395e+04 4.531432e+07 8.922064e+05 
1.015585e+04 4.190989e+07 1.062621e+06 
9.105400e+03 3.858967e+07 1.319353e+06 

1.030725e+04 4.076968e+07 1.210894e+06 
9.859050e+03 4.024899e+07 1.532152e+06 
9.320200e+03 3.738118e+07 1.617271e+06 
9.770550e+03 4.023551e+07 1.212952e+06 
1.061830e+04 4.195177e+07 1.435279e+06 
1.070140e+04 4.364228e+07 1.361913e+06 
1.050155e+04 4.226792e+07 1.191674e+06 
9.791000e+03 3.932901e+07 1.435279e+06 
1.057195e+04 4.240007e+07 1.276793e+06 
9.533550e+03 3.841659e+07 1.193548e+06 
9.922200e+03 4.298816e+07 1.532152e+06 
1.056540e+04 4.096851e+07 1.208656e+06 
9.868550e+03 4.347107e+07 1.318216e+06 
9.821200e+03 4.139565e+07 1.276793e+06 
1.114965e+04 4.413080e+07 1.133115e+06 
9.392400e+03 4.085212e+07 1.361913e+06 
9.673500e+03 3.750217e+07 1.065936e+06 
1.002990e+04 4.170221e+07 1.495712e+06 
8.918500e+03 3.722454e+07 1.361913e+06 
9.833100e+03 3.998313e+07 1.329992e+06 
9.975800e+03 4.014058e+07 1.191674e+06 
1.030110e+04 4.360327e+07 1.787511e+06 
9.107750e+03 3.757917e+07 1.532152e+06 
9.234350e+03 3.906929e+07 1.840710e+06 
1.009270e+04 4.252044e+07 1.585351e+06 

