7.098150e+03 2.920533e+07 2.000309e+06 
7.980350e+03 3.210793e+07 1.361913e+06 
8.236450e+03 3.283876e+07 1.057574e+06 
6.352050e+03 2.635422e+07 2.298228e+06 
6.341200e+03 2.639286e+07 2.298228e+06 
6.347800e+03 2.624615e+07 2.468467e+06 
8.146300e+03 3.317797e+07 1.191674e+06 
6.449650e+03 2.648052e+07 2.213108e+06 
6.442350e+03 2.653565e+07 2.213108e+06 
6.341650e+03 2.625749e+07 2.383347e+06 
8.151000e+03 3.286427e+07 1.208656e+06 
8.146550e+03 3.309955e+07 1.191674e+06 
6.533150e+03 2.653690e+07 2.127989e+06 
7.686600e+03 3.075891e+07 1.532152e+06 
7.084650e+03 2.921785e+07 1.915190e+06 
7.097850e+03 2.918118e+07 2.085429e+06 
6.522250e+03 2.664163e+07 2.127989e+06 
6.358450e+03 2.632844e+07 2.298228e+06 
8.162800e+03 3.273777e+07 1.133115e+06 
7.710750e+03 3.099450e+07 1.447032e+06 
7.725400e+03 3.089833e+07 1.447032e+06 
7.666300e+03 3.092546e+07 1.585351e+06 
7.253700e+03 3.009718e+07 1.744951e+06 
8.193550e+03 3.270631e+07 1.208656e+06 
8.048000e+03 3.259519e+07 1.276793e+06 

7.937200e+03 3.264746e+07 1.106554e+06 
7.985800e+03 3.249608e+07 1.106554e+06 
7.201350e+03 3.075430e+07 1.617271e+06 
6.645100e+03 2.756723e+07 1.957750e+06 
7.556150e+03 3.206148e+07 1.276793e+06 
7.254700e+03 3.105679e+07 1.532152e+06 
7.694900e+03 3.184280e+07 1.191674e+06 
6.784400e+03 2.841367e+07 1.787511e+06 
6.717750e+03 2.746752e+07 2.042869e+06 
7.499300e+03 3.104265e+07 1.447032e+06 
6.723400e+03 2.803269e+07 1.872630e+06 
7.521450e+03 3.091829e+07 1.361913e+06 
7.692650e+03 3.222556e+07 1.191674e+06 
7.564150e+03 3.132962e+07 1.276793e+06 
8.008400e+03 3.273369e+07 1.037375e+06 
6.620300e+03 2.740193e+07 2.213108e+06 
6.790000e+03 2.816990e+07 1.787511e+06 
7.444650e+03 3.124781e+07 1.447032e+06 
6.643100e+03 2.746282e+07 2.127989e+06 
7.447300e+03 3.115474e+07 1.447032e+06 
7.372500e+03 3.154750e+07 1.447032e+06 
7.746700e+03 3.193579e+07 1.133115e+06 
7.210250e+03 3.064129e+07 1.702391e+06 
6.723550e+03 2.768869e+07 1.872630e+06 
6.631800e+03 2.763419e+07 2.127989e+06 

6.934350e+03 2.866947e+07 1.787511e+06 
7.943800e+03 3.257563e+07 1.133115e+06 
7.743450e+03 3.206425e+07 1.284197e+06 
6.854150e+03 2.794291e+07 2.042869e+06 
6.836750e+03 2.830676e+07 2.042869e+06 
6.877650e+03 2.843995e+07 1.872630e+06 
7.720450e+03 3.101324e+07 1.532152e+06 
6.605650e+03 2.718276e+07 2.213108e+06 
7.685950e+03 3.149864e+07 1.361913e+06 
7.930100e+03 3.171463e+07 1.208656e+06 
7.818950e+03 3.192751e+07 1.276793e+06 
7.709450e+03 3.151928e+07 1.359738e+06 
6.802200e+03 2.786917e+07 2.127989e+06 
6.826800e+03 2.766117e+07 2.127989e+06 
7.561100e+03 3.091736e+07 1.585351e+06 
6.820900e+03 2.779927e+07 2.127989e+06 
6.554300e+03 2.697528e+07 2.298228e+06 
7.761900e+03 3.141146e+07 1.361913e+06 
7.979500e+03 3.200790e+07 1.191674e+06 
8.249500e+03 3.374643e+07 1.057574e+06 
6.675450e+03 2.745924e+07 2.298228e+06 
6.876400e+03 2.804365e+07 2.213108e+06 
7.797250e+03 3.164333e+07 1.284197e+06 
8.212350e+03 3.325558e+07 1.057574e+06 
7.608800e+03 3.109199e+07 1.447032e+06 

7.243700e+03 3.022492e+07 1.435279e+06 
8.061750e+03 3.325765e+07 1.021435e+06 
7.593500e+03 3.131645e+07 1.361913e+06 
7.964300e+03 3.330333e+07 1.106554e+06 
8.042350e+03 3.345644e+07 1.074634e+06 
7.100750e+03 3.004066e+07 1.532152e+06 
7.531500e+03 3.163943e+07 1.329992e+06 
7.030300e+03 2.930702e+07 1.702391e+06 
7.476850e+03 3.131778e+07 1.361913e+06 
6.453800e+03 2.666985e+07 2.468467e+06 
6.469250e+03 2.658951e+07 2.468467e+06 
7.121350e+03 2.980641e+07 1.532152e+06 
7.679850e+03 3.174001e+07 1.159753e+06 
7.128900e+03 2.994419e+07 1.447032e+06 
6.973700e+03 2.921272e+07 1.872630e+06 
7.508350e+03 3.169420e+07 1.276793e+06 
8.000100e+03 3.353052e+07 1.074634e+06 
7.460000e+03 3.110364e+07 1.415112e+06 
7.546850e+03 3.143059e+07 1.208656e+06 
7.014650e+03 2.928907e+07 1.787511e+06 
7.551400e+03 3.174681e+07 1.133115e+06 
7.065400e+03 2.957935e+07 1.617271e+06 
7.111350e+03 2.951884e+07 1.617271e+06 
8.249750e+03 3.411351e+07 1.021435e+06 
6.575400e+03 2.686650e+07 2.553587e+06 

7.240350e+03 2.984084e+07 1.585351e+06 
6.875200e+03 2.847992e+07 1.957750e+06 
6.758650e+03 2.788885e+07 2.127989e+06 
8.318450e+03 3.417321e+07 9.820330e+05 
8.207150e+03 3.418227e+07 1.057574e+06 
6.869300e+03 2.853311e+07 1.957750e+06 
7.893600e+03 3.196789e+07 1.319353e+06 
7.216400e+03 2.974568e+07 1.617271e+06 
7.839200e+03 3.172078e+07 1.489592e+06 
6.923850e+03 2.852118e+07 1.872630e+06 
8.271050e+03 3.405819e+07 1.106554e+06 
6.887300e+03 2.812841e+07 2.042869e+06 
8.151500e+03 3.369307e+07 1.149114e+06 
6.791350e+03 2.830569e+07 2.042869e+06 
7.846250e+03 3.229649e+07 1.319353e+06 
6.846700e+03 2.828520e+07 2.042869e+06 
6.936350e+03 2.846569e+07 1.957750e+06 
7.829200e+03 3.266789e+07 1.404473e+06 
7.917000e+03 3.195686e+07 1.404473e+06 
6.913800e+03 2.872223e+07 1.872630e+06 
8.279050e+03 3.407349e+07 1.021435e+06 
8.327900e+03 3.435748e+07 1.021435e+06 
7.769650e+03 3.234629e+07 1.489592e+06 
7.695200e+03 3.191538e+07 1.574712e+06 
6.698700e+03 2.766684e+07 2.468467e+06 

8.402900e+03 3.476468e+07 1.021435e+06 
8.290750e+03 3.438365e+07 1.191674e+06 
7.505300e+03 3.169377e+07 1.361913e+06 
7.992900e+03 3.340077e+07 1.276793e+06 
6.885800e+03 2.864003e+07 1.787511e+06 
6.618800e+03 2.735338e+07 2.383347e+06 
6.629400e+03 2.723096e+07 2.383347e+06 
7.403550e+03 3.126503e+07 1.532152e+06 
8.255300e+03 3.461098e+07 1.133115e+06 
6.860850e+03 2.875668e+07 2.181188e+06 
8.149700e+03 3.438824e+07 1.191674e+06 
8.387200e+03 3.493434e+07 1.191674e+06 
6.628800e+03 2.730910e+07 2.383347e+06 
8.331850e+03 3.453710e+07 1.106554e+06 
8.307350e+03 3.487861e+07 1.021435e+06 
6.875850e+03 2.829549e+07 1.872630e+06 
6.941600e+03 2.863335e+07 1.702391e+06 
6.937100e+03 2.858807e+07 1.787511e+06 
6.924500e+03 2.859533e+07 1.787511e+06 
6.657100e+03 2.731540e+07 2.298228e+06 
7.454400e+03 3.154681e+07 1.447032e+06 
6.868150e+03 2.861389e+07 2.127989e+06 
8.105150e+03 3.405977e+07 1.244873e+06 
6.628500e+03 2.725424e+07 2.425907e+06 
6.802150e+03 2.832708e+07 2.213108e+06 

7.265900e+03 3.068609e+07 1.532152e+06 
7.238050e+03 2.926110e+07 1.659831e+06 
7.125800e+03 2.965094e+07 1.617271e+06 
6.736050e+03 2.777115e+07 1.787511e+06 
8.114250e+03 3.461460e+07 1.133115e+06 
8.088100e+03 3.464807e+07 1.234234e+06 
7.135150e+03 2.975650e+07 1.586361e+06 
7.311350e+03 3.072310e+07 1.447032e+06 
6.690050e+03 2.745553e+07 1.957750e+06 
6.718700e+03 2.798161e+07 1.787511e+06 
8.157800e+03 3.399944e+07 1.133115e+06 
7.321400e+03 3.095567e+07 1.359738e+06 
6.682150e+03 2.738630e+07 2.127989e+06 
6.685050e+03 2.731729e+07 2.127989e+06 
6.493900e+03 2.649919e+07 2.383347e+06 
6.676750e+03 2.764633e+07 2.042869e+06 
7.040500e+03 2.935187e+07 1.744951e+06 
7.333950e+03 3.084801e+07 1.361913e+06 
7.109950e+03 2.947899e+07 1.659831e+06 
7.216650e+03 2.936413e+07 1.574712e+06 
7.346850e+03 3.071563e+07 1.447032e+06 
6.506250e+03 2.665322e+07 2.298228e+06 
7.110750e+03 2.976301e+07 1.586361e+06 
6.684650e+03 2.755407e+07 2.042869e+06 
6.661850e+03 2.751801e+07 2.127989e+06 

7.282150e+03 3.039306e+07 1.510820e+06 
8.064150e+03 3.318397e+07 1.074634e+06 
7.067750e+03 2.948342e+07 1.702391e+06 
6.501150e+03 2.675630e+07 2.298228e+06 
7.051350e+03 2.951673e+07 1.617271e+06 
8.000550e+03 3.328890e+07 1.021435e+06 
7.626650e+03 3.153555e+07 1.361913e+06 
6.534150e+03 2.649924e+07 2.468467e+06 
6.492200e+03 2.697867e+07 2.298228e+06 
6.863500e+03 2.862025e+07 2.255668e+06 
7.201850e+03 2.995659e+07 1.532152e+06 
8.047500e+03 3.334731e+07 9.837181e+05 
6.907350e+03 2.857163e+07 2.255668e+06 
6.969250e+03 2.874947e+07 1.957750e+06 
7.103400e+03 3.002847e+07 1.586361e+06 
6.435550e+03 2.668222e+07 2.383347e+06 
7.294550e+03 3.021086e+07 1.510820e+06 
6.868000e+03 2.880513e+07 2.085429e+06 
6.495250e+03 2.664270e+07 2.383347e+06 
7.931250e+03 3.300505e+07 1.191674e+06 
7.896050e+03 3.307478e+07 1.106554e+06 
7.966350e+03 3.284778e+07 1.159753e+06 
6.484950e+03 2.667351e+07 2.468467e+06 
7.163750e+03 2.995872e+07 1.532152e+06 
6.873750e+03 2.860828e+07 2.255668e+06 

7.797550e+03 3.309759e+07 1.276793e+06 
7.045550e+03 2.960474e+07 1.447032e+06 
6.985300e+03 2.925859e+07 1.617271e+06 
6.664800e+03 2.799639e+07 2.383347e+06 
6.824650e+03 2.879379e+07 2.042869e+06 
7.011450e+03 2.972433e+07 1.532152e+06 
7.526700e+03 3.199976e+07 1.361913e+06 
6.913400e+03 2.897873e+07 1.872630e+06 
7.905000e+03 3.275637e+07 1.208656e+06 
7.878700e+03 3.317160e+07 1.208656e+06 
7.708500e+03 3.217958e+07 1.284197e+06 
7.027700e+03 2.958259e+07 1.872630e+06 
8.216950e+03 3.437568e+07 1.074634e+06 
6.951600e+03 2.908726e+07 1.702391e+06 
7.630000e+03 3.212702e+07 1.359738e+06 
6.723900e+03 2.807435e+07 2.298228e+06 
7.457150e+03 3.159802e+07 1.435279e+06 
6.888300e+03 2.907248e+07 1.957750e+06 
7.490100e+03 3.212019e+07 1.532152e+06 
6.820000e+03 2.883340e+07 2.127989e+06 
8.565300e+03 3.561569e+07 1.159753e+06 
7.863200e+03 3.265762e+07 1.276793e+06 
7.612250e+03 3.186818e+07 1.361913e+06 
7.673300e+03 3.247221e+07 1.435279e+06 
6.778300e+03 2.860177e+07 2.127989e+06 

7.222950e+03 2.950744e+07 1.361913e+06 
7.532800e+03 3.040814e+07 1.276793e+06 
8.136050e+03 3.296946e+07 1.030698e+06 
6.799650e+03 2.842242e+07 1.787511e+06 
6.390600e+03 2.616054e+07 2.383347e+06 
6.477150e+03 2.619418e+07 2.298228e+06 
7.314200e+03 2.966081e+07 1.284197e+06 
7.635200e+03 3.085969e+07 1.133115e+06 
7.175550e+03 2.923443e+07 1.532152e+06 
7.245000e+03 2.944376e+07 1.447032e+06 
7.564500e+03 3.063673e+07 1.191674e+06 
6.391950e+03 2.621325e+07 2.298228e+06 
6.517850e+03 2.672019e+07 1.957750e+06 
6.509900e+03 2.673245e+07 2.042869e+06 
6.461500e+03 2.641051e+07 2.213108e+06 
6.934700e+03 2.890702e+07 1.702391e+06 
7.145650e+03 2.917995e+07 1.617271e+06 
6.505300e+03 2.677091e+07 2.042869e+06 
6.544250e+03 2.656321e+07 2.127989e+06 
6.750000e+03 2.820804e+07 1.872630e+06 
6.510700e+03 2.639389e+07 2.042869e+06 
7.184200e+03 2.921641e+07 1.489592e+06 
6.502550e+03 2.615732e+07 2.298228e+06 
6.480550e+03 2.638390e+07 2.127989e+06 
8.436150e+03 3.396950e+07 1.106554e+06 

