2.158350e+03 8.737240e+06 4.532460e+05 
2.243950e+03 9.375121e+06 3.404782e+05 
2.091450e+03 8.453120e+06 5.958369e+05 
2.162950e+03 8.968174e+06 4.255978e+05 
2.027500e+03 8.244113e+06 8.511955e+05 
2.298050e+03 9.601957e+06 3.398299e+05 
2.048100e+03 8.234040e+06 6.809564e+05 
2.833050e+03 1.162380e+07 3.040583e+05 
2.028300e+03 8.248384e+06 8.511955e+05 
2.022650e+03 8.259464e+06 8.511955e+05 
2.189100e+03 9.051237e+06 3.777050e+05 
2.092100e+03 8.502663e+06 5.958369e+05 
2.028450e+03 8.238702e+06 8.511955e+05 
2.148150e+03 8.807668e+06 4.532460e+05 
2.136000e+03 8.799978e+06 5.107173e+05 
2.027500e+03 8.244113e+06 8.511955e+05 
2.137650e+03 8.640471e+06 5.107173e+05 
2.034650e+03 8.197719e+06 7.660760e+05 
2.054100e+03 8.339513e+06 6.809564e+05 
2.800450e+03 1.157820e+07 3.040583e+05 
2.036650e+03 8.208397e+06 7.660760e+05 
2.031550e+03 8.211930e+06 7.660760e+05 
2.030050e+03 8.244040e+06 8.511955e+05 
2.054650e+03 8.264478e+06 6.809564e+05 
2.239950e+03 9.466357e+06 3.404782e+05 
2.024600e+03 8.259392e+06 8.511955e+05 
2.226200e+03 9.248237e+06 3.404782e+05 
2.023600e+03 8.254053e+06 8.511955e+05 
2.031150e+03 8.206590e+06 7.660760e+05 
2.137250e+03 8.617768e+06 5.107173e+05 
2.092600e+03 8.436366e+06 5.958369e+05 
2.304550e+03 9.717665e+06 3.398299e+05 
2.164900e+03 8.971307e+06 4.255978e+05 
2.153700e+03 8.812845e+06 4.532460e+05 
2.095500e+03 8.451618e+06 5.958369e+05 
2.025750e+03 8.255049e+06 8.511955e+05 
2.031400e+03 8.216005e+06 7.660760e+05 
2.304150e+03 9.590581e+06 3.398299e+05 
2.029400e+03 8.210934e+06 7.660760e+05 
2.190550e+03 9.079187e+06 3.777050e+05 
2.037850e+03 8.203058e+06 7.660760e+05 
2.811550e+03 1.167744e+07 3.085577e+05 
2.023600e+03 8.254053e+06 8.511955e+05 
2.180050e+03 9.106236e+06 3.777050e+05 
2.029600e+03 8.208569e+06 7.660760e+05 
2.024550e+03 8.248642e+06 8.511955e+05 
2.139950e+03 8.625843e+06 5.107173e+05 
2.170250e+03 8.751990e+06 4.532460e+05 
2.814750e+03 1.165413e+07 3.040583e+05 
2.148000e+03 8.810428e+06 4.532460e+05 

2.143850e+03 8.644869e+06 5.107173e+05 
2.499650e+03 9.851173e+06 3.219441e+05 
2.013600e+03 8.162789e+06 8.511955e+05 
2.013600e+03 8.162789e+06 8.511955e+05 
2.139100e+03 8.752037e+06 5.107173e+05 
2.348500e+03 9.609048e+06 3.777050e+05 
2.015350e+03 8.161650e+06 8.511955e+05 
2.460550e+03 9.965887e+06 3.219441e+05 
2.164350e+03 8.798936e+06 4.532460e+05 
2.102500e+03 8.478334e+06 5.287870e+05 
2.452350e+03 9.841379e+06 3.404782e+05 
2.147800e+03 8.605923e+06 5.107173e+05 
2.456850e+03 9.846213e+06 3.404782e+05 
2.109200e+03 8.515440e+06 5.287870e+05 
2.358500e+03 9.987779e+06 3.756015e+05 
2.014550e+03 8.157378e+06 8.511955e+05 
2.140000e+03 8.584080e+06 5.107173e+05 
2.350100e+03 9.950885e+06 3.777050e+05 
2.485850e+03 1.006613e+07 3.219441e+05 
2.014000e+03 8.162827e+06 8.511955e+05 
2.014550e+03 8.157378e+06 8.511955e+05 
2.468750e+03 9.844524e+06 3.404782e+05 
2.037850e+03 8.225032e+06 5.958369e+05 
2.013600e+03 8.162789e+06 8.511955e+05 
2.374000e+03 1.012424e+07 3.756015e+05 
2.013600e+03 8.162789e+06 8.511955e+05 
2.039550e+03 8.398873e+06 6.809564e+05 
2.112450e+03 8.508826e+06 5.287870e+05 
2.042650e+03 8.201739e+06 6.809564e+05 
2.360000e+03 9.679799e+06 3.777050e+05 
2.016850e+03 8.126336e+06 7.660760e+05 
2.156050e+03 8.808784e+06 4.532460e+05 
2.180050e+03 8.896387e+06 4.255978e+05 
2.015100e+03 8.127475e+06 7.660760e+05 
2.013600e+03 8.162789e+06 8.511955e+05 
2.174950e+03 8.869262e+06 4.255978e+05 
2.038650e+03 8.188172e+06 6.809564e+05 
2.149600e+03 8.829771e+06 4.532460e+05 
2.350300e+03 9.698535e+06 3.777050e+05 
2.041700e+03 8.253400e+06 5.958369e+05 
2.013600e+03 8.162789e+06 8.511955e+05 
2.103350e+03 8.474830e+06 5.287870e+05 
2.017950e+03 8.101446e+06 7.660760e+05 
2.162750e+03 8.792765e+06 4.532460e+05 
2.509100e+03 9.953602e+06 3.219441e+05 
2.016100e+03 8.132814e+06 7.660760e+05 
2.015650e+03 8.119929e+06 7.660760e+05 
2.162450e+03 8.823446e+06 4.532460e+05 
2.376900e+03 1.004715e+07 3.756015e+05 
2.104750e+03 8.599440e+06 5.287870e+05 

2.125100e+03 8.482759e+06 5.107173e+05 
2.103050e+03 8.483796e+06 6.809564e+05 
2.857350e+03 1.103540e+07 3.040583e+05 
2.024400e+03 8.193387e+06 8.511955e+05 
2.889300e+03 1.100091e+07 3.040583e+05 
2.437200e+03 1.001728e+07 3.479703e+05 
2.843600e+03 1.102214e+07 3.040583e+05 
2.022650e+03 8.197274e+06 8.511955e+05 
2.440600e+03 9.880487e+06 3.479703e+05 
2.385050e+03 9.664347e+06 3.777050e+05 
2.028750e+03 8.179368e+06 7.660760e+05 
2.114850e+03 8.573800e+06 5.958369e+05 
2.913200e+03 1.101006e+07 3.040583e+05 
2.664350e+03 1.053719e+07 3.404782e+05 
2.384600e+03 9.663097e+06 3.876121e+05 
2.651600e+03 1.046080e+07 3.259473e+05 
2.021250e+03 8.191268e+06 8.511955e+05 
2.029450e+03 8.235048e+06 8.511955e+05 
2.117850e+03 8.498350e+06 5.958369e+05 
2.031150e+03 8.189664e+06 7.660760e+05 
2.114750e+03 8.541664e+06 5.958369e+05 
2.105550e+03 8.492377e+06 6.809564e+05 
2.655350e+03 1.037992e+07 3.404782e+05 
2.173100e+03 8.790712e+06 4.255978e+05 
2.114950e+03 8.483812e+06 5.958369e+05 
2.934300e+03 1.099173e+07 3.040583e+05 
2.408750e+03 9.822622e+06 3.655891e+05 
2.416950e+03 9.866190e+06 3.655891e+05 
2.179100e+03 8.816471e+06 4.532460e+05 
2.434450e+03 9.842425e+06 3.655891e+05 
2.380050e+03 9.654973e+06 3.777050e+05 
2.189900e+03 8.904299e+06 4.255978e+05 
2.662350e+03 1.054524e+07 3.404782e+05 
2.428050e+03 9.855878e+06 3.655891e+05 
2.887800e+03 1.102232e+07 3.040583e+05 
2.032100e+03 8.180898e+06 7.660760e+05 
2.686400e+03 1.047340e+07 3.259473e+05 
2.415150e+03 9.919132e+06 3.655891e+05 
2.680100e+03 1.053159e+07 3.259473e+05 
2.672500e+03 1.046569e+07 3.404782e+05 
2.432800e+03 9.867532e+06 3.479703e+05 
2.030750e+03 8.190046e+06 7.660760e+05 
2.030950e+03 8.191114e+06 7.660760e+05 
2.128850e+03 8.480637e+06 5.107173e+05 
2.942400e+03 1.104538e+07 3.040583e+05 
2.382600e+03 9.700034e+06 3.777050e+05 
2.432750e+03 9.997909e+06 3.479703e+05 
2.117250e+03 8.448985e+06 5.107173e+05 
2.178000e+03 8.820419e+06 4.532460e+05 
2.910900e+03 1.093135e+07 3.040583e+05 

2.377100e+03 9.708748e+06 3.404782e+05 
2.413300e+03 9.841766e+06 3.398299e+05 
2.407950e+03 9.944121e+06 3.183740e+05 
2.027850e+03 8.204388e+06 8.511955e+05 
2.270050e+03 9.309406e+06 4.532460e+05 
2.239850e+03 9.053551e+06 5.107173e+05 
2.662550e+03 1.084805e+07 3.040583e+05 
2.036050e+03 8.379492e+06 7.660760e+05 
2.306350e+03 9.298995e+06 4.255978e+05 
2.036050e+03 8.379492e+06 7.660760e+05 
2.426300e+03 9.955019e+06 3.114660e+05 
2.143500e+03 9.023733e+06 5.287870e+05 
2.293850e+03 9.252183e+06 4.255978e+05 
2.421400e+03 1.004253e+07 3.114660e+05 
2.277950e+03 9.354542e+06 4.255978e+05 
2.059850e+03 8.462134e+06 6.809564e+05 
2.384050e+03 9.829904e+06 3.183740e+05 
2.411350e+03 9.864846e+06 3.183740e+05 
2.090800e+03 8.676801e+06 5.958369e+05 
2.240800e+03 9.107904e+06 5.107173e+05 
2.622850e+03 1.059881e+07 3.040583e+05 
2.060050e+03 8.461199e+06 6.809564e+05 
2.273950e+03 9.321179e+06 4.255978e+05 
2.319400e+03 9.488681e+06 3.777050e+05 
2.244250e+03 9.068233e+06 5.107173e+05 
2.044750e+03 8.186402e+06 7.660760e+05 
2.313400e+03 9.535286e+06 3.777050e+05 
2.092000e+03 8.673864e+06 5.958369e+05 
2.379450e+03 9.716634e+06 3.404782e+05 
2.089400e+03 8.666924e+06 5.958369e+05 
2.042950e+03 8.185334e+06 7.660760e+05 
2.027650e+03 8.207058e+06 8.511955e+05 
2.302450e+03 9.300463e+06 4.255978e+05 
2.239300e+03 9.113749e+06 5.107173e+05 
2.271850e+03 9.340189e+06 4.532460e+05 
2.041750e+03 8.242051e+06 7.660760e+05 
2.391750e+03 9.623186e+06 3.404782e+05 
2.401750e+03 1.000511e+07 3.114660e+05 
2.027450e+03 8.203987e+06 8.511955e+05 
2.316400e+03 9.476303e+06 3.777050e+05 
2.036250e+03 8.382658e+06 7.660760e+05 
2.041750e+03 8.181330e+06 7.660760e+05 
2.390050e+03 9.617544e+06 3.404782e+05 
2.144850e+03 9.181578e+06 5.287870e+05 
2.152050e+03 9.013503e+06 5.287870e+05 
2.364800e+03 9.790443e+06 3.404782e+05 
2.148100e+03 9.040778e+06 5.287870e+05 
2.458100e+03 1.006436e+07 3.114660e+05 
2.057850e+03 8.451456e+06 6.809564e+05 
2.373850e+03 9.848745e+06 3.404782e+05 

2.062450e+03 8.419500e+06 5.958369e+05 
3.019200e+03 1.190487e+07 3.183740e+05 
2.270900e+03 9.176579e+06 3.655891e+05 
2.064550e+03 8.399987e+06 5.958369e+05 
2.675000e+03 1.044458e+07 3.404782e+05 
2.122250e+03 8.671004e+06 4.787968e+05 
2.028100e+03 8.181102e+06 8.511955e+05 
2.178100e+03 8.957017e+06 4.255978e+05 
2.031150e+03 8.147070e+06 7.660760e+05 
2.074850e+03 8.317495e+06 6.809564e+05 
2.194500e+03 8.992616e+06 3.777050e+05 
2.136550e+03 8.641208e+06 4.532460e+05 
2.028100e+03 8.183848e+06 8.511955e+05 
2.064950e+03 8.409274e+06 5.958369e+05 
2.282700e+03 9.196885e+06 3.655891e+05 
2.113950e+03 8.619740e+06 4.532460e+05 
2.192600e+03 9.055185e+06 3.936772e+05 
2.067350e+03 8.404437e+06 5.287870e+05 
2.169400e+03 8.918061e+06 4.255978e+05 
2.271800e+03 9.260313e+06 3.655891e+05 
2.175700e+03 8.994627e+06 4.255978e+05 
2.059250e+03 8.411378e+06 5.958369e+05 
2.133950e+03 8.667944e+06 4.532460e+05 
2.100850e+03 8.598248e+06 5.107173e+05 
2.104750e+03 8.586080e+06 5.107173e+05 
2.115350e+03 8.684885e+06 4.532460e+05 
2.171500e+03 9.007000e+06 4.255978e+05 
2.056950e+03 8.442421e+06 6.809564e+05 
3.004900e+03 1.197324e+07 3.183740e+05 
2.094450e+03 8.572281e+06 5.107173e+05 
3.023000e+03 1.183480e+07 3.183740e+05 
2.065550e+03 8.401691e+06 5.287870e+05 
2.083350e+03 8.387744e+06 5.287870e+05 
2.197300e+03 9.014810e+06 3.777050e+05 
2.126850e+03 8.684693e+06 4.532460e+05 
2.076050e+03 8.321156e+06 6.809564e+05 
3.009600e+03 1.181243e+07 3.212570e+05 
2.985100e+03 1.167397e+07 3.183740e+05 
2.664800e+03 1.052669e+07 3.404782e+05 
2.103350e+03 8.596706e+06 5.107173e+05 
2.032350e+03 8.155480e+06 7.660760e+05 
2.059150e+03 8.454167e+06 6.809564e+05 
2.695700e+03 1.052053e+07 3.487723e+05 
2.196800e+03 9.071500e+06 3.777050e+05 
2.032750e+03 8.148690e+06 7.660760e+05 
2.097850e+03 8.633400e+06 5.107173e+05 
2.660600e+03 1.052329e+07 3.404782e+05 
2.719500e+03 1.051502e+07 3.404782e+05 
2.066950e+03 8.411186e+06 5.287870e+05 
2.194000e+03 9.018289e+06 3.936772e+05 

2.204350e+03 8.774720e+06 5.287870e+05 
2.039450e+03 8.159058e+06 7.660760e+05 
2.076250e+03 8.646108e+06 6.809564e+05 
2.275200e+03 9.261644e+06 5.107173e+05 
2.154000e+03 8.541533e+06 5.958369e+05 
2.040450e+03 8.161728e+06 7.660760e+05 
2.365050e+03 9.847356e+06 4.787968e+05 
2.758500e+03 1.120892e+07 3.183740e+05 
2.022250e+03 8.223642e+06 8.511955e+05 
2.485850e+03 1.002729e+07 4.255978e+05 
2.027100e+03 8.147570e+06 8.511955e+05 
2.366150e+03 9.792277e+06 4.532460e+05 
2.366750e+03 9.774137e+06 4.532460e+05 
2.555150e+03 1.069684e+07 3.777050e+05 
2.034800e+03 8.175477e+06 7.660760e+05 
2.470450e+03 1.002387e+07 4.255978e+05 
2.204000e+03 8.821074e+06 5.287870e+05 
2.354450e+03 9.753848e+06 4.532460e+05 
2.025700e+03 8.140095e+06 8.511955e+05 
2.762300e+03 1.129934e+07 3.183740e+05 
2.023050e+03 8.227914e+06 8.511955e+05 
2.158200e+03 8.566540e+06 6.809564e+05 
2.023650e+03 8.170396e+06 8.511955e+05 
2.559600e+03 1.083417e+07 3.777050e+05 
2.175750e+03 8.559018e+06 5.958369e+05 
2.271600e+03 9.185116e+06 5.107173e+05 
2.201300e+03 8.878212e+06 5.287870e+05 
2.576000e+03 1.082024e+07 4.532460e+05 
2.585450e+03 1.082800e+07 3.404782e+05 
2.023800e+03 8.160713e+06 8.511955e+05 
2.484450e+03 1.004213e+07 4.255978e+05 
2.034900e+03 8.175907e+06 7.660760e+05 
2.191200e+03 8.738268e+06 5.287870e+05 
2.036350e+03 8.173270e+06 7.660760e+05 
2.044950e+03 8.212320e+06 7.660760e+05 
2.073250e+03 8.637395e+06 6.809564e+05 
2.607950e+03 1.087921e+07 3.404782e+05 
2.562050e+03 1.067595e+07 3.777050e+05 
2.563350e+03 1.071948e+07 3.777050e+05 
2.023200e+03 8.156041e+06 8.511955e+05 
2.035900e+03 8.169471e+06 7.660760e+05 
2.374050e+03 9.854029e+06 5.639163e+05 
2.203000e+03 8.856887e+06 5.287870e+05 
2.852600e+03 1.170804e+07 3.404782e+05 
2.276000e+03 9.234886e+06 5.107173e+05 
2.183000e+03 8.567627e+06 5.958369e+05 
2.169000e+03 8.597296e+06 5.958369e+05 
2.605650e+03 1.091514e+07 3.404782e+05 
2.073600e+03 8.684935e+06 6.809564e+05 
2.554250e+03 1.095649e+07 4.255978e+05 

2.028200e+03 8.143806e+06 7.660760e+05 
2.137800e+03 8.652553e+06 5.287870e+05 
2.375100e+03 9.506052e+06 4.255978e+05 
2.160700e+03 8.758263e+06 5.107173e+05 
2.137600e+03 8.651695e+06 5.287870e+05 
2.075200e+03 8.361709e+06 6.809564e+05 
2.238250e+03 9.164921e+06 4.532460e+05 
2.210050e+03 9.077609e+06 4.532460e+05 
2.423200e+03 9.621364e+06 3.435661e+05 
2.381800e+03 9.547859e+06 3.435661e+05 
2.140600e+03 8.650265e+06 5.287870e+05 
2.363600e+03 9.458875e+06 4.255978e+05 
2.377350e+03 9.594557e+06 3.936772e+05 
2.346100e+03 9.906996e+06 4.255978e+05 
2.429700e+03 1.004884e+07 3.404782e+05 
2.036650e+03 8.144471e+06 7.660760e+05 
2.136800e+03 8.452395e+06 5.958369e+05 
2.363600e+03 9.947352e+06 4.255978e+05 
2.356500e+03 9.982552e+06 4.255978e+05 
2.029400e+03 8.150213e+06 7.660760e+05 
2.362850e+03 9.525183e+06 3.777050e+05 
2.375350e+03 9.478937e+06 4.255978e+05 
2.028400e+03 8.140755e+06 7.660760e+05 
2.209650e+03 9.176230e+06 4.532460e+05 
2.411500e+03 9.618956e+06 3.435661e+05 
2.029150e+03 8.138395e+06 7.660760e+05 
2.209900e+03 9.060983e+06 4.532460e+05 
2.366500e+03 9.534035e+06 4.255978e+05 
2.378450e+03 9.566618e+06 3.777050e+05 
2.481300e+03 1.018548e+07 3.083285e+05 
2.353450e+03 9.569191e+06 4.255978e+05 
2.468300e+03 1.018015e+07 3.083285e+05 
2.049100e+03 8.282583e+06 6.809564e+05 
2.035250e+03 8.140201e+06 7.660760e+05 
2.034650e+03 8.133793e+06 7.660760e+05 
2.138800e+03 8.655051e+06 5.287870e+05 
2.431250e+03 9.781759e+06 3.404782e+05 
2.032050e+03 8.216492e+06 8.511955e+05 
2.158000e+03 8.752952e+06 5.107173e+05 
2.473200e+03 1.016617e+07 3.083285e+05 
2.475200e+03 1.018253e+07 3.083285e+05 
2.093000e+03 8.432119e+06 5.958369e+05 
2.403400e+03 9.633330e+06 3.435661e+05 
2.054700e+03 8.310079e+06 6.809564e+05 
2.096200e+03 8.455000e+06 5.958369e+05 
2.469800e+03 1.018833e+07 3.083285e+05 
2.412450e+03 9.769306e+06 3.404782e+05 
2.215900e+03 9.056177e+06 5.107173e+05 
2.031150e+03 8.149073e+06 7.660760e+05 
2.386500e+03 9.451252e+06 4.255978e+05 

2.426350e+03 9.839695e+06 3.830380e+05 
2.450050e+03 1.014936e+07 3.303515e+05 
2.396400e+03 1.016960e+07 3.040583e+05 
2.391850e+03 1.004831e+07 3.083285e+05 
2.381800e+03 9.883999e+06 3.777050e+05 
2.182550e+03 8.841406e+06 5.287870e+05 
2.224300e+03 9.153636e+06 5.107173e+05 
2.133500e+03 8.829496e+06 6.809564e+05 
2.371200e+03 9.915347e+06 3.777050e+05 
2.397500e+03 1.007518e+07 3.040583e+05 
2.179150e+03 8.848328e+06 5.287870e+05 
2.366150e+03 9.930473e+06 3.404782e+05 
2.342750e+03 9.935321e+06 3.777050e+05 
2.448950e+03 9.870622e+06 3.777050e+05 
2.230800e+03 9.124056e+06 5.107173e+05 
2.173500e+03 8.802521e+06 5.958369e+05 
2.351150e+03 1.009056e+07 3.404782e+05 
2.215550e+03 9.145140e+06 4.532460e+05 
2.172950e+03 8.947137e+06 5.287870e+05 
2.169750e+03 8.861580e+06 5.958369e+05 
2.425150e+03 9.877192e+06 3.777050e+05 
2.401350e+03 9.822553e+06 4.255978e+05 
2.427050e+03 9.790354e+06 4.255978e+05 
2.214200e+03 9.164999e+06 5.107173e+05 
2.338500e+03 9.989013e+06 4.255978e+05 
2.332150e+03 1.020303e+07 4.255978e+05 
2.356700e+03 9.933901e+06 4.255978e+05 
2.209000e+03 9.258004e+06 5.107173e+05 
2.340050e+03 9.986037e+06 4.255978e+05 
2.361650e+03 9.887707e+06 4.255978e+05 
2.391350e+03 1.007750e+07 3.083285e+05 
2.175650e+03 8.916172e+06 5.287870e+05 
2.365250e+03 9.884627e+06 3.777050e+05 
2.135100e+03 8.809820e+06 7.660760e+05 
2.406950e+03 9.839849e+06 3.830380e+05 
2.352900e+03 1.001220e+07 3.404782e+05 
2.130000e+03 8.794804e+06 7.660760e+05 
2.137300e+03 8.784487e+06 6.809564e+05 
2.231500e+03 9.238536e+06 4.532460e+05 
2.128400e+03 8.843779e+06 7.660760e+05 
2.398550e+03 9.871501e+06 3.830380e+05 
2.384300e+03 9.878203e+06 3.777050e+05 
2.381150e+03 9.927611e+06 3.303515e+05 
2.380300e+03 9.873258e+06 4.255978e+05 
2.147500e+03 8.784959e+06 6.809564e+05 
2.359750e+03 9.908578e+06 4.255978e+05 
2.417050e+03 9.804245e+06 4.255978e+05 
2.441600e+03 1.015876e+07 3.040583e+05 
2.182450e+03 8.857023e+06 5.287870e+05 
2.343650e+03 9.934945e+06 4.255978e+05 

2.354900e+03 9.951051e+06 4.532460e+05 
2.083950e+03 8.426763e+06 6.809564e+05 
2.125950e+03 8.816137e+06 5.958369e+05 
2.471200e+03 1.065708e+07 3.404782e+05 
2.492250e+03 1.065882e+07 3.040583e+05 
2.361800e+03 1.020670e+07 4.255978e+05 
2.306200e+03 9.828518e+06 5.107173e+05 
2.419900e+03 1.053789e+07 3.777050e+05 
2.076050e+03 8.476489e+06 6.809564e+05 
2.497850e+03 1.057954e+07 3.404782e+05 
2.480250e+03 1.070764e+07 3.404782e+05 
2.043450e+03 8.288167e+06 7.660760e+05 
2.366100e+03 1.032228e+07 4.255978e+05 
2.018850e+03 8.128931e+06 8.511955e+05 
2.513650e+03 1.074072e+07 3.040583e+05 
2.046050e+03 8.298844e+06 7.660760e+05 
2.512150e+03 1.055017e+07 3.404782e+05 
2.307200e+03 9.946796e+06 5.107173e+05 
2.428400e+03 1.015931e+07 4.255978e+05 
2.318150e+03 9.991320e+06 4.532460e+05 
2.428000e+03 1.030673e+07 3.777050e+05 
2.323550e+03 9.416713e+06 5.107173e+05 
2.148250e+03 8.942150e+06 5.287870e+05 
2.123900e+03 8.874136e+06 5.958369e+05 
2.315400e+03 1.003038e+07 4.532460e+05 
2.047450e+03 8.297509e+06 7.660760e+05 
2.142650e+03 8.935120e+06 5.287870e+05 
2.509250e+03 1.054002e+07 3.404782e+05 
2.124600e+03 8.810907e+06 5.958369e+05 
2.444200e+03 1.048855e+07 3.777050e+05 
2.340800e+03 9.902512e+06 4.532460e+05 
2.527800e+03 1.032937e+07 3.777050e+05 
2.310250e+03 9.852812e+06 5.107173e+05 
2.081050e+03 8.425859e+06 6.809564e+05 
2.019350e+03 8.130599e+06 8.511955e+05 
2.449950e+03 1.076852e+07 3.404782e+05 
2.314200e+03 9.399146e+06 5.107173e+05 
2.074450e+03 8.430209e+06 6.809564e+05 
2.388100e+03 9.861695e+06 4.532460e+05 
2.517400e+03 1.073399e+07 3.085577e+05 
2.479850e+03 1.059990e+07 3.404782e+05 
2.386600e+03 9.850438e+06 4.532460e+05 
2.448150e+03 1.019229e+07 4.255978e+05 
2.306300e+03 9.828099e+06 5.107173e+05 
2.512350e+03 1.076355e+07 3.040583e+05 
2.376900e+03 1.020869e+07 4.255978e+05 
2.075050e+03 8.536677e+06 6.809564e+05 
2.445050e+03 1.047173e+07 3.777050e+05 
2.475450e+03 1.062527e+07 3.404782e+05 
2.315000e+03 9.969352e+06 4.532460e+05 

2.426800e+03 9.893997e+06 3.777050e+05 
2.432250e+03 9.737311e+06 4.255978e+05 
2.016250e+03 8.105344e+06 8.511955e+05 
2.016000e+03 8.204241e+06 8.511955e+05 
2.383150e+03 9.798910e+06 4.255978e+05 
2.383500e+03 9.776864e+06 4.255978e+05 
2.963150e+03 1.211660e+07 3.114660e+05 
2.066750e+03 8.352060e+06 7.660760e+05 
2.263600e+03 9.142082e+06 5.107173e+05 
2.265400e+03 9.123396e+06 4.532460e+05 
2.461150e+03 9.843998e+06 3.777050e+05 
2.425400e+03 9.926764e+06 3.777050e+05 
2.182700e+03 8.936235e+06 6.809564e+05 
2.240850e+03 9.135543e+06 5.107173e+05 
2.180200e+03 8.919074e+06 6.809564e+05 
2.386700e+03 9.750021e+06 3.777050e+05 
2.427850e+03 9.855411e+06 3.435661e+05 
2.199100e+03 9.005845e+06 5.287870e+05 
2.250900e+03 9.130843e+06 4.532460e+05 
2.421950e+03 9.903600e+06 3.435661e+05 
2.957200e+03 1.217188e+07 3.114660e+05 
2.183500e+03 8.926568e+06 6.809564e+05 
2.185100e+03 8.934045e+06 5.958369e+05 
2.426550e+03 9.830686e+06 3.435661e+05 
2.937950e+03 1.207815e+07 3.114660e+05 
2.064350e+03 8.343385e+06 7.660760e+05 
2.413650e+03 9.725223e+06 4.255978e+05 
2.419900e+03 9.938440e+06 3.777050e+05 
2.950950e+03 1.203327e+07 3.114660e+05 
2.242650e+03 9.179552e+06 5.107173e+05 
2.259800e+03 9.193689e+06 4.787968e+05 
2.368300e+03 9.839683e+06 4.255978e+05 
2.014150e+03 8.123960e+06 8.511955e+05 
2.018850e+03 8.114018e+06 8.511955e+05 
2.396100e+03 9.777904e+06 4.255978e+05 
2.261950e+03 9.121556e+06 4.532460e+05 
2.410350e+03 9.774613e+06 4.255978e+05 
2.369750e+03 9.925975e+06 4.255978e+05 
2.882050e+03 1.179969e+07 3.404782e+05 
2.188500e+03 8.946323e+06 5.958369e+05 
2.388700e+03 9.779173e+06 3.936772e+05 
2.017250e+03 8.108013e+06 8.511955e+05 
2.180000e+03 8.921076e+06 6.809564e+05 
2.940200e+03 1.200287e+07 3.404782e+05 
2.186700e+03 8.946975e+06 5.958369e+05 
2.444550e+03 9.853211e+06 3.777050e+05 
2.255150e+03 9.165764e+06 5.107173e+05 
2.210100e+03 9.065051e+06 5.287870e+05 
2.417500e+03 9.939107e+06 3.777050e+05 
2.373000e+03 9.797267e+06 4.255978e+05 

