8.202150e+03 3.478792e+07 1.208656e+06 
8.561700e+03 3.616244e+07 1.057574e+06 
9.123600e+03 3.885010e+07 8.309510e+05 
8.167100e+03 3.169300e+07 1.284197e+06 
7.156050e+03 2.875464e+07 1.617271e+06 
8.702700e+03 3.706283e+07 9.363151e+05 
8.297250e+03 3.511731e+07 1.133115e+06 
8.728000e+03 3.671884e+07 9.820330e+05 
6.291050e+03 2.534518e+07 2.383347e+06 
7.897750e+03 3.124583e+07 1.415112e+06 
7.943650e+03 3.075355e+07 1.359738e+06 
8.281750e+03 3.462683e+07 1.208656e+06 
6.563600e+03 2.669850e+07 1.957750e+06 
6.314700e+03 2.540398e+07 2.213108e+06 
7.573750e+03 2.962962e+07 1.532152e+06 
7.479250e+03 2.986304e+07 1.435279e+06 
6.582550e+03 2.662912e+07 2.042869e+06 
6.411550e+03 2.591780e+07 2.127989e+06 
8.283850e+03 3.503207e+07 1.191674e+06 
7.923750e+03 3.072467e+07 1.361913e+06 
8.121400e+03 3.432981e+07 1.276793e+06 
9.161950e+03 3.827906e+07 8.309510e+05 
7.101250e+03 2.857743e+07 1.702391e+06 
6.284550e+03 2.545557e+07 2.298228e+06 
6.487150e+03 2.636397e+07 2.127989e+06 
8.892000e+03 3.705443e+07 1.057574e+06 
8.234000e+03 3.559870e+07 1.191674e+06 
7.510900e+03 2.971024e+07 1.510820e+06 
7.104850e+03 2.851690e+07 1.702391e+06 
8.504600e+03 3.606063e+07 1.106554e+06 
7.423300e+03 2.969701e+07 1.585351e+06 
8.975650e+03 3.757611e+07 9.064920e+05 
8.399650e+03 3.468967e+07 1.133115e+06 
7.079000e+03 2.874027e+07 1.787511e+06 
7.934350e+03 3.094158e+07 1.359738e+06 
7.097650e+03 2.861792e+07 1.787511e+06 
6.277650e+03 2.537445e+07 2.383347e+06 
8.081550e+03 3.205694e+07 1.284197e+06 
7.087150e+03 2.864325e+07 1.744951e+06 
8.262750e+03 3.522316e+07 1.133115e+06 
8.519700e+03 3.601174e+07 1.191674e+06 
8.646900e+03 3.656543e+07 1.021435e+06 
8.984300e+03 3.724332e+07 9.064920e+05 
7.471250e+03 3.026784e+07 1.532152e+06 
6.343350e+03 2.542468e+07 2.213108e+06 
8.183150e+03 3.513716e+07 1.208656e+06 
7.912900e+03 3.154275e+07 1.329992e+06 
7.195350e+03 2.867685e+07 1.659831e+06 
6.711800e+03 2.706267e+07 1.872630e+06 
6.285000e+03 2.538901e+07 2.298228e+06 

8.133800e+03 3.274913e+07 1.191674e+06 
7.256700e+03 2.944491e+07 1.787511e+06 
7.666650e+03 3.112726e+07 1.284197e+06 
9.816150e+03 4.026824e+07 9.820330e+05 
7.621900e+03 3.130785e+07 1.415112e+06 
1.018805e+04 4.137401e+07 9.514126e+05 
6.838550e+03 2.774851e+07 1.957750e+06 
6.531350e+03 2.665601e+07 2.213108e+06 
1.049065e+04 4.204541e+07 9.029603e+05 
1.056420e+04 4.216693e+07 8.809373e+05 
1.027270e+04 4.091441e+07 1.021435e+06 
8.227900e+03 3.333455e+07 1.106554e+06 
6.545150e+03 2.666434e+07 2.213108e+06 
7.716800e+03 3.141612e+07 1.276793e+06 
1.020160e+04 4.160039e+07 9.369306e+05 
8.618000e+03 3.479891e+07 1.057574e+06 
1.037750e+04 4.154798e+07 9.267038e+05 
6.798350e+03 2.763926e+07 1.957750e+06 
6.343450e+03 2.591007e+07 2.553587e+06 
7.402500e+03 2.987087e+07 1.532152e+06 
6.360550e+03 2.592270e+07 2.553587e+06 
6.373050e+03 2.605564e+07 2.468467e+06 
7.295050e+03 2.945392e+07 1.702391e+06 
7.651300e+03 3.148904e+07 1.361913e+06 
7.441050e+03 3.001912e+07 1.447032e+06 
6.723150e+03 2.743017e+07 2.042869e+06 
6.362000e+03 2.589377e+07 2.553587e+06 
7.425100e+03 2.962380e+07 1.532152e+06 
6.395000e+03 2.617086e+07 2.383347e+06 
6.668100e+03 2.702922e+07 2.127989e+06 
1.030855e+04 4.103923e+07 9.381979e+05 
9.703000e+03 3.990637e+07 1.057574e+06 
1.069670e+04 4.302144e+07 8.641580e+05 
6.879400e+03 2.805238e+07 1.872630e+06 
8.079900e+03 3.259129e+07 1.244873e+06 
6.822950e+03 2.762065e+07 1.957750e+06 
1.046970e+04 4.221639e+07 9.267038e+05 
7.396700e+03 3.002280e+07 1.500231e+06 
7.350150e+03 2.992937e+07 1.532152e+06 
6.427250e+03 2.619644e+07 2.298228e+06 
8.965050e+03 3.622729e+07 1.021435e+06 
8.418450e+03 3.356596e+07 1.091033e+06 
1.030500e+04 4.129280e+07 9.363151e+05 
7.529300e+03 3.068668e+07 1.415112e+06 
9.762100e+03 4.051434e+07 9.820330e+05 
6.381300e+03 2.601678e+07 2.383347e+06 
8.063700e+03 3.262375e+07 1.106554e+06 
9.221800e+03 3.727957e+07 9.895141e+05 
7.425900e+03 2.979903e+07 1.532152e+06 
7.257650e+03 2.953070e+07 1.617271e+06 

8.337750e+03 3.360840e+07 1.244873e+06 
9.525700e+03 3.712517e+07 1.057574e+06 
7.426250e+03 3.040617e+07 1.500231e+06 
8.984000e+03 3.799663e+07 9.822461e+05 
9.699550e+03 3.792184e+07 9.895141e+05 
8.743000e+03 3.523389e+07 1.191674e+06 
8.145550e+03 3.356609e+07 1.287433e+06 
6.663900e+03 2.754383e+07 2.042869e+06 
7.342900e+03 3.019912e+07 1.532152e+06 
6.970250e+03 2.855468e+07 1.702391e+06 
7.557350e+03 3.094374e+07 1.361913e+06 
7.081200e+03 2.883809e+07 1.617271e+06 
7.096800e+03 2.896919e+07 1.702391e+06 
9.567600e+03 3.701837e+07 1.057574e+06 
1.012860e+04 4.022070e+07 1.021435e+06 
8.550750e+03 3.439039e+07 1.234234e+06 
6.499850e+03 2.649048e+07 2.213108e+06 
7.474550e+03 3.040350e+07 1.500231e+06 
7.993600e+03 3.196485e+07 1.359738e+06 
7.555000e+03 3.094454e+07 1.361913e+06 
6.533100e+03 2.649408e+07 2.127989e+06 
1.001710e+04 3.993000e+07 9.524178e+05 
6.446450e+03 2.651153e+07 2.468467e+06 
6.513950e+03 2.657307e+07 2.298228e+06 
7.175700e+03 2.976173e+07 1.532152e+06 
8.165700e+03 3.458674e+07 1.208656e+06 
8.245400e+03 3.385375e+07 1.276793e+06 
1.005380e+04 3.986777e+07 9.820330e+05 
6.676400e+03 2.749286e+07 2.042869e+06 
6.894550e+03 2.852238e+07 1.787511e+06 
8.138950e+03 3.369641e+07 1.284197e+06 
1.012855e+04 3.986984e+07 9.524178e+05 
8.700900e+03 3.501710e+07 1.208656e+06 
8.171000e+03 3.333539e+07 1.329992e+06 
6.954750e+03 2.855971e+07 1.755590e+06 
6.979400e+03 2.841526e+07 1.787511e+06 
8.821800e+03 3.591076e+07 1.106554e+06 
7.516300e+03 3.052297e+07 1.447032e+06 
6.453950e+03 2.645023e+07 2.468467e+06 
7.455700e+03 3.063742e+07 1.435279e+06 
6.443450e+03 2.635538e+07 2.553587e+06 
6.497500e+03 2.671992e+07 2.213108e+06 
6.728500e+03 2.731031e+07 2.042869e+06 
8.887900e+03 3.576008e+07 1.106554e+06 
6.476500e+03 2.637544e+07 2.298228e+06 
6.429750e+03 2.630340e+07 2.553587e+06 
7.213200e+03 2.961963e+07 1.532152e+06 
8.902500e+03 3.774171e+07 1.057574e+06 
6.684550e+03 2.746804e+07 1.957750e+06 
6.848150e+03 2.814401e+07 1.872630e+06 

8.918900e+03 3.572108e+07 1.106554e+06 
9.624200e+03 3.842077e+07 9.064920e+05 
7.087450e+03 2.972055e+07 1.617271e+06 
7.624700e+03 3.180788e+07 1.404473e+06 
7.441900e+03 3.087381e+07 1.586361e+06 
6.320900e+03 2.607827e+07 2.298228e+06 
6.708100e+03 2.812639e+07 2.042869e+06 
6.798650e+03 2.851301e+07 1.957750e+06 
6.378550e+03 2.643936e+07 2.127989e+06 
9.314000e+03 3.778213e+07 1.021435e+06 
6.904050e+03 2.896849e+07 1.787511e+06 
9.651950e+03 3.914701e+07 8.511955e+05 
7.384300e+03 3.101402e+07 1.532152e+06 
6.834550e+03 2.840159e+07 1.872630e+06 
9.439900e+03 3.871384e+07 9.019924e+05 
6.910150e+03 2.901909e+07 1.702391e+06 
7.435250e+03 3.137831e+07 1.447032e+06 
8.860800e+03 3.575728e+07 1.133115e+06 
6.297400e+03 2.567824e+07 2.468467e+06 
9.007550e+03 3.581328e+07 1.057574e+06 
7.376800e+03 3.096754e+07 1.574712e+06 
8.095550e+03 3.315760e+07 1.284197e+06 
9.493150e+03 3.848295e+07 8.674190e+05 
9.241850e+03 3.856639e+07 1.021435e+06 
9.552100e+03 3.831035e+07 9.820330e+05 
6.310350e+03 2.579489e+07 2.383347e+06 
9.638500e+03 3.840189e+07 9.363151e+05 
9.389650e+03 3.844719e+07 9.363151e+05 
8.389200e+03 3.465210e+07 1.191674e+06 
6.301400e+03 2.567213e+07 2.553587e+06 
6.421600e+03 2.634602e+07 2.213108e+06 
7.646250e+03 3.204004e+07 1.361913e+06 
8.886200e+03 3.634382e+07 1.106554e+06 
6.307950e+03 2.560478e+07 2.468467e+06 
7.712650e+03 3.195565e+07 1.361913e+06 
6.404950e+03 2.634716e+07 2.213108e+06 
6.342400e+03 2.605629e+07 2.298228e+06 
9.508250e+03 3.808180e+07 9.913360e+05 
7.370000e+03 3.088728e+07 1.586361e+06 
6.826550e+03 2.844573e+07 1.872630e+06 
6.809450e+03 2.815896e+07 1.957750e+06 
6.306250e+03 2.586005e+07 2.383347e+06 
6.365500e+03 2.638738e+07 2.213108e+06 
6.302900e+03 2.565145e+07 2.468467e+06 
9.100500e+03 3.701099e+07 1.042466e+06 
7.384700e+03 3.088688e+07 1.510820e+06 
8.996100e+03 3.711147e+07 1.057574e+06 
7.440100e+03 3.137499e+07 1.489592e+06 
6.295700e+03 2.604849e+07 2.553587e+06 
6.886400e+03 2.897143e+07 1.787511e+06 

7.133950e+03 2.958165e+07 1.510820e+06 
6.364900e+03 2.573694e+07 2.468467e+06 
9.541050e+03 3.850702e+07 9.300608e+05 
6.999050e+03 2.902800e+07 1.702391e+06 
9.286350e+03 3.760822e+07 9.381979e+05 
8.467950e+03 3.471021e+07 1.208656e+06 
6.358300e+03 2.579780e+07 2.468467e+06 
6.326800e+03 2.584997e+07 2.468467e+06 
8.930850e+03 3.554799e+07 1.106554e+06 
9.223300e+03 3.817034e+07 9.881893e+05 
9.234750e+03 3.703662e+07 1.021435e+06 
7.668100e+03 3.264325e+07 1.361913e+06 
8.598850e+03 3.443009e+07 1.208656e+06 
6.316350e+03 2.607266e+07 2.553587e+06 
6.494750e+03 2.626079e+07 2.127989e+06 
9.636050e+03 3.839961e+07 9.363151e+05 
7.127650e+03 2.922943e+07 1.586361e+06 
6.356850e+03 2.585924e+07 2.383347e+06 
6.333250e+03 2.601447e+07 2.383347e+06 
6.457800e+03 2.704784e+07 2.127989e+06 
8.169250e+03 3.406762e+07 1.284197e+06 
8.533600e+03 3.425879e+07 1.276793e+06 
7.005150e+03 2.874163e+07 1.787511e+06 
6.517350e+03 2.701084e+07 2.042869e+06 
7.850050e+03 3.301374e+07 1.359738e+06 
7.226400e+03 2.950336e+07 1.447032e+06 
6.548350e+03 2.696298e+07 2.042869e+06 
6.323000e+03 2.585055e+07 2.553587e+06 
7.032550e+03 2.894205e+07 1.702391e+06 
7.745650e+03 3.246149e+07 1.361913e+06 
6.413500e+03 2.647587e+07 2.213108e+06 
7.032450e+03 2.931664e+07 1.617271e+06 
6.393100e+03 2.583278e+07 2.383347e+06 
6.620850e+03 2.731184e+07 1.872630e+06 
6.432950e+03 2.608298e+07 2.213108e+06 
8.835550e+03 3.475800e+07 1.191674e+06 
9.410250e+03 3.760754e+07 9.820330e+05 
6.932050e+03 2.890394e+07 1.787511e+06 
6.565450e+03 2.718093e+07 1.957750e+06 
6.322750e+03 2.592385e+07 2.553587e+06 
8.556800e+03 3.504813e+07 1.133115e+06 
6.309200e+03 2.592744e+07 2.596146e+06 
7.057950e+03 2.902986e+07 1.617271e+06 
7.254200e+03 2.938861e+07 1.510820e+06 
6.604450e+03 2.752320e+07 1.872630e+06 
7.302800e+03 2.990667e+07 1.435279e+06 
6.605750e+03 2.711091e+07 1.957750e+06 
8.514600e+03 3.461036e+07 1.208656e+06 
6.363000e+03 2.596237e+07 2.298228e+06 
6.335850e+03 2.576741e+07 2.468467e+06 

8.176350e+03 3.268140e+07 1.106554e+06 
6.778100e+03 2.772084e+07 1.872630e+06 
6.480500e+03 2.656434e+07 2.298228e+06 
7.338850e+03 2.980918e+07 1.617271e+06 
6.472000e+03 2.659671e+07 2.298228e+06 
1.004775e+04 3.878602e+07 9.363151e+05 
6.408550e+03 2.610442e+07 2.468467e+06 
6.364050e+03 2.602956e+07 2.553587e+06 
7.358000e+03 3.018947e+07 1.500231e+06 
6.519800e+03 2.651732e+07 2.213108e+06 
6.721700e+03 2.724858e+07 1.957750e+06 
7.371000e+03 3.006611e+07 1.361913e+06 
7.003600e+03 2.903244e+07 1.702391e+06 
6.865700e+03 2.815571e+07 1.787511e+06 
6.516100e+03 2.649232e+07 2.213108e+06 
7.320200e+03 2.984325e+07 1.532152e+06 
8.308550e+03 3.287388e+07 1.074634e+06 
7.281000e+03 2.947613e+07 1.617271e+06 
6.395650e+03 2.622490e+07 2.468467e+06 
7.630400e+03 3.153688e+07 1.329992e+06 
9.953750e+03 3.845995e+07 9.363151e+05 
7.961850e+03 3.210006e+07 1.276793e+06 
8.276900e+03 3.328361e+07 1.074634e+06 
8.149550e+03 3.221769e+07 1.191674e+06 
6.858300e+03 2.815076e+07 1.787511e+06 
6.709000e+03 2.728732e+07 1.957750e+06 
8.299000e+03 3.287338e+07 1.074634e+06 
6.771250e+03 2.789212e+07 1.872630e+06 
6.451050e+03 2.625546e+07 2.383347e+06 
6.380500e+03 2.603627e+07 2.553587e+06 
8.088150e+03 3.261164e+07 1.133115e+06 
6.569100e+03 2.678173e+07 2.127989e+06 
6.629150e+03 2.700949e+07 2.042869e+06 
6.441300e+03 2.648267e+07 2.383347e+06 
7.320100e+03 2.991720e+07 1.585351e+06 
6.483600e+03 2.657860e+07 2.213108e+06 
6.489800e+03 2.650300e+07 2.298228e+06 
8.359050e+03 3.342638e+07 1.057574e+06 
6.595400e+03 2.701995e+07 2.042869e+06 
7.416050e+03 3.013624e+07 1.361913e+06 
7.322300e+03 2.974109e+07 1.532152e+06 
6.694800e+03 2.734490e+07 1.957750e+06 
6.597200e+03 2.691828e+07 2.042869e+06 
8.249600e+03 3.339669e+07 1.074634e+06 
8.237850e+03 3.247498e+07 1.133115e+06 
6.788400e+03 2.780157e+07 1.872630e+06 
7.363450e+03 2.989803e+07 1.447032e+06 
8.062700e+03 3.238289e+07 1.149114e+06 
8.614300e+03 3.401810e+07 1.055261e+06 
7.263000e+03 2.958888e+07 1.617271e+06 

6.504850e+03 2.625992e+07 2.127989e+06 
6.784950e+03 2.856213e+07 1.840710e+06 
9.368550e+03 3.841980e+07 8.942892e+05 
6.873200e+03 2.877219e+07 1.787511e+06 
8.353400e+03 3.353333e+07 1.057574e+06 
7.618400e+03 3.131192e+07 1.284197e+06 
6.769650e+03 2.833900e+07 1.872630e+06 
7.515450e+03 3.073437e+07 1.359738e+06 
7.631150e+03 3.120643e+07 1.284197e+06 
6.774400e+03 2.821686e+07 1.957750e+06 
6.278100e+03 2.573929e+07 2.468467e+06 
8.966150e+03 3.647089e+07 9.881893e+05 
7.407250e+03 3.013619e+07 1.447032e+06 
6.789700e+03 2.822007e+07 1.872630e+06 
6.734350e+03 2.829748e+07 2.010949e+06 
7.714600e+03 3.104285e+07 1.284197e+06 
7.810850e+03 3.194418e+07 1.208656e+06 
7.333450e+03 3.011664e+07 1.532152e+06 
7.913600e+03 3.200383e+07 1.191674e+06 
6.496000e+03 2.676789e+07 2.042869e+06 
7.316700e+03 2.995536e+07 1.617271e+06 
7.375450e+03 3.005671e+07 1.532152e+06 
9.264450e+03 3.814236e+07 9.064920e+05 
7.434000e+03 3.005680e+07 1.361913e+06 
7.855750e+03 3.185550e+07 1.276793e+06 
6.318000e+03 2.573601e+07 2.213108e+06 
6.298850e+03 2.574813e+07 2.383347e+06 
6.956400e+03 2.885730e+07 1.702391e+06 
7.381800e+03 3.032629e+07 1.447032e+06 
9.498250e+03 3.865956e+07 8.585176e+05 
6.460350e+03 2.634606e+07 2.127989e+06 
7.386650e+03 3.024905e+07 1.447032e+06 
6.762800e+03 2.828925e+07 1.957750e+06 
7.332700e+03 3.013482e+07 1.532152e+06 
6.325950e+03 2.571710e+07 2.298228e+06 
6.281750e+03 2.581336e+07 2.383347e+06 
7.532750e+03 3.045047e+07 1.359738e+06 
6.816700e+03 2.849990e+07 1.840710e+06 
7.860350e+03 3.217582e+07 1.133115e+06 
9.183900e+03 3.708558e+07 9.363151e+05 
7.214900e+03 2.997077e+07 1.617271e+06 
6.799400e+03 2.820726e+07 1.957750e+06 
7.842850e+03 3.191735e+07 1.208656e+06 
7.680150e+03 3.112055e+07 1.284197e+06 
6.312900e+03 2.583013e+07 2.298228e+06 
6.316200e+03 2.573775e+07 2.298228e+06 
7.810550e+03 3.192879e+07 1.276793e+06 
7.661100e+03 3.117794e+07 1.284197e+06 
6.923500e+03 2.872551e+07 1.787511e+06 
6.948100e+03 2.870285e+07 1.787511e+06 

6.825900e+03 2.773754e+07 2.127989e+06 
9.053000e+03 3.652878e+07 1.074634e+06 
6.832300e+03 2.795189e+07 2.042869e+06 
7.690400e+03 3.081603e+07 1.447032e+06 
8.187850e+03 3.330917e+07 1.329992e+06 
8.190950e+03 3.292627e+07 1.361913e+06 
7.612150e+03 3.095625e+07 1.532152e+06 
7.288800e+03 2.985128e+07 1.702391e+06 
7.645550e+03 3.024484e+07 1.585351e+06 
9.333350e+03 3.642679e+07 1.074634e+06 
7.595900e+03 3.033184e+07 1.617271e+06 
7.594100e+03 3.022678e+07 1.670470e+06 
7.280150e+03 3.002229e+07 1.702391e+06 
6.516450e+03 2.678978e+07 2.298228e+06 
8.139450e+03 3.290988e+07 1.415112e+06 
6.824050e+03 2.795291e+07 2.042869e+06 
7.655500e+03 3.070964e+07 1.532152e+06 
7.007100e+03 2.883842e+07 1.872630e+06 
6.372300e+03 2.638724e+07 2.468467e+06 
7.646400e+03 3.017374e+07 1.617271e+06 
9.853600e+03 3.935811e+07 8.942892e+05 
9.771350e+03 3.996369e+07 9.820330e+05 
9.241800e+03 3.710716e+07 9.895141e+05 
6.798650e+03 2.776144e+07 2.127989e+06 
9.726150e+03 4.100264e+07 9.820330e+05 
6.841850e+03 2.785638e+07 2.042869e+06 
6.361900e+03 2.641830e+07 2.468467e+06 
6.350600e+03 2.635397e+07 2.553587e+06 
7.832750e+03 3.074322e+07 1.447032e+06 
6.622550e+03 2.754654e+07 2.213108e+06 
9.729250e+03 4.027374e+07 9.820330e+05 
7.749050e+03 3.090458e+07 1.447032e+06 
6.369900e+03 2.634676e+07 2.553587e+06 
8.787750e+03 3.517691e+07 1.133115e+06 
6.964950e+03 2.857978e+07 1.957750e+06 
8.764350e+03 3.550658e+07 1.191674e+06 
1.006010e+04 4.021504e+07 8.985561e+05 
6.813100e+03 2.774627e+07 2.127989e+06 
8.521500e+03 3.445220e+07 1.208656e+06 
6.831550e+03 2.773196e+07 2.127989e+06 
6.378000e+03 2.628074e+07 2.383347e+06 
8.255450e+03 3.326318e+07 1.284197e+06 
8.581050e+03 3.458438e+07 1.208656e+06 
7.040850e+03 2.921794e+07 1.787511e+06 
8.192550e+03 3.290632e+07 1.361913e+06 
6.374500e+03 2.638721e+07 2.468467e+06 
6.384750e+03 2.631269e+07 2.553587e+06 
9.271750e+03 3.660847e+07 1.057574e+06 
6.838250e+03 2.786062e+07 2.042869e+06 
6.848850e+03 2.789831e+07 2.127989e+06 

8.375900e+03 3.441728e+07 1.149114e+06 
6.333150e+03 2.552475e+07 2.383347e+06 
7.911200e+03 3.140254e+07 1.191674e+06 
6.320200e+03 2.555172e+07 2.383347e+06 
7.016100e+03 2.836328e+07 1.702391e+06 
9.135100e+03 3.671947e+07 9.837181e+05 
7.836200e+03 3.107399e+07 1.415112e+06 
6.668350e+03 2.711489e+07 1.957750e+06 
9.014150e+03 3.644098e+07 1.021435e+06 
7.873050e+03 3.120890e+07 1.276793e+06 
8.771250e+03 3.584510e+07 1.074634e+06 
9.645450e+03 4.010658e+07 8.764034e+05 
6.712850e+03 2.717522e+07 1.872630e+06 
6.671850e+03 2.700211e+07 1.957750e+06 
9.751050e+03 3.864728e+07 9.029603e+05 
9.957800e+03 3.951744e+07 8.764034e+05 
6.347450e+03 2.554326e+07 2.298228e+06 
6.327750e+03 2.554633e+07 2.468467e+06 
8.803000e+03 3.571267e+07 1.057574e+06 
7.047200e+03 2.827057e+07 1.787511e+06 
6.358050e+03 2.549923e+07 2.383347e+06 
9.599050e+03 3.999083e+07 9.064920e+05 
7.200600e+03 2.862815e+07 1.617271e+06 
6.464500e+03 2.613725e+07 2.127989e+06 
8.483850e+03 3.441009e+07 1.133115e+06 
6.477950e+03 2.608093e+07 2.127989e+06 
9.112700e+03 3.618246e+07 1.021435e+06 
6.427550e+03 2.580414e+07 2.213108e+06 
8.438150e+03 3.453721e+07 1.133115e+06 
6.318600e+03 2.564326e+07 2.468467e+06 
8.717600e+03 3.524934e+07 1.106554e+06 
6.457300e+03 2.614802e+07 2.127989e+06 
9.071650e+03 3.570816e+07 1.057574e+06 
7.746450e+03 3.085386e+07 1.329992e+06 
8.705850e+03 3.607093e+07 1.106554e+06 
9.064000e+03 3.703323e+07 9.837181e+05 
9.778700e+03 3.938196e+07 8.764034e+05 
6.476000e+03 2.610904e+07 2.127989e+06 
6.707700e+03 2.721663e+07 1.872630e+06 
8.821100e+03 3.532081e+07 1.106554e+06 
7.342850e+03 2.946481e+07 1.361913e+06 
6.577600e+03 2.633256e+07 2.042869e+06 
7.371750e+03 2.967924e+07 1.617271e+06 
6.359600e+03 2.551528e+07 2.383347e+06 
7.192000e+03 2.910398e+07 1.532152e+06 
8.791600e+03 3.524741e+07 1.106554e+06 
7.857800e+03 3.125592e+07 1.276793e+06 
7.166650e+03 2.865211e+07 1.617271e+06 
8.877200e+03 3.517821e+07 1.106554e+06 
9.614000e+03 3.935652e+07 9.121750e+05 

8.200550e+03 3.341201e+07 1.191674e+06 
8.040100e+03 3.298214e+07 1.244873e+06 
7.254450e+03 3.022886e+07 1.702391e+06 
9.584750e+03 3.918212e+07 9.820330e+05 
6.576800e+03 2.684914e+07 2.298228e+06 
8.666300e+03 3.489141e+07 1.057574e+06 
8.051000e+03 3.302168e+07 1.208656e+06 
7.020150e+03 2.893334e+07 1.787511e+06 
7.261800e+03 3.024255e+07 1.617271e+06 
8.126950e+03 3.346312e+07 1.133115e+06 
8.276300e+03 3.338738e+07 1.191674e+06 
7.628750e+03 3.096499e+07 1.532152e+06 
6.622650e+03 2.732067e+07 2.213108e+06 
8.648550e+03 3.545910e+07 1.057574e+06 
8.867050e+03 3.560132e+07 1.057574e+06 
6.669450e+03 2.750438e+07 2.042869e+06 
6.313500e+03 2.560515e+07 2.553587e+06 
7.606850e+03 3.102929e+07 1.532152e+06 
8.539350e+03 3.476445e+07 1.106554e+06 
6.860350e+03 2.790201e+07 1.872630e+06 
6.377350e+03 2.595622e+07 2.383347e+06 
8.113650e+03 3.292872e+07 1.276793e+06 
6.657700e+03 2.727725e+07 2.213108e+06 
7.073850e+03 2.910839e+07 1.787511e+06 
6.680750e+03 2.755872e+07 2.042869e+06 
8.431450e+03 3.432613e+07 1.133115e+06 
6.326000e+03 2.556773e+07 2.553587e+06 
8.217450e+03 3.305047e+07 1.208656e+06 
6.375200e+03 2.589046e+07 2.383347e+06 
7.644150e+03 3.120486e+07 1.447032e+06 
8.175000e+03 3.299234e+07 1.208656e+06 
7.248350e+03 3.045116e+07 1.702391e+06 
8.125300e+03 3.292095e+07 1.244873e+06 
8.235000e+03 3.296157e+07 1.208656e+06 
8.923350e+03 3.556038e+07 1.021435e+06 
9.802150e+03 3.976798e+07 9.363151e+05 
6.976600e+03 2.828460e+07 1.872630e+06 
9.815750e+03 3.982691e+07 9.363151e+05 
7.723350e+03 3.078218e+07 1.532152e+06 
6.998050e+03 2.904070e+07 1.787511e+06 
6.657950e+03 2.734582e+07 2.127989e+06 
8.010050e+03 3.312009e+07 1.276793e+06 
7.664900e+03 3.108767e+07 1.447032e+06 
8.164950e+03 3.297265e+07 1.212952e+06 
6.643550e+03 2.736657e+07 2.127989e+06 
6.527250e+03 2.669207e+07 2.298228e+06 
7.902850e+03 3.209384e+07 1.284197e+06 
7.712600e+03 3.110915e+07 1.447032e+06 
9.800550e+03 3.992899e+07 9.363151e+05 
6.317300e+03 2.555843e+07 2.468467e+06 

