8.561700e+03 3.616244e+07 1.057574e+06 
9.123600e+03 3.885010e+07 8.309510e+05 
8.042700e+03 3.437881e+07 1.208656e+06 
7.156050e+03 2.875464e+07 1.617271e+06 
8.702700e+03 3.706283e+07 9.363151e+05 
6.430150e+03 2.602488e+07 2.042869e+06 
8.728000e+03 3.671884e+07 9.820330e+05 
7.175050e+03 2.871878e+07 1.617271e+06 
6.158650e+03 2.497259e+07 2.553587e+06 
8.010800e+03 3.387931e+07 1.276793e+06 
6.563600e+03 2.669850e+07 1.957750e+06 
7.931050e+03 3.410564e+07 1.276793e+06 
7.573750e+03 2.962962e+07 1.532152e+06 
6.449950e+03 2.600347e+07 2.042869e+06 
7.479250e+03 2.986304e+07 1.435279e+06 
7.054250e+03 2.831791e+07 1.702391e+06 
7.122300e+03 2.865725e+07 1.659831e+06 
9.161950e+03 3.827906e+07 8.309510e+05 
7.989750e+03 3.168907e+07 1.284197e+06 
8.071850e+03 3.398996e+07 1.191674e+06 
7.847350e+03 3.092436e+07 1.359738e+06 
6.270150e+03 2.537782e+07 2.213108e+06 
6.180700e+03 2.518095e+07 2.468467e+06 
6.289150e+03 2.527148e+07 2.213108e+06 
7.510900e+03 2.971024e+07 1.510820e+06 
7.853600e+03 3.065773e+07 1.359738e+06 
8.504600e+03 3.606063e+07 1.106554e+06 
6.196850e+03 2.503189e+07 2.383347e+06 
7.423300e+03 2.969701e+07 1.585351e+06 
8.975650e+03 3.757611e+07 9.064920e+05 
8.399650e+03 3.468967e+07 1.133115e+06 
6.354350e+03 2.579871e+07 2.127989e+06 
7.051500e+03 2.863993e+07 1.787511e+06 
6.365400e+03 2.568188e+07 2.127989e+06 
6.554400e+03 2.670331e+07 1.957750e+06 
9.255200e+03 3.815555e+07 8.511955e+05 
8.262750e+03 3.522316e+07 1.133115e+06 
6.165650e+03 2.494849e+07 2.553587e+06 
8.646900e+03 3.656543e+07 1.021435e+06 
7.459300e+03 2.988694e+07 1.500231e+06 
9.002550e+03 3.769018e+07 9.043945e+05 
6.707400e+03 2.713647e+07 1.872630e+06 
8.984300e+03 3.724332e+07 9.064920e+05 
7.801150e+03 3.056966e+07 1.415112e+06 
7.912900e+03 3.154275e+07 1.329992e+06 
8.205900e+03 3.515862e+07 1.159753e+06 
6.264300e+03 2.518113e+07 2.298228e+06 
6.234050e+03 2.536420e+07 2.298228e+06 
6.711800e+03 2.706267e+07 1.872630e+06 
6.344700e+03 2.593128e+07 2.127989e+06 

7.492450e+03 3.035842e+07 1.415112e+06 
6.398000e+03 2.585614e+07 2.213108e+06 
6.485050e+03 2.646661e+07 2.127989e+06 
7.666650e+03 3.112726e+07 1.284197e+06 
9.816150e+03 4.026824e+07 9.820330e+05 
6.840300e+03 2.751183e+07 1.872630e+06 
7.778050e+03 3.133336e+07 1.208656e+06 
1.049065e+04 4.204541e+07 9.029603e+05 
6.266900e+03 2.541285e+07 2.468467e+06 
1.033655e+04 4.123159e+07 9.064920e+05 
1.056420e+04 4.216693e+07 8.809373e+05 
6.257850e+03 2.563634e+07 2.468467e+06 
6.292600e+03 2.553212e+07 2.383347e+06 
6.492450e+03 2.654050e+07 2.042869e+06 
6.279500e+03 2.578382e+07 2.298228e+06 
6.631100e+03 2.688090e+07 1.957750e+06 
6.880450e+03 2.830308e+07 1.787511e+06 
7.579550e+03 3.073293e+07 1.329992e+06 
7.334850e+03 2.929539e+07 1.532152e+06 
1.020160e+04 4.160039e+07 9.369306e+05 
8.618000e+03 3.479891e+07 1.057574e+06 
7.231600e+03 2.961155e+07 1.532152e+06 
6.211400e+03 2.527830e+07 2.553587e+06 
1.026330e+04 4.112415e+07 9.363151e+05 
8.121450e+03 3.360309e+07 1.091033e+06 
6.267350e+03 2.570136e+07 2.383347e+06 
6.321500e+03 2.565542e+07 2.298228e+06 
7.896900e+03 3.152391e+07 1.191674e+06 
6.525050e+03 2.630440e+07 2.127989e+06 
7.313150e+03 2.970341e+07 1.447032e+06 
1.030855e+04 4.103923e+07 9.381979e+05 
7.288150e+03 2.903820e+07 1.702391e+06 
7.220950e+03 2.925720e+07 1.617271e+06 
1.069670e+04 4.302144e+07 8.641580e+05 
8.052500e+03 3.287596e+07 1.126804e+06 
7.191950e+03 2.927527e+07 1.702391e+06 
6.776400e+03 2.758267e+07 1.872630e+06 
6.520800e+03 2.639124e+07 2.042869e+06 
6.217450e+03 2.520144e+07 2.553587e+06 
8.138750e+03 3.306554e+07 1.091033e+06 
7.503750e+03 3.049905e+07 1.361913e+06 
7.308550e+03 2.906628e+07 1.617271e+06 
8.965050e+03 3.622729e+07 1.021435e+06 
7.667050e+03 3.141928e+07 1.276793e+06 
6.887850e+03 2.800316e+07 1.787511e+06 
7.847300e+03 3.127642e+07 1.276793e+06 
9.762100e+03 4.051434e+07 9.820330e+05 
8.063700e+03 3.262375e+07 1.106554e+06 
9.221800e+03 3.727957e+07 9.895141e+05 
6.358500e+03 2.603362e+07 2.213108e+06 

9.525700e+03 3.712517e+07 1.057574e+06 
6.434450e+03 2.622409e+07 2.298228e+06 
6.397350e+03 2.605686e+07 2.383347e+06 
6.461050e+03 2.630505e+07 2.127989e+06 
6.458050e+03 2.621088e+07 2.298228e+06 
6.634450e+03 2.733902e+07 1.957750e+06 
8.984000e+03 3.799663e+07 9.822461e+05 
9.699550e+03 3.792184e+07 9.895141e+05 
8.743000e+03 3.523389e+07 1.191674e+06 
6.526950e+03 2.639251e+07 2.127989e+06 
7.557350e+03 3.094374e+07 1.361913e+06 
8.207900e+03 3.312987e+07 1.284197e+06 
6.417900e+03 2.628060e+07 2.298228e+06 
9.567600e+03 3.701837e+07 1.057574e+06 
7.408550e+03 3.041366e+07 1.447032e+06 
8.869100e+03 3.747973e+07 1.057574e+06 
6.954550e+03 2.860512e+07 1.617271e+06 
6.896850e+03 2.816253e+07 1.787511e+06 
7.414050e+03 3.019212e+07 1.447032e+06 
8.205500e+03 3.372532e+07 1.208656e+06 
7.993600e+03 3.196485e+07 1.359738e+06 
7.555000e+03 3.094454e+07 1.361913e+06 
7.397350e+03 3.052418e+07 1.510820e+06 
8.129300e+03 3.333330e+07 1.287433e+06 
1.001710e+04 3.993000e+07 9.524178e+05 
8.169050e+03 3.326173e+07 1.284197e+06 
7.109450e+03 2.944261e+07 1.532152e+06 
8.165700e+03 3.458674e+07 1.208656e+06 
8.090400e+03 3.350191e+07 1.284197e+06 
8.114700e+03 3.328638e+07 1.319353e+06 
1.005380e+04 3.986777e+07 9.820330e+05 
6.920150e+03 2.836540e+07 1.702391e+06 
1.012855e+04 3.986984e+07 9.524178e+05 
7.429000e+03 3.053287e+07 1.435279e+06 
6.395700e+03 2.613134e+07 2.468467e+06 
8.319800e+03 3.346742e+07 1.244873e+06 
6.856950e+03 2.802811e+07 1.872630e+06 
8.821800e+03 3.591076e+07 1.106554e+06 
6.531250e+03 2.660254e+07 2.042869e+06 
6.904750e+03 2.800625e+07 1.872630e+06 
6.888050e+03 2.826333e+07 1.787511e+06 
6.925950e+03 2.827162e+07 1.702391e+06 
6.393500e+03 2.615896e+07 2.383347e+06 
8.887900e+03 3.576008e+07 1.106554e+06 
7.458750e+03 3.033432e+07 1.435279e+06 
6.899150e+03 2.815159e+07 1.787511e+06 
6.899450e+03 2.810207e+07 1.787511e+06 
7.137050e+03 2.936926e+07 1.532152e+06 
7.144050e+03 2.934963e+07 1.532152e+06 
6.848150e+03 2.814401e+07 1.872630e+06 

6.256350e+03 2.543033e+07 2.553587e+06 
9.624200e+03 3.842077e+07 9.064920e+05 
6.578200e+03 2.708683e+07 2.042869e+06 
8.556050e+03 3.454597e+07 1.106554e+06 
7.624700e+03 3.180788e+07 1.404473e+06 
6.267350e+03 2.569226e+07 2.383347e+06 
8.748850e+03 3.550977e+07 1.074634e+06 
8.958850e+03 3.636458e+07 9.703035e+05 
6.230250e+03 2.532990e+07 2.468467e+06 
6.289100e+03 2.569799e+07 2.298228e+06 
6.306800e+03 2.579763e+07 2.213108e+06 
8.498550e+03 3.427050e+07 1.191674e+06 
6.275700e+03 2.547223e+07 2.383347e+06 
9.651950e+03 3.914701e+07 8.511955e+05 
7.355700e+03 3.106244e+07 1.435279e+06 
6.602450e+03 2.705342e+07 2.042869e+06 
9.439900e+03 3.871384e+07 9.019924e+05 
6.711500e+03 2.798682e+07 1.702391e+06 
6.826700e+03 2.849449e+07 1.617271e+06 
6.242950e+03 2.550868e+07 2.383347e+06 
8.051450e+03 3.291319e+07 1.276793e+06 
7.056400e+03 3.000524e+07 1.510820e+06 
6.310500e+03 2.579474e+07 2.213108e+06 
6.663950e+03 2.732691e+07 1.872630e+06 
9.493150e+03 3.848295e+07 8.674190e+05 
9.465550e+03 3.808541e+07 9.363151e+05 
6.303900e+03 2.588290e+07 2.213108e+06 
8.753450e+03 3.569633e+07 1.021888e+06 
9.389650e+03 3.844719e+07 9.363151e+05 
6.365800e+03 2.639587e+07 2.127989e+06 
8.389200e+03 3.465210e+07 1.191674e+06 
7.646250e+03 3.204004e+07 1.361913e+06 
6.598350e+03 2.706290e+07 2.042869e+06 
6.274900e+03 2.549800e+07 2.383347e+06 
7.712650e+03 3.195565e+07 1.361913e+06 
7.347600e+03 3.107384e+07 1.489592e+06 
8.100000e+03 3.307247e+07 1.284197e+06 
6.278350e+03 2.576602e+07 2.298228e+06 
7.377200e+03 3.080015e+07 1.435279e+06 
6.990100e+03 2.960216e+07 1.532152e+06 
6.600600e+03 2.708992e+07 1.957750e+06 
6.778650e+03 2.791996e+07 1.702391e+06 
7.960750e+03 3.313336e+07 1.276793e+06 
6.751550e+03 2.806171e+07 1.702391e+06 
9.778750e+03 3.909872e+07 8.674190e+05 
8.742450e+03 3.575571e+07 1.106554e+06 
6.758300e+03 2.775307e+07 1.787511e+06 
6.276250e+03 2.584269e+07 2.298228e+06 
9.339250e+03 3.846205e+07 9.363151e+05 
8.785050e+03 3.596194e+07 1.021435e+06 

6.922550e+03 2.913720e+07 1.586361e+06 
9.541050e+03 3.850702e+07 9.300608e+05 
9.286350e+03 3.760822e+07 9.381979e+05 
8.467950e+03 3.471021e+07 1.208656e+06 
7.797800e+03 3.238357e+07 1.361913e+06 
6.816300e+03 2.838038e+07 1.787511e+06 
6.198550e+03 2.521515e+07 2.468467e+06 
8.930850e+03 3.554799e+07 1.106554e+06 
9.223300e+03 3.817034e+07 9.881893e+05 
9.234750e+03 3.703662e+07 1.021435e+06 
7.668100e+03 3.264325e+07 1.361913e+06 
8.598850e+03 3.443009e+07 1.208656e+06 
6.428700e+03 2.659722e+07 2.042869e+06 
6.198900e+03 2.510010e+07 2.468467e+06 
6.284950e+03 2.540838e+07 2.298228e+06 
6.558950e+03 2.692051e+07 1.957750e+06 
9.636050e+03 3.839961e+07 9.363151e+05 
6.962900e+03 2.889242e+07 1.586361e+06 
6.356000e+03 2.646938e+07 2.127989e+06 
6.410900e+03 2.663743e+07 2.042869e+06 
8.169250e+03 3.406762e+07 1.284197e+06 
6.821150e+03 2.862615e+07 1.702391e+06 
6.265550e+03 2.516241e+07 2.383347e+06 
8.533600e+03 3.425879e+07 1.276793e+06 
6.920800e+03 2.895570e+07 1.617271e+06 
7.055450e+03 2.919066e+07 1.532152e+06 
6.204150e+03 2.519871e+07 2.383347e+06 
7.802750e+03 3.317189e+07 1.359738e+06 
6.238350e+03 2.534235e+07 2.383347e+06 
7.850050e+03 3.301374e+07 1.359738e+06 
7.226400e+03 2.950336e+07 1.447032e+06 
6.381450e+03 2.584428e+07 2.127989e+06 
6.993150e+03 2.856419e+07 1.702391e+06 
7.745650e+03 3.246149e+07 1.361913e+06 
7.108100e+03 2.963089e+07 1.510820e+06 
6.620850e+03 2.731184e+07 1.872630e+06 
8.835550e+03 3.475800e+07 1.191674e+06 
9.410250e+03 3.760754e+07 9.820330e+05 
6.354300e+03 2.570866e+07 2.213108e+06 
6.516800e+03 2.718001e+07 1.957750e+06 
8.556800e+03 3.504813e+07 1.133115e+06 
7.022650e+03 2.877025e+07 1.617271e+06 
7.254200e+03 2.938861e+07 1.510820e+06 
6.340550e+03 2.587224e+07 2.213108e+06 
7.302800e+03 2.990667e+07 1.435279e+06 
7.175300e+03 3.012285e+07 1.435279e+06 
6.276300e+03 2.559138e+07 2.298228e+06 
6.592750e+03 2.738649e+07 1.872630e+06 
6.193050e+03 2.525009e+07 2.553587e+06 
8.514600e+03 3.461036e+07 1.208656e+06 

8.176350e+03 3.268140e+07 1.106554e+06 
6.737950e+03 2.773142e+07 1.872630e+06 
7.062850e+03 2.907149e+07 1.586361e+06 
6.469500e+03 2.642923e+07 2.213108e+06 
7.033600e+03 2.882132e+07 1.617271e+06 
6.321850e+03 2.580214e+07 2.298228e+06 
6.583300e+03 2.688919e+07 2.042869e+06 
7.372600e+03 2.989503e+07 1.361913e+06 
6.820200e+03 2.815888e+07 1.702391e+06 
6.757300e+03 2.761459e+07 1.872630e+06 
6.725900e+03 2.716720e+07 1.957750e+06 
8.123750e+03 3.233025e+07 1.133115e+06 
6.604150e+03 2.686899e+07 2.042869e+06 
6.721100e+03 2.717786e+07 1.957750e+06 
7.178700e+03 2.933774e+07 1.532152e+06 
7.963900e+03 3.175171e+07 1.284197e+06 
6.302600e+03 2.583974e+07 2.383347e+06 
6.289500e+03 2.555901e+07 2.468467e+06 
7.371000e+03 3.006611e+07 1.361913e+06 
7.259600e+03 2.970751e+07 1.447032e+06 
7.952950e+03 3.185055e+07 1.284197e+06 
6.614450e+03 2.684287e+07 2.042869e+06 
8.012850e+03 3.194340e+07 1.159753e+06 
9.953750e+03 3.845995e+07 9.363151e+05 
7.961850e+03 3.210006e+07 1.276793e+06 
7.062950e+03 2.876113e+07 1.617271e+06 
6.709000e+03 2.728732e+07 1.957750e+06 
8.299000e+03 3.287338e+07 1.074634e+06 
9.940850e+03 3.873722e+07 1.021435e+06 
6.307050e+03 2.594259e+07 2.298228e+06 
7.263750e+03 2.967119e+07 1.447032e+06 
6.806000e+03 2.792840e+07 1.787511e+06 
8.088150e+03 3.261164e+07 1.133115e+06 
6.569100e+03 2.678173e+07 2.127989e+06 
7.623300e+03 3.136797e+07 1.329992e+06 
7.158950e+03 2.904841e+07 1.586361e+06 
8.289850e+03 3.323411e+07 1.057574e+06 
7.221100e+03 2.926840e+07 1.532152e+06 
7.285000e+03 2.963767e+07 1.447032e+06 
6.302200e+03 2.587955e+07 2.383347e+06 
6.947600e+03 2.885931e+07 1.617271e+06 
6.323500e+03 2.578710e+07 2.383347e+06 
6.694800e+03 2.734490e+07 1.957750e+06 
8.233850e+03 3.244409e+07 1.077618e+06 
8.249600e+03 3.339669e+07 1.074634e+06 
6.568700e+03 2.698696e+07 2.127989e+06 
6.315650e+03 2.578892e+07 2.383347e+06 
7.313250e+03 2.974149e+07 1.415112e+06 
8.062700e+03 3.238289e+07 1.149114e+06 
8.614300e+03 3.401810e+07 1.055261e+06 

7.599150e+03 3.122730e+07 1.284197e+06 
6.334650e+03 2.588557e+07 2.127989e+06 
7.487150e+03 3.056262e+07 1.359738e+06 
6.460100e+03 2.657272e+07 2.042869e+06 
7.613750e+03 3.098411e+07 1.284197e+06 
9.368550e+03 3.841980e+07 8.942892e+05 
8.353400e+03 3.353333e+07 1.057574e+06 
6.731700e+03 2.813432e+07 1.787511e+06 
6.654150e+03 2.783307e+07 1.957750e+06 
7.375400e+03 3.014441e+07 1.447032e+06 
8.966150e+03 3.647089e+07 9.881893e+05 
6.814050e+03 2.801119e+07 1.702391e+06 
6.774350e+03 2.826661e+07 1.702391e+06 
6.268450e+03 2.545462e+07 2.298228e+06 
6.692800e+03 2.807881e+07 1.925829e+06 
6.245750e+03 2.549766e+07 2.383347e+06 
6.238750e+03 2.551043e+07 2.383347e+06 
9.264450e+03 3.814236e+07 9.064920e+05 
6.342900e+03 2.579882e+07 2.127989e+06 
7.434000e+03 3.005680e+07 1.361913e+06 
7.855750e+03 3.185550e+07 1.276793e+06 
6.318000e+03 2.573601e+07 2.213108e+06 
6.729150e+03 2.835619e+07 1.787511e+06 
6.833200e+03 2.796877e+07 1.702391e+06 
6.327300e+03 2.572861e+07 2.213108e+06 
9.498250e+03 3.865956e+07 8.585176e+05 
6.678900e+03 2.779056e+07 1.957750e+06 
7.610250e+03 3.114462e+07 1.284197e+06 
7.583350e+03 3.127759e+07 1.329992e+06 
6.839950e+03 2.852195e+07 1.617271e+06 
7.532750e+03 3.045047e+07 1.359738e+06 
7.408200e+03 2.993704e+07 1.447032e+06 
7.860350e+03 3.217582e+07 1.133115e+06 
7.491950e+03 3.047550e+07 1.359738e+06 
9.183900e+03 3.708558e+07 9.363151e+05 
6.717500e+03 2.801079e+07 1.840710e+06 
6.735800e+03 2.795828e+07 1.787511e+06 
7.842850e+03 3.191735e+07 1.208656e+06 
6.220050e+03 2.546217e+07 2.468467e+06 
6.267100e+03 2.550490e+07 2.298228e+06 
6.225600e+03 2.546121e+07 2.468467e+06 
6.700200e+03 2.792358e+07 1.872630e+06 
7.324900e+03 2.983255e+07 1.532152e+06 
6.383150e+03 2.572402e+07 2.213108e+06 
6.218700e+03 2.556852e+07 2.553587e+06 
6.704400e+03 2.807687e+07 1.840710e+06 
7.786450e+03 3.194913e+07 1.191674e+06 
6.333700e+03 2.596315e+07 2.127989e+06 
6.246900e+03 2.546203e+07 2.383347e+06 
6.743300e+03 2.807677e+07 1.755590e+06 

6.308800e+03 2.575672e+07 2.468467e+06 
6.848750e+03 2.814491e+07 1.872630e+06 
9.204750e+03 3.655837e+07 1.021435e+06 
6.875900e+03 2.822113e+07 1.787511e+06 
6.311400e+03 2.575567e+07 2.468467e+06 
9.053000e+03 3.652878e+07 1.074634e+06 
6.413500e+03 2.646229e+07 2.298228e+06 
6.237150e+03 2.553847e+07 2.553587e+06 
7.519200e+03 3.020146e+07 1.500231e+06 
7.326500e+03 2.955817e+07 1.617271e+06 
8.123400e+03 3.333408e+07 1.208656e+06 
6.513700e+03 2.665949e+07 2.213108e+06 
6.298800e+03 2.575874e+07 2.468467e+06 
9.611500e+03 4.025203e+07 9.820330e+05 
9.333350e+03 3.642679e+07 1.074634e+06 
7.792250e+03 3.099316e+07 1.435279e+06 
6.539950e+03 2.673243e+07 2.127989e+06 
8.077050e+03 3.279381e+07 1.284197e+06 
6.501850e+03 2.677416e+07 2.127989e+06 
6.501950e+03 2.677051e+07 2.213108e+06 
6.853250e+03 2.792616e+07 1.872630e+06 
7.553350e+03 3.008632e+07 1.510820e+06 
7.471900e+03 2.988599e+07 1.532152e+06 
6.799800e+03 2.790657e+07 1.957750e+06 
9.853600e+03 3.935811e+07 8.942892e+05 
6.526400e+03 2.672945e+07 2.127989e+06 
8.067500e+03 3.284981e+07 1.284197e+06 
9.241800e+03 3.710716e+07 9.895141e+05 
6.599600e+03 2.704320e+07 2.042869e+06 
8.001000e+03 3.259395e+07 1.361913e+06 
9.156800e+03 3.587565e+07 1.133115e+06 
6.272900e+03 2.564559e+07 2.553587e+06 
9.740950e+03 3.938899e+07 9.363151e+05 
7.347100e+03 2.889542e+07 1.670470e+06 
6.879850e+03 2.810334e+07 1.872630e+06 
7.634400e+03 3.061789e+07 1.435279e+06 
8.787750e+03 3.517691e+07 1.133115e+06 
8.764350e+03 3.550658e+07 1.191674e+06 
7.357700e+03 2.893869e+07 1.617271e+06 
9.691600e+03 3.849537e+07 8.985561e+05 
8.194650e+03 3.318966e+07 1.276793e+06 
9.672700e+03 3.874323e+07 9.337938e+05 
6.378000e+03 2.628074e+07 2.383347e+06 
8.076100e+03 3.274378e+07 1.359738e+06 
7.164200e+03 2.858095e+07 1.702391e+06 
7.517450e+03 2.909753e+07 1.617271e+06 
7.667600e+03 3.051579e+07 1.447032e+06 
7.605200e+03 3.051635e+07 1.447032e+06 
6.395450e+03 2.598318e+07 2.468467e+06 
7.339800e+03 2.937945e+07 1.617271e+06 

7.889550e+03 3.123049e+07 1.244873e+06 
7.911200e+03 3.140254e+07 1.191674e+06 
6.690950e+03 2.705600e+07 1.872630e+06 
6.295200e+03 2.550404e+07 2.298228e+06 
8.656400e+03 3.495905e+07 1.057574e+06 
9.135100e+03 3.671947e+07 9.837181e+05 
9.069900e+03 3.686335e+07 9.837181e+05 
7.873050e+03 3.120890e+07 1.276793e+06 
6.991850e+03 2.855668e+07 1.447032e+06 
9.645450e+03 4.010658e+07 8.764034e+05 
6.248550e+03 2.513267e+07 2.468467e+06 
9.751050e+03 3.864728e+07 9.029603e+05 
6.639350e+03 2.694767e+07 1.957750e+06 
6.429000e+03 2.596719e+07 2.127989e+06 
8.754000e+03 3.554870e+07 1.057574e+06 
6.408700e+03 2.580771e+07 2.042869e+06 
6.410600e+03 2.575862e+07 2.213108e+06 
8.308750e+03 3.379573e+07 1.133115e+06 
6.987450e+03 2.777838e+07 1.702391e+06 
6.405100e+03 2.588894e+07 2.213108e+06 
6.292000e+03 2.552458e+07 2.298228e+06 
9.599050e+03 3.999083e+07 9.064920e+05 
8.571900e+03 3.501297e+07 1.057574e+06 
7.679900e+03 3.063166e+07 1.329992e+06 
6.404650e+03 2.604781e+07 2.213108e+06 
6.281350e+03 2.537362e+07 2.383347e+06 
8.288750e+03 3.394144e+07 1.149114e+06 
8.007900e+03 3.178807e+07 1.276793e+06 
6.322150e+03 2.534854e+07 2.383347e+06 
6.818800e+03 2.739522e+07 1.787511e+06 
6.272400e+03 2.539041e+07 2.383347e+06 
9.064000e+03 3.703323e+07 9.837181e+05 
9.778700e+03 3.938196e+07 8.764034e+05 
6.295050e+03 2.547319e+07 2.298228e+06 
6.204050e+03 2.509952e+07 2.468467e+06 
9.549150e+03 3.984365e+07 9.820330e+05 
8.386100e+03 3.435487e+07 1.063994e+06 
9.726800e+03 3.853382e+07 9.788749e+05 
6.965100e+03 2.818534e+07 1.532152e+06 
6.963450e+03 2.817409e+07 1.532152e+06 
9.712750e+03 3.988595e+07 9.064920e+05 
6.853950e+03 2.754347e+07 1.702391e+06 
7.857800e+03 3.125592e+07 1.276793e+06 
9.734650e+03 4.067545e+07 9.064920e+05 
7.211650e+03 2.931547e+07 1.361913e+06 
6.643000e+03 2.687292e+07 1.957750e+06 
9.517850e+03 3.986794e+07 9.820330e+05 
8.877150e+03 3.595656e+07 1.021435e+06 
6.919500e+03 2.811817e+07 1.617271e+06 
9.614000e+03 3.935652e+07 9.121750e+05 

6.977000e+03 2.876986e+07 1.787511e+06 
6.444550e+03 2.637747e+07 2.298228e+06 
6.230450e+03 2.519317e+07 2.553587e+06 
6.647750e+03 2.748703e+07 2.042869e+06 
9.389000e+03 3.893236e+07 9.820330e+05 
6.452250e+03 2.626943e+07 2.298228e+06 
8.014200e+03 3.259410e+07 1.329992e+06 
7.526800e+03 3.122011e+07 1.284197e+06 
8.126950e+03 3.346312e+07 1.133115e+06 
7.567950e+03 3.111912e+07 1.361913e+06 
6.264700e+03 2.532573e+07 2.553587e+06 
8.439150e+03 3.389802e+07 1.057574e+06 
6.243800e+03 2.530591e+07 2.468467e+06 
6.645200e+03 2.761514e+07 2.042869e+06 
7.071500e+03 2.929637e+07 1.617271e+06 
6.655200e+03 2.740446e+07 2.042869e+06 
7.189650e+03 2.965148e+07 1.361913e+06 
8.414650e+03 3.405335e+07 1.057574e+06 
7.903150e+03 3.194832e+07 1.276793e+06 
7.870650e+03 3.251920e+07 1.276793e+06 
7.058500e+03 2.907223e+07 1.702391e+06 
8.052400e+03 3.236126e+07 1.244873e+06 
9.717850e+03 4.044072e+07 9.363151e+05 
6.860350e+03 2.790201e+07 1.872630e+06 
8.299650e+03 3.353292e+07 1.106554e+06 
6.632550e+03 2.727576e+07 2.127989e+06 
7.915000e+03 3.248442e+07 1.244873e+06 
7.088600e+03 2.911848e+07 1.532152e+06 
8.076700e+03 3.275596e+07 1.208656e+06 
7.322500e+03 3.022767e+07 1.359738e+06 
6.841800e+03 2.797157e+07 1.872630e+06 
9.776550e+03 3.979644e+07 9.363151e+05 
8.046800e+03 3.280217e+07 1.159753e+06 
6.298000e+03 2.526972e+07 2.468467e+06 
8.503850e+03 3.425950e+07 1.021435e+06 
6.624950e+03 2.735804e+07 2.127989e+06 
8.201350e+03 3.338439e+07 1.133115e+06 
7.110800e+03 2.939123e+07 1.447032e+06 
9.802150e+03 3.976798e+07 9.363151e+05 
6.235700e+03 2.518873e+07 2.553587e+06 
6.848000e+03 2.795374e+07 1.872630e+06 
7.482200e+03 3.111465e+07 1.329992e+06 
7.071300e+03 2.942994e+07 1.617271e+06 
6.790950e+03 2.773156e+07 1.957750e+06 
7.074950e+03 2.928189e+07 1.617271e+06 
7.973300e+03 3.292195e+07 1.208656e+06 
6.270450e+03 2.541903e+07 2.468467e+06 
6.337350e+03 2.563106e+07 2.383347e+06 
6.491000e+03 2.647839e+07 2.213108e+06 
7.079600e+03 2.912688e+07 1.532152e+06 

