2.904631e+02 5.728584e+07 5.329125e+06 
2.800649e+02 5.425906e+07 6.583038e+06 
4.169632e+02 5.331362e+07 5.015648e+06 
4.142884e+02 5.600969e+07 4.075213e+06 
2.679478e+02 5.692007e+07 6.004309e+06 
2.460534e+02 5.727284e+07 6.100764e+06 
2.088588e+02 5.816221e+07 6.679492e+06 
3.008971e+02 5.317982e+07 6.486583e+06 
2.768231e+02 5.449015e+07 6.583038e+06 
4.336630e+02 5.703137e+07 3.303574e+06 
2.675510e+02 5.497763e+07 6.679492e+06 
3.643443e+02 5.977531e+07 3.689394e+06 
3.017019e+02 5.758749e+07 4.943306e+06 
3.963249e+02 5.139251e+07 5.714944e+06 
4.258299e+02 5.117290e+07 5.618490e+06 
2.718659e+02 5.482490e+07 6.583038e+06 
4.233186e+02 5.322388e+07 5.039761e+06 
3.665345e+02 5.948932e+07 3.592939e+06 
2.438766e+02 5.632699e+07 6.679492e+06 
3.717573e+02 5.869401e+07 3.400029e+06 
3.804080e+02 5.975683e+07 3.110665e+06 
4.438683e+02 5.761893e+07 3.110665e+06 
4.554612e+02 5.119687e+07 5.184444e+06 
3.451675e+02 5.748191e+07 4.268122e+06 
2.387012e+02 5.807612e+07 6.390128e+06 
3.777983e+02 5.930925e+07 3.207120e+06 
2.908758e+02 5.358595e+07 6.486583e+06 
3.896688e+02 5.577267e+07 4.461032e+06 
4.295368e+02 5.657883e+07 3.496484e+06 
2.757271e+02 5.457383e+07 6.583038e+06 
4.115473e+02 5.374044e+07 4.919193e+06 
2.558054e+02 5.543316e+07 6.679492e+06 
3.842439e+02 5.161126e+07 5.907854e+06 
3.893452e+02 5.259212e+07 5.594376e+06 
2.963162e+02 5.329026e+07 6.173105e+06 
3.533905e+02 5.928588e+07 3.978758e+06 
3.430254e+02 5.194306e+07 6.148992e+06 
3.880929e+02 5.919739e+07 3.086552e+06 
4.044879e+02 5.567812e+07 4.461032e+06 
3.289670e+02 5.797842e+07 4.557487e+06 
4.202520e+02 5.608160e+07 3.689394e+06 
2.296433e+02 5.698148e+07 6.679492e+06 
4.604283e+02 5.254314e+07 5.087989e+06 
2.880476e+02 5.392237e+07 6.486583e+06 
2.097646e+02 5.779941e+07 6.679492e+06 
3.237518e+02 5.227734e+07 6.583038e+06 
2.191304e+02 5.718889e+07 6.679492e+06 
3.099928e+02 5.265894e+07 6.269560e+06 
3.041207e+02 5.451903e+07 5.907854e+06 
2.136379e+02 5.754662e+07 6.679492e+06 

3.245233e+02 5.181917e+07 6.124879e+06 
4.166486e+02 5.362948e+07 4.870966e+06 
2.724570e+02 5.774210e+07 5.618490e+06 
3.582005e+02 5.767923e+07 4.533374e+06 
4.221438e+02 5.334308e+07 4.991534e+06 
3.651050e+02 5.041692e+07 6.124879e+06 
3.947058e+02 5.123179e+07 5.642605e+06 
3.143335e+02 5.740325e+07 5.184444e+06 
2.499719e+02 5.655218e+07 6.679492e+06 
4.361217e+02 5.435311e+07 4.702170e+06 
3.308229e+02 5.152946e+07 6.124879e+06 
3.429272e+02 5.132881e+07 6.124879e+06 
3.452551e+02 5.095335e+07 6.124879e+06 
3.387525e+02 5.143100e+07 6.124879e+06 
2.088588e+02 5.816221e+07 6.679492e+06 
2.458690e+02 5.779223e+07 6.293673e+06 
2.817467e+02 5.469524e+07 6.583038e+06 
3.780681e+02 5.075026e+07 5.835514e+06 
2.651409e+02 5.761602e+07 5.811399e+06 
2.480679e+02 5.773366e+07 6.100764e+06 
2.615140e+02 5.576924e+07 6.583038e+06 
4.137609e+02 5.422238e+07 4.798625e+06 
2.702170e+02 5.515838e+07 6.583038e+06 
3.921783e+02 5.301641e+07 5.256786e+06 
2.144270e+02 5.739845e+07 6.679492e+06 
3.537351e+02 5.084315e+07 6.124879e+06 
2.666980e+02 5.549749e+07 6.583038e+06 
4.221621e+02 5.305547e+07 5.160331e+06 
3.871445e+02 5.089454e+07 5.739060e+06 
3.930394e+02 5.073700e+07 5.931969e+06 
3.884399e+02 5.209570e+07 5.449695e+06 
2.960930e+02 5.328795e+07 6.583038e+06 
2.254384e+02 5.677138e+07 6.679492e+06 
3.874336e+02 5.268342e+07 5.353240e+06 
3.619602e+02 5.045108e+07 6.124879e+06 
3.226532e+02 5.212847e+07 6.124879e+06 
2.904891e+02 5.380784e+07 6.583038e+06 
2.321457e+02 5.747306e+07 6.583038e+06 
2.128815e+02 5.766205e+07 6.679492e+06 
3.578009e+02 5.070914e+07 6.124879e+06 
2.922712e+02 5.838412e+07 5.329125e+06 
3.162247e+02 5.251146e+07 6.245447e+06 
3.417885e+02 5.642894e+07 4.605715e+06 
2.171566e+02 5.727160e+07 6.679492e+06 
2.844134e+02 5.415721e+07 6.583038e+06 
3.204268e+02 5.770381e+07 4.991534e+06 
2.546131e+02 5.601384e+07 6.583038e+06 
3.648194e+02 5.665921e+07 4.412806e+06 
4.159782e+02 5.440694e+07 4.509260e+06 
2.780134e+02 5.498670e+07 6.583038e+06 

3.138359e+02 5.263391e+07 6.486583e+06 
2.550028e+02 5.527360e+07 6.679492e+06 
2.382800e+02 5.635774e+07 6.679492e+06 
2.328038e+02 5.694639e+07 6.679492e+06 
2.445600e+02 5.581375e+07 6.679492e+06 
3.407633e+02 5.780244e+07 4.171668e+06 
3.256079e+02 5.736938e+07 4.653942e+06 
3.000385e+02 5.366730e+07 6.583038e+06 
4.031366e+02 5.732662e+07 3.568826e+06 
4.154365e+02 5.189731e+07 5.401467e+06 
3.147386e+02 5.725810e+07 5.232670e+06 
2.521276e+02 5.757990e+07 6.197218e+06 
4.165027e+02 5.575550e+07 3.785848e+06 
3.373603e+02 5.736171e+07 4.364577e+06 
2.088588e+02 5.816221e+07 6.679492e+06 
2.305762e+02 5.766587e+07 6.486583e+06 
2.920236e+02 5.780874e+07 5.618490e+06 
4.008092e+02 5.390696e+07 4.533374e+06 
3.217819e+02 5.223175e+07 6.486583e+06 
2.501453e+02 5.540942e+07 6.583038e+06 
3.058576e+02 5.327604e+07 6.583038e+06 
2.194415e+02 5.786222e+07 6.583038e+06 
4.552817e+02 5.303826e+07 4.822738e+06 
2.952376e+02 5.395399e+07 6.583038e+06 
3.999444e+02 5.413000e+07 4.436919e+06 
3.882802e+02 5.212929e+07 5.714944e+06 
3.152139e+02 5.242842e+07 6.486583e+06 
4.109048e+02 5.506498e+07 3.978758e+06 
2.869604e+02 5.833810e+07 5.714944e+06 
3.126009e+02 5.355534e+07 6.293673e+06 
2.234366e+02 5.714421e+07 6.679492e+06 
3.704998e+02 5.746108e+07 3.785848e+06 
2.139860e+02 5.775087e+07 6.679492e+06 
2.481381e+02 5.560766e+07 6.679492e+06 
2.716736e+02 5.878965e+07 5.811399e+06 
2.688198e+02 5.471459e+07 6.679492e+06 
3.115182e+02 5.297089e+07 6.486583e+06 
4.041429e+02 5.707452e+07 3.689394e+06 
4.063044e+02 5.139730e+07 5.594376e+06 
2.581520e+02 5.485113e+07 6.679492e+06 
2.808512e+02 5.441635e+07 6.679492e+06 
3.189125e+02 5.771905e+07 4.943306e+06 
3.929084e+02 5.177120e+07 5.811399e+06 
2.995997e+02 5.713092e+07 5.522035e+06 
4.210942e+02 5.131647e+07 5.497922e+06 
2.165826e+02 5.737194e+07 6.679492e+06 
2.870756e+02 5.408634e+07 6.462470e+06 
3.964272e+02 5.480395e+07 4.171668e+06 
4.271061e+02 5.229409e+07 5.208557e+06 
4.219714e+02 5.471865e+07 4.244009e+06 

3.973985e+02 5.112392e+07 5.883741e+06 
3.759320e+02 5.429796e+07 4.605715e+06 
4.107588e+02 5.137116e+07 5.497922e+06 
2.931241e+02 5.410384e+07 6.558924e+06 
3.057511e+02 5.341363e+07 6.341902e+06 
3.646121e+02 5.797298e+07 3.544712e+06 
2.972566e+02 5.862827e+07 5.208557e+06 
3.545688e+02 5.927407e+07 3.351803e+06 
2.963682e+02 5.392197e+07 6.558924e+06 
3.410351e+02 5.180410e+07 6.269560e+06 
2.088588e+02 5.816221e+07 6.679492e+06 
3.038922e+02 5.929314e+07 4.822738e+06 
3.768184e+02 5.278633e+07 4.798625e+06 
2.705611e+02 5.700755e+07 5.907854e+06 
4.067501e+02 5.078769e+07 5.883741e+06 
3.872084e+02 5.234597e+07 4.798625e+06 
3.991559e+02 5.656480e+07 4.557487e+06 
3.987076e+02 5.088150e+07 5.883741e+06 
3.286062e+02 5.925350e+07 3.954645e+06 
2.648425e+02 5.491597e+07 6.679492e+06 
2.477558e+02 5.575925e+07 6.679492e+06 
3.470989e+02 5.144063e+07 6.341902e+06 
3.787329e+02 5.852625e+07 3.255348e+06 
3.873178e+02 5.668969e+07 4.436919e+06 
2.207077e+02 5.705928e+07 6.679492e+06 
2.145082e+02 5.728728e+07 6.679492e+06 
3.153048e+02 5.298709e+07 6.341902e+06 
3.739916e+02 5.699552e+07 3.954645e+06 
3.946330e+02 5.304835e+07 4.702170e+06 
3.740697e+02 5.851812e+07 3.351803e+06 
2.119573e+02 5.747925e+07 6.679492e+06 
3.779504e+02 5.973325e+07 3.158893e+06 
3.472889e+02 5.879649e+07 3.544712e+06 
3.344610e+02 5.187202e+07 6.341902e+06 
3.495373e+02 5.133439e+07 6.462470e+06 
2.891515e+02 5.716741e+07 5.522035e+06 
3.746403e+02 5.736167e+07 3.641167e+06 
3.810932e+02 5.871011e+07 3.158893e+06 
3.270127e+02 5.207775e+07 6.341902e+06 
2.362828e+02 5.653740e+07 6.679492e+06 
2.525070e+02 5.691443e+07 6.293673e+06 
4.253804e+02 5.145666e+07 5.305012e+06 
3.170774e+02 5.896648e+07 4.412806e+06 
3.189026e+02 5.268791e+07 6.341902e+06 
3.070772e+02 5.328270e+07 6.341902e+06 
2.369103e+02 5.676369e+07 6.486583e+06 
3.435810e+02 5.880632e+07 3.641167e+06 
2.505484e+02 5.533186e+07 6.679492e+06 
3.809865e+02 5.721023e+07 3.761735e+06 
4.135769e+02 5.101881e+07 5.690831e+06 

2.662850e+02 5.500157e+07 6.486583e+06 
3.988593e+02 5.760476e+07 3.592939e+06 
3.466912e+02 5.398713e+07 5.787286e+06 
3.345091e+02 5.080238e+07 6.438356e+06 
4.141996e+02 5.110915e+07 6.341902e+06 
2.919369e+02 5.332300e+07 6.558924e+06 
4.035318e+02 5.114975e+07 5.956082e+06 
3.374884e+02 5.152370e+07 6.245447e+06 
4.153983e+02 5.620751e+07 3.592939e+06 
4.087338e+02 5.557797e+07 3.785848e+06 
3.326021e+02 5.950124e+07 4.364577e+06 
2.088588e+02 5.816221e+07 6.679492e+06 
2.736660e+02 5.447754e+07 6.583038e+06 
3.744390e+02 5.320975e+07 5.256786e+06 
3.078536e+02 5.237968e+07 6.558924e+06 
3.424805e+02 5.889133e+07 3.858190e+06 
3.495886e+02 5.242233e+07 5.859628e+06 
3.623336e+02 5.508239e+07 4.557487e+06 
2.937627e+02 5.787761e+07 5.232670e+06 
3.713795e+02 5.252111e+07 5.594376e+06 
3.498664e+02 5.470344e+07 4.750396e+06 
2.272684e+02 5.661326e+07 6.679492e+06 
3.049533e+02 5.249806e+07 6.438356e+06 
2.756407e+02 5.728409e+07 5.690831e+06 
2.567877e+02 5.607158e+07 6.486583e+06 
3.808894e+02 5.700521e+07 3.665280e+06 
3.392989e+02 5.869692e+07 4.051100e+06 
2.190068e+02 5.715146e+07 6.679492e+06 
3.240279e+02 5.297729e+07 6.245447e+06 
3.985879e+02 5.527784e+07 4.171668e+06 
3.267704e+02 5.126799e+07 6.438356e+06 
2.808764e+02 5.364856e+07 6.583038e+06 
3.957647e+02 5.551012e+07 3.978758e+06 
2.418128e+02 5.635890e+07 6.679492e+06 
2.626381e+02 5.544871e+07 6.679492e+06 
2.970982e+02 5.278665e+07 6.438356e+06 
2.292960e+02 5.654369e+07 6.679492e+06 
3.656996e+02 5.242545e+07 5.666718e+06 
3.800103e+02 5.467004e+07 4.943306e+06 
2.288552e+02 5.738464e+07 6.486583e+06 
3.155858e+02 5.162622e+07 6.438356e+06 
3.518366e+02 5.884322e+07 3.761735e+06 
3.021629e+02 5.739482e+07 5.039761e+06 
3.724957e+02 5.256933e+07 5.280899e+06 
3.155929e+02 5.851062e+07 4.653942e+06 
2.833562e+02 5.690845e+07 5.497922e+06 
3.722983e+02 5.382971e+07 5.136216e+06 
2.149110e+02 5.731633e+07 6.679492e+06 
2.508440e+02 5.759646e+07 6.100764e+06 
3.123255e+02 5.190838e+07 6.438356e+06 

3.484547e+02 5.160387e+07 6.269560e+06 
3.339524e+02 5.203201e+07 6.486583e+06 
4.073253e+02 6.035384e+07 3.303574e+06 
4.420360e+02 5.972888e+07 3.093534e+06 
3.137463e+02 5.267193e+07 6.486583e+06 
4.633628e+02 5.667491e+07 3.592939e+06 
2.776324e+02 5.461051e+07 6.366015e+06 
4.549617e+02 5.723921e+07 3.400029e+06 
3.057248e+02 5.307798e+07 6.583038e+06 
4.195814e+02 5.336321e+07 4.798625e+06 
4.123164e+02 5.327655e+07 5.184444e+06 
3.980931e+02 5.203424e+07 5.570263e+06 
4.110616e+02 5.388232e+07 4.412806e+06 
3.243636e+02 5.236434e+07 6.486583e+06 
3.570562e+02 5.143167e+07 6.269560e+06 
2.981848e+02 5.880005e+07 4.846851e+06 
2.088588e+02 5.816221e+07 6.679492e+06 
3.824037e+02 5.418470e+07 5.570263e+06 
2.622004e+02 5.928342e+07 5.618490e+06 
4.709863e+02 5.766439e+07 3.207120e+06 
2.499756e+02 5.639372e+07 6.583038e+06 
2.786693e+02 5.847447e+07 5.136216e+06 
4.447059e+02 5.900050e+07 3.110665e+06 
3.596867e+02 5.194793e+07 6.076650e+06 
4.115560e+02 5.432410e+07 4.219896e+06 
2.929390e+02 5.414680e+07 6.486583e+06 
4.292759e+02 6.006656e+07 3.093534e+06 
2.858486e+02 5.449154e+07 6.486583e+06 
2.331957e+02 5.807390e+07 6.486583e+06 
4.125942e+02 5.364454e+07 4.726283e+06 
2.156320e+02 5.730436e+07 6.679492e+06 
3.139606e+02 5.805296e+07 4.653942e+06 
4.520595e+02 5.653712e+07 3.785848e+06 
2.433172e+02 5.846946e+07 6.197218e+06 
4.152323e+02 6.040952e+07 3.110665e+06 
4.681039e+02 5.714918e+07 3.496484e+06 
4.644619e+02 5.805076e+07 3.132043e+06 
4.079756e+02 5.425630e+07 4.533374e+06 
3.005659e+02 5.359834e+07 6.486583e+06 
3.060754e+02 5.291558e+07 6.583038e+06 
2.629266e+02 5.516873e+07 6.366015e+06 
2.556964e+02 5.571674e+07 6.583038e+06 
3.269432e+02 5.873821e+07 4.268122e+06 
2.236311e+02 5.687742e+07 6.679492e+06 
4.008280e+02 5.227578e+07 5.377354e+06 
3.662650e+02 5.889770e+07 4.075213e+06 
4.017613e+02 6.076518e+07 3.400029e+06 
3.865404e+02 6.015276e+07 3.785848e+06 
4.201251e+02 5.377255e+07 4.605715e+06 
2.116479e+02 5.769215e+07 6.679492e+06 

2.783772e+02 5.440582e+07 6.679492e+06 
4.488451e+02 5.613322e+07 3.279461e+06 
3.168992e+02 5.826832e+07 4.846851e+06 
3.703504e+02 5.266910e+07 5.907854e+06 
3.369709e+02 5.293926e+07 6.293673e+06 
3.994655e+02 5.490761e+07 4.822738e+06 
2.895024e+02 5.663484e+07 5.401467e+06 
2.499856e+02 5.732075e+07 6.100764e+06 
2.943744e+02 5.396430e+07 6.583038e+06 
3.621749e+02 5.938795e+07 3.954645e+06 
2.754423e+02 5.728007e+07 5.594376e+06 
3.437684e+02 5.951826e+07 4.268122e+06 
2.088588e+02 5.816221e+07 6.679492e+06 
3.101007e+02 5.855864e+07 5.039761e+06 
3.878765e+02 5.290603e+07 5.594376e+06 
4.107912e+02 5.597855e+07 3.858190e+06 
3.339265e+02 5.820416e+07 4.461032e+06 
2.704866e+02 5.788943e+07 5.787286e+06 
2.660003e+02 5.525723e+07 6.679492e+06 
4.322348e+02 5.534675e+07 3.858190e+06 
3.635250e+02 5.388834e+07 5.714944e+06 
3.915810e+02 5.400052e+07 5.039761e+06 
2.555625e+02 5.598564e+07 6.679492e+06 
3.237091e+02 5.868436e+07 4.750396e+06 
2.487124e+02 5.656332e+07 6.679492e+06 
3.010060e+02 5.378701e+07 6.679492e+06 
2.594566e+02 5.552052e+07 6.583038e+06 
3.785811e+02 5.241062e+07 6.100764e+06 
2.729683e+02 5.481804e+07 6.679492e+06 
3.894330e+02 5.523837e+07 4.629828e+06 
2.182865e+02 5.730192e+07 6.679492e+06 
4.021981e+02 5.361963e+07 5.232670e+06 
3.855547e+02 5.812222e+07 3.568826e+06 
2.121261e+02 5.772074e+07 6.679492e+06 
3.834744e+02 5.871001e+07 3.375916e+06 
3.828945e+02 5.247108e+07 5.907854e+06 
3.735615e+02 5.909351e+07 3.568826e+06 
3.963394e+02 5.832497e+07 3.093534e+06 
3.219470e+02 5.304138e+07 6.390128e+06 
3.760880e+02 5.263307e+07 5.907854e+06 
2.300211e+02 5.776647e+07 6.486583e+06 
4.082686e+02 5.738350e+07 3.093534e+06 
2.372162e+02 5.676040e+07 6.679492e+06 
2.247429e+02 5.697454e+07 6.679492e+06 
2.150678e+02 5.755497e+07 6.679492e+06 
4.024358e+02 5.443097e+07 4.846851e+06 
3.809869e+02 5.272888e+07 5.714944e+06 
2.814246e+02 5.425737e+07 6.679492e+06 
4.032004e+02 5.531825e+07 4.533374e+06 
4.238009e+02 5.563494e+07 3.665280e+06 

2.515287e+02 5.610749e+07 6.486583e+06 
4.100611e+02 5.348421e+07 5.136216e+06 
3.770652e+02 5.212466e+07 5.522035e+06 
3.390839e+02 5.237250e+07 5.980196e+06 
2.583194e+02 5.555899e+07 6.486583e+06 
3.038645e+02 5.434423e+07 6.293673e+06 
3.312860e+02 5.935934e+07 3.858190e+06 
2.848889e+02 5.482604e+07 6.293673e+06 
3.699234e+02 5.201058e+07 5.666718e+06 
3.581083e+02 5.908205e+07 3.785848e+06 
2.355040e+02 5.661462e+07 6.679492e+06 
2.088588e+02 5.816221e+07 6.679492e+06 
2.516418e+02 5.699507e+07 6.100764e+06 
4.058129e+02 5.285368e+07 5.329125e+06 
3.940688e+02 5.353495e+07 4.895080e+06 
2.680424e+02 5.742675e+07 5.811399e+06 
3.466592e+02 5.195956e+07 5.980196e+06 
2.966311e+02 5.828916e+07 5.039761e+06 
3.101191e+02 5.974529e+07 4.846851e+06 
3.900811e+02 5.416597e+07 4.509260e+06 
3.945965e+02 5.374212e+07 4.702170e+06 
3.958081e+02 6.104141e+07 3.279461e+06 
3.813136e+02 5.826606e+07 3.858190e+06 
2.635567e+02 5.533529e+07 6.486583e+06 
3.171853e+02 5.388902e+07 6.293673e+06 
2.210254e+02 5.782296e+07 6.486583e+06 
4.060702e+02 6.026602e+07 3.279461e+06 
4.145077e+02 5.489662e+07 4.244009e+06 
3.777347e+02 6.016074e+07 3.375916e+06 
3.611086e+02 5.811965e+07 4.075213e+06 
4.066908e+02 5.297207e+07 5.208557e+06 
3.905910e+02 5.371247e+07 4.822738e+06 
3.815566e+02 5.157406e+07 5.907854e+06 
2.191486e+02 5.720498e+07 6.679492e+06 
3.556086e+02 5.982673e+07 3.665280e+06 
3.322488e+02 5.283616e+07 5.980196e+06 
2.904776e+02 5.470533e+07 6.390128e+06 
3.213368e+02 5.970157e+07 4.147554e+06 
2.794242e+02 5.819174e+07 5.618490e+06 
2.167709e+02 5.734646e+07 6.679492e+06 
2.116599e+02 5.769500e+07 6.679492e+06 
3.174057e+02 5.992243e+07 4.461032e+06 
3.719128e+02 5.925947e+07 3.665280e+06 
3.919218e+02 5.263967e+07 5.401467e+06 
3.497815e+02 5.188150e+07 5.980196e+06 
4.042383e+02 5.964129e+07 3.472371e+06 
2.895537e+02 5.904177e+07 5.329125e+06 
4.246592e+02 5.484824e+07 4.436919e+06 
3.254382e+02 5.327018e+07 6.390128e+06 
3.839982e+02 5.198842e+07 5.714944e+06 

4.138778e+02 5.860086e+07 3.400029e+06 
4.166966e+02 5.394626e+07 4.919193e+06 
3.728596e+02 5.057964e+07 6.269560e+06 
3.619856e+02 5.220514e+07 5.787286e+06 
2.428410e+02 5.785822e+07 6.197218e+06 
3.615680e+02 6.072390e+07 3.400029e+06 
2.850202e+02 5.824422e+07 5.039761e+06 
4.481613e+02 5.440042e+07 4.629828e+06 
2.294593e+02 5.683986e+07 6.583038e+06 
2.646690e+02 5.474206e+07 6.583038e+06 
3.309031e+02 5.985236e+07 4.171668e+06 
2.670292e+02 5.703073e+07 5.522035e+06 
3.142196e+02 5.313910e+07 6.269560e+06 
2.460135e+02 5.564383e+07 6.679492e+06 
3.421155e+02 5.195837e+07 6.173105e+06 
2.088588e+02 5.816221e+07 6.679492e+06 
3.194375e+02 5.790736e+07 4.364577e+06 
3.253727e+02 5.279994e+07 6.462470e+06 
3.415724e+02 5.225409e+07 6.173105e+06 
4.007357e+02 5.877104e+07 3.303574e+06 
3.037397e+02 5.757669e+07 4.750396e+06 
3.118628e+02 5.824463e+07 4.557487e+06 
4.419860e+02 5.470591e+07 4.244009e+06 
3.832154e+02 5.227214e+07 5.594376e+06 
2.380449e+02 5.618447e+07 6.583038e+06 
2.616767e+02 5.786164e+07 5.714944e+06 
3.916242e+02 5.877562e+07 3.207120e+06 
4.087528e+02 5.818847e+07 3.496484e+06 
3.723604e+02 6.035321e+07 3.207120e+06 
2.735048e+02 5.416216e+07 6.679492e+06 
3.415146e+02 6.028216e+07 3.882303e+06 
3.550583e+02 6.038743e+07 3.592939e+06 
2.168225e+02 5.714911e+07 6.679492e+06 
4.207720e+02 5.296159e+07 5.015648e+06 
3.987825e+02 5.738446e+07 3.592939e+06 
3.822538e+02 5.020728e+07 6.269560e+06 
3.528809e+02 5.156197e+07 6.173105e+06 
3.600259e+02 5.133161e+07 6.173105e+06 
3.075923e+02 5.353143e+07 6.269560e+06 
3.983185e+02 5.266616e+07 5.305012e+06 
3.696981e+02 5.115338e+07 5.980196e+06 
2.561543e+02 5.536525e+07 6.679492e+06 
2.130157e+02 5.742074e+07 6.679492e+06 
3.366558e+02 5.241958e+07 5.980196e+06 
3.466867e+02 5.179804e+07 5.980196e+06 
2.548371e+02 5.784737e+07 6.004309e+06 
4.120436e+02 5.715097e+07 3.978758e+06 
4.219921e+02 5.340575e+07 4.822738e+06 
3.692526e+02 5.148430e+07 5.787286e+06 
3.884309e+02 5.037620e+07 6.076650e+06 

3.750061e+02 5.065279e+07 5.980196e+06 
3.103727e+02 5.320393e+07 6.269560e+06 
2.613788e+02 5.635248e+07 6.197218e+06 
4.444206e+02 5.458089e+07 4.533374e+06 
3.814029e+02 5.799936e+07 3.568826e+06 
3.989283e+02 5.218754e+07 5.087989e+06 
3.356059e+02 5.788365e+07 4.147554e+06 
3.198470e+02 5.293956e+07 6.173105e+06 
4.018592e+02 5.149855e+07 5.280899e+06 
3.782633e+02 5.131534e+07 5.473808e+06 
4.032116e+02 5.175230e+07 5.184444e+06 
4.300465e+02 5.482488e+07 4.436919e+06 
2.088588e+02 5.816221e+07 6.679492e+06 
3.674605e+02 5.083348e+07 6.173105e+06 
4.022424e+02 5.229380e+07 4.895080e+06 
3.536244e+02 5.746374e+07 3.761735e+06 
3.832124e+02 5.015555e+07 5.666718e+06 
3.401848e+02 5.822941e+07 4.075213e+06 
4.281507e+02 5.494870e+07 4.412806e+06 
2.574633e+02 5.528857e+07 6.679492e+06 
2.852005e+02 5.804211e+07 5.811399e+06 
2.769455e+02 5.382487e+07 6.679492e+06 
4.219267e+02 5.431874e+07 4.702170e+06 
3.810750e+02 5.042664e+07 6.052537e+06 
2.759352e+02 5.646692e+07 5.907854e+06 
2.418963e+02 5.609156e+07 6.679492e+06 
3.635670e+02 5.105629e+07 6.173105e+06 
2.662345e+02 5.459575e+07 6.679492e+06 
2.982829e+02 5.349982e+07 6.462470e+06 
2.480610e+02 5.638791e+07 6.293673e+06 
2.138914e+02 5.779198e+07 6.679492e+06 
2.226826e+02 5.688875e+07 6.679492e+06 
3.511098e+02 5.811547e+07 3.689394e+06 
3.052795e+02 5.814787e+07 5.329125e+06 
3.157488e+02 5.944310e+07 4.846851e+06 
3.299168e+02 5.905191e+07 4.364577e+06 
3.454804e+02 5.174767e+07 5.980196e+06 
3.272383e+02 5.217618e+07 6.245447e+06 
3.429977e+02 5.839823e+07 3.761735e+06 
2.349333e+02 5.790749e+07 6.390128e+06 
4.325052e+02 5.475584e+07 4.509260e+06 
2.150088e+02 5.726630e+07 6.679492e+06 
4.247736e+02 5.515352e+07 4.244009e+06 
3.618730e+02 5.846083e+07 3.568826e+06 
3.726514e+02 5.727077e+07 3.882303e+06 
2.643248e+02 5.494342e+07 6.679492e+06 
3.637582e+02 5.702707e+07 4.075213e+06 
3.667694e+02 5.748286e+07 3.689394e+06 
4.074190e+02 5.126736e+07 5.594376e+06 
3.573619e+02 5.130553e+07 6.173105e+06 

