8.638300e+03 3.475083e+07 1.021435e+06 
8.620200e+03 3.506607e+07 9.895141e+05 
7.188650e+03 3.032194e+07 1.872630e+06 
8.507650e+03 3.428169e+07 1.074634e+06 
7.617350e+03 3.162782e+07 1.532152e+06 
8.672100e+03 3.509579e+07 9.820330e+05 
8.451350e+03 3.421037e+07 1.133115e+06 
7.209750e+03 2.969063e+07 2.042869e+06 
8.059800e+03 3.329494e+07 1.191674e+06 
7.250500e+03 3.015809e+07 1.787511e+06 
7.802100e+03 3.261052e+07 1.447032e+06 
7.114850e+03 3.010120e+07 2.042869e+06 
7.158050e+03 3.009437e+07 1.957750e+06 
8.612450e+03 3.496004e+07 1.042713e+06 
8.519750e+03 3.453101e+07 1.159753e+06 
7.155350e+03 2.969590e+07 2.042869e+06 
7.758900e+03 3.279033e+07 1.447032e+06 
8.750250e+03 3.545686e+07 9.568890e+05 
7.231250e+03 2.970836e+07 1.957750e+06 
8.681500e+03 3.478643e+07 9.064920e+05 
7.565300e+03 3.132016e+07 1.659831e+06 
8.725950e+03 3.515409e+07 1.074634e+06 
7.103800e+03 2.975708e+07 2.127989e+06 
7.207850e+03 2.986423e+07 1.872630e+06 
7.245850e+03 3.007277e+07 1.872630e+06 

8.908450e+03 3.577121e+07 9.820330e+05 
8.192800e+03 3.329869e+07 1.191674e+06 
8.176550e+03 3.386716e+07 1.106554e+06 
8.913400e+03 3.572512e+07 9.121750e+05 
8.100350e+03 3.347558e+07 1.191674e+06 
8.185950e+03 3.377897e+07 1.057574e+06 
8.908100e+03 3.636937e+07 9.820330e+05 
8.114300e+03 3.318909e+07 1.276793e+06 
6.908800e+03 2.878733e+07 2.298228e+06 
8.137000e+03 3.327191e+07 1.208656e+06 
6.943650e+03 2.899472e+07 1.957750e+06 
6.964050e+03 2.896823e+07 1.617271e+06 
8.997050e+03 3.620541e+07 8.764034e+05 
7.839450e+03 3.267975e+07 1.284197e+06 
8.929300e+03 3.644826e+07 9.363151e+05 
7.645400e+03 3.200019e+07 1.447032e+06 
7.729100e+03 3.212585e+07 1.361913e+06 
6.961650e+03 2.885141e+07 2.042869e+06 
6.961450e+03 2.915995e+07 1.872630e+06 
6.907400e+03 2.874133e+07 2.383347e+06 
8.218100e+03 3.349925e+07 1.276793e+06 
8.284200e+03 3.411855e+07 1.191674e+06 
6.826150e+03 2.862512e+07 2.383347e+06 
7.977300e+03 3.387411e+07 1.361913e+06 
8.908000e+03 3.666838e+07 1.021435e+06 

6.889500e+03 2.837627e+07 2.298228e+06 
7.338500e+03 3.002296e+07 1.787511e+06 
8.409450e+03 3.402476e+07 1.106554e+06 
8.350350e+03 3.321919e+07 1.133115e+06 
8.465450e+03 3.371414e+07 1.106554e+06 
8.284700e+03 3.348239e+07 1.284197e+06 
8.311800e+03 3.340617e+07 1.191674e+06 
7.451100e+03 3.007319e+07 1.702391e+06 
7.189550e+03 3.039908e+07 1.957750e+06 
7.109250e+03 2.952300e+07 2.127989e+06 
7.139700e+03 2.964514e+07 2.042869e+06 
7.271450e+03 3.031442e+07 1.787511e+06 
7.443450e+03 3.075526e+07 1.532152e+06 
8.237400e+03 3.334939e+07 1.361913e+06 
8.611150e+03 3.376882e+07 1.057574e+06 
8.643150e+03 3.413096e+07 9.479465e+05 
8.286450e+03 3.314448e+07 1.359738e+06 
7.200850e+03 3.028120e+07 1.957750e+06 
8.241300e+03 3.278021e+07 1.447032e+06 
8.118200e+03 3.285846e+07 1.447032e+06 
8.316000e+03 3.333785e+07 1.284197e+06 
7.444400e+03 3.064979e+07 1.617271e+06 
7.359700e+03 3.090080e+07 1.702391e+06 
7.236100e+03 2.978633e+07 1.957750e+06 
7.317650e+03 3.027224e+07 1.872630e+06 

8.745000e+03 3.587950e+07 1.021435e+06 
8.746300e+03 3.587306e+07 9.363151e+05 
8.741050e+03 3.611499e+07 1.106554e+06 
7.384500e+03 3.082907e+07 1.787511e+06 
8.047750e+03 3.417782e+07 1.361913e+06 
6.671700e+03 2.737838e+07 2.468467e+06 
7.117750e+03 2.961876e+07 2.127989e+06 
8.004750e+03 3.417932e+07 1.447032e+06 
8.148150e+03 3.413732e+07 1.447032e+06 
6.713550e+03 2.764222e+07 2.213108e+06 
8.017450e+03 3.443982e+07 1.361913e+06 
7.928000e+03 3.398011e+07 1.532152e+06 
7.252450e+03 2.974607e+07 1.957750e+06 
7.208500e+03 2.970401e+07 2.042869e+06 
6.618650e+03 2.743155e+07 2.468467e+06 
7.972950e+03 3.426014e+07 1.447032e+06 
6.608000e+03 2.727603e+07 2.553587e+06 
6.641350e+03 2.727454e+07 2.553587e+06 
6.681550e+03 2.749808e+07 2.298228e+06 
7.960100e+03 3.435680e+07 1.489592e+06 
6.697750e+03 2.745432e+07 2.298228e+06 
6.630350e+03 2.738093e+07 2.383347e+06 
7.144950e+03 2.959510e+07 2.127989e+06 
6.608500e+03 2.751003e+07 2.383347e+06 
7.152400e+03 2.955558e+07 2.127989e+06 

7.697650e+03 3.213035e+07 1.276793e+06 
7.641900e+03 3.220838e+07 1.361913e+06 
8.518700e+03 3.425937e+07 1.057574e+06 
7.604850e+03 3.199847e+07 1.447032e+06 
7.526850e+03 3.170587e+07 1.532152e+06 
7.565100e+03 3.205745e+07 1.447032e+06 
6.895350e+03 2.873782e+07 1.957750e+06 
6.440400e+03 2.672939e+07 2.298228e+06 
8.422150e+03 3.479965e+07 1.057574e+06 
6.978950e+03 2.869956e+07 1.787511e+06 
6.923650e+03 2.885099e+07 1.787511e+06 
6.917650e+03 2.859760e+07 1.957750e+06 
8.514250e+03 3.523912e+07 8.764034e+05 
6.855600e+03 2.878387e+07 2.127989e+06 
6.496050e+03 2.658003e+07 2.213108e+06 
8.445700e+03 3.436914e+07 1.057574e+06 
7.640150e+03 3.244716e+07 1.415112e+06 
6.933950e+03 2.863380e+07 1.872630e+06 
7.114500e+03 2.978876e+07 1.702391e+06 
6.473350e+03 2.667195e+07 2.298228e+06 
8.566950e+03 3.551420e+07 1.021435e+06 
8.536450e+03 3.418058e+07 1.074634e+06 
6.392000e+03 2.655655e+07 2.383347e+06 
8.406050e+03 3.498064e+07 1.057574e+06 
8.247000e+03 3.413506e+07 1.106554e+06 

9.178050e+03 3.739609e+07 1.106554e+06 
6.546750e+03 2.707535e+07 2.553587e+06 
6.537150e+03 2.722649e+07 2.468467e+06 
6.811250e+03 2.805700e+07 1.872630e+06 
6.570400e+03 2.730268e+07 2.383347e+06 
9.161150e+03 3.748524e+07 9.363151e+05 
6.616550e+03 2.735679e+07 2.213108e+06 
7.644050e+03 3.205014e+07 1.447032e+06 
6.762650e+03 2.781274e+07 2.042869e+06 
6.568550e+03 2.706865e+07 2.468467e+06 
8.321450e+03 3.366487e+07 1.276793e+06 
7.733300e+03 3.162264e+07 1.447032e+06 
6.802150e+03 2.781316e+07 1.957750e+06 
6.569350e+03 2.698271e+07 2.468467e+06 
7.700500e+03 3.171637e+07 1.532152e+06 
6.574300e+03 2.720135e+07 2.298228e+06 
6.674350e+03 2.767654e+07 2.127989e+06 
7.787700e+03 3.204242e+07 1.361913e+06 
7.591400e+03 3.146259e+07 1.617271e+06 
7.706900e+03 3.167559e+07 1.532152e+06 
8.453800e+03 3.427142e+07 1.191674e+06 
7.656450e+03 3.199630e+07 1.532152e+06 
6.603750e+03 2.691049e+07 2.468467e+06 
6.560400e+03 2.715975e+07 2.468467e+06 
6.574100e+03 2.691798e+07 2.468467e+06 

6.345850e+03 2.640627e+07 2.468467e+06 
6.374900e+03 2.661943e+07 2.298228e+06 
6.993100e+03 2.895231e+07 1.787511e+06 
6.426350e+03 2.703630e+07 2.213108e+06 
6.461950e+03 2.689832e+07 2.213108e+06 
6.537800e+03 2.743878e+07 1.957750e+06 
8.090300e+03 3.263676e+07 1.489592e+06 
8.071900e+03 3.292312e+07 1.532152e+06 
8.402300e+03 3.359858e+07 1.276793e+06 
6.373750e+03 2.640838e+07 2.383347e+06 
7.002400e+03 2.947062e+07 1.702391e+06 
8.580950e+03 3.393546e+07 1.106554e+06 
8.402250e+03 3.374856e+07 1.276793e+06 
7.149000e+03 2.943572e+07 1.617271e+06 
8.091200e+03 3.277875e+07 1.447032e+06 
8.451450e+03 3.368438e+07 1.159753e+06 
6.361000e+03 2.658146e+07 2.383347e+06 
8.420600e+03 3.382956e+07 1.191674e+06 
8.347200e+03 3.369356e+07 1.361913e+06 
7.035500e+03 2.916543e+07 1.702391e+06 
6.964400e+03 2.908250e+07 1.787511e+06 
8.269600e+03 3.405192e+07 1.191674e+06 
8.388850e+03 3.374952e+07 1.329992e+06 
8.431550e+03 3.356224e+07 1.329992e+06 
8.879600e+03 3.575291e+07 8.511955e+05 

6.626750e+03 2.734737e+07 2.213108e+06 
7.390250e+03 3.028080e+07 1.702391e+06 
8.447600e+03 3.445753e+07 9.121750e+05 
7.113450e+03 2.988981e+07 2.042869e+06 
7.286050e+03 3.008767e+07 1.702391e+06 
7.354350e+03 3.027997e+07 1.617271e+06 
7.823350e+03 3.207078e+07 1.361913e+06 
7.266400e+03 3.019749e+07 1.702391e+06 
7.726550e+03 3.170941e+07 1.361913e+06 
7.352350e+03 3.053137e+07 1.532152e+06 
7.329000e+03 2.994797e+07 1.702391e+06 
7.353550e+03 3.050655e+07 1.617271e+06 
7.235000e+03 2.982439e+07 1.787511e+06 
7.288000e+03 2.997184e+07 1.702391e+06 
8.715350e+03 3.509970e+07 9.363151e+05 
6.934800e+03 2.862146e+07 2.383347e+06 
8.021000e+03 3.267977e+07 1.191674e+06 
7.784850e+03 3.188945e+07 1.284197e+06 
7.994200e+03 3.272631e+07 1.276793e+06 
7.760850e+03 3.170316e+07 1.447032e+06 
7.076900e+03 2.969114e+07 1.957750e+06 
6.816750e+03 2.820157e+07 2.127989e+06 
8.619300e+03 3.461068e+07 9.820330e+05 
8.496700e+03 3.416510e+07 1.106554e+06 
7.424400e+03 2.994866e+07 1.872630e+06 

8.464400e+03 3.546849e+07 9.820330e+05 
8.370150e+03 3.492022e+07 9.895141e+05 
8.316700e+03 3.474788e+07 1.159753e+06 
8.198450e+03 3.421468e+07 1.208656e+06 
8.158000e+03 3.398183e+07 1.415112e+06 
6.501750e+03 2.702930e+07 2.298228e+06 
6.658600e+03 2.797567e+07 2.042869e+06 
6.555250e+03 2.704976e+07 2.213108e+06 
6.449150e+03 2.683460e+07 2.553587e+06 
6.530600e+03 2.710154e+07 2.127989e+06 
8.019250e+03 3.361461e+07 1.500231e+06 
6.509850e+03 2.699912e+07 2.383347e+06 
8.336500e+03 3.486808e+07 1.133115e+06 
7.082800e+03 2.918051e+07 1.957750e+06 
6.553000e+03 2.709886e+07 2.127989e+06 
6.485150e+03 2.704310e+07 2.468467e+06 
6.490150e+03 2.713198e+07 2.298228e+06 
7.924550e+03 3.348936e+07 1.670470e+06 
7.227800e+03 3.014073e+07 1.702391e+06 
8.394750e+03 3.487878e+07 9.064920e+05 
6.596850e+03 2.744483e+07 2.127989e+06 
6.488850e+03 2.696956e+07 2.468467e+06 
6.747950e+03 2.793098e+07 2.042869e+06 
7.043750e+03 2.919126e+07 1.787511e+06 
6.529150e+03 2.706961e+07 2.213108e+06 

8.770300e+03 3.564818e+07 9.820330e+05 
7.670100e+03 3.173632e+07 1.755590e+06 
6.817050e+03 2.868621e+07 2.298228e+06 
8.216750e+03 3.316878e+07 1.361913e+06 
7.173650e+03 3.011276e+07 2.170549e+06 
7.155050e+03 3.012064e+07 2.170549e+06 
8.094850e+03 3.294654e+07 1.532152e+06 
8.010300e+03 3.300733e+07 1.617271e+06 
7.318000e+03 3.035967e+07 1.872630e+06 
8.708500e+03 3.572604e+07 9.121750e+05 
6.897000e+03 2.919448e+07 2.213108e+06 
8.019750e+03 3.271560e+07 1.617271e+06 
8.884100e+03 3.616217e+07 9.820330e+05 
7.982650e+03 3.301005e+07 1.617271e+06 
7.691950e+03 3.154653e+07 1.702391e+06 
8.099900e+03 3.277945e+07 1.447032e+06 
8.254450e+03 3.420933e+07 1.208656e+06 
7.317100e+03 3.028467e+07 1.925829e+06 
7.274200e+03 3.037458e+07 2.042869e+06 
8.339300e+03 3.417841e+07 1.234234e+06 
8.445300e+03 3.511552e+07 1.133115e+06 
8.046500e+03 3.317583e+07 1.532152e+06 
7.512250e+03 3.096507e+07 1.787511e+06 
8.448350e+03 3.441463e+07 1.404473e+06 
8.354150e+03 3.476232e+07 1.149114e+06 

