8.262150e+03 3.435797e+07 9.895141e+05 
8.110050e+03 3.405728e+07 1.057574e+06 
8.049950e+03 3.393499e+07 1.208656e+06 
7.707550e+03 3.247450e+07 1.415112e+06 
8.067800e+03 3.383183e+07 1.208656e+06 
6.992950e+03 2.898560e+07 1.957750e+06 
7.971950e+03 3.417159e+07 1.276793e+06 
6.522950e+03 2.686804e+07 2.468467e+06 
6.589700e+03 2.730827e+07 2.383347e+06 
6.987050e+03 2.876408e+07 2.213108e+06 
6.966500e+03 2.887221e+07 2.127989e+06 
6.582500e+03 2.733541e+07 2.383347e+06 
7.610950e+03 3.248952e+07 1.585351e+06 
7.045450e+03 2.945608e+07 1.872630e+06 
7.589400e+03 3.230275e+07 1.787511e+06 
6.520800e+03 2.698359e+07 2.468467e+06 
7.646100e+03 3.248312e+07 1.447032e+06 
7.039500e+03 2.896699e+07 2.042869e+06 
8.041050e+03 3.401078e+07 1.208656e+06 
6.945350e+03 2.889700e+07 2.127989e+06 
7.690750e+03 3.219637e+07 1.532152e+06 
7.614350e+03 3.215603e+07 1.585351e+06 
6.980150e+03 2.898767e+07 2.042869e+06 
6.997500e+03 2.883054e+07 2.127989e+06 
8.630850e+03 3.538835e+07 9.064920e+05 

8.062350e+03 3.292303e+07 1.037375e+06 
7.901900e+03 3.242712e+07 1.057574e+06 
7.703400e+03 3.185495e+07 1.191674e+06 
8.538950e+03 3.531329e+07 9.820330e+05 
8.618300e+03 3.487943e+07 9.363151e+05 
7.411350e+03 3.100667e+07 1.447032e+06 
7.591550e+03 3.144958e+07 1.276793e+06 
7.775100e+03 3.208638e+07 1.074634e+06 
7.427000e+03 3.102844e+07 1.361913e+06 
7.474000e+03 3.122291e+07 1.284197e+06 
7.325450e+03 3.125075e+07 1.361913e+06 
6.936250e+03 2.903612e+07 1.957750e+06 
6.975700e+03 2.899069e+07 1.872630e+06 
7.195300e+03 2.989941e+07 1.617271e+06 
7.067950e+03 2.924949e+07 1.787511e+06 
7.266800e+03 3.067736e+07 1.532152e+06 
6.895200e+03 2.901108e+07 2.042869e+06 
8.420500e+03 3.491304e+07 1.021435e+06 
6.918700e+03 2.889496e+07 2.127989e+06 
9.234600e+03 3.742459e+07 9.064920e+05 
8.467900e+03 3.495474e+07 9.761281e+05 
6.942000e+03 2.897407e+07 2.042869e+06 
6.954100e+03 2.892091e+07 1.957750e+06 
7.293150e+03 3.025659e+07 1.787511e+06 
8.394150e+03 3.446202e+07 9.820330e+05 

8.219600e+03 3.436565e+07 9.820330e+05 
7.537900e+03 3.138694e+07 1.532152e+06 
7.941800e+03 3.323304e+07 1.133115e+06 
7.828900e+03 3.239483e+07 1.359738e+06 
8.456200e+03 3.527084e+07 9.363151e+05 
7.665050e+03 3.142032e+07 1.447032e+06 
7.625050e+03 3.132962e+07 1.532152e+06 
8.133400e+03 3.369580e+07 1.021435e+06 
7.669850e+03 3.139457e+07 1.447032e+06 
7.572750e+03 3.137459e+07 1.532152e+06 
7.788150e+03 3.306813e+07 1.276793e+06 
7.613000e+03 3.145161e+07 1.447032e+06 
8.504300e+03 3.571966e+07 9.121750e+05 
7.469600e+03 3.140521e+07 1.532152e+06 
7.599600e+03 3.169631e+07 1.447032e+06 
7.465400e+03 3.114744e+07 1.617271e+06 
7.955700e+03 3.332504e+07 1.057574e+06 
7.625300e+03 3.158234e+07 1.361913e+06 
7.968450e+03 3.282437e+07 1.276793e+06 
8.032800e+03 3.310475e+07 1.191674e+06 
7.621000e+03 3.134560e+07 1.532152e+06 
7.572750e+03 3.103377e+07 1.702391e+06 
8.438700e+03 3.440397e+07 9.479465e+05 
8.522200e+03 3.459458e+07 9.363151e+05 
7.981850e+03 3.310838e+07 1.191674e+06 

7.825450e+03 3.344512e+07 9.895141e+05 
7.940650e+03 3.360110e+07 9.820330e+05 
8.817700e+03 3.698376e+07 9.064920e+05 
7.978100e+03 3.392561e+07 9.363151e+05 
6.542100e+03 2.717181e+07 2.468467e+06 
7.237750e+03 3.079681e+07 1.532152e+06 
6.629850e+03 2.736845e+07 2.298228e+06 
6.723700e+03 2.786770e+07 1.957750e+06 
7.173650e+03 3.058880e+07 1.617271e+06 
6.570500e+03 2.765667e+07 2.213108e+06 
7.717850e+03 3.240362e+07 1.074634e+06 
7.211100e+03 3.083791e+07 1.532152e+06 
7.679200e+03 3.232015e+07 1.447032e+06 
7.681800e+03 3.218752e+07 1.361913e+06 
7.687700e+03 3.284537e+07 1.276793e+06 
7.688300e+03 3.238796e+07 1.191674e+06 
7.715650e+03 3.227806e+07 1.276793e+06 
6.606300e+03 2.740630e+07 2.298228e+06 
6.618550e+03 2.716307e+07 2.383347e+06 
7.151000e+03 3.038036e+07 1.702391e+06 
6.712650e+03 2.808134e+07 2.127989e+06 
7.771900e+03 3.277194e+07 1.021435e+06 
6.603900e+03 2.750496e+07 2.298228e+06 
7.663600e+03 3.255904e+07 1.361913e+06 
7.188900e+03 3.032643e+07 1.702391e+06 

7.802350e+03 3.216342e+07 1.106554e+06 
7.957350e+03 3.243811e+07 1.021435e+06 
8.002750e+03 3.333129e+07 9.820330e+05 
8.101000e+03 3.307312e+07 9.820330e+05 
6.591950e+03 2.735200e+07 2.298228e+06 
7.595500e+03 3.131160e+07 1.617271e+06 
6.840800e+03 2.810480e+07 1.872630e+06 
6.579550e+03 2.713640e+07 2.383347e+06 
7.619850e+03 3.141194e+07 1.359738e+06 
7.882950e+03 3.218164e+07 1.057574e+06 
8.360250e+03 3.394073e+07 9.121750e+05 
7.504200e+03 3.145022e+07 1.659831e+06 
6.862200e+03 2.832623e+07 1.787511e+06 
7.549100e+03 3.121243e+07 1.702391e+06 
6.669750e+03 2.756183e+07 2.213108e+06 
8.315800e+03 3.380281e+07 9.363151e+05 
6.669150e+03 2.776914e+07 2.213108e+06 
6.733400e+03 2.760099e+07 1.957750e+06 
7.552000e+03 3.129580e+07 1.659831e+06 
7.531200e+03 3.134524e+07 1.713030e+06 
6.543950e+03 2.744679e+07 2.298228e+06 
7.650150e+03 3.132722e+07 1.532152e+06 
7.497850e+03 3.133264e+07 1.915190e+06 
7.799500e+03 3.129053e+07 1.359738e+06 
7.623550e+03 3.109542e+07 1.574712e+06 

8.805150e+03 3.807619e+07 9.363151e+05 
8.673150e+03 3.710393e+07 9.381979e+05 
8.765250e+03 3.692677e+07 9.820330e+05 
7.696250e+03 3.273014e+07 1.415112e+06 
7.593700e+03 3.259640e+07 1.500231e+06 
6.847750e+03 2.794709e+07 1.787511e+06 
6.825300e+03 2.772071e+07 1.957750e+06 
7.673300e+03 3.328114e+07 1.670470e+06 
8.123150e+03 3.408481e+07 1.057574e+06 
7.905100e+03 3.322686e+07 1.447032e+06 
6.962450e+03 2.852375e+07 1.617271e+06 
6.895250e+03 2.829344e+07 1.702391e+06 
8.147850e+03 3.479779e+07 9.820330e+05 
6.842250e+03 2.809899e+07 1.925829e+06 
6.912550e+03 2.829072e+07 1.872630e+06 
7.782000e+03 3.283496e+07 1.208656e+06 
6.677450e+03 2.744077e+07 2.213108e+06 
7.973250e+03 3.406527e+07 1.191674e+06 
6.880250e+03 2.851376e+07 1.702391e+06 
8.074300e+03 3.410353e+07 1.057574e+06 
7.707200e+03 3.275508e+07 1.585351e+06 
6.920500e+03 2.792730e+07 1.872630e+06 
6.962150e+03 2.851865e+07 1.702391e+06 
8.849100e+03 3.653131e+07 9.064920e+05 
6.783250e+03 2.786806e+07 2.213108e+06 

8.461500e+03 3.432441e+07 9.788749e+05 
8.213300e+03 3.307105e+07 1.057574e+06 
8.304000e+03 3.382653e+07 9.820330e+05 
8.121450e+03 3.332458e+07 1.276793e+06 
6.913750e+03 2.869250e+07 1.957750e+06 
6.837600e+03 2.849185e+07 2.298228e+06 
7.744300e+03 3.182951e+07 1.617271e+06 
8.089050e+03 3.296080e+07 1.489592e+06 
7.763350e+03 3.138796e+07 1.702391e+06 
8.163100e+03 3.308497e+07 1.276793e+06 
7.625900e+03 3.103547e+07 1.872630e+06 
8.117450e+03 3.286530e+07 1.489592e+06 
7.751150e+03 3.211375e+07 1.532152e+06 
8.149600e+03 3.321064e+07 1.361913e+06 
7.641150e+03 3.126382e+07 1.787511e+06 
7.690100e+03 3.150484e+07 1.744951e+06 
7.717200e+03 3.125418e+07 1.787511e+06 
9.167400e+03 3.643416e+07 9.363151e+05 
8.247900e+03 3.339018e+07 1.021435e+06 
8.137150e+03 3.330754e+07 1.361913e+06 
7.704650e+03 3.144309e+07 1.702391e+06 
7.566850e+03 3.110827e+07 1.872630e+06 
6.915700e+03 2.844814e+07 2.042869e+06 
7.761150e+03 3.146479e+07 1.659831e+06 
7.749650e+03 3.131963e+07 1.744951e+06 

8.378650e+03 3.514234e+07 1.021435e+06 
7.007700e+03 2.892673e+07 1.702391e+06 
6.898050e+03 2.882540e+07 1.872630e+06 
6.812500e+03 2.821246e+07 1.957750e+06 
7.565750e+03 3.180870e+07 1.276793e+06 
7.603000e+03 3.205954e+07 1.208656e+06 
7.667150e+03 3.252339e+07 1.057574e+06 
7.785600e+03 3.263481e+07 1.021435e+06 
7.417200e+03 3.113122e+07 1.532152e+06 
6.771550e+03 2.836765e+07 2.213108e+06 
7.741450e+03 3.214855e+07 1.057574e+06 
6.790600e+03 2.818470e+07 2.127989e+06 
6.932000e+03 2.868074e+07 1.872630e+06 
7.848750e+03 3.295998e+07 9.820330e+05 
6.762400e+03 2.844555e+07 2.213108e+06 
6.785500e+03 2.824775e+07 2.298228e+06 
8.301050e+03 3.456190e+07 9.121750e+05 
7.544900e+03 3.149996e+07 1.617271e+06 
7.509150e+03 3.176062e+07 1.361913e+06 
7.544900e+03 3.148700e+07 1.284197e+06 
7.526250e+03 3.169183e+07 1.361913e+06 
7.469450e+03 3.164136e+07 1.702391e+06 
8.263600e+03 3.482741e+07 9.121750e+05 
7.486150e+03 3.117010e+07 1.447032e+06 
8.380000e+03 3.512292e+07 9.479465e+05 

7.872100e+03 3.247494e+07 1.284197e+06 
7.832050e+03 3.247722e+07 1.276793e+06 
8.183300e+03 3.359257e+07 1.021435e+06 
6.537050e+03 2.688870e+07 2.127989e+06 
6.447900e+03 2.663293e+07 2.298228e+06 
6.452300e+03 2.653569e+07 2.298228e+06 
6.544950e+03 2.681096e+07 2.127989e+06 
6.536150e+03 2.663471e+07 2.213108e+06 
7.304400e+03 3.027668e+07 1.702391e+06 
6.392300e+03 2.623193e+07 2.468467e+06 
7.368500e+03 3.072951e+07 1.447032e+06 
7.241900e+03 3.030957e+07 1.872630e+06 
7.680000e+03 3.211647e+07 1.361913e+06 
6.409850e+03 2.628393e+07 2.383347e+06 
6.472600e+03 2.649473e+07 2.298228e+06 
6.449150e+03 2.655656e+07 2.298228e+06 
8.069500e+03 3.382760e+07 1.057574e+06 
8.120500e+03 3.324647e+07 1.133115e+06 
7.271650e+03 3.041956e+07 1.532152e+06 
7.427250e+03 3.087910e+07 1.435279e+06 
8.056650e+03 3.357756e+07 1.133115e+06 
8.565100e+03 3.475048e+07 9.363151e+05 
7.154750e+03 2.988113e+07 1.957750e+06 
7.950300e+03 3.251902e+07 1.191674e+06 
8.456050e+03 3.437027e+07 9.820330e+05 

8.040950e+03 3.160631e+07 9.866524e+05 
7.826000e+03 3.110254e+07 1.244873e+06 
7.438600e+03 2.992013e+07 1.361913e+06 
6.936900e+03 2.856375e+07 1.702391e+06 
7.034700e+03 2.855036e+07 1.617271e+06 
7.839000e+03 3.072513e+07 1.074634e+06 
7.459600e+03 2.989503e+07 1.447032e+06 
7.445150e+03 3.085367e+07 1.359738e+06 
6.564050e+03 2.700840e+07 2.042869e+06 
7.282500e+03 2.996981e+07 1.447032e+06 
6.936750e+03 2.852133e+07 1.787511e+06 
6.499200e+03 2.672107e+07 2.127989e+06 
6.941700e+03 2.840531e+07 1.787511e+06 
7.861350e+03 3.146969e+07 1.057574e+06 
7.732900e+03 3.055308e+07 1.276793e+06 
6.860400e+03 2.827807e+07 1.872630e+06 
6.469700e+03 2.688937e+07 2.127989e+06 
6.950650e+03 2.823845e+07 1.872630e+06 
7.340850e+03 3.014124e+07 1.361913e+06 
7.936350e+03 3.106411e+07 1.019490e+06 
6.487300e+03 2.683771e+07 2.213108e+06 
7.522000e+03 3.016147e+07 1.359738e+06 
6.948300e+03 2.829929e+07 1.702391e+06 
7.709250e+03 3.051371e+07 1.319353e+06 
6.989800e+03 2.855174e+07 1.617271e+06 

