6.077600e+03 1.912538e+07 1.586361e+06 
6.053200e+03 1.913199e+07 1.586361e+06 
6.117950e+03 1.935710e+07 1.510820e+06 
6.491650e+03 2.054970e+07 1.133115e+06 
6.148900e+03 1.975613e+07 1.359738e+06 
6.067800e+03 1.912014e+07 1.586361e+06 
7.428800e+03 2.342095e+07 9.064920e+05 
6.336000e+03 1.998194e+07 1.284197e+06 
6.120250e+03 1.937504e+07 1.510820e+06 
6.031600e+03 1.897143e+07 1.661902e+06 
6.521500e+03 2.066757e+07 1.133115e+06 
6.013450e+03 1.878853e+07 1.812984e+06 
6.027800e+03 1.911331e+07 1.661902e+06 
6.076700e+03 1.911806e+07 1.586361e+06 
6.302300e+03 1.993636e+07 1.284197e+06 
6.276700e+03 2.011299e+07 1.208656e+06 
6.115250e+03 1.939783e+07 1.510820e+06 
6.509100e+03 2.072224e+07 1.057574e+06 
6.055700e+03 1.916268e+07 1.586361e+06 
6.505000e+03 2.070951e+07 9.820330e+05 
6.013750e+03 1.886275e+07 1.812984e+06 
6.144100e+03 1.965668e+07 1.435279e+06 
6.260700e+03 2.010214e+07 1.284197e+06 
6.483550e+03 2.074441e+07 1.057574e+06 
6.035300e+03 1.898005e+07 1.661902e+06 
6.137050e+03 1.936948e+07 1.510820e+06 
6.255000e+03 2.004646e+07 1.284197e+06 
6.212600e+03 1.976162e+07 1.359738e+06 
6.184800e+03 1.969342e+07 1.359738e+06 
6.305400e+03 2.009939e+07 1.208656e+06 
6.259100e+03 2.008343e+07 1.208656e+06 
6.477950e+03 2.073995e+07 1.057574e+06 
6.052350e+03 1.897801e+07 1.737443e+06 
7.544900e+03 2.382255e+07 8.309510e+05 
6.533800e+03 2.099360e+07 9.820330e+05 
6.191500e+03 1.955664e+07 1.435279e+06 
7.540600e+03 2.377435e+07 8.641580e+05 
6.276200e+03 1.997658e+07 1.284197e+06 
6.147200e+03 1.946710e+07 1.435279e+06 
6.151500e+03 1.976174e+07 1.359738e+06 
7.578150e+03 2.441845e+07 8.309510e+05 
6.051900e+03 1.914715e+07 1.586361e+06 
6.504350e+03 2.073625e+07 1.057574e+06 
7.473500e+03 2.349035e+07 9.064920e+05 
6.096400e+03 1.910990e+07 1.586361e+06 
6.015250e+03 1.880058e+07 1.812984e+06 
7.681250e+03 2.398143e+07 8.309510e+05 
6.543500e+03 2.087057e+07 9.820330e+05 
6.182100e+03 1.974999e+07 1.359738e+06 
6.024550e+03 1.899279e+07 1.661902e+06 

7.018350e+03 2.217593e+07 9.064920e+05 
6.535350e+03 2.048027e+07 1.057574e+06 
7.004800e+03 2.248123e+07 8.309510e+05 
6.678800e+03 2.084726e+07 9.820330e+05 
6.494950e+03 2.022909e+07 1.133115e+06 
6.628300e+03 2.033871e+07 1.057574e+06 
6.059200e+03 1.917021e+07 1.586361e+06 
7.255200e+03 2.362808e+07 8.186760e+05 
6.486850e+03 2.015800e+07 1.133115e+06 
6.244000e+03 1.932733e+07 1.284197e+06 
6.673900e+03 2.075505e+07 1.046086e+06 
6.226200e+03 1.932185e+07 1.359738e+06 
7.244750e+03 2.391340e+07 7.731940e+05 
7.025550e+03 2.247684e+07 8.309510e+05 
7.226150e+03 2.369950e+07 8.186760e+05 
7.293050e+03 2.345048e+07 7.731940e+05 
6.088000e+03 1.933724e+07 1.510820e+06 
6.210050e+03 1.924574e+07 1.510820e+06 
7.225850e+03 2.370407e+07 8.186760e+05 
6.670700e+03 2.084847e+07 9.820330e+05 
6.464000e+03 2.024123e+07 1.133115e+06 
7.069550e+03 2.259947e+07 8.641580e+05 
6.974100e+03 2.233695e+07 9.064920e+05 
7.307350e+03 2.381684e+07 7.731940e+05 
7.083800e+03 2.233096e+07 8.309510e+05 
6.567600e+03 2.043658e+07 1.057574e+06 
7.093200e+03 2.235651e+07 8.309510e+05 
6.554350e+03 2.039091e+07 1.057574e+06 
7.237150e+03 2.367467e+07 8.186760e+05 
7.273550e+03 2.372074e+07 7.731940e+05 
6.048700e+03 1.913426e+07 1.586361e+06 
6.980750e+03 2.222655e+07 8.641580e+05 
7.019050e+03 2.248119e+07 8.309510e+05 
7.072450e+03 2.246416e+07 8.309510e+05 
6.380200e+03 1.983251e+07 1.208656e+06 
6.269800e+03 1.942475e+07 1.284197e+06 
5.936850e+03 1.872355e+07 1.661902e+06 
7.031700e+03 2.242138e+07 8.309510e+05 
6.448900e+03 2.025295e+07 1.133115e+06 
6.929600e+03 2.208671e+07 9.064920e+05 
6.246000e+03 1.929477e+07 1.435279e+06 
6.115500e+03 1.957553e+07 1.510820e+06 
6.682650e+03 2.068323e+07 9.820330e+05 
6.286500e+03 1.953629e+07 1.208656e+06 
7.026300e+03 2.246561e+07 8.309510e+05 
6.199800e+03 1.924037e+07 1.359738e+06 
6.700000e+03 2.079683e+07 9.820330e+05 
6.099100e+03 1.930990e+07 1.510820e+06 
5.939000e+03 1.874445e+07 1.661902e+06 
6.579300e+03 2.030487e+07 1.057574e+06 

6.653150e+03 2.115730e+07 9.820330e+05 
6.565500e+03 2.099144e+07 1.057574e+06 
6.083800e+03 1.934910e+07 1.510820e+06 
6.682500e+03 2.108799e+07 1.057574e+06 
6.132300e+03 1.955654e+07 1.435279e+06 
6.159950e+03 1.987057e+07 1.359738e+06 
6.098500e+03 1.954668e+07 1.435279e+06 
8.258500e+03 2.528406e+07 8.309510e+05 
8.087900e+03 2.528955e+07 8.309510e+05 
5.973100e+03 1.868526e+07 1.737443e+06 
7.045750e+03 2.216508e+07 9.551220e+05 
5.902000e+03 1.829298e+07 1.888525e+06 
6.252200e+03 2.007530e+07 1.208656e+06 
7.824500e+03 2.377983e+07 8.641580e+05 
6.261400e+03 2.006757e+07 1.208656e+06 
6.190250e+03 1.997697e+07 1.284197e+06 
6.365550e+03 2.050277e+07 1.133115e+06 
5.967350e+03 1.859815e+07 1.812984e+06 
7.158200e+03 2.216490e+07 9.096400e+05 
7.343800e+03 2.280797e+07 8.814960e+05 
6.220200e+03 1.989951e+07 1.284197e+06 
6.239750e+03 2.007756e+07 1.208656e+06 
6.112400e+03 1.945743e+07 1.435279e+06 
6.270800e+03 2.009436e+07 1.208656e+06 
7.085700e+03 2.207427e+07 9.096400e+05 
5.984500e+03 1.871862e+07 1.737443e+06 
5.970000e+03 1.887479e+07 1.737443e+06 
7.217100e+03 2.254392e+07 8.641580e+05 
6.083950e+03 1.909654e+07 1.586361e+06 
6.682400e+03 2.115259e+07 9.820330e+05 
8.113100e+03 2.499529e+07 8.309510e+05 
6.175200e+03 1.986322e+07 1.359738e+06 
7.066700e+03 2.195077e+07 9.551220e+05 
7.101500e+03 2.222992e+07 9.064920e+05 
6.007850e+03 1.888476e+07 1.661902e+06 
6.169650e+03 1.997181e+07 1.284197e+06 
6.076600e+03 1.951269e+07 1.510820e+06 
7.070700e+03 2.248030e+07 9.064920e+05 
6.693750e+03 2.123642e+07 9.820330e+05 
6.050650e+03 1.903264e+07 1.586361e+06 
5.953750e+03 1.861762e+07 1.812984e+06 
6.203850e+03 1.995407e+07 1.284197e+06 
7.048950e+03 2.199092e+07 9.551220e+05 
5.947900e+03 1.839649e+07 1.888525e+06 
6.440350e+03 2.060286e+07 1.133115e+06 
7.113000e+03 2.233472e+07 9.005443e+05 
6.590550e+03 2.089912e+07 1.057574e+06 
6.183500e+03 1.978496e+07 1.359738e+06 
7.118100e+03 2.207065e+07 9.343980e+05 
6.082700e+03 1.946530e+07 1.510820e+06 

6.205850e+03 1.943537e+07 1.510820e+06 
6.084500e+03 1.922189e+07 1.737443e+06 
6.326000e+03 2.006520e+07 1.359738e+06 
6.240450e+03 1.960892e+07 1.435279e+06 
6.247850e+03 1.952136e+07 1.435279e+06 
6.008900e+03 1.894564e+07 1.888525e+06 
6.112200e+03 1.911787e+07 1.737443e+06 
6.457850e+03 2.054012e+07 1.208656e+06 
6.674150e+03 2.107728e+07 1.057574e+06 
6.242050e+03 1.935763e+07 1.510820e+06 
6.418850e+03 2.069599e+07 1.208656e+06 
6.117000e+03 1.929568e+07 1.661902e+06 
6.908250e+03 2.184349e+07 9.064920e+05 
6.386450e+03 2.036631e+07 1.284197e+06 
6.096100e+03 1.913059e+07 1.737443e+06 
6.615100e+03 2.106721e+07 1.057574e+06 
6.987900e+03 2.156073e+07 9.820330e+05 
6.678750e+03 2.105691e+07 1.057574e+06 
6.922550e+03 2.171925e+07 9.820330e+05 
6.246600e+03 1.957987e+07 1.435279e+06 
6.355150e+03 2.003727e+07 1.359738e+06 
6.968700e+03 2.162290e+07 9.820330e+05 
6.272700e+03 1.959823e+07 1.435279e+06 
6.227950e+03 1.943343e+07 1.510820e+06 
6.402800e+03 2.008079e+07 1.359738e+06 
6.248750e+03 1.936999e+07 1.510820e+06 
6.004700e+03 1.898362e+07 1.888525e+06 
6.569150e+03 2.079279e+07 1.133115e+06 
6.022200e+03 1.883781e+07 1.888525e+06 
6.090500e+03 1.918826e+07 1.737443e+06 
6.009400e+03 1.884407e+07 1.888525e+06 
6.601000e+03 2.080062e+07 1.133115e+06 
6.108700e+03 1.937216e+07 1.661902e+06 
6.022700e+03 1.877074e+07 1.812984e+06 
6.030700e+03 1.889348e+07 1.812984e+06 
6.106500e+03 1.910285e+07 1.737443e+06 
6.981200e+03 2.155097e+07 9.820330e+05 
6.881100e+03 2.186978e+07 9.820330e+05 
6.134600e+03 1.932857e+07 1.586361e+06 
6.449400e+03 2.058518e+07 1.208656e+06 
6.430550e+03 2.063661e+07 1.208656e+06 
6.900650e+03 2.183386e+07 9.064920e+05 
6.117400e+03 1.924108e+07 1.661902e+06 
6.237850e+03 1.942257e+07 1.510820e+06 
6.014100e+03 1.880525e+07 1.888525e+06 
6.905750e+03 2.178834e+07 9.820330e+05 
6.407950e+03 2.038180e+07 1.284197e+06 
6.452550e+03 2.050117e+07 1.208656e+06 
6.552500e+03 2.081736e+07 1.133115e+06 
6.910550e+03 2.178548e+07 9.820330e+05 

6.034550e+03 1.891937e+07 1.510820e+06 
6.023250e+03 1.890218e+07 1.586361e+06 
7.449550e+03 2.359535e+07 8.641580e+05 
5.939800e+03 1.853576e+07 1.737443e+06 
7.164450e+03 2.268263e+07 9.064920e+05 
6.555200e+03 2.091332e+07 1.133115e+06 
6.356900e+03 2.003512e+07 1.284197e+06 
7.157050e+03 2.257184e+07 9.096400e+05 
6.524950e+03 2.067986e+07 1.133115e+06 
6.111300e+03 1.946893e+07 1.435279e+06 
6.346850e+03 1.997500e+07 1.284197e+06 
6.427300e+03 2.051239e+07 1.208656e+06 
6.329350e+03 2.003281e+07 1.284197e+06 
5.940650e+03 1.852352e+07 1.737443e+06 
5.897950e+03 1.832838e+07 1.888525e+06 
6.078000e+03 1.914852e+07 1.435279e+06 
6.507350e+03 2.074755e+07 1.208656e+06 
6.353300e+03 1.995549e+07 1.359738e+06 
5.941150e+03 1.845517e+07 1.737443e+06 
6.036850e+03 1.897754e+07 1.510820e+06 
6.139900e+03 1.917064e+07 1.435279e+06 
7.135150e+03 2.241649e+07 9.096400e+05 
5.945150e+03 1.845264e+07 1.737443e+06 
5.903200e+03 1.821061e+07 1.888525e+06 
6.639550e+03 2.087735e+07 1.057574e+06 
6.600400e+03 2.057826e+07 1.133115e+06 
6.337300e+03 1.990824e+07 1.359738e+06 
5.932450e+03 1.856172e+07 1.737443e+06 
6.004100e+03 1.869418e+07 1.661902e+06 
6.307700e+03 1.996414e+07 1.359738e+06 
6.371700e+03 1.991283e+07 1.359738e+06 
6.534200e+03 2.040047e+07 1.208656e+06 
6.963850e+03 2.178952e+07 9.820330e+05 
5.915800e+03 1.860488e+07 1.812984e+06 
7.035400e+03 2.180834e+07 9.820330e+05 
5.932850e+03 1.838175e+07 1.812984e+06 
5.920850e+03 1.837642e+07 1.812984e+06 
6.531600e+03 2.054997e+07 1.133115e+06 
6.037000e+03 1.895427e+07 1.586361e+06 
5.895800e+03 1.818811e+07 1.888525e+06 
7.537100e+03 2.369366e+07 8.641580e+05 
6.608350e+03 2.054910e+07 1.133115e+06 
6.102250e+03 1.911362e+07 1.435279e+06 
6.012100e+03 1.869839e+07 1.661902e+06 
6.494750e+03 2.033410e+07 1.208656e+06 
5.921000e+03 1.844592e+07 1.812984e+06 
6.037700e+03 1.889314e+07 1.586361e+06 
5.941650e+03 1.845204e+07 1.737443e+06 
5.919900e+03 1.849063e+07 1.812984e+06 
6.652100e+03 2.088839e+07 1.057574e+06 

6.517000e+03 2.073249e+07 1.000604e+06 
6.317350e+03 1.988801e+07 1.359738e+06 
5.964700e+03 1.843253e+07 1.888525e+06 
6.478300e+03 2.079532e+07 9.820330e+05 
6.090600e+03 1.867892e+07 1.737443e+06 
6.468100e+03 2.064483e+07 1.057574e+06 
6.269900e+03 1.980662e+07 1.435279e+06 
6.209950e+03 1.946421e+07 1.586361e+06 
6.475800e+03 2.066113e+07 1.057574e+06 
6.363000e+03 2.022398e+07 1.208656e+06 
6.049550e+03 1.864610e+07 1.812984e+06 
6.557100e+03 2.082711e+07 9.820330e+05 
6.443200e+03 2.060884e+07 1.133115e+06 
6.244350e+03 1.958514e+07 1.510820e+06 
6.302350e+03 1.988719e+07 1.359738e+06 
6.243500e+03 1.962378e+07 1.510820e+06 
6.269650e+03 1.980822e+07 1.435279e+06 
6.189300e+03 1.898663e+07 1.661902e+06 
6.930400e+03 2.176414e+07 9.343980e+05 
6.477600e+03 2.064120e+07 1.057574e+06 
6.281400e+03 1.974180e+07 1.435279e+06 
6.291850e+03 1.989400e+07 1.359738e+06 
6.370350e+03 2.024504e+07 1.208656e+06 
6.206800e+03 1.949727e+07 1.586361e+06 
6.247050e+03 1.960093e+07 1.510820e+06 
6.217800e+03 1.946507e+07 1.586361e+06 
6.879900e+03 2.151886e+07 9.551220e+05 
6.154300e+03 1.897959e+07 1.661902e+06 
6.276350e+03 1.974073e+07 1.435279e+06 
6.496200e+03 2.078253e+07 1.000604e+06 
7.005300e+03 2.213346e+07 9.064920e+05 
6.347450e+03 2.022867e+07 1.208656e+06 
5.955500e+03 1.854296e+07 1.888525e+06 
6.530900e+03 2.078262e+07 9.820330e+05 
6.481500e+03 2.063318e+07 1.057574e+06 
6.323950e+03 2.011591e+07 1.284197e+06 
6.346750e+03 2.023256e+07 1.208656e+06 
6.275100e+03 1.978669e+07 1.435279e+06 
6.218900e+03 1.946297e+07 1.586361e+06 
6.353650e+03 2.022759e+07 1.208656e+06 
6.052850e+03 1.857478e+07 1.812984e+06 
6.328250e+03 2.007675e+07 1.284197e+06 
5.956200e+03 1.841167e+07 1.888525e+06 
6.879800e+03 2.166791e+07 9.551220e+05 
6.371000e+03 2.008819e+07 1.284197e+06 
6.856800e+03 2.169957e+07 9.343980e+05 
6.081500e+03 1.864937e+07 1.737443e+06 
6.472100e+03 2.059232e+07 1.133115e+06 
6.498400e+03 2.074927e+07 1.000604e+06 
7.064550e+03 2.216712e+07 9.215640e+05 

6.085200e+03 1.886629e+07 1.661902e+06 
6.194150e+03 1.940338e+07 1.510820e+06 
6.562450e+03 2.091899e+07 1.133115e+06 
5.970650e+03 1.849006e+07 1.888525e+06 
6.158200e+03 1.974143e+07 1.359738e+06 
6.396550e+03 2.057539e+07 1.208656e+06 
5.971350e+03 1.859043e+07 1.812984e+06 
6.372450e+03 2.037923e+07 1.208656e+06 
6.123000e+03 1.915319e+07 1.586361e+06 
6.645150e+03 2.126654e+07 9.064920e+05 
6.103500e+03 1.965674e+07 1.586361e+06 
6.686650e+03 2.146307e+07 8.309510e+05 
5.958850e+03 1.859261e+07 1.888525e+06 
6.610300e+03 2.115630e+07 9.820330e+05 
6.133300e+03 1.969153e+07 1.359738e+06 
6.115400e+03 1.973951e+07 1.435279e+06 
6.130000e+03 1.963099e+07 1.435279e+06 
6.637100e+03 2.123496e+07 9.064920e+05 
5.973850e+03 1.853433e+07 1.812984e+06 
6.039700e+03 1.877056e+07 1.737443e+06 
6.684300e+03 2.141612e+07 8.309510e+05 
6.071600e+03 1.890238e+07 1.661902e+06 
5.963450e+03 1.847044e+07 1.888525e+06 
6.394550e+03 2.038373e+07 1.284197e+06 
6.611150e+03 2.116639e+07 9.820330e+05 
6.107400e+03 1.958566e+07 1.510820e+06 
6.040100e+03 1.870345e+07 1.737443e+06 
5.976350e+03 1.855356e+07 1.812984e+06 
6.593000e+03 2.087651e+07 1.133115e+06 
6.119650e+03 1.977795e+07 1.510820e+06 
5.954750e+03 1.851289e+07 1.888525e+06 
6.060100e+03 1.913089e+07 1.661902e+06 
6.172150e+03 1.938284e+07 1.510820e+06 
6.582050e+03 2.099514e+07 1.057574e+06 
6.555550e+03 2.094694e+07 1.133115e+06 
6.081900e+03 1.889663e+07 1.661902e+06 
6.651350e+03 2.142366e+07 8.674190e+05 
6.153500e+03 1.966796e+07 1.435279e+06 
6.160600e+03 1.912179e+07 1.586361e+06 
6.618750e+03 2.128280e+07 9.064920e+05 
6.542350e+03 2.095786e+07 1.057574e+06 
6.565750e+03 2.095245e+07 1.057574e+06 
6.126150e+03 1.915498e+07 1.586361e+06 
6.041100e+03 1.869274e+07 1.737443e+06 
6.048200e+03 1.869815e+07 1.737443e+06 
6.565350e+03 2.086385e+07 1.133115e+06 
6.057550e+03 1.891541e+07 1.661902e+06 
6.093650e+03 1.969228e+07 1.586361e+06 
6.627900e+03 2.141128e+07 9.064920e+05 
6.105300e+03 1.890799e+07 1.661902e+06 

6.014350e+03 1.890634e+07 1.812984e+06 
6.356350e+03 2.033399e+07 1.208656e+06 
6.259600e+03 1.988012e+07 1.284197e+06 
6.646850e+03 2.150684e+07 9.820330e+05 
6.216150e+03 1.981362e+07 1.435279e+06 
6.371150e+03 2.038492e+07 1.208656e+06 
6.230850e+03 1.983560e+07 1.359738e+06 
6.241400e+03 1.978839e+07 1.359738e+06 
6.341450e+03 2.043468e+07 1.208656e+06 
6.134650e+03 1.940725e+07 1.586361e+06 
6.812200e+03 2.205635e+07 9.064920e+05 
6.343850e+03 2.038274e+07 1.208656e+06 
6.025900e+03 1.907313e+07 1.661902e+06 
6.890850e+03 2.214195e+07 8.309510e+05 
6.295850e+03 2.000841e+07 1.284197e+06 
6.967500e+03 2.207221e+07 9.064920e+05 
6.022950e+03 1.897542e+07 1.737443e+06 
6.216350e+03 1.968634e+07 1.435279e+06 
6.015550e+03 1.897120e+07 1.737443e+06 
6.841250e+03 2.196925e+07 9.064920e+05 
6.569250e+03 2.120163e+07 1.057574e+06 
6.881250e+03 2.225161e+07 8.641580e+05 
6.241050e+03 1.981471e+07 1.359738e+06 
6.144150e+03 1.946005e+07 1.510820e+06 
6.418700e+03 2.064153e+07 1.133115e+06 
6.210950e+03 1.967153e+07 1.435279e+06 
6.899850e+03 2.213400e+07 8.641580e+05 
6.634600e+03 2.157179e+07 9.820330e+05 
6.230950e+03 1.984974e+07 1.359738e+06 
6.866650e+03 2.191572e+07 9.096400e+05 
6.352250e+03 2.039199e+07 1.208656e+06 
6.839150e+03 2.197266e+07 9.064920e+05 
6.824950e+03 2.199953e+07 9.064920e+05 
6.833700e+03 2.209229e+07 9.064920e+05 
5.994750e+03 1.884497e+07 1.812984e+06 
6.563700e+03 2.110195e+07 1.057574e+06 
6.037300e+03 1.910332e+07 1.661902e+06 
6.237850e+03 1.980734e+07 1.359738e+06 
6.851050e+03 2.227802e+07 8.309510e+05 
6.653900e+03 2.149064e+07 9.820330e+05 
6.787550e+03 2.187641e+07 9.096400e+05 
6.444400e+03 2.067366e+07 1.133115e+06 
5.989500e+03 1.883316e+07 1.812984e+06 
6.831750e+03 2.199877e+07 9.064920e+05 
6.136150e+03 1.944056e+07 1.510820e+06 
6.117550e+03 1.936915e+07 1.586361e+06 
6.546350e+03 2.115399e+07 1.057574e+06 
6.894150e+03 2.222620e+07 8.309510e+05 
6.647050e+03 2.148766e+07 9.820330e+05 
6.221350e+03 1.986192e+07 1.359738e+06 

6.049100e+03 1.930843e+07 1.435279e+06 
5.990900e+03 1.891606e+07 1.661902e+06 
6.215500e+03 1.975536e+07 1.208656e+06 
6.021350e+03 1.909641e+07 1.586361e+06 
5.989600e+03 1.897024e+07 1.661902e+06 
6.533800e+03 2.104357e+07 9.820330e+05 
6.679950e+03 2.172409e+07 8.309510e+05 
6.631550e+03 2.152136e+07 8.641580e+05 
6.266000e+03 2.002154e+07 1.133115e+06 
6.251300e+03 1.990120e+07 1.133115e+06 
6.144950e+03 1.964224e+07 1.284197e+06 
6.132850e+03 1.950595e+07 1.359738e+06 
6.652950e+03 2.157804e+07 8.641580e+05 
5.994200e+03 1.891356e+07 1.661902e+06 
6.019850e+03 1.911247e+07 1.510820e+06 
6.023250e+03 1.913367e+07 1.510820e+06 
6.151450e+03 1.962155e+07 1.284197e+06 
6.119650e+03 1.951039e+07 1.359738e+06 
5.986450e+03 1.903219e+07 1.661902e+06 
6.429800e+03 2.054454e+07 1.057574e+06 
6.130650e+03 1.950459e+07 1.359738e+06 
6.520300e+03 2.118666e+07 9.820330e+05 
6.547700e+03 2.124890e+07 9.551220e+05 
6.121650e+03 1.962928e+07 1.359738e+06 
6.570200e+03 2.122619e+07 9.551220e+05 
6.565200e+03 2.106934e+07 9.820330e+05 
6.605150e+03 2.112376e+07 9.064920e+05 
6.666250e+03 2.177766e+07 8.309510e+05 
5.987600e+03 1.896115e+07 1.661902e+06 
6.274800e+03 1.983805e+07 1.133115e+06 
6.574600e+03 2.127038e+07 9.096400e+05 
6.018050e+03 1.911409e+07 1.586361e+06 
6.221000e+03 1.976900e+07 1.208656e+06 
6.225600e+03 1.975981e+07 1.208656e+06 
6.116950e+03 1.952108e+07 1.359738e+06 
6.271900e+03 1.994350e+07 1.133115e+06 
6.214500e+03 1.980829e+07 1.208656e+06 
5.992100e+03 1.890128e+07 1.661902e+06 
5.988100e+03 1.890207e+07 1.661902e+06 
6.552800e+03 2.156526e+07 9.064920e+05 
6.687350e+03 2.131476e+07 9.064920e+05 
6.509700e+03 2.110599e+07 9.551220e+05 
6.710150e+03 2.176735e+07 8.309510e+05 
6.017550e+03 1.908266e+07 1.586361e+06 
6.424600e+03 2.053074e+07 1.057574e+06 
6.036950e+03 1.919800e+07 1.435279e+06 
6.143550e+03 1.956829e+07 1.284197e+06 
6.540500e+03 2.126941e+07 9.096400e+05 
6.690650e+03 2.176987e+07 8.309510e+05 
6.533900e+03 2.136831e+07 9.064920e+05 

6.032300e+03 1.882062e+07 1.737443e+06 
6.521000e+03 2.072952e+07 1.057574e+06 
6.489750e+03 2.056139e+07 1.208656e+06 
6.076450e+03 1.940693e+07 1.586361e+06 
6.531600e+03 2.074387e+07 1.133115e+06 
6.387900e+03 1.996359e+07 1.359738e+06 
6.409550e+03 1.996247e+07 1.359738e+06 
6.620000e+03 2.098818e+07 9.820330e+05 
6.519000e+03 2.077458e+07 1.133115e+06 
6.636100e+03 2.114437e+07 9.096400e+05 
6.072100e+03 1.941306e+07 1.510820e+06 
6.391150e+03 2.025332e+07 1.284197e+06 
6.505250e+03 2.057494e+07 1.208656e+06 
6.570900e+03 2.092797e+07 9.551220e+05 
5.972850e+03 1.850114e+07 1.812984e+06 
5.986750e+03 1.853333e+07 1.812984e+06 
6.536450e+03 2.073840e+07 1.133115e+06 
6.012450e+03 1.910419e+07 1.661902e+06 
6.042800e+03 1.928058e+07 1.586361e+06 
6.371350e+03 2.006383e+07 1.359738e+06 
6.740900e+03 2.122896e+07 9.096400e+05 
6.079600e+03 1.943769e+07 1.510820e+06 
6.601100e+03 2.105047e+07 9.551220e+05 
6.514650e+03 2.053668e+07 1.208656e+06 
6.693700e+03 2.130094e+07 9.064920e+05 
6.403050e+03 2.008276e+07 1.359738e+06 
6.185150e+03 1.976495e+07 1.435279e+06 
5.969700e+03 1.848878e+07 1.888525e+06 
6.376250e+03 1.999799e+07 1.359738e+06 
5.946800e+03 1.858518e+07 1.888525e+06 
5.969350e+03 1.870736e+07 1.812984e+06 
6.250850e+03 2.008585e+07 1.359738e+06 
6.421450e+03 2.029307e+07 1.284197e+06 
6.355700e+03 2.047713e+07 1.284197e+06 
5.950900e+03 1.845826e+07 1.888525e+06 
6.066200e+03 1.946585e+07 1.510820e+06 
6.679200e+03 2.130189e+07 9.135506e+05 
6.914150e+03 2.238780e+07 8.734826e+05 
6.248500e+03 2.006551e+07 1.359738e+06 
6.018300e+03 1.879594e+07 1.737443e+06 
6.523950e+03 2.074523e+07 1.057574e+06 
5.966150e+03 1.855148e+07 1.812984e+06 
6.201650e+03 1.981264e+07 1.435279e+06 
5.999750e+03 1.857913e+07 1.812984e+06 
5.952800e+03 1.854072e+07 1.888525e+06 
6.025350e+03 1.907001e+07 1.661902e+06 
6.013550e+03 1.905491e+07 1.661902e+06 
6.822850e+03 2.181551e+07 8.734826e+05 
6.508400e+03 2.054667e+07 1.208656e+06 
6.325000e+03 2.031189e+07 1.284197e+06 

