8.262150e+03 3.435797e+07 9.895141e+05 
8.296450e+03 3.421815e+07 9.895141e+05 
8.110050e+03 3.405728e+07 1.057574e+06 
8.682950e+03 3.528028e+07 9.820330e+05 
8.045900e+03 3.353104e+07 1.159753e+06 
8.070750e+03 3.373095e+07 1.127833e+06 
8.028350e+03 3.347270e+07 1.212952e+06 
7.994000e+03 3.341351e+07 1.329992e+06 
7.496800e+03 3.139633e+07 1.447032e+06 
7.449150e+03 3.131095e+07 1.617271e+06 
6.804950e+03 2.823301e+07 2.042869e+06 
6.808400e+03 2.791071e+07 1.957750e+06 
7.377850e+03 3.085415e+07 1.702391e+06 
6.773550e+03 2.809549e+07 2.127989e+06 
6.708300e+03 2.799108e+07 2.213108e+06 
7.939200e+03 3.342569e+07 1.415112e+06 
6.771450e+03 2.816464e+07 2.127989e+06 
6.797900e+03 2.806167e+07 2.127989e+06 
7.503000e+03 3.138075e+07 1.532152e+06 
6.713250e+03 2.791383e+07 2.298228e+06 
6.897900e+03 2.825924e+07 1.872630e+06 
8.098200e+03 3.355133e+07 1.074634e+06 
8.296850e+03 3.433017e+07 9.895141e+05 
7.495750e+03 3.117265e+07 1.617271e+06 
8.630850e+03 3.538835e+07 9.064920e+05 

8.062350e+03 3.292303e+07 1.037375e+06 
7.901900e+03 3.242712e+07 1.057574e+06 
8.618300e+03 3.487943e+07 9.363151e+05 
8.388850e+03 3.573455e+07 9.895141e+05 
8.219900e+03 3.470263e+07 1.021435e+06 
6.649100e+03 2.763197e+07 2.383347e+06 
6.708200e+03 2.773296e+07 2.042869e+06 
7.775100e+03 3.208638e+07 1.074634e+06 
7.129600e+03 2.942468e+07 1.787511e+06 
6.688400e+03 2.763522e+07 2.127989e+06 
6.659850e+03 2.752178e+07 2.298228e+06 
7.129400e+03 2.974194e+07 1.872630e+06 
7.211450e+03 2.951436e+07 1.617271e+06 
7.375450e+03 3.028607e+07 1.361913e+06 
6.695000e+03 2.737071e+07 2.213108e+06 
7.211400e+03 2.994668e+07 1.447032e+06 
7.147550e+03 2.958290e+07 1.702391e+06 
7.114350e+03 2.929809e+07 1.957750e+06 
6.665100e+03 2.743311e+07 2.213108e+06 
7.144650e+03 2.942375e+07 1.872630e+06 
7.175800e+03 2.945624e+07 1.702391e+06 
7.296250e+03 3.029474e+07 1.361913e+06 
8.466250e+03 3.572830e+07 9.064920e+05 
8.394150e+03 3.446202e+07 9.820330e+05 
8.385000e+03 3.553648e+07 9.820330e+05 

8.219600e+03 3.436565e+07 9.820330e+05 
7.901250e+03 3.344631e+07 1.106554e+06 
8.426350e+03 3.555644e+07 9.363151e+05 
8.410500e+03 3.552866e+07 9.479465e+05 
7.920200e+03 3.336322e+07 1.057574e+06 
7.236850e+03 3.033488e+07 1.617271e+06 
7.721650e+03 3.325462e+07 1.133115e+06 
7.707500e+03 3.308300e+07 1.208656e+06 
7.400100e+03 3.102511e+07 1.447032e+06 
7.371500e+03 3.114802e+07 1.447032e+06 
7.647300e+03 3.266164e+07 1.276793e+06 
8.504300e+03 3.571966e+07 9.121750e+05 
7.802200e+03 3.282987e+07 1.191674e+06 
7.783050e+03 3.260016e+07 1.276793e+06 
7.952750e+03 3.329766e+07 1.106554e+06 
7.331300e+03 3.089599e+07 1.532152e+06 
7.752900e+03 3.274610e+07 1.208656e+06 
8.032850e+03 3.370698e+07 1.021435e+06 
7.130550e+03 3.001143e+07 1.957750e+06 
7.133150e+03 2.990771e+07 1.702391e+06 
7.455900e+03 3.142296e+07 1.361913e+06 
7.141950e+03 2.988460e+07 1.957750e+06 
7.744250e+03 3.298991e+07 1.133115e+06 
8.438700e+03 3.440397e+07 9.479465e+05 
8.522200e+03 3.459458e+07 9.363151e+05 

7.825450e+03 3.344512e+07 9.895141e+05 
7.978100e+03 3.392561e+07 9.363151e+05 
6.856250e+03 2.848426e+07 1.957750e+06 
7.694000e+03 3.229347e+07 1.276793e+06 
7.305750e+03 3.018568e+07 1.702391e+06 
6.448600e+03 2.659962e+07 2.468467e+06 
6.641650e+03 2.798456e+07 2.127989e+06 
7.717850e+03 3.240362e+07 1.074634e+06 
6.443200e+03 2.688671e+07 2.298228e+06 
6.698000e+03 2.805363e+07 2.042869e+06 
7.547900e+03 3.145877e+07 1.361913e+06 
7.250150e+03 3.018699e+07 1.617271e+06 
7.243050e+03 3.035827e+07 1.787511e+06 
6.486850e+03 2.712361e+07 2.213108e+06 
7.347050e+03 3.068989e+07 1.617271e+06 
7.299350e+03 3.015931e+07 1.787511e+06 
6.426800e+03 2.670276e+07 2.383347e+06 
6.889250e+03 2.855080e+07 1.872630e+06 
7.771900e+03 3.277194e+07 1.021435e+06 
6.851750e+03 2.854785e+07 1.957750e+06 
8.847700e+03 3.686026e+07 9.064920e+05 
7.363850e+03 3.075392e+07 1.532152e+06 
7.414950e+03 3.098580e+07 1.447032e+06 
7.249400e+03 3.022104e+07 1.702391e+06 
7.399800e+03 3.066433e+07 1.532152e+06 

7.957350e+03 3.243811e+07 1.021435e+06 
7.835650e+03 3.217012e+07 1.057574e+06 
7.332550e+03 3.038578e+07 1.872630e+06 
6.658200e+03 2.771463e+07 2.213108e+06 
7.292800e+03 3.030843e+07 1.915190e+06 
7.513850e+03 3.095513e+07 1.617271e+06 
7.297900e+03 2.998800e+07 2.042869e+06 
7.586350e+03 3.162488e+07 1.532152e+06 
6.559600e+03 2.778478e+07 2.383347e+06 
6.570400e+03 2.760840e+07 2.298228e+06 
7.672450e+03 3.165829e+07 1.208656e+06 
8.360250e+03 3.394073e+07 9.121750e+05 
8.011000e+03 3.280412e+07 9.820330e+05 
6.647850e+03 2.741367e+07 2.298228e+06 
7.602800e+03 3.225591e+07 1.447032e+06 
6.565650e+03 2.733105e+07 2.383347e+06 
8.315800e+03 3.380281e+07 9.363151e+05 
7.344700e+03 2.999067e+07 1.957750e+06 
7.604150e+03 3.147955e+07 1.447032e+06 
7.179150e+03 3.009196e+07 2.127989e+06 
7.609500e+03 3.134309e+07 1.447032e+06 
7.325400e+03 3.046742e+07 1.787511e+06 
8.236550e+03 3.417079e+07 9.479465e+05 
7.293100e+03 3.019917e+07 2.042869e+06 
7.603850e+03 3.130312e+07 1.532152e+06 

7.990350e+03 3.370341e+07 1.159753e+06 
8.688750e+03 3.700729e+07 9.820330e+05 
8.012600e+03 3.371377e+07 1.133115e+06 
7.179300e+03 3.021152e+07 1.617271e+06 
6.644650e+03 2.686890e+07 2.383347e+06 
7.960650e+03 3.389394e+07 1.133115e+06 
7.865000e+03 3.357358e+07 1.447032e+06 
7.167700e+03 3.007252e+07 1.702391e+06 
6.661500e+03 2.751945e+07 2.127989e+06 
7.140850e+03 3.011343e+07 1.702391e+06 
7.123300e+03 3.041566e+07 1.702391e+06 
8.147850e+03 3.479779e+07 9.820330e+05 
7.911700e+03 3.344655e+07 1.359738e+06 
7.201350e+03 2.988801e+07 1.702391e+06 
6.572600e+03 2.674667e+07 2.553587e+06 
6.724850e+03 2.748297e+07 2.042869e+06 
7.864300e+03 3.373694e+07 1.447032e+06 
8.704000e+03 3.655669e+07 9.064920e+05 
8.074300e+03 3.410353e+07 1.057574e+06 
7.969900e+03 3.384477e+07 1.208656e+06 
6.769950e+03 2.746115e+07 2.213108e+06 
6.608850e+03 2.712431e+07 2.298228e+06 
7.056750e+03 2.947673e+07 1.872630e+06 
7.072000e+03 2.983327e+07 1.787511e+06 
7.955550e+03 3.381274e+07 1.329992e+06 

8.461500e+03 3.432441e+07 9.788749e+05 
8.213300e+03 3.307105e+07 1.057574e+06 
8.304000e+03 3.382653e+07 9.820330e+05 
7.942050e+03 3.244939e+07 1.744951e+06 
7.987050e+03 3.307033e+07 1.404473e+06 
6.730700e+03 2.747637e+07 2.127989e+06 
7.985250e+03 3.304442e+07 1.532152e+06 
6.860550e+03 2.783902e+07 1.957750e+06 
7.169950e+03 2.989226e+07 1.787511e+06 
8.002500e+03 3.258664e+07 1.617271e+06 
8.012950e+03 3.237339e+07 1.574712e+06 
8.035150e+03 3.264514e+07 1.447032e+06 
6.769650e+03 2.744247e+07 2.213108e+06 
7.988150e+03 3.299704e+07 1.532152e+06 
7.980100e+03 3.313964e+07 1.574712e+06 
8.019300e+03 3.255921e+07 1.489592e+06 
6.564150e+03 2.693446e+07 2.468467e+06 
9.167400e+03 3.643416e+07 9.363151e+05 
8.247900e+03 3.339018e+07 1.021435e+06 
7.992250e+03 3.235080e+07 1.702391e+06 
7.980700e+03 3.279494e+07 1.617271e+06 
8.121950e+03 3.289113e+07 1.208656e+06 
8.037800e+03 3.249897e+07 1.361913e+06 
8.117050e+03 3.253352e+07 1.319353e+06 
8.017050e+03 3.286744e+07 1.532152e+06 

8.244250e+03 3.437549e+07 1.021435e+06 
7.270000e+03 3.048102e+07 1.702391e+06 
6.961900e+03 2.863673e+07 1.872630e+06 
7.299450e+03 3.070612e+07 1.532152e+06 
7.327400e+03 3.107285e+07 1.447032e+06 
7.265550e+03 3.101926e+07 1.617271e+06 
7.667150e+03 3.252339e+07 1.057574e+06 
7.785600e+03 3.263481e+07 1.021435e+06 
6.807300e+03 2.791217e+07 2.042869e+06 
7.219400e+03 3.033296e+07 1.787511e+06 
6.649300e+03 2.749405e+07 2.213108e+06 
7.401750e+03 3.117914e+07 1.435279e+06 
7.741450e+03 3.214855e+07 1.057574e+06 
6.814700e+03 2.786151e+07 2.042869e+06 
6.707250e+03 2.784004e+07 2.127989e+06 
7.848750e+03 3.295998e+07 9.820330e+05 
7.238550e+03 3.056032e+07 1.957750e+06 
7.577200e+03 3.215562e+07 1.208656e+06 
7.187200e+03 3.042001e+07 1.787511e+06 
8.301050e+03 3.456190e+07 9.121750e+05 
6.726850e+03 2.759382e+07 2.127989e+06 
6.793750e+03 2.805876e+07 2.042869e+06 
6.813000e+03 2.806178e+07 1.957750e+06 
8.263600e+03 3.482741e+07 9.121750e+05 
7.239800e+03 3.027318e+07 1.787511e+06 

7.943500e+03 3.350718e+07 1.276793e+06 
7.686150e+03 3.146759e+07 1.532152e+06 
7.687600e+03 3.163169e+07 1.284197e+06 
7.643300e+03 3.149992e+07 1.532152e+06 
8.183300e+03 3.359257e+07 1.021435e+06 
8.067450e+03 3.315057e+07 1.208656e+06 
6.545150e+03 2.693240e+07 2.213108e+06 
8.145000e+03 3.345574e+07 1.191674e+06 
8.001350e+03 3.279035e+07 1.276793e+06 
6.960200e+03 2.879724e+07 2.127989e+06 
7.538700e+03 3.127263e+07 1.787511e+06 
7.946000e+03 3.339580e+07 1.208656e+06 
7.460050e+03 3.160349e+07 1.872630e+06 
7.397050e+03 3.103875e+07 1.957750e+06 
7.702750e+03 3.140915e+07 1.532152e+06 
8.069500e+03 3.382760e+07 1.057574e+06 
7.592050e+03 3.100447e+07 1.617271e+06 
7.463750e+03 3.102075e+07 2.127989e+06 
6.535000e+03 2.699673e+07 2.213108e+06 
7.599000e+03 3.166779e+07 1.447032e+06 
7.481500e+03 3.112371e+07 1.872630e+06 
7.523750e+03 3.139436e+07 1.787511e+06 
8.565100e+03 3.475048e+07 9.363151e+05 
8.128600e+03 3.357524e+07 1.133115e+06 
8.456050e+03 3.437027e+07 9.820330e+05 

8.040950e+03 3.160631e+07 9.866524e+05 
7.761050e+03 3.042978e+07 1.041847e+06 
7.502350e+03 3.019125e+07 1.415112e+06 
6.434850e+03 2.654484e+07 2.383347e+06 
6.467650e+03 2.664765e+07 2.213108e+06 
6.434750e+03 2.680156e+07 2.383347e+06 
7.564400e+03 3.030791e+07 1.361913e+06 
7.197600e+03 3.032263e+07 1.457672e+06 
7.078050e+03 2.971566e+07 1.585351e+06 
6.577550e+03 2.699886e+07 2.042869e+06 
6.577300e+03 2.699212e+07 2.127989e+06 
6.553950e+03 2.707760e+07 2.042869e+06 
7.074900e+03 2.971823e+07 1.532152e+06 
7.027900e+03 2.960158e+07 1.617271e+06 
6.941250e+03 2.903073e+07 1.787511e+06 
6.607650e+03 2.694816e+07 2.127989e+06 
6.539900e+03 2.708951e+07 2.127989e+06 
7.911550e+03 3.101488e+07 1.021435e+06 
6.545050e+03 2.702754e+07 2.127989e+06 
6.601050e+03 2.759230e+07 1.957750e+06 
6.455450e+03 2.666903e+07 2.213108e+06 
6.453650e+03 2.670340e+07 2.298228e+06 
7.154850e+03 2.967665e+07 1.574712e+06 
6.491300e+03 2.659202e+07 2.213108e+06 
6.990800e+03 2.925231e+07 1.659831e+06 

