9.895950e+03 3.926381e+07 9.551220e+05 
7.074800e+03 2.889946e+07 1.617271e+06 
6.281900e+03 2.580036e+07 2.468467e+06 
6.284850e+03 2.564108e+07 2.468467e+06 
6.412600e+03 2.576089e+07 2.383347e+06 
7.235750e+03 2.935040e+07 1.586361e+06 
6.385800e+03 2.601137e+07 2.383347e+06 
8.570550e+03 3.352571e+07 1.208656e+06 
7.449450e+03 3.042820e+07 1.532152e+06 
9.915150e+03 3.782529e+07 1.021435e+06 
1.089320e+04 4.155656e+07 8.721289e+05 
7.761900e+03 3.138058e+07 1.447032e+06 
6.685100e+03 2.725059e+07 2.042869e+06 
7.025600e+03 2.871644e+07 1.702391e+06 
6.409100e+03 2.601052e+07 2.298228e+06 
7.581850e+03 3.076870e+07 1.510820e+06 
6.550850e+03 2.663594e+07 2.213108e+06 
7.028150e+03 2.855193e+07 1.787511e+06 
6.737250e+03 2.735220e+07 1.957750e+06 
8.686350e+03 3.483089e+07 1.106554e+06 
6.792800e+03 2.798196e+07 1.872630e+06 
8.781400e+03 3.453210e+07 1.133115e+06 
8.449950e+03 3.332977e+07 1.276793e+06 
1.007725e+04 3.990025e+07 9.096400e+05 
6.634700e+03 2.688909e+07 2.127989e+06 

6.710950e+03 2.703781e+07 2.042869e+06 
9.711450e+03 3.767743e+07 9.363151e+05 
7.747750e+03 3.134945e+07 1.435279e+06 
6.260150e+03 2.539087e+07 2.383347e+06 
6.571600e+03 2.659008e+07 2.127989e+06 
6.202100e+03 2.501131e+07 2.468467e+06 
7.592550e+03 3.085519e+07 1.447032e+06 
7.849200e+03 3.252285e+07 1.404473e+06 
6.566050e+03 2.648466e+07 2.213108e+06 
9.696100e+03 3.818001e+07 9.363151e+05 
6.792900e+03 2.754317e+07 1.872630e+06 
7.103250e+03 2.907173e+07 1.702391e+06 
7.276500e+03 2.973402e+07 1.617271e+06 
9.727650e+03 3.757673e+07 9.820330e+05 
6.548900e+03 2.645947e+07 2.298228e+06 
7.932100e+03 3.268047e+07 1.361913e+06 
6.183700e+03 2.510680e+07 2.553587e+06 
9.821650e+03 3.823220e+07 9.064920e+05 
9.622200e+03 3.751550e+07 1.057574e+06 
7.991300e+03 3.330684e+07 1.276793e+06 
9.010450e+03 3.575897e+07 1.191674e+06 
9.579050e+03 3.787632e+07 1.063994e+06 
7.528600e+03 3.090266e+07 1.500231e+06 
9.245150e+03 3.672699e+07 1.133115e+06 
7.524150e+03 3.076115e+07 1.585351e+06 

7.094600e+03 2.930023e+07 1.872630e+06 
7.459900e+03 3.008371e+07 1.617271e+06 
6.560300e+03 2.719387e+07 1.957750e+06 
8.549100e+03 3.446136e+07 1.191674e+06 
7.411800e+03 2.995029e+07 1.744951e+06 
1.018005e+04 4.130319e+07 9.064920e+05 
6.543450e+03 2.695423e+07 2.042869e+06 
6.314450e+03 2.587343e+07 2.553587e+06 
8.825400e+03 3.608898e+07 1.037375e+06 
6.347150e+03 2.601830e+07 2.468467e+06 
8.723100e+03 3.500095e+07 1.106554e+06 
7.514050e+03 3.035231e+07 1.447032e+06 
6.560450e+03 2.686796e+07 1.957750e+06 
8.315450e+03 3.290876e+07 1.361913e+06 
6.426700e+03 2.626736e+07 2.213108e+06 
7.408350e+03 3.017116e+07 1.574712e+06 
6.377250e+03 2.606720e+07 2.383347e+06 
7.153150e+03 2.936608e+07 1.787511e+06 
6.480250e+03 2.635519e+07 2.127989e+06 
6.312300e+03 2.590613e+07 2.553587e+06 
7.283050e+03 3.000205e+07 1.702391e+06 
1.042635e+04 4.192696e+07 8.585176e+05 
7.456150e+03 3.010247e+07 1.532152e+06 
8.372650e+03 3.318210e+07 1.276793e+06 
6.397750e+03 2.608619e+07 2.298228e+06 

9.556850e+03 3.809184e+07 1.191674e+06 
7.042750e+03 2.857665e+07 1.702391e+06 
6.569700e+03 2.693740e+07 2.042869e+06 
9.344050e+03 3.831423e+07 1.057574e+06 
9.973200e+03 4.228034e+07 9.820330e+05 
7.267200e+03 2.946198e+07 1.532152e+06 
9.538950e+03 3.825292e+07 1.106554e+06 
8.108350e+03 3.249384e+07 1.284197e+06 
9.996200e+03 4.015175e+07 1.021435e+06 
6.396150e+03 2.624176e+07 2.383347e+06 
7.218700e+03 2.935938e+07 1.617271e+06 
7.494650e+03 3.063006e+07 1.510820e+06 
6.340350e+03 2.614909e+07 2.468467e+06 
6.552800e+03 2.659934e+07 2.298228e+06 
6.652250e+03 2.714066e+07 1.957750e+06 
6.550550e+03 2.707898e+07 2.127989e+06 
7.051850e+03 2.852432e+07 1.787511e+06 
6.313650e+03 2.599665e+07 2.553587e+06 
8.006050e+03 3.146042e+07 1.361913e+06 
9.295450e+03 3.832818e+07 1.106554e+06 
6.528350e+03 2.693545e+07 2.213108e+06 
7.946400e+03 3.160845e+07 1.359738e+06 
6.373300e+03 2.608245e+07 2.468467e+06 
9.296850e+03 3.558491e+07 1.276793e+06 
6.718550e+03 2.736065e+07 1.872630e+06 

6.250900e+03 2.576470e+07 2.383347e+06 
9.324800e+03 3.526426e+07 1.057574e+06 
6.982100e+03 2.785848e+07 1.872630e+06 
6.998100e+03 2.767349e+07 1.957750e+06 
1.012395e+04 4.008075e+07 9.363151e+05 
7.094300e+03 2.804744e+07 1.702391e+06 
9.136200e+03 3.467825e+07 1.106554e+06 
8.461300e+03 3.337903e+07 1.284197e+06 
8.462000e+03 3.318055e+07 1.329992e+06 
7.724750e+03 3.046436e+07 1.617271e+06 
6.262000e+03 2.561246e+07 2.468467e+06 
8.930250e+03 3.452928e+07 1.133115e+06 
8.651300e+03 3.394106e+07 1.191674e+06 
8.026450e+03 3.153592e+07 1.435279e+06 
9.386150e+03 3.603642e+07 9.820330e+05 
8.837350e+03 3.381491e+07 1.208656e+06 
7.009050e+03 2.791650e+07 1.787511e+06 
8.249850e+03 3.265706e+07 1.361913e+06 
6.930050e+03 2.801074e+07 1.872630e+06 
6.320450e+03 2.551725e+07 2.298228e+06 
7.672050e+03 3.054632e+07 1.510820e+06 
6.339500e+03 2.582576e+07 2.127989e+06 
6.303100e+03 2.566621e+07 2.213108e+06 
7.993100e+03 3.108522e+07 1.447032e+06 
6.487300e+03 2.655976e+07 2.042869e+06 

6.546000e+03 2.653067e+07 2.213108e+06 
7.789100e+03 3.218644e+07 1.447032e+06 
8.448650e+03 3.522298e+07 1.284197e+06 
7.991750e+03 3.366531e+07 1.359738e+06 
7.467150e+03 3.113902e+07 1.510820e+06 
9.899900e+03 3.838467e+07 1.001604e+06 
7.461450e+03 3.097588e+07 1.532152e+06 
6.531500e+03 2.685466e+07 2.042869e+06 
6.358800e+03 2.664968e+07 2.383347e+06 
6.502700e+03 2.668073e+07 2.127989e+06 
6.330850e+03 2.626749e+07 2.468467e+06 
7.359850e+03 3.040083e+07 1.787511e+06 
9.064600e+03 3.665205e+07 1.021435e+06 
7.946100e+03 3.286341e+07 1.361913e+06 
8.458300e+03 3.526857e+07 1.276793e+06 
6.330900e+03 2.612035e+07 2.553587e+06 
1.044800e+04 4.197166e+07 9.363151e+05 
6.517000e+03 2.693659e+07 1.957750e+06 
8.963350e+03 3.623368e+07 1.106554e+06 
6.751400e+03 2.758685e+07 1.872630e+06 
9.391150e+03 3.943278e+07 9.820330e+05 
8.346200e+03 3.541610e+07 1.208656e+06 
6.404500e+03 2.611708e+07 2.383347e+06 
8.973050e+03 3.631949e+07 1.057574e+06 
6.375950e+03 2.604320e+07 2.553587e+06 

8.048800e+03 3.272956e+07 1.361913e+06 
9.013450e+03 3.754810e+07 9.820330e+05 
6.202500e+03 2.509241e+07 2.553587e+06 
8.910900e+03 3.628626e+07 1.208656e+06 
7.024000e+03 2.918899e+07 1.702391e+06 
8.331400e+03 3.337113e+07 1.319353e+06 
6.305900e+03 2.550871e+07 2.298228e+06 
6.181550e+03 2.519106e+07 2.553587e+06 
7.136250e+03 3.015945e+07 1.617271e+06 
6.200800e+03 2.526927e+07 2.383347e+06 
6.199800e+03 2.518701e+07 2.468467e+06 
6.369200e+03 2.616053e+07 1.957750e+06 
8.702700e+03 3.498075e+07 1.234234e+06 
8.795450e+03 3.694704e+07 1.208656e+06 
6.875250e+03 2.886026e+07 1.787511e+06 
6.318650e+03 2.560058e+07 2.213108e+06 
8.872950e+03 3.660766e+07 1.021435e+06 
6.330100e+03 2.581660e+07 2.127989e+06 
6.407750e+03 2.609929e+07 2.042869e+06 
7.105100e+03 3.029364e+07 1.617271e+06 
8.995900e+03 3.767755e+07 9.363151e+05 
6.556450e+03 2.687364e+07 1.872630e+06 
7.214650e+03 3.064414e+07 1.532152e+06 
9.035300e+03 3.761244e+07 9.064920e+05 
6.194600e+03 2.516755e+07 2.468467e+06 

6.385650e+03 2.606637e+07 2.383347e+06 
7.117150e+03 2.935502e+07 1.787511e+06 
8.727400e+03 3.602232e+07 1.133115e+06 
7.431550e+03 3.091402e+07 1.585351e+06 
6.550800e+03 2.720158e+07 2.298228e+06 
8.287300e+03 3.375882e+07 1.276793e+06 
7.453900e+03 3.074012e+07 1.617271e+06 
7.543750e+03 3.084973e+07 1.532152e+06 
7.474150e+03 3.099311e+07 1.447032e+06 
7.679350e+03 3.140546e+07 1.361913e+06 
9.884350e+03 4.166891e+07 9.363151e+05 
6.566150e+03 2.713987e+07 2.127989e+06 
7.836750e+03 3.181438e+07 1.284197e+06 
6.702150e+03 2.752803e+07 1.957750e+06 
9.062650e+03 3.738144e+07 1.057574e+06 
6.556950e+03 2.722923e+07 2.213108e+06 
9.269500e+03 3.711423e+07 1.106554e+06 
6.180850e+03 2.502178e+07 2.468467e+06 
7.015950e+03 2.887562e+07 1.872630e+06 
7.125750e+03 2.960524e+07 1.702391e+06 
6.648600e+03 2.710159e+07 2.042869e+06 
6.598850e+03 2.678290e+07 2.213108e+06 
8.371050e+03 3.453114e+07 1.208656e+06 
7.420750e+03 3.097596e+07 1.617271e+06 
9.018950e+03 3.792638e+07 9.820330e+05 

6.458150e+03 2.621049e+07 2.298228e+06 
6.309200e+03 2.585082e+07 2.468467e+06 
8.860450e+03 3.501828e+07 1.057574e+06 
6.643600e+03 2.732332e+07 1.957750e+06 
6.541650e+03 2.652870e+07 2.127989e+06 
8.861300e+03 3.560500e+07 9.820330e+05 
6.287650e+03 2.576624e+07 2.553587e+06 
8.472800e+03 3.319746e+07 1.133115e+06 
9.050900e+03 3.708652e+07 9.363151e+05 
6.961300e+03 2.905140e+07 1.532152e+06 
6.345850e+03 2.570401e+07 2.468467e+06 
8.432700e+03 3.264763e+07 1.276793e+06 
6.958100e+03 2.919088e+07 1.617271e+06 
6.600600e+03 2.711386e+07 2.042869e+06 
7.296400e+03 3.042822e+07 1.510820e+06 
6.710800e+03 2.757677e+07 1.872630e+06 
8.813150e+03 3.425633e+07 1.106554e+06 
8.546000e+03 3.234326e+07 1.447032e+06 
6.400250e+03 2.589704e+07 2.383347e+06 
6.778250e+03 2.786273e+07 1.787511e+06 
8.360850e+03 3.301935e+07 1.191674e+06 
8.422950e+03 3.242555e+07 1.361913e+06 
6.279550e+03 2.581675e+07 2.553587e+06 
8.771550e+03 3.525379e+07 9.895141e+05 
6.872200e+03 2.819363e+07 1.702391e+06 

7.179200e+03 2.928477e+07 1.617271e+06 
8.180700e+03 3.320677e+07 1.276793e+06 
7.353800e+03 3.015921e+07 1.447032e+06 
6.839600e+03 2.791816e+07 2.042869e+06 
6.853200e+03 2.771887e+07 2.042869e+06 
9.077000e+03 3.760353e+07 1.074634e+06 
6.279450e+03 2.535083e+07 2.468467e+06 
6.345950e+03 2.577647e+07 2.383347e+06 
6.934400e+03 2.805827e+07 1.872630e+06 
6.393200e+03 2.602523e+07 2.298228e+06 
7.459650e+03 3.070246e+07 1.361913e+06 
6.524100e+03 2.654244e+07 2.213108e+06 
8.171000e+03 3.315363e+07 1.329992e+06 
6.948400e+03 2.858555e+07 1.702391e+06 
9.280750e+03 3.620158e+07 1.106554e+06 
6.997200e+03 2.837419e+07 1.787511e+06 
6.585350e+03 2.672318e+07 2.127989e+06 
6.274900e+03 2.540132e+07 2.468467e+06 
9.669550e+03 3.671784e+07 1.057574e+06 
8.773650e+03 3.418307e+07 1.191674e+06 
7.138050e+03 2.953049e+07 1.532152e+06 
7.097150e+03 2.955556e+07 1.617271e+06 
9.557850e+03 4.005791e+07 9.895141e+05 
6.865000e+03 2.782415e+07 1.957750e+06 
6.271500e+03 2.528342e+07 2.553587e+06 

