6.679850e+03 2.704525e+07 1.872630e+06 
8.705450e+03 3.458576e+07 9.866503e+05 
6.620800e+03 2.721512e+07 1.872630e+06 
6.628800e+03 2.713917e+07 1.872630e+06 
8.320200e+03 3.439837e+07 1.057574e+06 
8.800000e+03 3.534611e+07 1.021435e+06 
6.480500e+03 2.631560e+07 2.213108e+06 
7.795000e+03 3.185929e+07 1.191674e+06 
8.563100e+03 3.421132e+07 1.133115e+06 
7.786600e+03 3.174544e+07 1.276793e+06 
6.781400e+03 2.824876e+07 1.532152e+06 
6.806600e+03 2.810971e+07 1.702391e+06 
8.523550e+03 3.384670e+07 1.021435e+06 
6.367500e+03 2.589158e+07 2.298228e+06 
8.540500e+03 3.421440e+07 1.106554e+06 
7.814550e+03 3.183963e+07 1.191674e+06 
8.769950e+03 3.507183e+07 1.074634e+06 
6.677900e+03 2.772780e+07 1.702391e+06 
8.261200e+03 3.317644e+07 1.106554e+06 
6.563100e+03 2.701453e+07 2.213108e+06 
8.517850e+03 3.402470e+07 9.926605e+05 
7.649050e+03 3.127270e+07 1.361913e+06 
7.732900e+03 3.139023e+07 1.361913e+06 
7.716700e+03 3.157776e+07 1.284197e+06 
6.371850e+03 2.599199e+07 2.383347e+06 
6.409650e+03 2.595888e+07 2.468467e+06 
8.770050e+03 3.495088e+07 9.820330e+05 
6.692250e+03 2.733516e+07 1.957750e+06 
6.837750e+03 2.844871e+07 1.510820e+06 
6.711900e+03 2.792823e+07 1.617271e+06 
6.588650e+03 2.681286e+07 2.213108e+06 
6.537700e+03 2.662583e+07 2.127989e+06 
7.783150e+03 3.174708e+07 1.276793e+06 
8.500250e+03 3.384917e+07 1.021435e+06 
6.671900e+03 2.795870e+07 1.787511e+06 
8.261050e+03 3.282580e+07 1.159753e+06 
6.626600e+03 2.717404e+07 2.127989e+06 
6.577000e+03 2.681686e+07 2.042869e+06 
6.587300e+03 2.694294e+07 1.957750e+06 
6.371350e+03 2.615459e+07 2.468467e+06 
6.437650e+03 2.594894e+07 2.383347e+06 
8.349150e+03 3.326803e+07 1.057574e+06 
8.554700e+03 3.402178e+07 9.926605e+05 
6.601550e+03 2.680552e+07 2.042869e+06 
6.363350e+03 2.604494e+07 2.468467e+06 
6.573750e+03 2.698508e+07 1.957750e+06 
6.676550e+03 2.706389e+07 2.042869e+06 
8.232050e+03 3.276235e+07 1.208656e+06 
6.467800e+03 2.636526e+07 2.213108e+06 
8.178050e+03 3.260424e+07 1.133115e+06 

6.536200e+03 2.672066e+07 2.127989e+06 
6.706100e+03 2.796758e+07 1.617271e+06 
7.437850e+03 3.046460e+07 1.208656e+06 
8.112250e+03 3.357786e+07 9.895141e+05 
8.060000e+03 3.310544e+07 1.021435e+06 
6.662700e+03 2.728461e+07 1.957750e+06 
7.004100e+03 2.902328e+07 1.447032e+06 
6.700450e+03 2.756295e+07 1.872630e+06 
7.464700e+03 3.064645e+07 1.159753e+06 
6.695900e+03 2.768803e+07 1.787511e+06 
7.358350e+03 3.017071e+07 1.276793e+06 
6.869200e+03 2.840549e+07 1.532152e+06 
6.644700e+03 2.743472e+07 2.000309e+06 
6.404850e+03 2.631864e+07 2.213108e+06 
6.345500e+03 2.603586e+07 2.468467e+06 
8.048500e+03 3.300916e+07 1.057574e+06 
6.398350e+03 2.649042e+07 2.213108e+06 
7.382350e+03 3.043425e+07 1.361913e+06 
7.327550e+03 3.037602e+07 1.284197e+06 
6.460400e+03 2.648848e+07 2.383347e+06 
6.771550e+03 2.755101e+07 1.957750e+06 
6.365750e+03 2.620110e+07 2.383347e+06 
7.421800e+03 3.047516e+07 1.244873e+06 
6.403350e+03 2.648276e+07 2.213108e+06 
7.347400e+03 3.001940e+07 1.284197e+06 
6.667450e+03 2.721514e+07 2.042869e+06 
6.385150e+03 2.631655e+07 2.298228e+06 
6.702100e+03 2.815695e+07 1.872630e+06 
6.330950e+03 2.615135e+07 2.553587e+06 
6.403350e+03 2.630765e+07 2.298228e+06 
6.497750e+03 2.684768e+07 2.127989e+06 
6.668600e+03 2.723676e+07 1.957750e+06 
6.387850e+03 2.631009e+07 2.468467e+06 
6.648900e+03 2.768297e+07 1.872630e+06 
6.741350e+03 2.792943e+07 1.872630e+06 
7.469600e+03 3.010312e+07 1.276793e+06 
7.421550e+03 3.016787e+07 1.276793e+06 
7.249700e+03 3.006036e+07 1.361913e+06 
6.818050e+03 2.840776e+07 1.532152e+06 
7.253800e+03 2.983336e+07 1.361913e+06 
7.262950e+03 2.996184e+07 1.359738e+06 
6.404400e+03 2.635959e+07 2.213108e+06 
6.324750e+03 2.601710e+07 2.553587e+06 
7.340050e+03 3.035054e+07 1.284197e+06 
7.433050e+03 3.056106e+07 1.191674e+06 
6.351850e+03 2.604518e+07 2.553587e+06 
6.796900e+03 2.872692e+07 1.787511e+06 
6.693700e+03 2.796088e+07 1.702391e+06 
6.928150e+03 2.900320e+07 1.617271e+06 
7.342000e+03 3.085281e+07 1.276793e+06 

8.176300e+03 3.471168e+07 9.363151e+05 
8.200500e+03 3.453622e+07 1.021435e+06 
6.534900e+03 2.661507e+07 1.872630e+06 
7.128800e+03 3.013281e+07 1.415112e+06 
6.454700e+03 2.625593e+07 2.127989e+06 
7.364000e+03 3.108023e+07 1.133115e+06 
6.396300e+03 2.613273e+07 2.383347e+06 
6.422700e+03 2.643098e+07 2.298228e+06 
7.861450e+03 3.318837e+07 1.106554e+06 
6.391500e+03 2.625531e+07 2.383347e+06 
7.861450e+03 3.396496e+07 1.057574e+06 
6.429600e+03 2.640549e+07 2.298228e+06 
7.202450e+03 3.031831e+07 1.276793e+06 
6.825250e+03 2.857157e+07 1.532152e+06 
6.805450e+03 2.866464e+07 1.532152e+06 
6.479600e+03 2.633832e+07 1.957750e+06 
7.174950e+03 3.035294e+07 1.276793e+06 
7.174700e+03 3.024867e+07 1.284197e+06 
6.850350e+03 2.828832e+07 1.532152e+06 
7.894250e+03 3.415422e+07 1.191674e+06 
8.093750e+03 3.460565e+07 1.021435e+06 
7.226550e+03 3.063883e+07 1.191674e+06 
8.163600e+03 3.473976e+07 9.820330e+05 
7.112850e+03 2.938858e+07 1.435279e+06 
7.011900e+03 2.931415e+07 1.447032e+06 
6.350700e+03 2.598009e+07 2.468467e+06 
7.150150e+03 2.989692e+07 1.361913e+06 
6.338450e+03 2.607504e+07 2.553587e+06 
6.814900e+03 2.844421e+07 1.957750e+06 
7.844350e+03 3.405401e+07 1.106554e+06 
6.435400e+03 2.639920e+07 2.298228e+06 
6.704950e+03 2.828564e+07 1.787511e+06 
6.730400e+03 2.812185e+07 1.617271e+06 
6.482100e+03 2.656883e+07 2.383347e+06 
7.031450e+03 2.911860e+07 1.447032e+06 
6.470100e+03 2.643140e+07 1.957750e+06 
7.216850e+03 2.979569e+07 1.359738e+06 
6.488900e+03 2.629540e+07 2.042869e+06 
7.845450e+03 3.396567e+07 1.106554e+06 
6.441700e+03 2.610578e+07 2.298228e+06 
7.048600e+03 2.908191e+07 1.447032e+06 
6.346050e+03 2.604513e+07 2.553587e+06 
6.709400e+03 2.820934e+07 1.787511e+06 
6.355550e+03 2.598284e+07 2.553587e+06 
6.323000e+03 2.605784e+07 2.553587e+06 
6.436800e+03 2.637608e+07 2.298228e+06 
6.896750e+03 2.900912e+07 1.872630e+06 
6.885150e+03 2.872578e+07 1.510820e+06 
7.216100e+03 3.007778e+07 1.447032e+06 
6.474800e+03 2.631808e+07 2.042869e+06 

8.244050e+03 3.427061e+07 1.057574e+06 
7.326150e+03 3.118755e+07 1.276793e+06 
7.345750e+03 3.124846e+07 1.244873e+06 
7.339350e+03 3.102024e+07 1.284197e+06 
7.390750e+03 3.190892e+07 1.208656e+06 
6.502500e+03 2.702059e+07 2.042869e+06 
6.477250e+03 2.704797e+07 2.127989e+06 
7.130250e+03 2.996812e+07 1.361913e+06 
7.198900e+03 2.991681e+07 1.361913e+06 
7.228350e+03 3.026609e+07 1.359738e+06 
6.419250e+03 2.609126e+07 2.298228e+06 
7.657650e+03 3.220019e+07 1.191674e+06 
6.599600e+03 2.737525e+07 1.872630e+06 
7.678500e+03 3.227681e+07 1.133115e+06 
6.553950e+03 2.740346e+07 1.957750e+06 
6.462900e+03 2.645560e+07 2.213108e+06 
6.515950e+03 2.677254e+07 2.127989e+06 
7.622900e+03 3.336135e+07 1.133115e+06 
7.283850e+03 3.113361e+07 1.284197e+06 
7.500650e+03 3.231401e+07 1.191674e+06 
6.666450e+03 2.757125e+07 1.787511e+06 
6.943850e+03 2.864938e+07 1.532152e+06 
6.479150e+03 2.702037e+07 2.127989e+06 
6.557350e+03 2.738588e+07 1.957750e+06 
6.827700e+03 2.841010e+07 1.617271e+06 
7.671700e+03 3.233479e+07 1.106554e+06 
6.863300e+03 2.816923e+07 1.702391e+06 
7.354250e+03 3.098178e+07 1.284197e+06 
6.361050e+03 2.603191e+07 2.468467e+06 
6.655600e+03 2.737297e+07 1.872630e+06 
6.355950e+03 2.608139e+07 2.553587e+06 
8.305700e+03 3.434274e+07 1.021435e+06 
7.606100e+03 3.342419e+07 1.106554e+06 
6.376350e+03 2.594503e+07 2.553587e+06 
6.488150e+03 2.708930e+07 2.042869e+06 
6.481050e+03 2.699728e+07 2.127989e+06 
6.916900e+03 2.850866e+07 1.586361e+06 
6.455250e+03 2.667056e+07 2.213108e+06 
6.348250e+03 2.606759e+07 2.468467e+06 
8.362100e+03 3.431252e+07 1.021435e+06 
6.383650e+03 2.594014e+07 2.468467e+06 
7.082400e+03 2.916932e+07 1.617271e+06 
6.462600e+03 2.663250e+07 2.213108e+06 
6.384100e+03 2.613530e+07 2.468467e+06 
6.365850e+03 2.594159e+07 2.553587e+06 
6.365350e+03 2.603164e+07 2.553587e+06 
6.354100e+03 2.616293e+07 2.468467e+06 
6.382200e+03 2.613718e+07 2.383347e+06 
6.488150e+03 2.692889e+07 2.127989e+06 
6.487850e+03 2.695027e+07 2.127989e+06 

