8.407850e+03 3.402811e+07 9.820330e+05 
8.709150e+03 3.452436e+07 9.363151e+05 
8.830450e+03 3.438860e+07 9.363151e+05 
8.307450e+03 3.388402e+07 9.895141e+05 
8.777900e+03 3.458432e+07 9.064920e+05 
7.224500e+03 3.073811e+07 2.042869e+06 
7.226300e+03 3.067164e+07 2.042869e+06 
7.259250e+03 3.069735e+07 1.957750e+06 
8.215700e+03 3.410294e+07 1.106554e+06 
6.955100e+03 2.889899e+07 2.213108e+06 
8.005500e+03 3.313163e+07 1.133115e+06 
7.272650e+03 3.033716e+07 1.957750e+06 
6.960650e+03 2.878476e+07 2.213108e+06 
7.352250e+03 3.099389e+07 1.957750e+06 
7.229100e+03 3.063613e+07 2.042869e+06 
7.989350e+03 3.325463e+07 1.133115e+06 
7.319950e+03 3.073242e+07 2.042869e+06 
7.979950e+03 3.330276e+07 1.208656e+06 
7.589600e+03 3.181609e+07 1.617271e+06 
7.295950e+03 3.050008e+07 1.872630e+06 
8.009300e+03 3.363658e+07 1.383191e+06 
6.752150e+03 2.813252e+07 2.298228e+06 
7.949200e+03 3.307598e+07 1.383191e+06 
7.297100e+03 3.048997e+07 1.787511e+06 
7.464100e+03 3.120892e+07 1.702391e+06 

8.318650e+03 3.337686e+07 1.191674e+06 
8.320350e+03 3.305725e+07 1.191674e+06 
8.352550e+03 3.329001e+07 9.820330e+05 
8.407500e+03 3.335155e+07 9.121750e+05 
7.389700e+03 3.067286e+07 1.617271e+06 
7.056550e+03 2.971145e+07 2.298228e+06 
7.191450e+03 3.018313e+07 2.127989e+06 
7.346100e+03 3.068051e+07 1.787511e+06 
7.255900e+03 2.997821e+07 1.957750e+06 
7.131050e+03 3.019201e+07 2.127989e+06 
7.112200e+03 3.002972e+07 2.213108e+06 
6.997350e+03 2.973598e+07 2.383347e+06 
7.069450e+03 2.953071e+07 2.298228e+06 
7.008250e+03 2.941607e+07 2.383347e+06 
7.119050e+03 2.987594e+07 2.213108e+06 
7.196700e+03 3.006681e+07 2.127989e+06 
8.295250e+03 3.342060e+07 1.191674e+06 
8.358750e+03 3.305004e+07 1.276793e+06 
8.326050e+03 3.301597e+07 1.361913e+06 
8.300900e+03 3.289044e+07 1.447032e+06 
8.237050e+03 3.270831e+07 1.532152e+06 
8.295750e+03 3.312047e+07 1.244873e+06 
7.220850e+03 3.052006e+07 2.042869e+06 
8.275750e+03 3.293392e+07 1.415112e+06 
8.284250e+03 3.317803e+07 1.447032e+06 

6.790250e+03 2.770670e+07 2.042869e+06 
6.580600e+03 2.725043e+07 2.085429e+06 
7.389450e+03 2.988181e+07 1.670470e+06 
7.575750e+03 3.162712e+07 1.435279e+06 
6.520100e+03 2.713187e+07 2.170549e+06 
7.162600e+03 2.895621e+07 1.787511e+06 
7.361100e+03 2.957099e+07 1.702391e+06 
7.558300e+03 3.043836e+07 1.617271e+06 
6.888450e+03 2.809333e+07 2.000309e+06 
6.474150e+03 2.669595e+07 2.255668e+06 
7.077550e+03 2.923818e+07 1.957750e+06 
7.091450e+03 2.917695e+07 1.957750e+06 
8.188350e+03 3.295855e+07 1.447032e+06 
7.097500e+03 2.900607e+07 1.957750e+06 
7.250300e+03 2.949219e+07 1.830070e+06 
8.501000e+03 3.431437e+07 1.133115e+06 
8.028750e+03 3.308298e+07 1.361913e+06 
6.685600e+03 2.778380e+07 2.255668e+06 
8.145000e+03 3.272078e+07 1.361913e+06 
8.195850e+03 3.265494e+07 1.284197e+06 
7.122600e+03 2.892674e+07 1.872630e+06 
8.496500e+03 3.452221e+07 9.820330e+05 
6.561000e+03 2.703941e+07 2.383347e+06 
7.339600e+03 2.980678e+07 1.702391e+06 
8.280200e+03 3.323326e+07 1.208656e+06 

7.791400e+03 3.285778e+07 1.021435e+06 
7.431050e+03 3.173878e+07 1.361913e+06 
7.796950e+03 3.274405e+07 9.363151e+05 
7.226500e+03 3.078312e+07 1.617271e+06 
7.339000e+03 3.120284e+07 1.447032e+06 
7.180400e+03 3.019794e+07 1.702391e+06 
7.664650e+03 3.240679e+07 1.191674e+06 
7.614200e+03 3.234189e+07 1.276793e+06 
7.447600e+03 3.148929e+07 1.361913e+06 
7.627250e+03 3.219955e+07 1.208656e+06 
6.563950e+03 2.710069e+07 2.468467e+06 
7.670150e+03 3.208168e+07 1.276793e+06 
7.248300e+03 3.050933e+07 1.532152e+06 
6.569650e+03 2.706529e+07 2.383347e+06 
8.568900e+03 3.505714e+07 8.987604e+05 
7.018450e+03 2.953647e+07 2.042869e+06 
7.039400e+03 2.936026e+07 1.872630e+06 
6.734300e+03 2.741272e+07 2.298228e+06 
7.371800e+03 3.151241e+07 1.415112e+06 
7.103000e+03 2.933249e+07 1.957750e+06 
6.748150e+03 2.751761e+07 2.298228e+06 
7.734150e+03 3.277331e+07 1.133115e+06 
6.675600e+03 2.728286e+07 2.468467e+06 
7.344200e+03 3.112261e+07 1.500231e+06 
7.103100e+03 2.958477e+07 2.213108e+06 

8.452350e+03 3.527361e+07 9.043945e+05 
8.327950e+03 3.411952e+07 9.064920e+05 
8.558900e+03 3.533108e+07 8.764034e+05 
7.522950e+03 3.134615e+07 1.617271e+06 
6.821050e+03 2.900524e+07 2.042869e+06 
7.566850e+03 3.097988e+07 1.532152e+06 
7.499700e+03 3.149140e+07 1.585351e+06 
7.587350e+03 3.103966e+07 1.244873e+06 
7.547050e+03 3.106651e+07 1.702391e+06 
6.844050e+03 2.842339e+07 2.042869e+06 
7.051250e+03 2.929304e+07 1.787511e+06 
7.865950e+03 3.237951e+07 9.820330e+05 
7.514650e+03 3.127401e+07 1.702391e+06 
7.626050e+03 3.102784e+07 1.284197e+06 
7.582100e+03 3.157508e+07 1.447032e+06 
8.481100e+03 3.547028e+07 8.764034e+05 
6.814300e+03 2.885463e+07 2.298228e+06 
7.549200e+03 3.097813e+07 1.627911e+06 
7.543000e+03 3.114511e+07 1.585351e+06 
8.123250e+03 3.316270e+07 9.121750e+05 
6.818200e+03 2.896221e+07 2.213108e+06 
6.861600e+03 2.867606e+07 1.872630e+06 
7.969500e+03 3.284047e+07 9.363151e+05 
6.841300e+03 2.873540e+07 2.213108e+06 
7.562000e+03 3.112117e+07 1.532152e+06 

8.103850e+03 3.417335e+07 9.820330e+05 
8.208150e+03 3.457650e+07 9.381979e+05 
8.271750e+03 3.503968e+07 9.064920e+05 
8.021350e+03 3.391062e+07 9.895141e+05 
7.203500e+03 3.065134e+07 1.755590e+06 
8.342350e+03 3.490058e+07 9.064920e+05 
6.800450e+03 2.840192e+07 2.213108e+06 
7.019800e+03 2.893071e+07 1.925829e+06 
7.354900e+03 3.092328e+07 1.532152e+06 
7.924450e+03 3.301579e+07 1.191674e+06 
7.285850e+03 3.075783e+07 1.670470e+06 
6.908200e+03 2.870328e+07 2.127989e+06 
7.051100e+03 2.883036e+07 1.957750e+06 
7.199150e+03 3.065247e+07 1.787511e+06 
6.958950e+03 2.888982e+07 1.957750e+06 
7.008100e+03 2.875293e+07 2.042869e+06 
6.938500e+03 2.875747e+07 2.042869e+06 
7.331200e+03 3.066229e+07 1.755590e+06 
7.886900e+03 3.315474e+07 1.361913e+06 
7.349400e+03 3.133900e+07 1.585351e+06 
7.275900e+03 3.095580e+07 1.617271e+06 
6.935450e+03 2.911815e+07 2.181188e+06 
7.232200e+03 3.082302e+07 1.702391e+06 
7.285400e+03 3.056157e+07 1.787511e+06 
7.274150e+03 3.078286e+07 1.702391e+06 

8.335850e+03 3.404100e+07 9.363151e+05 
8.308550e+03 3.430525e+07 9.064920e+05 
6.995800e+03 2.933784e+07 1.787511e+06 
8.065000e+03 3.386638e+07 9.788749e+05 
8.048550e+03 3.328566e+07 9.820330e+05 
7.045950e+03 2.943234e+07 1.702391e+06 
8.252900e+03 3.414503e+07 9.363151e+05 
8.008750e+03 3.322485e+07 1.063994e+06 
8.001000e+03 3.333571e+07 1.063994e+06 
8.360500e+03 3.460497e+07 8.764034e+05 
7.589150e+03 3.158810e+07 1.361913e+06 
7.563100e+03 3.163680e+07 1.276793e+06 
6.823050e+03 2.835323e+07 2.042869e+06 
7.082450e+03 2.951600e+07 1.617271e+06 
7.873250e+03 3.273781e+07 1.149114e+06 
7.044400e+03 2.917836e+07 1.872630e+06 
6.948850e+03 2.915636e+07 1.957750e+06 
6.802600e+03 2.851522e+07 2.298228e+06 
7.057550e+03 2.952895e+07 1.617271e+06 
8.025800e+03 3.314305e+07 1.021435e+06 
6.804850e+03 2.876717e+07 2.213108e+06 
8.080000e+03 3.306066e+07 1.063994e+06 
7.123050e+03 2.987264e+07 1.532152e+06 
7.941350e+03 3.353540e+07 1.106554e+06 
7.006250e+03 2.919506e+07 1.787511e+06 

6.491250e+03 2.632667e+07 2.425907e+06 
7.082350e+03 2.975900e+07 1.702391e+06 
8.598900e+03 3.572454e+07 9.043945e+05 
7.986600e+03 3.393127e+07 1.284197e+06 
6.635250e+03 2.766396e+07 2.213108e+06 
6.486050e+03 2.637539e+07 2.425907e+06 
6.952700e+03 2.887187e+07 1.872630e+06 
8.499750e+03 3.539319e+07 9.895141e+05 
6.485050e+03 2.652207e+07 2.383347e+06 
7.843050e+03 3.296118e+07 1.670470e+06 
7.941000e+03 3.327400e+07 1.329992e+06 
6.978400e+03 2.885326e+07 1.872630e+06 
6.919500e+03 2.860504e+07 2.042869e+06 
6.916450e+03 2.889379e+07 1.872630e+06 
7.854500e+03 3.311344e+07 1.415112e+06 
6.888550e+03 2.864405e+07 1.957750e+06 
6.632050e+03 2.768184e+07 2.298228e+06 
6.945400e+03 2.859211e+07 2.042869e+06 
7.928800e+03 3.308061e+07 1.500231e+06 
8.511450e+03 3.523895e+07 9.820330e+05 
6.911500e+03 2.860967e+07 2.042869e+06 
7.914100e+03 3.336068e+07 1.329992e+06 
7.796650e+03 3.319187e+07 1.670470e+06 
6.844550e+03 2.846339e+07 2.170549e+06 
7.864800e+03 3.307620e+07 1.585351e+06 

8.463000e+03 3.572907e+07 1.133115e+06 
8.693100e+03 3.656911e+07 9.064920e+05 
8.587150e+03 3.596674e+07 9.363151e+05 
7.374500e+03 3.083327e+07 1.617271e+06 
8.345050e+03 3.455273e+07 1.276793e+06 
7.741850e+03 3.264374e+07 1.447032e+06 
7.367600e+03 3.081908e+07 1.702391e+06 
8.320000e+03 3.478764e+07 1.361913e+06 
6.941900e+03 2.885566e+07 2.042869e+06 
7.726600e+03 3.271105e+07 1.510820e+06 
7.656550e+03 3.232754e+07 1.532152e+06 
7.357400e+03 3.110506e+07 1.702391e+06 
7.610800e+03 3.197829e+07 1.586361e+06 
7.355050e+03 3.090379e+07 1.787511e+06 
8.507200e+03 3.453906e+07 1.208656e+06 
8.397600e+03 3.443912e+07 1.329992e+06 
6.910900e+03 2.872270e+07 2.127989e+06 
8.495500e+03 3.563281e+07 9.820330e+05 
8.506550e+03 3.523993e+07 1.133115e+06 
8.449400e+03 3.490584e+07 1.191674e+06 
7.628800e+03 3.183752e+07 1.586361e+06 
7.623700e+03 3.211113e+07 1.586361e+06 
7.653400e+03 3.239715e+07 1.532152e+06 
7.697900e+03 3.187446e+07 1.585351e+06 
8.435650e+03 3.508879e+07 1.208656e+06 

8.327400e+03 3.328541e+07 1.074634e+06 
8.243500e+03 3.340213e+07 1.106554e+06 
7.102050e+03 2.939723e+07 2.085429e+06 
7.082600e+03 2.930651e+07 2.127989e+06 
7.237300e+03 2.987260e+07 1.659831e+06 
7.045650e+03 2.918571e+07 2.213108e+06 
7.105700e+03 2.907793e+07 2.042869e+06 
7.022500e+03 2.922863e+07 2.340788e+06 
8.031200e+03 3.222543e+07 1.191674e+06 
7.057400e+03 2.944103e+07 2.127989e+06 
8.270300e+03 3.256775e+07 1.133115e+06 
7.699150e+03 3.115184e+07 1.361913e+06 
7.107550e+03 2.974990e+07 2.010949e+06 
8.267800e+03 3.330865e+07 1.057574e+06 
7.108500e+03 2.942882e+07 2.000309e+06 
8.146900e+03 3.287398e+07 1.149114e+06 
7.095050e+03 2.926797e+07 2.127989e+06 
7.515250e+03 3.072010e+07 1.532152e+06 
7.147300e+03 2.965852e+07 1.872630e+06 
7.151350e+03 2.932058e+07 1.830070e+06 
7.857200e+03 3.208997e+07 1.276793e+06 
7.082300e+03 2.946956e+07 2.042869e+06 
7.017450e+03 2.932288e+07 2.213108e+06 
7.248000e+03 3.001423e+07 1.659831e+06 
8.348150e+03 3.318995e+07 9.954608e+05 

