6.927300e+03 2.871007e+07 1.787511e+06 
6.920200e+03 2.854832e+07 2.000309e+06 
6.492800e+03 2.682207e+07 2.298228e+06 
7.026200e+03 2.905798e+07 1.702391e+06 
6.490500e+03 2.686163e+07 2.298228e+06 
6.515100e+03 2.710802e+07 2.213108e+06 
6.928750e+03 2.867829e+07 1.957750e+06 
7.534550e+03 3.077431e+07 1.617271e+06 
7.633350e+03 3.105228e+07 1.447032e+06 
6.884800e+03 2.871129e+07 2.085429e+06 
6.882500e+03 2.837309e+07 2.127989e+06 
6.542050e+03 2.675652e+07 2.298228e+06 
7.512150e+03 3.057182e+07 1.670470e+06 
6.910200e+03 2.912540e+07 1.957750e+06 
7.548800e+03 3.098115e+07 1.532152e+06 
6.494200e+03 2.681045e+07 2.298228e+06 
6.913700e+03 2.863242e+07 2.042869e+06 
6.539000e+03 2.688690e+07 2.213108e+06 
7.594700e+03 3.114572e+07 1.447032e+06 
6.898300e+03 2.872727e+07 2.042869e+06 
7.830550e+03 3.143818e+07 1.415112e+06 
6.475250e+03 2.659746e+07 2.383347e+06 
8.026650e+03 3.223520e+07 1.057574e+06 
6.515100e+03 2.677457e+07 2.298228e+06 
6.882000e+03 2.896729e+07 2.127989e+06 

6.962800e+03 2.912062e+07 1.702391e+06 
7.593850e+03 3.151839e+07 1.284197e+06 
7.328850e+03 3.035818e+07 1.447032e+06 
6.962500e+03 2.899328e+07 1.872630e+06 
7.498250e+03 3.121516e+07 1.435279e+06 
7.717600e+03 3.188382e+07 1.208656e+06 
6.811350e+03 2.853610e+07 1.957750e+06 
7.760300e+03 3.170176e+07 1.133115e+06 
7.806150e+03 3.175594e+07 1.208656e+06 
7.744750e+03 3.166920e+07 1.208656e+06 
6.803300e+03 2.867567e+07 1.957750e+06 
7.477000e+03 3.121769e+07 1.415112e+06 
6.802250e+03 2.858086e+07 2.042869e+06 
6.698650e+03 2.812996e+07 2.298228e+06 
6.662450e+03 2.821709e+07 2.213108e+06 
7.732300e+03 3.184899e+07 1.208656e+06 
7.624000e+03 3.131920e+07 1.276793e+06 
7.056800e+03 2.943616e+07 1.872630e+06 
6.729350e+03 2.854760e+07 2.127989e+06 
6.732000e+03 2.818160e+07 2.213108e+06 
6.800350e+03 2.849981e+07 2.127989e+06 
6.764350e+03 2.851861e+07 2.298228e+06 
7.481400e+03 3.146664e+07 1.359738e+06 
6.765750e+03 2.845589e+07 2.213108e+06 
7.965050e+03 3.267816e+07 1.037375e+06 

8.038750e+03 3.238047e+07 1.106554e+06 
6.716150e+03 2.824639e+07 1.957750e+06 
8.342000e+03 3.300015e+07 1.021435e+06 
8.184400e+03 3.286061e+07 1.028432e+06 
7.837000e+03 3.140098e+07 1.361913e+06 
6.617050e+03 2.775198e+07 2.553587e+06 
6.650800e+03 2.762600e+07 2.383347e+06 
6.736250e+03 2.800490e+07 2.042869e+06 
6.694550e+03 2.776120e+07 2.298228e+06 
6.773600e+03 2.830663e+07 1.872630e+06 
6.728250e+03 2.812466e+07 1.957750e+06 
6.733650e+03 2.802897e+07 2.042869e+06 
7.854850e+03 3.120963e+07 1.191674e+06 
7.438500e+03 3.030865e+07 1.787511e+06 
7.834200e+03 3.104619e+07 1.447032e+06 
7.935900e+03 3.146005e+07 1.133115e+06 
6.767750e+03 2.791447e+07 2.127989e+06 
7.572000e+03 3.117723e+07 1.510820e+06 
6.716700e+03 2.811616e+07 2.042869e+06 
7.401850e+03 3.058687e+07 1.702391e+06 
7.422100e+03 3.031504e+07 1.787511e+06 
7.809600e+03 3.147625e+07 1.361913e+06 
6.800600e+03 2.808925e+07 1.957750e+06 
6.682200e+03 2.794480e+07 2.127989e+06 
7.447300e+03 3.045389e+07 1.532152e+06 

8.110400e+03 3.436250e+07 1.276793e+06 
6.654750e+03 2.739499e+07 2.298228e+06 
7.549200e+03 3.155178e+07 1.361913e+06 
6.733650e+03 2.783069e+07 2.213108e+06 
7.486550e+03 3.115709e+07 1.500231e+06 
6.644000e+03 2.752216e+07 2.298228e+06 
7.925350e+03 3.327095e+07 1.329992e+06 
7.478100e+03 3.114996e+07 1.702391e+06 
7.442450e+03 3.142408e+07 1.872630e+06 
7.423550e+03 3.119260e+07 1.532152e+06 
7.175600e+03 2.998017e+07 1.872630e+06 
7.390950e+03 3.110444e+07 1.617271e+06 
6.640600e+03 2.761573e+07 2.298228e+06 
7.375150e+03 3.025225e+07 1.787511e+06 
6.665600e+03 2.742421e+07 2.298228e+06 
6.601900e+03 2.717681e+07 2.468467e+06 
6.589500e+03 2.728737e+07 2.383347e+06 
7.091000e+03 2.977022e+07 1.957750e+06 
7.379850e+03 3.067876e+07 1.957750e+06 
7.674100e+03 3.240153e+07 1.359738e+06 
8.023600e+03 3.450208e+07 1.276793e+06 
7.583450e+03 3.149610e+07 1.447032e+06 
8.045450e+03 3.361905e+07 1.021435e+06 
7.532350e+03 3.172444e+07 1.447032e+06 
7.394400e+03 3.106778e+07 1.702391e+06 

7.860200e+03 3.276354e+07 1.276793e+06 
8.318450e+03 3.417321e+07 9.820330e+05 
8.107200e+03 3.333184e+07 1.021435e+06 
7.034900e+03 2.938738e+07 1.787511e+06 
7.695600e+03 3.045517e+07 1.617271e+06 
8.291250e+03 3.329926e+07 1.057574e+06 
6.835250e+03 2.880616e+07 1.957750e+06 
7.874150e+03 3.253771e+07 1.191674e+06 
6.700100e+03 2.768155e+07 2.298228e+06 
7.846300e+03 3.268320e+07 1.329992e+06 
6.803300e+03 2.883922e+07 1.957750e+06 
7.907250e+03 3.235455e+07 1.191674e+06 
6.802750e+03 2.819174e+07 2.127989e+06 
7.664000e+03 3.052861e+07 1.702391e+06 
7.860000e+03 3.079904e+07 1.532152e+06 
7.804900e+03 3.196924e+07 1.361913e+06 
6.781950e+03 2.828349e+07 2.042869e+06 
6.696300e+03 2.771398e+07 2.298228e+06 
6.749100e+03 2.782462e+07 2.213108e+06 
6.875650e+03 2.863671e+07 1.872630e+06 
7.892950e+03 3.243220e+07 1.276793e+06 
6.847450e+03 2.903463e+07 1.872630e+06 
6.863750e+03 2.856879e+07 1.957750e+06 
7.935550e+03 3.269799e+07 1.191674e+06 
7.776350e+03 3.150089e+07 1.447032e+06 

7.243250e+03 3.058724e+07 1.574712e+06 
7.962050e+03 3.357208e+07 1.021435e+06 
7.521500e+03 3.192768e+07 1.361913e+06 
7.227950e+03 3.063669e+07 1.585351e+06 
7.201900e+03 3.064932e+07 1.659831e+06 
7.199050e+03 3.069597e+07 1.659831e+06 
7.119500e+03 2.970130e+07 1.957750e+06 
7.296000e+03 3.100339e+07 1.447032e+06 
6.367950e+03 2.588438e+07 2.468467e+06 
6.361450e+03 2.597684e+07 2.468467e+06 
6.663100e+03 2.707828e+07 2.127989e+06 
6.602700e+03 2.709528e+07 2.298228e+06 
7.125050e+03 2.974330e+07 1.702391e+06 
7.103850e+03 2.975172e+07 1.872630e+06 
7.047550e+03 2.960849e+07 2.042869e+06 
6.417800e+03 2.602917e+07 2.383347e+06 
6.630800e+03 2.719661e+07 2.213108e+06 
6.614750e+03 2.732757e+07 2.127989e+06 
7.866100e+03 3.289890e+07 1.284197e+06 
7.074850e+03 2.950337e+07 2.042869e+06 
7.844100e+03 3.297828e+07 1.208656e+06 
7.114950e+03 2.968725e+07 2.010949e+06 
7.875400e+03 3.254110e+07 1.276793e+06 
7.083050e+03 2.980193e+07 1.968389e+06 
7.075550e+03 2.979459e+07 2.010949e+06 

7.771750e+03 3.211434e+07 1.361913e+06 
6.901000e+03 2.847035e+07 1.617271e+06 
6.871250e+03 2.777457e+07 1.915190e+06 
6.590050e+03 2.699285e+07 2.127989e+06 
6.826700e+03 2.806650e+07 1.787511e+06 
6.314000e+03 2.558800e+07 2.383347e+06 
7.458950e+03 3.062959e+07 1.404473e+06 
6.627050e+03 2.710643e+07 2.042869e+06 
7.480000e+03 3.057305e+07 1.435279e+06 
6.863800e+03 2.792884e+07 1.872630e+06 
6.606300e+03 2.691050e+07 2.255668e+06 
6.668300e+03 2.696045e+07 2.127989e+06 
6.283750e+03 2.561270e+07 2.383347e+06 
6.274500e+03 2.566173e+07 2.383347e+06 
6.667500e+03 2.704721e+07 2.042869e+06 
6.297450e+03 2.555015e+07 2.468467e+06 
6.838000e+03 2.790676e+07 1.957750e+06 
7.930100e+03 3.283182e+07 1.359738e+06 
6.292650e+03 2.567276e+07 2.298228e+06 
6.552400e+03 2.693498e+07 2.213108e+06 
6.923250e+03 2.820882e+07 1.702391e+06 
7.395050e+03 3.039640e+07 1.447032e+06 
7.833800e+03 3.230206e+07 1.191674e+06 
7.766400e+03 3.232154e+07 1.133115e+06 
7.708200e+03 3.203682e+07 1.542791e+06 

7.227800e+03 3.000229e+07 1.617271e+06 
6.499700e+03 2.691898e+07 2.298228e+06 
7.773900e+03 3.242708e+07 1.106554e+06 
7.282700e+03 3.003498e+07 1.361913e+06 
6.524250e+03 2.693274e+07 2.213108e+06 
7.646200e+03 3.165283e+07 1.208656e+06 
7.232350e+03 2.973970e+07 1.617271e+06 
6.460650e+03 2.674359e+07 2.553587e+06 
7.715150e+03 3.179159e+07 1.191674e+06 
7.233100e+03 2.963613e+07 1.532152e+06 
7.083850e+03 2.916161e+07 1.957750e+06 
7.062800e+03 2.908644e+07 2.042869e+06 
6.485850e+03 2.683604e+07 2.468467e+06 
7.066600e+03 2.925997e+07 1.957750e+06 
7.575550e+03 3.105189e+07 1.276793e+06 
7.198400e+03 2.980022e+07 1.702391e+06 
7.216000e+03 3.012815e+07 1.617271e+06 
7.268050e+03 3.000898e+07 1.447032e+06 
7.181900e+03 2.958811e+07 1.787511e+06 
6.730800e+03 2.756678e+07 2.127989e+06 
6.708250e+03 2.767968e+07 2.127989e+06 
7.173900e+03 2.977428e+07 1.787511e+06 
8.127300e+03 3.329480e+07 1.106554e+06 
7.084550e+03 2.913382e+07 1.872630e+06 
8.069500e+03 3.305684e+07 9.837181e+05 

7.930650e+03 3.377168e+07 1.106554e+06 
7.731550e+03 3.247816e+07 1.447032e+06 
7.096450e+03 2.920398e+07 1.872630e+06 
7.647850e+03 3.251611e+07 1.284197e+06 
7.746750e+03 3.302742e+07 1.208656e+06 
7.169700e+03 2.986927e+07 1.702391e+06 
6.835600e+03 2.836306e+07 2.213108e+06 
7.958700e+03 3.403870e+07 1.106554e+06 
6.944300e+03 2.858542e+07 1.957750e+06 
7.639900e+03 3.294520e+07 1.361913e+06 
7.109450e+03 2.971147e+07 1.787511e+06 
7.937050e+03 3.423825e+07 1.057574e+06 
6.940250e+03 2.909976e+07 1.957750e+06 
7.187900e+03 2.933124e+07 1.787511e+06 
6.894650e+03 2.883747e+07 2.127989e+06 
7.725050e+03 3.334673e+07 1.208656e+06 
6.768350e+03 2.808220e+07 2.298228e+06 
7.747850e+03 3.212375e+07 1.361913e+06 
7.154600e+03 2.993522e+07 1.702391e+06 
7.191650e+03 3.008699e+07 1.532152e+06 
7.153650e+03 2.986043e+07 1.787511e+06 
6.863550e+03 2.855427e+07 2.127989e+06 
6.860900e+03 2.862918e+07 2.042869e+06 
7.814250e+03 3.203991e+07 1.447032e+06 
6.845750e+03 2.833862e+07 2.383347e+06 

