2.546538e+02 4.877550e+07 2.700734e+06 
2.549091e+02 4.407495e+07 3.011791e+06 
2.568145e+02 4.834855e+07 2.700734e+06 
2.644379e+02 4.757630e+07 2.700734e+06 
2.613978e+02 5.064162e+07 2.507825e+06 
2.416481e+02 4.456108e+07 3.212577e+06 
2.394809e+02 4.461047e+07 3.212577e+06 
2.635615e+02 4.374848e+07 3.011791e+06 
2.504875e+02 4.953714e+07 2.811005e+06 
2.695747e+02 5.075700e+07 2.491728e+06 
2.578841e+02 4.871537e+07 2.610219e+06 
2.609945e+02 4.375467e+07 3.011791e+06 
2.508377e+02 4.894790e+07 2.811005e+06 
2.537241e+02 5.003809e+07 2.610219e+06 
2.657957e+02 5.158366e+07 2.411370e+06 
2.295180e+02 4.623566e+07 4.015721e+06 
2.617037e+02 4.810678e+07 2.700734e+06 
2.522883e+02 5.058976e+07 2.700734e+06 
2.354346e+02 4.695555e+07 3.011791e+06 
2.566984e+02 4.409619e+07 3.011791e+06 
2.624412e+02 5.023019e+07 2.507825e+06 
2.274175e+02 4.638797e+07 4.015721e+06 
2.564344e+02 4.914626e+07 2.604280e+06 
2.341946e+02 4.536092e+07 3.413363e+06 
2.535012e+02 4.885806e+07 2.811005e+06 
2.541277e+02 4.938404e+07 2.610219e+06 
2.494696e+02 5.124954e+07 2.700734e+06 
2.357119e+02 4.502159e+07 3.212577e+06 
2.352123e+02 4.530024e+07 3.011791e+06 
2.676782e+02 4.860634e+07 2.507825e+06 
2.525743e+02 4.887575e+07 2.811005e+06 
2.285565e+02 4.653083e+07 4.015721e+06 
2.579717e+02 4.979072e+07 2.610219e+06 
2.534218e+02 5.049518e+07 2.604280e+06 
2.636819e+02 4.932419e+07 2.507825e+06 
2.675039e+02 4.755721e+07 2.811005e+06 
2.289006e+02 4.630500e+07 3.814935e+06 
2.303846e+02 4.629190e+07 3.614149e+06 
2.647845e+02 5.147127e+07 2.411370e+06 
2.408518e+02 4.464624e+07 3.011791e+06 
2.325758e+02 4.607964e+07 3.413363e+06 
2.559335e+02 4.887852e+07 2.610219e+06 
2.396867e+02 4.471530e+07 3.011791e+06 
2.440374e+02 4.446540e+07 3.011791e+06 
2.303427e+02 4.565368e+07 3.814935e+06 
2.553546e+02 4.858474e+07 2.700734e+06 
2.316429e+02 4.592885e+07 3.614149e+06 
2.297582e+02 4.589615e+07 3.814935e+06 
2.633940e+02 5.000538e+07 2.507825e+06 
2.711916e+02 4.820894e+07 2.604280e+06 
2.278027e+02 4.628360e+07 4.216507e+06 
2.735615e+02 5.130932e+07 2.491728e+06 
2.597271e+02 5.089653e+07 2.507825e+06 
2.627701e+02 4.801114e+07 2.700734e+06 
2.425182e+02 4.444116e+07 3.011791e+06 
2.394541e+02 4.483025e+07 3.212577e+06 
2.670813e+02 4.383474e+07 3.011791e+06 
2.273095e+02 4.681561e+07 4.417293e+06 
2.654140e+02 4.863494e+07 2.604280e+06 
2.713028e+02 4.905564e+07 2.507825e+06 
2.529235e+02 4.886055e+07 2.811005e+06 
2.690346e+02 5.108868e+07 2.491728e+06 
2.260350e+02 4.805353e+07 4.417293e+06 
2.517554e+02 5.089994e+07 2.610219e+06 
2.663681e+02 4.914599e+07 2.507825e+06 
2.519352e+02 4.420112e+07 3.011791e+06 
2.557505e+02 4.842680e+07 2.700734e+06 
2.344776e+02 4.545342e+07 3.212577e+06 
2.273449e+02 4.749097e+07 4.417293e+06 
2.441986e+02 4.420010e+07 3.011791e+06 
2.243535e+02 4.827508e+07 4.818865e+06 
2.347256e+02 4.705790e+07 3.011791e+06 
2.353929e+02 4.514346e+07 3.212577e+06 
2.491172e+02 5.095989e+07 2.811005e+06 
2.333613e+02 4.545820e+07 3.413363e+06 
2.360201e+02 4.485463e+07 3.212577e+06 
2.268100e+02 4.749623e+07 4.417293e+06 
2.524527e+02 4.948359e+07 2.700734e+06 
2.590908e+02 5.096229e+07 2.595550e+06 
2.663508e+02 4.718410e+07 2.811005e+06 
2.589619e+02 4.399574e+07 3.011791e+06 
2.592481e+02 4.391912e+07 3.011791e+06 
2.260704e+02 4.773154e+07 4.417293e+06 
2.748193e+02 4.895566e+07 2.411370e+06 
2.364236e+02 4.495959e+07 3.212577e+06 
2.654385e+02 4.790144e+07 2.604280e+06 
2.328115e+02 4.592000e+07 3.614149e+06 
2.702199e+02 4.790734e+07 2.700734e+06 
2.665811e+02 4.800825e+07 2.610219e+06 
2.590598e+02 4.769583e+07 2.811005e+06 
2.337039e+02 4.578917e+07 3.212577e+06 
2.510279e+02 4.417403e+07 3.011791e+06 
2.247860e+02 4.849169e+07 5.019651e+06 
2.359974e+02 4.510098e+07 3.011791e+06 
2.345065e+02 4.521317e+07 3.212577e+06 
2.641572e+02 4.790429e+07 2.700734e+06 
2.259566e+02 4.865858e+07 4.618079e+06 
2.306722e+02 4.590549e+07 3.814935e+06 
2.561859e+02 5.001033e+07 2.604280e+06 
2.707605e+02 4.936233e+07 2.411370e+06 

2.408305e+02 4.447869e+07 2.700734e+06 
2.450609e+02 4.411180e+07 2.811005e+06 
2.247613e+02 4.806096e+07 4.216507e+06 
2.324430e+02 4.529618e+07 3.413363e+06 
2.265867e+02 4.815339e+07 4.015721e+06 
2.543783e+02 4.359682e+07 2.700734e+06 
2.278121e+02 4.589031e+07 4.015721e+06 
2.254388e+02 4.780905e+07 4.216507e+06 
2.355270e+02 4.492639e+07 3.212577e+06 
2.236968e+02 4.811841e+07 4.216507e+06 
2.694942e+02 4.299681e+07 2.610219e+06 
2.301001e+02 4.751350e+07 3.614149e+06 
2.403076e+02 4.458183e+07 2.700734e+06 
2.421602e+02 4.412482e+07 2.811005e+06 
2.452830e+02 4.401553e+07 2.700734e+06 
2.494665e+02 4.376168e+07 2.811005e+06 
2.573315e+02 4.350850e+07 2.811005e+06 
2.446430e+02 4.418461e+07 2.811005e+06 
2.260977e+02 4.759088e+07 4.216507e+06 
2.718249e+02 4.276022e+07 2.610219e+06 
2.422932e+02 4.471504e+07 2.610219e+06 
2.274059e+02 4.716485e+07 4.417293e+06 
2.364468e+02 4.505517e+07 2.811005e+06 
2.462680e+02 4.386468e+07 2.811005e+06 
2.469553e+02 4.380469e+07 2.610219e+06 
2.290387e+02 4.634912e+07 4.015721e+06 
2.504697e+02 4.354270e+07 2.811005e+06 
2.282666e+02 4.627852e+07 3.814935e+06 
2.614830e+02 4.324789e+07 2.610219e+06 
2.739161e+02 4.277752e+07 2.610219e+06 
2.281674e+02 4.646533e+07 4.015721e+06 
2.388894e+02 4.485896e+07 2.811005e+06 
2.234829e+02 4.816786e+07 4.015721e+06 
2.669602e+02 4.294711e+07 2.610219e+06 
2.295832e+02 4.603023e+07 3.614149e+06 
2.276970e+02 4.714355e+07 4.216507e+06 
2.376806e+02 4.443759e+07 2.797189e+06 
2.283209e+02 4.641289e+07 4.015721e+06 
2.272222e+02 4.741935e+07 4.216507e+06 
2.556852e+02 4.356944e+07 2.700734e+06 
2.276673e+02 4.751193e+07 3.814935e+06 
2.618632e+02 4.309046e+07 2.610219e+06 
2.325571e+02 4.619925e+07 3.212577e+06 
2.329375e+02 4.494019e+07 3.212577e+06 
2.310489e+02 4.602489e+07 3.614149e+06 
2.328921e+02 4.509592e+07 2.811005e+06 
2.319269e+02 4.574764e+07 3.212577e+06 
2.312526e+02 4.585204e+07 3.814935e+06 
2.257016e+02 4.775447e+07 4.216507e+06 
2.345119e+02 4.550090e+07 2.811005e+06 
2.336731e+02 4.508341e+07 3.413363e+06 
2.256239e+02 4.794589e+07 4.417293e+06 
2.266882e+02 4.761035e+07 4.417293e+06 
2.624508e+02 4.318374e+07 2.610219e+06 
2.236661e+02 4.828997e+07 4.015721e+06 
2.331789e+02 4.517214e+07 3.212577e+06 
2.409564e+02 4.445952e+07 3.011791e+06 
2.242272e+02 4.813062e+07 4.216507e+06 
2.366517e+02 4.525263e+07 2.797189e+06 
2.315557e+02 4.540027e+07 3.413363e+06 
2.609258e+02 4.335756e+07 2.610219e+06 
2.273897e+02 4.738576e+07 4.417293e+06 
2.340075e+02 4.506670e+07 2.811005e+06 
2.317539e+02 4.592214e+07 3.212577e+06 
2.231889e+02 4.828523e+07 4.216507e+06 
2.278720e+02 4.675230e+07 4.015721e+06 
2.452562e+02 4.376047e+07 2.700734e+06 
2.221792e+02 4.872705e+07 4.417293e+06 
2.273102e+02 4.789816e+07 4.015721e+06 
2.296154e+02 4.585877e+07 3.413363e+06 
2.278195e+02 4.777523e+07 3.814935e+06 
2.395396e+02 4.525583e+07 2.700734e+06 
2.437728e+02 4.425873e+07 2.811005e+06 
2.530247e+02 4.337996e+07 2.610219e+06 
2.596721e+02 4.341397e+07 2.610219e+06 
2.279585e+02 4.659644e+07 4.216507e+06 
2.257918e+02 4.768137e+07 4.216507e+06 
2.231739e+02 4.905990e+07 4.216507e+06 
2.484835e+02 4.378880e+07 2.700734e+06 
2.462131e+02 4.437320e+07 2.610219e+06 
2.354320e+02 4.492026e+07 3.212577e+06 
2.366583e+02 4.507609e+07 2.797189e+06 
2.434703e+02 4.431944e+07 2.811005e+06 
2.376459e+02 4.489094e+07 3.212577e+06 
2.393446e+02 4.450504e+07 2.797189e+06 
2.408166e+02 4.479745e+07 2.700734e+06 
2.473584e+02 4.384409e+07 2.610219e+06 
2.693665e+02 4.287326e+07 2.610219e+06 
2.643780e+02 4.311847e+07 2.610219e+06 
2.324489e+02 4.542808e+07 3.413363e+06 
2.303311e+02 4.569486e+07 3.814935e+06 
2.328455e+02 4.571608e+07 3.212577e+06 
2.329167e+02 4.556705e+07 3.011791e+06 
2.218380e+02 4.829698e+07 4.216507e+06 
2.289555e+02 4.621288e+07 3.814935e+06 
2.500069e+02 4.373048e+07 2.610219e+06 
2.319347e+02 4.579129e+07 3.413363e+06 
2.439836e+02 4.486750e+07 2.610219e+06 
2.302177e+02 4.614459e+07 3.814935e+06 
2.444365e+02 4.410434e+07 2.700734e+06 

2.425237e+02 4.774961e+07 2.700734e+06 
2.473148e+02 4.491878e+07 3.212577e+06 
2.672614e+02 4.391004e+07 3.212577e+06 
2.478478e+02 4.728743e+07 2.610219e+06 
2.320294e+02 4.930447e+07 3.814935e+06 
2.474299e+02 4.731523e+07 2.610219e+06 
2.479940e+02 4.483069e+07 2.811005e+06 
2.335367e+02 4.709981e+07 3.814935e+06 
2.575639e+02 4.399605e+07 2.811005e+06 
2.326038e+02 4.849657e+07 3.814935e+06 
2.391967e+02 4.786039e+07 2.811005e+06 
2.548005e+02 4.721296e+07 2.411370e+06 
2.349566e+02 4.567213e+07 3.413363e+06 
2.361848e+02 4.503587e+07 3.011791e+06 
2.299291e+02 4.991971e+07 4.618079e+06 
2.645998e+02 4.400333e+07 2.811005e+06 
2.609226e+02 4.396803e+07 3.011791e+06 
2.351863e+02 4.711313e+07 3.413363e+06 
2.324904e+02 4.871109e+07 4.015721e+06 
2.550093e+02 4.434769e+07 3.011791e+06 
2.556392e+02 4.416973e+07 3.011791e+06 
2.306911e+02 4.919296e+07 4.015721e+06 
2.472611e+02 4.450217e+07 2.811005e+06 
2.463500e+02 4.788039e+07 2.610219e+06 
2.543309e+02 4.415491e+07 2.811005e+06 
2.653534e+02 4.783084e+07 2.409432e+06 
2.612788e+02 4.685943e+07 2.604280e+06 
2.663648e+02 4.393517e+07 3.614149e+06 
2.488848e+02 4.441975e+07 3.011791e+06 
2.472831e+02 4.891577e+07 2.610219e+06 
2.597379e+02 4.698474e+07 2.507825e+06 
2.286636e+02 5.005606e+07 4.618079e+06 
2.293238e+02 4.999114e+07 4.417293e+06 
2.560544e+02 4.409792e+07 3.212577e+06 
2.331881e+02 4.913543e+07 3.614149e+06 
2.568779e+02 4.388749e+07 3.212577e+06 
2.451765e+02 4.936337e+07 2.610219e+06 
2.555057e+02 4.392444e+07 3.011791e+06 
2.439989e+02 4.601534e+07 2.811005e+06 
2.500617e+02 4.733796e+07 2.604280e+06 
2.578166e+02 4.401395e+07 3.011791e+06 
2.537777e+02 4.697677e+07 2.507825e+06 
2.436406e+02 4.505222e+07 3.212577e+06 
2.408361e+02 4.769714e+07 2.811005e+06 
2.461847e+02 4.859035e+07 2.604280e+06 
2.442242e+02 4.566752e+07 2.811005e+06 
2.535992e+02 4.414343e+07 3.011791e+06 
2.317036e+02 5.042634e+07 3.814935e+06 
2.295277e+02 5.002174e+07 4.417293e+06 
2.547225e+02 4.673624e+07 2.604280e+06 
2.566646e+02 4.407286e+07 3.011791e+06 
2.302316e+02 4.943628e+07 4.216507e+06 
2.358539e+02 4.664537e+07 3.212577e+06 
2.481057e+02 4.845898e+07 2.507825e+06 
2.344911e+02 4.637886e+07 3.814935e+06 
2.317885e+02 4.925018e+07 3.814935e+06 
2.453212e+02 4.457097e+07 2.811005e+06 
2.509771e+02 4.718566e+07 2.507825e+06 
2.480575e+02 4.752200e+07 2.507825e+06 
2.375185e+02 4.561670e+07 3.011791e+06 
2.552461e+02 4.788622e+07 2.411370e+06 
2.454555e+02 4.822434e+07 2.610219e+06 
2.570616e+02 4.688917e+07 2.507825e+06 
2.338566e+02 4.631393e+07 3.413363e+06 
2.435848e+02 4.715395e+07 2.700734e+06 
2.513335e+02 4.695112e+07 2.628393e+06 
2.317223e+02 4.893489e+07 4.015721e+06 
2.479915e+02 4.812193e+07 2.604280e+06 
2.527109e+02 4.436781e+07 3.212577e+06 
2.297521e+02 5.099442e+07 4.216507e+06 
2.713376e+02 4.386894e+07 3.614149e+06 
2.506996e+02 4.733752e+07 2.610219e+06 
2.644291e+02 4.390069e+07 2.811005e+06 
2.425306e+02 4.787679e+07 2.700734e+06 
2.412648e+02 4.832228e+07 2.811005e+06 
2.294670e+02 5.105083e+07 4.618079e+06 
2.422365e+02 4.506927e+07 3.212577e+06 
2.318039e+02 4.914265e+07 3.814935e+06 
2.361534e+02 4.604266e+07 3.212577e+06 
2.333970e+02 4.696007e+07 3.814935e+06 
2.381517e+02 4.542794e+07 3.212577e+06 
2.298503e+02 4.910405e+07 4.216507e+06 
2.344699e+02 4.657159e+07 3.614149e+06 
2.480798e+02 4.436804e+07 2.811005e+06 
2.504400e+02 4.711498e+07 2.610219e+06 
2.309482e+02 4.919957e+07 4.015721e+06 
2.484587e+02 4.434167e+07 3.011791e+06 
2.677381e+02 4.820531e+07 2.409432e+06 
2.530499e+02 4.418505e+07 3.011791e+06 
2.461155e+02 4.498877e+07 2.811005e+06 
2.613916e+02 4.721694e+07 2.411370e+06 
2.414056e+02 4.533489e+07 3.212577e+06 
2.534282e+02 4.434019e+07 2.811005e+06 
2.533778e+02 4.827614e+07 2.411370e+06 
2.356088e+02 4.654530e+07 3.212577e+06 
2.434466e+02 4.643985e+07 2.811005e+06 
2.326711e+02 4.906802e+07 4.015721e+06 
2.328422e+02 4.786633e+07 3.814935e+06 
2.370898e+02 4.565353e+07 3.212577e+06 
2.355016e+02 4.597136e+07 3.413363e+06 

2.733837e+02 4.430374e+07 3.212577e+06 
2.448615e+02 4.566984e+07 3.614149e+06 
2.481133e+02 4.608029e+07 3.212577e+06 
2.339211e+02 4.714914e+07 4.015721e+06 
2.367628e+02 4.573199e+07 4.015721e+06 
2.328882e+02 4.623012e+07 4.417293e+06 
2.318186e+02 4.661990e+07 4.417293e+06 
2.415422e+02 4.656002e+07 3.614149e+06 
2.300065e+02 4.687948e+07 4.417293e+06 
2.391310e+02 4.518164e+07 3.814935e+06 
2.470117e+02 4.543536e+07 3.413363e+06 
2.573385e+02 4.455874e+07 3.212577e+06 
2.350906e+02 4.729617e+07 3.814935e+06 
2.542357e+02 4.493880e+07 3.212577e+06 
2.275576e+02 4.694886e+07 4.618079e+06 
2.268722e+02 4.710300e+07 4.818865e+06 
2.340845e+02 4.605975e+07 4.216507e+06 
2.456872e+02 4.510409e+07 3.614149e+06 
2.272724e+02 4.697273e+07 4.818865e+06 
2.376363e+02 4.575131e+07 4.015721e+06 
2.429552e+02 4.632625e+07 3.413363e+06 
2.347933e+02 4.609959e+07 4.216507e+06 
2.454205e+02 4.536036e+07 3.614149e+06 
2.439280e+02 4.556260e+07 3.413363e+06 
2.432014e+02 4.558469e+07 3.614149e+06 
2.500680e+02 4.532015e+07 3.212577e+06 
2.487552e+02 4.603654e+07 3.212577e+06 
2.255817e+02 4.726118e+07 5.019651e+06 
2.275602e+02 4.777107e+07 4.417293e+06 
2.473272e+02 4.626579e+07 3.212577e+06 
2.365692e+02 4.589798e+07 3.814935e+06 
2.471240e+02 4.541281e+07 3.413363e+06 
2.316424e+02 4.686927e+07 4.216507e+06 
2.410457e+02 4.672283e+07 3.614149e+06 
2.403859e+02 4.809170e+07 3.614149e+06 
2.423475e+02 4.637109e+07 3.614149e+06 
2.403768e+02 4.534699e+07 4.015721e+06 
2.407496e+02 4.524365e+07 3.814935e+06 
2.436556e+02 4.550511e+07 3.614149e+06 
2.608546e+02 4.455115e+07 3.212577e+06 
2.480224e+02 4.611759e+07 3.413363e+06 
2.328598e+02 4.650322e+07 4.417293e+06 
2.298226e+02 4.867790e+07 4.216507e+06 
2.233106e+02 5.093921e+07 4.818865e+06 
2.424972e+02 4.770760e+07 3.413363e+06 
2.277478e+02 4.675715e+07 4.818865e+06 
2.281299e+02 4.721051e+07 4.417293e+06 
2.486617e+02 4.501706e+07 3.413363e+06 
2.639080e+02 4.434553e+07 3.212577e+06 
2.282216e+02 4.811059e+07 4.417293e+06 
2.489776e+02 4.546386e+07 3.212577e+06 
2.354159e+02 4.602900e+07 4.015721e+06 
2.264409e+02 4.714771e+07 4.618079e+06 
2.427313e+02 4.509412e+07 3.814935e+06 
2.244963e+02 4.723131e+07 4.618079e+06 
2.226671e+02 5.042179e+07 5.220437e+06 
2.283506e+02 4.681509e+07 4.618079e+06 
2.288215e+02 4.711728e+07 4.417293e+06 
2.664344e+02 4.426439e+07 3.212577e+06 
2.289097e+02 4.681881e+07 4.818865e+06 
2.466190e+02 4.799288e+07 3.212577e+06 
2.471962e+02 4.495752e+07 3.814935e+06 
2.361006e+02 4.595170e+07 4.015721e+06 
2.226302e+02 5.032237e+07 5.019651e+06 
2.414759e+02 4.730892e+07 3.212577e+06 
2.362350e+02 4.616595e+07 3.814935e+06 
2.290459e+02 4.661600e+07 4.618079e+06 
2.683947e+02 4.444706e+07 3.413363e+06 
2.381836e+02 4.560196e+07 3.814935e+06 
2.251494e+02 4.804145e+07 4.818865e+06 
2.337162e+02 4.915070e+07 4.015721e+06 
2.328761e+02 4.647780e+07 4.417293e+06 
2.245055e+02 5.008468e+07 4.818865e+06 
2.260202e+02 4.757540e+07 4.618079e+06 
2.358730e+02 4.597584e+07 4.216507e+06 
2.332821e+02 4.674283e+07 4.216507e+06 
2.484773e+02 4.507015e+07 3.413363e+06 
2.406926e+02 4.819422e+07 3.413363e+06 
2.520238e+02 4.466070e+07 3.413363e+06 
2.340692e+02 4.661360e+07 3.814935e+06 
2.370459e+02 4.551042e+07 3.814935e+06 
2.287371e+02 4.716426e+07 4.417293e+06 
2.506830e+02 4.455042e+07 3.413363e+06 
2.492929e+02 4.647615e+07 3.212577e+06 
2.391987e+02 4.871148e+07 3.614149e+06 
2.266276e+02 4.705506e+07 4.618079e+06 
2.242477e+02 4.859035e+07 5.421223e+06 
2.299485e+02 4.636457e+07 4.618079e+06 
2.249351e+02 4.856376e+07 5.019651e+06 
2.230156e+02 5.030821e+07 5.019651e+06 
2.403158e+02 4.541008e+07 3.814935e+06 
2.235295e+02 4.842980e+07 5.421223e+06 
2.497313e+02 4.497827e+07 3.614149e+06 
2.337265e+02 4.627961e+07 4.015721e+06 
2.299498e+02 4.659869e+07 4.618079e+06 
2.425629e+02 4.598172e+07 3.614149e+06 
2.603816e+02 4.458690e+07 3.212577e+06 
2.494830e+02 4.468423e+07 3.413363e+06 
2.239163e+02 5.024728e+07 5.019651e+06 
2.490742e+02 4.500194e+07 3.614149e+06 

2.579141e+02 4.235383e+07 2.284084e+06 
2.389326e+02 4.444350e+07 2.610219e+06 
2.565372e+02 4.183382e+07 2.387906e+06 
2.629805e+02 4.125453e+07 2.387906e+06 
2.452619e+02 4.272581e+07 2.507825e+06 
2.656428e+02 4.144916e+07 2.387906e+06 
2.591730e+02 4.166173e+07 2.387906e+06 
2.453938e+02 4.282987e+07 2.411370e+06 
2.368090e+02 4.490839e+07 2.811005e+06 
2.515502e+02 4.281426e+07 2.387906e+06 
2.392176e+02 4.329901e+07 2.610219e+06 
2.433242e+02 4.315660e+07 2.411370e+06 
2.228706e+02 4.691759e+07 4.015721e+06 
2.432068e+02 4.255255e+07 2.507825e+06 
2.278186e+02 4.594482e+07 4.015721e+06 
2.594268e+02 4.396145e+07 2.208646e+06 
2.373991e+02 4.469610e+07 3.011791e+06 
2.364427e+02 4.457479e+07 3.212577e+06 
2.389012e+02 4.353456e+07 2.811005e+06 
2.430542e+02 4.292975e+07 2.507825e+06 
2.360824e+02 4.482447e+07 3.614149e+06 
2.528199e+02 4.281503e+07 2.314915e+06 
2.547243e+02 4.284818e+07 2.284084e+06 
2.221068e+02 4.742120e+07 4.818865e+06 
2.319879e+02 4.717200e+07 3.413363e+06 
2.750267e+02 4.165929e+07 2.284084e+06 
2.253738e+02 4.679385e+07 4.216507e+06 
2.711559e+02 4.193583e+07 2.284084e+06 
2.456907e+02 4.247351e+07 2.411370e+06 
2.371065e+02 4.492334e+07 2.700734e+06 
2.376190e+02 4.421927e+07 3.212577e+06 
2.279678e+02 4.575076e+07 3.814935e+06 
2.416847e+02 4.298736e+07 2.507825e+06 
2.739368e+02 4.300348e+07 2.180262e+06 
2.523470e+02 4.221766e+07 2.387906e+06 
2.564330e+02 4.273475e+07 2.284084e+06 
2.508955e+02 4.208767e+07 2.411370e+06 
2.433170e+02 4.354163e+07 2.411370e+06 
2.564380e+02 4.220322e+07 2.314915e+06 
2.314594e+02 4.610318e+07 2.700734e+06 
2.301714e+02 4.553710e+07 2.811005e+06 
2.312334e+02 4.684219e+07 2.700734e+06 
2.669854e+02 4.294118e+07 2.218460e+06 
2.266267e+02 4.608919e+07 3.814935e+06 
2.317142e+02 4.519133e+07 2.700734e+06 
2.602444e+02 4.213231e+07 2.284084e+06 
2.349205e+02 4.504265e+07 3.011791e+06 
2.301193e+02 4.615423e+07 3.212577e+06 
2.414813e+02 4.299719e+07 2.507825e+06 
2.405451e+02 4.282782e+07 2.604280e+06 
2.672957e+02 4.309493e+07 2.180262e+06 
2.458401e+02 4.228440e+07 2.507825e+06 
2.603866e+02 4.326847e+07 2.180262e+06 
2.659247e+02 4.156347e+07 2.314915e+06 
2.493963e+02 4.336766e+07 2.314915e+06 
2.386040e+02 4.401868e+07 3.011791e+06 
2.383214e+02 4.443518e+07 2.700734e+06 
2.335091e+02 4.514219e+07 2.700734e+06 
2.523095e+02 4.294717e+07 2.314915e+06 
2.385643e+02 4.439116e+07 3.011791e+06 
2.584836e+02 4.421205e+07 2.218460e+06 
2.293197e+02 4.521437e+07 3.814935e+06 
2.361771e+02 4.563709e+07 2.610219e+06 
2.512158e+02 4.322289e+07 2.387906e+06 
2.429073e+02 4.405274e+07 2.411370e+06 
2.634841e+02 4.303879e+07 2.218460e+06 
2.573593e+02 4.459706e+07 2.218460e+06 
2.386967e+02 4.542040e+07 2.610219e+06 
2.265299e+02 4.638629e+07 4.015721e+06 
2.623497e+02 4.204522e+07 2.284084e+06 
2.391564e+02 4.361958e+07 2.610219e+06 
2.703293e+02 4.202609e+07 2.284084e+06 
2.536433e+02 4.209325e+07 2.387906e+06 
2.361305e+02 4.486314e+07 3.212577e+06 
2.262715e+02 4.650131e+07 4.216507e+06 
2.286977e+02 4.536998e+07 3.614149e+06 
2.773130e+02 4.211693e+07 2.284084e+06 
2.613202e+02 4.149470e+07 2.507825e+06 
2.449113e+02 4.253762e+07 2.507825e+06 
2.468040e+02 4.235805e+07 2.411370e+06 
2.577463e+02 4.184347e+07 2.314915e+06 
2.223866e+02 4.757215e+07 4.618079e+06 
2.534786e+02 4.275081e+07 2.314915e+06 
2.569885e+02 4.237082e+07 2.284084e+06 
2.653758e+02 4.190341e+07 2.314915e+06 
2.355513e+02 4.588166e+07 3.011791e+06 
2.559649e+02 4.486840e+07 2.218460e+06 
2.674372e+02 4.307592e+07 2.218460e+06 
2.460769e+02 4.337925e+07 2.409432e+06 
2.541804e+02 4.225334e+07 2.314915e+06 
2.444508e+02 4.254344e+07 2.507825e+06 
2.358510e+02 4.513472e+07 2.700734e+06 
2.483662e+02 4.228759e+07 2.409432e+06 
2.403167e+02 4.317350e+07 2.507825e+06 
2.742742e+02 4.322560e+07 2.180262e+06 
2.279635e+02 4.653363e+07 3.212577e+06 
2.396046e+02 4.355935e+07 2.610219e+06 
2.511548e+02 4.206418e+07 2.409432e+06 
2.476453e+02 4.191295e+07 2.411370e+06 
2.569487e+02 4.471591e+07 2.218460e+06 

2.377749e+02 4.540821e+07 2.700734e+06 
2.561437e+02 4.551821e+07 2.314915e+06 
2.469516e+02 4.363535e+07 2.604280e+06 
2.318492e+02 4.682670e+07 3.814935e+06 
2.316922e+02 4.785469e+07 3.614149e+06 
2.567842e+02 4.498019e+07 2.284084e+06 
2.287972e+02 4.851038e+07 4.015721e+06 
2.553561e+02 4.370578e+07 2.387906e+06 
2.553319e+02 4.467435e+07 2.314915e+06 
2.278843e+02 4.919298e+07 4.216507e+06 
2.390210e+02 4.567096e+07 2.610219e+06 
2.433275e+02 4.500540e+07 2.411370e+06 
2.394778e+02 4.447410e+07 2.700734e+06 
2.413818e+02 4.447120e+07 2.507825e+06 
2.488706e+02 4.461060e+07 2.409432e+06 
2.382974e+02 4.583775e+07 2.610219e+06 
2.452535e+02 4.399564e+07 2.604280e+06 
2.362568e+02 4.638451e+07 2.811005e+06 
2.402941e+02 4.438588e+07 2.507825e+06 
2.293505e+02 4.831255e+07 4.015721e+06 
2.360044e+02 4.672589e+07 3.413363e+06 
2.505923e+02 4.356998e+07 2.604280e+06 
2.280181e+02 5.023474e+07 4.216507e+06 
2.438361e+02 4.412398e+07 2.604280e+06 
2.486980e+02 4.406533e+07 2.507825e+06 
2.334957e+02 4.754370e+07 3.614149e+06 
2.391138e+02 4.539197e+07 2.604280e+06 
2.375491e+02 4.525260e+07 2.811005e+06 
2.382762e+02 4.486246e+07 2.700734e+06 
2.503758e+02 4.524844e+07 2.340636e+06 
2.473976e+02 4.462409e+07 2.387906e+06 
2.293499e+02 4.841823e+07 4.216507e+06 
2.584953e+02 4.364459e+07 2.409432e+06 
2.452634e+02 4.479868e+07 2.411370e+06 
2.575815e+02 4.501039e+07 2.284084e+06 
2.531990e+02 4.556220e+07 2.314915e+06 
2.451792e+02 4.431656e+07 2.507825e+06 
2.450251e+02 4.405429e+07 2.610219e+06 
2.304370e+02 4.753560e+07 3.814935e+06 
2.387539e+02 4.569132e+07 2.610219e+06 
2.296205e+02 4.844343e+07 3.814935e+06 
2.458654e+02 4.441202e+07 2.470964e+06 
2.507505e+02 4.568532e+07 2.314915e+06 
2.463670e+02 4.413852e+07 2.411370e+06 
2.292023e+02 4.884441e+07 4.015721e+06 
2.374291e+02 4.546824e+07 3.011791e+06 
2.562932e+02 4.584816e+07 2.284084e+06 
2.384424e+02 4.570639e+07 2.610219e+06 
2.283534e+02 4.936401e+07 4.417293e+06 
2.397701e+02 4.531015e+07 2.604280e+06 
2.423600e+02 4.409235e+07 2.700734e+06 
2.360630e+02 4.564861e+07 3.011791e+06 
2.448734e+02 4.484309e+07 2.411370e+06 
2.545762e+02 4.502500e+07 2.314915e+06 
2.461355e+02 4.394605e+07 2.610219e+06 
2.539008e+02 4.383346e+07 2.387906e+06 
2.462761e+02 4.493334e+07 2.409432e+06 
2.416500e+02 4.389236e+07 2.700734e+06 
2.379160e+02 4.520963e+07 2.811005e+06 
2.463876e+02 4.385999e+07 2.610219e+06 
2.467587e+02 4.487619e+07 2.387906e+06 
2.370795e+02 4.562693e+07 3.011791e+06 
2.311451e+02 4.751265e+07 3.814935e+06 
2.391075e+02 4.543998e+07 2.610219e+06 
2.368792e+02 4.594213e+07 2.811005e+06 
2.418416e+02 4.419815e+07 2.700734e+06 
2.499821e+02 4.335105e+07 2.507825e+06 
2.364893e+02 4.595462e+07 3.212577e+06 
2.294040e+02 4.993359e+07 3.814935e+06 
2.462850e+02 4.421808e+07 2.411370e+06 
2.572627e+02 4.370744e+07 2.409432e+06 
2.393313e+02 4.472902e+07 2.700734e+06 
2.297975e+02 4.799166e+07 3.814935e+06 
2.495824e+02 4.435894e+07 2.387906e+06 
2.296350e+02 4.831874e+07 3.814935e+06 
2.276753e+02 4.920235e+07 4.216507e+06 
2.539101e+02 4.374018e+07 2.409432e+06 
2.346146e+02 4.723347e+07 3.614149e+06 
2.471010e+02 4.385777e+07 2.700734e+06 
2.356376e+02 4.686297e+07 3.011791e+06 
2.312959e+02 4.945100e+07 3.614149e+06 
2.563076e+02 4.555716e+07 2.284084e+06 
2.362497e+02 4.561172e+07 3.212577e+06 
2.378892e+02 4.476125e+07 2.700734e+06 
2.395454e+02 4.522571e+07 2.610219e+06 
2.391405e+02 4.534562e+07 2.604280e+06 
2.358131e+02 4.622865e+07 3.413363e+06 
2.300204e+02 4.737137e+07 4.015721e+06 
2.466001e+02 4.483683e+07 2.411370e+06 
2.491981e+02 4.390877e+07 2.409432e+06 
2.534429e+02 4.520017e+07 2.314915e+06 
2.457466e+02 4.447632e+07 2.411370e+06 
2.530036e+02 4.536875e+07 2.340636e+06 
2.372297e+02 4.585491e+07 2.604280e+06 
2.295714e+02 4.863686e+07 3.814935e+06 
2.308482e+02 4.758899e+07 3.814935e+06 
2.404196e+02 4.459411e+07 2.700734e+06 
2.512712e+02 4.380803e+07 2.387906e+06 
2.325721e+02 4.768133e+07 3.614149e+06 
2.298996e+02 4.853878e+07 3.814935e+06 

2.352656e+02 4.363487e+07 3.212577e+06 
2.336525e+02 4.554023e+07 2.811005e+06 
2.219483e+02 4.520143e+07 3.614149e+06 
2.237756e+02 4.502773e+07 3.614149e+06 
2.249489e+02 4.509935e+07 3.212577e+06 
2.314186e+02 4.469706e+07 3.011791e+06 
2.236614e+02 4.519817e+07 3.614149e+06 
2.358006e+02 4.375783e+07 3.413363e+06 
2.186437e+02 4.738503e+07 4.818865e+06 
2.232096e+02 4.532195e+07 3.814935e+06 
2.540341e+02 4.472415e+07 2.610219e+06 
2.343594e+02 4.387132e+07 3.413363e+06 
2.404539e+02 4.658603e+07 2.610219e+06 
2.451361e+02 4.483525e+07 2.610219e+06 
2.289975e+02 4.430974e+07 3.212577e+06 
2.211574e+02 4.683033e+07 3.814935e+06 
2.277087e+02 4.424667e+07 3.413363e+06 
2.203498e+02 4.735628e+07 4.216507e+06 
2.493191e+02 4.470115e+07 2.610219e+06 
2.360064e+02 4.474986e+07 3.011791e+06 
2.481538e+02 4.479115e+07 2.610219e+06 
2.279065e+02 4.571482e+07 3.011791e+06 
2.331866e+02 4.396986e+07 3.212577e+06 
2.415738e+02 4.475200e+07 2.700734e+06 
2.483697e+02 4.444579e+07 3.011791e+06 
2.189102e+02 4.750568e+07 4.618079e+06 
2.235326e+02 4.568544e+07 3.413363e+06 
2.256432e+02 4.503425e+07 3.212577e+06 
2.389559e+02 4.354767e+07 3.413363e+06 
2.191306e+02 4.695416e+07 4.417293e+06 
2.242356e+02 4.511757e+07 3.614149e+06 
2.439637e+02 4.521561e+07 2.610219e+06 
2.253120e+02 4.487323e+07 3.614149e+06 
2.204385e+02 4.647382e+07 4.015721e+06 
2.418605e+02 4.615540e+07 2.610219e+06 
2.238122e+02 4.518462e+07 3.614149e+06 
2.274611e+02 4.431339e+07 3.413363e+06 
2.374436e+02 4.584901e+07 2.700734e+06 
2.237837e+02 4.645598e+07 3.413363e+06 
2.442318e+02 4.494684e+07 2.610219e+06 
2.439716e+02 4.513802e+07 2.610219e+06 
2.255264e+02 4.494974e+07 3.413363e+06 
2.376951e+02 4.445010e+07 3.011791e+06 
2.185357e+02 4.935864e+07 5.421223e+06 
2.198856e+02 4.738960e+07 4.216507e+06 
2.189619e+02 4.699346e+07 5.019651e+06 
2.186997e+02 4.726632e+07 4.618079e+06 
2.432100e+02 4.538378e+07 2.610219e+06 
2.203134e+02 4.698108e+07 4.618079e+06 
2.207021e+02 4.617261e+07 3.814935e+06 
2.215376e+02 4.572830e+07 4.015721e+06 
2.241523e+02 4.529625e+07 3.413363e+06 
2.205762e+02 4.654882e+07 4.216507e+06 
2.223575e+02 4.738471e+07 3.614149e+06 
2.360719e+02 4.374349e+07 3.212577e+06 
2.208283e+02 4.642350e+07 4.015721e+06 
2.192991e+02 4.740549e+07 4.618079e+06 
2.344460e+02 4.386569e+07 3.212577e+06 
2.430375e+02 4.568836e+07 2.610219e+06 
2.440881e+02 4.542790e+07 2.610219e+06 
2.295468e+02 4.384511e+07 3.212577e+06 
2.246246e+02 4.488131e+07 3.814935e+06 
2.192069e+02 4.756343e+07 4.417293e+06 
2.414023e+02 4.693376e+07 2.610219e+06 
2.275698e+02 4.439198e+07 3.413363e+06 
2.236796e+02 4.497307e+07 3.814935e+06 
2.477250e+02 4.486748e+07 2.610219e+06 
2.320271e+02 4.401486e+07 3.413363e+06 
2.310886e+02 4.403816e+07 3.212577e+06 
2.258866e+02 4.456065e+07 3.413363e+06 
2.211407e+02 4.618041e+07 4.216507e+06 
2.380838e+02 4.492978e+07 2.700734e+06 
2.421915e+02 4.469679e+07 3.011791e+06 
2.200498e+02 4.722489e+07 4.216507e+06 
2.254312e+02 4.482339e+07 3.413363e+06 
2.301923e+02 4.410486e+07 3.212577e+06 
2.426796e+02 4.573464e+07 2.610219e+06 
2.281073e+02 4.673903e+07 3.011791e+06 
2.276350e+02 4.450756e+07 3.212577e+06 
2.370011e+02 4.483221e+07 2.700734e+06 
2.295120e+02 4.422438e+07 3.212577e+06 
2.202235e+02 4.679485e+07 4.417293e+06 
2.434369e+02 4.528823e+07 2.610219e+06 
2.275543e+02 4.410848e+07 3.413363e+06 
2.316089e+02 4.502664e+07 3.011791e+06 
2.201814e+02 4.676626e+07 4.618079e+06 
2.187305e+02 4.783716e+07 4.818865e+06 
2.190614e+02 4.825502e+07 4.417293e+06 
2.218073e+02 4.574566e+07 4.015721e+06 
2.354693e+02 4.578640e+07 2.811005e+06 
2.194245e+02 4.708382e+07 4.618079e+06 
2.413097e+02 4.618778e+07 2.610219e+06 
2.386307e+02 4.368961e+07 3.413363e+06 
2.256472e+02 4.524297e+07 3.212577e+06 
2.259774e+02 4.457873e+07 3.212577e+06 
2.190093e+02 4.702385e+07 4.618079e+06 
2.262837e+02 4.459983e+07 3.212577e+06 
2.248170e+02 4.620789e+07 3.212577e+06 
2.258277e+02 4.476360e+07 3.614149e+06 
2.261293e+02 4.458454e+07 3.614149e+06 

2.592340e+02 5.349866e+07 3.011791e+06 
2.564788e+02 4.498809e+07 4.015721e+06 
2.651808e+02 5.189779e+07 3.011791e+06 
2.341255e+02 4.822404e+07 3.413363e+06 
2.498382e+02 4.535762e+07 4.216507e+06 
2.631330e+02 5.211885e+07 3.011791e+06 
2.348668e+02 4.755299e+07 3.614149e+06 
2.387325e+02 4.735239e+07 3.413363e+06 
2.375370e+02 4.682437e+07 4.015721e+06 
2.265133e+02 4.776118e+07 4.216507e+06 
2.330399e+02 4.768233e+07 3.614149e+06 
2.588891e+02 5.230970e+07 3.011791e+06 
2.646295e+02 5.191897e+07 3.212577e+06 
2.285206e+02 4.842202e+07 4.015721e+06 
2.511687e+02 4.543787e+07 4.015721e+06 
2.334288e+02 4.767401e+07 3.814935e+06 
2.493090e+02 4.539828e+07 4.417293e+06 
2.403622e+02 4.646512e+07 4.015721e+06 
2.396104e+02 4.670555e+07 4.015721e+06 
2.248399e+02 4.718654e+07 4.618079e+06 
2.592314e+02 4.492647e+07 4.216507e+06 
2.363963e+02 4.595539e+07 4.216507e+06 
2.413936e+02 4.571207e+07 4.417293e+06 
2.308548e+02 4.784819e+07 4.015721e+06 
2.356846e+02 4.596675e+07 4.216507e+06 
2.531954e+02 4.531128e+07 4.417293e+06 
2.337958e+02 4.605119e+07 4.417293e+06 
2.349430e+02 4.611677e+07 4.216507e+06 
2.424374e+02 4.567577e+07 4.216507e+06 
2.604258e+02 5.272037e+07 2.811005e+06 
2.404101e+02 4.569643e+07 4.417293e+06 
2.256714e+02 4.874244e+07 4.216507e+06 
2.404196e+02 4.715013e+07 3.413363e+06 
2.402252e+02 4.667291e+07 4.015721e+06 
2.592183e+02 5.217627e+07 2.811005e+06 
2.673941e+02 5.204727e+07 3.011791e+06 
2.312658e+02 4.779852e+07 3.814935e+06 
2.307094e+02 4.822797e+07 4.015721e+06 
2.324626e+02 4.625346e+07 4.417293e+06 
2.515249e+02 4.696673e+07 3.413363e+06 
2.568052e+02 4.502160e+07 4.015721e+06 
2.354968e+02 4.780916e+07 3.413363e+06 
2.649252e+02 5.193889e+07 2.811005e+06 
2.321203e+02 4.759314e+07 4.015721e+06 
2.255630e+02 4.675735e+07 4.417293e+06 
2.387899e+02 4.681349e+07 4.015721e+06 
2.674451e+02 5.176351e+07 2.811005e+06 
2.363782e+02 4.703224e+07 4.015721e+06 
2.282677e+02 4.751496e+07 4.216507e+06 
2.307761e+02 4.793239e+07 4.015721e+06 
2.294878e+02 4.626369e+07 4.216507e+06 
2.444984e+02 4.623665e+07 4.015721e+06 
2.359051e+02 4.598410e+07 4.618079e+06 
2.364855e+02 4.739329e+07 3.413363e+06 
2.308579e+02 4.634286e+07 4.417293e+06 
2.463150e+02 4.613688e+07 4.015721e+06 
2.432304e+02 4.540037e+07 4.417293e+06 
2.633783e+02 4.484397e+07 4.015721e+06 
2.446834e+02 4.558828e+07 4.216507e+06 
2.311137e+02 4.920165e+07 3.814935e+06 
2.246528e+02 4.697739e+07 4.417293e+06 
2.276765e+02 4.672205e+07 4.216507e+06 
2.279521e+02 4.893366e+07 4.015721e+06 
2.374203e+02 4.584232e+07 4.216507e+06 
2.611444e+02 4.493317e+07 4.015721e+06 
2.613261e+02 5.202842e+07 3.212577e+06 
2.345978e+02 4.710013e+07 3.814935e+06 
2.395046e+02 4.674359e+07 4.015721e+06 
2.287629e+02 4.649860e+07 4.417293e+06 
2.250189e+02 4.738234e+07 4.417293e+06 
2.400605e+02 4.668544e+07 4.015721e+06 
2.325502e+02 4.829962e+07 3.614149e+06 
2.247728e+02 4.765374e+07 4.618079e+06 
2.239707e+02 4.740891e+07 4.417293e+06 
2.274274e+02 4.689863e+07 4.618079e+06 
2.642628e+02 5.208635e+07 2.811005e+06 
2.344649e+02 4.624376e+07 4.216507e+06 
2.617484e+02 4.496441e+07 4.015721e+06 
2.383694e+02 4.577515e+07 4.618079e+06 
2.345287e+02 4.722100e+07 4.015721e+06 
2.554920e+02 4.518919e+07 4.015721e+06 
2.581856e+02 5.386722e+07 3.212577e+06 
2.706393e+02 5.191551e+07 3.212577e+06 
2.322760e+02 4.807464e+07 3.614149e+06 
2.291030e+02 4.826860e+07 4.015721e+06 
2.631435e+02 4.483232e+07 4.015721e+06 
2.640265e+02 5.209961e+07 2.811005e+06 
2.430768e+02 4.708484e+07 3.413363e+06 
2.519697e+02 4.545300e+07 4.417293e+06 
2.460516e+02 4.695932e+07 3.413363e+06 
2.554211e+02 4.537469e+07 4.015721e+06 
2.365468e+02 4.795931e+07 3.413363e+06 
2.457570e+02 4.665947e+07 3.614149e+06 
2.575373e+02 5.400530e+07 3.011791e+06 
2.286920e+02 4.646382e+07 4.417293e+06 
2.642623e+02 5.221539e+07 2.811005e+06 
2.501518e+02 4.554115e+07 4.417293e+06 
2.428333e+02 4.630768e+07 4.015721e+06 
2.414003e+02 4.562053e+07 4.216507e+06 
2.479940e+02 4.589732e+07 4.015721e+06 

2.265077e+02 5.167881e+07 5.622009e+06 
2.334873e+02 4.656496e+07 3.413363e+06 
2.339629e+02 4.641208e+07 2.700734e+06 
2.481873e+02 4.410695e+07 2.411370e+06 
2.363594e+02 4.527804e+07 3.011791e+06 
2.431851e+02 4.389860e+07 2.610219e+06 
2.351280e+02 4.544124e+07 2.811005e+06 
2.529554e+02 4.394645e+07 2.387906e+06 
2.371600e+02 4.510631e+07 2.700734e+06 
2.423275e+02 4.396135e+07 2.604280e+06 
2.453625e+02 4.524022e+07 2.411370e+06 
2.429357e+02 4.314105e+07 2.604280e+06 
2.356509e+02 4.563533e+07 2.811005e+06 
2.435071e+02 4.368921e+07 2.700734e+06 
2.510359e+02 4.404279e+07 2.387906e+06 
2.300527e+02 4.718293e+07 3.814935e+06 
2.442576e+02 4.430591e+07 2.507825e+06 
2.383717e+02 4.495062e+07 2.604280e+06 
2.295559e+02 4.818011e+07 4.417293e+06 
2.422545e+02 4.411597e+07 2.610219e+06 
2.288733e+02 4.915717e+07 4.417293e+06 
2.429893e+02 4.452186e+07 2.507825e+06 
2.434822e+02 4.298502e+07 2.604280e+06 
2.387612e+02 4.484548e+07 2.811005e+06 
2.441146e+02 4.451316e+07 2.507825e+06 
2.300496e+02 4.840972e+07 4.216507e+06 
2.405737e+02 4.436587e+07 2.610219e+06 
2.405401e+02 4.469496e+07 2.507825e+06 
2.460482e+02 4.375842e+07 2.507825e+06 
2.397605e+02 4.419792e+07 2.811005e+06 
2.595170e+02 4.330057e+07 2.387906e+06 
2.479727e+02 4.325344e+07 2.604280e+06 
2.323264e+02 4.728280e+07 3.614149e+06 
2.468408e+02 4.344906e+07 2.507825e+06 
2.564002e+02 4.298960e+07 2.604280e+06 
2.372497e+02 4.563567e+07 2.610219e+06 
2.391050e+02 4.449647e+07 2.811005e+06 
2.277222e+02 5.102257e+07 5.220437e+06 
2.516404e+02 4.382821e+07 2.387906e+06 
2.454243e+02 4.406098e+07 2.507825e+06 
2.462980e+02 4.482265e+07 2.411370e+06 
2.342878e+02 4.611094e+07 3.011791e+06 
2.504068e+02 4.299919e+07 2.507825e+06 
2.287902e+02 4.854190e+07 4.417293e+06 
2.423137e+02 4.440439e+07 2.604280e+06 
2.474953e+02 4.417687e+07 2.411370e+06 
2.390723e+02 4.460021e+07 3.011791e+06 
2.567738e+02 4.328432e+07 2.387906e+06 
2.348073e+02 4.585890e+07 3.011791e+06 
2.418319e+02 4.424900e+07 2.610219e+06 
2.273812e+02 5.051514e+07 5.421223e+06 
2.558592e+02 4.373242e+07 2.409432e+06 
2.368491e+02 4.547578e+07 2.811005e+06 
2.453018e+02 4.566716e+07 2.411370e+06 
2.407384e+02 4.435448e+07 2.610219e+06 
2.452707e+02 4.562013e+07 2.411370e+06 
2.288346e+02 4.869445e+07 4.618079e+06 
2.289555e+02 4.872690e+07 4.216507e+06 
2.409363e+02 4.421242e+07 2.700734e+06 
2.372821e+02 4.486402e+07 2.700734e+06 
2.320555e+02 4.692118e+07 3.212577e+06 
2.374368e+02 4.501956e+07 2.700734e+06 
2.467525e+02 4.347356e+07 2.507825e+06 
2.415599e+02 4.483848e+07 2.507825e+06 
2.399175e+02 4.430415e+07 2.811005e+06 
2.472803e+02 4.274939e+07 2.507825e+06 
2.515011e+02 4.361380e+07 2.411370e+06 
2.486325e+02 4.324651e+07 2.604280e+06 
2.423364e+02 4.407366e+07 2.604280e+06 
2.340349e+02 4.588629e+07 3.011791e+06 
2.285918e+02 4.976825e+07 4.818865e+06 
2.266689e+02 5.023671e+07 5.421223e+06 
2.346440e+02 4.577920e+07 3.011791e+06 
2.309199e+02 4.699957e+07 3.614149e+06 
2.443814e+02 4.331511e+07 2.604280e+06 
2.478895e+02 4.416800e+07 2.411370e+06 
2.313168e+02 4.756545e+07 3.614149e+06 
2.404539e+02 4.440599e+07 2.604280e+06 
2.328861e+02 4.667214e+07 3.011791e+06 
2.332021e+02 4.628915e+07 3.614149e+06 
2.315402e+02 4.677801e+07 3.614149e+06 
2.474766e+02 4.441730e+07 2.411370e+06 
2.400731e+02 4.436670e+07 2.610219e+06 
2.392036e+02 4.447033e+07 2.604280e+06 
2.379815e+02 4.564213e+07 2.604280e+06 
2.332211e+02 4.624907e+07 3.212577e+06 
2.337809e+02 4.604385e+07 3.011791e+06 
2.456372e+02 4.509641e+07 2.411370e+06 
2.420540e+02 4.404753e+07 2.811005e+06 
2.381684e+02 4.508927e+07 2.604280e+06 
2.495032e+02 4.306369e+07 2.507825e+06 
2.258114e+02 5.134826e+07 5.622009e+06 
2.324152e+02 4.655182e+07 3.614149e+06 
2.467284e+02 4.421364e+07 2.411370e+06 
2.327311e+02 4.680688e+07 3.614149e+06 
2.490673e+02 4.381687e+07 2.411370e+06 
2.379134e+02 4.524017e+07 2.604280e+06 
2.349638e+02 4.589578e+07 2.700734e+06 
2.307604e+02 4.797850e+07 4.015721e+06 
2.408657e+02 4.467219e+07 2.507825e+06 

2.293477e+02 4.486097e+07 3.413363e+06 
2.365240e+02 4.337293e+07 3.212577e+06 
2.641812e+02 4.927702e+07 2.610219e+06 
2.342668e+02 4.377743e+07 3.212577e+06 
2.265554e+02 4.652624e+07 3.814935e+06 
2.802676e+02 4.844687e+07 2.610219e+06 
2.645393e+02 4.286320e+07 3.011791e+06 
2.711806e+02 4.266512e+07 2.811005e+06 
2.312746e+02 4.407711e+07 3.011791e+06 
2.592260e+02 4.903161e+07 2.700734e+06 
2.225230e+02 4.742600e+07 4.818865e+06 
2.590228e+02 4.284690e+07 2.811005e+06 
2.643249e+02 4.868313e+07 2.610219e+06 
2.611814e+02 4.866421e+07 2.700734e+06 
2.217089e+02 4.703896e+07 4.818865e+06 
2.603892e+02 4.887999e+07 2.700734e+06 
2.412464e+02 4.320344e+07 3.011791e+06 
2.390232e+02 4.330638e+07 3.011791e+06 
2.419306e+02 4.304056e+07 3.011791e+06 
2.654558e+02 4.862716e+07 2.610219e+06 
2.574873e+02 4.298530e+07 3.011791e+06 
2.457653e+02 4.303087e+07 3.011791e+06 
2.572968e+02 4.291351e+07 2.811005e+06 
2.474467e+02 4.309493e+07 2.811005e+06 
2.425821e+02 4.311837e+07 2.811005e+06 
2.585819e+02 4.294759e+07 2.811005e+06 
2.271016e+02 4.562457e+07 4.216507e+06 
2.577525e+02 4.926111e+07 2.797189e+06 
2.273834e+02 4.574303e+07 4.015721e+06 
2.227703e+02 4.784663e+07 4.618079e+06 
2.263131e+02 4.576731e+07 4.216507e+06 
2.365286e+02 4.347288e+07 3.212577e+06 
2.277255e+02 4.528240e+07 4.015721e+06 
2.278473e+02 4.591983e+07 3.614149e+06 
2.256632e+02 4.709003e+07 4.216507e+06 
2.441985e+02 4.320755e+07 3.212577e+06 
2.445351e+02 4.318853e+07 3.011791e+06 
2.700407e+02 4.878246e+07 2.604280e+06 
2.580959e+02 4.801862e+07 2.797189e+06 
2.377047e+02 4.337049e+07 3.212577e+06 
2.306021e+02 4.474888e+07 3.212577e+06 
2.244648e+02 4.629338e+07 4.417293e+06 
2.271145e+02 4.549925e+07 4.015721e+06 
2.367443e+02 4.338897e+07 3.011791e+06 
2.738517e+02 4.852286e+07 2.700734e+06 
2.353377e+02 4.353509e+07 3.212577e+06 
2.260633e+02 4.591809e+07 4.216507e+06 
2.265618e+02 4.618903e+07 4.015721e+06 
2.310052e+02 4.444589e+07 3.212577e+06 
2.294077e+02 4.429461e+07 3.413363e+06 
2.299585e+02 4.434602e+07 3.413363e+06 
2.319177e+02 4.397534e+07 3.413363e+06 
2.629132e+02 4.845594e+07 2.700734e+06 
2.389262e+02 4.332940e+07 3.212577e+06 
2.291889e+02 4.466408e+07 3.614149e+06 
2.260016e+02 4.674358e+07 4.216507e+06 
2.373278e+02 4.420513e+07 2.811005e+06 
2.701312e+02 4.807926e+07 2.797189e+06 
2.290506e+02 4.509631e+07 3.614149e+06 
2.265350e+02 4.573679e+07 4.216507e+06 
2.424230e+02 4.330470e+07 3.212577e+06 
2.388691e+02 4.390266e+07 2.811005e+06 
2.678372e+02 4.866861e+07 2.610219e+06 
2.421270e+02 4.293413e+07 3.011791e+06 
2.685443e+02 4.852839e+07 2.610219e+06 
2.237320e+02 4.685067e+07 5.019651e+06 
2.578728e+02 4.915663e+07 2.700734e+06 
2.394531e+02 4.341274e+07 2.811005e+06 
2.389283e+02 4.343034e+07 2.811005e+06 
2.334604e+02 4.340013e+07 3.011791e+06 
2.261953e+02 4.591740e+07 4.216507e+06 
2.340122e+02 4.386976e+07 3.413363e+06 
2.579756e+02 4.943992e+07 2.700734e+06 
2.624607e+02 4.878731e+07 2.610219e+06 
2.382711e+02 4.336142e+07 3.011791e+06 
2.370683e+02 4.474245e+07 2.811005e+06 
2.267524e+02 4.599816e+07 4.417293e+06 
2.314087e+02 4.396065e+07 3.011791e+06 
2.429875e+02 4.347818e+07 2.811005e+06 
2.790646e+02 4.274106e+07 2.811005e+06 
2.231066e+02 4.685249e+07 4.818865e+06 
2.276097e+02 4.494162e+07 3.614149e+06 
2.333939e+02 4.458020e+07 3.011791e+06 
2.344638e+02 4.373331e+07 3.212577e+06 
2.744887e+02 4.283011e+07 3.212577e+06 
2.271073e+02 4.587595e+07 4.015721e+06 
2.622749e+02 4.895537e+07 2.610219e+06 
2.228923e+02 4.714157e+07 5.019651e+06 
2.674660e+02 4.859946e+07 2.610219e+06 
2.293364e+02 4.444394e+07 3.413363e+06 
2.558085e+02 4.954920e+07 2.797189e+06 
2.241094e+02 4.609650e+07 4.417293e+06 
2.395352e+02 4.336329e+07 3.212577e+06 
2.374975e+02 4.439554e+07 2.811005e+06 
2.316675e+02 4.409971e+07 3.212577e+06 
2.236227e+02 4.672976e+07 4.818865e+06 
2.265546e+02 4.597028e+07 4.015721e+06 
2.413010e+02 4.331098e+07 3.011791e+06 
2.448451e+02 4.292023e+07 3.011791e+06 
2.371450e+02 4.464692e+07 2.811005e+06 

