8.285050e+03 3.422695e+07 1.057574e+06 
8.582950e+03 3.437870e+07 9.568890e+05 
6.695650e+03 2.807460e+07 2.127989e+06 
8.599250e+03 3.408520e+07 9.568890e+05 
8.376900e+03 3.483101e+07 9.820330e+05 
7.723650e+03 3.225213e+07 1.276793e+06 
8.531900e+03 3.396172e+07 1.133115e+06 
8.568500e+03 3.401264e+07 9.820330e+05 
8.641500e+03 3.402247e+07 9.470084e+05 
8.753500e+03 3.511867e+07 9.470084e+05 
6.614950e+03 2.761700e+07 2.298228e+06 
8.553800e+03 3.584932e+07 9.363151e+05 
6.646550e+03 2.769806e+07 2.213108e+06 
6.943850e+03 2.971078e+07 1.617271e+06 
9.692250e+03 3.912869e+07 9.043945e+05 
6.900900e+03 2.893673e+07 1.702391e+06 
8.623350e+03 3.445408e+07 1.021435e+06 
7.770600e+03 3.242720e+07 1.191674e+06 
7.683100e+03 3.241859e+07 1.532152e+06 
9.468750e+03 3.845223e+07 9.166462e+05 
6.776250e+03 2.807512e+07 2.042869e+06 
6.749350e+03 2.783940e+07 2.127989e+06 
8.292550e+03 3.293296e+07 1.106554e+06 
6.881450e+03 2.908416e+07 1.702391e+06 
7.657000e+03 3.207340e+07 1.361913e+06 
6.856100e+03 2.916236e+07 1.702391e+06 
7.636550e+03 3.193948e+07 1.447032e+06 
8.529150e+03 3.402997e+07 9.690314e+05 
6.606150e+03 2.762934e+07 2.213108e+06 
7.772700e+03 3.218288e+07 1.276793e+06 
6.756750e+03 2.813153e+07 2.042869e+06 
6.752200e+03 2.818909e+07 1.957750e+06 
6.635750e+03 2.754909e+07 2.298228e+06 
8.210550e+03 3.382545e+07 1.106554e+06 
9.291350e+03 3.721916e+07 9.211174e+05 
6.761700e+03 2.835042e+07 1.787511e+06 
8.639500e+03 3.452664e+07 9.470084e+05 
6.784000e+03 2.834728e+07 1.872630e+06 
6.548250e+03 2.709120e+07 2.553587e+06 
8.447800e+03 3.358197e+07 1.021435e+06 
9.501900e+03 3.832102e+07 9.064920e+05 
6.770600e+03 2.842931e+07 1.872630e+06 
8.454550e+03 3.357010e+07 9.895141e+05 
8.497400e+03 3.344504e+07 1.021435e+06 
6.658100e+03 2.800517e+07 2.170549e+06 
6.965650e+03 2.966400e+07 1.617271e+06 
6.868300e+03 2.837523e+07 2.042869e+06 
6.794000e+03 2.842799e+07 1.957750e+06 
6.537050e+03 2.712960e+07 2.383347e+06 
9.111200e+03 3.560572e+07 9.345320e+05 

