9.895950e+03 3.926381e+07 9.551220e+05 
6.387650e+03 2.635906e+07 2.553587e+06 
7.074800e+03 2.889946e+07 1.617271e+06 
7.104750e+03 2.872716e+07 1.702391e+06 
6.698250e+03 2.731586e+07 2.042869e+06 
7.235750e+03 2.935040e+07 1.586361e+06 
6.582450e+03 2.676796e+07 2.298228e+06 
6.461050e+03 2.647268e+07 2.383347e+06 
7.554250e+03 3.061816e+07 1.532152e+06 
8.570550e+03 3.352571e+07 1.208656e+06 
9.915150e+03 3.782529e+07 1.021435e+06 
6.638850e+03 2.678401e+07 2.213108e+06 
1.089320e+04 4.155656e+07 8.721289e+05 
8.498650e+03 3.347759e+07 1.319353e+06 
7.067550e+03 2.862840e+07 1.787511e+06 
7.761900e+03 3.138058e+07 1.447032e+06 
6.416400e+03 2.630659e+07 2.468467e+06 
7.581850e+03 3.076870e+07 1.510820e+06 
6.737250e+03 2.735220e+07 1.957750e+06 
8.686350e+03 3.483089e+07 1.106554e+06 
6.792800e+03 2.798196e+07 1.872630e+06 
8.781400e+03 3.453210e+07 1.133115e+06 
7.489750e+03 3.036122e+07 1.574712e+06 
1.007725e+04 3.990025e+07 9.096400e+05 
6.634700e+03 2.688909e+07 2.127989e+06 

7.658150e+03 3.135604e+07 1.532152e+06 
9.711450e+03 3.767743e+07 9.363151e+05 
6.578250e+03 2.670737e+07 2.298228e+06 
7.591350e+03 3.124995e+07 1.585351e+06 
6.260150e+03 2.539087e+07 2.383347e+06 
9.666850e+03 3.808117e+07 1.063994e+06 
7.671600e+03 3.160495e+07 1.447032e+06 
7.849200e+03 3.252285e+07 1.404473e+06 
6.711700e+03 2.710640e+07 2.127989e+06 
6.792900e+03 2.754317e+07 1.872630e+06 
7.276500e+03 2.973402e+07 1.617271e+06 
7.752700e+03 3.135460e+07 1.447032e+06 
9.727650e+03 3.757673e+07 9.820330e+05 
7.671850e+03 3.116569e+07 1.532152e+06 
7.932100e+03 3.268047e+07 1.361913e+06 
7.643700e+03 3.149299e+07 1.500231e+06 
7.193100e+03 2.966923e+07 1.787511e+06 
6.609500e+03 2.689325e+07 2.213108e+06 
6.205150e+03 2.507087e+07 2.468467e+06 
7.991300e+03 3.330684e+07 1.276793e+06 
9.010450e+03 3.575897e+07 1.191674e+06 
9.897250e+03 3.830580e+07 9.064920e+05 
6.776300e+03 2.745696e+07 2.042869e+06 
9.245150e+03 3.672699e+07 1.133115e+06 
7.200500e+03 2.958403e+07 1.702391e+06 

7.094600e+03 2.930023e+07 1.872630e+06 
7.459900e+03 3.008371e+07 1.617271e+06 
7.453950e+03 3.018305e+07 1.574712e+06 
8.549100e+03 3.446136e+07 1.191674e+06 
1.018005e+04 4.130319e+07 9.064920e+05 
8.825400e+03 3.608898e+07 1.037375e+06 
6.347150e+03 2.601830e+07 2.468467e+06 
8.723100e+03 3.500095e+07 1.106554e+06 
7.536250e+03 3.062847e+07 1.489592e+06 
6.576650e+03 2.714673e+07 2.042869e+06 
6.401050e+03 2.609288e+07 2.298228e+06 
8.315450e+03 3.290876e+07 1.361913e+06 
6.332250e+03 2.618257e+07 2.553587e+06 
6.620500e+03 2.722845e+07 1.957750e+06 
7.480050e+03 3.028487e+07 1.532152e+06 
6.377250e+03 2.606720e+07 2.383347e+06 
8.180800e+03 3.326276e+07 1.447032e+06 
7.153150e+03 2.936608e+07 1.787511e+06 
6.480250e+03 2.635519e+07 2.127989e+06 
6.635300e+03 2.711867e+07 2.042869e+06 
7.395200e+03 3.016866e+07 1.659831e+06 
1.042635e+04 4.192696e+07 8.585176e+05 
7.459650e+03 3.006240e+07 1.702391e+06 
8.372650e+03 3.318210e+07 1.276793e+06 
6.420450e+03 2.631135e+07 2.213108e+06 

9.556850e+03 3.809184e+07 1.191674e+06 
7.066400e+03 2.854760e+07 1.787511e+06 
7.103500e+03 2.858554e+07 1.702391e+06 
9.344050e+03 3.831423e+07 1.057574e+06 
8.048700e+03 3.158287e+07 1.447032e+06 
9.973200e+03 4.228034e+07 9.820330e+05 
7.267200e+03 2.946198e+07 1.532152e+06 
9.538950e+03 3.825292e+07 1.106554e+06 
8.108350e+03 3.249384e+07 1.284197e+06 
6.411500e+03 2.637819e+07 2.383347e+06 
9.996200e+03 4.015175e+07 1.021435e+06 
7.218700e+03 2.935938e+07 1.617271e+06 
7.494650e+03 3.063006e+07 1.510820e+06 
8.006300e+03 3.184296e+07 1.361913e+06 
6.552800e+03 2.659934e+07 2.298228e+06 
6.652250e+03 2.714066e+07 1.957750e+06 
8.109900e+03 3.194728e+07 1.359738e+06 
7.974000e+03 3.189875e+07 1.361913e+06 
6.712550e+03 2.744119e+07 1.872630e+06 
6.391000e+03 2.640118e+07 2.468467e+06 
6.528350e+03 2.693545e+07 2.213108e+06 
6.556100e+03 2.703408e+07 2.127989e+06 
6.396800e+03 2.636846e+07 2.468467e+06 
6.602000e+03 2.711303e+07 2.042869e+06 
9.296850e+03 3.558491e+07 1.276793e+06 

6.299000e+03 2.560045e+07 2.383347e+06 
9.324800e+03 3.526426e+07 1.057574e+06 
6.293850e+03 2.584812e+07 2.383347e+06 
8.569000e+03 3.349754e+07 1.284197e+06 
6.339200e+03 2.600653e+07 2.127989e+06 
1.012395e+04 4.008075e+07 9.363151e+05 
6.950050e+03 2.789824e+07 1.957750e+06 
9.136200e+03 3.467825e+07 1.106554e+06 
8.158000e+03 3.193864e+07 1.435279e+06 
7.252000e+03 2.966494e+07 1.702391e+06 
8.462000e+03 3.318055e+07 1.329992e+06 
8.080150e+03 3.148233e+07 1.447032e+06 
7.724750e+03 3.046436e+07 1.617271e+06 
8.930250e+03 3.452928e+07 1.133115e+06 
8.651300e+03 3.394106e+07 1.191674e+06 
7.079300e+03 2.822558e+07 1.787511e+06 
6.289250e+03 2.561755e+07 2.468467e+06 
8.837350e+03 3.381491e+07 1.208656e+06 
8.249850e+03 3.265706e+07 1.361913e+06 
8.031250e+03 3.168214e+07 1.447032e+06 
7.029500e+03 2.801940e+07 1.872630e+06 
7.672050e+03 3.054632e+07 1.510820e+06 
9.986550e+03 3.972644e+07 1.021435e+06 
6.321400e+03 2.568432e+07 2.213108e+06 
6.487300e+03 2.655976e+07 2.042869e+06 

7.983250e+03 3.336851e+07 1.361913e+06 
7.789100e+03 3.218644e+07 1.447032e+06 
8.448650e+03 3.522298e+07 1.284197e+06 
7.991750e+03 3.366531e+07 1.359738e+06 
6.439450e+03 2.654234e+07 2.468467e+06 
9.899900e+03 3.838467e+07 1.001604e+06 
7.461450e+03 3.097588e+07 1.532152e+06 
6.757300e+03 2.765561e+07 1.872630e+06 
6.531500e+03 2.685466e+07 2.042869e+06 
8.041500e+03 3.319280e+07 1.435279e+06 
7.630450e+03 3.165148e+07 1.510820e+06 
6.445800e+03 2.653942e+07 2.553587e+06 
7.359850e+03 3.040083e+07 1.787511e+06 
6.494400e+03 2.677741e+07 2.298228e+06 
9.064600e+03 3.665205e+07 1.021435e+06 
6.428300e+03 2.654759e+07 2.553587e+06 
8.458300e+03 3.526857e+07 1.276793e+06 
1.044800e+04 4.197166e+07 9.363151e+05 
6.517000e+03 2.693659e+07 1.957750e+06 
8.963350e+03 3.623368e+07 1.106554e+06 
6.480650e+03 2.666120e+07 2.383347e+06 
9.391150e+03 3.943278e+07 9.820330e+05 
6.570600e+03 2.682318e+07 2.127989e+06 
8.973050e+03 3.631949e+07 1.057574e+06 
8.822500e+03 3.552825e+07 1.208656e+06 

8.048800e+03 3.272956e+07 1.361913e+06 
6.544950e+03 2.728294e+07 1.872630e+06 
7.006900e+03 2.910986e+07 1.787511e+06 
8.910900e+03 3.628626e+07 1.208656e+06 
8.331400e+03 3.337113e+07 1.319353e+06 
7.374700e+03 3.090119e+07 1.532152e+06 
6.582000e+03 2.715675e+07 1.957750e+06 
6.197650e+03 2.521434e+07 2.468467e+06 
7.175950e+03 3.051282e+07 1.617271e+06 
6.989500e+03 2.937435e+07 1.787511e+06 
6.200800e+03 2.526927e+07 2.383347e+06 
6.199800e+03 2.518701e+07 2.468467e+06 
9.053900e+03 3.764445e+07 9.820330e+05 
8.702700e+03 3.498075e+07 1.234234e+06 
6.529200e+03 2.649893e+07 2.127989e+06 
9.026500e+03 3.769792e+07 9.064920e+05 
6.310050e+03 2.566581e+07 2.298228e+06 
8.872950e+03 3.660766e+07 1.021435e+06 
6.345950e+03 2.576671e+07 2.213108e+06 
8.857350e+03 3.680248e+07 1.191674e+06 
6.228150e+03 2.517356e+07 2.553587e+06 
6.312300e+03 2.560978e+07 2.298228e+06 
6.487150e+03 2.696021e+07 2.042869e+06 
6.323550e+03 2.582376e+07 2.213108e+06 
7.086500e+03 2.942506e+07 1.702391e+06 

6.568650e+03 2.686814e+07 2.213108e+06 
7.160700e+03 2.954596e+07 1.872630e+06 
7.437950e+03 3.085669e+07 1.617271e+06 
6.385650e+03 2.606637e+07 2.383347e+06 
8.727400e+03 3.602232e+07 1.133115e+06 
7.760900e+03 3.177364e+07 1.361913e+06 
8.287300e+03 3.375882e+07 1.276793e+06 
7.453900e+03 3.074012e+07 1.617271e+06 
9.884350e+03 4.166891e+07 9.363151e+05 
7.579250e+03 3.098700e+07 1.532152e+06 
6.702150e+03 2.752803e+07 1.957750e+06 
7.533450e+03 3.128494e+07 1.447032e+06 
7.235200e+03 3.004572e+07 1.702391e+06 
9.062650e+03 3.738144e+07 1.057574e+06 
7.793300e+03 3.168860e+07 1.361913e+06 
9.269500e+03 3.711423e+07 1.106554e+06 
7.614450e+03 3.101826e+07 1.447032e+06 
7.207250e+03 2.968882e+07 1.787511e+06 
6.648600e+03 2.710159e+07 2.042869e+06 
6.598850e+03 2.678290e+07 2.213108e+06 
6.209150e+03 2.511732e+07 2.468467e+06 
7.178500e+03 2.991720e+07 1.787511e+06 
8.371050e+03 3.453114e+07 1.208656e+06 
6.598850e+03 2.722614e+07 2.127989e+06 
9.018950e+03 3.792638e+07 9.820330e+05 

6.781850e+03 2.801416e+07 1.787511e+06 
7.070250e+03 2.944890e+07 1.532152e+06 
6.368150e+03 2.611383e+07 2.553587e+06 
8.860450e+03 3.501828e+07 1.057574e+06 
6.541650e+03 2.652870e+07 2.127989e+06 
8.861300e+03 3.560500e+07 9.820330e+05 
6.364650e+03 2.620482e+07 2.553587e+06 
8.472800e+03 3.319746e+07 1.133115e+06 
9.050900e+03 3.708652e+07 9.363151e+05 
6.748900e+03 2.789428e+07 1.830070e+06 
6.658600e+03 2.743563e+07 1.957750e+06 
8.432700e+03 3.264763e+07 1.276793e+06 
6.958100e+03 2.919088e+07 1.617271e+06 
7.296400e+03 3.042822e+07 1.510820e+06 
6.710800e+03 2.757677e+07 1.872630e+06 
8.813150e+03 3.425633e+07 1.106554e+06 
8.546000e+03 3.234326e+07 1.447032e+06 
8.405650e+03 3.249628e+07 1.404473e+06 
6.879700e+03 2.826036e+07 1.702391e+06 
6.352250e+03 2.627730e+07 2.553587e+06 
6.614250e+03 2.714881e+07 2.042869e+06 
6.513250e+03 2.662694e+07 2.213108e+06 
6.880600e+03 2.820493e+07 1.744951e+06 
8.360850e+03 3.301935e+07 1.191674e+06 
8.771550e+03 3.525379e+07 9.895141e+05 

6.358550e+03 2.583000e+07 2.468467e+06 
7.179200e+03 2.928477e+07 1.617271e+06 
6.334500e+03 2.572387e+07 2.553587e+06 
9.077000e+03 3.760353e+07 1.074634e+06 
6.964550e+03 2.878587e+07 1.702391e+06 
6.387350e+03 2.581242e+07 2.468467e+06 
6.862500e+03 2.783693e+07 1.957750e+06 
6.363500e+03 2.592724e+07 2.383347e+06 
6.348000e+03 2.563724e+07 2.553587e+06 
6.934400e+03 2.805827e+07 1.872630e+06 
7.391200e+03 3.046002e+07 1.447032e+06 
7.459650e+03 3.070246e+07 1.361913e+06 
8.171000e+03 3.315363e+07 1.329992e+06 
9.280750e+03 3.620158e+07 1.106554e+06 
8.327400e+03 3.360720e+07 1.276793e+06 
6.550600e+03 2.680651e+07 2.213108e+06 
6.997200e+03 2.837419e+07 1.787511e+06 
6.585350e+03 2.672318e+07 2.127989e+06 
9.669550e+03 3.671784e+07 1.057574e+06 
6.856100e+03 2.778961e+07 2.042869e+06 
8.773650e+03 3.418307e+07 1.191674e+06 
9.557850e+03 4.005791e+07 9.895141e+05 
6.612000e+03 2.666410e+07 2.213108e+06 
7.096350e+03 2.953993e+07 1.617271e+06 
7.122550e+03 2.960360e+07 1.532152e+06 

