6.493200e+03 2.685370e+07 2.468467e+06 
7.623750e+03 3.149517e+07 1.361913e+06 
7.131100e+03 2.955395e+07 1.872630e+06 
6.585950e+03 2.692981e+07 2.298228e+06 
6.497400e+03 2.684193e+07 2.383347e+06 
7.137000e+03 2.999652e+07 1.744951e+06 
6.479250e+03 2.688307e+07 2.468467e+06 
7.192450e+03 3.002620e+07 1.702391e+06 
7.118150e+03 2.953982e+07 1.957750e+06 
7.567900e+03 3.149542e+07 1.447032e+06 
7.673250e+03 3.137855e+07 1.404473e+06 
6.701100e+03 2.755600e+07 2.127989e+06 
6.506950e+03 2.693112e+07 2.298228e+06 
6.646350e+03 2.764779e+07 2.042869e+06 
6.625300e+03 2.706252e+07 2.213108e+06 
7.560650e+03 3.144082e+07 1.574712e+06 
6.510450e+03 2.666569e+07 2.383347e+06 
6.653400e+03 2.756770e+07 2.127989e+06 
6.495600e+03 2.669069e+07 2.468467e+06 
6.481500e+03 2.674226e+07 2.553587e+06 
8.026650e+03 3.223520e+07 1.057574e+06 
7.630200e+03 3.131144e+07 1.447032e+06 
7.618900e+03 3.144601e+07 1.489592e+06 
7.997900e+03 3.225292e+07 1.329992e+06 
7.217800e+03 3.064821e+07 1.659831e+06 

7.971300e+03 3.274576e+07 1.106554e+06 
6.885100e+03 2.911357e+07 1.957750e+06 
7.184450e+03 2.999608e+07 1.532152e+06 
7.322950e+03 3.058038e+07 1.361913e+06 
7.395800e+03 3.052162e+07 1.361913e+06 
6.256150e+03 2.557481e+07 2.468467e+06 
7.632300e+03 3.175300e+07 1.106554e+06 
7.401000e+03 3.068797e+07 1.208656e+06 
7.273650e+03 3.066214e+07 1.361913e+06 
6.298750e+03 2.567525e+07 2.383347e+06 
6.835750e+03 2.916601e+07 2.127989e+06 
7.608150e+03 3.171870e+07 1.133115e+06 
6.828250e+03 2.903566e+07 2.213108e+06 
7.112800e+03 3.007155e+07 1.617271e+06 
7.594000e+03 3.145116e+07 1.191674e+06 
7.369200e+03 3.056737e+07 1.276793e+06 
7.712400e+03 3.189905e+07 1.057574e+06 
7.082850e+03 2.982762e+07 1.702391e+06 
6.815650e+03 2.903608e+07 2.298228e+06 
7.145100e+03 3.029843e+07 1.787511e+06 
7.263550e+03 3.053768e+07 1.447032e+06 
7.309350e+03 3.047288e+07 1.447032e+06 
6.859050e+03 2.905529e+07 2.127989e+06 
6.815850e+03 2.909964e+07 2.298228e+06 
7.965050e+03 3.267816e+07 1.037375e+06 

8.192400e+03 3.253256e+07 1.106554e+06 
7.154500e+03 3.024630e+07 1.447032e+06 
6.998950e+03 2.922108e+07 1.787511e+06 
8.342000e+03 3.300015e+07 1.021435e+06 
8.184400e+03 3.286061e+07 1.028432e+06 
7.124150e+03 3.013055e+07 1.532152e+06 
6.656150e+03 2.751628e+07 2.127989e+06 
6.572050e+03 2.726898e+07 2.383347e+06 
7.808350e+03 3.156681e+07 1.284197e+06 
6.993850e+03 2.954126e+07 1.957750e+06 
6.563800e+03 2.729620e+07 2.468467e+06 
7.119700e+03 3.017152e+07 1.532152e+06 
6.558650e+03 2.741972e+07 2.468467e+06 
6.584600e+03 2.718586e+07 2.213108e+06 
6.988700e+03 2.961072e+07 1.872630e+06 
6.994700e+03 2.943044e+07 1.872630e+06 
7.741350e+03 3.159328e+07 1.361913e+06 
8.212950e+03 3.274257e+07 1.106554e+06 
7.862100e+03 3.161133e+07 1.191674e+06 
6.588950e+03 2.716357e+07 2.383347e+06 
7.023850e+03 2.953412e+07 1.702391e+06 
6.600400e+03 2.715207e+07 2.468467e+06 
7.729400e+03 3.191326e+07 1.361913e+06 
6.569600e+03 2.722544e+07 2.468467e+06 
7.081750e+03 3.008018e+07 1.617271e+06 

7.706400e+03 3.229792e+07 1.361913e+06 
6.653750e+03 2.751891e+07 2.383347e+06 
6.640350e+03 2.768603e+07 2.298228e+06 
7.746750e+03 3.242206e+07 1.361913e+06 
6.797450e+03 2.818978e+07 1.787511e+06 
7.766450e+03 3.262212e+07 1.276793e+06 
7.748250e+03 3.269827e+07 1.276793e+06 
6.641050e+03 2.763579e+07 2.298228e+06 
6.726350e+03 2.781098e+07 2.213108e+06 
7.212650e+03 3.041048e+07 1.447032e+06 
6.722000e+03 2.792710e+07 2.042869e+06 
6.737500e+03 2.779073e+07 2.127989e+06 
7.193200e+03 3.044406e+07 1.617271e+06 
6.648450e+03 2.761778e+07 2.298228e+06 
6.719800e+03 2.802365e+07 2.042869e+06 
6.831550e+03 2.845950e+07 1.702391e+06 
7.198300e+03 3.041988e+07 1.617271e+06 
7.716650e+03 3.214847e+07 1.361913e+06 
6.756600e+03 2.808970e+07 1.872630e+06 
6.745850e+03 2.796409e+07 1.957750e+06 
6.667850e+03 2.749629e+07 2.298228e+06 
6.653850e+03 2.788792e+07 2.213108e+06 
8.045450e+03 3.361905e+07 1.021435e+06 
6.739700e+03 2.790718e+07 2.042869e+06 
6.727300e+03 2.791603e+07 2.042869e+06 

6.782700e+03 2.872188e+07 1.702391e+06 
6.375250e+03 2.648124e+07 2.298228e+06 
8.318450e+03 3.417321e+07 9.820330e+05 
8.107200e+03 3.333184e+07 1.021435e+06 
6.310150e+03 2.604124e+07 2.468467e+06 
6.381150e+03 2.644865e+07 2.213108e+06 
6.414050e+03 2.639286e+07 2.298228e+06 
6.447900e+03 2.668867e+07 2.127989e+06 
7.554050e+03 3.119820e+07 1.617271e+06 
6.322500e+03 2.612405e+07 2.383347e+06 
6.299650e+03 2.604247e+07 2.468467e+06 
6.488300e+03 2.699373e+07 2.042869e+06 
6.772800e+03 2.839114e+07 1.872630e+06 
6.367200e+03 2.598032e+07 2.553587e+06 
7.602600e+03 3.096319e+07 1.447032e+06 
7.774000e+03 3.179848e+07 1.284197e+06 
6.393650e+03 2.627905e+07 2.468467e+06 
7.961200e+03 3.264758e+07 1.106554e+06 
6.837250e+03 2.857960e+07 1.787511e+06 
6.491850e+03 2.694806e+07 2.042869e+06 
8.379350e+03 3.438925e+07 1.074634e+06 
6.909650e+03 2.879387e+07 2.000309e+06 
7.597550e+03 3.117084e+07 1.617271e+06 
7.683750e+03 3.139966e+07 1.361913e+06 
8.068600e+03 3.255613e+07 1.106554e+06 

7.949050e+03 3.342849e+07 1.106554e+06 
7.962050e+03 3.357208e+07 1.021435e+06 
7.218400e+03 3.061325e+07 1.435279e+06 
7.809500e+03 3.281171e+07 1.191674e+06 
7.957600e+03 3.337425e+07 1.133115e+06 
7.147250e+03 3.045488e+07 1.574712e+06 
6.640750e+03 2.729555e+07 2.383347e+06 
6.631800e+03 2.740353e+07 2.468467e+06 
7.176000e+03 3.056575e+07 1.489592e+06 
8.056950e+03 3.347964e+07 1.191674e+06 
6.654350e+03 2.734802e+07 2.255668e+06 
6.641050e+03 2.733237e+07 2.298228e+06 
7.612450e+03 3.190725e+07 1.276793e+06 
7.063800e+03 2.999321e+07 1.659831e+06 
6.999500e+03 2.970474e+07 1.702391e+06 
7.177350e+03 3.039191e+07 1.532152e+06 
7.091450e+03 3.024876e+07 1.617271e+06 
6.745050e+03 2.794828e+07 1.957750e+06 
7.907450e+03 3.345083e+07 1.159753e+06 
8.020650e+03 3.334499e+07 1.133115e+06 
6.682300e+03 2.742001e+07 2.213108e+06 
7.935450e+03 3.350713e+07 1.106554e+06 
6.652000e+03 2.726474e+07 2.298228e+06 
7.059400e+03 3.019524e+07 1.659831e+06 
6.663200e+03 2.756632e+07 2.127989e+06 

7.768350e+03 3.226397e+07 1.284197e+06 
7.907350e+03 3.285399e+07 1.133115e+06 
6.737000e+03 2.785447e+07 2.042869e+06 
6.758700e+03 2.747312e+07 2.085429e+06 
6.767900e+03 2.743534e+07 2.000309e+06 
7.746250e+03 3.234990e+07 1.208656e+06 
7.288950e+03 3.002295e+07 1.532152e+06 
7.774750e+03 3.258915e+07 1.208656e+06 
7.850650e+03 3.218780e+07 1.276793e+06 
7.843950e+03 3.223582e+07 1.276793e+06 
7.717950e+03 3.295935e+07 1.276793e+06 
7.175150e+03 3.018679e+07 1.532152e+06 
6.854650e+03 2.836690e+07 1.744951e+06 
6.764800e+03 2.760602e+07 2.000309e+06 
6.454450e+03 2.618199e+07 2.213108e+06 
7.271300e+03 3.047288e+07 1.447032e+06 
6.927450e+03 2.862361e+07 1.659831e+06 
6.858200e+03 2.782831e+07 1.872630e+06 
7.038000e+03 2.944572e+07 1.617271e+06 
6.842750e+03 2.814093e+07 1.872630e+06 
6.424550e+03 2.620516e+07 2.213108e+06 
6.823750e+03 2.838366e+07 1.872630e+06 
7.240500e+03 3.003001e+07 1.532152e+06 
6.849900e+03 2.828148e+07 1.830070e+06 
7.804750e+03 3.199424e+07 1.361913e+06 

7.621050e+03 3.130272e+07 1.361913e+06 
6.719250e+03 2.754822e+07 2.127989e+06 
6.613250e+03 2.723130e+07 2.298228e+06 
7.855500e+03 3.244178e+07 1.244873e+06 
6.569300e+03 2.713241e+07 2.383347e+06 
7.840650e+03 3.266075e+07 1.208656e+06 
6.604550e+03 2.770560e+07 2.298228e+06 
6.546550e+03 2.723485e+07 2.468467e+06 
7.350450e+03 3.003674e+07 1.617271e+06 
7.836300e+03 3.300771e+07 1.244873e+06 
7.432000e+03 3.022358e+07 1.532152e+06 
6.651700e+03 2.752276e+07 2.213108e+06 
7.948800e+03 3.296168e+07 1.159753e+06 
7.333000e+03 3.002925e+07 1.702391e+06 
7.325700e+03 2.996361e+07 1.872630e+06 
7.895800e+03 3.265728e+07 1.191674e+06 
7.305750e+03 2.992155e+07 2.042869e+06 
8.378800e+03 3.373066e+07 1.133115e+06 
6.550050e+03 2.718973e+07 2.468467e+06 
7.728150e+03 3.212654e+07 1.276793e+06 
7.829650e+03 3.254140e+07 1.553430e+06 
7.284050e+03 3.022968e+07 1.617271e+06 
6.673400e+03 2.795710e+07 2.127989e+06 
7.537900e+03 3.085071e+07 1.447032e+06 
8.069500e+03 3.305684e+07 9.837181e+05 

7.872250e+03 3.352992e+07 1.191674e+06 
7.903550e+03 3.352050e+07 1.191674e+06 
7.625650e+03 3.201258e+07 1.361913e+06 
6.940200e+03 2.907556e+07 2.042869e+06 
7.427800e+03 3.139820e+07 1.447032e+06 
7.395200e+03 3.110303e+07 1.617271e+06 
7.051750e+03 2.947367e+07 1.957750e+06 
7.484050e+03 3.127511e+07 1.447032e+06 
7.072450e+03 2.945087e+07 1.957750e+06 
7.389800e+03 3.127561e+07 1.532152e+06 
7.640550e+03 3.210758e+07 1.276793e+06 
7.075050e+03 2.941135e+07 1.957750e+06 
6.929600e+03 2.917909e+07 2.213108e+06 
7.407350e+03 3.151059e+07 1.447032e+06 
6.936500e+03 2.916726e+07 2.042869e+06 
7.937050e+03 3.423825e+07 1.057574e+06 
6.375300e+03 2.629704e+07 2.298228e+06 
7.440400e+03 3.115977e+07 1.500231e+06 
7.249550e+03 3.043679e+07 1.787511e+06 
6.936600e+03 2.901206e+07 2.213108e+06 
7.268000e+03 3.080074e+07 1.702391e+06 
6.950250e+03 2.896985e+07 2.213108e+06 
7.869300e+03 3.391308e+07 1.133115e+06 
6.940800e+03 2.904457e+07 2.127989e+06 
7.357850e+03 3.134038e+07 1.532152e+06 

