6.848100e+03 2.832443e+07 1.510820e+06 
6.607600e+03 2.725305e+07 1.872630e+06 
6.218600e+03 2.523348e+07 2.213108e+06 
6.587850e+03 2.704250e+07 1.957750e+06 
7.270100e+03 2.956591e+07 1.284197e+06 
6.343100e+03 2.563302e+07 2.127989e+06 
6.220550e+03 2.523057e+07 2.213108e+06 
7.349150e+03 2.980906e+07 1.244873e+06 
8.100900e+03 3.285441e+07 1.106554e+06 
1.069335e+04 4.004391e+07 8.525681e+05 
6.380750e+03 2.599952e+07 2.042869e+06 
6.333950e+03 2.591734e+07 2.042869e+06 
6.979550e+03 2.929564e+07 1.435279e+06 
6.287150e+03 2.550075e+07 2.127989e+06 
8.199350e+03 3.327199e+07 1.074634e+06 
6.699200e+03 2.745356e+07 1.872630e+06 
6.146700e+03 2.502723e+07 2.553587e+06 
6.834500e+03 2.823172e+07 1.532152e+06 
7.816250e+03 3.143813e+07 1.191674e+06 
8.254000e+03 3.328473e+07 1.057574e+06 
6.869700e+03 2.806374e+07 1.586361e+06 
7.247650e+03 2.961845e+07 1.359738e+06 
6.733050e+03 2.778611e+07 1.702391e+06 
7.201300e+03 2.934051e+07 1.361913e+06 
8.579000e+03 3.486660e+07 9.703035e+05 
8.347550e+03 3.403599e+07 9.926605e+05 
6.782400e+03 2.789561e+07 1.586361e+06 
6.613700e+03 2.724837e+07 1.872630e+06 
6.161550e+03 2.499131e+07 2.553587e+06 
8.220450e+03 3.323969e+07 1.057574e+06 
6.841650e+03 2.855495e+07 1.510820e+06 
6.207800e+03 2.504911e+07 2.298228e+06 
6.302500e+03 2.534325e+07 2.127989e+06 
8.189400e+03 3.333301e+07 1.057574e+06 
6.160850e+03 2.509468e+07 2.468467e+06 
6.617150e+03 2.694528e+07 1.957750e+06 
6.565850e+03 2.721125e+07 1.957750e+06 
8.903900e+03 3.544978e+07 9.117708e+05 
6.581300e+03 2.713410e+07 1.957750e+06 
6.186200e+03 2.527327e+07 2.383347e+06 
6.713200e+03 2.784011e+07 1.702391e+06 
6.187050e+03 2.516574e+07 2.298228e+06 
8.805650e+03 3.524917e+07 9.211174e+05 
6.779050e+03 2.784229e+07 1.617271e+06 
6.673850e+03 2.747586e+07 1.787511e+06 
1.025850e+04 3.954689e+07 8.853436e+05 
8.751550e+03 3.517171e+07 9.211174e+05 
7.726450e+03 3.122258e+07 1.191674e+06 
6.630150e+03 2.723443e+07 1.872630e+06 
6.366300e+03 2.537460e+07 2.127989e+06 
9.027600e+03 3.608682e+07 9.064920e+05 
6.819400e+03 2.765222e+07 1.702391e+06 
6.758000e+03 2.730217e+07 1.787511e+06 
6.846600e+03 2.852664e+07 1.510820e+06 
8.459600e+03 3.391403e+07 9.895141e+05 
1.042545e+04 3.982842e+07 8.525681e+05 
8.190900e+03 3.286820e+07 1.106554e+06 
6.811900e+03 2.861493e+07 1.532152e+06 
6.749900e+03 2.727920e+07 1.787511e+06 
7.393200e+03 3.004186e+07 1.208656e+06 
7.187550e+03 2.958493e+07 1.361913e+06 
6.835100e+03 2.752617e+07 1.702391e+06 
8.582150e+03 3.451210e+07 9.363151e+05 
7.248750e+03 2.931538e+07 1.361913e+06 
6.833900e+03 2.841515e+07 1.532152e+06 
6.868950e+03 2.841783e+07 1.510820e+06 
6.889050e+03 2.762019e+07 1.702391e+06 
6.777000e+03 2.780275e+07 1.617271e+06 
6.208800e+03 2.505329e+07 2.298228e+06 
6.967450e+03 2.918024e+07 1.447032e+06 
6.151450e+03 2.496824e+07 2.553587e+06 
6.140950e+03 2.499856e+07 2.553587e+06 
8.205000e+03 3.316583e+07 1.074634e+06 
8.444700e+03 3.389345e+07 9.895141e+05 
7.257200e+03 2.942690e+07 1.284197e+06 
6.204250e+03 2.526026e+07 2.213108e+06 
6.889400e+03 2.825822e+07 1.532152e+06 
6.606250e+03 2.691976e+07 1.957750e+06 
7.194850e+03 2.941643e+07 1.361913e+06 
8.320150e+03 3.377005e+07 1.021435e+06 
6.691600e+03 2.721783e+07 1.872630e+06 
6.197750e+03 2.507654e+07 2.298228e+06 
6.587050e+03 2.707476e+07 1.957750e+06 
7.319900e+03 2.982593e+07 1.208656e+06 
6.723150e+03 2.720557e+07 1.872630e+06 
6.731400e+03 2.728136e+07 1.787511e+06 
9.151700e+03 3.645715e+07 9.117708e+05 
6.204100e+03 2.533170e+07 2.213108e+06 
8.069300e+03 3.257556e+07 1.133115e+06 
8.483050e+03 3.394964e+07 9.820330e+05 
6.822750e+03 2.843166e+07 1.532152e+06 
6.752200e+03 2.791741e+07 1.617271e+06 
6.660350e+03 2.788581e+07 1.787511e+06 
6.841600e+03 2.861110e+07 1.510820e+06 
6.951250e+03 2.912398e+07 1.447032e+06 
6.852700e+03 2.820418e+07 1.532152e+06 
6.740450e+03 2.720836e+07 1.872630e+06 
7.219100e+03 2.930367e+07 1.361913e+06 
8.556400e+03 3.393712e+07 9.820330e+05 
6.235600e+03 2.526697e+07 2.213108e+06 

7.029750e+03 2.873234e+07 1.510820e+06 
7.417850e+03 3.088827e+07 1.329992e+06 
7.374100e+03 3.048808e+07 1.361913e+06 
6.387650e+03 2.570362e+07 2.127989e+06 
6.852850e+03 2.773693e+07 1.532152e+06 
6.768850e+03 2.760610e+07 1.617271e+06 
7.741000e+03 3.176259e+07 1.133115e+06 
6.260050e+03 2.515328e+07 2.383347e+06 
7.778450e+03 3.256227e+07 1.074634e+06 
7.693550e+03 3.158792e+07 1.191674e+06 
8.171650e+03 3.401005e+07 9.820330e+05 
6.424450e+03 2.565517e+07 2.213108e+06 
7.582900e+03 3.163692e+07 1.244873e+06 
8.292500e+03 3.329384e+07 9.820330e+05 
7.704650e+03 3.172888e+07 1.159753e+06 
8.887050e+03 3.570726e+07 8.589143e+05 
7.803800e+03 3.244370e+07 1.106554e+06 
6.181650e+03 2.490162e+07 2.553587e+06 
8.218750e+03 3.365971e+07 9.820330e+05 
9.091950e+03 3.598822e+07 8.585176e+05 
7.466200e+03 3.085734e+07 1.284197e+06 
7.708050e+03 3.157882e+07 1.159753e+06 
6.194950e+03 2.488955e+07 2.468467e+06 
8.373950e+03 3.420594e+07 9.121750e+05 
6.741450e+03 2.752500e+07 1.702391e+06 
8.929450e+03 3.656855e+07 8.412954e+05 
8.430400e+03 3.450580e+07 8.764034e+05 
6.573400e+03 2.630234e+07 1.872630e+06 
6.770850e+03 2.754621e+07 1.702391e+06 
6.421000e+03 2.594692e+07 2.042869e+06 
6.174600e+03 2.495456e+07 2.553587e+06 
6.757250e+03 2.748881e+07 1.702391e+06 
6.180200e+03 2.493978e+07 2.553587e+06 
8.271900e+03 3.318591e+07 1.057574e+06 
7.728450e+03 3.147748e+07 1.208656e+06 
6.788250e+03 2.759162e+07 1.617271e+06 
6.811600e+03 2.770492e+07 1.532152e+06 
7.202350e+03 2.957896e+07 1.447032e+06 
6.427700e+03 2.594828e+07 2.042869e+06 
7.708250e+03 3.219280e+07 1.127833e+06 
6.179750e+03 2.494495e+07 2.553587e+06 
6.841200e+03 2.760640e+07 1.617271e+06 
7.428850e+03 3.092981e+07 1.284197e+06 
6.604650e+03 2.636025e+07 1.872630e+06 
7.688300e+03 3.169407e+07 1.191674e+06 
7.302400e+03 3.034748e+07 1.415112e+06 
6.384650e+03 2.568259e+07 2.127989e+06 
6.314600e+03 2.556339e+07 2.298228e+06 
7.833700e+03 3.279839e+07 1.057574e+06 
7.474350e+03 3.101720e+07 1.276793e+06 
8.548950e+03 3.489748e+07 8.764034e+05 
6.795550e+03 2.774131e+07 1.586361e+06 
6.687100e+03 2.678369e+07 1.787511e+06 
7.664300e+03 3.183463e+07 1.133115e+06 
6.173400e+03 2.500468e+07 2.468467e+06 
6.389700e+03 2.567495e+07 2.127989e+06 
6.763250e+03 2.776656e+07 1.617271e+06 
8.144500e+03 3.273329e+07 1.074634e+06 
6.817600e+03 2.769076e+07 1.532152e+06 
6.516600e+03 2.608292e+07 1.957750e+06 
9.121700e+03 3.681550e+07 8.412954e+05 
8.228750e+03 3.329985e+07 9.064920e+05 
7.092350e+03 2.891123e+07 1.510820e+06 
6.769450e+03 2.741500e+07 1.702391e+06 
6.528100e+03 2.608670e+07 1.957750e+06 
8.265900e+03 3.337448e+07 9.820330e+05 
8.299150e+03 3.349014e+07 9.363151e+05 
7.427350e+03 3.101445e+07 1.284197e+06 
6.473550e+03 2.592166e+07 2.042869e+06 
7.647450e+03 3.128822e+07 1.244873e+06 
9.109700e+03 3.738492e+07 8.227461e+05 
7.383650e+03 3.058851e+07 1.359738e+06 
7.479950e+03 3.100832e+07 1.276793e+06 
6.645350e+03 2.674381e+07 1.787511e+06 
8.858800e+03 3.676167e+07 8.406318e+05 
6.758100e+03 2.742575e+07 1.702391e+06 
7.434200e+03 3.075301e+07 1.284197e+06 
7.626900e+03 3.188443e+07 1.208656e+06 
8.744550e+03 3.552826e+07 8.589143e+05 
7.752450e+03 3.173354e+07 1.133115e+06 
7.683450e+03 3.139425e+07 1.208656e+06 
8.767950e+03 3.635030e+07 8.511955e+05 
6.808650e+03 2.771175e+07 1.532152e+06 
7.728050e+03 3.174405e+07 1.133115e+06 
6.427500e+03 2.566109e+07 2.213108e+06 
6.420950e+03 2.596120e+07 2.042869e+06 
6.180850e+03 2.501002e+07 2.553587e+06 
6.188850e+03 2.487663e+07 2.468467e+06 
6.457700e+03 2.592745e+07 2.042869e+06 
6.323750e+03 2.550198e+07 2.298228e+06 
6.352550e+03 2.552442e+07 2.298228e+06 
7.665250e+03 3.161509e+07 1.208656e+06 
7.142700e+03 2.942918e+07 1.447032e+06 
7.320800e+03 3.025987e+07 1.361913e+06 
7.615500e+03 3.139714e+07 1.244873e+06 
7.845300e+03 3.273754e+07 1.057574e+06 
8.675100e+03 3.616195e+07 8.585176e+05 
6.252400e+03 2.512375e+07 2.383347e+06 
8.215000e+03 3.355175e+07 1.021435e+06 
9.170200e+03 3.761374e+07 8.227461e+05 

8.321600e+03 3.332502e+07 1.021435e+06 
7.446700e+03 2.994804e+07 1.361913e+06 
8.683400e+03 3.492361e+07 9.363151e+05 
6.320750e+03 2.564388e+07 2.213108e+06 
7.381700e+03 2.992211e+07 1.435279e+06 
8.358450e+03 3.314637e+07 1.057574e+06 
6.191550e+03 2.526958e+07 2.553587e+06 
7.485300e+03 3.060856e+07 1.329992e+06 
6.224300e+03 2.549187e+07 2.298228e+06 
6.831150e+03 2.834869e+07 1.702391e+06 
6.304350e+03 2.572164e+07 2.213108e+06 
7.654200e+03 3.076255e+07 1.276793e+06 
6.987350e+03 2.873249e+07 1.510820e+06 
7.005000e+03 2.889614e+07 1.532152e+06 
6.845650e+03 2.845233e+07 1.617271e+06 
6.465000e+03 2.646068e+07 2.127989e+06 
6.813000e+03 2.819334e+07 1.787511e+06 
7.113350e+03 2.905052e+07 1.500231e+06 
6.259800e+03 2.566234e+07 2.213108e+06 
6.564500e+03 2.699427e+07 2.042869e+06 
6.863050e+03 2.864596e+07 1.617271e+06 
8.323150e+03 3.327631e+07 1.063994e+06 
6.671500e+03 2.761109e+07 1.872630e+06 
7.145950e+03 2.946446e+07 1.447032e+06 
7.436200e+03 2.993179e+07 1.361913e+06 
8.623450e+03 3.495959e+07 9.820330e+05 
6.662400e+03 2.764725e+07 1.872630e+06 
6.901000e+03 2.831754e+07 1.617271e+06 
7.476800e+03 3.081732e+07 1.284197e+06 
6.673900e+03 2.740166e+07 1.957750e+06 
7.170800e+03 2.931846e+07 1.447032e+06 
8.251900e+03 3.319330e+07 1.063994e+06 
7.130350e+03 2.917579e+07 1.500231e+06 
7.660800e+03 3.085769e+07 1.276793e+06 
6.933900e+03 2.863363e+07 1.617271e+06 
6.184050e+03 2.510247e+07 2.468467e+06 
7.530900e+03 3.116550e+07 1.276793e+06 
9.064250e+03 3.583665e+07 9.064920e+05 
8.915800e+03 3.530996e+07 9.121750e+05 
8.919300e+03 3.503849e+07 9.363151e+05 
8.116200e+03 3.264905e+07 1.106554e+06 
6.452800e+03 2.650316e+07 2.127989e+06 
7.508400e+03 3.061622e+07 1.359738e+06 
7.405950e+03 2.995784e+07 1.361913e+06 
7.061900e+03 2.885606e+07 1.585351e+06 
9.587000e+03 3.608845e+07 8.764034e+05 
6.239900e+03 2.544373e+07 2.298228e+06 
8.875100e+03 3.467358e+07 9.837181e+05 
6.835700e+03 2.853297e+07 1.702391e+06 
6.500400e+03 2.644072e+07 2.127989e+06 
8.393450e+03 3.333963e+07 1.057574e+06 
8.168250e+03 3.258934e+07 1.133115e+06 
6.612400e+03 2.698469e+07 2.042869e+06 
6.595700e+03 2.737560e+07 1.957750e+06 
7.120900e+03 2.952217e+07 1.447032e+06 
8.099300e+03 3.232821e+07 1.133115e+06 
8.874950e+03 3.464085e+07 9.837181e+05 
7.562900e+03 3.078162e+07 1.284197e+06 
8.140950e+03 3.256642e+07 1.106554e+06 
6.683300e+03 2.763714e+07 1.872630e+06 
8.131400e+03 3.243785e+07 1.149114e+06 
8.878950e+03 3.463894e+07 9.820330e+05 
9.308550e+03 3.607323e+07 9.064920e+05 
8.206900e+03 3.300433e+07 1.074634e+06 
7.697750e+03 3.074508e+07 1.319353e+06 
7.604800e+03 3.098611e+07 1.276793e+06 
6.201600e+03 2.525720e+07 2.383347e+06 
6.194850e+03 2.518968e+07 2.468467e+06 
7.671500e+03 3.099161e+07 1.191674e+06 
6.474800e+03 2.643060e+07 2.127989e+06 
7.667350e+03 3.165177e+07 1.244873e+06 
6.188700e+03 2.513310e+07 2.383347e+06 
6.952100e+03 2.814154e+07 1.787511e+06 
7.174150e+03 2.914341e+07 1.500231e+06 
8.007600e+03 3.267617e+07 1.149114e+06 
7.133250e+03 2.923738e+07 1.447032e+06 
6.199250e+03 2.515764e+07 2.468467e+06 
7.704900e+03 3.116972e+07 1.191674e+06 
6.659800e+03 2.755291e+07 1.957750e+06 
6.217250e+03 2.513610e+07 2.383347e+06 
8.865200e+03 3.498851e+07 9.121750e+05 
6.951050e+03 2.835137e+07 1.617271e+06 
6.305650e+03 2.558874e+07 2.213108e+06 
9.660100e+03 3.707029e+07 8.764034e+05 
6.546850e+03 2.685706e+07 2.042869e+06 
7.463700e+03 3.092327e+07 1.284197e+06 
7.540250e+03 3.071206e+07 1.284197e+06 
6.857450e+03 2.802750e+07 1.787511e+06 
7.162650e+03 2.915882e+07 1.447032e+06 
6.221850e+03 2.547561e+07 2.298228e+06 
8.113050e+03 3.258682e+07 1.106554e+06 
7.546350e+03 3.101334e+07 1.276793e+06 
6.273000e+03 2.595738e+07 2.213108e+06 
6.236950e+03 2.541460e+07 2.298228e+06 
8.433150e+03 3.346597e+07 1.021435e+06 
7.608500e+03 3.089114e+07 1.276793e+06 
7.105900e+03 2.922138e+07 1.510820e+06 
6.463850e+03 2.650890e+07 2.127989e+06 
8.799650e+03 3.463177e+07 9.895141e+05 
8.030700e+03 3.208930e+07 1.149114e+06 

8.033550e+03 3.308300e+07 1.021435e+06 
6.165250e+03 2.509709e+07 2.553587e+06 
6.271300e+03 2.557364e+07 2.213108e+06 
7.330350e+03 2.986803e+07 1.208656e+06 
7.895300e+03 3.255355e+07 1.074634e+06 
6.831700e+03 2.802937e+07 1.532152e+06 
7.864650e+03 3.446559e+07 9.895141e+05 
7.271050e+03 3.028672e+07 1.208656e+06 
6.223200e+03 2.523947e+07 2.383347e+06 
7.944350e+03 3.406951e+07 9.820330e+05 
8.693300e+03 3.496213e+07 9.345320e+05 
6.302900e+03 2.591521e+07 2.127989e+06 
7.363700e+03 3.005687e+07 1.191674e+06 
6.221450e+03 2.533603e+07 2.383347e+06 
7.854500e+03 3.409545e+07 9.895141e+05 
6.251650e+03 2.556933e+07 2.298228e+06 
6.371300e+03 2.599100e+07 2.042869e+06 
7.818950e+03 3.453188e+07 1.057574e+06 
6.906700e+03 2.797497e+07 1.532152e+06 
7.043250e+03 2.868153e+07 1.447032e+06 
8.667100e+03 3.504955e+07 9.064920e+05 
6.784200e+03 2.763317e+07 1.617271e+06 
6.162000e+03 2.506034e+07 2.553587e+06 
8.104200e+03 3.551634e+07 9.121750e+05 
7.911000e+03 3.258659e+07 1.057574e+06 
6.305700e+03 2.594427e+07 2.127989e+06 
7.088300e+03 2.892493e+07 1.447032e+06 
7.301900e+03 3.011715e+07 1.191674e+06 
8.719150e+03 3.520778e+07 8.764034e+05 
6.499350e+03 2.667383e+07 1.872630e+06 
6.590350e+03 2.744232e+07 1.787511e+06 
6.175950e+03 2.508047e+07 2.553587e+06 
7.135100e+03 2.893681e+07 1.361913e+06 
6.775800e+03 2.769589e+07 1.617271e+06 
7.453600e+03 3.017910e+07 1.133115e+06 
6.474900e+03 2.667149e+07 1.872630e+06 
8.062600e+03 3.497508e+07 9.363151e+05 
8.584350e+03 3.513868e+07 8.987604e+05 
6.228150e+03 2.543049e+07 2.468467e+06 
8.603500e+03 3.553908e+07 8.937553e+05 
7.881300e+03 3.427629e+07 9.820330e+05 
7.193550e+03 2.953130e+07 1.276793e+06 
6.812400e+03 2.778968e+07 1.617271e+06 
6.256000e+03 2.540200e+07 2.298228e+06 
8.561600e+03 3.467001e+07 9.363151e+05 
7.500500e+03 3.030457e+07 1.133115e+06 
7.864850e+03 3.401520e+07 1.042713e+06 
7.389900e+03 3.041210e+07 1.133115e+06 
7.215350e+03 3.003445e+07 1.244873e+06 
6.646650e+03 2.759235e+07 1.702391e+06 
6.252300e+03 2.539267e+07 2.298228e+06 
6.220250e+03 2.531763e+07 2.468467e+06 
7.393900e+03 3.053929e+07 1.133115e+06 
6.334750e+03 2.593227e+07 2.042869e+06 
6.425200e+03 2.615832e+07 1.957750e+06 
8.718250e+03 3.528827e+07 8.764034e+05 
7.923000e+03 3.411518e+07 9.895141e+05 
8.542350e+03 3.509666e+07 9.064920e+05 
6.339800e+03 2.607281e+07 2.042869e+06 
6.310000e+03 2.579408e+07 2.127989e+06 
6.215100e+03 2.536242e+07 2.468467e+06 
7.845650e+03 3.419540e+07 1.042713e+06 
7.932000e+03 3.269187e+07 1.074634e+06 
7.141700e+03 2.896272e+07 1.361913e+06 
7.845400e+03 3.372502e+07 1.057574e+06 
7.114300e+03 2.902508e+07 1.361913e+06 
6.817000e+03 2.794408e+07 1.532152e+06 
7.421100e+03 3.075125e+07 1.106554e+06 
7.442800e+03 3.036217e+07 1.133115e+06 
7.955800e+03 3.271441e+07 1.057574e+06 
7.916200e+03 3.403586e+07 1.042713e+06 
6.378800e+03 2.603979e+07 1.957750e+06 
6.252650e+03 2.537895e+07 2.298228e+06 
6.324600e+03 2.575973e+07 2.127989e+06 
7.169750e+03 2.943605e+07 1.276793e+06 
7.283450e+03 2.986076e+07 1.208656e+06 
6.243350e+03 2.528708e+07 2.383347e+06 
6.271200e+03 2.553683e+07 2.213108e+06 
8.656250e+03 3.502026e+07 9.064920e+05 
6.285750e+03 2.553624e+07 2.213108e+06 
7.137500e+03 2.881608e+07 1.447032e+06 
7.912950e+03 3.435522e+07 9.820330e+05 
6.615900e+03 2.747361e+07 1.787511e+06 
6.842000e+03 2.786223e+07 1.532152e+06 
8.186500e+03 3.569790e+07 9.121750e+05 
8.552200e+03 3.441152e+07 9.363151e+05 
7.254100e+03 2.992654e+07 1.208656e+06 
6.625850e+03 2.761316e+07 1.702391e+06 
7.293650e+03 2.990076e+07 1.191674e+06 
7.485600e+03 3.076457e+07 1.106554e+06 
6.653600e+03 2.766482e+07 1.702391e+06 
6.312900e+03 2.577926e+07 2.127989e+06 
7.796050e+03 3.386899e+07 1.074634e+06 
6.385000e+03 2.624384e+07 1.957750e+06 
7.975250e+03 3.295890e+07 1.021435e+06 
6.316600e+03 2.574282e+07 2.127989e+06 
8.758350e+03 3.538290e+07 8.764034e+05 
8.266800e+03 3.603755e+07 9.064920e+05 
7.786100e+03 3.396297e+07 1.074634e+06 
8.641400e+03 3.538212e+07 8.764034e+05 

7.526600e+03 3.134831e+07 1.106554e+06 
8.888400e+03 3.505497e+07 8.764034e+05 
6.973300e+03 2.879698e+07 1.435279e+06 
7.417350e+03 3.087407e+07 1.191674e+06 
6.877050e+03 2.801654e+07 1.702391e+06 
7.357750e+03 3.008843e+07 1.359738e+06 
6.180600e+03 2.489079e+07 2.298228e+06 
6.541850e+03 2.638608e+07 1.872630e+06 
7.512700e+03 3.116027e+07 1.133115e+06 
8.022750e+03 3.377689e+07 9.121750e+05 
6.152250e+03 2.480021e+07 2.383347e+06 
7.487700e+03 3.130772e+07 1.106554e+06 
6.108600e+03 2.477920e+07 2.553587e+06 
6.505650e+03 2.637122e+07 1.957750e+06 
6.275600e+03 2.572271e+07 2.127989e+06 
7.535000e+03 3.145069e+07 9.820330e+05 
6.199450e+03 2.506875e+07 2.213108e+06 
7.309450e+03 3.000733e+07 1.284197e+06 
6.695750e+03 2.726172e+07 1.787511e+06 
6.474350e+03 2.621490e+07 2.042869e+06 
6.503350e+03 2.640296e+07 1.957750e+06 
7.297600e+03 3.009723e+07 1.284197e+06 
6.478950e+03 2.618341e+07 2.042869e+06 
7.553500e+03 3.168139e+07 1.021435e+06 
7.524050e+03 3.140769e+07 1.106554e+06 
6.916450e+03 2.837483e+07 1.510820e+06 
6.142350e+03 2.497843e+07 2.468467e+06 
6.876800e+03 2.817274e+07 1.617271e+06 
6.978250e+03 2.878370e+07 1.435279e+06 
7.458950e+03 3.093438e+07 1.191674e+06 
6.142900e+03 2.487786e+07 2.383347e+06 
7.324400e+03 3.044243e+07 1.276793e+06 
6.130400e+03 2.484968e+07 2.553587e+06 
6.853500e+03 2.791342e+07 1.702391e+06 
6.147600e+03 2.475940e+07 2.383347e+06 
7.269600e+03 3.036859e+07 1.284197e+06 
6.120600e+03 2.486034e+07 2.553587e+06 
6.923550e+03 2.849496e+07 1.447032e+06 
6.500400e+03 2.654044e+07 1.957750e+06 
6.142850e+03 2.476892e+07 2.383347e+06 
6.861450e+03 2.812615e+07 1.702391e+06 
6.844650e+03 2.805189e+07 1.702391e+06 
6.277200e+03 2.565458e+07 2.127989e+06 
6.461950e+03 2.624461e+07 2.042869e+06 
6.114900e+03 2.492344e+07 2.553587e+06 
6.515200e+03 2.631056e+07 1.957750e+06 
6.850850e+03 2.826082e+07 1.617271e+06 
6.203850e+03 2.508226e+07 2.213108e+06 
6.172200e+03 2.496357e+07 2.383347e+06 
7.276050e+03 3.031521e+07 1.284197e+06 
6.983100e+03 2.883030e+07 1.361913e+06 
7.579500e+03 3.174477e+07 9.820330e+05 
7.312350e+03 3.032083e+07 1.276793e+06 
7.592800e+03 3.112372e+07 1.159753e+06 
6.863750e+03 2.832554e+07 1.617271e+06 
7.289850e+03 3.008531e+07 1.284197e+06 
6.195100e+03 2.498773e+07 2.298228e+06 
6.889500e+03 2.838832e+07 1.532152e+06 
7.893300e+03 3.399925e+07 9.479465e+05 
7.018150e+03 2.900302e+07 1.361913e+06 
6.536000e+03 2.644096e+07 1.872630e+06 
8.575650e+03 3.458064e+07 9.064920e+05 
7.080750e+03 2.880858e+07 1.435279e+06 
6.894850e+03 2.856627e+07 1.447032e+06 
8.693900e+03 3.479819e+07 9.064920e+05 
7.283700e+03 3.050382e+07 1.284197e+06 
7.293350e+03 3.039401e+07 1.208656e+06 
8.823900e+03 3.493184e+07 8.764034e+05 
6.982600e+03 2.858178e+07 1.447032e+06 
6.891900e+03 2.820411e+07 1.510820e+06 
7.515650e+03 3.107279e+07 1.133115e+06 
7.272550e+03 3.055216e+07 1.284197e+06 
7.376550e+03 3.050353e+07 1.208656e+06 
6.858900e+03 2.810101e+07 1.617271e+06 
7.977000e+03 3.336439e+07 9.479465e+05 
6.919800e+03 2.853216e+07 1.447032e+06 
6.837200e+03 2.828912e+07 1.702391e+06 
6.526300e+03 2.643687e+07 1.872630e+06 
6.180100e+03 2.493277e+07 2.298228e+06 
6.272800e+03 2.564197e+07 2.127989e+06 
6.520500e+03 2.646962e+07 1.872630e+06 
6.912450e+03 2.827518e+07 1.532152e+06 
8.023900e+03 3.381964e+07 9.363151e+05 
6.512800e+03 2.630681e+07 1.957750e+06 
7.337650e+03 3.035089e+07 1.276793e+06 
8.764250e+03 3.523071e+07 9.043945e+05 
6.685650e+03 2.725177e+07 1.787511e+06 
6.842550e+03 2.832358e+07 1.702391e+06 
6.842700e+03 2.806666e+07 1.702391e+06 
6.851900e+03 2.816412e+07 1.617271e+06 
6.942650e+03 2.882698e+07 1.447032e+06 
6.458950e+03 2.620108e+07 2.042869e+06 
7.872450e+03 3.369975e+07 9.363151e+05 
7.983050e+03 3.338580e+07 9.479465e+05 
6.500550e+03 2.643410e+07 1.957750e+06 
7.400050e+03 3.041921e+07 1.208656e+06 
6.864850e+03 2.820016e+07 1.532152e+06 
8.127200e+03 3.404157e+07 9.121750e+05 
7.329350e+03 3.063924e+07 1.208656e+06 
7.481450e+03 3.109891e+07 1.133115e+06 

8.535550e+03 3.347231e+07 9.602231e+05 
7.310300e+03 2.979218e+07 1.191674e+06 
6.334450e+03 2.602026e+07 2.127989e+06 
6.205500e+03 2.498962e+07 2.383347e+06 
7.179550e+03 3.007630e+07 1.057574e+06 
8.530100e+03 3.381621e+07 9.249854e+05 
6.196800e+03 2.501073e+07 2.383347e+06 
6.428500e+03 2.611979e+07 2.000309e+06 
6.374500e+03 2.597452e+07 2.042869e+06 
6.917200e+03 2.851990e+07 1.447032e+06 
6.797900e+03 2.781623e+07 1.532152e+06 
6.153200e+03 2.493989e+07 2.511027e+06 
6.205400e+03 2.520194e+07 2.298228e+06 
8.437900e+03 3.380991e+07 9.249854e+05 
6.160700e+03 2.501288e+07 2.468467e+06 
7.824850e+03 3.330904e+07 9.820330e+05 
6.172200e+03 2.492151e+07 2.468467e+06 
7.208250e+03 2.975798e+07 1.106554e+06 
6.806150e+03 2.787028e+07 1.586361e+06 
6.150700e+03 2.484329e+07 2.596146e+06 
6.459350e+03 2.641918e+07 1.872630e+06 
6.573600e+03 2.688998e+07 1.787511e+06 
6.900850e+03 2.870038e+07 1.447032e+06 
6.563550e+03 2.708797e+07 1.702391e+06 
6.208300e+03 2.519633e+07 2.298228e+06 
7.074900e+03 2.936706e+07 1.276793e+06 
7.732900e+03 3.348649e+07 9.820330e+05 
9.762750e+03 4.161902e+07 8.585176e+05 
7.607700e+03 3.235197e+07 1.048317e+06 
7.851950e+03 3.284635e+07 9.895141e+05 
7.993200e+03 3.292708e+07 9.820330e+05 
6.879650e+03 2.803166e+07 1.532152e+06 
7.207600e+03 2.955226e+07 1.276793e+06 
6.408950e+03 2.612508e+07 1.957750e+06 
6.157650e+03 2.488925e+07 2.553587e+06 
6.394750e+03 2.601494e+07 1.957750e+06 
6.909150e+03 2.860808e+07 1.447032e+06 
6.350600e+03 2.594154e+07 2.042869e+06 
6.558500e+03 2.691657e+07 1.787511e+06 
9.116700e+03 3.794968e+07 8.987604e+05 
6.219150e+03 2.509711e+07 2.298228e+06 
9.606450e+03 4.069719e+07 8.677226e+05 
6.130200e+03 2.484859e+07 2.596146e+06 
6.320900e+03 2.553232e+07 2.213108e+06 
6.781050e+03 2.791515e+07 1.617271e+06 
6.209600e+03 2.519031e+07 2.340788e+06 
7.174200e+03 2.932988e+07 1.284197e+06 
7.242700e+03 2.987678e+07 1.133115e+06 
6.795550e+03 2.790171e+07 1.617271e+06 
6.134000e+03 2.478515e+07 2.596146e+06 
6.374250e+03 2.586580e+07 2.042869e+06 
6.427700e+03 2.634264e+07 1.872630e+06 
6.564900e+03 2.706960e+07 1.702391e+06 
9.829050e+03 4.171794e+07 8.585176e+05 
6.819700e+03 2.836198e+07 1.532152e+06 
6.188000e+03 2.489809e+07 2.468467e+06 
6.347450e+03 2.572864e+07 2.127989e+06 
7.108450e+03 2.935351e+07 1.276793e+06 
8.265350e+03 3.335155e+07 9.602231e+05 
6.331950e+03 2.553626e+07 2.213108e+06 
6.375250e+03 2.618914e+07 1.957750e+06 
6.224700e+03 2.511799e+07 2.298228e+06 
6.210600e+03 2.518218e+07 2.298228e+06 
6.995500e+03 2.887985e+07 1.361913e+06 
8.506850e+03 3.365456e+07 9.249854e+05 
7.208950e+03 2.965967e+07 1.208656e+06 
7.197700e+03 3.002577e+07 1.191674e+06 
6.884750e+03 2.870766e+07 1.447032e+06 
8.405250e+03 3.355100e+07 9.363151e+05 
9.306550e+03 3.948855e+07 8.677226e+05 
6.926750e+03 2.869373e+07 1.435279e+06 
9.286200e+03 3.868536e+07 8.987604e+05 
6.362200e+03 2.592566e+07 2.042869e+06 
6.196750e+03 2.502208e+07 2.383347e+06 
7.892350e+03 3.250901e+07 9.820330e+05 
6.933600e+03 2.874094e+07 1.361913e+06 
7.702250e+03 3.263622e+07 9.895141e+05 
7.147400e+03 2.948035e+07 1.208656e+06 
7.566000e+03 3.223138e+07 1.021435e+06 
6.595800e+03 2.710102e+07 1.702391e+06 
6.388050e+03 2.576997e+07 2.127989e+06 
6.844800e+03 2.845591e+07 1.510820e+06 
6.201450e+03 2.498028e+07 2.383347e+06 
8.376500e+03 3.334693e+07 9.602231e+05 
6.217300e+03 2.511242e+07 2.298228e+06 
8.209800e+03 3.394257e+07 9.602231e+05 
7.093800e+03 2.941941e+07 1.284197e+06 
6.343800e+03 2.608304e+07 2.042869e+06 
6.566850e+03 2.688698e+07 1.787511e+06 
6.319400e+03 2.576013e+07 2.127989e+06 
6.927300e+03 2.859745e+07 1.447032e+06 
6.782400e+03 2.787051e+07 1.659831e+06 
6.558450e+03 2.704319e+07 1.787511e+06 
6.136150e+03 2.487990e+07 2.596146e+06 
7.268950e+03 3.016189e+07 1.106554e+06 
6.180600e+03 2.489705e+07 2.468467e+06 
6.411150e+03 2.586953e+07 2.042869e+06 
7.700700e+03 3.255221e+07 1.021435e+06 
6.421450e+03 2.597821e+07 1.957750e+06 
7.276450e+03 3.055907e+07 1.057574e+06 

7.524550e+03 3.101589e+07 1.284197e+06 
7.515750e+03 3.148297e+07 1.208656e+06 
7.854400e+03 3.279811e+07 1.149114e+06 
7.259650e+03 2.976646e+07 1.359738e+06 
8.161650e+03 3.486049e+07 1.057574e+06 
8.655250e+03 3.445969e+07 9.820330e+05 
8.613300e+03 3.515480e+07 9.064920e+05 
8.718600e+03 3.497292e+07 9.363151e+05 
6.603000e+03 2.721939e+07 1.532152e+06 
7.058650e+03 2.900783e+07 1.435279e+06 
6.399050e+03 2.636533e+07 1.787511e+06 
8.142600e+03 3.441414e+07 1.106554e+06 
6.191400e+03 2.532472e+07 2.553587e+06 
6.211200e+03 2.502322e+07 2.298228e+06 
7.431050e+03 3.116857e+07 1.276793e+06 
7.241350e+03 2.983469e+07 1.359738e+06 
6.472200e+03 2.691460e+07 1.586361e+06 
7.476950e+03 3.115855e+07 1.276793e+06 
6.500600e+03 2.610431e+07 1.872630e+06 
6.445500e+03 2.683329e+07 1.617271e+06 
6.405000e+03 2.628961e+07 1.872630e+06 
7.106950e+03 2.914692e+07 1.404473e+06 
6.931700e+03 2.883568e+07 1.447032e+06 
9.331300e+03 3.615875e+07 8.764034e+05 
9.234500e+03 3.827726e+07 8.511955e+05 
6.578050e+03 2.737200e+07 1.532152e+06 
7.518550e+03 3.115442e+07 1.276793e+06 
8.839050e+03 3.484031e+07 9.064920e+05 
7.489800e+03 3.167677e+07 1.208656e+06 
9.450700e+03 3.637983e+07 8.764034e+05 
6.318000e+03 2.576953e+07 2.042869e+06 
6.208700e+03 2.503706e+07 2.298228e+06 
7.452800e+03 3.193520e+07 1.208656e+06 
8.742950e+03 3.475454e+07 9.043945e+05 
6.938000e+03 2.876223e+07 1.447032e+06 
6.390050e+03 2.629930e+07 1.787511e+06 
9.562250e+03 3.943589e+07 8.305760e+05 
7.300750e+03 3.099151e+07 1.284197e+06 
6.556750e+03 2.738346e+07 1.510820e+06 
6.633950e+03 2.748694e+07 1.510820e+06 
8.464450e+03 3.338650e+07 1.106554e+06 
6.493050e+03 2.692842e+07 1.586361e+06 
6.346800e+03 2.563772e+07 1.957750e+06 
6.501300e+03 2.721184e+07 1.585351e+06 
7.592200e+03 3.217252e+07 1.191674e+06 
7.349400e+03 3.120533e+07 1.276793e+06 
9.653900e+03 4.022226e+07 7.853332e+05 
9.469750e+03 3.977803e+07 7.853332e+05 
6.335050e+03 2.569423e+07 1.957750e+06 
6.425350e+03 2.646208e+07 1.702391e+06 
6.208100e+03 2.506366e+07 2.383347e+06 
6.378900e+03 2.638772e+07 1.787511e+06 
6.464000e+03 2.682241e+07 1.617271e+06 
6.321550e+03 2.556785e+07 2.042869e+06 
6.366150e+03 2.643357e+07 1.787511e+06 
6.226100e+03 2.505947e+07 2.213108e+06 
8.122450e+03 3.464462e+07 1.106554e+06 
6.358850e+03 2.548868e+07 2.042869e+06 
7.462800e+03 3.181174e+07 1.208656e+06 
8.115500e+03 3.496902e+07 1.133115e+06 
8.585000e+03 3.421620e+07 1.063994e+06 
6.223850e+03 2.513408e+07 2.213108e+06 
6.363250e+03 2.649936e+07 1.872630e+06 
7.491250e+03 3.158868e+07 1.208656e+06 
6.226750e+03 2.500495e+07 2.213108e+06 
7.662150e+03 3.193747e+07 1.191674e+06 
6.270550e+03 2.537622e+07 2.127989e+06 
7.452450e+03 3.161669e+07 1.234234e+06 
7.283650e+03 2.977935e+07 1.361913e+06 
6.242650e+03 2.505558e+07 2.213108e+06 
6.196600e+03 2.527551e+07 2.468467e+06 
6.370800e+03 2.640294e+07 1.787511e+06 
9.547900e+03 3.993654e+07 7.869745e+05 
6.190100e+03 2.518808e+07 2.553587e+06 
6.355900e+03 2.556617e+07 1.957750e+06 
6.198750e+03 2.524453e+07 2.468467e+06 
8.564750e+03 3.444506e+07 9.788749e+05 
6.204050e+03 2.525355e+07 2.383347e+06 
6.556300e+03 2.752828e+07 1.532152e+06 
6.334950e+03 2.551453e+07 2.042869e+06 
6.388950e+03 2.567826e+07 1.957750e+06 
8.449900e+03 3.391058e+07 1.021435e+06 
7.773300e+03 3.262475e+07 1.149114e+06 
6.396750e+03 2.629727e+07 1.872630e+06 
7.152450e+03 2.925129e+07 1.404473e+06 
9.480950e+03 3.950375e+07 7.682874e+05 
9.612550e+03 3.923437e+07 8.305760e+05 
6.949350e+03 2.857172e+07 1.447032e+06 
6.206850e+03 2.513106e+07 2.383347e+06 
6.584550e+03 2.711937e+07 1.532152e+06 
6.390950e+03 2.655607e+07 1.702391e+06 
9.299150e+03 3.836999e+07 8.511955e+05 
9.308400e+03 3.916929e+07 8.309510e+05 
6.363350e+03 2.630678e+07 1.872630e+06 
7.595000e+03 3.153545e+07 1.208656e+06 
6.418050e+03 2.657018e+07 1.702391e+06 
6.345700e+03 2.552158e+07 2.042869e+06 
7.026900e+03 2.884798e+07 1.447032e+06 
9.420550e+03 3.970602e+07 8.305760e+05 
8.485050e+03 3.366519e+07 1.074634e+06 

6.846400e+03 2.864735e+07 1.586361e+06 
6.197650e+03 2.498912e+07 2.468467e+06 
7.550150e+03 3.036214e+07 1.276793e+06 
6.217900e+03 2.497530e+07 2.468467e+06 
6.424300e+03 2.637983e+07 2.127989e+06 
7.812700e+03 3.188019e+07 1.057574e+06 
6.541050e+03 2.668697e+07 2.042869e+06 
6.570950e+03 2.705786e+07 1.872630e+06 
7.724350e+03 3.140865e+07 1.106554e+06 
9.420400e+03 3.730102e+07 9.043945e+05 
7.612750e+03 3.051526e+07 1.208656e+06 
7.113200e+03 2.966823e+07 1.447032e+06 
7.466250e+03 3.099353e+07 1.276793e+06 
6.177950e+03 2.515546e+07 2.468467e+06 
7.909650e+03 3.292699e+07 1.021435e+06 
8.413000e+03 3.378110e+07 9.363151e+05 
7.480450e+03 3.037829e+07 1.276793e+06 
7.819650e+03 3.184138e+07 1.057574e+06 
6.189750e+03 2.499906e+07 2.468467e+06 
7.683250e+03 3.102738e+07 1.191674e+06 
6.181750e+03 2.511625e+07 2.468467e+06 
6.249450e+03 2.532483e+07 2.383347e+06 
6.386450e+03 2.607266e+07 2.213108e+06 
8.443200e+03 3.389681e+07 9.121750e+05 
6.427900e+03 2.608305e+07 2.213108e+06 
9.615950e+03 3.714695e+07 9.064920e+05 
7.840350e+03 3.268072e+07 1.021435e+06 
6.888400e+03 2.890009e+07 1.510820e+06 
6.192050e+03 2.499547e+07 2.468467e+06 
9.627450e+03 3.692037e+07 8.985583e+05 
6.152100e+03 2.495384e+07 2.553587e+06 
8.055100e+03 3.310984e+07 9.788749e+05 
6.192700e+03 2.499409e+07 2.468467e+06 
6.740950e+03 2.806873e+07 1.702391e+06 
7.565300e+03 3.022400e+07 1.361913e+06 
6.563500e+03 2.704067e+07 1.872630e+06 
6.487350e+03 2.691239e+07 1.957750e+06 
7.743700e+03 3.121839e+07 1.191674e+06 
6.302250e+03 2.539522e+07 2.298228e+06 
6.739050e+03 2.811084e+07 1.787511e+06 
8.361000e+03 3.388425e+07 9.363151e+05 
8.050050e+03 3.302496e+07 9.820330e+05 
7.761350e+03 3.124106e+07 1.149114e+06 
9.642600e+03 3.713686e+07 9.043945e+05 
6.878500e+03 2.882379e+07 1.532152e+06 
7.695200e+03 3.138076e+07 1.133115e+06 
6.161050e+03 2.490644e+07 2.553587e+06 
6.183000e+03 2.510782e+07 2.468467e+06 
7.195650e+03 3.030951e+07 1.361913e+06 
7.763350e+03 3.143974e+07 1.106554e+06 
6.481700e+03 2.672779e+07 2.042869e+06 
6.272050e+03 2.536240e+07 2.383347e+06 
7.131800e+03 2.994078e+07 1.447032e+06 
6.186650e+03 2.502441e+07 2.468467e+06 
6.183200e+03 2.503150e+07 2.468467e+06 
6.806050e+03 2.864185e+07 1.586361e+06 
6.531550e+03 2.688864e+07 1.957750e+06 
6.450900e+03 2.640001e+07 2.127989e+06 
6.292500e+03 2.543046e+07 2.298228e+06 
7.529150e+03 3.037129e+07 1.208656e+06 
7.769950e+03 3.138871e+07 1.133115e+06 
8.019300e+03 3.268152e+07 9.820330e+05 
6.552300e+03 2.687527e+07 1.957750e+06 
8.300750e+03 3.409614e+07 9.363151e+05 
6.528050e+03 2.670126e+07 2.042869e+06 
7.738250e+03 3.133297e+07 1.133115e+06 
6.764300e+03 2.822745e+07 1.617271e+06 
6.889800e+03 2.900268e+07 1.510820e+06 
6.200550e+03 2.496807e+07 2.468467e+06 
8.976800e+03 3.787318e+07 9.064920e+05 
7.154250e+03 3.010301e+07 1.435279e+06 
6.532450e+03 2.670963e+07 2.042869e+06 
6.784950e+03 2.833117e+07 1.617271e+06 
7.516200e+03 3.024801e+07 1.276793e+06 
6.244050e+03 2.542629e+07 2.383347e+06 
7.781000e+03 3.214516e+07 1.057574e+06 
6.444900e+03 2.635557e+07 2.127989e+06 
8.463650e+03 3.405508e+07 9.121750e+05 
7.504150e+03 3.014936e+07 1.435279e+06 
7.154950e+03 3.002571e+07 1.435279e+06 
9.711100e+03 3.782259e+07 8.985583e+05 
7.878550e+03 3.189775e+07 1.057574e+06 
6.158500e+03 2.492160e+07 2.553587e+06 
6.911350e+03 2.887432e+07 1.532152e+06 
7.492850e+03 3.028564e+07 1.361913e+06 
6.179050e+03 2.512310e+07 2.468467e+06 
6.491900e+03 2.672481e+07 2.042869e+06 
7.556400e+03 3.017693e+07 1.284197e+06 
7.680350e+03 3.145797e+07 1.133115e+06 
7.598300e+03 3.105537e+07 1.191674e+06 
6.158250e+03 2.489521e+07 2.553587e+06 
6.705050e+03 2.808208e+07 1.702391e+06 
6.533300e+03 2.686876e+07 1.957750e+06 
6.553300e+03 2.710704e+07 1.872630e+06 
6.175650e+03 2.515651e+07 2.468467e+06 
7.720400e+03 3.155713e+07 1.106554e+06 
7.501900e+03 3.029289e+07 1.276793e+06 
6.750000e+03 2.818184e+07 1.702391e+06 
7.995750e+03 3.278950e+07 9.820330e+05 
6.312750e+03 2.542027e+07 2.298228e+06 

6.239350e+03 2.549727e+07 2.298228e+06 
6.940100e+03 2.876638e+07 1.361913e+06 
6.561350e+03 2.719048e+07 1.532152e+06 
6.166200e+03 2.509902e+07 2.383347e+06 
6.126000e+03 2.495084e+07 2.468467e+06 
6.519900e+03 2.665161e+07 1.702391e+06 
8.712850e+03 3.584393e+07 9.637724e+05 
9.499300e+03 3.795087e+07 8.641580e+05 
8.918750e+03 3.736735e+07 8.941519e+05 
8.358550e+03 3.338699e+07 9.788749e+05 
6.294450e+03 2.590466e+07 2.127989e+06 
6.855850e+03 2.825426e+07 1.447032e+06 
7.596650e+03 3.137981e+07 1.057574e+06 
6.335450e+03 2.595192e+07 2.042869e+06 
6.384850e+03 2.629488e+07 1.957750e+06 
6.444900e+03 2.649941e+07 1.787511e+06 
8.160500e+03 3.313772e+07 9.658323e+05 
7.086900e+03 2.921108e+07 1.276793e+06 
8.824700e+03 3.686639e+07 9.064920e+05 
6.168350e+03 2.508667e+07 2.383347e+06 
6.297200e+03 2.577459e+07 2.213108e+06 
7.424150e+03 3.094046e+07 1.106554e+06 
7.510400e+03 3.131584e+07 1.057574e+06 
6.441100e+03 2.629956e+07 1.872630e+06 
6.468400e+03 2.641419e+07 1.787511e+06 
6.307100e+03 2.616729e+07 2.042869e+06 
6.521600e+03 2.678924e+07 1.532152e+06 
9.466300e+03 3.772312e+07 8.641580e+05 
6.297950e+03 2.607551e+07 2.042869e+06 
9.193100e+03 3.782882e+07 8.764034e+05 
6.135300e+03 2.484926e+07 2.468467e+06 
7.423600e+03 3.095327e+07 1.106554e+06 
6.295750e+03 2.603990e+07 2.127989e+06 
6.469650e+03 2.659380e+07 1.702391e+06 
8.240350e+03 3.320045e+07 1.001604e+06 
6.469350e+03 2.682709e+07 1.702391e+06 
7.152750e+03 2.938335e+07 1.208656e+06 
7.387750e+03 3.064954e+07 1.057574e+06 
9.446700e+03 3.809146e+07 8.641580e+05 
8.799900e+03 3.651005e+07 9.064920e+05 
7.512500e+03 3.125366e+07 1.074634e+06 
6.240750e+03 2.552451e+07 2.298228e+06 
6.140900e+03 2.487508e+07 2.468467e+06 
6.441350e+03 2.630321e+07 1.872630e+06 
7.261550e+03 2.983879e+07 1.133115e+06 
7.507550e+03 3.156422e+07 1.074634e+06 
6.315750e+03 2.576287e+07 2.213108e+06 
6.296800e+03 2.578528e+07 2.213108e+06 
7.070450e+03 2.935030e+07 1.359738e+06 
7.368250e+03 2.980451e+07 1.133115e+06 
8.701450e+03 3.606315e+07 9.637724e+05 
8.394450e+03 3.342326e+07 9.658323e+05 
6.318100e+03 2.592020e+07 2.127989e+06 
6.794650e+03 2.825302e+07 1.447032e+06 
6.316050e+03 2.568763e+07 2.213108e+06 
8.968750e+03 3.765071e+07 8.764034e+05 
6.173500e+03 2.512417e+07 2.383347e+06 
8.015600e+03 3.282392e+07 1.021435e+06 
6.316400e+03 2.573179e+07 2.213108e+06 
7.402300e+03 3.098603e+07 1.106554e+06 
6.150700e+03 2.493029e+07 2.553587e+06 
7.210150e+03 2.955783e+07 1.191674e+06 
8.632700e+03 3.585558e+07 9.363151e+05 
6.162100e+03 2.513990e+07 2.383347e+06 
6.123250e+03 2.493070e+07 2.553587e+06 
8.101450e+03 3.259756e+07 1.021435e+06 
6.481000e+03 2.668310e+07 1.702391e+06 
7.560300e+03 3.079846e+07 1.106554e+06 
8.227450e+03 3.327771e+07 9.881893e+05 
7.140400e+03 2.937846e+07 1.276793e+06 
8.833350e+03 3.651746e+07 9.117708e+05 
8.754450e+03 3.652185e+07 9.363151e+05 
6.534800e+03 2.680475e+07 1.617271e+06 
6.235600e+03 2.563073e+07 2.298228e+06 
6.492950e+03 2.656892e+07 1.702391e+06 
8.969800e+03 3.761259e+07 8.941519e+05 
6.310000e+03 2.589550e+07 2.127989e+06 
7.179700e+03 2.921821e+07 1.276793e+06 
6.365850e+03 2.630386e+07 1.957750e+06 
6.288600e+03 2.584309e+07 2.213108e+06 
8.085600e+03 3.229725e+07 1.021435e+06 
7.208350e+03 2.954181e+07 1.133115e+06 
8.061900e+03 3.314567e+07 1.021435e+06 
6.518700e+03 2.692639e+07 1.617271e+06 
7.499950e+03 3.047042e+07 1.106554e+06 
6.251000e+03 2.551141e+07 2.298228e+06 
6.436500e+03 2.630645e+07 1.787511e+06 
6.123100e+03 2.492167e+07 2.553587e+06 
7.174800e+03 2.940032e+07 1.208656e+06 
6.943800e+03 2.882307e+07 1.361913e+06 
6.395350e+03 2.630657e+07 1.957750e+06 
6.135000e+03 2.489211e+07 2.553587e+06 
6.319050e+03 2.603534e+07 2.042869e+06 
7.186600e+03 2.964727e+07 1.191674e+06 
6.299950e+03 2.574429e+07 2.213108e+06 
6.515900e+03 2.698264e+07 1.617271e+06 
6.317100e+03 2.596759e+07 2.042869e+06 
6.957450e+03 2.879993e+07 1.435279e+06 
6.608150e+03 2.709882e+07 1.532152e+06 
6.288250e+03 2.589402e+07 2.213108e+06 

6.631400e+03 2.717816e+07 1.617271e+06 
6.637450e+03 2.709085e+07 1.702391e+06 
6.442950e+03 2.637036e+07 2.213108e+06 
6.522000e+03 2.654120e+07 1.957750e+06 
6.586750e+03 2.673833e+07 1.872630e+06 
6.176300e+03 2.508671e+07 2.468467e+06 
8.103350e+03 3.296611e+07 1.021435e+06 
8.177550e+03 3.320167e+07 9.363151e+05 
6.887500e+03 2.819307e+07 1.361913e+06 
6.629800e+03 2.720419e+07 1.617271e+06 
7.543900e+03 3.148678e+07 1.106554e+06 
6.354650e+03 2.614293e+07 2.298228e+06 
8.269800e+03 3.393281e+07 9.064920e+05 
6.624250e+03 2.724023e+07 1.617271e+06 
8.066350e+03 3.381463e+07 9.820330e+05 
8.095000e+03 3.339940e+07 9.363151e+05 
8.186950e+03 3.368987e+07 9.081707e+05 
7.418750e+03 3.072268e+07 1.159753e+06 
7.292800e+03 3.028889e+07 1.208656e+06 
8.502100e+03 3.540636e+07 8.764034e+05 
8.130500e+03 3.247984e+07 1.021435e+06 
6.714800e+03 2.749031e+07 1.447032e+06 
6.349900e+03 2.614133e+07 2.298228e+06 
7.726300e+03 3.208082e+07 1.057574e+06 
6.605550e+03 2.724999e+07 1.617271e+06 
6.790100e+03 2.774849e+07 1.435279e+06 
6.610900e+03 2.723597e+07 1.702391e+06 
7.230900e+03 2.994189e+07 1.284197e+06 
7.400000e+03 3.079061e+07 1.133115e+06 
6.287150e+03 2.576603e+07 2.383347e+06 
6.145550e+03 2.495502e+07 2.553587e+06 
8.122500e+03 3.342888e+07 9.363151e+05 
6.490350e+03 2.643986e+07 2.042869e+06 
8.070900e+03 3.374274e+07 9.820330e+05 
6.684900e+03 2.750451e+07 1.447032e+06 
7.214000e+03 3.024409e+07 1.208656e+06 
6.515050e+03 2.678278e+07 1.957750e+06 
7.544400e+03 3.167611e+07 1.106554e+06 
6.645850e+03 2.725173e+07 1.532152e+06 
6.781550e+03 2.772982e+07 1.435279e+06 
6.420650e+03 2.641030e+07 2.213108e+06 
7.412550e+03 3.081258e+07 1.133115e+06 
8.186600e+03 3.254648e+07 1.021435e+06 
6.497550e+03 2.649197e+07 2.042869e+06 
6.707900e+03 2.744949e+07 1.447032e+06 
6.911950e+03 2.822179e+07 1.361913e+06 
6.631500e+03 2.723854e+07 1.532152e+06 
6.172000e+03 2.507552e+07 2.468467e+06 
6.617850e+03 2.707446e+07 1.702391e+06 
6.585650e+03 2.688742e+07 1.787511e+06 
8.204600e+03 3.380234e+07 9.081707e+05 
6.575650e+03 2.670965e+07 1.872630e+06 
8.214300e+03 3.297215e+07 9.820330e+05 
7.163000e+03 3.019004e+07 1.276793e+06 
7.257400e+03 3.040742e+07 1.191674e+06 
6.253000e+03 2.572074e+07 2.383347e+06 
7.163900e+03 3.016648e+07 1.284197e+06 
6.621900e+03 2.701699e+07 1.702391e+06 
6.545550e+03 2.656022e+07 1.957750e+06 
6.608600e+03 2.751472e+07 1.702391e+06 
8.155250e+03 3.295545e+07 9.820330e+05 
6.480100e+03 2.683203e+07 2.127989e+06 
8.042000e+03 3.301738e+07 1.021435e+06 
6.778200e+03 2.781525e+07 1.435279e+06 
8.437100e+03 3.469521e+07 8.764034e+05 
7.163300e+03 2.982858e+07 1.276793e+06 
6.518550e+03 2.687561e+07 1.957750e+06 
8.563550e+03 3.476663e+07 9.043945e+05 
6.614650e+03 2.716017e+07 1.702391e+06 
6.138200e+03 2.501943e+07 2.553587e+06 
6.871900e+03 2.832214e+07 1.361913e+06 
7.709900e+03 3.204547e+07 1.057574e+06 
8.405600e+03 3.509615e+07 8.764034e+05 
6.151800e+03 2.495589e+07 2.553587e+06 
7.209200e+03 3.034401e+07 1.208656e+06 
6.419250e+03 2.630994e+07 2.213108e+06 
6.264250e+03 2.582872e+07 2.383347e+06 
8.046850e+03 3.318143e+07 1.021435e+06 
6.138150e+03 2.495595e+07 2.553587e+06 
6.622050e+03 2.734551e+07 1.617271e+06 
7.180600e+03 2.994591e+07 1.276793e+06 
8.216900e+03 3.389438e+07 9.064920e+05 
8.340050e+03 3.385682e+07 9.064920e+05 
6.880850e+03 2.850940e+07 1.361913e+06 
7.751200e+03 3.199139e+07 1.057574e+06 
6.528150e+03 2.653339e+07 1.957750e+06 
6.540850e+03 2.688817e+07 1.787511e+06 
8.242050e+03 3.325850e+07 9.363151e+05 
8.026350e+03 3.363779e+07 1.021435e+06 
7.246900e+03 3.038068e+07 1.191674e+06 
7.222400e+03 3.023976e+07 1.208656e+06 
6.471550e+03 2.675706e+07 2.127989e+06 
7.756900e+03 3.204363e+07 1.057574e+06 
6.485300e+03 2.651080e+07 2.127989e+06 
7.230100e+03 3.024380e+07 1.244873e+06 
7.384900e+03 3.057418e+07 1.159753e+06 
6.167500e+03 2.511187e+07 2.468467e+06 
6.651200e+03 2.719911e+07 1.617271e+06 
6.133150e+03 2.523666e+07 2.553587e+06 
6.533500e+03 2.680850e+07 1.787511e+06 

