4.651628e+02 6.193889e+07 6.173107e+06 
3.290341e+02 6.657422e+07 6.944746e+06 
3.814133e+02 6.473643e+07 6.366017e+06 
4.675096e+02 6.573136e+07 4.436921e+06 
3.025424e+02 6.747199e+07 6.944746e+06 
4.555520e+02 6.385709e+07 5.401469e+06 
4.795020e+02 6.375851e+07 5.208559e+06 
3.743470e+02 6.521569e+07 6.269562e+06 
3.852310e+02 6.724422e+07 5.787288e+06 
4.069178e+02 6.357161e+07 6.462472e+06 
3.830966e+02 6.816685e+07 5.690833e+06 
3.442892e+02 6.616200e+07 6.366017e+06 
4.163236e+02 6.305199e+07 6.558926e+06 
3.103961e+02 6.695821e+07 6.944746e+06 
4.022758e+02 6.528451e+07 5.883743e+06 
3.710946e+02 6.819468e+07 5.787288e+06 
4.534139e+02 6.190763e+07 6.366017e+06 
4.759296e+02 6.578364e+07 4.340466e+06 
3.975879e+02 6.460302e+07 6.076652e+06 
4.360672e+02 6.818651e+07 4.726285e+06 
2.772959e+02 6.917946e+07 6.944746e+06 
4.698791e+02 6.203158e+07 6.076652e+06 
3.419458e+02 6.535363e+07 6.848291e+06 
4.508832e+02 6.722960e+07 4.629830e+06 
4.783479e+02 6.327277e+07 5.305014e+06 
4.445287e+02 6.229008e+07 6.366017e+06 
3.754696e+02 6.472189e+07 6.848291e+06 
4.161331e+02 6.349967e+07 6.462472e+06 
4.578602e+02 6.166237e+07 6.558926e+06 
3.522796e+02 6.825482e+07 6.076652e+06 
4.486922e+02 6.421434e+07 5.497924e+06 
4.862277e+02 6.553026e+07 4.340466e+06 
4.096046e+02 6.379340e+07 6.076652e+06 
4.267429e+02 6.276909e+07 6.558926e+06 
3.226046e+02 6.684988e+07 6.944746e+06 
4.405744e+02 6.644006e+07 4.822740e+06 
3.635609e+02 6.527792e+07 6.848291e+06 
4.273980e+02 6.288528e+07 6.076652e+06 
4.248070e+02 6.798004e+07 5.208559e+06 
3.706092e+02 6.687502e+07 5.980198e+06 
3.227564e+02 6.755537e+07 6.558926e+06 
3.226947e+02 6.867004e+07 6.366017e+06 
3.019510e+02 6.818407e+07 6.751836e+06 
4.256714e+02 6.283182e+07 6.558926e+06 
3.577048e+02 6.646404e+07 6.269562e+06 
3.562566e+02 6.591027e+07 6.462472e+06 
4.359743e+02 6.242225e+07 6.366017e+06 
3.198662e+02 6.860377e+07 6.462472e+06 
4.271058e+02 6.614990e+07 5.208559e+06 
4.425791e+02 6.230911e+07 6.366017e+06 
2.822178e+02 6.871790e+07 6.944746e+06 
5.119806e+02 6.256750e+07 5.401469e+06 
3.857504e+02 6.430086e+07 6.751836e+06 
3.773307e+02 6.432617e+07 6.848291e+06 
4.637056e+02 6.164575e+07 6.269562e+06 
2.872021e+02 6.812144e+07 6.944746e+06 
2.930062e+02 6.875243e+07 6.848291e+06 
4.302967e+02 6.780788e+07 5.015650e+06 
4.477307e+02 6.214304e+07 6.366017e+06 
4.241299e+02 6.302164e+07 6.462472e+06 
4.595414e+02 6.496552e+07 4.533376e+06 
4.336967e+02 6.261764e+07 6.655381e+06 
4.326020e+02 6.691310e+07 4.919195e+06 
4.213122e+02 6.447151e+07 5.787288e+06 
4.667411e+02 6.210600e+07 5.883743e+06 
4.085550e+02 6.705010e+07 5.401469e+06 
2.861011e+02 6.838907e+07 6.944746e+06 
3.922076e+02 6.376387e+07 6.751836e+06 
4.590193e+02 6.330888e+07 5.497924e+06 
3.113005e+02 6.861334e+07 6.558926e+06 
3.364493e+02 6.792315e+07 6.269562e+06 
3.240223e+02 6.674013e+07 6.944746e+06 
4.325233e+02 6.305952e+07 5.883743e+06 
4.031998e+02 6.742974e+07 5.497924e+06 
2.917109e+02 6.771433e+07 6.944746e+06 
3.617100e+02 6.534662e+07 6.848291e+06 
4.393826e+02 6.325125e+07 5.787288e+06 
2.962083e+02 6.760702e+07 6.944746e+06 
4.146663e+02 6.600449e+07 5.594378e+06 
4.835832e+02 6.694066e+07 4.244011e+06 
3.805327e+02 6.544168e+07 6.076652e+06 
4.779215e+02 6.226319e+07 5.497924e+06 
3.650617e+02 6.480686e+07 6.655381e+06 
4.351187e+02 6.248365e+07 6.558926e+06 
3.034468e+02 6.739225e+07 6.944746e+06 
4.576662e+02 6.209351e+07 5.980198e+06 
3.054780e+02 6.867367e+07 6.655381e+06 
3.797019e+02 6.611004e+07 5.980198e+06 
4.699450e+02 6.537936e+07 4.436921e+06 
3.685300e+02 6.475248e+07 6.751836e+06 
3.629861e+02 6.766592e+07 5.883743e+06 
4.301629e+02 6.267275e+07 6.462472e+06 
3.394540e+02 6.616185e+07 6.944746e+06 
4.238037e+02 6.792351e+07 5.305014e+06 
4.441300e+02 6.532147e+07 5.015650e+06 
3.428226e+02 6.758054e+07 6.173107e+06 
2.910369e+02 6.798104e+07 6.944746e+06 
3.610903e+02 6.832661e+07 5.883743e+06 
3.178319e+02 6.689867e+07 6.751836e+06 
3.321944e+02 6.618734e+07 6.944746e+06 

3.453953e+02 6.616777e+07 6.848291e+06 
3.075653e+02 6.804503e+07 6.655381e+06 
5.092187e+02 6.529295e+07 5.112104e+06 
3.574550e+02 6.523959e+07 6.944746e+06 
3.685954e+02 6.633448e+07 5.980198e+06 
4.914673e+02 6.649321e+07 4.726285e+06 
3.360965e+02 6.793416e+07 6.269562e+06 
4.456872e+02 6.407842e+07 5.594378e+06 
4.369992e+02 6.286523e+07 6.173107e+06 
4.337913e+02 6.275762e+07 6.462472e+06 
3.482285e+02 6.776475e+07 6.076652e+06 
4.229958e+02 6.333845e+07 6.462472e+06 
4.159825e+02 6.363942e+07 6.366017e+06 
4.234438e+02 6.320375e+07 6.462472e+06 
3.759688e+02 6.420747e+07 6.751836e+06 
3.554982e+02 6.589219e+07 6.848291e+06 
3.635585e+02 6.584811e+07 6.173107e+06 
4.093393e+02 6.464570e+07 5.690833e+06 
4.139514e+02 6.367559e+07 6.173107e+06 
3.222539e+02 6.686296e+07 6.751836e+06 
4.182518e+02 6.727699e+07 5.112104e+06 
4.001718e+02 6.619921e+07 5.401469e+06 
3.786637e+02 6.678660e+07 5.787288e+06 
3.923243e+02 6.563914e+07 5.690833e+06 
4.591480e+02 6.229112e+07 6.076652e+06 
2.772959e+02 6.917946e+07 6.944746e+06 
4.576477e+02 6.237907e+07 6.269562e+06 
3.970080e+02 6.478257e+07 5.883743e+06 
3.626073e+02 6.522759e+07 6.751836e+06 
3.851506e+02 6.511923e+07 6.076652e+06 
4.988552e+02 6.734173e+07 3.954647e+06 
4.297757e+02 6.317020e+07 6.269562e+06 
4.694669e+02 6.796957e+07 4.340466e+06 
4.530350e+02 6.911792e+07 4.822740e+06 
4.826291e+02 6.370307e+07 5.497924e+06 
4.663413e+02 6.872249e+07 4.726285e+06 
3.696288e+02 6.520804e+07 6.751836e+06 
3.198304e+02 6.785704e+07 6.462472e+06 
4.558941e+02 6.259385e+07 6.462472e+06 
4.791690e+02 6.779689e+07 4.147556e+06 
4.620566e+02 6.320809e+07 5.883743e+06 
5.041975e+02 6.604978e+07 4.919195e+06 
4.110918e+02 6.521685e+07 5.305014e+06 
4.474033e+02 6.262960e+07 6.366017e+06 
2.964835e+02 6.728074e+07 6.944746e+06 
4.531831e+02 6.262288e+07 6.076652e+06 
4.119766e+02 6.725998e+07 5.208559e+06 
3.115966e+02 6.714613e+07 6.848291e+06 
4.324095e+02 6.315745e+07 6.462472e+06 
4.415542e+02 6.269734e+07 6.462472e+06 
3.351922e+02 6.666418e+07 6.848291e+06 
5.003660e+02 6.616109e+07 4.822740e+06 
3.090829e+02 6.720000e+07 6.944746e+06 
2.921699e+02 6.781465e+07 6.944746e+06 
3.601034e+02 6.739620e+07 5.883743e+06 
4.737388e+02 6.803716e+07 3.954647e+06 
3.046796e+02 6.733886e+07 6.751836e+06 
3.209899e+02 6.706953e+07 6.848291e+06 
3.506665e+02 6.767724e+07 5.980198e+06 
3.644677e+02 6.521790e+07 6.655381e+06 
4.711518e+02 6.825920e+07 4.244011e+06 
4.040123e+02 6.377396e+07 6.269562e+06 
4.240782e+02 6.405659e+07 5.787288e+06 
4.525372e+02 6.536890e+07 5.015650e+06 
4.731060e+02 6.797902e+07 4.147556e+06 
2.831623e+02 6.877224e+07 6.944746e+06 
4.539949e+02 6.326264e+07 5.787288e+06 
3.447376e+02 6.642083e+07 6.366017e+06 
3.369192e+02 6.620447e+07 6.462472e+06 
5.040719e+02 6.693566e+07 4.436921e+06 
2.846933e+02 6.852640e+07 6.944746e+06 
3.532842e+02 6.606150e+07 6.944746e+06 
4.852767e+02 6.386773e+07 5.305014e+06 
4.699301e+02 6.536335e+07 5.015650e+06 
2.910862e+02 6.811944e+07 6.944746e+06 
2.951543e+02 6.827504e+07 6.848291e+06 
4.953390e+02 6.710210e+07 4.340466e+06 
3.744123e+02 6.480780e+07 6.751836e+06 
3.258911e+02 6.679761e+07 6.944746e+06 
2.883649e+02 6.836043e+07 6.944746e+06 
3.275202e+02 6.674490e+07 6.655381e+06 
3.285059e+02 6.808152e+07 6.366017e+06 
4.042184e+02 6.601447e+07 5.305014e+06 
2.890227e+02 6.815653e+07 6.944746e+06 
3.899910e+02 6.722585e+07 5.497924e+06 
4.514859e+02 6.490408e+07 5.208559e+06 
3.517886e+02 6.613639e+07 6.848291e+06 
4.906260e+02 6.365087e+07 5.690833e+06 
3.009245e+02 6.876719e+07 6.751836e+06 
3.820303e+02 6.723839e+07 5.594378e+06 
2.849924e+02 6.839699e+07 6.944746e+06 
4.830615e+02 6.791136e+07 3.858192e+06 
2.955458e+02 6.757392e+07 6.944746e+06 
5.151045e+02 6.701144e+07 4.340466e+06 
4.025860e+02 6.400889e+07 6.558926e+06 
4.635510e+02 6.212159e+07 6.269562e+06 
4.436221e+02 6.456777e+07 5.401469e+06 
4.277954e+02 6.319018e+07 6.558926e+06 
3.186019e+02 6.872181e+07 6.558926e+06 
4.186814e+02 6.339383e+07 6.558926e+06 

4.038964e+02 6.628143e+07 5.401469e+06 
4.932687e+02 6.695383e+07 3.761737e+06 
2.887893e+02 6.794687e+07 6.944746e+06 
4.472815e+02 6.648396e+07 4.340466e+06 
4.634092e+02 6.762689e+07 3.472373e+06 
3.310177e+02 6.637205e+07 6.848291e+06 
3.977873e+02 6.593013e+07 5.594378e+06 
3.576684e+02 6.777841e+07 5.787288e+06 
3.992499e+02 6.842699e+07 5.112104e+06 
5.065288e+02 6.530435e+07 4.533376e+06 
3.373397e+02 6.633924e+07 6.558926e+06 
3.427282e+02 6.618553e+07 6.655381e+06 
3.215595e+02 6.659068e+07 6.751836e+06 
4.614964e+02 6.834878e+07 3.568828e+06 
3.523652e+02 6.643723e+07 6.173107e+06 
3.763641e+02 6.509889e+07 6.751836e+06 
4.240915e+02 6.646671e+07 4.726285e+06 
4.378335e+02 6.892094e+07 3.858192e+06 
3.923933e+02 6.893600e+07 5.208559e+06 
3.773145e+02 6.505176e+07 6.558926e+06 
3.767736e+02 6.766373e+07 5.497924e+06 
3.603794e+02 6.543788e+07 6.655381e+06 
4.128584e+02 6.746403e+07 4.822740e+06 
4.745282e+02 6.229660e+07 6.173107e+06 
3.870901e+02 6.414233e+07 6.751836e+06 
4.440133e+02 6.368834e+07 5.594378e+06 
4.703174e+02 6.765037e+07 3.375918e+06 
4.441306e+02 6.242701e+07 6.751836e+06 
3.464952e+02 6.608214e+07 6.751836e+06 
4.412886e+02 6.306078e+07 5.883743e+06 
3.781975e+02 6.502515e+07 6.462472e+06 
2.772959e+02 6.917946e+07 6.944746e+06 
3.822209e+02 6.451298e+07 6.655381e+06 
4.300966e+02 6.820656e+07 4.340466e+06 
5.410890e+02 6.366776e+07 5.305014e+06 
4.821756e+02 6.186952e+07 6.366017e+06 
3.408961e+02 6.628979e+07 6.655381e+06 
4.587228e+02 6.297470e+07 5.690833e+06 
3.696093e+02 6.541086e+07 6.558926e+06 
3.711961e+02 6.516279e+07 6.751836e+06 
5.006091e+02 6.196863e+07 5.594378e+06 
3.968422e+02 6.357620e+07 6.751836e+06 
3.796850e+02 6.490939e+07 6.751836e+06 
4.537793e+02 6.874624e+07 3.665282e+06 
4.733759e+02 6.736626e+07 3.472373e+06 
4.768232e+02 6.678814e+07 3.954647e+06 
3.016248e+02 6.903003e+07 6.655381e+06 
4.832817e+02 6.533602e+07 4.533376e+06 
3.499049e+02 6.788110e+07 6.076652e+06 
2.825919e+02 6.825377e+07 6.944746e+06 
3.740313e+02 6.798899e+07 5.690833e+06 
4.961653e+02 6.143334e+07 5.980198e+06 
4.080603e+02 6.745918e+07 4.919195e+06 
5.275367e+02 6.104687e+07 6.076652e+06 
4.850186e+02 6.174073e+07 6.076652e+06 
2.879151e+02 6.807663e+07 6.944746e+06 
3.965136e+02 6.396103e+07 6.655381e+06 
3.904675e+02 6.409679e+07 6.462472e+06 
3.304746e+02 6.650544e+07 6.751836e+06 
5.377499e+02 6.400807e+07 5.401469e+06 
5.111993e+02 6.112522e+07 5.980198e+06 
3.162003e+02 6.788199e+07 6.462472e+06 
4.502475e+02 6.820313e+07 3.761737e+06 
5.229517e+02 6.260082e+07 5.497924e+06 
4.062506e+02 6.332876e+07 6.655381e+06 
4.328933e+02 6.526590e+07 5.208559e+06 
5.234515e+02 6.099530e+07 6.173107e+06 
3.891893e+02 6.514310e+07 5.883743e+06 
4.218525e+02 6.776029e+07 4.436921e+06 
3.114772e+02 6.697605e+07 6.848291e+06 
3.310442e+02 6.771074e+07 6.366017e+06 
2.795792e+02 6.888385e+07 6.944746e+06 
3.003815e+02 6.733226e+07 6.944746e+06 
2.865073e+02 6.821396e+07 6.944746e+06 
2.926326e+02 6.748396e+07 6.944746e+06 
5.050203e+02 6.124714e+07 5.980198e+06 
3.904011e+02 6.799347e+07 5.305014e+06 
3.698438e+02 6.662332e+07 5.787288e+06 
4.181090e+02 6.282729e+07 6.558926e+06 
4.756657e+02 6.190375e+07 6.269562e+06 
3.501153e+02 6.606923e+07 6.751836e+06 
4.185646e+02 6.796511e+07 4.726285e+06 
3.080031e+02 6.818231e+07 6.558926e+06 
5.460924e+02 6.346562e+07 5.401469e+06 
4.751597e+02 6.218181e+07 6.269562e+06 
4.090086e+02 6.320214e+07 6.655381e+06 
3.534954e+02 6.545792e+07 6.558926e+06 
4.235431e+02 6.248129e+07 6.751836e+06 
4.118840e+02 6.451026e+07 5.883743e+06 
4.705884e+02 6.600634e+07 4.147556e+06 
3.048639e+02 6.725925e+07 6.944746e+06 
4.700385e+02 6.705290e+07 3.665282e+06 
2.971677e+02 6.855888e+07 6.751836e+06 
4.191929e+02 6.362763e+07 6.076652e+06 
4.628166e+02 6.667849e+07 4.051102e+06 
5.045158e+02 6.574503e+07 4.244011e+06 
5.252796e+02 6.131823e+07 5.690833e+06 
2.931635e+02 6.895541e+07 6.848291e+06 
5.159933e+02 6.111276e+07 6.076652e+06 
5.248215e+02 6.174852e+07 5.594378e+06 

3.418608e+02 6.643832e+07 6.462472e+06 
4.718068e+02 6.322664e+07 5.883743e+06 
2.839245e+02 6.886583e+07 6.944746e+06 
4.932619e+02 6.273209e+07 5.594378e+06 
3.547591e+02 6.505755e+07 6.848291e+06 
4.652144e+02 6.291674e+07 6.076652e+06 
4.519405e+02 6.287211e+07 6.558926e+06 
3.615895e+02 6.721554e+07 5.594378e+06 
3.867943e+02 6.453224e+07 6.462472e+06 
3.315666e+02 6.828211e+07 6.269562e+06 
4.100180e+02 6.430236e+07 5.883743e+06 
3.766830e+02 6.488577e+07 6.462472e+06 
4.472115e+02 6.334117e+07 6.366017e+06 
3.130076e+02 6.755905e+07 6.655381e+06 
4.503085e+02 6.516523e+07 4.726285e+06 
4.403189e+02 6.424648e+07 5.305014e+06 
5.244702e+02 6.514072e+07 4.436921e+06 
4.823096e+02 6.258180e+07 5.787288e+06 
3.440083e+02 6.617068e+07 6.944746e+06 
3.218453e+02 6.780722e+07 6.462472e+06 
3.968958e+02 6.482074e+07 5.980198e+06 
2.772959e+02 6.917946e+07 6.944746e+06 
4.875667e+02 6.491529e+07 4.726285e+06 
4.012993e+02 6.655590e+07 5.401469e+06 
4.096626e+02 6.703404e+07 5.112104e+06 
4.185144e+02 6.558760e+07 5.208559e+06 
3.831460e+02 6.530734e+07 5.980198e+06 
3.972031e+02 6.599242e+07 5.594378e+06 
3.947039e+02 6.757242e+07 5.497924e+06 
4.633125e+02 6.565516e+07 4.629830e+06 
4.294023e+02 6.798099e+07 4.629830e+06 
4.780154e+02 6.670776e+07 4.051102e+06 
5.220582e+02 6.560694e+07 4.340466e+06 
4.183423e+02 6.839590e+07 5.015650e+06 
3.294062e+02 6.653280e+07 6.751836e+06 
4.620519e+02 6.242524e+07 6.462472e+06 
4.504618e+02 6.476795e+07 4.919195e+06 
4.995313e+02 6.345822e+07 5.305014e+06 
4.245565e+02 6.662670e+07 4.919195e+06 
3.414190e+02 6.647011e+07 6.462472e+06 
4.424136e+02 6.754414e+07 4.244011e+06 
3.252927e+02 6.827301e+07 6.366017e+06 
4.380758e+02 6.733520e+07 4.436921e+06 
3.113451e+02 6.720725e+07 6.944746e+06 
5.021567e+02 6.233630e+07 5.594378e+06 
4.264785e+02 6.800827e+07 4.822740e+06 
4.050050e+02 6.386295e+07 6.366017e+06 
4.705031e+02 6.615999e+07 4.244011e+06 
3.168962e+02 6.714888e+07 6.751836e+06 
4.776002e+02 6.484591e+07 4.822740e+06 
4.043408e+02 6.379405e+07 6.558926e+06 
3.510019e+02 6.679971e+07 5.980198e+06 
4.014252e+02 6.413120e+07 6.269562e+06 
4.261254e+02 6.474575e+07 5.497924e+06 
3.991950e+02 6.790077e+07 5.208559e+06 
2.861334e+02 6.826345e+07 6.944746e+06 
3.516993e+02 6.590754e+07 6.558926e+06 
2.910241e+02 6.783969e+07 6.944746e+06 
4.930949e+02 6.224383e+07 5.883743e+06 
2.948107e+02 6.883429e+07 6.848291e+06 
4.621809e+02 6.731879e+07 4.051102e+06 
4.824157e+02 6.796614e+07 3.858192e+06 
3.447888e+02 6.599861e+07 6.848291e+06 
2.963877e+02 6.756978e+07 6.944746e+06 
4.372884e+02 6.816358e+07 4.436921e+06 
3.138393e+02 6.854354e+07 6.558926e+06 
5.011109e+02 6.431742e+07 5.208559e+06 
3.046347e+02 6.730652e+07 6.751836e+06 
2.988003e+02 6.868401e+07 6.751836e+06 
5.030342e+02 6.314214e+07 5.497924e+06 
4.323573e+02 6.377679e+07 6.366017e+06 
3.889760e+02 6.426394e+07 6.558926e+06 
4.511940e+02 6.307487e+07 6.558926e+06 
3.630086e+02 6.532174e+07 6.269562e+06 
3.470323e+02 6.841640e+07 5.883743e+06 
3.299173e+02 6.706702e+07 6.366017e+06 
4.493825e+02 6.328593e+07 6.366017e+06 
3.610827e+02 6.700070e+07 5.690833e+06 
4.790653e+02 6.743139e+07 3.954647e+06 
2.907470e+02 6.792697e+07 6.944746e+06 
4.437486e+02 6.360817e+07 5.497924e+06 
4.252354e+02 6.540572e+07 4.919195e+06 
3.329174e+02 6.791164e+07 6.173107e+06 
3.618193e+02 6.610549e+07 6.076652e+06 
2.994511e+02 6.739076e+07 6.944746e+06 
3.814601e+02 6.487017e+07 6.462472e+06 
3.859721e+02 6.475111e+07 6.366017e+06 
4.822804e+02 6.574904e+07 4.436921e+06 
4.570335e+02 6.271035e+07 6.462472e+06 
3.352173e+02 6.719097e+07 6.173107e+06 
4.508062e+02 6.676878e+07 4.147556e+06 
2.853650e+02 6.837602e+07 6.944746e+06 
3.862004e+02 6.460891e+07 6.462472e+06 
2.898577e+02 6.803172e+07 6.944746e+06 
3.233139e+02 6.688774e+07 6.848291e+06 
4.688668e+02 6.262032e+07 6.173107e+06 
4.442940e+02 6.489442e+07 5.015650e+06 
3.370101e+02 6.799597e+07 6.076652e+06 
4.007715e+02 6.413988e+07 6.366017e+06 
4.284288e+02 6.612338e+07 4.822740e+06 

3.100169e+02 6.853310e+07 6.655381e+06 
4.157858e+02 6.722448e+07 4.726285e+06 
4.364105e+02 6.368314e+07 5.787288e+06 
3.969814e+02 6.344933e+07 6.751836e+06 
4.703067e+02 6.393492e+07 5.497924e+06 
2.893299e+02 6.805997e+07 6.944746e+06 
3.373777e+02 6.668429e+07 6.366017e+06 
3.419901e+02 6.578232e+07 6.751836e+06 
4.026550e+02 6.378790e+07 6.462472e+06 
3.193791e+02 6.728708e+07 6.558926e+06 
3.623797e+02 6.580769e+07 6.173107e+06 
5.147536e+02 6.415390e+07 4.629830e+06 
4.868410e+02 6.447018e+07 4.822740e+06 
4.051718e+02 6.552529e+07 5.787288e+06 
4.226145e+02 6.475942e+07 5.787288e+06 
4.525082e+02 6.482001e+07 5.401469e+06 
3.268477e+02 6.670767e+07 6.751836e+06 
3.986089e+02 6.658742e+07 5.305014e+06 
3.537203e+02 6.519065e+07 6.655381e+06 
3.902196e+02 6.631333e+07 5.497924e+06 
4.204633e+02 6.704774e+07 4.822740e+06 
5.238583e+02 6.359398e+07 4.919195e+06 
4.441564e+02 6.616835e+07 4.919195e+06 
3.613523e+02 6.478081e+07 6.848291e+06 
2.772959e+02 6.917946e+07 6.944746e+06 
4.829543e+02 6.590113e+07 4.726285e+06 
3.817339e+02 6.552330e+07 5.980198e+06 
3.473371e+02 6.715669e+07 6.173107e+06 
3.745824e+02 6.653156e+07 5.690833e+06 
3.487724e+02 6.515005e+07 6.848291e+06 
4.769077e+02 6.482684e+07 4.919195e+06 
3.641394e+02 6.645802e+07 5.787288e+06 
3.188823e+02 6.713940e+07 6.848291e+06 
3.671636e+02 6.424017e+07 6.751836e+06 
4.177219e+02 6.502039e+07 5.497924e+06 
3.631721e+02 6.447819e+07 6.751836e+06 
3.619066e+02 6.635867e+07 5.980198e+06 
4.900167e+02 6.413215e+07 5.015650e+06 
4.463740e+02 6.531359e+07 5.208559e+06 
3.816070e+02 6.389845e+07 6.848291e+06 
3.975393e+02 6.350462e+07 6.655381e+06 
3.434118e+02 6.556823e+07 6.848291e+06 
3.361943e+02 6.597591e+07 6.848291e+06 
4.084184e+02 6.598091e+07 5.305014e+06 
4.370944e+02 6.319109e+07 6.462472e+06 
4.949010e+02 6.358005e+07 5.208559e+06 
3.575752e+02 6.858216e+07 6.076652e+06 
4.444276e+02 6.419185e+07 5.594378e+06 
4.034541e+02 6.893165e+07 4.726285e+06 
3.765093e+02 6.407188e+07 6.558926e+06 
3.432522e+02 6.621063e+07 6.558926e+06 
3.773788e+02 6.866639e+07 5.497924e+06 
2.874951e+02 6.819821e+07 6.944746e+06 
3.318263e+02 6.768458e+07 6.462472e+06 
3.892290e+02 6.382349e+07 6.848291e+06 
3.151853e+02 6.721501e+07 6.848291e+06 
3.990822e+02 6.926643e+07 4.822740e+06 
3.576213e+02 6.480368e+07 6.848291e+06 
3.997375e+02 6.290697e+07 6.751836e+06 
3.330732e+02 6.765896e+07 6.366017e+06 
2.958357e+02 6.762799e+07 6.944746e+06 
3.398382e+02 6.594241e+07 6.751836e+06 
4.611958e+02 6.642115e+07 4.822740e+06 
5.157905e+02 6.424046e+07 4.533376e+06 
5.183009e+02 6.401162e+07 4.726285e+06 
4.248552e+02 6.361267e+07 6.269562e+06 
5.009463e+02 6.487973e+07 4.436921e+06 
2.974471e+02 6.742345e+07 6.944746e+06 
3.817965e+02 6.384134e+07 6.751836e+06 
4.057843e+02 6.731068e+07 5.015650e+06 
2.937318e+02 6.788636e+07 6.944746e+06 
3.258596e+02 6.676995e+07 6.848291e+06 
3.904570e+02 6.373892e+07 6.848291e+06 
3.740986e+02 6.412803e+07 6.751836e+06 
4.275943e+02 6.747074e+07 4.629830e+06 
3.928113e+02 6.884036e+07 5.015650e+06 
4.909120e+02 6.563199e+07 4.533376e+06 
3.842468e+02 6.818781e+07 5.401469e+06 
3.848581e+02 6.728832e+07 5.305014e+06 
3.211383e+02 6.693352e+07 6.655381e+06 
2.884226e+02 6.817632e+07 6.944746e+06 
2.841585e+02 6.843398e+07 6.944746e+06 
2.946945e+02 6.770223e+07 6.944746e+06 
2.951792e+02 6.856830e+07 6.848291e+06 
3.299609e+02 6.630246e+07 6.848291e+06 
3.644783e+02 6.482488e+07 6.462472e+06 
3.141214e+02 6.721977e+07 6.751836e+06 
3.003181e+02 6.796825e+07 6.751836e+06 
5.183468e+02 6.359305e+07 5.015650e+06 
5.067836e+02 6.426014e+07 4.629830e+06 
3.964776e+02 6.847219e+07 4.919195e+06 
4.626131e+02 6.369923e+07 5.594378e+06 
3.951053e+02 6.436770e+07 6.269562e+06 
4.474689e+02 6.590528e+07 5.015650e+06 
2.899293e+02 6.790114e+07 6.944746e+06 
4.126143e+02 6.634655e+07 5.208559e+06 
5.020483e+02 6.306715e+07 5.401469e+06 
3.361730e+02 6.810342e+07 6.173107e+06 
3.043553e+02 6.724738e+07 6.944746e+06 
4.201742e+02 6.390955e+07 6.173107e+06 

3.804437e+02 6.824169e+07 5.208559e+06 
4.026896e+02 6.724908e+07 4.822740e+06 
3.210786e+02 6.677707e+07 6.848291e+06 
4.398983e+02 6.418335e+07 6.076652e+06 
3.376616e+02 6.632338e+07 6.848291e+06 
3.970092e+02 6.537384e+07 5.594378e+06 
3.512599e+02 6.849414e+07 5.787288e+06 
3.151833e+02 6.785706e+07 6.558926e+06 
3.181007e+02 6.719353e+07 6.944746e+06 
3.916961e+02 6.642074e+07 5.305014e+06 
4.376925e+02 6.280886e+07 6.269562e+06 
3.411050e+02 6.834630e+07 5.883743e+06 
4.222796e+02 6.292237e+07 6.558926e+06 
3.729296e+02 6.958062e+07 5.401469e+06 
3.352723e+02 6.653012e+07 6.751836e+06 
4.102086e+02 6.328203e+07 6.751836e+06 
4.097066e+02 6.332812e+07 6.558926e+06 
3.814000e+02 6.545866e+07 5.980198e+06 
4.185975e+02 6.299137e+07 6.269562e+06 
4.312281e+02 6.266690e+07 6.751836e+06 
3.659470e+02 6.478063e+07 6.655381e+06 
3.509889e+02 6.511099e+07 6.462472e+06 
4.061378e+02 6.347364e+07 6.558926e+06 
3.429998e+02 6.561542e+07 6.655381e+06 
3.329189e+02 6.758851e+07 6.269562e+06 
2.772959e+02 6.917946e+07 6.944746e+06 
3.755051e+02 6.477065e+07 6.462472e+06 
3.621602e+02 6.632747e+07 5.980198e+06 
3.820701e+02 6.597276e+07 5.594378e+06 
3.450061e+02 6.509218e+07 6.751836e+06 
4.510670e+02 6.243002e+07 6.655381e+06 
3.515284e+02 6.507868e+07 6.655381e+06 
4.331713e+02 6.307864e+07 6.173107e+06 
4.015643e+02 6.542191e+07 5.497924e+06 
4.707570e+02 6.206020e+07 6.558926e+06 
4.144886e+02 6.303185e+07 6.269562e+06 
4.048942e+02 6.627404e+07 5.401469e+06 
4.471024e+02 6.250115e+07 6.366017e+06 
3.295266e+02 6.664118e+07 6.751836e+06 
4.013534e+02 6.385723e+07 6.366017e+06 
3.867915e+02 6.452080e+07 6.269562e+06 
4.158444e+02 6.698427e+07 4.822740e+06 
4.346353e+02 6.251641e+07 6.366017e+06 
3.801835e+02 6.441169e+07 6.751836e+06 
3.973332e+02 6.710972e+07 5.015650e+06 
3.902125e+02 6.400465e+07 6.751836e+06 
3.441823e+02 6.667884e+07 6.269562e+06 
4.105957e+02 6.628274e+07 5.305014e+06 
2.868960e+02 6.813018e+07 6.944746e+06 
4.274197e+02 6.287238e+07 6.558926e+06 
2.952467e+02 6.770332e+07 6.944746e+06 
3.009209e+02 6.761372e+07 6.944746e+06 
3.645057e+02 6.670938e+07 5.690833e+06 
4.001342e+02 6.370560e+07 6.655381e+06 
3.761014e+02 6.462008e+07 6.848291e+06 
3.603397e+02 6.480957e+07 6.655381e+06 
3.339569e+02 6.672358e+07 6.558926e+06 
3.045233e+02 6.750994e+07 6.944746e+06 
4.170796e+02 6.666188e+07 5.112104e+06 
3.755686e+02 6.738154e+07 5.497924e+06 
2.981649e+02 6.767495e+07 6.944746e+06 
3.984107e+02 6.397492e+07 6.655381e+06 
3.896024e+02 6.786725e+07 4.919195e+06 
4.640061e+02 6.220820e+07 6.462472e+06 
3.971263e+02 6.761277e+07 4.822740e+06 
4.028828e+02 6.358937e+07 6.751836e+06 
3.018556e+02 6.759735e+07 6.944746e+06 
3.096586e+02 6.817539e+07 6.655381e+06 
4.194303e+02 6.319769e+07 6.173107e+06 
4.487658e+02 6.249312e+07 6.751836e+06 
3.252688e+02 6.762967e+07 6.366017e+06 
3.383146e+02 6.865483e+07 6.173107e+06 
4.695799e+02 6.207994e+07 6.558926e+06 
3.996689e+02 6.637738e+07 5.208559e+06 
2.867898e+02 6.850272e+07 6.944746e+06 
3.570125e+02 6.491303e+07 6.655381e+06 
3.733376e+02 6.594993e+07 5.883743e+06 
4.081779e+02 6.336034e+07 6.558926e+06 
3.017157e+02 6.805578e+07 6.751836e+06 
4.038409e+02 6.467208e+07 5.690833e+06 
3.999647e+02 6.388412e+07 6.655381e+06 
3.210507e+02 6.847058e+07 6.462472e+06 
3.665079e+02 6.574070e+07 6.173107e+06 
4.599640e+02 6.214854e+07 6.655381e+06 
3.492013e+02 6.694507e+07 5.980198e+06 
3.064015e+02 6.730162e+07 6.944746e+06 
3.284080e+02 6.670889e+07 6.848291e+06 
4.288715e+02 6.268773e+07 6.558926e+06 
3.970062e+02 6.446741e+07 5.883743e+06 
3.421124e+02 6.575765e+07 6.751836e+06 
2.885155e+02 6.782999e+07 6.944746e+06 
3.232178e+02 6.837640e+07 6.269562e+06 
3.385033e+02 6.625335e+07 6.751836e+06 
3.856318e+02 6.406868e+07 6.751836e+06 
3.407779e+02 6.592205e+07 6.751836e+06 
3.845683e+02 6.701397e+07 5.208559e+06 
3.887817e+02 6.805764e+07 5.015650e+06 
3.369896e+02 6.636631e+07 6.751836e+06 
2.940708e+02 6.856279e+07 6.848291e+06 
4.129425e+02 6.316663e+07 6.655381e+06 

4.259180e+02 6.653656e+07 4.533376e+06 
4.555206e+02 6.669564e+07 4.051102e+06 
4.662725e+02 6.346994e+07 5.787288e+06 
3.842953e+02 6.758230e+07 5.305014e+06 
4.644061e+02 6.625352e+07 4.340466e+06 
3.524286e+02 6.526189e+07 6.655381e+06 
4.471520e+02 6.444232e+07 5.401469e+06 
4.267651e+02 6.398563e+07 5.787288e+06 
3.936242e+02 6.768274e+07 5.208559e+06 
3.422958e+02 6.709751e+07 6.076652e+06 
3.954669e+02 6.893467e+07 5.112104e+06 
2.995115e+02 6.825057e+07 6.751836e+06 
4.150280e+02 6.907530e+07 4.051102e+06 
4.765486e+02 6.538658e+07 5.015650e+06 
4.050314e+02 6.766126e+07 4.919195e+06 
4.580841e+02 6.565278e+07 4.629830e+06 
3.979362e+02 6.527026e+07 5.787288e+06 
4.279262e+02 6.817860e+07 3.858192e+06 
4.050739e+02 6.446775e+07 5.980198e+06 
4.381821e+02 6.794567e+07 3.858192e+06 
2.772959e+02 6.917946e+07 6.944746e+06 
4.362287e+02 6.550271e+07 5.208559e+06 
3.988436e+02 6.983816e+07 4.726285e+06 
4.318616e+02 6.275862e+07 6.462472e+06 
4.138025e+02 6.338230e+07 6.366017e+06 
4.597491e+02 6.271100e+07 6.076652e+06 
4.180831e+02 6.637218e+07 4.919195e+06 
3.352560e+02 6.895139e+07 6.269562e+06 
3.257864e+02 6.781396e+07 6.366017e+06 
3.639735e+02 6.487106e+07 6.558926e+06 
4.395915e+02 6.623555e+07 4.436921e+06 
3.377833e+02 6.705096e+07 6.173107e+06 
3.682240e+02 6.680289e+07 5.690833e+06 
4.713791e+02 6.603189e+07 4.436921e+06 
4.204072e+02 6.749165e+07 4.147556e+06 
3.587692e+02 6.542512e+07 6.366017e+06 
3.221622e+02 6.663251e+07 6.944746e+06 
3.756412e+02 6.754260e+07 5.497924e+06 
3.894530e+02 6.493736e+07 6.076652e+06 
4.546927e+02 6.391299e+07 5.594378e+06 
4.516287e+02 6.292708e+07 5.980198e+06 
3.485045e+02 6.806108e+07 5.883743e+06 
2.941618e+02 6.790814e+07 6.944746e+06 
2.972333e+02 6.776196e+07 6.944746e+06 
3.380406e+02 6.611936e+07 6.462472e+06 
4.803591e+02 6.553983e+07 4.919195e+06 
2.944430e+02 6.779034e+07 6.944746e+06 
3.474929e+02 6.555444e+07 6.655381e+06 
4.489022e+02 6.602574e+07 4.629830e+06 
4.115501e+02 6.751684e+07 4.340466e+06 
3.723792e+02 6.437899e+07 6.558926e+06 
4.172801e+02 6.313717e+07 6.558926e+06 
2.909653e+02 6.811161e+07 6.944746e+06 
4.271595e+02 6.289935e+07 6.462472e+06 
4.631518e+02 6.454034e+07 5.112104e+06 
4.053257e+02 6.624072e+07 5.305014e+06 
3.380091e+02 6.557797e+07 6.655381e+06 
3.034886e+02 6.759340e+07 6.848291e+06 
3.532514e+02 6.849108e+07 5.787288e+06 
4.180008e+02 6.501613e+07 5.690833e+06 
2.848367e+02 6.904578e+07 6.944746e+06 
4.111780e+02 6.420712e+07 5.883743e+06 
3.240066e+02 6.767605e+07 6.462472e+06 
3.071185e+02 6.713250e+07 6.944746e+06 
3.783075e+02 6.532948e+07 6.076652e+06 
2.870593e+02 6.815574e+07 6.944746e+06 
3.649128e+02 6.747892e+07 5.594378e+06 
3.047966e+02 6.753653e+07 6.848291e+06 
3.001284e+02 6.767573e+07 6.944746e+06 
4.603501e+02 6.557101e+07 4.822740e+06 
4.622294e+02 6.411700e+07 5.305014e+06 
3.327061e+02 6.594141e+07 6.655381e+06 
4.101459e+02 6.370335e+07 6.462472e+06 
4.595656e+02 6.414913e+07 5.208559e+06 
4.338429e+02 6.350423e+07 5.883743e+06 
4.503186e+02 6.275008e+07 6.173107e+06 
3.591735e+02 6.645791e+07 5.980198e+06 
3.964056e+02 6.707477e+07 5.208559e+06 
3.184042e+02 6.708230e+07 6.848291e+06 
2.928001e+02 6.797337e+07 6.944746e+06 
2.856216e+02 6.864354e+07 6.944746e+06 
3.060009e+02 6.769090e+07 6.655381e+06 
4.132871e+02 6.577414e+07 5.401469e+06 
2.865694e+02 6.849371e+07 6.944746e+06 
4.494858e+02 6.675746e+07 3.954647e+06 
4.106574e+02 6.358557e+07 6.462472e+06 
3.651447e+02 6.621253e+07 5.883743e+06 
3.218042e+02 6.691593e+07 6.848291e+06 
3.504260e+02 6.541297e+07 6.558926e+06 
4.713981e+02 6.365585e+07 5.690833e+06 
4.584205e+02 6.332347e+07 5.883743e+06 
3.793072e+02 6.407379e+07 6.558926e+06 
2.981133e+02 6.809442e+07 6.848291e+06 
3.636483e+02 6.514075e+07 6.558926e+06 
4.654025e+02 6.448728e+07 5.112104e+06 
3.066974e+02 6.829845e+07 6.558926e+06 
4.670683e+02 6.381599e+07 5.690833e+06 
3.865697e+02 6.377664e+07 6.558926e+06 
4.207088e+02 6.305905e+07 6.269562e+06 
4.599573e+02 6.629997e+07 4.147556e+06 

4.410709e+02 6.773721e+07 4.436921e+06 
3.452656e+02 6.607303e+07 6.848291e+06 
3.125674e+02 6.680391e+07 6.944746e+06 
4.963799e+02 6.572760e+07 4.051102e+06 
3.707218e+02 6.469877e+07 6.944746e+06 
3.118183e+02 6.862828e+07 6.558926e+06 
2.927712e+02 6.789483e+07 6.944746e+06 
3.618906e+02 6.804812e+07 6.076652e+06 
4.351367e+02 6.841712e+07 4.822740e+06 
4.006054e+02 6.452001e+07 6.076652e+06 
4.576316e+02 6.774721e+07 4.147556e+06 
3.686436e+02 6.629119e+07 6.076652e+06 
4.875781e+02 6.633878e+07 4.051102e+06 
4.277479e+02 6.280334e+07 6.462472e+06 
4.590729e+02 6.696094e+07 4.340466e+06 
3.682151e+02 6.482491e+07 6.944746e+06 
3.835943e+02 6.674995e+07 5.787288e+06 
5.026773e+02 6.510143e+07 4.244011e+06 
3.766107e+02 6.425335e+07 6.944746e+06 
4.055047e+02 6.292280e+07 6.558926e+06 
4.617845e+02 6.256269e+07 5.883743e+06 
4.097329e+02 6.725407e+07 5.305014e+06 
4.886012e+02 6.580267e+07 4.244011e+06 
5.049111e+02 6.451650e+07 4.726285e+06 
2.772959e+02 6.917946e+07 6.944746e+06 
3.817452e+02 6.492617e+07 6.366017e+06 
3.491461e+02 6.576835e+07 6.848291e+06 
4.813199e+02 6.301340e+07 5.690833e+06 
3.931399e+02 6.526397e+07 5.883743e+06 
3.535525e+02 6.569953e+07 6.462472e+06 
4.305809e+02 6.815323e+07 4.919195e+06 
3.815774e+02 6.643022e+07 5.883743e+06 
3.957173e+02 6.374152e+07 6.848291e+06 
4.826917e+02 6.798607e+07 4.051102e+06 
4.869618e+02 6.500385e+07 4.629830e+06 
4.160997e+02 6.453278e+07 5.690833e+06 
3.979379e+02 6.701910e+07 5.497924e+06 
3.225760e+02 6.899802e+07 6.366017e+06 
3.984696e+02 6.335045e+07 6.558926e+06 
4.259263e+02 6.450164e+07 5.401469e+06 
4.434578e+02 6.776449e+07 4.340466e+06 
4.187290e+02 6.337185e+07 6.076652e+06 
5.176485e+02 6.567763e+07 4.147556e+06 
4.229415e+02 6.308170e+07 5.883743e+06 
3.946211e+02 6.390168e+07 6.944746e+06 
4.393968e+02 6.566124e+07 5.208559e+06 
3.864985e+02 6.392487e+07 6.944746e+06 
3.580292e+02 6.511394e+07 6.944746e+06 
3.224262e+02 6.760991e+07 6.462472e+06 
4.386296e+02 6.261563e+07 6.558926e+06 
3.764328e+02 6.446471e+07 6.944746e+06 
2.861173e+02 6.832626e+07 6.944746e+06 
4.066417e+02 6.356124e+07 6.269562e+06 
3.740626e+02 6.527431e+07 6.366017e+06 
4.661948e+02 6.519925e+07 4.919195e+06 
3.427812e+02 6.824792e+07 6.173107e+06 
4.989593e+02 6.491293e+07 4.629830e+06 
2.909160e+02 6.797321e+07 6.944746e+06 
2.951385e+02 6.783685e+07 6.944746e+06 
4.957417e+02 6.782077e+07 3.954647e+06 
4.245597e+02 6.798309e+07 5.112104e+06 
3.870403e+02 6.489503e+07 6.173107e+06 
4.199568e+02 6.603857e+07 5.305014e+06 
4.573338e+02 6.251711e+07 6.269562e+06 
4.655766e+02 6.597386e+07 4.629830e+06 
2.887883e+02 6.803469e+07 6.944746e+06 
4.806711e+02 6.574957e+07 4.436921e+06 
3.707597e+02 6.705332e+07 5.980198e+06 
2.977683e+02 6.743972e+07 6.944746e+06 
4.128737e+02 6.548097e+07 5.401469e+06 
3.919837e+02 6.728247e+07 5.594378e+06 
4.194354e+02 6.758057e+07 5.208559e+06 
4.322456e+02 6.264755e+07 5.980198e+06 
2.808687e+02 6.839551e+07 6.944746e+06 
3.400897e+02 6.729988e+07 6.269562e+06 
3.052457e+02 6.705481e+07 6.944746e+06 
2.956363e+02 6.831468e+07 6.751836e+06 
3.999253e+02 6.559112e+07 5.594378e+06 
3.740580e+02 6.453217e+07 6.944746e+06 
2.889676e+02 6.799744e+07 6.944746e+06 
4.049647e+02 6.773496e+07 5.401469e+06 
3.066605e+02 6.703814e+07 6.944746e+06 
4.867168e+02 6.409436e+07 5.305014e+06 
3.565256e+02 6.540192e+07 6.848291e+06 
4.467227e+02 6.659282e+07 4.919195e+06 
4.658212e+02 6.643358e+07 4.436921e+06 
4.966858e+02 6.496235e+07 4.340466e+06 
4.485185e+02 6.370389e+07 5.690833e+06 
3.159211e+02 6.627239e+07 6.751836e+06 
3.427715e+02 6.653126e+07 6.462472e+06 
3.112293e+02 6.835920e+07 6.655381e+06 
3.520699e+02 6.560811e+07 6.751836e+06 
3.783631e+02 6.405853e+07 6.944746e+06 
4.517393e+02 6.886006e+07 4.244011e+06 
3.535515e+02 6.556767e+07 6.848291e+06 
3.861316e+02 6.435125e+07 6.366017e+06 
4.929180e+02 6.333857e+07 5.497924e+06 
3.872996e+02 6.573500e+07 5.787288e+06 
4.969087e+02 6.623452e+07 3.954647e+06 
2.971940e+02 6.776692e+07 6.944746e+06 

3.302330e+02 6.653757e+07 6.751836e+06 
4.024163e+02 6.418019e+07 5.980198e+06 
3.984981e+02 6.385031e+07 6.558926e+06 
3.213421e+02 6.745823e+07 6.462472e+06 
3.649233e+02 6.495185e+07 6.558926e+06 
3.787640e+02 6.461413e+07 6.173107e+06 
3.840324e+02 6.424486e+07 6.173107e+06 
4.262050e+02 6.744316e+07 5.112104e+06 
3.571308e+02 6.700755e+07 5.980198e+06 
3.081692e+02 6.755698e+07 6.751836e+06 
3.815016e+02 6.578806e+07 5.690833e+06 
3.474008e+02 6.556873e+07 6.751836e+06 
4.195716e+02 6.861419e+07 4.919195e+06 
3.547592e+02 6.664601e+07 6.076652e+06 
3.768623e+02 6.458621e+07 6.751836e+06 
4.662448e+02 6.409914e+07 5.690833e+06 
4.058526e+02 6.378281e+07 6.558926e+06 
3.941697e+02 6.400189e+07 6.173107e+06 
4.441177e+02 6.821470e+07 5.015650e+06 
4.052863e+02 6.522394e+07 5.401469e+06 
3.704860e+02 6.759165e+07 5.690833e+06 
3.636956e+02 6.593360e+07 6.076652e+06 
3.360834e+02 6.579356e+07 6.848291e+06 
2.772959e+02 6.917946e+07 6.944746e+06 
3.659083e+02 6.485174e+07 6.366017e+06 
3.327218e+02 6.610444e+07 6.751836e+06 
3.942988e+02 6.387430e+07 6.173107e+06 
3.712592e+02 6.595914e+07 5.883743e+06 
4.345264e+02 6.384952e+07 5.980198e+06 
3.506416e+02 6.781125e+07 6.076652e+06 
3.869980e+02 6.422364e+07 6.173107e+06 
3.398487e+02 6.829125e+07 6.269562e+06 
3.509096e+02 6.547293e+07 6.848291e+06 
4.523152e+02 6.842017e+07 4.919195e+06 
3.874725e+02 6.613746e+07 5.497924e+06 
3.899903e+02 6.531939e+07 5.594378e+06 
4.001689e+02 6.565171e+07 5.401469e+06 
3.204774e+02 6.696591e+07 6.848291e+06 
3.212775e+02 6.669081e+07 6.944746e+06 
3.460699e+02 6.574677e+07 6.655381e+06 
3.419895e+02 6.603143e+07 6.366017e+06 
3.722440e+02 6.492288e+07 6.173107e+06 
3.054590e+02 6.800687e+07 6.751836e+06 
4.029065e+02 6.609058e+07 5.305014e+06 
3.147277e+02 6.712332e+07 6.848291e+06 
3.434392e+02 6.577436e+07 6.655381e+06 
3.753228e+02 6.625120e+07 5.690833e+06 
4.667827e+02 6.456716e+07 5.305014e+06 
4.435361e+02 6.434435e+07 5.497924e+06 
2.981509e+02 6.756211e+07 6.944746e+06 
3.737717e+02 6.764377e+07 5.594378e+06 
3.607613e+02 6.723821e+07 5.883743e+06 
4.193743e+02 6.463367e+07 5.497924e+06 
2.968466e+02 6.767010e+07 6.944746e+06 
3.171330e+02 6.855455e+07 6.462472e+06 
2.860365e+02 6.864031e+07 6.944746e+06 
2.836901e+02 6.874399e+07 6.944746e+06 
3.743662e+02 6.480176e+07 6.558926e+06 
3.417825e+02 6.579043e+07 6.655381e+06 
2.915981e+02 6.773935e+07 6.944746e+06 
3.832339e+02 6.441571e+07 6.173107e+06 
3.941478e+02 6.537828e+07 5.497924e+06 
3.960332e+02 6.477885e+07 5.690833e+06 
4.285000e+02 6.486690e+07 5.305014e+06 
4.510198e+02 6.411443e+07 5.690833e+06 
4.543852e+02 6.413077e+07 5.497924e+06 
3.681516e+02 6.633332e+07 5.883743e+06 
3.675283e+02 6.684753e+07 5.787288e+06 
3.569094e+02 6.545414e+07 6.366017e+06 
3.050017e+02 6.734330e+07 6.944746e+06 
3.231072e+02 6.681729e+07 6.558926e+06 
3.521650e+02 6.513324e+07 6.558926e+06 
2.863128e+02 6.822620e+07 6.944746e+06 
3.800663e+02 6.687482e+07 5.497924e+06 
2.977266e+02 6.883190e+07 6.751836e+06 
3.754612e+02 6.473938e+07 6.558926e+06 
3.818256e+02 6.449822e+07 6.462472e+06 
3.434815e+02 6.795758e+07 6.173107e+06 
2.900281e+02 6.776329e+07 6.944746e+06 
3.802252e+02 6.538846e+07 5.980198e+06 
4.093883e+02 6.474477e+07 5.594378e+06 
3.298784e+02 6.840213e+07 6.366017e+06 
2.871239e+02 6.790450e+07 6.944746e+06 
4.149913e+02 6.427024e+07 5.787288e+06 
3.449576e+02 6.677547e+07 6.269562e+06 
4.260547e+02 6.534544e+07 5.208559e+06 
3.624768e+02 6.526909e+07 6.269562e+06 
3.092373e+02 6.815825e+07 6.655381e+06 
3.618546e+02 6.503822e+07 6.558926e+06 
3.905720e+02 6.665295e+07 5.401469e+06 
3.842866e+02 6.512397e+07 5.883743e+06 
3.906543e+02 6.416588e+07 6.366017e+06 
2.867039e+02 6.802608e+07 6.944746e+06 
3.988208e+02 6.448925e+07 5.883743e+06 
3.171652e+02 6.760674e+07 6.558926e+06 
3.520659e+02 6.576312e+07 6.269562e+06 
3.004319e+02 6.738284e+07 6.944746e+06 
2.968852e+02 6.845358e+07 6.848291e+06 
4.130667e+02 6.544132e+07 5.208559e+06 
3.564412e+02 6.800459e+07 5.787288e+06 

4.061844e+02 6.285431e+07 6.655381e+06 
2.885961e+02 6.793059e+07 6.944746e+06 
2.970539e+02 6.848505e+07 6.751836e+06 
4.479930e+02 6.249515e+07 6.173107e+06 
3.881667e+02 6.316254e+07 6.462472e+06 
3.707173e+02 6.486151e+07 6.269562e+06 
3.628689e+02 6.471991e+07 6.848291e+06 
4.000709e+02 6.587110e+07 5.594378e+06 
4.587574e+02 6.327880e+07 5.883743e+06 
3.990357e+02 6.321008e+07 6.366017e+06 
4.249039e+02 6.469015e+07 5.690833e+06 
3.950242e+02 6.371133e+07 6.076652e+06 
4.028683e+02 6.311754e+07 6.462472e+06 
3.442382e+02 6.843493e+07 6.173107e+06 
3.546795e+02 6.536421e+07 6.944746e+06 
4.539574e+02 6.248778e+07 6.269562e+06 
3.555825e+02 6.648847e+07 6.269562e+06 
3.781082e+02 6.397991e+07 6.462472e+06 
3.517777e+02 6.555024e+07 6.848291e+06 
2.772959e+02 6.917946e+07 6.944746e+06 
4.212607e+02 6.325087e+07 6.173107e+06 
3.324700e+02 6.779384e+07 6.366017e+06 
3.810455e+02 6.424409e+07 6.269562e+06 
3.411385e+02 6.630972e+07 6.848291e+06 
4.393865e+02 6.406305e+07 5.497924e+06 
4.781254e+02 6.246720e+07 6.076652e+06 
3.902112e+02 6.338567e+07 6.269562e+06 
3.579477e+02 6.481638e+07 6.848291e+06 
3.344354e+02 6.636765e+07 6.944746e+06 
3.989263e+02 6.473368e+07 5.980198e+06 
3.877420e+02 6.568687e+07 5.883743e+06 
3.624276e+02 6.636129e+07 6.173107e+06 
3.461751e+02 6.657484e+07 6.462472e+06 
4.078541e+02 6.512310e+07 5.497924e+06 
3.242015e+02 6.751394e+07 6.558926e+06 
3.794970e+02 6.656207e+07 5.690833e+06 
3.515089e+02 6.733864e+07 5.980198e+06 
3.909282e+02 6.409176e+07 6.173107e+06 
3.801784e+02 6.393499e+07 6.751836e+06 
4.332451e+02 6.264579e+07 6.366017e+06 
4.054722e+02 6.377852e+07 5.980198e+06 
3.629000e+02 6.686246e+07 5.980198e+06 
4.161858e+02 6.371842e+07 5.883743e+06 
3.252315e+02 6.798677e+07 6.366017e+06 
2.866223e+02 6.801330e+07 6.944746e+06 
3.486510e+02 6.598510e+07 6.558926e+06 
3.477472e+02 6.838922e+07 6.076652e+06 
3.716756e+02 6.554397e+07 6.076652e+06 
3.565728e+02 6.803629e+07 5.883743e+06 
4.975787e+02 6.367058e+07 5.690833e+06 
3.876431e+02 6.343190e+07 6.366017e+06 
3.326692e+02 6.664327e+07 6.848291e+06 
3.704201e+02 6.438654e+07 6.366017e+06 
3.827767e+02 6.500766e+07 6.076652e+06 
3.258999e+02 6.681457e+07 6.944746e+06 
3.332369e+02 6.649550e+07 6.944746e+06 
3.514741e+02 6.556294e+07 6.848291e+06 
3.421248e+02 6.560506e+07 6.848291e+06 
4.517634e+02 6.278585e+07 5.980198e+06 
4.395846e+02 6.270392e+07 6.076652e+06 
3.106537e+02 6.868055e+07 6.655381e+06 
3.078244e+02 6.718930e+07 6.944746e+06 
3.141218e+02 6.689342e+07 6.848291e+06 
3.665806e+02 6.720983e+07 5.787288e+06 
4.349068e+02 6.414280e+07 5.497924e+06 
4.421135e+02 6.351125e+07 5.883743e+06 
3.060896e+02 6.793734e+07 6.751836e+06 
4.131426e+02 6.504026e+07 5.594378e+06 
3.631552e+02 6.604572e+07 6.269562e+06 
3.744732e+02 6.654680e+07 5.787288e+06 
3.225166e+02 6.688365e+07 6.944746e+06 
4.862521e+02 6.380868e+07 5.594378e+06 
3.868363e+02 6.744974e+07 5.594378e+06 
3.132679e+02 6.710262e+07 6.751836e+06 
2.831461e+02 6.883505e+07 6.944746e+06 
2.946806e+02 6.764871e+07 6.944746e+06 
2.841457e+02 6.829263e+07 6.944746e+06 
4.636897e+02 6.242179e+07 6.173107e+06 
3.029312e+02 6.738821e+07 6.944746e+06 
3.902306e+02 6.660677e+07 5.594378e+06 
3.834763e+02 6.371841e+07 6.655381e+06 
3.731572e+02 6.608886e+07 5.980198e+06 
3.584157e+02 6.486339e+07 6.558926e+06 
3.146335e+02 6.788378e+07 6.655381e+06 
3.652983e+02 6.511663e+07 6.462472e+06 
3.868941e+02 6.349369e+07 6.462472e+06 
3.224561e+02 6.883744e+07 6.462472e+06 
3.490140e+02 6.877960e+07 5.787288e+06 
3.021913e+02 6.774982e+07 6.848291e+06 
2.891987e+02 6.867820e+07 6.848291e+06 
2.973355e+02 6.741995e+07 6.944746e+06 
3.415600e+02 6.693732e+07 6.462472e+06 
3.775519e+02 6.413451e+07 6.558926e+06 
2.905448e+02 6.767951e+07 6.944746e+06 
3.274070e+02 6.706952e+07 6.655381e+06 
4.481135e+02 6.251667e+07 6.076652e+06 
4.026384e+02 6.548110e+07 5.401469e+06 
3.169226e+02 6.901862e+07 6.558926e+06 
4.617732e+02 6.247615e+07 6.173107e+06 
4.253590e+02 6.508565e+07 5.401469e+06 

