2.493630e+02 5.872684e+07 5.353240e+06 
3.278498e+02 6.212485e+07 3.737622e+06 
2.629363e+02 5.805952e+07 5.160331e+06 
3.253066e+02 5.674753e+07 4.316351e+06 
3.164273e+02 6.320937e+07 3.544712e+06 
3.276172e+02 5.803262e+07 4.123441e+06 
2.773057e+02 6.047879e+07 4.514082e+06 
3.078256e+02 5.681851e+07 4.509260e+06 
2.675875e+02 5.928487e+07 4.681270e+06 
2.531167e+02 6.014044e+07 5.182835e+06 
2.732817e+02 6.205496e+07 4.629828e+06 
2.801803e+02 5.966475e+07 4.514082e+06 
2.866297e+02 5.759139e+07 5.087989e+06 
2.707052e+02 5.885486e+07 4.967421e+06 
2.738431e+02 5.733411e+07 5.160331e+06 
2.740556e+02 6.022018e+07 4.581602e+06 
2.446693e+02 6.072310e+07 5.859628e+06 
2.871614e+02 6.033528e+07 4.451386e+06 
3.228029e+02 5.617189e+07 4.509260e+06 
3.156265e+02 6.277927e+07 3.737622e+06 
2.506009e+02 5.855279e+07 5.473808e+06 
2.560588e+02 6.063551e+07 5.015647e+06 
2.820838e+02 5.903608e+07 4.514082e+06 
2.986053e+02 5.719377e+07 4.509260e+06 
2.887559e+02 6.406769e+07 4.316351e+06 
3.002389e+02 5.783511e+07 4.316351e+06 
3.374432e+02 5.662802e+07 4.123441e+06 
2.888998e+02 5.672108e+07 5.473808e+06 
2.634076e+02 5.981746e+07 4.952950e+06 
2.922898e+02 5.799980e+07 4.702170e+06 
3.012465e+02 6.249292e+07 3.930532e+06 
2.859597e+02 5.898257e+07 4.509260e+06 
3.059154e+02 5.632142e+07 4.895080e+06 
2.595399e+02 5.851661e+07 5.160331e+06 
2.994863e+02 6.306119e+07 3.949821e+06 
3.075816e+02 6.314850e+07 3.737622e+06 
3.216421e+02 6.222075e+07 3.737622e+06 
2.664108e+02 5.846725e+07 5.120139e+06 
2.819485e+02 5.782715e+07 4.895080e+06 
3.013600e+02 5.647893e+07 4.822738e+06 
2.663724e+02 5.759051e+07 5.160331e+06 
2.798729e+02 6.214711e+07 4.509260e+06 
2.577876e+02 5.800703e+07 5.473808e+06 
2.886047e+02 5.712125e+07 5.087989e+06 
2.745912e+02 5.717859e+07 5.353240e+06 
3.041298e+02 5.658983e+07 4.702170e+06 
3.336275e+02 5.743579e+07 4.123441e+06 
2.474625e+02 6.723296e+07 5.208557e+06 
2.921097e+02 5.969311e+07 4.195783e+06 
2.918954e+02 5.633621e+07 4.895080e+06 
3.082000e+02 5.641931e+07 4.629828e+06 
2.669877e+02 5.989627e+07 4.848458e+06 
3.342919e+02 5.585973e+07 4.316351e+06 
3.263418e+02 5.641135e+07 4.316351e+06 
3.249602e+02 5.581832e+07 4.702170e+06 
3.061003e+02 6.366014e+07 3.737622e+06 
2.429233e+02 6.103169e+07 5.739060e+06 
2.512541e+02 6.036285e+07 5.245531e+06 
3.321919e+02 5.568134e+07 4.509260e+06 
3.085778e+02 5.622904e+07 5.208557e+06 
2.562045e+02 5.925846e+07 5.160331e+06 
2.445288e+02 6.179998e+07 5.546150e+06 
3.094077e+02 5.637464e+07 4.509260e+06 
2.452145e+02 5.885712e+07 5.473808e+06 
3.099801e+02 6.086833e+07 4.123441e+06 
2.844927e+02 6.149010e+07 4.451386e+06 
3.385844e+02 5.659083e+07 4.123441e+06 
2.910453e+02 6.111783e+07 4.346894e+06 
2.542274e+02 6.088472e+07 5.087989e+06 
3.118406e+02 6.477236e+07 3.544712e+06 
3.201844e+02 6.110450e+07 3.858190e+06 
2.987854e+02 6.227820e+07 4.117009e+06 
2.629923e+02 5.916261e+07 4.967421e+06 
3.023816e+02 5.720069e+07 4.316351e+06 
2.596873e+02 5.743565e+07 5.353240e+06 
2.826188e+02 5.872392e+07 4.702170e+06 
2.742519e+02 5.719188e+07 5.353240e+06 
2.640963e+02 5.734794e+07 5.353240e+06 
2.953860e+02 5.919761e+07 4.346894e+06 
2.987049e+02 6.138554e+07 4.123441e+06 
2.854536e+02 6.084532e+07 4.436919e+06 
2.945838e+02 5.812790e+07 4.618574e+06 
2.511012e+02 5.837697e+07 5.517212e+06 
3.024149e+02 5.692948e+07 4.509260e+06 
2.770694e+02 5.855547e+07 4.774512e+06 
2.938935e+02 6.236801e+07 4.123441e+06 
2.902208e+02 6.362088e+07 4.244009e+06 
3.013006e+02 5.700749e+07 4.509260e+06 
3.119633e+02 5.632874e+07 4.509260e+06 
3.088690e+02 5.588342e+07 4.822738e+06 
2.654332e+02 6.133147e+07 4.895080e+06 
3.123665e+02 6.161174e+07 4.051100e+06 
3.126839e+02 6.357878e+07 3.615444e+06 
2.475213e+02 5.953487e+07 5.280899e+06 
2.881220e+02 5.722930e+07 5.015648e+06 
2.947535e+02 5.714620e+07 4.702170e+06 
2.772174e+02 5.826294e+07 4.895080e+06 
2.933756e+02 6.317585e+07 4.123441e+06 
2.538674e+02 5.810707e+07 5.353240e+06 
2.986506e+02 5.899800e+07 4.316351e+06 

2.707921e+02 5.526747e+07 5.980196e+06 
2.577629e+02 5.633135e+07 5.425582e+06 
2.346989e+02 6.156620e+07 6.366015e+06 
2.804911e+02 5.954719e+07 4.026986e+06 
2.515686e+02 5.708691e+07 5.883741e+06 
2.645873e+02 5.969157e+07 4.919193e+06 
2.770953e+02 5.909831e+07 4.263299e+06 
2.784085e+02 5.771544e+07 4.605715e+06 
2.403627e+02 5.835662e+07 6.173105e+06 
2.683925e+02 5.543918e+07 5.787286e+06 
2.405676e+02 5.850118e+07 5.980196e+06 
3.035958e+02 5.628098e+07 4.798625e+06 
3.090210e+02 5.755208e+07 3.834077e+06 
2.560364e+02 5.648747e+07 5.425582e+06 
2.415701e+02 6.271005e+07 5.763173e+06 
2.825569e+02 5.730514e+07 4.798625e+06 
3.230400e+02 5.642993e+07 4.219896e+06 
2.561956e+02 5.875303e+07 5.112102e+06 
2.685279e+02 5.617807e+07 5.232672e+06 
3.421785e+02 5.681045e+07 3.834077e+06 
2.633833e+02 5.577330e+07 5.666718e+06 
2.984143e+02 5.585508e+07 4.870966e+06 
2.379672e+02 5.881559e+07 5.883741e+06 
2.529416e+02 5.668994e+07 5.425582e+06 
3.478943e+02 5.507039e+07 4.605715e+06 
2.798262e+02 5.870377e+07 4.219896e+06 
2.630510e+02 5.692728e+07 5.232672e+06 
2.664685e+02 5.546703e+07 5.980196e+06 
2.864271e+02 5.702274e+07 4.726283e+06 
2.548554e+02 6.359892e+07 5.280899e+06 
2.418821e+02 5.834761e+07 6.173105e+06 
2.679996e+02 6.043191e+07 4.702170e+06 
2.989242e+02 5.736959e+07 4.219896e+06 
2.752443e+02 5.582536e+07 5.039763e+06 
2.756303e+02 5.792892e+07 4.605715e+06 
2.587356e+02 5.816914e+07 5.112102e+06 
3.189379e+02 5.579439e+07 4.412806e+06 
2.862754e+02 5.734194e+07 4.412806e+06 
2.472419e+02 5.758204e+07 6.173105e+06 
3.179752e+02 5.544600e+07 4.798625e+06 
2.745498e+02 5.540742e+07 5.425582e+06 
2.354190e+02 6.098205e+07 6.245447e+06 
3.131843e+02 5.696402e+07 4.219896e+06 
3.193099e+02 5.695422e+07 4.026986e+06 
2.744181e+02 5.490454e+07 5.787286e+06 
2.447200e+02 5.896688e+07 5.690831e+06 
3.146237e+02 5.564021e+07 4.678057e+06 
2.904598e+02 5.778315e+07 4.219896e+06 
3.107478e+02 5.832829e+07 3.641167e+06 
2.366233e+02 6.047198e+07 6.245447e+06 
2.600676e+02 5.597121e+07 5.425582e+06 
2.938204e+02 5.784692e+07 3.834077e+06 
2.616825e+02 5.784690e+07 4.991534e+06 
2.587640e+02 5.602586e+07 5.859628e+06 
2.762620e+02 5.920190e+07 4.412806e+06 
3.180860e+02 5.807708e+07 3.351803e+06 
2.775511e+02 5.882911e+07 4.219896e+06 
2.444260e+02 6.154285e+07 5.473808e+06 
2.575251e+02 5.643716e+07 5.546150e+06 
3.055457e+02 5.552426e+07 4.870966e+06 
2.510144e+02 5.848683e+07 5.425582e+06 
2.489765e+02 5.777241e+07 5.546150e+06 
2.986788e+02 5.669844e+07 4.533374e+06 
2.658167e+02 5.867200e+07 4.919193e+06 
2.520177e+02 5.698212e+07 5.425582e+06 
2.703433e+02 5.839901e+07 4.798625e+06 
3.166381e+02 5.520266e+07 4.870966e+06 
2.487026e+02 5.725772e+07 5.883741e+06 
3.030715e+02 5.751140e+07 4.026986e+06 
2.600163e+02 5.740416e+07 5.232672e+06 
2.393532e+02 6.460899e+07 5.787286e+06 
2.662118e+02 5.571069e+07 5.787286e+06 
2.570944e+02 5.733043e+07 5.353240e+06 
2.608619e+02 5.588226e+07 5.666718e+06 
3.325283e+02 5.790178e+07 3.641167e+06 
2.838328e+02 5.676170e+07 4.943308e+06 
2.468645e+02 5.779810e+07 6.173105e+06 
3.148138e+02 5.887848e+07 3.544712e+06 
2.450054e+02 5.823770e+07 6.076650e+06 
2.852372e+02 5.981525e+07 3.834077e+06 
2.813968e+02 5.501848e+07 5.666718e+06 
2.903366e+02 5.515365e+07 5.232672e+06 
2.966281e+02 5.776810e+07 3.834077e+06 
3.364222e+02 5.692680e+07 3.834077e+06 
2.457906e+02 5.816480e+07 6.076650e+06 
3.090139e+02 5.888998e+07 3.641167e+06 
3.162840e+02 5.716928e+07 3.834077e+06 
2.353886e+02 6.251056e+07 6.052537e+06 
2.871864e+02 5.480135e+07 5.666718e+06 
3.100419e+02 5.632746e+07 4.533374e+06 
2.743056e+02 5.916156e+07 4.430488e+06 
2.875832e+02 5.855761e+07 4.026986e+06 
2.953925e+02 5.470948e+07 5.425582e+06 
2.911092e+02 5.690570e+07 4.412806e+06 
2.670626e+02 5.956095e+07 4.798625e+06 
2.766206e+02 5.547728e+07 5.232672e+06 
2.517462e+02 6.096580e+07 5.401467e+06 
2.607484e+02 6.175086e+07 4.991534e+06 
3.222613e+02 5.555490e+07 4.412806e+06 
2.661620e+02 6.026552e+07 4.798625e+06 

2.599856e+02 6.110158e+07 4.557487e+06 
3.067343e+02 5.816192e+07 3.400031e+06 
2.972656e+02 5.721524e+07 3.834077e+06 
2.548385e+02 5.895916e+07 4.869356e+06 
2.811720e+02 5.826437e+07 4.026986e+06 
3.055877e+02 5.829034e+07 3.448258e+06 
2.817563e+02 5.659136e+07 4.219896e+06 
2.602600e+02 5.813831e+07 4.991534e+06 
2.993792e+02 5.785035e+07 3.657242e+06 
2.711846e+02 5.728193e+07 4.430488e+06 
2.576953e+02 5.990677e+07 4.653942e+06 
2.652438e+02 5.779959e+07 4.597676e+06 
2.507879e+02 5.947058e+07 5.329125e+06 
2.677737e+02 5.783652e+07 4.412806e+06 
2.981714e+02 5.881116e+07 3.490054e+06 
2.414374e+02 6.083796e+07 5.594376e+06 
2.943078e+02 5.786226e+07 3.713509e+06 
2.728608e+02 5.734515e+07 4.412806e+06 
2.610381e+02 5.866474e+07 4.678057e+06 
3.111923e+02 5.833342e+07 3.322866e+06 
2.420157e+02 6.000026e+07 5.594376e+06 
2.925229e+02 5.899417e+07 3.713509e+06 
2.419217e+02 6.103461e+07 5.401467e+06 
2.749775e+02 5.674562e+07 4.412806e+06 
2.954072e+02 5.745710e+07 3.834077e+06 
2.979011e+02 5.917052e+07 3.490054e+06 
2.714273e+02 5.798250e+07 4.219896e+06 
3.112332e+02 5.702695e+07 3.719939e+06 
3.111261e+02 5.787729e+07 3.520599e+06 
2.574312e+02 5.915420e+07 4.726283e+06 
3.095168e+02 5.685206e+07 4.099328e+06 
3.036066e+02 5.869048e+07 3.260169e+06 
2.843671e+02 5.598659e+07 4.412806e+06 
2.700493e+02 5.718256e+07 4.597676e+06 
3.111107e+02 5.723239e+07 3.713509e+06 
2.939613e+02 5.810472e+07 3.657242e+06 
2.774208e+02 5.796670e+07 4.096111e+06 
2.418781e+02 6.039571e+07 5.522035e+06 
3.105609e+02 5.764609e+07 3.641167e+06 
2.431857e+02 6.169748e+07 5.329125e+06 
2.512618e+02 5.925917e+07 5.401467e+06 
3.033291e+02 6.075044e+07 3.260169e+06 
2.503782e+02 5.954859e+07 5.401467e+06 
2.578977e+02 5.830102e+07 4.869356e+06 
2.433910e+02 6.065259e+07 5.350023e+06 
2.566523e+02 5.872194e+07 4.764864e+06 
2.822627e+02 5.813828e+07 3.928923e+06 
2.919772e+02 5.807985e+07 3.761734e+06 
2.447188e+02 5.997426e+07 5.287327e+06 
2.513612e+02 5.893345e+07 5.136216e+06 
2.547324e+02 6.024826e+07 4.702170e+06 
2.931142e+02 5.937195e+07 3.657242e+06 
3.014186e+02 5.853448e+07 3.490054e+06 
2.499194e+02 5.993863e+07 5.232670e+06 
2.404927e+02 6.081563e+07 5.787286e+06 
2.499095e+02 6.012675e+07 5.039761e+06 
2.607337e+02 5.968288e+07 4.605715e+06 
2.639933e+02 5.832959e+07 4.430488e+06 
2.483176e+02 6.008128e+07 5.112102e+06 
3.013036e+02 5.906249e+07 3.448258e+06 
3.135989e+02 5.886643e+07 3.448258e+06 
3.083633e+02 5.797534e+07 3.520599e+06 
3.011540e+02 5.799460e+07 3.641167e+06 
2.940729e+02 5.774549e+07 3.834077e+06 
2.792369e+02 5.734853e+07 4.219896e+06 
2.583662e+02 5.834996e+07 4.726283e+06 
2.896870e+02 5.756712e+07 4.026986e+06 
2.997253e+02 5.809779e+07 3.520599e+06 
2.970924e+02 5.829734e+07 3.641167e+06 
2.637422e+02 5.766522e+07 4.605715e+06 
2.658044e+02 5.821812e+07 4.340464e+06 
2.970926e+02 5.747797e+07 3.713509e+06 
2.521061e+02 5.936184e+07 4.846851e+06 
2.694998e+02 5.735227e+07 4.430488e+06 
2.631138e+02 6.136695e+07 4.534980e+06 
2.605007e+02 5.812830e+07 4.798625e+06 
2.846769e+02 5.820082e+07 3.761734e+06 
2.439534e+02 6.198565e+07 5.208557e+06 
2.787639e+02 5.916570e+07 4.033415e+06 
2.805269e+02 5.891312e+07 4.026986e+06 
2.773253e+02 6.012026e+07 4.200603e+06 
2.555443e+02 5.886165e+07 5.036545e+06 
2.403274e+02 6.112386e+07 5.522035e+06 
2.549669e+02 5.889664e+07 5.329125e+06 
2.878609e+02 5.699519e+07 4.219896e+06 
2.737692e+02 5.669117e+07 4.597676e+06 
2.686043e+02 5.776584e+07 4.263299e+06 
2.562102e+02 6.192696e+07 4.618574e+06 
2.452235e+02 6.115317e+07 5.208557e+06 
2.899329e+02 5.800275e+07 3.906418e+06 
2.384814e+02 6.169437e+07 5.401467e+06 
2.718076e+02 5.747487e+07 4.412806e+06 
3.137064e+02 5.804433e+07 3.490054e+06 
2.519625e+02 5.942707e+07 5.015648e+06 
2.779116e+02 5.655431e+07 4.412806e+06 
2.674119e+02 5.762445e+07 4.514082e+06 
2.562276e+02 5.878636e+07 5.401467e+06 
2.830733e+02 5.775830e+07 4.026986e+06 
3.014270e+02 5.739522e+07 3.713509e+06 
2.468720e+02 6.190952e+07 5.015648e+06 

2.948530e+02 5.606462e+07 4.774512e+06 
2.542002e+02 6.011263e+07 5.063876e+06 
3.030095e+02 6.029692e+07 3.496486e+06 
2.685636e+02 5.748554e+07 4.750398e+06 
3.039704e+02 5.722841e+07 3.882305e+06 
2.785329e+02 5.691046e+07 4.557489e+06 
2.919631e+02 5.610017e+07 4.967421e+06 
2.840105e+02 5.775178e+07 4.171670e+06 
2.852856e+02 5.762157e+07 4.171670e+06 
2.434037e+02 6.464524e+07 6.607151e+06 
2.609748e+02 5.935878e+07 4.870966e+06 
2.660122e+02 5.767813e+07 4.750398e+06 
2.490969e+02 5.980996e+07 5.160331e+06 
3.102607e+02 5.617014e+07 4.774512e+06 
2.478641e+02 5.961044e+07 5.497922e+06 
2.914490e+02 5.660582e+07 4.678057e+06 
2.854243e+02 5.870594e+07 4.075215e+06 
3.101330e+02 5.530609e+07 4.967421e+06 
2.670692e+02 5.742415e+07 5.063876e+06 
2.962041e+02 5.901424e+07 3.785850e+06 
2.758239e+02 5.689595e+07 4.750398e+06 
3.024527e+02 5.768245e+07 4.002873e+06 
2.929506e+02 5.723396e+07 4.002873e+06 
2.828751e+02 5.654083e+07 4.991534e+06 
2.869372e+02 5.726503e+07 4.268124e+06 
3.075790e+02 5.693604e+07 3.908025e+06 
3.026299e+02 5.599940e+07 4.774512e+06 
2.946153e+02 5.997215e+07 3.713509e+06 
2.873767e+02 5.811558e+07 3.882305e+06 
2.588252e+02 6.018878e+07 4.870966e+06 
2.973694e+02 5.813372e+07 3.785850e+06 
2.979241e+02 5.712803e+07 4.075215e+06 
2.618734e+02 5.779345e+07 5.160331e+06 
2.425109e+02 6.609720e+07 6.486583e+06 
2.930011e+02 5.687282e+07 4.364579e+06 
2.582538e+02 5.800605e+07 5.497922e+06 
2.435617e+02 6.078663e+07 5.497922e+06 
2.711519e+02 5.731654e+07 4.750398e+06 
2.706046e+02 5.791281e+07 4.485147e+06 
2.981504e+02 5.895888e+07 3.689396e+06 
2.603937e+02 5.890478e+07 4.967421e+06 
2.680671e+02 5.871620e+07 4.557489e+06 
2.560566e+02 5.997625e+07 5.015648e+06 
2.548610e+02 5.812863e+07 5.353240e+06 
2.579747e+02 5.806155e+07 5.160331e+06 
2.883982e+02 5.741869e+07 4.075215e+06 
2.509766e+02 5.912160e+07 5.160331e+06 
2.827296e+02 5.800948e+07 4.171670e+06 
2.577606e+02 5.810945e+07 5.160331e+06 
2.994065e+02 5.739011e+07 3.785850e+06 
2.644695e+02 5.891388e+07 4.678057e+06 
2.588391e+02 5.771137e+07 5.666718e+06 
2.851048e+02 5.685803e+07 4.557489e+06 
3.171265e+02 5.955460e+07 3.617054e+06 
3.044001e+02 5.910879e+07 3.400031e+06 
2.906767e+02 5.696229e+07 4.268124e+06 
2.791257e+02 5.840622e+07 4.268124e+06 
2.990298e+02 6.011549e+07 3.573648e+06 
3.083878e+02 5.803311e+07 3.689396e+06 
2.835056e+02 5.929418e+07 4.075215e+06 
2.832080e+02 5.674760e+07 4.870966e+06 
2.699181e+02 5.747060e+07 4.678057e+06 
2.993388e+02 5.835808e+07 3.592941e+06 
2.531194e+02 5.813841e+07 5.160331e+06 
2.566664e+02 5.972412e+07 4.967421e+06 
2.532891e+02 6.214366e+07 5.087989e+06 
2.910064e+02 5.940525e+07 3.785850e+06 
3.051136e+02 5.887907e+07 3.496486e+06 
2.550020e+02 5.905449e+07 5.063876e+06 
2.693837e+02 5.811246e+07 4.364579e+06 
2.942532e+02 5.660068e+07 4.774512e+06 
2.631207e+02 5.795828e+07 5.063876e+06 
2.624664e+02 6.041155e+07 4.798625e+06 
2.650237e+02 5.789422e+07 4.943308e+06 
2.676611e+02 5.713562e+07 4.943308e+06 
2.526924e+02 5.875939e+07 5.160331e+06 
3.065949e+02 5.689158e+07 4.002873e+06 
3.039644e+02 5.650800e+07 4.075215e+06 
3.107655e+02 6.077346e+07 3.303576e+06 
2.969189e+02 5.671436e+07 4.268124e+06 
2.969080e+02 5.822769e+07 3.740837e+06 
3.105998e+02 5.846174e+07 3.496486e+06 
2.504098e+02 5.930747e+07 5.883741e+06 
2.684737e+02 5.801491e+07 4.557489e+06 
3.064690e+02 5.545916e+07 4.774512e+06 
2.732974e+02 5.711810e+07 4.364579e+06 
2.821977e+02 5.974711e+07 4.075215e+06 
2.606983e+02 5.735234e+07 5.473808e+06 
2.677578e+02 5.920569e+07 4.557489e+06 
3.008341e+02 6.077449e+07 3.520599e+06 
2.469415e+02 6.110051e+07 5.280899e+06 
2.759448e+02 5.690348e+07 4.678057e+06 
2.852553e+02 5.626116e+07 4.750398e+06 
2.776213e+02 5.672656e+07 4.943308e+06 
3.139623e+02 5.751083e+07 3.689396e+06 
2.615675e+02 5.880148e+07 4.870966e+06 
2.524730e+02 5.910283e+07 5.690831e+06 
2.585872e+02 5.840776e+07 5.063876e+06 
2.955180e+02 5.779271e+07 3.991619e+06 
2.779624e+02 5.939195e+07 4.171670e+06 

2.497148e+02 6.159684e+07 5.473808e+06 
3.119437e+02 5.969636e+07 3.737622e+06 
2.916768e+02 5.654190e+07 5.015648e+06 
2.629596e+02 5.870065e+07 5.497922e+06 
2.550076e+02 5.933896e+07 5.329125e+06 
2.866025e+02 5.833147e+07 4.412806e+06 
2.633058e+02 5.864159e+07 5.184444e+06 
2.722282e+02 5.769237e+07 4.798625e+06 
2.911560e+02 5.769341e+07 4.412806e+06 
2.593123e+02 6.476031e+07 4.952950e+06 
3.145134e+02 5.864838e+07 3.930532e+06 
2.388476e+02 6.505234e+07 6.124879e+06 
2.427856e+02 6.459151e+07 6.124879e+06 
2.680463e+02 5.789853e+07 5.280899e+06 
2.766315e+02 5.833699e+07 4.702170e+06 
2.974715e+02 6.220321e+07 4.096111e+06 
2.818505e+02 7.431841e+07 4.268122e+06 
2.954824e+02 5.857440e+07 4.316351e+06 
3.014009e+02 5.680733e+07 4.436919e+06 
3.247464e+02 6.056236e+07 3.665280e+06 
2.810839e+02 5.803120e+07 4.605715e+06 
2.857250e+02 5.955129e+07 4.412806e+06 
3.328806e+02 5.934184e+07 3.544712e+06 
3.026814e+02 6.000179e+07 4.123441e+06 
3.387726e+02 5.711000e+07 4.123441e+06 
2.816391e+02 5.741850e+07 4.702170e+06 
2.813623e+02 6.104408e+07 4.534980e+06 
2.685276e+02 7.536595e+07 4.653942e+06 
2.734026e+02 5.754327e+07 5.112102e+06 
2.827782e+02 5.654745e+07 5.112102e+06 
3.076546e+02 5.904588e+07 4.051100e+06 
2.874649e+02 5.668638e+07 4.702170e+06 
3.502941e+02 5.875941e+07 3.665280e+06 
2.700632e+02 7.274248e+07 4.653942e+06 
2.605584e+02 6.260627e+07 4.895080e+06 
2.487584e+02 6.319502e+07 5.401467e+06 
3.043857e+02 6.050639e+07 3.834077e+06 
3.064786e+02 5.991119e+07 3.930532e+06 
2.701070e+02 5.781624e+07 5.184444e+06 
2.809253e+02 7.482316e+07 4.430488e+06 
2.917898e+02 6.109155e+07 4.219896e+06 
2.683695e+02 5.862609e+07 4.798625e+06 
2.523178e+02 5.954099e+07 5.859628e+06 
2.492997e+02 5.985423e+07 6.173105e+06 
2.528424e+02 6.021743e+07 5.280899e+06 
2.650014e+02 5.998429e+07 4.895080e+06 
2.471398e+02 6.258613e+07 5.594376e+06 
2.770679e+02 5.698444e+07 4.895080e+06 
2.511649e+02 5.975413e+07 5.980196e+06 
2.584642e+02 5.872852e+07 5.112102e+06 
2.845289e+02 5.955997e+07 4.509260e+06 
2.768829e+02 5.722162e+07 5.184444e+06 
2.835202e+02 5.761919e+07 4.605715e+06 
2.729065e+02 6.295380e+07 4.605715e+06 
2.648867e+02 5.839459e+07 4.991534e+06 
3.141643e+02 5.799198e+07 4.123441e+06 
3.026723e+02 5.806552e+07 4.284197e+06 
3.231239e+02 5.770671e+07 4.123441e+06 
3.147320e+02 5.672087e+07 4.436919e+06 
2.560705e+02 5.924265e+07 5.618490e+06 
2.664788e+02 5.813229e+07 4.895080e+06 
2.539831e+02 6.008882e+07 5.208557e+06 
2.825794e+02 5.689012e+07 5.015648e+06 
3.197458e+02 5.826554e+07 4.051100e+06 
3.058168e+02 5.820906e+07 4.123441e+06 
2.919841e+02 5.927807e+07 4.316351e+06 
2.965509e+02 5.633004e+07 4.702170e+06 
3.256302e+02 6.121164e+07 3.641167e+06 
2.633964e+02 5.863184e+07 5.305012e+06 
2.584478e+02 6.085329e+07 4.991534e+06 
2.564485e+02 6.195984e+07 5.112102e+06 
2.490354e+02 6.013449e+07 6.052537e+06 
2.456136e+02 6.824301e+07 5.739060e+06 
2.568931e+02 5.915708e+07 6.052537e+06 
3.341185e+02 5.897818e+07 3.544712e+06 
3.288226e+02 5.914777e+07 3.641167e+06 
3.275042e+02 5.847048e+07 3.737622e+06 
2.423930e+02 6.492991e+07 6.245447e+06 
2.794756e+02 7.599799e+07 4.534980e+06 
3.325886e+02 5.689001e+07 4.316351e+06 
2.639514e+02 5.837372e+07 5.401467e+06 
2.746342e+02 5.890989e+07 4.605715e+06 
2.754787e+02 5.731607e+07 4.895080e+06 
3.160019e+02 5.908413e+07 3.834077e+06 
2.984997e+02 6.060401e+07 4.123441e+06 
2.481450e+02 6.017992e+07 6.293673e+06 
2.451004e+02 6.294079e+07 5.980196e+06 
3.162583e+02 5.716810e+07 4.244009e+06 
2.669869e+02 6.027847e+07 4.702168e+06 
2.435766e+02 6.048731e+07 6.438356e+06 
2.466562e+02 6.047606e+07 5.666718e+06 
2.417736e+02 6.503004e+07 6.438356e+06 
2.567689e+02 5.978950e+07 5.036545e+06 
2.951654e+02 5.716066e+07 4.509260e+06 
3.148945e+02 5.658738e+07 4.509260e+06 
2.472552e+02 6.029521e+07 6.293673e+06 
3.483213e+02 5.957679e+07 3.472371e+06 
3.093214e+02 5.767338e+07 4.244009e+06 
2.886785e+02 6.193736e+07 4.325996e+06 
2.570867e+02 5.903984e+07 5.618490e+06 

2.747852e+02 6.054763e+07 4.367791e+06 
2.998238e+02 6.462747e+07 3.978758e+06 
2.759920e+02 6.036724e+07 4.367791e+06 
2.905927e+02 5.853564e+07 4.726283e+06 
2.779696e+02 5.944793e+07 4.533374e+06 
2.787282e+02 6.169696e+07 4.364577e+06 
2.515186e+02 6.086002e+07 5.136216e+06 
2.571965e+02 6.166095e+07 4.785762e+06 
2.600563e+02 5.994463e+07 5.136216e+06 
2.585101e+02 6.197903e+07 4.750396e+06 
2.671365e+02 5.953687e+07 4.726283e+06 
2.573040e+02 6.021965e+07 4.943306e+06 
2.643034e+02 5.930365e+07 4.750396e+06 
2.651525e+02 6.034564e+07 4.702168e+06 
2.657119e+02 5.869047e+07 4.822738e+06 
2.585012e+02 6.079422e+07 4.846851e+06 
2.761604e+02 5.963112e+07 4.451386e+06 
2.603421e+02 6.016425e+07 4.750396e+06 
2.925478e+02 6.529285e+07 3.928923e+06 
2.534764e+02 6.061547e+07 4.952950e+06 
2.815916e+02 6.700788e+07 4.263299e+06 
2.673335e+02 5.997895e+07 4.702168e+06 
2.950787e+02 6.358845e+07 4.179705e+06 
2.536759e+02 6.032633e+07 5.136216e+06 
2.579379e+02 6.019151e+07 4.943306e+06 
2.823234e+02 6.402671e+07 4.075213e+06 
3.198306e+02 6.026648e+07 4.340464e+06 
2.568865e+02 6.328749e+07 4.750396e+06 
2.986638e+02 6.347741e+07 4.075213e+06 
2.972668e+02 6.059583e+07 4.147554e+06 
2.586139e+02 6.161475e+07 4.750396e+06 
2.581330e+02 6.005194e+07 5.136216e+06 
2.702102e+02 5.916700e+07 5.208557e+06 
2.901757e+02 6.686416e+07 4.012517e+06 
2.655711e+02 6.008795e+07 4.653942e+06 
2.958010e+02 6.385363e+07 4.147554e+06 
2.939095e+02 5.838070e+07 5.329125e+06 
2.709405e+02 6.077476e+07 4.461032e+06 
2.554196e+02 6.045946e+07 5.136216e+06 
2.527230e+02 6.089708e+07 4.943306e+06 
2.631091e+02 5.966883e+07 4.750396e+06 
2.687620e+02 6.272714e+07 4.364577e+06 
2.484079e+02 6.447460e+07 5.522035e+06 
2.834949e+02 5.887449e+07 4.533374e+06 
2.620753e+02 6.101650e+07 4.557487e+06 
2.592008e+02 6.058319e+07 4.869356e+06 
2.688164e+02 5.989155e+07 4.534980e+06 
2.576495e+02 6.030405e+07 4.943306e+06 
2.903916e+02 6.457881e+07 4.012517e+06 
2.549822e+02 6.212959e+07 4.785762e+06 
2.695602e+02 6.265161e+07 4.461032e+06 
2.850953e+02 5.920011e+07 4.451386e+06 
2.635978e+02 5.944050e+07 4.822738e+06 
2.504186e+02 6.218539e+07 4.952950e+06 
2.517710e+02 6.152385e+07 4.952950e+06 
2.849368e+02 6.094096e+07 4.284197e+06 
2.610122e+02 5.972636e+07 4.785762e+06 
2.546726e+02 6.080258e+07 5.136216e+06 
2.494444e+02 6.377975e+07 5.522035e+06 
2.536662e+02 6.037342e+07 4.943306e+06 
2.796300e+02 6.036388e+07 4.284197e+06 
2.736877e+02 5.913839e+07 4.534980e+06 
2.664209e+02 5.927756e+07 4.750396e+06 
2.631082e+02 5.988796e+07 4.750396e+06 
2.610716e+02 6.303290e+07 4.681270e+06 
2.918233e+02 6.101122e+07 4.268122e+06 
3.093979e+02 6.371743e+07 4.268122e+06 
2.601241e+02 5.996468e+07 4.943306e+06 
2.637880e+02 5.947131e+07 4.943306e+06 
2.754901e+02 6.210768e+07 4.364577e+06 
2.950920e+02 6.493258e+07 3.928923e+06 
2.726315e+02 5.839751e+07 4.629828e+06 
2.808830e+02 5.994222e+07 4.451386e+06 
2.929148e+02 5.932066e+07 4.533374e+06 
2.703992e+02 6.039848e+07 4.533374e+06 
2.872177e+02 6.091969e+07 4.325996e+06 
3.067248e+02 6.408360e+07 4.179705e+06 
2.495386e+02 6.083630e+07 5.136216e+06 
2.503560e+02 6.303431e+07 4.943306e+06 
2.651507e+02 6.572426e+07 4.461032e+06 
2.653477e+02 6.259011e+07 4.534980e+06 
2.546392e+02 6.029192e+07 5.136216e+06 
2.895712e+02 6.141471e+07 4.268122e+06 
2.518700e+02 6.083072e+07 5.136216e+06 
2.743265e+02 5.918648e+07 4.534980e+06 
2.520551e+02 6.073716e+07 4.952950e+06 
2.893559e+02 6.162110e+07 4.268122e+06 
2.591011e+02 6.126855e+07 4.822738e+06 
2.705970e+02 5.904624e+07 4.726283e+06 
2.757128e+02 5.966622e+07 4.367791e+06 
2.839387e+02 5.837326e+07 5.015648e+06 
2.843068e+02 6.251300e+07 4.268122e+06 
2.602542e+02 6.064938e+07 4.785762e+06 
3.323529e+02 5.991619e+07 4.461032e+06 
2.546534e+02 6.025345e+07 5.136216e+06 
2.716121e+02 6.134724e+07 4.367791e+06 
2.624702e+02 6.019598e+07 4.750396e+06 
2.871315e+02 5.960461e+07 4.436919e+06 
2.977605e+02 6.041831e+07 4.268122e+06 
2.895454e+02 5.946935e+07 4.340464e+06 

2.395071e+02 5.966056e+07 5.112102e+06 
3.115031e+02 6.364200e+07 3.158893e+06 
2.353825e+02 6.076113e+07 5.425580e+06 
2.671061e+02 5.876434e+07 4.533374e+06 
3.082826e+02 6.098417e+07 3.496486e+06 
2.597546e+02 5.864608e+07 4.726283e+06 
2.438554e+02 5.954670e+07 4.726283e+06 
2.357168e+02 6.208779e+07 5.232670e+06 
2.907598e+02 6.031909e+07 4.099328e+06 
2.844078e+02 6.489181e+07 3.845329e+06 
3.095223e+02 6.062647e+07 3.424144e+06 
2.524315e+02 6.399057e+07 4.147554e+06 
2.502553e+02 5.895469e+07 4.533374e+06 
3.222290e+02 6.191131e+07 3.134780e+06 
2.810345e+02 6.010535e+07 4.316351e+06 
2.624686e+02 5.836513e+07 4.726283e+06 
2.372723e+02 6.013077e+07 5.112102e+06 
2.445715e+02 6.369640e+07 4.346894e+06 
2.471670e+02 6.129744e+07 4.451386e+06 
2.560426e+02 5.970360e+07 4.340464e+06 
2.541383e+02 5.979400e+07 4.340464e+06 
2.351615e+02 6.254395e+07 5.329125e+06 
3.108365e+02 6.039063e+07 3.424144e+06 
3.172568e+02 6.160566e+07 3.231235e+06 
2.395034e+02 6.282354e+07 4.436919e+06 
3.228026e+02 6.172496e+07 3.158893e+06 
2.344299e+02 6.102692e+07 5.522035e+06 
3.038181e+02 6.394375e+07 3.327690e+06 
2.820736e+02 6.611654e+07 4.026986e+06 
2.921437e+02 6.041422e+07 3.928923e+06 
2.364415e+02 6.061166e+07 4.785762e+06 
2.824115e+02 6.159846e+07 4.012517e+06 
3.017182e+02 6.052610e+07 3.809964e+06 
2.357499e+02 6.022023e+07 5.522035e+06 
2.352053e+02 6.107849e+07 5.305012e+06 
2.973716e+02 5.928257e+07 4.316351e+06 
2.385325e+02 6.012105e+07 5.120139e+06 
2.866822e+02 6.162850e+07 3.928923e+06 
2.496700e+02 5.890610e+07 4.726283e+06 
2.918621e+02 6.092747e+07 3.761734e+06 
2.359345e+02 6.055879e+07 5.208557e+06 
3.038816e+02 6.021511e+07 3.809964e+06 
2.891457e+02 6.171683e+07 3.906418e+06 
2.464522e+02 5.925811e+07 4.726283e+06 
2.454333e+02 6.363177e+07 4.340464e+06 
2.804698e+02 6.034436e+07 4.219896e+06 
2.538891e+02 5.881293e+07 4.533374e+06 
2.419492e+02 6.184584e+07 4.533374e+06 
2.667041e+02 5.958397e+07 4.340464e+06 
3.027094e+02 6.167528e+07 3.424144e+06 
3.174871e+02 6.177345e+07 3.158893e+06 
2.451040e+02 5.914601e+07 4.785762e+06 
3.013271e+02 5.956517e+07 4.195783e+06 
2.348705e+02 6.078502e+07 5.425580e+06 
2.392781e+02 5.968265e+07 5.208557e+06 
3.106679e+02 5.989941e+07 3.617054e+06 
3.072967e+02 6.316462e+07 3.207122e+06 
3.103237e+02 6.183288e+07 3.327690e+06 
2.977676e+02 6.367865e+07 3.448256e+06 
3.038401e+02 5.983504e+07 3.906418e+06 
3.048817e+02 6.238713e+07 3.231235e+06 
2.889545e+02 5.962996e+07 4.195783e+06 
2.880048e+02 6.338028e+07 3.866226e+06 
2.946198e+02 6.073409e+07 3.617054e+06 
2.908950e+02 6.275138e+07 3.845329e+06 
2.424611e+02 5.959848e+07 4.785762e+06 
3.200346e+02 6.243533e+07 2.886273e+06 
2.730079e+02 6.210010e+07 4.219896e+06 
3.180177e+02 6.002473e+07 3.424144e+06 
2.446986e+02 6.028666e+07 4.533374e+06 
2.374990e+02 6.045108e+07 4.726283e+06 
2.407230e+02 5.982191e+07 4.618574e+06 
3.004220e+02 6.348960e+07 3.424144e+06 
3.205712e+02 6.158497e+07 3.351803e+06 
2.498453e+02 5.935305e+07 4.533374e+06 
3.264767e+02 6.389891e+07 2.845416e+06 
3.137570e+02 6.217441e+07 3.038325e+06 
2.843470e+02 6.099196e+07 4.026986e+06 
3.003010e+02 5.962066e+07 3.924504e+06 
3.172196e+02 6.207835e+07 3.052390e+06 
2.784720e+02 6.414412e+07 4.099328e+06 
2.787011e+02 6.115480e+07 4.219896e+06 
3.049251e+02 6.054071e+07 3.617054e+06 
2.384912e+02 6.157878e+07 4.618574e+06 
2.356730e+02 6.034368e+07 5.329125e+06 
3.115518e+02 6.167561e+07 3.327690e+06 
2.491256e+02 6.074083e+07 4.451386e+06 
2.779206e+02 6.176312e+07 4.179705e+06 
2.357434e+02 6.025442e+07 5.522035e+06 
2.977438e+02 6.265496e+07 3.510952e+06 
2.461846e+02 6.171353e+07 4.340464e+06 
2.803718e+02 5.867786e+07 4.533374e+06 
2.395265e+02 6.029492e+07 4.726283e+06 
2.883194e+02 6.049020e+07 3.928923e+06 
2.653780e+02 5.906112e+07 4.461032e+06 
3.128880e+02 6.180698e+07 3.280801e+06 
2.767232e+02 6.634109e+07 4.099328e+06 
2.493552e+02 5.905691e+07 5.208557e+06 
2.525592e+02 6.305405e+07 4.284197e+06 
2.505402e+02 6.016801e+07 4.340464e+06 

2.359666e+02 5.953634e+07 5.621704e+06 
3.346251e+02 5.830599e+07 3.617054e+06 
2.973722e+02 5.531751e+07 4.702170e+06 
2.827457e+02 5.630326e+07 4.967421e+06 
2.919271e+02 6.377566e+07 4.117009e+06 
2.689206e+02 6.141461e+07 4.702170e+06 
3.069965e+02 5.420626e+07 5.160331e+06 
2.484961e+02 5.890902e+07 5.401467e+06 
3.067211e+02 5.855678e+07 4.002873e+06 
2.905118e+02 6.428371e+07 4.123441e+06 
3.177560e+02 5.780241e+07 4.123441e+06 
2.855792e+02 5.456629e+07 5.353240e+06 
2.283145e+02 5.894972e+07 6.366015e+06 
2.355782e+02 6.013161e+07 5.621704e+06 
2.476196e+02 6.182872e+07 5.350023e+06 
2.485158e+02 5.808589e+07 5.522035e+06 
2.664770e+02 5.494944e+07 5.859628e+06 
3.025752e+02 5.498545e+07 4.967421e+06 
2.510847e+02 5.636804e+07 5.980196e+06 
2.764272e+02 5.708913e+07 4.991534e+06 
3.234849e+02 5.830225e+07 3.809964e+06 
2.275151e+02 5.909667e+07 6.173105e+06 
2.967000e+02 6.351013e+07 3.949821e+06 
2.678750e+02 5.704252e+07 5.184444e+06 
2.701453e+02 6.339440e+07 4.605715e+06 
2.332413e+02 5.810301e+07 6.173105e+06 
2.300906e+02 5.883626e+07 6.366015e+06 
2.502837e+02 5.648642e+07 5.980196e+06 
3.226349e+02 5.908549e+07 3.713509e+06 
2.316465e+02 5.856789e+07 6.366015e+06 
3.330341e+02 5.756418e+07 4.002873e+06 
2.767714e+02 5.439571e+07 5.473808e+06 
2.754683e+02 6.473662e+07 4.436919e+06 
2.511182e+02 6.040174e+07 5.329125e+06 
2.258856e+02 5.900891e+07 6.366015e+06 
3.026918e+02 5.943340e+07 4.123441e+06 
2.749997e+02 5.433523e+07 5.980196e+06 
2.467220e+02 5.680213e+07 5.980196e+06 
3.160585e+02 5.917473e+07 3.809964e+06 
2.963331e+02 5.367137e+07 5.666718e+06 
2.688573e+02 5.486076e+07 5.859628e+06 
2.325244e+02 5.845311e+07 6.173105e+06 
3.035691e+02 5.690838e+07 4.581602e+06 
3.074919e+02 5.715828e+07 4.509260e+06 
2.705682e+02 5.924462e+07 4.822738e+06 
2.705415e+02 5.469302e+07 5.859628e+06 
2.708937e+02 5.456254e+07 5.473808e+06 
2.967314e+02 5.804905e+07 4.388692e+06 
2.831512e+02 6.318928e+07 4.316351e+06 
3.407337e+02 5.902536e+07 3.424144e+06 
2.553369e+02 5.957855e+07 5.208557e+06 
2.695436e+02 5.480202e+07 6.052537e+06 
2.458571e+02 5.728330e+07 6.366015e+06 
2.353765e+02 5.783709e+07 6.173105e+06 
2.835078e+02 6.155888e+07 4.509260e+06 
3.089873e+02 5.392868e+07 5.401467e+06 
2.649522e+02 5.508412e+07 5.859628e+06 
2.595826e+02 6.308172e+07 5.087989e+06 
2.924721e+02 6.206505e+07 4.123441e+06 
2.890490e+02 5.380468e+07 5.546150e+06 
2.448735e+02 6.263036e+07 5.473808e+06 
2.836839e+02 5.550818e+07 5.160331e+06 
2.360807e+02 5.763756e+07 6.366015e+06 
2.480102e+02 5.655317e+07 5.980196e+06 
2.611598e+02 6.217214e+07 4.702170e+06 
2.430475e+02 5.732440e+07 5.980196e+06 
3.128209e+02 5.562689e+07 4.605715e+06 
2.465774e+02 5.720543e+07 6.366015e+06 
2.639479e+02 5.513298e+07 5.859628e+06 
2.788255e+02 5.378239e+07 5.739060e+06 
2.586486e+02 5.523016e+07 5.859628e+06 
2.621875e+02 5.703381e+07 5.353240e+06 
2.575586e+02 6.278426e+07 5.120139e+06 
2.872937e+02 5.586215e+07 4.702170e+06 
2.319449e+02 6.069350e+07 5.980196e+06 
2.532259e+02 5.635099e+07 5.980196e+06 
2.941283e+02 5.390494e+07 5.473808e+06 
2.988032e+02 5.620509e+07 4.605715e+06 
2.409963e+02 5.829417e+07 5.787286e+06 
2.349014e+02 6.021357e+07 5.907854e+06 
2.550094e+02 5.570187e+07 5.859628e+06 
2.520303e+02 6.330009e+07 5.182835e+06 
2.424620e+02 5.754310e+07 6.366015e+06 
2.408181e+02 6.158706e+07 5.517212e+06 
2.991688e+02 5.845392e+07 4.316351e+06 
2.981894e+02 5.743289e+07 4.388692e+06 
2.835707e+02 6.471568e+07 4.284197e+06 
3.216098e+02 5.722640e+07 4.316351e+06 
3.339113e+02 5.921376e+07 3.617054e+06 
2.825431e+02 6.007028e+07 4.629828e+06 
2.540750e+02 5.615543e+07 5.859628e+06 
2.349839e+02 5.854551e+07 5.980196e+06 
3.047310e+02 5.369923e+07 5.594376e+06 
2.598065e+02 5.548892e+07 5.570263e+06 
2.674044e+02 5.570553e+07 5.353240e+06 
2.764459e+02 6.296566e+07 4.514082e+06 
2.560371e+02 5.585120e+07 5.666718e+06 
2.629183e+02 5.982538e+07 5.015648e+06 
2.505693e+02 5.669124e+07 5.787286e+06 
2.916523e+02 5.829158e+07 4.509260e+06 

2.448396e+02 5.962156e+07 5.763173e+06 
2.849256e+02 6.366554e+07 4.340464e+06 
2.381157e+02 6.431953e+07 5.497922e+06 
2.627241e+02 6.006670e+07 5.280899e+06 
2.300046e+02 6.199983e+07 5.859628e+06 
2.990129e+02 6.274795e+07 4.268122e+06 
2.881256e+02 6.323903e+07 4.340464e+06 
2.760924e+02 6.213367e+07 4.681270e+06 
2.744787e+02 6.466171e+07 4.605715e+06 
2.741880e+02 6.293194e+07 4.681270e+06 
2.402538e+02 6.259626e+07 5.377354e+06 
2.652499e+02 6.594803e+07 4.895080e+06 
2.356680e+02 6.093531e+07 5.763173e+06 
2.428449e+02 6.225154e+07 5.280899e+06 
2.650251e+02 6.263520e+07 5.015648e+06 
2.865486e+02 6.115351e+07 4.605715e+06 
2.800689e+02 6.011316e+07 5.112102e+06 
2.385612e+02 5.971215e+07 5.956082e+06 
2.824808e+02 6.082006e+07 4.726283e+06 
2.486186e+02 5.983257e+07 5.473808e+06 
2.368778e+02 6.143357e+07 5.570263e+06 
3.040664e+02 6.269601e+07 4.147554e+06 
2.536095e+02 6.396867e+07 5.015647e+06 
2.464842e+02 5.943833e+07 5.763173e+06 
2.527875e+02 5.966583e+07 5.666718e+06 
2.976995e+02 6.474945e+07 4.147554e+06 
2.648332e+02 6.346723e+07 5.015648e+06 
2.548775e+02 6.052815e+07 5.280899e+06 
2.948776e+02 6.515515e+07 4.147554e+06 
2.533778e+02 6.182782e+07 5.232670e+06 
2.951333e+02 6.412374e+07 4.268122e+06 
2.839861e+02 6.020679e+07 4.991534e+06 
2.786763e+02 6.096008e+07 4.895080e+06 
2.485673e+02 6.118106e+07 5.377354e+06 
2.875424e+02 6.156971e+07 4.533374e+06 
2.347306e+02 6.221265e+07 5.690831e+06 
2.914675e+02 6.568472e+07 4.147554e+06 
2.792532e+02 6.387385e+07 4.533374e+06 
2.281849e+02 6.142190e+07 6.269560e+06 
2.799300e+02 6.268049e+07 4.533374e+06 
2.396197e+02 6.013705e+07 5.763173e+06 
2.420145e+02 6.146335e+07 5.377354e+06 
2.634961e+02 6.137254e+07 5.087989e+06 
2.919638e+02 5.969329e+07 5.184444e+06 
2.348679e+02 6.066146e+07 6.076650e+06 
2.698288e+02 6.335414e+07 4.726283e+06 
2.830402e+02 6.401438e+07 4.340464e+06 
2.378897e+02 6.003427e+07 5.956082e+06 
2.915194e+02 6.196238e+07 4.340464e+06 
2.588615e+02 5.901669e+07 5.473808e+06 
2.925241e+02 5.982375e+07 4.798625e+06 
2.720875e+02 6.370848e+07 4.702170e+06 
2.778859e+02 6.174716e+07 4.798625e+06 
2.394596e+02 6.465367e+07 5.473808e+06 
2.438334e+02 6.014361e+07 5.570263e+06 
2.530763e+02 6.296785e+07 5.112102e+06 
2.969171e+02 5.934128e+07 4.798625e+06 
2.444384e+02 6.038093e+07 5.473808e+06 
2.704834e+02 6.114744e+07 5.112102e+06 
2.370564e+02 6.017692e+07 5.956082e+06 
2.682120e+02 6.071902e+07 5.184444e+06 
2.732507e+02 6.551601e+07 4.681270e+06 
2.468181e+02 6.317536e+07 5.112102e+06 
2.330146e+02 6.092283e+07 6.269560e+06 
2.877424e+02 5.982281e+07 5.184444e+06 
2.701092e+02 6.213521e+07 4.798625e+06 
2.712862e+02 6.143709e+07 4.822738e+06 
2.484333e+02 5.919922e+07 5.763173e+06 
2.582715e+02 6.376508e+07 4.919193e+06 
2.280576e+02 6.240770e+07 6.462470e+06 
2.586714e+02 6.199347e+07 5.112102e+06 
2.903071e+02 6.266259e+07 4.340464e+06 
2.341832e+02 6.099420e+07 6.076650e+06 
2.386455e+02 6.084030e+07 5.570263e+06 
2.813982e+02 6.159946e+07 4.605715e+06 
2.687155e+02 6.293133e+07 4.798625e+06 
2.375053e+02 6.011219e+07 5.956082e+06 
2.482757e+02 6.579237e+07 4.919193e+06 
2.321628e+02 6.132521e+07 6.269560e+06 
2.968350e+02 5.994300e+07 4.605715e+06 
2.556401e+02 6.204642e+07 5.184444e+06 
2.891592e+02 6.253572e+07 4.412806e+06 
2.419988e+02 5.986413e+07 5.763173e+06 
2.785383e+02 6.180191e+07 4.653942e+06 
2.744383e+02 6.092391e+07 5.112102e+06 
2.676149e+02 6.227106e+07 4.895080e+06 
2.828112e+02 6.644902e+07 4.340464e+06 
2.870892e+02 6.491495e+07 4.268122e+06 
2.895749e+02 5.993263e+07 4.991534e+06 
2.834594e+02 6.128135e+07 4.605715e+06 
2.346355e+02 6.090966e+07 6.366015e+06 
2.461022e+02 6.385035e+07 5.184444e+06 
2.464876e+02 6.596789e+07 5.112102e+06 
2.845476e+02 6.191048e+07 4.533374e+06 
2.449676e+02 6.546001e+07 5.184444e+06 
2.442737e+02 5.968485e+07 5.763173e+06 
2.324135e+02 6.303875e+07 5.570263e+06 
2.403603e+02 6.108040e+07 5.473808e+06 
2.384181e+02 5.983737e+07 5.956082e+06 
2.883681e+02 6.043900e+07 4.798625e+06 

2.486615e+02 6.030812e+07 5.087989e+06 
2.497989e+02 5.841029e+07 4.967421e+06 
2.743846e+02 6.378815e+07 4.436919e+06 
2.790660e+02 6.491433e+07 4.051100e+06 
2.807497e+02 5.713689e+07 4.846853e+06 
2.767497e+02 5.531597e+07 5.160331e+06 
2.725255e+02 5.561678e+07 5.787286e+06 
2.811592e+02 5.452626e+07 5.739060e+06 
2.775149e+02 6.296096e+07 4.244009e+06 
2.598226e+02 6.027616e+07 4.911155e+06 
2.738428e+02 5.666958e+07 5.160331e+06 
2.814504e+02 6.336895e+07 4.147554e+06 
2.699774e+02 6.340089e+07 4.629828e+06 
3.066644e+02 5.458179e+07 4.967421e+06 
2.393476e+02 5.791595e+07 5.666718e+06 
2.855597e+02 6.217214e+07 4.298264e+06 
2.970880e+02 5.613414e+07 4.846853e+06 
2.680449e+02 6.487981e+07 4.436919e+06 
2.309644e+02 5.849593e+07 5.980196e+06 
2.947975e+02 5.977671e+07 4.702170e+06 
2.658512e+02 5.907924e+07 4.895080e+06 
2.557243e+02 6.469461e+07 4.919193e+06 
2.375925e+02 5.847480e+07 5.666718e+06 
2.479584e+02 5.905796e+07 5.160331e+06 
2.551326e+02 5.642010e+07 5.353240e+06 
2.520702e+02 5.665415e+07 5.546150e+06 
2.693575e+02 5.727841e+07 4.774512e+06 
2.965450e+02 5.461413e+07 5.160331e+06 
2.408372e+02 5.854680e+07 5.546150e+06 
2.854902e+02 6.428039e+07 4.051100e+06 
2.310569e+02 5.955727e+07 5.739060e+06 
2.470178e+02 5.687536e+07 5.931969e+06 
2.308482e+02 5.996559e+07 5.594376e+06 
2.667854e+02 6.521164e+07 4.629828e+06 
2.797819e+02 6.472301e+07 4.051100e+06 
2.740865e+02 5.637941e+07 5.280899e+06 
2.786413e+02 6.158711e+07 4.629828e+06 
3.028595e+02 5.404681e+07 5.739060e+06 
2.845841e+02 5.453700e+07 5.546150e+06 
3.165945e+02 5.449346e+07 5.160331e+06 
2.392089e+02 6.022170e+07 5.546150e+06 
2.476016e+02 5.635575e+07 5.859628e+06 
2.857958e+02 6.553655e+07 3.858190e+06 
2.393237e+02 5.738140e+07 5.931969e+06 
2.433917e+02 5.888995e+07 5.280899e+06 
2.748380e+02 5.523371e+07 5.666718e+06 
2.432893e+02 5.743021e+07 5.473808e+06 
2.481259e+02 5.699700e+07 5.546150e+06 
2.308089e+02 5.868739e+07 5.980196e+06 
2.878291e+02 6.244773e+07 4.132148e+06 
2.883401e+02 6.002795e+07 4.581602e+06 
2.290251e+02 5.888792e+07 5.980196e+06 
2.459335e+02 5.839027e+07 5.280899e+06 
2.746766e+02 5.533122e+07 5.787286e+06 
2.342530e+02 5.771715e+07 5.739060e+06 
2.933800e+02 6.294970e+07 4.051100e+06 
2.291028e+02 6.047036e+07 5.787286e+06 
2.401720e+02 5.894695e+07 5.473808e+06 
2.892028e+02 5.460088e+07 5.353240e+06 
2.341032e+02 5.832675e+07 5.980196e+06 
2.475272e+02 5.673282e+07 5.859628e+06 
2.518367e+02 5.698936e+07 5.353240e+06 
2.493934e+02 5.835376e+07 5.087989e+06 
2.474026e+02 5.985970e+07 5.208557e+06 
3.235091e+02 5.400206e+07 5.160331e+06 
2.509674e+02 5.632022e+07 5.739060e+06 
2.618719e+02 5.589276e+07 5.546150e+06 
2.732249e+02 5.565006e+07 5.546150e+06 
2.773725e+02 5.522032e+07 5.666718e+06 
2.619499e+02 5.812290e+07 4.967421e+06 
2.616890e+02 6.678017e+07 4.726283e+06 
2.358392e+02 5.909830e+07 5.666718e+06 
2.928599e+02 5.613762e+07 4.846853e+06 
3.165510e+02 5.406275e+07 5.473808e+06 
2.732211e+02 5.552273e+07 5.739060e+06 
3.084062e+02 5.423712e+07 5.353240e+06 
3.042693e+02 6.227415e+07 4.244009e+06 
2.676383e+02 6.412412e+07 4.629828e+06 
2.695343e+02 5.566011e+07 5.666718e+06 
2.473008e+02 5.686228e+07 5.931969e+06 
2.488811e+02 5.802769e+07 5.280899e+06 
2.532383e+02 5.678452e+07 5.087989e+06 
2.578174e+02 5.609874e+07 5.546150e+06 
2.733957e+02 6.950551e+07 4.364577e+06 
2.431125e+02 5.713650e+07 5.739060e+06 
2.454509e+02 5.704139e+07 5.859628e+06 
2.275793e+02 5.901140e+07 5.980196e+06 
2.887294e+02 5.483341e+07 5.353240e+06 
2.674528e+02 7.153407e+07 4.557487e+06 
2.809548e+02 6.175563e+07 4.464381e+06 
2.766079e+02 6.197824e+07 4.464381e+06 
2.780923e+02 5.500374e+07 5.666718e+06 
2.736863e+02 6.299703e+07 4.629828e+06 
2.473865e+02 5.684259e+07 5.739060e+06 
2.335591e+02 5.834501e+07 5.980196e+06 
2.427956e+02 5.709547e+07 5.980196e+06 
2.878357e+02 5.434989e+07 5.666718e+06 
2.976265e+02 5.444163e+07 5.473808e+06 
3.017290e+02 5.522054e+07 4.895080e+06 
2.593035e+02 6.352040e+07 4.822738e+06 

