3.101015e+02 7.966271e+07 6.076652e+06 
3.189519e+02 7.265260e+07 6.076652e+06 
3.468421e+02 7.177286e+07 5.497924e+06 
3.185536e+02 7.760659e+07 5.690833e+06 
3.266299e+02 7.563150e+07 5.594378e+06 
3.332255e+02 7.047972e+07 6.269562e+06 
3.498255e+02 7.157764e+07 5.594378e+06 
3.280255e+02 7.334760e+07 5.690833e+06 
3.203221e+02 7.608898e+07 5.787288e+06 
3.073688e+02 7.777034e+07 6.558926e+06 
3.156374e+02 7.190934e+07 6.751836e+06 
3.215628e+02 7.242736e+07 5.980198e+06 
3.599464e+02 7.825689e+07 4.629830e+06 
3.484089e+02 7.528277e+07 5.015650e+06 
3.307159e+02 7.181828e+07 5.787288e+06 
3.416096e+02 6.941496e+07 6.558926e+06 
3.276291e+02 7.091524e+07 5.980198e+06 
3.325446e+02 7.112551e+07 5.787288e+06 
3.081625e+02 7.714378e+07 6.558926e+06 
3.197642e+02 7.286697e+07 5.980198e+06 
3.265516e+02 7.078784e+07 6.173107e+06 
3.347183e+02 7.744732e+07 5.208559e+06 
3.471869e+02 7.587528e+07 5.025025e+06 
3.254491e+02 7.246378e+07 5.883743e+06 
3.475852e+02 7.001280e+07 6.076652e+06 
3.468428e+02 7.546601e+07 5.099244e+06 
3.136550e+02 8.121687e+07 5.883743e+06 
3.114712e+02 7.424981e+07 6.173107e+06 
3.438935e+02 7.013783e+07 5.690833e+06 
3.212163e+02 7.110557e+07 6.173107e+06 
3.299576e+02 7.048638e+07 6.076652e+06 
3.309776e+02 7.500431e+07 5.497924e+06 
3.195597e+02 7.645584e+07 5.883743e+06 
3.305117e+02 7.111273e+07 5.883743e+06 
3.611608e+02 7.632444e+07 4.919195e+06 
3.455564e+02 7.485307e+07 5.112104e+06 
3.327401e+02 7.333910e+07 5.594378e+06 
3.472667e+02 7.541293e+07 5.015650e+06 
3.354191e+02 7.064357e+07 5.883743e+06 
3.102373e+02 7.767773e+07 6.076652e+06 
3.340254e+02 7.286582e+07 5.690833e+06 
3.161165e+02 7.267588e+07 6.173107e+06 
3.261397e+02 7.187078e+07 5.980198e+06 
3.329876e+02 7.067951e+07 5.980198e+06 
3.175533e+02 7.714045e+07 5.883743e+06 
3.343278e+02 7.333393e+07 5.401469e+06 
3.175718e+02 7.174818e+07 6.558926e+06 
3.412684e+02 7.465090e+07 5.305014e+06 
3.375013e+02 7.028332e+07 6.173107e+06 
3.167832e+02 8.390791e+07 5.787288e+06 
3.243596e+02 7.061342e+07 6.366017e+06 
3.288446e+02 7.142639e+07 5.883743e+06 
3.250430e+02 7.207925e+07 5.980198e+06 
3.137844e+02 7.909426e+07 5.883743e+06 
3.222106e+02 7.884014e+07 5.497924e+06 
3.356307e+02 7.165962e+07 5.690833e+06 
3.137476e+02 7.222388e+07 6.751836e+06 
3.260903e+02 7.365960e+07 5.690833e+06 
3.161900e+02 7.348939e+07 6.076652e+06 
3.388174e+02 7.578556e+07 5.305014e+06 
3.083996e+02 7.616800e+07 6.269562e+06 
3.118686e+02 7.298329e+07 6.751836e+06 
3.374403e+02 7.486222e+07 5.350026e+06 
3.087318e+02 7.549822e+07 6.269562e+06 
3.567207e+02 7.688663e+07 4.919195e+06 
3.182098e+02 7.141956e+07 6.751836e+06 
3.533753e+02 6.958911e+07 6.366017e+06 
3.368057e+02 7.187565e+07 5.401469e+06 
3.134330e+02 7.234701e+07 6.366017e+06 
3.158228e+02 7.211055e+07 6.558926e+06 
3.152205e+02 7.218323e+07 6.751836e+06 
3.419360e+02 7.559324e+07 5.208559e+06 
3.442736e+02 7.348477e+07 5.208559e+06 
3.113698e+02 7.345776e+07 6.558926e+06 
3.526501e+02 7.456761e+07 5.025025e+06 
3.410252e+02 7.666544e+07 5.208559e+06 
3.193066e+02 7.113758e+07 6.655381e+06 
3.210261e+02 7.411372e+07 5.690833e+06 
3.700393e+02 7.822863e+07 4.822740e+06 
3.215926e+02 7.318007e+07 5.883743e+06 
3.556635e+02 7.669658e+07 4.932055e+06 
3.122059e+02 7.258324e+07 6.848291e+06 
3.133142e+02 7.369533e+07 5.980198e+06 
3.442513e+02 7.652413e+07 5.112104e+06 
3.543539e+02 6.946290e+07 6.366017e+06 
3.368531e+02 7.163022e+07 5.594378e+06 
3.476702e+02 7.340030e+07 5.208559e+06 
3.221037e+02 7.629951e+07 5.594378e+06 
3.465402e+02 7.369086e+07 5.112104e+06 
3.381485e+02 7.066172e+07 5.690833e+06 
3.446723e+02 7.004781e+07 6.269562e+06 
3.610159e+02 7.488678e+07 5.015650e+06 
3.106474e+02 7.325423e+07 6.751836e+06 
3.233253e+02 7.094854e+07 6.173107e+06 
3.132402e+02 7.292122e+07 6.462472e+06 
3.215309e+02 7.403409e+07 5.787288e+06 
3.380354e+02 6.969626e+07 6.462472e+06 
3.189342e+02 7.144008e+07 6.173107e+06 
3.269081e+02 7.604555e+07 5.497924e+06 
3.094885e+02 7.364545e+07 6.751836e+06 

3.384361e+02 7.458684e+07 6.558926e+06 
3.339821e+02 8.060635e+07 5.594378e+06 
3.281106e+02 7.608895e+07 6.462472e+06 
3.677990e+02 8.007996e+07 4.822740e+06 
3.339503e+02 7.565980e+07 6.173107e+06 
3.304791e+02 8.002251e+07 5.883743e+06 
3.322313e+02 7.729370e+07 5.787288e+06 
3.314355e+02 7.528430e+07 6.366017e+06 
3.366035e+02 7.961237e+07 5.690833e+06 
3.501808e+02 7.587624e+07 5.497924e+06 
3.662591e+02 7.695627e+07 5.112104e+06 
3.577451e+02 7.721265e+07 5.305014e+06 
3.485172e+02 7.723592e+07 5.497924e+06 
3.612077e+02 7.416721e+07 6.462472e+06 
3.309176e+02 7.548320e+07 6.366017e+06 
3.328176e+02 7.584618e+07 6.173107e+06 
3.389560e+02 7.603027e+07 5.980198e+06 
3.394214e+02 7.417852e+07 6.558926e+06 
3.238290e+02 7.754832e+07 6.173107e+06 
3.352470e+02 7.577482e+07 6.076652e+06 
3.556529e+02 7.874890e+07 4.919195e+06 
3.397326e+02 7.677039e+07 5.787288e+06 
3.445409e+02 7.446618e+07 6.462472e+06 
3.350377e+02 7.511480e+07 6.269562e+06 
3.459759e+02 7.628244e+07 5.594378e+06 
3.235635e+02 7.638103e+07 6.366017e+06 
3.326321e+02 7.588262e+07 6.269562e+06 
3.271508e+02 7.711154e+07 6.173107e+06 
3.591787e+02 7.750178e+07 4.919195e+06 
3.277228e+02 7.552348e+07 6.558926e+06 
3.427214e+02 8.142346e+07 5.401469e+06 
3.266039e+02 7.622135e+07 6.269562e+06 
3.491495e+02 7.705625e+07 5.497924e+06 
3.504514e+02 7.847583e+07 5.305014e+06 
3.604467e+02 7.419844e+07 6.366017e+06 
3.385714e+02 7.819552e+07 5.594378e+06 
3.409536e+02 7.709980e+07 5.594378e+06 
3.340422e+02 7.552780e+07 6.173107e+06 
3.358432e+02 7.641894e+07 5.980198e+06 
3.709628e+02 7.958915e+07 4.822740e+06 
3.535420e+02 7.735236e+07 5.305014e+06 
3.639384e+02 7.411910e+07 6.366017e+06 
3.541543e+02 7.830078e+07 5.208559e+06 
3.311290e+02 7.528260e+07 6.462472e+06 
3.556296e+02 7.792912e+07 5.112104e+06 
3.214803e+02 7.756912e+07 6.462472e+06 
3.286888e+02 7.687686e+07 5.980198e+06 
3.365416e+02 7.478691e+07 6.366017e+06 
3.370316e+02 8.088600e+07 5.497924e+06 
3.283117e+02 7.688084e+07 6.173107e+06 
3.467843e+02 7.810179e+07 5.497924e+06 
3.532633e+02 7.899073e+07 5.208559e+06 
3.450797e+02 7.613624e+07 5.690833e+06 
3.546118e+02 7.409442e+07 6.655381e+06 
3.605950e+02 7.726514e+07 4.919195e+06 
3.322264e+02 7.613779e+07 6.173107e+06 
3.456080e+02 7.997622e+07 5.401469e+06 
3.509019e+02 7.814875e+07 5.305014e+06 
3.523413e+02 7.776525e+07 5.305014e+06 
3.553972e+02 7.399497e+07 6.558926e+06 
3.327050e+02 7.489398e+07 6.366017e+06 
3.260826e+02 8.185544e+07 6.076652e+06 
3.549530e+02 7.677491e+07 5.401469e+06 
3.361077e+02 7.492276e+07 6.173107e+06 
3.279687e+02 7.874326e+07 6.076652e+06 
3.377093e+02 7.722079e+07 5.787288e+06 
3.286025e+02 8.011678e+07 5.980198e+06 
3.597299e+02 7.703802e+07 5.305014e+06 
3.226818e+02 7.704484e+07 6.558926e+06 
3.204675e+02 7.841589e+07 6.462472e+06 
3.189010e+02 8.026109e+07 6.173107e+06 
3.243037e+02 7.703442e+07 6.269562e+06 
3.285395e+02 8.136877e+07 5.980198e+06 
3.436579e+02 7.597428e+07 5.787288e+06 
3.586338e+02 7.729162e+07 5.208559e+06 
3.610109e+02 7.691699e+07 5.208559e+06 
3.564848e+02 7.448819e+07 6.366017e+06 
3.286200e+02 8.048657e+07 5.883743e+06 
3.437144e+02 8.011106e+07 5.305014e+06 
3.505943e+02 7.555013e+07 5.980198e+06 
3.315201e+02 7.935102e+07 5.787288e+06 
3.497161e+02 7.570900e+07 5.594378e+06 
3.291242e+02 7.648160e+07 6.173107e+06 
3.561271e+02 7.456428e+07 6.173107e+06 
3.277154e+02 8.000624e+07 6.076652e+06 
3.369741e+02 7.637524e+07 5.883743e+06 
3.223763e+02 7.719008e+07 6.558926e+06 
3.413662e+02 7.630781e+07 5.594378e+06 
3.544612e+02 7.786875e+07 5.208559e+06 
3.518144e+02 7.720661e+07 5.401469e+06 
3.477270e+02 7.838339e+07 5.401469e+06 
3.261144e+02 7.619758e+07 6.558926e+06 
3.406934e+02 7.748963e+07 5.594378e+06 
3.333082e+02 7.650137e+07 5.980198e+06 
3.264273e+02 7.690603e+07 6.269562e+06 
3.365358e+02 7.552839e+07 6.076652e+06 
3.580934e+02 7.820208e+07 5.015650e+06 
3.575744e+02 7.430577e+07 6.462472e+06 
3.315485e+02 7.675814e+07 5.980198e+06 
3.209734e+02 7.782080e+07 6.462472e+06 

3.379431e+02 7.558461e+07 5.112104e+06 
3.411577e+02 7.311252e+07 5.208559e+06 
3.351217e+02 7.487384e+07 5.690833e+06 
3.164436e+02 7.895785e+07 6.076652e+06 
3.577181e+02 7.438088e+07 4.629830e+06 
3.347357e+02 7.306597e+07 5.935185e+06 
3.401402e+02 7.342131e+07 5.305014e+06 
3.394580e+02 7.378174e+07 5.690833e+06 
3.801107e+02 7.444650e+07 4.533376e+06 
3.272484e+02 7.635478e+07 6.366017e+06 
3.405314e+02 7.293608e+07 5.690833e+06 
3.912639e+02 7.188671e+07 5.497924e+06 
3.287515e+02 7.672266e+07 5.594378e+06 
3.715558e+02 7.284175e+07 5.015650e+06 
3.333283e+02 8.084500e+07 5.112104e+06 
3.299899e+02 7.506312e+07 5.208559e+06 
3.522661e+02 7.284855e+07 5.350026e+06 
3.848013e+02 7.186256e+07 5.497924e+06 
3.457331e+02 7.492450e+07 4.848461e+06 
3.855630e+02 7.166923e+07 5.112104e+06 
3.791200e+02 7.228857e+07 5.305014e+06 
3.404967e+02 7.654541e+07 4.822740e+06 
3.564326e+02 7.771438e+07 4.430490e+06 
3.651393e+02 7.753326e+07 4.430490e+06 
3.466880e+02 7.713147e+07 4.597679e+06 
3.189995e+02 7.755919e+07 5.883743e+06 
3.431382e+02 7.262509e+07 5.594378e+06 
3.285010e+02 7.729578e+07 5.208559e+06 
3.169405e+02 7.756072e+07 6.269562e+06 
3.677757e+02 7.843487e+07 4.346896e+06 
3.345733e+02 7.473698e+07 6.018780e+06 
3.872795e+02 7.426575e+07 4.734323e+06 
3.619813e+02 7.464745e+07 4.533376e+06 
3.437597e+02 7.652679e+07 4.726285e+06 
3.456673e+02 7.599867e+07 4.681273e+06 
3.396868e+02 7.494902e+07 4.919195e+06 
3.241787e+02 7.805928e+07 5.600809e+06 
3.706742e+02 7.625163e+07 4.436921e+06 
3.563766e+02 7.569259e+07 4.734323e+06 
3.390519e+02 7.416529e+07 5.787288e+06 
3.364061e+02 7.469986e+07 5.401469e+06 
3.758798e+02 7.277354e+07 5.149615e+06 
3.670756e+02 7.699892e+07 4.430490e+06 
3.364190e+02 7.418420e+07 5.767997e+06 
3.174017e+02 7.775520e+07 5.980198e+06 
3.248731e+02 7.778806e+07 5.266432e+06 
3.406552e+02 7.217942e+07 5.787288e+06 
3.665561e+02 7.733285e+07 4.430490e+06 
3.804973e+02 7.227144e+07 5.305014e+06 
3.528920e+02 7.871504e+07 4.514085e+06 
3.844822e+02 7.323785e+07 4.822740e+06 
3.553490e+02 7.764267e+07 4.514085e+06 
3.518932e+02 7.725952e+07 4.568207e+06 
3.456182e+02 7.235235e+07 5.690833e+06 
3.742815e+02 7.575608e+07 4.461034e+06 
3.824926e+02 7.187722e+07 5.305014e+06 
3.481945e+02 7.421437e+07 5.015650e+06 
3.634989e+02 7.607226e+07 4.514085e+06 
3.462129e+02 7.495159e+07 4.764867e+06 
3.589657e+02 7.689230e+07 4.597679e+06 
3.273863e+02 7.665195e+07 5.618492e+06 
3.602830e+02 7.709458e+07 4.514085e+06 
3.844519e+02 7.341014e+07 4.919195e+06 
3.206597e+02 7.660852e+07 6.076652e+06 
3.391087e+02 7.453919e+07 5.497924e+06 
3.238101e+02 7.990248e+07 5.787288e+06 
3.384953e+02 7.610313e+07 4.932055e+06 
3.731318e+02 7.805513e+07 4.244011e+06 
3.289841e+02 7.536710e+07 5.690833e+06 
3.387185e+02 7.742922e+07 4.848461e+06 
3.398548e+02 7.354714e+07 5.851591e+06 
3.431535e+02 7.845760e+07 4.764867e+06 
3.497639e+02 7.362630e+07 4.822740e+06 
3.354927e+02 7.575836e+07 5.182838e+06 
3.791564e+02 7.693162e+07 4.200606e+06 
3.395916e+02 7.425425e+07 5.208559e+06 
3.776254e+02 7.185471e+07 5.594378e+06 
3.334465e+02 7.861039e+07 5.099244e+06 
3.480654e+02 7.457736e+07 4.764867e+06 
3.426831e+02 7.409576e+07 5.112104e+06 
3.463039e+02 7.214119e+07 5.690833e+06 
3.292369e+02 7.623783e+07 5.497924e+06 
3.315883e+02 7.990393e+07 5.182838e+06 
3.694655e+02 7.632792e+07 4.340466e+06 
3.334847e+02 7.598946e+07 5.015650e+06 
3.473946e+02 7.458274e+07 4.919195e+06 
3.481908e+02 7.250213e+07 5.594378e+06 
3.238570e+02 7.636751e+07 5.883743e+06 
3.246395e+02 7.751984e+07 5.690833e+06 
3.227311e+02 8.007708e+07 5.787288e+06 
3.402638e+02 7.306112e+07 5.787288e+06 
3.687732e+02 7.750759e+07 4.263302e+06 
3.423430e+02 7.548681e+07 4.822740e+06 
3.762954e+02 7.242665e+07 5.112104e+06 
3.969517e+02 7.233131e+07 5.015650e+06 
3.285382e+02 8.233131e+07 5.099244e+06 
3.338242e+02 7.500117e+07 6.173107e+06 
3.188298e+02 7.737172e+07 5.980198e+06 
3.383435e+02 7.465492e+07 5.112104e+06 
3.860084e+02 7.159718e+07 5.787288e+06 

3.576702e+02 7.983757e+07 5.015650e+06 
3.891755e+02 7.572208e+07 5.015650e+06 
3.327131e+02 7.756980e+07 5.305014e+06 
3.204043e+02 7.341211e+07 6.366017e+06 
3.469160e+02 7.833529e+07 5.112104e+06 
3.317842e+02 7.234582e+07 5.787288e+06 
3.370469e+02 7.198864e+07 5.980198e+06 
3.435548e+02 7.247585e+07 5.787288e+06 
3.660146e+02 7.898669e+07 4.629830e+06 
3.699040e+02 7.562344e+07 5.208559e+06 
3.349902e+02 8.150970e+07 5.208559e+06 
3.393531e+02 7.293672e+07 5.594378e+06 
3.245046e+02 7.306058e+07 6.173107e+06 
3.549645e+02 8.035224e+07 5.015650e+06 
3.628821e+02 7.740167e+07 5.015650e+06 
3.337944e+02 7.254172e+07 5.883743e+06 
3.440262e+02 7.510514e+07 5.305014e+06 
3.528556e+02 7.563968e+07 5.112104e+06 
3.596943e+02 7.903081e+07 5.015650e+06 
3.234014e+02 7.403164e+07 6.366017e+06 
3.690000e+02 7.903472e+07 4.764867e+06 
3.403728e+02 7.650113e+07 5.208559e+06 
3.713978e+02 7.669817e+07 4.932055e+06 
3.665571e+02 7.936499e+07 4.726285e+06 
3.659726e+02 7.885698e+07 4.726285e+06 
3.425711e+02 7.236396e+07 5.594378e+06 
3.209146e+02 7.559682e+07 5.787288e+06 
3.273094e+02 7.257952e+07 5.690833e+06 
3.724133e+02 7.746484e+07 4.919195e+06 
3.196818e+02 7.764083e+07 6.462472e+06 
3.811442e+02 7.545519e+07 4.919195e+06 
3.369449e+02 7.553189e+07 5.305014e+06 
3.720923e+02 7.841779e+07 4.848461e+06 
3.317613e+02 7.553195e+07 5.401469e+06 
3.492481e+02 7.528198e+07 5.305014e+06 
3.592570e+02 7.965212e+07 4.919195e+06 
3.214755e+02 7.368148e+07 6.173107e+06 
3.707547e+02 7.616533e+07 4.822740e+06 
3.418927e+02 7.207895e+07 5.883743e+06 
3.454267e+02 7.474809e+07 5.305014e+06 
3.221423e+02 7.517375e+07 5.980198e+06 
3.906182e+02 7.608749e+07 4.848461e+06 
3.729875e+02 7.574272e+07 5.208559e+06 
3.323740e+02 7.316885e+07 5.497924e+06 
3.198292e+02 7.569571e+07 6.558926e+06 
3.653123e+02 7.592617e+07 5.112104e+06 
3.335690e+02 7.551580e+07 5.401469e+06 
3.646771e+02 7.819797e+07 4.919195e+06 
3.612150e+02 7.876042e+07 5.015650e+06 
3.447326e+02 7.360595e+07 5.401469e+06 
3.655559e+02 7.795603e+07 4.919195e+06 
3.269024e+02 7.295020e+07 5.690833e+06 
3.285386e+02 7.299597e+07 5.690833e+06 
3.291929e+02 7.549465e+07 5.497924e+06 
3.262779e+02 7.425223e+07 5.690833e+06 
3.309197e+02 7.243542e+07 5.980198e+06 
3.645361e+02 7.894503e+07 4.919195e+06 
3.258844e+02 7.353453e+07 5.883743e+06 
3.532357e+02 7.405573e+07 5.305014e+06 
3.242693e+02 7.420300e+07 5.883743e+06 
3.625539e+02 7.817777e+07 5.015650e+06 
3.356514e+02 7.294204e+07 5.497924e+06 
3.890725e+02 7.795502e+07 4.822740e+06 
3.243230e+02 7.324068e+07 5.980198e+06 
3.282717e+02 7.662345e+07 5.497924e+06 
3.834726e+02 7.613231e+07 5.015650e+06 
3.163942e+02 7.524842e+07 6.751836e+06 
3.204942e+02 7.589986e+07 6.462472e+06 
3.562471e+02 7.491122e+07 5.305014e+06 
3.160644e+02 7.701158e+07 6.751836e+06 
3.237404e+02 7.455735e+07 5.690833e+06 
3.312442e+02 7.428413e+07 5.497924e+06 
3.280491e+02 7.278873e+07 6.173107e+06 
3.652292e+02 7.933310e+07 4.726285e+06 
3.264291e+02 7.303417e+07 6.076652e+06 
3.385258e+02 7.180133e+07 5.883743e+06 
3.330055e+02 7.723742e+07 5.305014e+06 
3.234561e+02 7.509279e+07 5.787288e+06 
3.213764e+02 7.444972e+07 6.076652e+06 
3.225572e+02 7.327864e+07 6.173107e+06 
3.347194e+02 7.412598e+07 5.401469e+06 
3.216434e+02 7.353723e+07 6.269562e+06 
3.244902e+02 7.276481e+07 6.173107e+06 
3.515087e+02 7.260433e+07 5.594378e+06 
3.218602e+02 7.482533e+07 6.366017e+06 
3.207122e+02 7.820136e+07 6.173107e+06 
3.892902e+02 7.905298e+07 4.726285e+06 
3.514518e+02 7.614221e+07 5.112104e+06 
3.933078e+02 7.733146e+07 4.533376e+06 
3.359626e+02 7.308034e+07 5.497924e+06 
3.343780e+02 7.322316e+07 5.401469e+06 
3.568013e+02 8.099260e+07 4.919195e+06 
3.272483e+02 7.328929e+07 5.594378e+06 
3.255956e+02 7.424411e+07 5.787288e+06 
3.329198e+02 7.191719e+07 5.883743e+06 
3.310047e+02 7.666353e+07 5.401469e+06 
3.315671e+02 7.256804e+07 5.690833e+06 
3.644334e+02 7.951443e+07 4.681273e+06 
3.657996e+02 7.756464e+07 4.919195e+06 
3.706537e+02 8.043310e+07 4.629830e+06 

3.390842e+02 7.597390e+07 6.076652e+06 
3.400669e+02 7.675894e+07 5.883743e+06 
4.065689e+02 7.205959e+07 4.726285e+06 
3.933289e+02 7.189978e+07 5.015650e+06 
3.635869e+02 7.127258e+07 5.690833e+06 
3.727178e+02 7.317578e+07 5.305014e+06 
3.428151e+02 7.671347e+07 5.787288e+06 
3.389079e+02 7.400694e+07 6.655381e+06 
3.484393e+02 7.265348e+07 6.076652e+06 
3.288653e+02 7.434762e+07 6.655381e+06 
3.941172e+02 7.149527e+07 5.208559e+06 
3.414227e+02 7.457774e+07 6.076652e+06 
4.114216e+02 7.403906e+07 4.629830e+06 
3.743757e+02 7.249392e+07 5.401469e+06 
3.568799e+02 7.666812e+07 5.305014e+06 
3.414139e+02 7.523654e+07 5.980198e+06 
3.291256e+02 7.527041e+07 6.462472e+06 
3.497264e+02 7.243378e+07 6.076652e+06 
3.581079e+02 7.126077e+07 6.269562e+06 
3.517731e+02 7.168271e+07 6.076652e+06 
3.759222e+02 7.203133e+07 5.401469e+06 
3.676966e+02 7.276662e+07 5.594378e+06 
3.941531e+02 7.179449e+07 5.112104e+06 
3.858531e+02 7.238398e+07 5.112104e+06 
3.503651e+02 7.206070e+07 6.076652e+06 
3.786529e+02 7.197207e+07 5.401469e+06 
3.287056e+02 7.459857e+07 6.655381e+06 
3.586318e+02 7.460150e+07 5.305014e+06 
3.529845e+02 7.265363e+07 5.883743e+06 
3.566366e+02 7.140212e+07 6.076652e+06 
3.631473e+02 7.235307e+07 5.690833e+06 
3.825908e+02 7.138744e+07 5.497924e+06 
3.767922e+02 7.042999e+07 6.269562e+06 
3.313141e+02 7.410031e+07 6.655381e+06 
3.669820e+02 7.434616e+07 5.305014e+06 
3.696695e+02 7.071999e+07 5.883743e+06 
3.479927e+02 7.261046e+07 6.269562e+06 
3.402775e+02 7.374240e+07 6.269562e+06 
3.347582e+02 7.470039e+07 6.558926e+06 
3.720253e+02 7.358706e+07 5.305014e+06 
3.906635e+02 7.223817e+07 5.112104e+06 
3.531893e+02 7.365026e+07 5.690833e+06 
3.794716e+02 7.180412e+07 5.497924e+06 
3.824268e+02 7.216842e+07 5.305014e+06 
3.776057e+02 7.330451e+07 5.208559e+06 
3.764395e+02 7.377648e+07 5.208559e+06 
3.472696e+02 7.283067e+07 5.980198e+06 
4.071214e+02 7.198833e+07 4.919195e+06 
3.439961e+02 7.345794e+07 6.462472e+06 
3.770432e+02 7.306588e+07 5.305014e+06 
3.769056e+02 7.349863e+07 5.208559e+06 
3.820608e+02 7.307624e+07 5.208559e+06 
3.380824e+02 7.719210e+07 6.269562e+06 
3.618376e+02 7.097448e+07 6.076652e+06 
3.428881e+02 7.530620e+07 5.883743e+06 
3.870590e+02 7.376861e+07 4.919195e+06 
3.708838e+02 7.066476e+07 5.883743e+06 
3.711305e+02 7.540975e+07 5.112104e+06 
3.915563e+02 7.102826e+07 5.497924e+06 
3.735877e+02 7.228673e+07 5.497924e+06 
3.686168e+02 7.054485e+07 6.076652e+06 
4.007233e+02 7.323006e+07 4.919195e+06 
3.851498e+02 7.152108e+07 5.401469e+06 
3.598354e+02 7.163752e+07 5.883743e+06 
3.517560e+02 7.487867e+07 5.497924e+06 
3.487700e+02 7.626262e+07 5.497924e+06 
3.795408e+02 7.482733e+07 5.112104e+06 
3.450469e+02 7.478941e+07 5.690833e+06 
3.525019e+02 7.394034e+07 5.690833e+06 
3.355695e+02 7.501777e+07 6.462472e+06 
3.989016e+02 7.120899e+07 5.208559e+06 
3.498709e+02 7.439423e+07 5.883743e+06 
3.458097e+02 7.390813e+07 6.076652e+06 
3.622710e+02 7.282785e+07 5.690833e+06 
3.563997e+02 7.309715e+07 5.690833e+06 
3.564123e+02 7.476680e+07 5.497924e+06 
3.273563e+02 7.461216e+07 6.655381e+06 
3.667718e+02 7.077846e+07 5.883743e+06 
3.450584e+02 7.462934e+07 5.883743e+06 
3.311636e+02 7.433528e+07 6.655381e+06 
3.503199e+02 7.140066e+07 6.269562e+06 
3.732477e+02 8.094552e+07 5.015650e+06 
3.406141e+02 7.467312e+07 6.076652e+06 
4.117081e+02 7.314442e+07 4.629830e+06 
3.400126e+02 7.508590e+07 6.076652e+06 
3.646667e+02 7.544584e+07 5.112104e+06 
3.899021e+02 7.153286e+07 5.305014e+06 
3.605929e+02 7.412827e+07 5.497924e+06 
3.436994e+02 7.346625e+07 6.462472e+06 
3.637794e+02 7.061440e+07 6.076652e+06 
3.384195e+02 7.464586e+07 6.269562e+06 
3.700653e+02 7.343679e+07 5.401469e+06 
3.647041e+02 7.055831e+07 6.076652e+06 
3.514607e+02 7.397539e+07 5.883743e+06 
3.708289e+02 7.294919e+07 5.497924e+06 
3.819596e+02 7.370905e+07 5.112104e+06 
3.555297e+02 8.083595e+07 5.401469e+06 
3.642362e+02 7.349439e+07 5.497924e+06 
3.430294e+02 7.403102e+07 6.076652e+06 
4.035791e+02 7.244775e+07 4.822740e+06 

3.637468e+02 7.365159e+07 5.112104e+06 
3.567505e+02 8.341479e+07 4.726285e+06 
3.865980e+02 7.047838e+07 5.401469e+06 
3.520301e+02 7.002205e+07 6.173107e+06 
3.579293e+02 7.058737e+07 5.497924e+06 
3.473454e+02 7.584787e+07 5.401469e+06 
3.620758e+02 7.847171e+07 5.112104e+06 
3.952732e+02 7.223600e+07 4.919195e+06 
3.923022e+02 6.993509e+07 5.401469e+06 
3.554320e+02 7.096826e+07 5.594378e+06 
3.639423e+02 7.968837e+07 4.919195e+06 
3.662997e+02 8.265622e+07 4.726285e+06 
3.363441e+02 7.189598e+07 5.980198e+06 
3.724301e+02 7.103388e+07 5.401469e+06 
4.085460e+02 7.294094e+07 4.822740e+06 
3.417317e+02 8.258747e+07 5.305014e+06 
3.232028e+02 7.436197e+07 6.076652e+06 
3.927210e+02 7.019928e+07 5.112104e+06 
3.372284e+02 7.059942e+07 6.462472e+06 
3.447776e+02 7.070054e+07 5.883743e+06 
3.389465e+02 8.794932e+07 5.594378e+06 
3.979265e+02 7.068294e+07 5.015650e+06 
3.467179e+02 7.042551e+07 5.980198e+06 
3.428356e+02 7.047609e+07 6.558926e+06 
3.665007e+02 7.897070e+07 4.919195e+06 
3.512715e+02 7.015755e+07 5.883743e+06 
3.823336e+02 7.737501e+07 4.822740e+06 
3.596919e+02 7.033786e+07 5.594378e+06 
3.544043e+02 7.918096e+07 5.208559e+06 
3.841510e+02 7.119171e+07 5.305014e+06 
3.717180e+02 7.208815e+07 5.208559e+06 
3.596740e+02 7.337285e+07 5.305014e+06 
3.661205e+02 7.129172e+07 5.401469e+06 
3.216662e+02 7.523436e+07 6.269562e+06 
3.505821e+02 7.246034e+07 5.497924e+06 
3.802624e+02 7.182820e+07 5.208559e+06 
4.148804e+02 7.360942e+07 4.726285e+06 
3.320971e+02 7.213230e+07 5.883743e+06 
3.213878e+02 7.326154e+07 6.462472e+06 
3.194193e+02 7.582633e+07 6.269562e+06 
3.311648e+02 7.182188e+07 6.655381e+06 
3.343017e+02 7.087314e+07 6.366017e+06 
3.440946e+02 7.044111e+07 6.366017e+06 
3.295949e+02 7.211912e+07 6.462472e+06 
3.437357e+02 7.461097e+07 5.497924e+06 
3.401408e+02 7.578198e+07 5.594378e+06 
3.590768e+02 8.091849e+07 5.015650e+06 
3.777337e+02 7.696305e+07 5.015650e+06 
3.587206e+02 8.298581e+07 4.702171e+06 
4.032918e+02 6.912710e+07 5.497924e+06 
3.419984e+02 7.928990e+07 5.497924e+06 
4.112878e+02 6.987070e+07 5.208559e+06 
3.826702e+02 7.223553e+07 5.112104e+06 
3.324092e+02 7.106244e+07 6.462472e+06 
3.422355e+02 7.057645e+07 6.462472e+06 
3.196723e+02 7.524356e+07 6.655381e+06 
3.526638e+02 7.155188e+07 5.497924e+06 
3.408538e+02 7.376075e+07 5.594378e+06 
3.390672e+02 7.233511e+07 5.690833e+06 
3.401491e+02 7.091701e+07 6.076652e+06 
3.563636e+02 8.132529e+07 4.822740e+06 
3.602309e+02 7.459771e+07 5.208559e+06 
3.378875e+02 7.667332e+07 5.690833e+06 
3.954800e+02 6.918632e+07 5.305014e+06 
3.544807e+02 8.366536e+07 4.806663e+06 
3.283610e+02 7.236124e+07 6.655381e+06 
3.942492e+02 7.199212e+07 5.015650e+06 
3.285931e+02 7.273987e+07 6.269562e+06 
3.535301e+02 8.288570e+07 5.015650e+06 
3.533900e+02 8.777599e+07 4.639474e+06 
3.187532e+02 7.547051e+07 6.462472e+06 
3.280458e+02 7.324110e+07 5.883743e+06 
3.358279e+02 7.538595e+07 5.787288e+06 
3.347619e+02 7.084761e+07 6.269562e+06 
3.537219e+02 7.484107e+07 5.305014e+06 
3.403191e+02 8.387246e+07 5.305014e+06 
3.734966e+02 7.900536e+07 4.726285e+06 
3.268292e+02 7.261198e+07 6.462472e+06 
3.268576e+02 7.466623e+07 5.883743e+06 
3.641411e+02 8.017356e+07 4.822740e+06 
3.359239e+02 9.022226e+07 5.690833e+06 
3.653788e+02 7.862924e+07 5.015650e+06 
3.521487e+02 6.934631e+07 5.883743e+06 
3.548367e+02 7.030443e+07 5.690833e+06 
3.467937e+02 7.148745e+07 5.594378e+06 
3.647741e+02 7.216105e+07 5.305014e+06 
3.593254e+02 6.968628e+07 5.690833e+06 
3.667382e+02 7.154058e+07 5.305014e+06 
3.439981e+02 7.966739e+07 5.401469e+06 
3.556794e+02 8.663538e+07 4.629830e+06 
3.494936e+02 8.426189e+07 4.869359e+06 
3.311957e+02 7.165551e+07 6.462472e+06 
3.638902e+02 6.934469e+07 5.883743e+06 
3.527698e+02 7.248314e+07 5.401469e+06 
3.397601e+02 7.134809e+07 5.883743e+06 
3.473317e+02 7.020107e+07 6.462472e+06 
3.429508e+02 7.111314e+07 5.787288e+06 
3.450698e+02 9.052748e+07 5.208559e+06 
3.854721e+02 6.971028e+07 5.497924e+06 
3.521271e+02 6.960820e+07 5.980198e+06 

3.414755e+02 7.174706e+07 6.173107e+06 
3.441275e+02 7.167320e+07 5.690833e+06 
3.925029e+02 7.165212e+07 5.208559e+06 
3.942622e+02 7.107288e+07 5.522037e+06 
3.912864e+02 7.678295e+07 4.952953e+06 
4.233826e+02 7.598869e+07 4.436921e+06 
3.580233e+02 7.799135e+07 5.401469e+06 
3.932949e+02 7.035574e+07 5.787288e+06 
4.245547e+02 7.383594e+07 4.651265e+06 
4.243257e+02 7.491845e+07 4.340466e+06 
3.610729e+02 7.362811e+07 5.315731e+06 
3.297463e+02 7.330759e+07 6.269562e+06 
4.234346e+02 7.635743e+07 4.244011e+06 
3.417087e+02 7.252985e+07 5.883743e+06 
3.597193e+02 7.411148e+07 5.401469e+06 
3.412313e+02 7.489399e+07 5.787288e+06 
3.516674e+02 7.087918e+07 5.883743e+06 
4.167530e+02 7.491879e+07 4.533376e+06 
3.994635e+02 7.554789e+07 4.919195e+06 
3.364863e+02 7.412021e+07 5.883743e+06 
4.006379e+02 7.175660e+07 5.015650e+06 
3.363949e+02 7.173360e+07 6.366017e+06 
4.285212e+02 7.373921e+07 4.340466e+06 
3.510812e+02 7.684299e+07 5.497924e+06 
3.930626e+02 7.317826e+07 5.015650e+06 
3.760307e+02 7.570735e+07 5.112104e+06 
3.541352e+02 7.628981e+07 5.538112e+06 
4.165093e+02 7.612666e+07 4.629830e+06 
3.630402e+02 7.102629e+07 5.787288e+06 
3.595471e+02 7.381135e+07 5.497924e+06 
3.472616e+02 7.058132e+07 6.076652e+06 
3.839913e+02 7.151084e+07 5.305014e+06 
3.436445e+02 7.255557e+07 5.787288e+06 
3.300569e+02 7.435890e+07 5.980198e+06 
3.308289e+02 7.423145e+07 5.980198e+06 
3.436474e+02 7.134420e+07 6.269562e+06 
4.015300e+02 7.378657e+07 4.822740e+06 
3.758511e+02 7.136037e+07 5.497924e+06 
3.822806e+02 7.436511e+07 5.015650e+06 
3.346395e+02 7.234483e+07 6.269562e+06 
3.578214e+02 6.985747e+07 6.173107e+06 
3.499804e+02 6.992383e+07 6.173107e+06 
3.757175e+02 7.427900e+07 5.208559e+06 
3.431240e+02 7.359131e+07 5.690833e+06 
4.133363e+02 7.445034e+07 4.726285e+06 
3.665272e+02 7.058914e+07 5.690833e+06 
4.443968e+02 7.782800e+07 4.051102e+06 
4.467033e+02 7.562883e+07 4.051102e+06 
3.951106e+02 7.107794e+07 5.329127e+06 
3.547251e+02 7.007672e+07 6.076652e+06 
3.896178e+02 7.120061e+07 5.497924e+06 
3.344547e+02 7.291483e+07 6.173107e+06 
3.598907e+02 7.137622e+07 5.787288e+06 
3.371149e+02 7.188279e+07 6.173107e+06 
3.771435e+02 7.380113e+07 5.208559e+06 
3.630430e+02 7.127726e+07 5.690833e+06 
3.397172e+02 7.120572e+07 6.366017e+06 
3.414670e+02 7.323209e+07 5.787288e+06 
3.555670e+02 7.151097e+07 5.690833e+06 
3.636152e+02 7.182631e+07 5.594378e+06 
3.992224e+02 7.202553e+07 5.112104e+06 
3.327381e+02 7.381546e+07 6.076652e+06 
3.630237e+02 7.500668e+07 5.208559e+06 
3.380936e+02 7.192035e+07 6.076652e+06 
3.636382e+02 7.350883e+07 5.305014e+06 
3.419775e+02 7.544364e+07 5.690833e+06 
4.251314e+02 7.557231e+07 4.244011e+06 
3.749560e+02 7.083379e+07 5.594378e+06 
3.648202e+02 7.175572e+07 5.305014e+06 
3.355362e+02 7.304230e+07 6.076652e+06 
3.611703e+02 7.226548e+07 5.594378e+06 
3.423636e+02 7.152744e+07 5.883743e+06 
3.778779e+02 7.529211e+07 5.112104e+06 
3.447541e+02 7.074931e+07 6.173107e+06 
3.371364e+02 7.244669e+07 5.980198e+06 
3.394713e+02 7.786968e+07 5.594378e+06 
3.454526e+02 7.098573e+07 5.980198e+06 
3.837941e+02 7.339163e+07 5.112104e+06 
3.339351e+02 7.275688e+07 6.269562e+06 
3.380885e+02 7.199903e+07 5.980198e+06 
4.401479e+02 7.602283e+07 4.069857e+06 
3.373491e+02 7.369314e+07 5.883743e+06 
3.328671e+02 7.337126e+07 6.173107e+06 
4.432409e+02 7.537805e+07 4.319032e+06 
3.465127e+02 7.084329e+07 5.980198e+06 
3.916408e+02 7.253960e+07 5.112104e+06 
3.552665e+02 7.241620e+07 5.594378e+06 
3.336744e+02 7.926408e+07 5.690833e+06 
3.665793e+02 6.992409e+07 5.980198e+06 
3.531980e+02 7.070190e+07 5.980198e+06 
3.540618e+02 7.008904e+07 5.883743e+06 
3.880113e+02 7.265760e+07 5.208559e+06 
3.625366e+02 7.242043e+07 5.497924e+06 
3.917846e+02 7.132645e+07 5.329127e+06 
3.391727e+02 7.181577e+07 6.269562e+06 
3.912044e+02 7.210663e+07 5.208559e+06 
4.039917e+02 7.481122e+07 4.681273e+06 
3.788649e+02 7.303857e+07 5.208559e+06 
4.014215e+02 7.150670e+07 5.208559e+06 
3.798743e+02 7.436880e+07 5.112104e+06 

3.488837e+02 7.212607e+07 5.980198e+06 
3.292877e+02 7.285403e+07 6.269562e+06 
3.201787e+02 7.743506e+07 6.076652e+06 
3.300845e+02 7.798222e+07 5.594378e+06 
3.370167e+02 7.561272e+07 5.690833e+06 
3.396512e+02 7.132308e+07 6.462472e+06 
3.239407e+02 7.267936e+07 6.655381e+06 
3.410164e+02 8.741963e+07 5.208559e+06 
3.316399e+02 7.164713e+07 6.558926e+06 
3.537250e+02 7.257404e+07 5.883743e+06 
3.281774e+02 7.748994e+07 5.787288e+06 
3.398059e+02 8.709031e+07 5.305014e+06 
3.260703e+02 7.409866e+07 6.269562e+06 
3.308668e+02 7.449457e+07 5.980198e+06 
3.263659e+02 7.443653e+07 6.173107e+06 
3.359005e+02 7.330489e+07 6.076652e+06 
3.558872e+02 7.373712e+07 5.690833e+06 
3.322358e+02 7.408611e+07 5.787288e+06 
3.615586e+02 8.150393e+07 5.401469e+06 
3.418232e+02 7.532397e+07 5.690833e+06 
3.285638e+02 7.595177e+07 5.787288e+06 
3.634190e+02 7.348260e+07 5.594378e+06 
3.226989e+02 7.294109e+07 6.558926e+06 
3.637844e+02 7.323175e+07 5.690833e+06 
3.182084e+02 7.401693e+07 6.655381e+06 
3.240928e+02 7.219382e+07 6.558926e+06 
3.572097e+02 7.282602e+07 5.787288e+06 
3.205722e+02 7.716337e+07 5.980198e+06 
3.421348e+02 8.579929e+07 5.401469e+06 
3.429155e+02 7.236173e+07 6.269562e+06 
3.324771e+02 7.403851e+07 5.883743e+06 
3.215623e+02 7.616909e+07 6.076652e+06 
3.184400e+02 7.710117e+07 6.269562e+06 
3.555855e+02 7.322505e+07 5.787288e+06 
3.276757e+02 7.797790e+07 5.883743e+06 
3.244765e+02 7.284117e+07 6.366017e+06 
3.677717e+02 8.159208e+07 5.305014e+06 
3.240302e+02 7.260826e+07 6.655381e+06 
3.343466e+02 7.163388e+07 6.462472e+06 
3.245421e+02 7.170523e+07 6.655381e+06 
3.348134e+02 7.336848e+07 6.076652e+06 
3.416447e+02 7.300708e+07 6.076652e+06 
3.278368e+02 7.564748e+07 5.980198e+06 
3.271095e+02 7.330720e+07 6.269562e+06 
3.442560e+02 7.301524e+07 5.883743e+06 
3.357143e+02 7.370897e+07 5.883743e+06 
3.160368e+02 7.818052e+07 6.655381e+06 
3.531559e+02 8.610516e+07 5.305014e+06 
3.516153e+02 8.658770e+07 5.305014e+06 
3.544925e+02 8.415763e+07 5.208559e+06 
3.207187e+02 7.348315e+07 6.366017e+06 
3.262490e+02 8.184301e+07 5.893387e+06 
3.449150e+02 7.502304e+07 5.690833e+06 
3.158385e+02 7.960855e+07 6.944746e+06 
3.254747e+02 7.500295e+07 6.076652e+06 
3.674723e+02 9.178345e+07 5.112104e+06 
3.409041e+02 9.168358e+07 5.208559e+06 
3.716457e+02 9.019349e+07 4.932055e+06 
3.475784e+02 7.661103e+07 5.497924e+06 
3.406596e+02 7.079517e+07 6.655381e+06 
3.316042e+02 7.738836e+07 5.690833e+06 
3.330065e+02 7.245545e+07 6.269562e+06 
3.251698e+02 7.223692e+07 6.366017e+06 
3.461079e+02 8.575721e+07 5.401469e+06 
3.268732e+02 7.890807e+07 5.787288e+06 
3.477611e+02 7.457077e+07 5.690833e+06 
3.524895e+02 7.618608e+07 5.497924e+06 
3.391231e+02 7.323852e+07 6.076652e+06 
3.171299e+02 8.059573e+07 6.462472e+06 
3.174715e+02 7.560053e+07 6.366017e+06 
3.374855e+02 7.343660e+07 5.883743e+06 
3.235612e+02 7.496804e+07 6.269562e+06 
3.498721e+02 7.379491e+07 5.690833e+06 
3.305746e+02 7.565431e+07 5.787288e+06 
3.366209e+02 7.363356e+07 5.787288e+06 
3.193625e+02 7.425506e+07 6.366017e+06 
3.208046e+02 7.328947e+07 6.558926e+06 
3.257581e+02 8.258202e+07 5.893387e+06 
3.405060e+02 7.305536e+07 6.076652e+06 
3.228531e+02 7.278542e+07 6.558926e+06 
3.391996e+02 8.639609e+07 5.401469e+06 
3.337132e+02 7.169313e+07 6.462472e+06 
3.605494e+02 8.360665e+07 5.305014e+06 
3.247182e+02 7.444880e+07 6.269562e+06 
3.445887e+02 7.230941e+07 6.173107e+06 
3.287286e+02 7.492693e+07 5.980198e+06 
3.445869e+02 8.414791e+07 5.497924e+06 
3.205120e+02 7.395070e+07 6.462472e+06 
3.361566e+02 7.581675e+07 5.690833e+06 
3.269471e+02 7.379872e+07 6.173107e+06 
3.347572e+02 7.649778e+07 5.690833e+06 
3.205277e+02 7.541932e+07 6.269562e+06 
3.281966e+02 7.134614e+07 6.655381e+06 
3.679366e+02 9.051606e+07 5.112104e+06 
3.293791e+02 7.378156e+07 6.076652e+06 
3.385185e+02 7.709968e+07 5.594378e+06 
3.263585e+02 7.194979e+07 6.558926e+06 
3.211251e+02 7.297101e+07 6.558926e+06 
3.423904e+02 8.438250e+07 5.538112e+06 
3.338604e+02 7.729172e+07 5.594378e+06 

3.215263e+02 7.353054e+07 5.787288e+06 
3.219555e+02 7.395032e+07 5.787288e+06 
3.152205e+02 7.472635e+07 6.366017e+06 
3.462120e+02 7.472408e+07 5.497924e+06 
3.203606e+02 7.793521e+07 5.594378e+06 
3.624322e+02 7.513538e+07 5.305014e+06 
3.616518e+02 8.281840e+07 5.015650e+06 
3.335787e+02 7.481939e+07 5.497924e+06 
3.189271e+02 8.364903e+07 5.594378e+06 
3.292126e+02 7.877654e+07 5.305014e+06 
3.138274e+02 7.505149e+07 6.173107e+06 
4.236515e+02 9.531959e+07 4.822740e+06 
3.344956e+02 7.530717e+07 5.401469e+06 
3.367489e+02 7.748298e+07 5.401469e+06 
3.164714e+02 7.479906e+07 6.366017e+06 
3.645090e+02 7.464008e+07 5.305014e+06 
4.502970e+02 9.780482e+07 4.726285e+06 
3.156565e+02 7.506808e+07 6.366017e+06 
3.237969e+02 7.999583e+07 5.266432e+06 
3.218761e+02 8.129195e+07 5.497924e+06 
3.278917e+02 8.167976e+07 5.099244e+06 
3.296342e+02 8.133181e+07 5.099244e+06 
3.327408e+02 7.606473e+07 5.401469e+06 
3.182753e+02 7.333508e+07 6.173107e+06 
3.440098e+02 7.667212e+07 5.112104e+06 
3.166251e+02 7.541446e+07 5.980198e+06 
3.310711e+02 7.614500e+07 5.112104e+06 
3.263978e+02 7.956359e+07 5.266432e+06 
3.163033e+02 7.357787e+07 6.366017e+06 
3.367280e+02 7.324212e+07 5.787288e+06 
3.172067e+02 7.447222e+07 6.366017e+06 
4.452802e+02 9.801219e+07 4.629830e+06 
3.188358e+02 7.493069e+07 5.787288e+06 
3.171757e+02 7.648861e+07 5.787288e+06 
3.297225e+02 8.287017e+07 5.112104e+06 
3.127432e+02 8.331318e+07 6.173107e+06 
3.128309e+02 7.626887e+07 6.366017e+06 
3.251858e+02 7.625050e+07 5.497924e+06 
3.130000e+02 8.035699e+07 6.944746e+06 
3.545962e+02 8.464547e+07 4.919195e+06 
3.197365e+02 7.436602e+07 5.787288e+06 
3.358687e+02 7.421214e+07 5.594378e+06 
3.338608e+02 7.490042e+07 5.497924e+06 
3.609263e+02 7.512840e+07 5.305014e+06 
3.411097e+02 7.378487e+07 5.594378e+06 
3.531906e+02 7.647197e+07 5.208559e+06 
3.500017e+02 7.582924e+07 5.305014e+06 
3.176951e+02 7.687911e+07 5.787288e+06 
3.204614e+02 8.198365e+07 5.401469e+06 
3.240959e+02 7.713773e+07 5.401469e+06 
3.198312e+02 7.597108e+07 5.594378e+06 
3.602372e+02 7.544595e+07 5.208559e+06 
3.397412e+02 8.423456e+07 5.015650e+06 
3.187053e+02 7.363283e+07 5.980198e+06 
3.559582e+02 7.435733e+07 5.401469e+06 
3.567750e+02 7.425348e+07 5.497924e+06 
3.182361e+02 7.287660e+07 5.980198e+06 
3.210744e+02 8.131615e+07 5.497924e+06 
3.176494e+02 7.419310e+07 6.366017e+06 
3.492615e+02 7.369173e+07 5.594378e+06 
3.213218e+02 7.491522e+07 5.594378e+06 
3.212709e+02 7.733039e+07 5.594378e+06 
3.165234e+02 7.587538e+07 5.980198e+06 
3.311131e+02 7.465436e+07 5.594378e+06 
3.247534e+02 7.814157e+07 5.433620e+06 
3.484715e+02 7.401243e+07 5.594378e+06 
3.172434e+02 7.444334e+07 5.980198e+06 
3.180277e+02 7.360530e+07 5.980198e+06 
3.547181e+02 7.524004e+07 5.305014e+06 
3.177855e+02 7.421530e+07 6.173107e+06 
3.135913e+02 7.673942e+07 6.366017e+06 
3.175463e+02 7.427214e+07 5.980198e+06 
3.174567e+02 7.512138e+07 5.787288e+06 
3.409262e+02 7.484867e+07 5.401469e+06 
3.225391e+02 7.837092e+07 5.401469e+06 
3.509713e+02 8.343423e+07 5.015650e+06 
3.383582e+02 7.480642e+07 5.401469e+06 
3.235487e+02 7.956698e+07 5.350026e+06 
3.581821e+02 7.464968e+07 5.497924e+06 
3.125572e+02 8.071361e+07 6.366017e+06 
3.126351e+02 7.931439e+07 6.366017e+06 
3.237991e+02 7.333640e+07 5.980198e+06 
3.525078e+02 7.532284e+07 5.305014e+06 
4.545433e+02 9.940909e+07 4.726285e+06 
3.129505e+02 7.589303e+07 5.980198e+06 
3.154480e+02 7.416475e+07 6.366017e+06 
3.140481e+02 7.526568e+07 6.173107e+06 
3.588393e+02 7.771893e+07 4.919195e+06 
3.243055e+02 7.939808e+07 5.182838e+06 
3.298620e+02 7.440141e+07 5.594378e+06 
3.342416e+02 7.310179e+07 5.787288e+06 
3.331702e+02 7.586950e+07 5.401469e+06 
3.631743e+02 7.511871e+07 5.305014e+06 
4.360170e+02 9.861454e+07 4.340466e+06 
3.207160e+02 7.381057e+07 5.787288e+06 
3.230275e+02 8.041603e+07 5.266432e+06 
3.195982e+02 7.900437e+07 5.690833e+06 
3.131867e+02 7.903905e+07 6.366017e+06 
3.222379e+02 7.288036e+07 6.173107e+06 
3.167224e+02 8.107475e+07 5.883743e+06 

3.424530e+02 7.462742e+07 5.208559e+06 
3.321674e+02 7.534726e+07 5.690833e+06 
3.665976e+02 7.229959e+07 5.497924e+06 
3.327816e+02 7.526045e+07 5.594378e+06 
3.293498e+02 7.605240e+07 6.076652e+06 
3.861075e+02 7.372830e+07 4.919195e+06 
3.700332e+02 7.427429e+07 5.112104e+06 
3.406290e+02 7.243993e+07 5.594378e+06 
3.281215e+02 8.093834e+07 6.558926e+06 
3.314021e+02 7.517469e+07 5.787288e+06 
3.610459e+02 7.772083e+07 4.932055e+06 
3.334518e+02 7.329997e+07 5.883743e+06 
3.958295e+02 7.396004e+07 4.726285e+06 
3.958312e+02 7.359002e+07 4.919195e+06 
3.634633e+02 7.321177e+07 5.305014e+06 
3.221772e+02 8.258688e+07 6.558926e+06 
3.765797e+02 7.260303e+07 5.305014e+06 
3.924597e+02 8.227659e+07 4.822740e+06 
3.266382e+02 8.191375e+07 6.655381e+06 
3.425336e+02 7.407577e+07 5.401469e+06 
3.878858e+02 7.322028e+07 4.919195e+06 
3.520345e+02 7.621427e+07 5.112104e+06 
3.795519e+02 7.332313e+07 5.015650e+06 
3.350991e+02 7.373018e+07 5.594378e+06 
3.287228e+02 7.810942e+07 5.401469e+06 
3.350556e+02 7.266651e+07 6.076652e+06 
3.547919e+02 7.203363e+07 5.787288e+06 
3.349226e+02 7.513881e+07 5.401469e+06 
3.538891e+02 7.412484e+07 5.112104e+06 
3.324137e+02 7.705718e+07 5.208559e+06 
3.567758e+02 7.219404e+07 5.594378e+06 
3.855452e+02 7.594992e+07 4.822740e+06 
3.709089e+02 7.403027e+07 5.112104e+06 
3.357444e+02 7.367798e+07 5.497924e+06 
3.750789e+02 7.175796e+07 5.690833e+06 
3.285434e+02 8.025910e+07 6.655381e+06 
3.377268e+02 7.238045e+07 5.883743e+06 
3.284691e+02 8.137479e+07 6.366017e+06 
3.770202e+02 7.335862e+07 5.208559e+06 
3.769083e+02 7.624190e+07 4.919195e+06 
3.421509e+02 7.535586e+07 4.919195e+06 
3.829266e+02 7.364448e+07 5.015650e+06 
3.702517e+02 7.285335e+07 5.305014e+06 
3.461860e+02 7.329892e+07 5.401469e+06 
3.659830e+02 8.060616e+07 4.919195e+06 
3.328787e+02 7.308455e+07 5.883743e+06 
3.322718e+02 7.331890e+07 5.883743e+06 
4.221859e+02 8.002601e+07 4.726285e+06 
3.302030e+02 7.433833e+07 5.787288e+06 
3.271183e+02 8.398779e+07 6.366017e+06 
3.293333e+02 8.038995e+07 6.462472e+06 
3.283471e+02 8.228140e+07 6.462472e+06 
3.388648e+02 7.264567e+07 5.594378e+06 
3.389327e+02 7.241501e+07 6.076652e+06 
3.692601e+02 7.225972e+07 5.305014e+06 
3.655924e+02 7.224660e+07 5.594378e+06 
3.259693e+02 8.095313e+07 6.558926e+06 
3.902727e+02 7.329111e+07 5.112104e+06 
3.334748e+02 7.480397e+07 5.594378e+06 
3.839924e+02 7.444040e+07 4.932055e+06 
3.311084e+02 7.678746e+07 5.208559e+06 
3.480446e+02 7.258041e+07 5.594378e+06 
3.715820e+02 7.429895e+07 5.015650e+06 
3.263536e+02 8.040457e+07 6.751836e+06 
3.345858e+02 7.335749e+07 5.787288e+06 
3.329661e+02 7.308714e+07 6.076652e+06 
3.488542e+02 7.408689e+07 5.305014e+06 
3.932762e+02 7.610708e+07 4.848461e+06 
3.867383e+02 7.387746e+07 4.848461e+06 
4.160310e+02 8.488974e+07 4.726285e+06 
3.335314e+02 7.384126e+07 5.787288e+06 
3.922743e+02 7.452150e+07 4.726285e+06 
3.710270e+02 7.381680e+07 5.112104e+06 
3.376263e+02 7.340218e+07 5.594378e+06 
3.544289e+02 7.228484e+07 5.787288e+06 
3.916361e+02 7.281231e+07 5.015650e+06 
3.550524e+02 7.513259e+07 5.112104e+06 
3.364862e+02 7.334725e+07 5.594378e+06 
3.627810e+02 7.227418e+07 5.497924e+06 
3.363655e+02 7.307118e+07 5.883743e+06 
3.400783e+02 7.249281e+07 5.883743e+06 
3.711804e+02 7.561559e+07 5.015650e+06 
3.419091e+02 7.445917e+07 5.305014e+06 
3.398919e+02 7.504826e+07 5.305014e+06 
3.614728e+02 7.208152e+07 5.787288e+06 
3.660148e+02 7.342779e+07 5.208559e+06 
3.454510e+02 7.270968e+07 5.594378e+06 
3.649092e+02 7.361626e+07 5.208559e+06 
3.268090e+02 8.124635e+07 6.751836e+06 
3.488935e+02 7.217538e+07 5.787288e+06 
3.403101e+02 7.366675e+07 5.497924e+06 
3.964062e+02 7.577180e+07 4.848461e+06 
3.678568e+02 7.779457e+07 4.919195e+06 
3.423427e+02 7.289445e+07 5.401469e+06 
3.354376e+02 7.416464e+07 5.594378e+06 
3.715489e+02 7.705699e+07 4.932055e+06 
3.657144e+02 7.320582e+07 5.305014e+06 
3.407458e+02 7.402641e+07 5.401469e+06 
3.366464e+02 7.258025e+07 6.076652e+06 
3.758538e+02 7.384077e+07 5.112104e+06 

