3.079168e+02 7.133169e+07 5.980198e+06 
3.792133e+02 6.946420e+07 4.340466e+06 
3.179332e+02 6.710341e+07 6.076652e+06 
3.185536e+02 7.760659e+07 5.690833e+06 
3.051690e+02 6.818564e+07 6.269562e+06 
3.777508e+02 6.931158e+07 4.436921e+06 
4.195234e+02 6.928227e+07 3.761737e+06 
3.875659e+02 6.565702e+07 5.015650e+06 
3.125685e+02 6.742270e+07 6.558926e+06 
3.565258e+02 6.630098e+07 5.690833e+06 
3.992224e+02 6.807699e+07 4.147556e+06 
4.077187e+02 6.508462e+07 4.822740e+06 
3.497054e+02 6.880258e+07 5.015650e+06 
3.064606e+02 6.814233e+07 6.269562e+06 
3.040953e+02 6.874221e+07 6.269562e+06 
3.089602e+02 6.796983e+07 6.269562e+06 
3.152053e+02 6.808349e+07 5.883743e+06 
3.665712e+02 6.837995e+07 4.919195e+06 
3.792083e+02 6.886616e+07 4.436921e+06 
3.214910e+02 7.001092e+07 5.594378e+06 
3.429638e+02 6.930092e+07 5.112104e+06 
3.225597e+02 6.663247e+07 6.173107e+06 
3.711095e+02 6.748445e+07 5.112104e+06 
3.741222e+02 6.587751e+07 5.594378e+06 
3.960533e+02 6.660053e+07 4.244011e+06 
3.105349e+02 6.799072e+07 5.980198e+06 
3.162959e+02 6.726370e+07 6.269562e+06 
3.023672e+02 6.966604e+07 6.462472e+06 
3.392194e+02 7.167528e+07 4.919195e+06 
3.722937e+02 7.160131e+07 4.436921e+06 
3.844850e+02 6.654956e+07 4.822740e+06 
4.134580e+02 6.882006e+07 3.858192e+06 
3.190694e+02 6.925957e+07 5.690833e+06 
4.342362e+02 6.535960e+07 4.244011e+06 
3.547783e+02 6.941061e+07 4.822740e+06 
3.462508e+02 7.129511e+07 4.822740e+06 
3.460302e+02 7.052459e+07 4.919195e+06 
3.188508e+02 6.795420e+07 5.787288e+06 
3.380115e+02 6.619037e+07 5.980198e+06 
4.085496e+02 6.589618e+07 4.436921e+06 
3.465949e+02 6.879192e+07 5.305014e+06 
3.926050e+02 6.611219e+07 4.629830e+06 
3.400262e+02 6.780318e+07 5.497924e+06 
4.405920e+02 6.417192e+07 4.436921e+06 
3.552759e+02 7.043156e+07 4.629830e+06 
3.123473e+02 6.766301e+07 6.462472e+06 
3.267841e+02 6.872061e+07 5.594378e+06 
3.497650e+02 7.171048e+07 4.726285e+06 
3.905968e+02 6.678911e+07 4.533376e+06 
4.193043e+02 6.462337e+07 4.629830e+06 
3.222106e+02 7.884014e+07 5.497924e+06 
3.976445e+02 6.630516e+07 4.533376e+06 
3.352805e+02 7.207432e+07 5.112104e+06 
3.241155e+02 7.486652e+07 5.497924e+06 
3.112460e+02 6.770910e+07 6.558926e+06 
4.035163e+02 6.858200e+07 3.954647e+06 
4.109739e+02 6.552364e+07 4.533376e+06 
3.204180e+02 6.830769e+07 5.690833e+06 
3.603024e+02 6.981343e+07 4.734323e+06 
3.632051e+02 7.077969e+07 4.485148e+06 
3.313908e+02 6.681885e+07 5.690833e+06 
3.314124e+02 7.087910e+07 5.401469e+06 
4.065581e+02 6.560825e+07 4.629830e+06 
3.141795e+02 6.738063e+07 6.076652e+06 
4.203322e+02 6.471077e+07 4.436921e+06 
3.596264e+02 7.125426e+07 4.533376e+06 
4.148144e+02 6.595682e+07 4.244011e+06 
3.753747e+02 6.752914e+07 4.822740e+06 
3.847920e+02 6.855772e+07 4.244011e+06 
3.090299e+02 6.774426e+07 6.366017e+06 
3.586855e+02 7.021852e+07 4.568207e+06 
3.511879e+02 7.009496e+07 4.726285e+06 
3.294562e+02 7.270734e+07 5.015650e+06 
3.032418e+02 7.099798e+07 6.269562e+06 
3.084738e+02 6.894799e+07 6.076652e+06 
3.116417e+02 6.769951e+07 6.269562e+06 
3.359005e+02 6.792638e+07 5.594378e+06 
3.357794e+02 6.621416e+07 5.883743e+06 
3.443281e+02 7.224039e+07 4.822740e+06 
3.609006e+02 6.728584e+07 5.305014e+06 
3.924206e+02 6.914658e+07 4.147556e+06 
3.335200e+02 6.927258e+07 5.497924e+06 
3.195145e+02 6.696044e+07 6.173107e+06 
3.048872e+02 6.828104e+07 6.269562e+06 
3.592751e+02 6.653241e+07 5.497924e+06 
3.869474e+02 6.668211e+07 4.629830e+06 
3.980412e+02 6.584014e+07 4.726285e+06 
4.262215e+02 6.522206e+07 4.340466e+06 
3.468013e+02 6.676099e+07 5.497924e+06 
3.860053e+02 6.740215e+07 4.244011e+06 
3.537737e+02 6.747622e+07 5.401469e+06 
3.369827e+02 7.028813e+07 5.112104e+06 
3.137368e+02 7.051439e+07 5.787288e+06 
3.689375e+02 6.640032e+07 5.305014e+06 
4.398345e+02 6.458578e+07 4.244011e+06 
3.213439e+02 6.722962e+07 5.883743e+06 
3.501366e+02 6.843625e+07 5.305014e+06 
3.800437e+02 6.827930e+07 4.533376e+06 
3.055499e+02 6.969348e+07 6.173107e+06 
3.794851e+02 6.700507e+07 4.822740e+06 

3.569246e+02 6.874110e+07 5.594378e+06 
3.554842e+02 7.067341e+07 5.208559e+06 
3.124836e+02 7.486510e+07 6.366017e+06 
3.590449e+02 7.270188e+07 5.036547e+06 
3.923995e+02 7.030195e+07 4.919195e+06 
3.414190e+02 6.716038e+07 6.173107e+06 
3.634973e+02 7.134034e+07 5.112104e+06 
3.869897e+02 7.180366e+07 4.726285e+06 
3.392141e+02 6.928920e+07 5.690833e+06 
3.481589e+02 6.893453e+07 5.690833e+06 
3.667058e+02 6.972382e+07 5.208559e+06 
3.723794e+02 7.790382e+07 4.533376e+06 
3.673526e+02 6.920266e+07 5.305014e+06 
3.953725e+02 7.079081e+07 4.822740e+06 
3.504135e+02 6.686286e+07 5.980198e+06 
4.172519e+02 7.091757e+07 4.340466e+06 
3.631504e+02 7.021990e+07 5.208559e+06 
3.483525e+02 7.355619e+07 5.120142e+06 
3.575808e+02 6.721053e+07 5.883743e+06 
4.163389e+02 7.117356e+07 4.244011e+06 
3.222026e+02 7.112884e+07 6.173107e+06 
3.556529e+02 7.874890e+07 4.919195e+06 
3.343090e+02 6.797312e+07 6.076652e+06 
3.612654e+02 7.901198e+07 4.726285e+06 
3.794884e+02 6.929693e+07 5.208559e+06 
3.382286e+02 7.110158e+07 5.208559e+06 
3.497641e+02 6.942826e+07 5.594378e+06 
3.396677e+02 7.436264e+07 5.112104e+06 
3.268756e+02 7.091589e+07 5.690833e+06 
3.591787e+02 7.750178e+07 4.919195e+06 
3.141607e+02 7.248191e+07 5.787288e+06 
4.139912e+02 7.200062e+07 4.244011e+06 
4.201278e+02 7.081211e+07 4.436921e+06 
4.018891e+02 7.145752e+07 4.436921e+06 
3.572965e+02 6.758640e+07 5.787288e+06 
3.397586e+02 6.749120e+07 5.980198e+06 
4.192245e+02 7.218778e+07 4.147556e+06 
3.343004e+02 6.955249e+07 5.883743e+06 
3.441246e+02 6.808081e+07 5.787288e+06 
3.358392e+02 6.767797e+07 6.076652e+06 
3.671724e+02 6.733810e+07 5.690833e+06 
3.722649e+02 6.649572e+07 5.883743e+06 
3.294664e+02 6.884359e+07 6.269562e+06 
3.115303e+02 7.518069e+07 6.366017e+06 
3.828596e+02 7.171828e+07 4.822740e+06 
3.611660e+02 7.397003e+07 4.919195e+06 
3.639585e+02 7.435567e+07 4.702171e+06 
3.859847e+02 7.124798e+07 4.822740e+06 
3.387638e+02 7.408178e+07 5.120142e+06 
3.673756e+02 6.660282e+07 5.883743e+06 
4.081048e+02 7.181451e+07 4.340466e+06 
3.420424e+02 6.878461e+07 5.787288e+06 
4.197453e+02 7.049799e+07 4.533376e+06 
4.153953e+02 7.092366e+07 4.340466e+06 
3.930119e+02 7.122465e+07 4.629830e+06 
3.166779e+02 7.186271e+07 5.594378e+06 
3.695320e+02 6.789977e+07 5.305014e+06 
3.653855e+02 6.696683e+07 5.787288e+06 
3.683736e+02 6.778218e+07 5.497924e+06 
3.415297e+02 6.722936e+07 6.076652e+06 
3.424769e+02 6.780503e+07 5.883743e+06 
3.304831e+02 7.063454e+07 5.787288e+06 
3.532638e+02 6.835331e+07 5.690833e+06 
3.491025e+02 6.972042e+07 5.497924e+06 
3.659171e+02 7.349241e+07 4.869359e+06 
3.388593e+02 6.729366e+07 6.076652e+06 
3.344674e+02 7.216418e+07 5.370924e+06 
3.612686e+02 6.755578e+07 5.690833e+06 
3.372267e+02 7.266226e+07 5.287330e+06 
3.560730e+02 7.362740e+07 5.036547e+06 
3.293034e+02 6.894364e+07 6.462472e+06 
3.734190e+02 6.642127e+07 5.690833e+06 
3.157720e+02 7.184798e+07 6.076652e+06 
3.801277e+02 6.750257e+07 5.594378e+06 
3.729235e+02 7.104979e+07 5.015650e+06 
3.513653e+02 7.251915e+07 5.120142e+06 
3.427820e+02 7.007739e+07 5.305014e+06 
3.684133e+02 7.250894e+07 5.015650e+06 
3.331737e+02 6.998530e+07 5.497924e+06 
3.363310e+02 6.865733e+07 5.980198e+06 
3.532128e+02 6.840027e+07 5.690833e+06 
3.304867e+02 7.392112e+07 5.305014e+06 
3.356301e+02 6.774569e+07 6.076652e+06 
3.245462e+02 7.243866e+07 5.401469e+06 
3.649695e+02 6.661701e+07 5.883743e+06 
3.155798e+02 7.423410e+07 5.594378e+06 
3.589635e+02 6.876146e+07 5.401469e+06 
3.819664e+02 6.955018e+07 5.015650e+06 
3.486416e+02 6.772968e+07 5.787288e+06 
3.512264e+02 6.685604e+07 5.980198e+06 
4.222836e+02 7.128698e+07 4.147556e+06 
3.962618e+02 7.261557e+07 4.436921e+06 
3.958003e+02 6.853344e+07 5.208559e+06 
3.470965e+02 6.691584e+07 5.980198e+06 
3.210004e+02 7.138123e+07 6.173107e+06 
4.008979e+02 7.052633e+07 4.629830e+06 
3.370999e+02 7.074113e+07 5.401469e+06 
3.607450e+02 6.772225e+07 5.594378e+06 
3.126181e+02 7.224484e+07 5.980198e+06 
3.787951e+02 7.254693e+07 4.919195e+06 

4.407663e+02 7.094987e+07 3.375918e+06 
4.351504e+02 7.309965e+07 3.343766e+06 
3.297054e+02 7.070476e+07 5.497924e+06 
3.438677e+02 7.061212e+07 4.726285e+06 
4.131070e+02 6.934931e+07 3.568828e+06 
3.164436e+02 7.895785e+07 6.076652e+06 
3.815357e+02 6.888414e+07 3.954647e+06 
3.422422e+02 6.995787e+07 4.848461e+06 
3.838090e+02 6.734259e+07 4.919195e+06 
3.300725e+02 7.009864e+07 5.497924e+06 
3.202571e+02 7.252392e+07 5.980198e+06 
3.925055e+02 6.954539e+07 3.858192e+06 
4.286637e+02 6.963022e+07 3.472373e+06 
3.692966e+02 6.729775e+07 5.305014e+06 
3.971649e+02 6.773768e+07 4.147556e+06 
4.318056e+02 6.894290e+07 3.472373e+06 
3.302477e+02 6.981720e+07 5.594378e+06 
3.619459e+02 6.895175e+07 4.436921e+06 
3.617785e+02 7.073921e+07 4.340466e+06 
3.946937e+02 7.108238e+07 3.665282e+06 
3.558458e+02 6.954737e+07 4.629830e+06 
3.714416e+02 6.840617e+07 4.533376e+06 
3.413984e+02 6.946831e+07 4.919195e+06 
3.559702e+02 6.788770e+07 5.015650e+06 
4.053361e+02 6.814731e+07 3.954647e+06 
3.222632e+02 7.216214e+07 5.787288e+06 
3.464025e+02 6.849520e+07 4.919195e+06 
4.094226e+02 6.682511e+07 5.112104e+06 
4.102517e+02 6.823644e+07 3.858192e+06 
4.315931e+02 6.795065e+07 3.954647e+06 
3.179871e+02 7.320079e+07 5.980198e+06 
4.128678e+02 6.905544e+07 3.665282e+06 
3.461563e+02 7.004612e+07 4.726285e+06 
3.225266e+02 7.175475e+07 5.787288e+06 
3.921119e+02 6.704664e+07 4.726285e+06 
3.564326e+02 7.771438e+07 4.430490e+06 
3.233619e+02 7.159760e+07 5.980198e+06 
3.238217e+02 7.139606e+07 5.497924e+06 
3.169405e+02 7.756072e+07 6.269562e+06 
3.469842e+02 6.893779e+07 4.848461e+06 
3.877184e+02 6.987347e+07 3.858192e+06 
3.702040e+02 6.792336e+07 4.726285e+06 
4.056498e+02 6.859036e+07 3.858192e+06 
3.889985e+02 6.784851e+07 4.096114e+06 
3.641055e+02 7.141837e+07 4.244011e+06 
3.278839e+02 7.226556e+07 5.112104e+06 
3.510711e+02 7.090394e+07 4.436921e+06 
3.741286e+02 6.749317e+07 4.726285e+06 
3.701833e+02 6.903265e+07 4.263302e+06 
3.338853e+02 6.931101e+07 5.015650e+06 
3.398571e+02 6.880990e+07 5.112104e+06 
3.174017e+02 7.775520e+07 5.980198e+06 
3.248731e+02 7.778806e+07 5.266432e+06 
3.611921e+02 6.771759e+07 5.690833e+06 
4.081679e+02 6.853135e+07 3.761737e+06 
3.239666e+02 7.206018e+07 5.305014e+06 
3.977594e+02 6.802461e+07 4.051102e+06 
3.315345e+02 7.183882e+07 5.015650e+06 
4.088398e+02 7.003163e+07 3.568828e+06 
3.327844e+02 6.936234e+07 5.401469e+06 
3.653175e+02 6.736057e+07 5.497924e+06 
3.729938e+02 7.023911e+07 4.179708e+06 
3.207447e+02 7.345189e+07 5.594378e+06 
4.230460e+02 6.856569e+07 3.665282e+06 
3.844245e+02 6.828222e+07 4.244011e+06 
3.347122e+02 6.913985e+07 5.266432e+06 
3.291657e+02 7.101864e+07 5.208559e+06 
3.590530e+02 6.860622e+07 4.681273e+06 
3.353990e+02 6.876582e+07 5.208559e+06 
4.381730e+02 7.214624e+07 3.427361e+06 
4.133478e+02 6.678253e+07 5.015650e+06 
3.447480e+02 7.219451e+07 4.597679e+06 
3.784189e+02 7.013032e+07 4.051102e+06 
3.745690e+02 6.742277e+07 5.015650e+06 
3.786091e+02 6.815136e+07 4.340466e+06 
3.276758e+02 7.135771e+07 5.517215e+06 
3.541780e+02 6.882569e+07 4.726285e+06 
3.320736e+02 7.029985e+07 5.099244e+06 
3.684052e+02 6.769276e+07 4.822740e+06 
3.291306e+02 7.110693e+07 5.401469e+06 
3.373906e+02 7.055570e+07 4.822740e+06 
3.687715e+02 6.766237e+07 4.919195e+06 
3.661215e+02 7.033952e+07 4.244011e+06 
3.980251e+02 6.928719e+07 3.678143e+06 
4.140592e+02 6.897677e+07 3.678143e+06 
3.179744e+02 7.336360e+07 5.787288e+06 
3.403692e+02 7.181416e+07 4.764867e+06 
4.196891e+02 6.910716e+07 3.568828e+06 
3.647904e+02 6.845477e+07 4.726285e+06 
3.335729e+02 7.103043e+07 4.932055e+06 
3.991438e+02 7.022483e+07 3.665282e+06 
3.285382e+02 8.233131e+07 5.099244e+06 
3.436140e+02 7.306050e+07 4.726285e+06 
3.489392e+02 7.049769e+07 4.681273e+06 
4.379952e+02 6.882815e+07 3.568828e+06 
3.697909e+02 6.692928e+07 5.305014e+06 
4.166953e+02 6.997694e+07 3.510955e+06 
3.758721e+02 7.067412e+07 4.096114e+06 
3.659582e+02 6.784363e+07 4.919195e+06 
3.583868e+02 7.033306e+07 4.436921e+06 

3.236100e+02 7.220454e+07 6.173107e+06 
3.370257e+02 7.098030e+07 5.690833e+06 
3.592599e+02 7.281547e+07 4.932055e+06 
3.660146e+02 7.898669e+07 4.629830e+06 
4.170177e+02 7.262091e+07 3.761737e+06 
3.399408e+02 7.604031e+07 4.932055e+06 
3.394905e+02 7.311605e+07 5.112104e+06 
3.239802e+02 7.171557e+07 6.269562e+06 
3.913475e+02 7.104281e+07 4.244011e+06 
3.707779e+02 7.013635e+07 5.112104e+06 
3.605315e+02 6.943644e+07 5.401469e+06 
3.258518e+02 7.339751e+07 5.305014e+06 
3.822846e+02 7.029316e+07 4.681273e+06 
3.883215e+02 7.129079e+07 4.436921e+06 
4.199719e+02 6.894136e+07 4.436921e+06 
3.975130e+02 6.974067e+07 4.533376e+06 
4.451297e+02 6.996193e+07 3.954647e+06 
4.152627e+02 7.025752e+07 4.051102e+06 
3.182690e+02 7.276856e+07 5.497924e+06 
3.760236e+02 7.031326e+07 4.919195e+06 
3.167277e+02 7.355983e+07 6.269562e+06 
3.899394e+02 7.017418e+07 4.436921e+06 
3.259571e+02 7.128202e+07 6.076652e+06 
3.311711e+02 7.498166e+07 5.266432e+06 
3.129807e+02 7.483222e+07 6.558926e+06 
4.047573e+02 7.202487e+07 3.954647e+06 
3.880983e+02 6.965998e+07 4.919195e+06 
4.179104e+02 7.234700e+07 3.845331e+06 
3.770758e+02 6.933901e+07 5.112104e+06 
3.165897e+02 7.446237e+07 6.173107e+06 
3.933901e+02 6.954385e+07 4.919195e+06 
3.503331e+02 6.992961e+07 5.690833e+06 
3.551301e+02 7.020958e+07 5.401469e+06 
3.753784e+02 7.076523e+07 4.726285e+06 
3.203332e+02 7.245470e+07 6.173107e+06 
3.814680e+02 6.968637e+07 5.015650e+06 
3.813005e+02 7.082942e+07 4.533376e+06 
4.074261e+02 6.945261e+07 4.629830e+06 
3.297103e+02 7.162815e+07 5.497924e+06 
3.155702e+02 7.475387e+07 6.366017e+06 
3.389293e+02 7.079091e+07 5.787288e+06 
3.329375e+02 7.624159e+07 5.208559e+06 
3.564797e+02 7.145752e+07 5.182838e+06 
4.478259e+02 6.892833e+07 4.051102e+06 
3.863140e+02 7.729758e+07 4.436921e+06 
3.595474e+02 7.079253e+07 5.208559e+06 
3.347641e+02 7.396047e+07 5.208559e+06 
3.577377e+02 7.338690e+07 4.919195e+06 
4.026520e+02 6.986755e+07 4.436921e+06 
3.668599e+02 7.253384e+07 4.822740e+06 
3.256514e+02 7.179796e+07 5.690833e+06 
3.572253e+02 6.946707e+07 5.305014e+06 
4.393854e+02 6.854577e+07 4.340466e+06 
3.915361e+02 6.983417e+07 4.629830e+06 
3.347694e+02 7.099079e+07 5.690833e+06 
3.699234e+02 7.463788e+07 4.629830e+06 
4.131585e+02 7.096122e+07 3.858192e+06 
3.232661e+02 7.236741e+07 6.366017e+06 
3.997815e+02 7.105867e+07 4.147556e+06 
4.406510e+02 6.881157e+07 4.244011e+06 
4.153698e+02 7.095283e+07 3.858192e+06 
3.143844e+02 7.414676e+07 6.558926e+06 
4.284760e+02 6.936537e+07 4.244011e+06 
4.043878e+02 6.915091e+07 4.919195e+06 
4.156004e+02 7.000256e+07 4.244011e+06 
3.623788e+02 7.326155e+07 4.822740e+06 
3.134635e+02 7.478656e+07 6.751836e+06 
3.433838e+02 7.235685e+07 5.305014e+06 
3.559677e+02 6.989769e+07 5.690833e+06 
3.155517e+02 7.371704e+07 6.558926e+06 
4.174857e+02 7.071120e+07 3.954647e+06 
3.307867e+02 7.280046e+07 5.305014e+06 
3.217974e+02 7.242559e+07 6.269562e+06 
4.093366e+02 6.882267e+07 4.822740e+06 
3.280984e+02 7.217594e+07 5.401469e+06 
3.365943e+02 7.474520e+07 5.112104e+06 
4.288569e+02 6.841147e+07 4.629830e+06 
3.845061e+02 7.221780e+07 4.514085e+06 
3.497478e+02 7.146605e+07 5.305014e+06 
3.658002e+02 7.364745e+07 4.764867e+06 
3.255077e+02 7.657532e+07 5.401469e+06 
4.038297e+02 7.046893e+07 4.147556e+06 
3.487730e+02 7.051896e+07 5.787288e+06 
3.164206e+02 7.319623e+07 6.558926e+06 
3.627031e+02 7.221800e+07 4.932055e+06 
4.429661e+02 6.881808e+07 4.147556e+06 
3.143999e+02 7.403365e+07 6.558926e+06 
3.317255e+02 7.099454e+07 5.497924e+06 
3.931843e+02 7.071378e+07 4.179708e+06 
3.904931e+02 7.042826e+07 4.340466e+06 
3.720599e+02 7.130030e+07 4.848461e+06 
3.236267e+02 7.200764e+07 5.497924e+06 
4.043234e+02 7.113894e+07 4.051102e+06 
4.015069e+02 7.151154e+07 4.051102e+06 
3.396157e+02 7.278489e+07 5.208559e+06 
3.411108e+02 7.294542e+07 5.112104e+06 
3.653915e+02 7.103465e+07 5.015650e+06 
4.118575e+02 7.239567e+07 3.858192e+06 
3.644334e+02 7.951443e+07 4.681273e+06 
3.391802e+02 7.114081e+07 5.401469e+06 

3.498766e+02 6.626215e+07 5.497924e+06 
3.861153e+02 6.396825e+07 5.497924e+06 
4.198036e+02 6.439874e+07 4.822740e+06 
4.071068e+02 6.378189e+07 5.015650e+06 
3.558670e+02 6.646442e+07 5.112104e+06 
3.641787e+02 6.549372e+07 5.401469e+06 
4.165407e+02 6.354280e+07 5.208559e+06 
3.353842e+02 6.734082e+07 5.497924e+06 
3.958654e+02 6.399048e+07 5.208559e+06 
4.143240e+02 7.040198e+07 4.436921e+06 
3.330632e+02 6.665172e+07 5.594378e+06 
3.629614e+02 6.583527e+07 5.208559e+06 
4.052701e+02 7.011501e+07 4.533376e+06 
3.725013e+02 6.797526e+07 4.629830e+06 
3.823129e+02 6.522656e+07 5.112104e+06 
3.399265e+02 6.622933e+07 5.787288e+06 
3.272215e+02 6.847928e+07 5.690833e+06 
3.888514e+02 6.370103e+07 5.497924e+06 
3.219076e+02 6.767443e+07 6.173107e+06 
4.272005e+02 6.362592e+07 5.015650e+06 
4.105131e+02 6.339810e+07 5.401469e+06 
3.929619e+02 6.338207e+07 5.690833e+06 
3.716318e+02 6.628917e+07 4.919195e+06 
3.789597e+02 6.715753e+07 4.726285e+06 
4.074970e+02 7.234108e+07 4.436921e+06 
3.564111e+02 6.582207e+07 5.594378e+06 
3.448050e+02 6.599526e+07 5.787288e+06 
3.415900e+02 6.724182e+07 5.401469e+06 
3.585352e+02 6.715888e+07 5.015650e+06 
3.847408e+02 6.620866e+07 4.726285e+06 
3.578107e+02 6.635105e+07 5.112104e+06 
3.229693e+02 6.841837e+07 5.980198e+06 
3.820939e+02 6.563442e+07 4.822740e+06 
3.699966e+02 6.610816e+07 5.015650e+06 
3.214779e+02 6.918875e+07 6.173107e+06 
3.743003e+02 6.503010e+07 5.305014e+06 
3.930521e+02 6.388361e+07 5.305014e+06 
3.564589e+02 6.529191e+07 5.883743e+06 
3.378626e+02 6.643684e+07 5.690833e+06 
3.250278e+02 6.774956e+07 5.787288e+06 
3.373657e+02 6.614259e+07 6.269562e+06 
3.949954e+02 6.427514e+07 5.112104e+06 
3.680225e+02 6.454598e+07 5.883743e+06 
3.985957e+02 7.390479e+07 4.436921e+06 
3.795040e+02 6.398371e+07 5.690833e+06 
4.209337e+02 7.384679e+07 4.244011e+06 
4.033826e+02 6.456250e+07 4.919195e+06 
3.862816e+02 6.366665e+07 5.883743e+06 
3.594466e+02 6.491072e+07 5.787288e+06 
3.748447e+02 6.664732e+07 4.822740e+06 
3.663954e+02 6.740215e+07 4.822740e+06 
3.793457e+02 6.486697e+07 5.305014e+06 
3.236019e+02 6.773976e+07 5.883743e+06 
3.284277e+02 6.734253e+07 5.980198e+06 
4.058181e+02 6.489498e+07 4.822740e+06 
3.851972e+02 6.505319e+07 5.208559e+06 
3.458227e+02 6.849801e+07 5.208559e+06 
3.418683e+02 6.833690e+07 5.266432e+06 
3.278364e+02 6.742607e+07 5.980198e+06 
3.292182e+02 6.703791e+07 5.787288e+06 
3.241949e+02 6.902052e+07 5.787288e+06 
4.112896e+02 6.622307e+07 4.629830e+06 
4.143933e+02 7.146578e+07 4.340466e+06 
3.954138e+02 6.542522e+07 5.015650e+06 
3.704085e+02 6.426565e+07 5.690833e+06 
3.620113e+02 6.519542e+07 5.594378e+06 
4.275769e+02 6.579560e+07 4.726285e+06 
3.665165e+02 6.520221e+07 5.497924e+06 
3.271480e+02 6.763454e+07 5.787288e+06 
3.951228e+02 7.112646e+07 4.533376e+06 
4.038355e+02 6.347327e+07 5.305014e+06 
3.542149e+02 6.568573e+07 5.787288e+06 
3.489464e+02 6.761023e+07 5.112104e+06 
3.467195e+02 6.781911e+07 5.015650e+06 
3.563121e+02 6.562245e+07 5.690833e+06 
3.759314e+02 6.416159e+07 5.497924e+06 
3.721133e+02 6.542404e+07 5.208559e+06 
3.965847e+02 7.035639e+07 4.533376e+06 
3.307961e+02 6.684372e+07 5.787288e+06 
3.563564e+02 6.786199e+07 4.932055e+06 
3.460131e+02 6.727409e+07 5.266432e+06 
3.408142e+02 6.859986e+07 5.401469e+06 
3.533046e+02 6.678624e+07 5.305014e+06 
3.904862e+02 6.350295e+07 5.690833e+06 
3.302741e+02 6.691272e+07 6.076652e+06 
4.050619e+02 6.598324e+07 4.726285e+06 
3.723977e+02 6.553430e+07 5.112104e+06 
3.503681e+02 6.576475e+07 5.787288e+06 
3.822893e+02 6.675979e+07 4.629830e+06 
3.846546e+02 7.415888e+07 4.533376e+06 
3.654717e+02 6.487672e+07 5.787288e+06 
3.315421e+02 6.793160e+07 5.497924e+06 
3.611161e+02 6.831541e+07 4.919195e+06 
3.663640e+02 6.662718e+07 5.015650e+06 
3.569645e+02 6.510712e+07 5.690833e+06 
4.084852e+02 7.402410e+07 4.340466e+06 
3.260526e+02 6.764667e+07 5.980198e+06 
3.861630e+02 6.447326e+07 5.305014e+06 
3.360996e+02 6.648783e+07 5.980198e+06 
3.860173e+02 6.956913e+07 4.597679e+06 

3.567505e+02 8.341479e+07 4.726285e+06 
4.291217e+02 6.752587e+07 4.436921e+06 
3.920765e+02 6.880367e+07 4.436921e+06 
3.844038e+02 7.005590e+07 4.533376e+06 
3.368240e+02 7.059299e+07 5.401469e+06 
4.243372e+02 6.661137e+07 4.726285e+06 
3.410917e+02 6.927331e+07 5.497924e+06 
3.356708e+02 6.801841e+07 5.980198e+06 
4.408322e+02 6.632753e+07 4.822740e+06 
3.276446e+02 6.996844e+07 6.173107e+06 
3.405092e+02 6.849259e+07 5.787288e+06 
3.825471e+02 6.776910e+07 5.015650e+06 
4.006622e+02 6.783710e+07 4.533376e+06 
4.511083e+02 6.914213e+07 4.051102e+06 
3.612955e+02 6.803295e+07 5.401469e+06 
4.414134e+02 6.656484e+07 4.629830e+06 
3.637800e+02 7.200963e+07 4.919195e+06 
3.460186e+02 7.023230e+07 5.305014e+06 
4.224425e+02 6.620894e+07 5.015650e+06 
3.875176e+02 6.704107e+07 5.112104e+06 
3.699495e+02 6.663542e+07 5.594378e+06 
3.937425e+02 6.786256e+07 4.629830e+06 
3.740423e+02 6.768459e+07 5.208559e+06 
3.514566e+02 8.129582e+07 5.112104e+06 
4.415122e+02 6.905898e+07 4.147556e+06 
3.820204e+02 6.615295e+07 5.305014e+06 
3.585221e+02 7.235074e+07 5.112104e+06 
3.737487e+02 6.885500e+07 4.822740e+06 
3.822272e+02 7.001494e+07 4.629830e+06 
3.531465e+02 6.920308e+07 5.305014e+06 
3.479938e+02 8.013131e+07 5.208559e+06 
3.728800e+02 7.231911e+07 4.629830e+06 
3.344629e+02 6.940019e+07 5.787288e+06 
4.084327e+02 7.175124e+07 4.244011e+06 
3.213878e+02 7.326154e+07 6.462472e+06 
3.194193e+02 7.582633e+07 6.269562e+06 
3.230173e+02 7.010127e+07 6.269562e+06 
3.295325e+02 6.953600e+07 6.076652e+06 
3.404376e+02 7.088742e+07 5.305014e+06 
3.687404e+02 6.694550e+07 5.883743e+06 
4.236065e+02 6.945515e+07 4.340466e+06 
3.587206e+02 8.298581e+07 4.702171e+06 
3.339333e+02 7.004561e+07 5.594378e+06 
4.037769e+02 7.249240e+07 4.340466e+06 
3.638257e+02 6.742540e+07 5.594378e+06 
3.824481e+02 6.829256e+07 4.822740e+06 
3.540619e+02 7.034732e+07 5.208559e+06 
3.685632e+02 6.705912e+07 5.594378e+06 
3.195530e+02 7.498911e+07 6.655381e+06 
3.256167e+02 7.238266e+07 5.787288e+06 
3.216951e+02 7.210162e+07 5.883743e+06 
4.260368e+02 6.686495e+07 4.533376e+06 
3.590900e+02 7.038193e+07 5.112104e+06 
3.617526e+02 6.750557e+07 5.690833e+06 
4.299590e+02 6.786906e+07 4.340466e+06 
3.647473e+02 6.712548e+07 5.594378e+06 
3.563636e+02 8.132529e+07 4.822740e+06 
3.571955e+02 6.947441e+07 5.208559e+06 
3.467654e+02 6.862892e+07 5.497924e+06 
3.644677e+02 6.929223e+07 4.919195e+06 
3.211175e+02 7.484446e+07 6.269562e+06 
3.642405e+02 6.759796e+07 5.401469e+06 
3.544807e+02 8.366536e+07 4.806663e+06 
3.839569e+02 6.608620e+07 5.497924e+06 
3.214117e+02 7.254475e+07 6.269562e+06 
3.682396e+02 6.710515e+07 5.594378e+06 
3.228270e+02 7.056797e+07 6.173107e+06 
3.533900e+02 8.777599e+07 4.639474e+06 
3.187532e+02 7.547051e+07 6.462472e+06 
4.355253e+02 6.961405e+07 4.051102e+06 
3.279051e+02 7.009022e+07 5.980198e+06 
3.773753e+02 7.054687e+07 4.726285e+06 
4.045473e+02 6.642267e+07 5.112104e+06 
4.210372e+02 6.833528e+07 4.436921e+06 
3.581518e+02 6.768839e+07 6.076652e+06 
3.641411e+02 8.017356e+07 4.822740e+06 
3.768830e+02 6.798977e+07 5.112104e+06 
3.508733e+02 6.782269e+07 5.690833e+06 
3.262477e+02 7.147264e+07 5.594378e+06 
4.216345e+02 6.735996e+07 4.629830e+06 
3.647000e+02 6.715311e+07 5.594378e+06 
4.589223e+02 6.855057e+07 4.051102e+06 
3.864501e+02 6.855273e+07 4.533376e+06 
3.556794e+02 8.663538e+07 4.629830e+06 
3.447689e+02 6.812129e+07 5.594378e+06 
3.780879e+02 6.620989e+07 5.305014e+06 
3.494936e+02 8.426189e+07 4.869359e+06 
3.257765e+02 7.078780e+07 5.787288e+06 
4.331951e+02 6.615439e+07 5.112104e+06 
3.751836e+02 6.656729e+07 5.401469e+06 
3.859538e+02 6.985431e+07 4.436921e+06 
3.893987e+02 6.568685e+07 5.305014e+06 
4.620708e+02 6.848948e+07 4.244011e+06 
3.355678e+02 6.964503e+07 5.594378e+06 
3.220470e+02 7.137579e+07 5.980198e+06 
3.450698e+02 9.052748e+07 5.208559e+06 
3.944326e+02 6.756702e+07 4.726285e+06 
3.659017e+02 6.858989e+07 5.208559e+06 
4.038907e+02 6.680222e+07 5.015650e+06 
3.312424e+02 6.927939e+07 6.076652e+06 

3.298647e+02 6.693564e+07 6.076652e+06 
3.334299e+02 6.806927e+07 5.787288e+06 
3.324523e+02 6.684309e+07 6.076652e+06 
3.782386e+02 6.498108e+07 5.305014e+06 
3.247238e+02 6.817290e+07 6.076652e+06 
3.836176e+02 6.440746e+07 5.497924e+06 
3.699797e+02 6.697512e+07 5.112104e+06 
3.537368e+02 6.564362e+07 5.787288e+06 
4.243257e+02 7.491845e+07 4.340466e+06 
3.277962e+02 6.704272e+07 6.076652e+06 
3.886341e+02 7.135070e+07 4.822740e+06 
3.854688e+02 6.507431e+07 5.208559e+06 
3.882655e+02 7.054194e+07 4.919195e+06 
4.234346e+02 7.635743e+07 4.244011e+06 
3.253635e+02 7.004793e+07 5.980198e+06 
4.189333e+02 7.693848e+07 4.436921e+06 
3.728809e+02 6.578660e+07 5.305014e+06 
3.323298e+02 6.721576e+07 5.883743e+06 
3.394252e+02 6.728702e+07 5.690833e+06 
3.456289e+02 6.867700e+07 5.305014e+06 
4.167530e+02 7.491879e+07 4.533376e+06 
3.417275e+02 6.917083e+07 5.594378e+06 
3.516343e+02 6.701145e+07 5.497924e+06 
3.317625e+02 6.692254e+07 5.980198e+06 
4.285212e+02 7.373921e+07 4.340466e+06 
3.696010e+02 6.518977e+07 5.497924e+06 
3.781714e+02 7.010766e+07 5.015650e+06 
3.818867e+02 6.426796e+07 5.690833e+06 
3.890980e+02 6.700247e+07 5.015650e+06 
3.814020e+02 6.587895e+07 5.112104e+06 
3.800515e+02 6.531444e+07 5.208559e+06 
3.213149e+02 6.764254e+07 6.173107e+06 
3.605574e+02 6.535216e+07 5.787288e+06 
3.585289e+02 6.631095e+07 5.401469e+06 
3.186563e+02 6.839379e+07 6.269562e+06 
3.454178e+02 6.534473e+07 5.883743e+06 
3.434590e+02 6.859494e+07 5.497924e+06 
3.395140e+02 6.658981e+07 6.173107e+06 
4.549702e+02 7.374630e+07 4.244011e+06 
3.534635e+02 6.651846e+07 5.594378e+06 
3.490503e+02 6.721000e+07 5.594378e+06 
3.692585e+02 6.577943e+07 5.401469e+06 
3.246775e+02 6.849225e+07 6.076652e+06 
4.544209e+02 7.639002e+07 3.954647e+06 
3.392063e+02 6.665878e+07 6.173107e+06 
3.426906e+02 6.652364e+07 5.690833e+06 
3.867074e+02 6.556604e+07 5.112104e+06 
4.203538e+02 7.401154e+07 4.533376e+06 
3.591967e+02 6.521404e+07 5.980198e+06 
3.613992e+02 6.511096e+07 6.076652e+06 
4.396922e+02 7.555742e+07 4.051102e+06 
4.155765e+02 7.600389e+07 4.597679e+06 
3.677793e+02 6.456436e+07 5.883743e+06 
3.665589e+02 6.499962e+07 5.787288e+06 
3.968504e+02 6.361431e+07 5.594378e+06 
3.920480e+02 6.726057e+07 4.919195e+06 
3.269152e+02 6.756044e+07 6.173107e+06 
3.290793e+02 6.889399e+07 5.787288e+06 
3.470044e+02 6.818941e+07 5.497924e+06 
3.402132e+02 6.613245e+07 6.173107e+06 
3.964035e+02 6.435308e+07 5.401469e+06 
3.943059e+02 6.587564e+07 5.015650e+06 
3.648397e+02 6.535755e+07 5.594378e+06 
3.368056e+02 7.306393e+07 5.690833e+06 
4.058629e+02 7.285458e+07 4.629830e+06 
3.908372e+02 6.438775e+07 5.208559e+06 
4.251314e+02 7.557231e+07 4.244011e+06 
3.504378e+02 6.815814e+07 5.401469e+06 
3.878341e+02 6.427791e+07 5.594378e+06 
3.566237e+02 6.820164e+07 5.208559e+06 
4.339907e+02 7.323791e+07 4.340466e+06 
3.762991e+02 6.511871e+07 5.401469e+06 
3.988932e+02 6.964373e+07 4.726285e+06 
3.743725e+02 7.332134e+07 5.015650e+06 
3.394713e+02 7.786968e+07 5.594378e+06 
3.634903e+02 6.500751e+07 5.980198e+06 
3.707452e+02 6.425706e+07 5.787288e+06 
3.764714e+02 6.647841e+07 5.112104e+06 
3.970996e+02 6.499760e+07 5.015650e+06 
3.827331e+02 6.475108e+07 5.305014e+06 
4.518484e+02 7.505987e+07 4.051102e+06 
3.704143e+02 6.451216e+07 5.497924e+06 
3.384894e+02 6.912536e+07 5.690833e+06 
3.690033e+02 6.445804e+07 5.787288e+06 
3.433959e+02 6.887364e+07 5.497924e+06 
3.336744e+02 7.926408e+07 5.690833e+06 
3.572101e+02 6.574393e+07 5.594378e+06 
4.537748e+02 7.665138e+07 3.954647e+06 
3.724894e+02 6.645225e+07 5.208559e+06 
3.362054e+02 6.681533e+07 6.269562e+06 
3.675570e+02 6.477510e+07 5.883743e+06 
4.418586e+02 7.472287e+07 4.244011e+06 
3.278082e+02 6.863005e+07 5.980198e+06 
4.625868e+02 7.507638e+07 3.858192e+06 
4.562227e+02 7.714132e+07 3.858192e+06 
4.039917e+02 7.481122e+07 4.681273e+06 
3.278831e+02 6.890640e+07 5.883743e+06 
4.146568e+02 6.939905e+07 4.726285e+06 
3.520733e+02 6.925055e+07 5.208559e+06 
3.790384e+02 6.473989e+07 5.401469e+06 

3.714965e+02 6.414856e+07 6.558926e+06 
3.122782e+02 7.246938e+07 6.655381e+06 
3.570251e+02 6.485088e+07 6.558926e+06 
3.552375e+02 6.649032e+07 5.497924e+06 
3.300845e+02 7.798222e+07 5.594378e+06 
3.652275e+02 6.457468e+07 6.558926e+06 
3.410164e+02 8.741963e+07 5.208559e+06 
3.153323e+02 7.419437e+07 6.269562e+06 
3.259622e+02 7.267139e+07 5.883743e+06 
3.398059e+02 8.709031e+07 5.305014e+06 
3.542865e+02 6.521860e+07 6.655381e+06 
3.400106e+02 6.642060e+07 6.462472e+06 
3.205681e+02 6.782764e+07 6.173107e+06 
3.811929e+02 6.996044e+07 4.726285e+06 
4.022237e+02 6.794520e+07 4.919195e+06 
3.445303e+02 6.564416e+07 6.462472e+06 
3.383063e+02 6.723390e+07 5.883743e+06 
3.358742e+02 7.714976e+07 5.497924e+06 
3.194418e+02 6.765361e+07 6.366017e+06 
3.280863e+02 7.217653e+07 5.787288e+06 
3.717788e+02 6.568609e+07 5.690833e+06 
3.456992e+02 6.617426e+07 5.980198e+06 
3.522863e+02 7.424160e+07 5.208559e+06 
3.692934e+02 6.430023e+07 6.655381e+06 
4.255176e+02 6.793067e+07 4.822740e+06 
3.555859e+02 6.505107e+07 6.558926e+06 
3.766928e+02 6.508046e+07 5.980198e+06 
3.686317e+02 6.914772e+07 5.015650e+06 
3.452268e+02 6.584583e+07 6.173107e+06 
3.593224e+02 6.590350e+07 5.787288e+06 
3.292714e+02 7.774683e+07 5.690833e+06 
3.208553e+02 6.912981e+07 6.076652e+06 
4.179876e+02 6.826464e+07 4.726285e+06 
3.414404e+02 6.873684e+07 5.497924e+06 
4.139151e+02 6.691703e+07 4.919195e+06 
3.779503e+02 6.837460e+07 5.112104e+06 
3.347393e+02 6.854997e+07 5.690833e+06 
3.309574e+02 6.713632e+07 5.980198e+06 
3.835636e+02 6.701707e+07 5.208559e+06 
3.679688e+02 6.444878e+07 6.558926e+06 
3.449916e+02 7.343815e+07 5.305014e+06 
3.241415e+02 6.871456e+07 5.980198e+06 
3.631193e+02 6.643786e+07 5.401469e+06 
3.657465e+02 7.018136e+07 5.112104e+06 
4.035369e+02 6.552717e+07 5.305014e+06 
3.654582e+02 6.483452e+07 6.173107e+06 
3.398897e+02 6.833081e+07 5.594378e+06 
3.663194e+02 6.742432e+07 5.305014e+06 
3.803547e+02 6.362104e+07 6.558926e+06 
3.400553e+02 7.269539e+07 5.497924e+06 
3.725387e+02 6.383084e+07 6.366017e+06 
3.551298e+02 6.533386e+07 6.173107e+06 
3.716457e+02 9.019349e+07 4.932055e+06 
3.242664e+02 6.699626e+07 6.076652e+06 
3.274282e+02 6.668190e+07 6.076652e+06 
3.449937e+02 6.788749e+07 5.497924e+06 
3.179568e+02 6.861235e+07 6.366017e+06 
3.319311e+02 7.576431e+07 5.690833e+06 
3.676684e+02 6.618233e+07 5.594378e+06 
3.268732e+02 7.890807e+07 5.787288e+06 
3.265434e+02 6.765366e+07 5.980198e+06 
3.859903e+02 6.743281e+07 5.112104e+06 
3.432636e+02 6.584214e+07 6.462472e+06 
3.494715e+02 6.641760e+07 5.883743e+06 
3.228205e+02 7.367066e+07 5.980198e+06 
3.524490e+02 6.884090e+07 5.401469e+06 
3.380359e+02 6.650830e+07 6.366017e+06 
3.551309e+02 6.757433e+07 5.401469e+06 
3.670141e+02 7.070492e+07 5.015650e+06 
4.133760e+02 6.609823e+07 5.112104e+06 
3.801666e+02 6.584625e+07 5.594378e+06 
3.304239e+02 6.931766e+07 5.787288e+06 
3.688209e+02 6.436714e+07 6.655381e+06 
3.567390e+02 6.504603e+07 6.366017e+06 
3.984811e+02 6.611975e+07 5.112104e+06 
3.536606e+02 6.875396e+07 5.208559e+06 
3.391996e+02 8.639609e+07 5.401469e+06 
3.176443e+02 6.924781e+07 6.558926e+06 
3.895321e+02 7.024525e+07 4.533376e+06 
3.781682e+02 6.903582e+07 4.919195e+06 
3.901403e+02 6.783742e+07 5.015650e+06 
3.931925e+02 6.653199e+07 5.112104e+06 
3.159463e+02 6.987396e+07 6.173107e+06 
3.416711e+02 6.593590e+07 6.366017e+06 
3.577419e+02 6.468819e+07 6.462472e+06 
3.863047e+02 6.865749e+07 4.726285e+06 
3.329376e+02 6.787884e+07 5.883743e+06 
4.061638e+02 6.995702e+07 4.533376e+06 
3.491442e+02 6.539690e+07 6.462472e+06 
3.956222e+02 6.966488e+07 4.629830e+06 
3.198838e+02 7.669812e+07 5.883743e+06 
3.844502e+02 7.107743e+07 4.533376e+06 
3.688974e+02 6.538213e+07 5.980198e+06 
3.634031e+02 6.842639e+07 5.208559e+06 
3.654834e+02 7.572163e+07 5.015650e+06 
3.997583e+02 6.664831e+07 5.015650e+06 
3.437764e+02 6.733817e+07 5.690833e+06 
3.236998e+02 6.744807e+07 6.558926e+06 
3.616982e+02 7.496618e+07 5.112104e+06 
3.752515e+02 7.146523e+07 4.919195e+06 

3.575881e+02 6.886301e+07 5.497924e+06 
4.149992e+02 7.095196e+07 3.737624e+06 
3.485725e+02 7.016457e+07 5.787288e+06 
3.274985e+02 7.563417e+07 5.208559e+06 
3.640055e+02 6.902204e+07 5.208559e+06 
4.190136e+02 6.926153e+07 4.340466e+06 
3.144700e+02 7.389197e+07 5.787288e+06 
3.176658e+02 7.379162e+07 5.690833e+06 
4.274281e+02 7.019425e+07 4.051102e+06 
3.418901e+02 7.178829e+07 5.305014e+06 
3.609058e+02 7.195558e+07 4.919195e+06 
3.523582e+02 7.338752e+07 4.919195e+06 
3.783952e+02 7.125011e+07 4.436921e+06 
3.894027e+02 6.978792e+07 4.533376e+06 
3.986008e+02 6.952456e+07 4.629830e+06 
3.884497e+02 6.950605e+07 4.726285e+06 
3.989377e+02 7.071490e+07 3.954647e+06 
3.278917e+02 8.167976e+07 5.099244e+06 
3.471249e+02 7.806194e+07 4.919195e+06 
3.355561e+02 7.178108e+07 5.497924e+06 
3.731567e+02 7.169613e+07 4.629830e+06 
3.653646e+02 7.083361e+07 4.919195e+06 
3.871784e+02 7.205975e+07 4.051102e+06 
3.829371e+02 7.019439e+07 4.340466e+06 
3.673100e+02 7.166341e+07 4.822740e+06 
3.570999e+02 7.050342e+07 5.208559e+06 
3.310711e+02 7.614500e+07 5.112104e+06 
3.268822e+02 7.111555e+07 5.787288e+06 
3.576473e+02 7.102348e+07 5.112104e+06 
3.212858e+02 7.118694e+07 5.980198e+06 
4.327792e+02 6.953792e+07 4.147556e+06 
3.721674e+02 6.978460e+07 5.015650e+06 
3.628661e+02 7.088673e+07 5.015650e+06 
3.188336e+02 8.217677e+07 5.401469e+06 
3.185120e+02 7.309331e+07 5.787288e+06 
3.601779e+02 6.882274e+07 5.305014e+06 
3.250456e+02 7.603128e+07 5.208559e+06 
3.361686e+02 7.364838e+07 5.305014e+06 
3.297885e+02 7.070341e+07 6.173107e+06 
4.313744e+02 7.071809e+07 3.820682e+06 
3.778088e+02 6.991544e+07 4.726285e+06 
3.127391e+02 7.609874e+07 5.594378e+06 
4.123740e+02 6.988774e+07 4.147556e+06 
3.567307e+02 6.927947e+07 5.401469e+06 
3.260534e+02 7.407390e+07 5.401469e+06 
3.100279e+02 7.501664e+07 6.173107e+06 
3.306665e+02 7.327798e+07 5.497924e+06 
3.367796e+02 7.127114e+07 5.594378e+06 
3.649354e+02 7.037599e+07 5.112104e+06 
4.027884e+02 7.067323e+07 3.954647e+06 
4.096589e+02 7.200571e+07 3.858192e+06 
3.759581e+02 7.010640e+07 4.822740e+06 
4.265560e+02 7.169069e+07 3.665282e+06 
3.441547e+02 7.069431e+07 5.497924e+06 
3.603599e+02 7.397120e+07 4.822740e+06 
3.450074e+02 7.195790e+07 5.208559e+06 
3.892555e+02 7.097697e+07 4.244011e+06 
3.447784e+02 7.108924e+07 5.401469e+06 
3.113936e+02 7.429521e+07 6.173107e+06 
3.151126e+02 7.293514e+07 6.076652e+06 
4.171683e+02 6.937027e+07 4.340466e+06 
3.370344e+02 7.864684e+07 4.822740e+06 
3.395513e+02 7.089418e+07 5.883743e+06 
3.805585e+02 7.055864e+07 4.340466e+06 
4.166915e+02 7.192690e+07 3.665282e+06 
3.358376e+02 7.232428e+07 5.401469e+06 
3.384208e+02 7.308354e+07 5.015650e+06 
3.320963e+02 7.207251e+07 5.594378e+06 
3.201567e+02 7.156053e+07 5.883743e+06 
4.100959e+02 6.956003e+07 4.340466e+06 
3.524233e+02 7.112838e+07 5.208559e+06 
3.525479e+02 7.006829e+07 5.305014e+06 
3.156594e+02 7.283039e+07 6.173107e+06 
3.171806e+02 7.153720e+07 5.980198e+06 
3.141616e+02 7.475471e+07 5.594378e+06 
3.214532e+02 7.354827e+07 5.594378e+06 
3.710839e+02 7.122517e+07 4.726285e+06 
3.861614e+02 6.991746e+07 4.436921e+06 
3.921745e+02 7.122127e+07 4.051102e+06 
4.213335e+02 6.914731e+07 4.436921e+06 
3.267394e+02 7.077053e+07 6.173107e+06 
3.216348e+02 7.637604e+07 5.401469e+06 
3.160020e+02 7.128181e+07 6.173107e+06 
3.934809e+02 7.014156e+07 4.244011e+06 
3.859742e+02 7.271186e+07 4.147556e+06 
3.230954e+02 7.111461e+07 5.883743e+06 
3.493350e+02 7.248324e+07 5.112104e+06 
3.545744e+02 6.961361e+07 5.305014e+06 
3.243055e+02 7.939808e+07 5.182838e+06 
3.135996e+02 7.383712e+07 6.173107e+06 
3.131024e+02 7.435865e+07 5.980198e+06 
4.002913e+02 7.278385e+07 3.761737e+06 
3.520423e+02 6.957168e+07 5.594378e+06 
3.727160e+02 7.281448e+07 4.533376e+06 
3.225037e+02 7.291536e+07 5.690833e+06 
4.231009e+02 6.959417e+07 4.147556e+06 
3.230275e+02 8.041603e+07 5.266432e+06 
3.944010e+02 7.215431e+07 3.954647e+06 
3.725678e+02 7.081707e+07 4.726285e+06 
3.229442e+02 7.545644e+07 5.401469e+06 

3.751278e+02 6.749708e+07 4.919195e+06 
3.376614e+02 6.952448e+07 5.401469e+06 
4.049658e+02 7.191327e+07 3.858192e+06 
3.905702e+02 6.996059e+07 4.340466e+06 
3.804803e+02 6.604398e+07 5.305014e+06 
3.437977e+02 6.886077e+07 5.208559e+06 
3.212343e+02 8.241251e+07 6.944746e+06 
3.622907e+02 6.721870e+07 5.497924e+06 
3.357204e+02 6.828251e+07 5.594378e+06 
3.642816e+02 6.963817e+07 4.533376e+06 
3.485515e+02 7.024724e+07 4.726285e+06 
3.540163e+02 6.761309e+07 5.401469e+06 
4.216616e+02 7.118554e+07 3.858192e+06 
3.559542e+02 6.786079e+07 5.305014e+06 
3.839524e+02 7.034810e+07 4.340466e+06 
3.677215e+02 6.765119e+07 5.112104e+06 
3.710484e+02 7.198333e+07 4.436921e+06 
3.512405e+02 6.857377e+07 5.208559e+06 
3.621098e+02 6.760732e+07 5.208559e+06 
4.430473e+02 6.754665e+07 4.629830e+06 
3.691813e+02 6.659778e+07 5.401469e+06 
3.428793e+02 6.761328e+07 5.787288e+06 
3.243835e+02 7.982323e+07 6.655381e+06 
3.397938e+02 6.813960e+07 5.594378e+06 
3.221772e+02 8.258688e+07 6.558926e+06 
3.397203e+02 6.833609e+07 5.401469e+06 
3.918567e+02 6.639808e+07 4.919195e+06 
3.687701e+02 6.705663e+07 5.208559e+06 
4.063412e+02 7.161059e+07 4.051102e+06 
3.374152e+02 7.397060e+07 5.208559e+06 
3.360328e+02 7.268360e+07 5.401469e+06 
3.784565e+02 6.895439e+07 4.533376e+06 
3.734959e+02 6.952576e+07 4.436921e+06 
3.791810e+02 6.837016e+07 4.629830e+06 
3.409147e+02 6.811245e+07 5.497924e+06 
4.339579e+02 6.788700e+07 4.629830e+06 
3.287228e+02 7.810942e+07 5.401469e+06 
4.023928e+02 6.784751e+07 4.726285e+06 
3.766083e+02 7.158128e+07 4.430490e+06 
3.686546e+02 6.844789e+07 4.822740e+06 
3.307826e+02 7.434745e+07 5.401469e+06 
3.877809e+02 6.549162e+07 5.112104e+06 
3.990788e+02 6.595262e+07 4.919195e+06 
3.908437e+02 6.912743e+07 4.436921e+06 
3.785886e+02 6.612085e+07 5.497924e+06 
4.040581e+02 6.818515e+07 4.629830e+06 
3.510746e+02 6.776454e+07 5.401469e+06 
3.542541e+02 6.824784e+07 4.919195e+06 
4.201286e+02 6.696279e+07 4.726285e+06 
3.632634e+02 6.668078e+07 5.305014e+06 
3.421509e+02 7.535586e+07 4.919195e+06 
4.097539e+02 6.658231e+07 4.822740e+06 
3.729328e+02 6.651861e+07 5.112104e+06 
3.448295e+02 7.059384e+07 4.848461e+06 
3.321302e+02 7.508010e+07 5.015650e+06 
3.943882e+02 6.517092e+07 5.208559e+06 
4.263679e+02 7.112609e+07 3.665282e+06 
3.513568e+02 7.097624e+07 4.629830e+06 
3.658318e+02 6.807992e+07 4.919195e+06 
3.554347e+02 6.994778e+07 4.629830e+06 
4.253658e+02 7.014344e+07 3.858192e+06 
3.502131e+02 6.942835e+07 4.919195e+06 
3.722069e+02 6.652500e+07 5.112104e+06 
3.401255e+02 6.789416e+07 5.594378e+06 
3.983191e+02 6.701956e+07 4.822740e+06 
3.819388e+02 6.564853e+07 5.112104e+06 
3.311084e+02 7.678746e+07 5.208559e+06 
3.443552e+02 6.773472e+07 5.594378e+06 
3.773643e+02 6.775015e+07 4.822740e+06 
3.609233e+02 6.897663e+07 4.726285e+06 
3.298170e+02 6.995160e+07 5.594378e+06 
3.599923e+02 6.730575e+07 5.305014e+06 
4.153300e+02 6.626515e+07 4.822740e+06 
3.574626e+02 7.068136e+07 4.533376e+06 
4.068113e+02 6.734855e+07 4.726285e+06 
3.807679e+02 6.681322e+07 4.919195e+06 
3.994391e+02 7.325874e+07 4.244011e+06 
3.839930e+02 6.531960e+07 5.497924e+06 
3.873316e+02 6.758231e+07 4.822740e+06 
3.757593e+02 6.641028e+07 5.401469e+06 
4.215025e+02 7.193229e+07 3.665282e+06 
3.337791e+02 7.076036e+07 5.497924e+06 
3.449653e+02 6.996994e+07 5.112104e+06 
4.044590e+02 7.171610e+07 4.051102e+06 
4.104973e+02 7.219378e+07 3.665282e+06 
3.397870e+02 7.147377e+07 5.182838e+06 
3.273591e+02 6.887117e+07 5.787288e+06 
3.438286e+02 7.107295e+07 5.112104e+06 
3.767750e+02 6.612936e+07 5.305014e+06 
3.532109e+02 6.724115e+07 5.787288e+06 
3.750787e+02 6.858823e+07 4.726285e+06 
3.265101e+02 7.051135e+07 5.787288e+06 
3.532465e+02 6.944035e+07 4.822740e+06 
3.520357e+02 6.736845e+07 5.690833e+06 
3.270941e+02 7.162429e+07 5.594378e+06 
4.136460e+02 7.095560e+07 4.051102e+06 
3.830058e+02 6.561122e+07 5.112104e+06 
3.263976e+02 6.900178e+07 5.980198e+06 
3.428748e+02 6.931812e+07 5.208559e+06 
3.317600e+02 6.832539e+07 5.980198e+06 

