3.079168e+02 7.133169e+07 5.980198e+06 
3.185536e+02 7.760659e+07 5.690833e+06 
3.769069e+02 6.826024e+07 5.112104e+06 
3.051690e+02 6.818564e+07 6.269562e+06 
3.300929e+02 6.692933e+07 5.980198e+06 
3.125685e+02 6.742270e+07 6.558926e+06 
3.431773e+02 6.695789e+07 5.787288e+06 
3.064606e+02 6.814233e+07 6.269562e+06 
3.100241e+02 6.779627e+07 6.366017e+06 
3.142219e+02 6.984387e+07 5.883743e+06 
3.040953e+02 6.874221e+07 6.269562e+06 
3.089602e+02 6.796983e+07 6.269562e+06 
3.512247e+02 6.974631e+07 4.822740e+06 
3.188161e+02 7.152728e+07 5.690833e+06 
3.214910e+02 7.001092e+07 5.594378e+06 
3.311354e+02 6.736442e+07 5.787288e+06 
3.799399e+02 6.731452e+07 5.015650e+06 
3.429638e+02 6.930092e+07 5.112104e+06 
3.225597e+02 6.663247e+07 6.173107e+06 
3.236145e+02 6.769914e+07 5.883743e+06 
3.340234e+02 6.738805e+07 5.690833e+06 
3.741222e+02 6.587751e+07 5.594378e+06 
3.136550e+02 8.121687e+07 5.883743e+06 
3.162959e+02 6.726370e+07 6.269562e+06 
3.558530e+02 6.755446e+07 5.401469e+06 
3.392194e+02 7.167528e+07 4.919195e+06 
3.577578e+02 6.891503e+07 5.015650e+06 
3.393019e+02 6.995361e+07 5.305014e+06 
3.190694e+02 6.925957e+07 5.690833e+06 
3.547783e+02 6.941061e+07 4.822740e+06 
3.462508e+02 7.129511e+07 4.822740e+06 
3.460302e+02 7.052459e+07 4.919195e+06 
3.380115e+02 6.619037e+07 5.980198e+06 
3.504720e+02 6.953010e+07 4.919195e+06 
3.604614e+02 6.868916e+07 5.015650e+06 
3.465949e+02 6.879192e+07 5.305014e+06 
3.104105e+02 6.862577e+07 6.076652e+06 
3.095734e+02 6.791962e+07 6.269562e+06 
3.198491e+02 6.716371e+07 6.173107e+06 
3.400262e+02 6.780318e+07 5.497924e+06 
3.552759e+02 7.043156e+07 4.629830e+06 
3.586797e+02 6.902688e+07 4.919195e+06 
3.102352e+02 7.066267e+07 5.980198e+06 
3.757205e+02 6.660212e+07 5.401469e+06 
3.267841e+02 6.872061e+07 5.594378e+06 
3.672475e+02 6.906986e+07 4.822740e+06 
3.497650e+02 7.171048e+07 4.726285e+06 
3.838476e+02 6.995471e+07 4.629830e+06 
3.415471e+02 7.118062e+07 5.015650e+06 
3.602424e+02 6.990637e+07 4.726285e+06 
3.222106e+02 7.884014e+07 5.497924e+06 
3.352805e+02 7.207432e+07 5.112104e+06 
3.241155e+02 7.486652e+07 5.497924e+06 
3.112460e+02 6.770910e+07 6.558926e+06 
3.691447e+02 6.701666e+07 5.305014e+06 
3.790198e+02 6.648406e+07 5.401469e+06 
3.204180e+02 6.830769e+07 5.690833e+06 
3.082997e+02 6.820674e+07 6.173107e+06 
3.168501e+02 6.908191e+07 5.787288e+06 
3.134482e+02 6.745879e+07 6.173107e+06 
3.603024e+02 6.981343e+07 4.734323e+06 
3.632051e+02 7.077969e+07 4.485148e+06 
3.314124e+02 7.087910e+07 5.401469e+06 
3.141795e+02 6.738063e+07 6.076652e+06 
3.281164e+02 6.803765e+07 5.690833e+06 
3.169205e+02 6.752774e+07 5.980198e+06 
3.596264e+02 7.125426e+07 4.533376e+06 
3.331669e+02 7.229215e+07 5.208559e+06 
3.630335e+02 6.850303e+07 5.208559e+06 
3.795509e+02 6.809339e+07 4.919195e+06 
3.586855e+02 7.021852e+07 4.568207e+06 
3.511879e+02 7.009496e+07 4.726285e+06 
3.294562e+02 7.270734e+07 5.015650e+06 
3.032418e+02 7.099798e+07 6.269562e+06 
3.068962e+02 6.915667e+07 6.173107e+06 
3.359005e+02 6.792638e+07 5.594378e+06 
3.772116e+02 7.045633e+07 4.436921e+06 
3.357794e+02 6.621416e+07 5.883743e+06 
3.443281e+02 7.224039e+07 4.822740e+06 
3.120205e+02 6.887693e+07 5.980198e+06 
3.609006e+02 6.728584e+07 5.305014e+06 
3.335200e+02 6.927258e+07 5.497924e+06 
3.048872e+02 6.828104e+07 6.269562e+06 
3.943002e+02 6.613059e+07 5.112104e+06 
3.480364e+02 6.972375e+07 5.015650e+06 
3.468013e+02 6.676099e+07 5.497924e+06 
3.527847e+02 6.922081e+07 4.919195e+06 
3.086092e+02 7.009031e+07 6.076652e+06 
3.369827e+02 7.028813e+07 5.112104e+06 
3.137368e+02 7.051439e+07 5.787288e+06 
3.304777e+02 6.710834e+07 5.883743e+06 
3.657334e+02 6.662863e+07 5.594378e+06 
3.304381e+02 7.197087e+07 5.401469e+06 
3.866677e+02 6.692812e+07 5.208559e+06 
3.180149e+02 6.851994e+07 5.883743e+06 
3.266742e+02 6.724472e+07 5.980198e+06 
3.577204e+02 6.669537e+07 5.497924e+06 
3.501366e+02 6.843625e+07 5.305014e+06 
3.910611e+02 6.699551e+07 4.919195e+06 
3.977272e+02 6.695847e+07 4.919195e+06 

3.352238e+02 7.323675e+07 5.305014e+06 
3.554842e+02 7.067341e+07 5.208559e+06 
3.124836e+02 7.486510e+07 6.366017e+06 
3.590449e+02 7.270188e+07 5.036547e+06 
3.634973e+02 7.134034e+07 5.112104e+06 
3.727111e+02 7.734684e+07 4.726285e+06 
3.393266e+02 7.297454e+07 5.208559e+06 
3.503973e+02 7.195699e+07 5.208559e+06 
3.723794e+02 7.790382e+07 4.533376e+06 
3.673526e+02 6.920266e+07 5.305014e+06 
3.184883e+02 7.221303e+07 5.883743e+06 
3.857195e+02 7.020810e+07 5.015650e+06 
3.568437e+02 7.291893e+07 5.120142e+06 
3.631504e+02 7.021990e+07 5.208559e+06 
3.483525e+02 7.355619e+07 5.120142e+06 
3.274229e+02 7.291463e+07 5.401469e+06 
3.510152e+02 7.085722e+07 5.208559e+06 
3.732456e+02 7.379087e+07 4.919195e+06 
3.386027e+02 7.057104e+07 5.497924e+06 
3.538141e+02 6.980911e+07 5.594378e+06 
3.222026e+02 7.112884e+07 6.173107e+06 
3.556529e+02 7.874890e+07 4.919195e+06 
3.558342e+02 7.297985e+07 5.112104e+06 
3.612654e+02 7.901198e+07 4.726285e+06 
3.523725e+02 7.329666e+07 5.120142e+06 
3.664311e+02 8.010327e+07 4.702171e+06 
3.976214e+02 7.337021e+07 4.919195e+06 
3.318788e+02 7.241281e+07 5.401469e+06 
3.332704e+02 7.083386e+07 6.076652e+06 
3.454791e+02 7.241767e+07 5.287330e+06 
3.247374e+02 7.180747e+07 5.787288e+06 
3.396677e+02 7.436264e+07 5.112104e+06 
3.268756e+02 7.091589e+07 5.690833e+06 
3.591787e+02 7.750178e+07 4.919195e+06 
3.386828e+02 7.483393e+07 5.208559e+06 
3.587700e+02 7.246227e+07 5.112104e+06 
3.141607e+02 7.248191e+07 5.787288e+06 
3.820623e+02 7.005129e+07 5.208559e+06 
3.324635e+02 7.118741e+07 5.594378e+06 
3.603706e+02 7.244512e+07 5.112104e+06 
3.802401e+02 7.097689e+07 5.015650e+06 
3.694946e+02 7.467798e+07 4.919195e+06 
3.671620e+02 6.940852e+07 5.497924e+06 
3.368595e+02 7.086289e+07 5.401469e+06 
3.483264e+02 7.204566e+07 5.208559e+06 
3.611866e+02 6.980060e+07 5.497924e+06 
3.158750e+02 7.349201e+07 5.621707e+06 
3.303762e+02 7.373653e+07 5.370924e+06 
3.588622e+02 7.004471e+07 5.401469e+06 
3.697640e+02 7.868940e+07 4.726285e+06 
3.691087e+02 6.923398e+07 5.690833e+06 
3.964119e+02 7.005739e+07 5.208559e+06 
3.481487e+02 7.229733e+07 5.208559e+06 
3.115303e+02 7.518069e+07 6.366017e+06 
3.639585e+02 7.435567e+07 4.702171e+06 
3.271753e+02 7.440681e+07 5.401469e+06 
3.683817e+02 6.958882e+07 5.401469e+06 
4.004028e+02 7.035519e+07 5.015650e+06 
3.387638e+02 7.408178e+07 5.120142e+06 
3.643021e+02 7.286881e+07 5.015650e+06 
3.605950e+02 7.726514e+07 4.919195e+06 
3.455342e+02 7.059164e+07 5.787288e+06 
3.166779e+02 7.186271e+07 5.594378e+06 
3.426682e+02 7.215101e+07 5.305014e+06 
3.475862e+02 7.368995e+07 5.120142e+06 
3.302103e+02 7.223154e+07 5.497924e+06 
3.686954e+02 6.940490e+07 5.497924e+06 
3.249089e+02 7.173214e+07 5.980198e+06 
3.623865e+02 7.268742e+07 5.112104e+06 
3.809309e+02 7.019612e+07 5.208559e+06 
3.399364e+02 7.046618e+07 5.690833e+06 
3.749310e+02 7.250812e+07 5.015650e+06 
3.344674e+02 7.216418e+07 5.370924e+06 
3.768420e+02 7.661455e+07 4.822740e+06 
3.353761e+02 7.192644e+07 5.497924e+06 
3.263812e+02 7.162516e+07 5.980198e+06 
3.592688e+02 6.959564e+07 5.594378e+06 
3.702251e+02 6.924264e+07 5.594378e+06 
3.427820e+02 7.007739e+07 5.305014e+06 
3.756544e+02 6.929987e+07 5.401469e+06 
3.806569e+02 6.899527e+07 5.787288e+06 
4.018638e+02 7.186998e+07 4.919195e+06 
3.304867e+02 7.392112e+07 5.305014e+06 
3.410597e+02 7.378094e+07 5.203736e+06 
3.155798e+02 7.423410e+07 5.594378e+06 
3.571129e+02 6.970186e+07 5.883743e+06 
3.657726e+02 7.004455e+07 5.401469e+06 
3.660353e+02 6.981259e+07 5.401469e+06 
3.514627e+02 7.345424e+07 5.120142e+06 
3.453902e+02 7.287440e+07 5.208559e+06 
3.252956e+02 7.321896e+07 5.497924e+06 
3.485547e+02 7.002511e+07 5.497924e+06 
3.580934e+02 7.820208e+07 5.015650e+06 
3.938847e+02 7.191186e+07 4.919195e+06 
3.657502e+02 6.927317e+07 5.594378e+06 
3.618308e+02 6.933053e+07 5.594378e+06 
3.799487e+02 6.979420e+07 5.305014e+06 
3.985771e+02 6.996058e+07 5.208559e+06 
3.126181e+02 7.224484e+07 5.980198e+06 
3.731184e+02 7.403537e+07 4.919195e+06 

3.854028e+02 6.917531e+07 4.340466e+06 
3.825721e+02 6.741006e+07 4.919195e+06 
3.706452e+02 7.102538e+07 4.346896e+06 
4.225862e+02 6.969013e+07 4.051102e+06 
3.902080e+02 6.751706e+07 4.726285e+06 
3.438677e+02 7.061212e+07 4.726285e+06 
3.319354e+02 7.115014e+07 5.015650e+06 
3.164436e+02 7.895785e+07 6.076652e+06 
3.770398e+02 7.045711e+07 4.244011e+06 
3.838090e+02 6.734259e+07 4.919195e+06 
3.774821e+02 6.855983e+07 4.533376e+06 
3.948094e+02 6.981481e+07 4.147556e+06 
3.575686e+02 6.857772e+07 4.726285e+06 
3.413984e+02 6.946831e+07 4.919195e+06 
3.239086e+02 7.269295e+07 5.433620e+06 
3.301133e+02 7.084514e+07 5.401469e+06 
3.222632e+02 7.216214e+07 5.787288e+06 
4.088725e+02 7.119161e+07 3.845331e+06 
3.464025e+02 6.849520e+07 4.919195e+06 
4.094226e+02 6.682511e+07 5.112104e+06 
3.179871e+02 7.320079e+07 5.980198e+06 
3.308619e+02 7.031568e+07 5.497924e+06 
3.225266e+02 7.175475e+07 5.787288e+06 
3.921119e+02 6.704664e+07 4.726285e+06 
3.564326e+02 7.771438e+07 4.430490e+06 
3.233619e+02 7.159760e+07 5.980198e+06 
3.628444e+02 6.881208e+07 4.629830e+06 
3.238217e+02 7.139606e+07 5.497924e+06 
3.169405e+02 7.756072e+07 6.269562e+06 
3.677757e+02 7.843487e+07 4.346896e+06 
3.977003e+02 6.989384e+07 4.012520e+06 
3.469842e+02 6.893779e+07 4.848461e+06 
3.501225e+02 7.006577e+07 4.726285e+06 
3.965695e+02 7.144679e+07 4.051102e+06 
3.278839e+02 7.226556e+07 5.112104e+06 
3.697415e+02 7.652519e+07 4.263302e+06 
3.686694e+02 6.942561e+07 4.436921e+06 
3.338853e+02 6.931101e+07 5.015650e+06 
3.398571e+02 6.880990e+07 5.112104e+06 
3.174017e+02 7.775520e+07 5.980198e+06 
3.248731e+02 7.778806e+07 5.266432e+06 
3.965478e+02 6.894679e+07 4.340466e+06 
3.320615e+02 6.989492e+07 5.401469e+06 
3.239666e+02 7.206018e+07 5.305014e+06 
3.315345e+02 7.183882e+07 5.015650e+06 
3.748697e+02 6.764758e+07 5.112104e+06 
3.327844e+02 6.936234e+07 5.401469e+06 
3.626623e+02 7.071744e+07 4.436921e+06 
3.364419e+02 7.039108e+07 4.932055e+06 
3.572158e+02 7.145275e+07 4.436921e+06 
3.962932e+02 6.947203e+07 4.179708e+06 
3.207447e+02 7.345189e+07 5.594378e+06 
3.518932e+02 7.725952e+07 4.568207e+06 
4.063632e+02 6.778725e+07 4.533376e+06 
3.347122e+02 6.913985e+07 5.266432e+06 
4.126399e+02 7.089789e+07 3.761737e+06 
3.867247e+02 6.790331e+07 4.726285e+06 
3.291657e+02 7.101864e+07 5.208559e+06 
3.972383e+02 7.231533e+07 4.012520e+06 
3.353990e+02 6.876582e+07 5.208559e+06 
4.180505e+02 7.058250e+07 3.665282e+06 
4.133478e+02 6.678253e+07 5.015650e+06 
3.514434e+02 7.028759e+07 4.681273e+06 
3.447480e+02 7.219451e+07 4.597679e+06 
3.207131e+02 7.280593e+07 5.980198e+06 
3.627298e+02 7.004419e+07 4.533376e+06 
3.731318e+02 7.805513e+07 4.244011e+06 
3.529276e+02 7.249634e+07 4.533376e+06 
3.275083e+02 7.192836e+07 5.266432e+06 
3.796960e+02 7.040948e+07 4.179708e+06 
4.190613e+02 6.998952e+07 3.845331e+06 
3.715814e+02 7.258332e+07 4.340466e+06 
3.276758e+02 7.135771e+07 5.517215e+06 
3.791564e+02 7.693162e+07 4.200606e+06 
3.541780e+02 6.882569e+07 4.726285e+06 
3.764483e+02 6.783842e+07 4.822740e+06 
3.320736e+02 7.029985e+07 5.099244e+06 
3.876402e+02 6.877999e+07 4.430490e+06 
3.501775e+02 7.122985e+07 4.629830e+06 
3.291306e+02 7.110693e+07 5.401469e+06 
3.373906e+02 7.055570e+07 4.822740e+06 
3.817952e+02 6.823598e+07 4.436921e+06 
3.755513e+02 6.974206e+07 4.346896e+06 
3.524882e+02 7.558332e+07 4.436921e+06 
3.583271e+02 7.043520e+07 4.533376e+06 
4.046103e+02 7.198395e+07 3.845331e+06 
4.058590e+02 7.014432e+07 3.928926e+06 
3.179744e+02 7.336360e+07 5.787288e+06 
3.714179e+02 7.008511e+07 4.346896e+06 
3.403692e+02 7.181416e+07 4.764867e+06 
3.687732e+02 7.750759e+07 4.263302e+06 
3.335729e+02 7.103043e+07 4.932055e+06 
4.072057e+02 7.170062e+07 3.761737e+06 
3.800928e+02 6.860767e+07 4.436921e+06 
3.285382e+02 8.233131e+07 5.099244e+06 
3.436140e+02 7.306050e+07 4.726285e+06 
3.560576e+02 6.971586e+07 4.629830e+06 
3.840322e+02 7.019909e+07 4.096114e+06 
4.032441e+02 7.211283e+07 3.858192e+06 
3.607841e+02 6.823188e+07 4.919195e+06 

3.236100e+02 7.220454e+07 6.173107e+06 
3.370257e+02 7.098030e+07 5.690833e+06 
3.644251e+02 7.082165e+07 5.208559e+06 
3.495228e+02 7.067001e+07 6.076652e+06 
3.592599e+02 7.281547e+07 4.932055e+06 
3.368888e+02 7.149558e+07 5.401469e+06 
3.196297e+02 7.589612e+07 5.883743e+06 
3.660146e+02 7.898669e+07 4.629830e+06 
3.399408e+02 7.604031e+07 4.932055e+06 
3.844239e+02 7.035952e+07 4.822740e+06 
3.394905e+02 7.311605e+07 5.112104e+06 
3.239802e+02 7.171557e+07 6.269562e+06 
3.707779e+02 7.013635e+07 5.112104e+06 
3.605315e+02 6.943644e+07 5.401469e+06 
3.258518e+02 7.339751e+07 5.305014e+06 
3.138263e+02 7.483146e+07 6.558926e+06 
4.126195e+02 7.281655e+07 4.179708e+06 
3.203376e+02 7.491713e+07 5.787288e+06 
4.028217e+02 7.006675e+07 4.629830e+06 
3.596511e+02 7.203358e+07 5.112104e+06 
3.760236e+02 7.031326e+07 4.919195e+06 
3.960639e+02 7.079445e+07 4.514085e+06 
4.032278e+02 6.975356e+07 4.726285e+06 
3.202275e+02 7.314488e+07 6.366017e+06 
3.259571e+02 7.128202e+07 6.076652e+06 
3.311711e+02 7.498166e+07 5.266432e+06 
3.770758e+02 6.933901e+07 5.112104e+06 
3.165897e+02 7.446237e+07 6.173107e+06 
3.220846e+02 7.410026e+07 5.787288e+06 
3.933901e+02 6.954385e+07 4.919195e+06 
3.503331e+02 6.992961e+07 5.690833e+06 
3.827720e+02 7.727611e+07 4.597679e+06 
3.551301e+02 7.020958e+07 5.401469e+06 
4.163315e+02 7.202265e+07 4.147556e+06 
4.083772e+02 6.964643e+07 4.629830e+06 
3.203332e+02 7.245470e+07 6.173107e+06 
3.188042e+02 7.425852e+07 5.980198e+06 
3.586816e+02 6.961013e+07 5.497924e+06 
4.066201e+02 7.267387e+07 4.244011e+06 
3.191304e+02 7.382049e+07 6.076652e+06 
4.116254e+02 6.914550e+07 4.919195e+06 
4.263071e+02 7.111528e+07 4.340466e+06 
3.297103e+02 7.162815e+07 5.497924e+06 
3.155702e+02 7.475387e+07 6.366017e+06 
3.851148e+02 6.997943e+07 4.919195e+06 
3.389293e+02 7.079091e+07 5.787288e+06 
3.949887e+02 7.108322e+07 4.436921e+06 
3.329375e+02 7.624159e+07 5.208559e+06 
3.564797e+02 7.145752e+07 5.182838e+06 
3.863140e+02 7.729758e+07 4.436921e+06 
3.203791e+02 7.271094e+07 6.076652e+06 
3.347641e+02 7.396047e+07 5.208559e+06 
3.754869e+02 7.078213e+07 4.726285e+06 
3.938930e+02 7.157000e+07 4.533376e+06 
3.831921e+02 7.810610e+07 4.533376e+06 
3.347694e+02 7.099079e+07 5.690833e+06 
3.699234e+02 7.463788e+07 4.629830e+06 
3.232661e+02 7.236741e+07 6.366017e+06 
3.597331e+02 7.011549e+07 5.305014e+06 
3.205263e+02 7.582059e+07 5.497924e+06 
4.005117e+02 7.167986e+07 4.263302e+06 
3.143844e+02 7.414676e+07 6.558926e+06 
3.506406e+02 7.074161e+07 5.497924e+06 
4.158111e+02 6.963707e+07 4.726285e+06 
3.636687e+02 7.124875e+07 5.099244e+06 
3.623788e+02 7.326155e+07 4.822740e+06 
3.134635e+02 7.478656e+07 6.751836e+06 
3.433838e+02 7.235685e+07 5.305014e+06 
3.897256e+02 7.146247e+07 4.597679e+06 
3.559677e+02 6.989769e+07 5.690833e+06 
3.155517e+02 7.371704e+07 6.558926e+06 
3.371683e+02 7.316973e+07 5.208559e+06 
3.229609e+02 7.267956e+07 5.883743e+06 
3.307867e+02 7.280046e+07 5.305014e+06 
3.262239e+02 7.189851e+07 5.497924e+06 
3.217974e+02 7.242559e+07 6.269562e+06 
3.839285e+02 7.648673e+07 4.597679e+06 
3.365943e+02 7.474520e+07 5.112104e+06 
3.851024e+02 7.044799e+07 4.726285e+06 
3.204101e+02 7.520574e+07 5.600809e+06 
3.497478e+02 7.146605e+07 5.305014e+06 
3.255077e+02 7.657532e+07 5.401469e+06 
3.164206e+02 7.319623e+07 6.558926e+06 
3.687489e+02 7.111030e+07 5.015650e+06 
3.627031e+02 7.221800e+07 4.932055e+06 
3.724980e+02 7.085186e+07 4.919195e+06 
3.143999e+02 7.403365e+07 6.558926e+06 
3.317255e+02 7.099454e+07 5.497924e+06 
3.596640e+02 7.106025e+07 5.182838e+06 
3.720599e+02 7.130030e+07 4.848461e+06 
3.236267e+02 7.200764e+07 5.497924e+06 
3.992871e+02 7.053210e+07 4.533376e+06 
3.984173e+02 7.009977e+07 4.726285e+06 
3.568013e+02 8.099260e+07 4.919195e+06 
3.182349e+02 7.582707e+07 5.980198e+06 
3.938125e+02 7.049592e+07 4.629830e+06 
3.396157e+02 7.278489e+07 5.208559e+06 
3.285209e+02 7.220769e+07 5.401469e+06 
3.644334e+02 7.951443e+07 4.681273e+06 
3.391802e+02 7.114081e+07 5.401469e+06 

3.494218e+02 6.650729e+07 5.690833e+06 
3.681747e+02 6.807657e+07 5.112104e+06 
3.498766e+02 6.626215e+07 5.497924e+06 
3.240362e+02 6.838352e+07 5.980198e+06 
3.605006e+02 6.854301e+07 5.112104e+06 
3.796403e+02 6.836745e+07 4.919195e+06 
3.569152e+02 6.909563e+07 5.208559e+06 
3.544801e+02 6.738081e+07 5.208559e+06 
3.769521e+02 6.795356e+07 5.015650e+06 
3.341742e+02 6.768436e+07 6.173107e+06 
4.143240e+02 7.040198e+07 4.436921e+06 
3.357941e+02 6.691144e+07 5.980198e+06 
3.422845e+02 6.723987e+07 5.594378e+06 
3.640751e+02 7.216492e+07 5.015650e+06 
3.361219e+02 6.702109e+07 5.787288e+06 
3.913903e+02 7.075520e+07 4.629830e+06 
4.052701e+02 7.011501e+07 4.533376e+06 
3.428215e+02 6.782707e+07 5.594378e+06 
3.449049e+02 6.696294e+07 5.594378e+06 
3.688983e+02 6.730434e+07 5.305014e+06 
3.759504e+02 6.850764e+07 4.822740e+06 
3.367489e+02 6.661908e+07 5.787288e+06 
3.313117e+02 6.713582e+07 5.690833e+06 
4.074970e+02 7.234108e+07 4.436921e+06 
3.621996e+02 6.611099e+07 5.883743e+06 
3.415900e+02 6.724182e+07 5.401469e+06 
3.234025e+02 6.795335e+07 6.173107e+06 
3.342698e+02 6.709773e+07 6.173107e+06 
3.376839e+02 6.691596e+07 5.690833e+06 
3.706735e+02 6.727336e+07 5.305014e+06 
3.903151e+02 6.803083e+07 4.919195e+06 
3.496663e+02 6.753291e+07 5.305014e+06 
3.585725e+02 7.041335e+07 5.112104e+06 
3.285742e+02 6.827718e+07 5.787288e+06 
3.250278e+02 6.774956e+07 5.787288e+06 
3.720760e+02 6.909736e+07 4.919195e+06 
3.741451e+02 6.676893e+07 5.305014e+06 
4.140110e+02 7.150025e+07 4.436921e+06 
3.916157e+02 6.661358e+07 5.497924e+06 
3.384039e+02 6.752923e+07 5.517215e+06 
3.472032e+02 6.688311e+07 5.594378e+06 
3.768014e+02 6.696232e+07 5.401469e+06 
3.257063e+02 6.874074e+07 6.173107e+06 
3.985957e+02 7.390479e+07 4.436921e+06 
3.462789e+02 6.620130e+07 5.690833e+06 
4.363991e+02 7.315022e+07 4.533376e+06 
4.209337e+02 7.384679e+07 4.244011e+06 
3.269105e+02 6.782645e+07 5.883743e+06 
3.893679e+02 7.091491e+07 4.629830e+06 
3.747782e+02 6.836876e+07 5.015650e+06 
3.759982e+02 6.746589e+07 5.208559e+06 
3.530933e+02 6.735909e+07 5.305014e+06 
3.509331e+02 6.715841e+07 5.401469e+06 
3.724851e+02 6.851960e+07 4.919195e+06 
3.810603e+02 6.968704e+07 4.726285e+06 
3.982307e+02 6.914139e+07 4.629830e+06 
3.729775e+02 6.751729e+07 5.112104e+06 
3.957501e+02 7.045534e+07 4.629830e+06 
3.753597e+02 7.136249e+07 4.822740e+06 
3.611036e+02 6.838957e+07 5.112104e+06 
3.669608e+02 6.736388e+07 5.305014e+06 
3.347353e+02 6.710714e+07 5.980198e+06 
4.096973e+02 7.083047e+07 4.726285e+06 
3.418683e+02 6.833690e+07 5.266432e+06 
3.371889e+02 6.779452e+07 5.594378e+06 
3.278364e+02 6.742607e+07 5.980198e+06 
3.371747e+02 6.684482e+07 5.787288e+06 
3.783837e+02 6.729493e+07 5.112104e+06 
3.806436e+02 6.754787e+07 5.112104e+06 
4.143933e+02 7.146578e+07 4.340466e+06 
3.684484e+02 6.830380e+07 4.932055e+06 
3.594695e+02 6.641991e+07 5.690833e+06 
3.814105e+02 6.942695e+07 4.726285e+06 
3.379905e+02 6.678745e+07 5.787288e+06 
3.861312e+02 7.231339e+07 4.629830e+06 
3.357781e+02 6.707540e+07 5.787288e+06 
3.682796e+02 6.807268e+07 5.112104e+06 
3.787560e+02 6.989804e+07 4.726285e+06 
3.965847e+02 7.035639e+07 4.533376e+06 
3.308203e+02 6.776278e+07 5.690833e+06 
3.724248e+02 6.599105e+07 5.883743e+06 
3.711991e+02 6.782306e+07 5.112104e+06 
3.685914e+02 6.802550e+07 5.112104e+06 
3.768457e+02 7.114274e+07 4.764867e+06 
3.445766e+02 6.681957e+07 5.690833e+06 
3.829058e+02 6.957986e+07 4.681273e+06 
3.503326e+02 6.737904e+07 5.401469e+06 
3.939403e+02 6.956007e+07 4.764867e+06 
3.846546e+02 7.415888e+07 4.533376e+06 
3.357204e+02 6.706680e+07 5.787288e+06 
3.315421e+02 6.793160e+07 5.497924e+06 
3.890817e+02 6.888502e+07 4.822740e+06 
3.670871e+02 6.833696e+07 5.112104e+06 
3.808372e+02 6.660216e+07 5.112104e+06 
3.607531e+02 6.638171e+07 5.883743e+06 
3.905600e+02 7.147804e+07 4.726285e+06 
4.084852e+02 7.402410e+07 4.340466e+06 
3.260526e+02 6.764667e+07 5.980198e+06 
3.491295e+02 6.863362e+07 5.350026e+06 
3.879201e+02 6.798245e+07 4.919195e+06 

3.567505e+02 8.341479e+07 4.726285e+06 
3.603424e+02 6.977056e+07 5.208559e+06 
3.513927e+02 6.905569e+07 5.401469e+06 
3.854714e+02 6.791180e+07 5.015650e+06 
4.243372e+02 6.661137e+07 4.726285e+06 
3.356708e+02 6.801841e+07 5.980198e+06 
3.798934e+02 6.831077e+07 5.015650e+06 
3.588263e+02 6.779399e+07 5.594378e+06 
3.405092e+02 6.849259e+07 5.787288e+06 
3.610266e+02 7.164464e+07 5.112104e+06 
3.376000e+02 7.179956e+07 5.497924e+06 
3.417317e+02 8.258747e+07 5.305014e+06 
3.721474e+02 6.947274e+07 5.015650e+06 
3.562423e+02 7.212979e+07 5.208559e+06 
3.460186e+02 7.023230e+07 5.305014e+06 
4.224425e+02 6.620894e+07 5.015650e+06 
3.847765e+02 6.902770e+07 4.822740e+06 
4.228415e+02 6.786497e+07 4.629830e+06 
3.604342e+02 6.829275e+07 5.497924e+06 
3.963743e+02 6.910234e+07 4.533376e+06 
3.815687e+02 6.754958e+07 5.497924e+06 
4.161805e+02 7.144533e+07 4.533376e+06 
3.830240e+02 6.886799e+07 4.919195e+06 
4.113419e+02 7.084106e+07 4.436921e+06 
3.514566e+02 8.129582e+07 5.112104e+06 
3.585221e+02 7.235074e+07 5.112104e+06 
3.913632e+02 6.823948e+07 4.726285e+06 
3.736372e+02 6.994391e+07 4.919195e+06 
3.479938e+02 8.013131e+07 5.208559e+06 
3.728800e+02 7.231911e+07 4.629830e+06 
3.764613e+02 6.786015e+07 5.305014e+06 
3.340912e+02 7.004300e+07 5.690833e+06 
3.886970e+02 6.928337e+07 4.726285e+06 
4.084327e+02 7.175124e+07 4.244011e+06 
3.260176e+02 7.043193e+07 5.980198e+06 
3.213878e+02 7.326154e+07 6.462472e+06 
3.194193e+02 7.582633e+07 6.269562e+06 
3.886032e+02 6.742477e+07 5.401469e+06 
4.005889e+02 7.297339e+07 4.436921e+06 
3.587206e+02 8.298581e+07 4.702171e+06 
3.850951e+02 6.885474e+07 4.919195e+06 
4.037769e+02 7.249240e+07 4.340466e+06 
3.733180e+02 7.161916e+07 4.822740e+06 
3.740418e+02 6.879608e+07 5.015650e+06 
3.195530e+02 7.498911e+07 6.655381e+06 
3.423475e+02 7.106873e+07 5.401469e+06 
3.592155e+02 6.930323e+07 5.305014e+06 
3.256167e+02 7.238266e+07 5.787288e+06 
3.932540e+02 6.945656e+07 4.629830e+06 
3.765455e+02 7.017800e+07 4.822740e+06 
3.216951e+02 7.210162e+07 5.883743e+06 
3.427774e+02 6.858914e+07 5.690833e+06 
3.382846e+02 6.986130e+07 5.497924e+06 
3.617526e+02 6.750557e+07 5.690833e+06 
3.563636e+02 8.132529e+07 4.822740e+06 
3.467654e+02 6.862892e+07 5.497924e+06 
3.211175e+02 7.484446e+07 6.269562e+06 
3.544807e+02 8.366536e+07 4.806663e+06 
3.682396e+02 6.710515e+07 5.594378e+06 
3.922037e+02 6.729452e+07 5.208559e+06 
3.454584e+02 7.118414e+07 5.305014e+06 
4.025618e+02 6.702588e+07 5.112104e+06 
3.803436e+02 7.168159e+07 4.629830e+06 
3.535301e+02 8.288570e+07 5.015650e+06 
3.533900e+02 8.777599e+07 4.639474e+06 
3.187532e+02 7.547051e+07 6.462472e+06 
3.913780e+02 6.744536e+07 5.015650e+06 
3.814544e+02 6.999541e+07 4.726285e+06 
4.198690e+02 6.632508e+07 5.112104e+06 
3.634400e+02 6.966651e+07 5.112104e+06 
4.303376e+02 6.780572e+07 4.629830e+06 
3.403191e+02 8.387246e+07 5.305014e+06 
3.855557e+02 7.042611e+07 4.629830e+06 
3.581518e+02 6.768839e+07 6.076652e+06 
4.171888e+02 7.153459e+07 4.340466e+06 
3.641411e+02 8.017356e+07 4.822740e+06 
4.186071e+02 6.739160e+07 4.822740e+06 
3.508733e+02 6.782269e+07 5.690833e+06 
3.262477e+02 7.147264e+07 5.594378e+06 
4.303268e+02 6.670447e+07 5.208559e+06 
3.304293e+02 7.073583e+07 5.690833e+06 
3.955571e+02 6.670532e+07 5.497924e+06 
3.656769e+02 6.724033e+07 5.594378e+06 
3.605664e+02 6.868399e+07 5.401469e+06 
3.556794e+02 8.663538e+07 4.629830e+06 
3.447689e+02 6.812129e+07 5.594378e+06 
3.758305e+02 6.959450e+07 4.919195e+06 
3.494936e+02 8.426189e+07 4.869359e+06 
3.257765e+02 7.078780e+07 5.787288e+06 
4.331951e+02 6.615439e+07 5.112104e+06 
3.628463e+02 6.900013e+07 5.208559e+06 
3.645081e+02 7.035077e+07 4.919195e+06 
4.178449e+02 6.851726e+07 4.629830e+06 
4.010273e+02 7.199307e+07 4.436921e+06 
3.355678e+02 6.964503e+07 5.594378e+06 
3.220470e+02 7.137579e+07 5.980198e+06 
3.450698e+02 9.052748e+07 5.208559e+06 
3.944326e+02 6.756702e+07 4.726285e+06 
4.176667e+02 7.082105e+07 4.436921e+06 
4.038907e+02 6.680222e+07 5.015650e+06 

3.257060e+02 6.831168e+07 6.269562e+06 
3.263400e+02 6.802112e+07 6.269562e+06 
3.502218e+02 6.573093e+07 6.076652e+06 
3.699797e+02 6.697512e+07 5.112104e+06 
3.444915e+02 7.324587e+07 5.497924e+06 
4.243257e+02 7.491845e+07 4.340466e+06 
3.886341e+02 7.135070e+07 4.822740e+06 
3.882655e+02 7.054194e+07 4.919195e+06 
4.234346e+02 7.635743e+07 4.244011e+06 
3.253635e+02 7.004793e+07 5.980198e+06 
4.189333e+02 7.693848e+07 4.436921e+06 
3.595372e+02 6.548865e+07 5.787288e+06 
3.388049e+02 6.697911e+07 6.269562e+06 
3.423068e+02 6.636009e+07 5.980198e+06 
4.167530e+02 7.491879e+07 4.533376e+06 
3.784602e+02 6.498342e+07 5.690833e+06 
3.464485e+02 6.550106e+07 6.173107e+06 
3.943062e+02 6.931161e+07 4.919195e+06 
4.285212e+02 7.373921e+07 4.340466e+06 
3.984239e+02 6.625141e+07 5.112104e+06 
3.781714e+02 7.010766e+07 5.015650e+06 
3.413347e+02 6.710909e+07 5.787288e+06 
3.775112e+02 6.540539e+07 5.497924e+06 
3.660108e+02 6.511813e+07 5.980198e+06 
3.791782e+02 6.596994e+07 5.305014e+06 
3.872329e+02 6.513356e+07 5.497924e+06 
3.594602e+02 6.597252e+07 5.594378e+06 
3.917638e+02 6.450918e+07 6.173107e+06 
3.585289e+02 6.631095e+07 5.401469e+06 
3.595738e+02 6.899105e+07 5.305014e+06 
3.291547e+02 6.817832e+07 6.173107e+06 
3.229302e+02 6.866744e+07 6.173107e+06 
3.951225e+02 6.465046e+07 5.980198e+06 
3.335378e+02 6.773472e+07 5.883743e+06 
3.708004e+02 6.495790e+07 5.980198e+06 
3.514035e+02 7.200215e+07 5.401469e+06 
3.395140e+02 6.658981e+07 6.173107e+06 
4.549702e+02 7.374630e+07 4.244011e+06 
3.534635e+02 6.651846e+07 5.594378e+06 
3.490503e+02 6.721000e+07 5.594378e+06 
4.544209e+02 7.639002e+07 3.954647e+06 
3.806940e+02 6.492757e+07 5.980198e+06 
3.303712e+02 6.861756e+07 5.980198e+06 
3.338693e+02 6.711443e+07 6.076652e+06 
3.695678e+02 6.601251e+07 5.401469e+06 
4.203538e+02 7.401154e+07 4.533376e+06 
3.327193e+02 6.907625e+07 5.787288e+06 
4.396922e+02 7.555742e+07 4.051102e+06 
4.155765e+02 7.600389e+07 4.597679e+06 
3.254892e+02 6.857596e+07 6.269562e+06 
3.458000e+02 6.803868e+07 5.690833e+06 
3.284570e+02 6.784478e+07 6.269562e+06 
3.702332e+02 6.526028e+07 5.883743e+06 
3.664892e+02 6.817870e+07 5.305014e+06 
3.222864e+02 6.983378e+07 6.269562e+06 
3.654827e+02 6.576300e+07 5.690833e+06 
3.889333e+02 6.506707e+07 5.594378e+06 
3.414769e+02 6.645491e+07 6.076652e+06 
3.929517e+02 6.548499e+07 5.305014e+06 
3.376785e+02 6.812887e+07 5.787288e+06 
3.817543e+02 6.997009e+07 5.015650e+06 
3.490578e+02 6.841298e+07 5.497924e+06 
3.429033e+02 6.684059e+07 5.787288e+06 
3.630237e+02 7.500668e+07 5.208559e+06 
3.464125e+02 6.616048e+07 5.980198e+06 
3.368056e+02 7.306393e+07 5.690833e+06 
3.383779e+02 6.733101e+07 5.980198e+06 
4.058629e+02 7.285458e+07 4.629830e+06 
3.926985e+02 7.105663e+07 4.822740e+06 
3.686534e+02 7.261717e+07 5.208559e+06 
3.397208e+02 7.157854e+07 5.690833e+06 
3.422974e+02 7.304810e+07 5.594378e+06 
4.251314e+02 7.557231e+07 4.244011e+06 
4.339907e+02 7.323791e+07 4.340466e+06 
3.521376e+02 6.593208e+07 5.787288e+06 
3.988932e+02 6.964373e+07 4.726285e+06 
3.743725e+02 7.332134e+07 5.015650e+06 
3.227673e+02 6.870803e+07 6.366017e+06 
3.286689e+02 6.943010e+07 6.076652e+06 
3.394713e+02 7.786968e+07 5.594378e+06 
3.967579e+02 6.579937e+07 5.208559e+06 
3.473862e+02 7.055849e+07 5.594378e+06 
3.625724e+02 6.538730e+07 5.980198e+06 
3.422724e+02 6.627643e+07 6.173107e+06 
4.518484e+02 7.505987e+07 4.051102e+06 
3.692181e+02 6.830029e+07 5.208559e+06 
3.882024e+02 7.223022e+07 4.919195e+06 
3.325161e+02 6.751294e+07 6.076652e+06 
3.324693e+02 6.772974e+07 6.366017e+06 
3.336744e+02 7.926408e+07 5.690833e+06 
3.472550e+02 7.287558e+07 5.305014e+06 
4.537748e+02 7.665138e+07 3.954647e+06 
4.017359e+02 6.495407e+07 5.690833e+06 
4.418586e+02 7.472287e+07 4.244011e+06 
4.085863e+02 6.489838e+07 5.883743e+06 
4.625868e+02 7.507638e+07 3.858192e+06 
4.562227e+02 7.714132e+07 3.858192e+06 
4.039917e+02 7.481122e+07 4.681273e+06 
4.146568e+02 6.939905e+07 4.726285e+06 
3.411334e+02 6.880228e+07 5.690833e+06 

3.393764e+02 6.658525e+07 6.366017e+06 
3.819741e+02 6.574455e+07 5.690833e+06 
3.122782e+02 7.246938e+07 6.655381e+06 
3.199262e+02 6.904401e+07 6.173107e+06 
3.485377e+02 7.005656e+07 5.594378e+06 
3.300845e+02 7.798222e+07 5.594378e+06 
3.676689e+02 6.711787e+07 5.497924e+06 
3.410164e+02 8.741963e+07 5.208559e+06 
3.259622e+02 7.267139e+07 5.883743e+06 
3.687529e+02 6.571457e+07 6.173107e+06 
3.398059e+02 8.709031e+07 5.305014e+06 
3.657137e+02 6.504916e+07 6.366017e+06 
3.346764e+02 6.672615e+07 6.269562e+06 
3.330676e+02 6.688470e+07 6.269562e+06 
3.954087e+02 7.098612e+07 4.533376e+06 
3.205681e+02 6.782764e+07 6.173107e+06 
3.650549e+02 6.522088e+07 6.366017e+06 
3.414595e+02 7.101647e+07 5.594378e+06 
4.022237e+02 6.794520e+07 4.919195e+06 
3.156157e+02 7.285792e+07 6.462472e+06 
3.927771e+02 6.674041e+07 5.208559e+06 
3.383063e+02 6.723390e+07 5.883743e+06 
3.358742e+02 7.714976e+07 5.497924e+06 
4.054085e+02 6.633977e+07 5.497924e+06 
3.280863e+02 7.217653e+07 5.787288e+06 
3.456992e+02 6.617426e+07 5.980198e+06 
3.182146e+02 7.299411e+07 6.173107e+06 
3.522863e+02 7.424160e+07 5.208559e+06 
3.878127e+02 6.703248e+07 5.208559e+06 
3.184788e+02 6.967549e+07 6.269562e+06 
3.686317e+02 6.914772e+07 5.015650e+06 
3.452268e+02 6.584583e+07 6.173107e+06 
3.152749e+02 7.821395e+07 6.366017e+06 
3.801082e+02 6.705991e+07 5.401469e+06 
3.293517e+02 6.690768e+07 6.076652e+06 
3.292714e+02 7.774683e+07 5.690833e+06 
3.447909e+02 7.333953e+07 5.401469e+06 
3.162230e+02 7.498530e+07 6.366017e+06 
3.599549e+02 6.668812e+07 5.690833e+06 
3.386802e+02 7.434923e+07 5.594378e+06 
3.561995e+02 6.823433e+07 5.594378e+06 
3.400101e+02 6.651689e+07 6.076652e+06 
3.779503e+02 6.837460e+07 5.112104e+06 
3.826273e+02 6.915003e+07 4.822740e+06 
3.940848e+02 6.690641e+07 5.015650e+06 
3.449916e+02 7.343815e+07 5.305014e+06 
3.560792e+02 6.605277e+07 5.883743e+06 
3.241415e+02 6.871456e+07 5.980198e+06 
3.657465e+02 7.018136e+07 5.112104e+06 
3.462533e+02 6.707665e+07 5.787288e+06 
3.375459e+02 6.827545e+07 5.787288e+06 
3.400553e+02 7.269539e+07 5.497924e+06 
3.839614e+02 7.054282e+07 4.726285e+06 
3.685729e+02 6.602148e+07 5.690833e+06 
3.716457e+02 9.019349e+07 4.932055e+06 
3.173334e+02 7.297481e+07 6.269562e+06 
3.420778e+02 6.796219e+07 5.690833e+06 
3.182827e+02 6.989033e+07 6.558926e+06 
3.461522e+02 7.216757e+07 5.497924e+06 
3.422735e+02 6.601768e+07 6.269562e+06 
3.319311e+02 7.576431e+07 5.690833e+06 
3.268732e+02 7.890807e+07 5.787288e+06 
3.184295e+02 6.920530e+07 6.366017e+06 
3.257505e+02 6.708339e+07 6.558926e+06 
3.587081e+02 6.849637e+07 5.305014e+06 
3.494715e+02 6.641760e+07 5.883743e+06 
3.228205e+02 7.367066e+07 5.980198e+06 
3.974965e+02 6.682600e+07 5.015650e+06 
3.780149e+02 6.687646e+07 5.497924e+06 
3.670141e+02 7.070492e+07 5.015650e+06 
3.212419e+02 7.317540e+07 6.076652e+06 
3.167217e+02 7.109035e+07 6.848291e+06 
3.801666e+02 6.584625e+07 5.594378e+06 
3.304239e+02 6.931766e+07 5.787288e+06 
3.592258e+02 6.559378e+07 6.366017e+06 
3.366316e+02 7.247346e+07 5.690833e+06 
3.383572e+02 6.668632e+07 6.269562e+06 
3.581821e+02 6.566389e+07 6.366017e+06 
3.536606e+02 6.875396e+07 5.208559e+06 
3.753206e+02 6.796420e+07 5.208559e+06 
3.391996e+02 8.639609e+07 5.401469e+06 
3.781682e+02 6.903582e+07 4.919195e+06 
3.901403e+02 6.783742e+07 5.015650e+06 
3.962509e+02 6.998369e+07 4.533376e+06 
3.417005e+02 6.646974e+07 6.269562e+06 
3.863047e+02 6.865749e+07 4.726285e+06 
3.956222e+02 6.966488e+07 4.629830e+06 
3.198838e+02 7.669812e+07 5.883743e+06 
3.228420e+02 6.780196e+07 6.076652e+06 
3.336702e+02 6.822774e+07 5.883743e+06 
3.627858e+02 6.582818e+07 5.883743e+06 
3.654834e+02 7.572163e+07 5.015650e+06 
3.350394e+02 6.670240e+07 6.076652e+06 
3.910612e+02 7.045703e+07 4.629830e+06 
3.437764e+02 6.733817e+07 5.690833e+06 
3.236998e+02 6.744807e+07 6.558926e+06 
3.288977e+02 6.749085e+07 5.980198e+06 
3.646290e+02 6.819555e+07 5.401469e+06 
3.616982e+02 7.496618e+07 5.112104e+06 
3.638956e+02 6.637971e+07 5.690833e+06 

3.605298e+02 7.062916e+07 5.112104e+06 
3.360752e+02 7.160384e+07 5.594378e+06 
3.769865e+02 6.963557e+07 5.112104e+06 
3.645727e+02 7.327786e+07 4.919195e+06 
3.274985e+02 7.563417e+07 5.208559e+06 
3.555309e+02 7.061863e+07 5.305014e+06 
3.545482e+02 7.103553e+07 5.305014e+06 
3.144700e+02 7.389197e+07 5.787288e+06 
3.176658e+02 7.379162e+07 5.690833e+06 
3.299138e+02 7.233900e+07 5.787288e+06 
3.747189e+02 6.909730e+07 5.305014e+06 
3.855867e+02 6.985762e+07 4.629830e+06 
3.503099e+02 7.104541e+07 5.305014e+06 
3.418901e+02 7.178829e+07 5.305014e+06 
3.752417e+02 7.143454e+07 4.822740e+06 
3.558138e+02 7.745034e+07 4.919195e+06 
3.176735e+02 7.174389e+07 6.173107e+06 
3.365925e+02 7.232698e+07 5.401469e+06 
3.278917e+02 8.167976e+07 5.099244e+06 
3.840982e+02 7.278742e+07 4.436921e+06 
3.471249e+02 7.806194e+07 4.919195e+06 
3.355561e+02 7.178108e+07 5.497924e+06 
3.816038e+02 7.174087e+07 4.533376e+06 
3.512164e+02 7.035069e+07 5.787288e+06 
3.571178e+02 7.015097e+07 5.594378e+06 
3.570999e+02 7.050342e+07 5.208559e+06 
3.310711e+02 7.614500e+07 5.112104e+06 
3.523501e+02 7.043119e+07 5.690833e+06 
3.576473e+02 7.102348e+07 5.112104e+06 
3.304054e+02 7.099923e+07 6.173107e+06 
4.201594e+02 7.116143e+07 4.340466e+06 
3.721674e+02 6.978460e+07 5.015650e+06 
3.575687e+02 6.939851e+07 5.497924e+06 
3.628661e+02 7.088673e+07 5.015650e+06 
3.188336e+02 8.217677e+07 5.401469e+06 
3.185120e+02 7.309331e+07 5.787288e+06 
3.437514e+02 7.127766e+07 5.401469e+06 
3.250456e+02 7.603128e+07 5.208559e+06 
3.627322e+02 6.916563e+07 5.401469e+06 
3.361686e+02 7.364838e+07 5.305014e+06 
3.762660e+02 6.897848e+07 5.690833e+06 
3.567458e+02 7.042438e+07 5.305014e+06 
3.778088e+02 6.991544e+07 4.726285e+06 
3.127391e+02 7.609874e+07 5.594378e+06 
3.228847e+02 8.201444e+07 5.305014e+06 
3.260534e+02 7.407390e+07 5.401469e+06 
3.100279e+02 7.501664e+07 6.173107e+06 
3.306665e+02 7.327798e+07 5.497924e+06 
3.545928e+02 7.024856e+07 5.690833e+06 
3.592970e+02 7.007448e+07 5.305014e+06 
3.367796e+02 7.127114e+07 5.594378e+06 
3.649354e+02 7.037599e+07 5.112104e+06 
3.485731e+02 7.174050e+07 5.208559e+06 
3.827164e+02 6.900581e+07 5.497924e+06 
3.641944e+02 6.955485e+07 5.305014e+06 
3.441547e+02 7.069431e+07 5.497924e+06 
3.603599e+02 7.397120e+07 4.822740e+06 
3.537075e+02 7.032832e+07 5.787288e+06 
3.113936e+02 7.429521e+07 6.173107e+06 
3.945291e+02 7.140868e+07 4.436921e+06 
3.151126e+02 7.293514e+07 6.076652e+06 
3.427607e+02 7.090480e+07 5.883743e+06 
4.043077e+02 7.264917e+07 4.340466e+06 
3.741846e+02 7.185963e+07 4.822740e+06 
3.370344e+02 7.864684e+07 4.822740e+06 
3.405770e+02 7.093301e+07 5.787288e+06 
3.760776e+02 7.090033e+07 4.822740e+06 
3.384208e+02 7.308354e+07 5.015650e+06 
3.320963e+02 7.207251e+07 5.594378e+06 
3.201567e+02 7.156053e+07 5.883743e+06 
3.793312e+02 7.192126e+07 4.629830e+06 
3.156594e+02 7.283039e+07 6.173107e+06 
3.838965e+02 7.073477e+07 4.629830e+06 
3.141616e+02 7.475471e+07 5.594378e+06 
3.420437e+02 7.093182e+07 5.594378e+06 
3.214532e+02 7.354827e+07 5.594378e+06 
3.892964e+02 7.312261e+07 4.340466e+06 
3.775525e+02 7.105719e+07 4.726285e+06 
3.216348e+02 7.637604e+07 5.401469e+06 
3.230954e+02 7.111461e+07 5.883743e+06 
3.493350e+02 7.248324e+07 5.112104e+06 
3.860128e+02 7.036602e+07 4.533376e+06 
3.526726e+02 7.040447e+07 5.690833e+06 
3.243055e+02 7.939808e+07 5.182838e+06 
3.135996e+02 7.383712e+07 6.173107e+06 
3.766409e+02 7.265672e+07 4.726285e+06 
3.540377e+02 7.026739e+07 5.787288e+06 
3.427746e+02 7.241325e+07 5.208559e+06 
3.131024e+02 7.435865e+07 5.980198e+06 
3.808235e+02 7.226959e+07 4.533376e+06 
3.559063e+02 7.017332e+07 5.497924e+06 
3.225037e+02 7.291536e+07 5.690833e+06 
3.510080e+02 7.096841e+07 5.401469e+06 
3.631218e+02 6.980386e+07 5.208559e+06 
3.230275e+02 8.041603e+07 5.266432e+06 
3.783040e+02 6.887572e+07 5.690833e+06 
3.664777e+02 7.161343e+07 4.919195e+06 
3.712990e+02 7.059349e+07 5.015650e+06 
3.175640e+02 7.205761e+07 6.173107e+06 
3.229442e+02 7.545644e+07 5.401469e+06 

4.049658e+02 7.191327e+07 3.858192e+06 
3.667910e+02 6.710698e+07 5.497924e+06 
4.426673e+02 6.768025e+07 4.629830e+06 
3.437977e+02 6.886077e+07 5.208559e+06 
3.212343e+02 8.241251e+07 6.944746e+06 
3.357204e+02 6.828251e+07 5.594378e+06 
3.813338e+02 6.796566e+07 4.822740e+06 
3.485515e+02 7.024724e+07 4.726285e+06 
3.540163e+02 6.761309e+07 5.401469e+06 
4.216616e+02 7.118554e+07 3.858192e+06 
3.300072e+02 6.968779e+07 5.690833e+06 
3.710484e+02 7.198333e+07 4.436921e+06 
3.512405e+02 6.857377e+07 5.208559e+06 
3.416209e+02 7.186955e+07 5.266432e+06 
3.691813e+02 6.659778e+07 5.401469e+06 
3.345475e+02 6.878567e+07 5.787288e+06 
3.243835e+02 7.982323e+07 6.655381e+06 
3.221772e+02 8.258688e+07 6.558926e+06 
3.397203e+02 6.833609e+07 5.401469e+06 
3.761849e+02 6.974403e+07 4.533376e+06 
3.773131e+02 6.643078e+07 5.112104e+06 
3.374152e+02 7.397060e+07 5.208559e+06 
3.360328e+02 7.268360e+07 5.401469e+06 
3.759866e+02 6.658006e+07 5.497924e+06 
3.409147e+02 6.811245e+07 5.497924e+06 
4.339579e+02 6.788700e+07 4.629830e+06 
3.287228e+02 7.810942e+07 5.401469e+06 
3.300100e+02 7.534581e+07 5.594378e+06 
3.766083e+02 7.158128e+07 4.430490e+06 
3.877089e+02 6.597735e+07 5.112104e+06 
3.686546e+02 6.844789e+07 4.822740e+06 
3.307826e+02 7.434745e+07 5.401469e+06 
3.494612e+02 6.770214e+07 5.594378e+06 
3.282789e+02 7.064881e+07 6.076652e+06 
4.015969e+02 7.065999e+07 4.340466e+06 
4.084718e+02 6.847250e+07 4.726285e+06 
3.805497e+02 6.874450e+07 4.629830e+06 
4.232967e+02 6.706950e+07 4.726285e+06 
3.730505e+02 6.724380e+07 5.112104e+06 
3.961712e+02 6.833142e+07 4.726285e+06 
3.421509e+02 7.535586e+07 4.919195e+06 
3.287259e+02 7.028549e+07 6.076652e+06 
3.753792e+02 6.992569e+07 4.436921e+06 
3.448295e+02 7.059384e+07 4.848461e+06 
3.321302e+02 7.508010e+07 5.015650e+06 
4.263679e+02 7.112609e+07 3.665282e+06 
3.513568e+02 7.097624e+07 4.629830e+06 
3.725158e+02 6.696435e+07 5.305014e+06 
3.319623e+02 6.906805e+07 5.883743e+06 
3.779773e+02 6.630926e+07 5.305014e+06 
3.554347e+02 6.994778e+07 4.629830e+06 
3.738323e+02 6.757548e+07 5.015650e+06 
3.850933e+02 6.596894e+07 5.305014e+06 
3.271183e+02 8.398779e+07 6.366017e+06 
3.828267e+02 6.687764e+07 4.919195e+06 
4.067665e+02 6.752654e+07 4.726285e+06 
3.605848e+02 6.812395e+07 5.112104e+06 
4.253658e+02 7.014344e+07 3.858192e+06 
3.502131e+02 6.942835e+07 4.919195e+06 
3.401255e+02 6.789416e+07 5.594378e+06 
3.259693e+02 8.095313e+07 6.558926e+06 
4.047535e+02 6.630610e+07 5.112104e+06 
3.278825e+02 7.327431e+07 5.787288e+06 
3.630277e+02 6.836912e+07 5.015650e+06 
3.538212e+02 6.799318e+07 5.305014e+06 
3.311084e+02 7.678746e+07 5.208559e+06 
3.313504e+02 7.098181e+07 5.594378e+06 
3.443552e+02 6.773472e+07 5.594378e+06 
3.609233e+02 6.897663e+07 4.726285e+06 
4.276683e+02 6.665546e+07 4.919195e+06 
3.574626e+02 7.068136e+07 4.533376e+06 
3.971548e+02 6.574592e+07 5.497924e+06 
3.994391e+02 7.325874e+07 4.244011e+06 
3.333668e+02 6.898291e+07 5.787288e+06 
3.628352e+02 6.769724e+07 5.208559e+06 
3.382671e+02 6.975239e+07 5.401469e+06 
3.298444e+02 7.027381e+07 5.787288e+06 
4.215025e+02 7.193229e+07 3.665282e+06 
3.337791e+02 7.076036e+07 5.497924e+06 
3.449653e+02 6.996994e+07 5.112104e+06 
4.104973e+02 7.219378e+07 3.665282e+06 
3.634684e+02 6.953755e+07 4.629830e+06 
3.758820e+02 6.888993e+07 4.629830e+06 
3.600380e+02 7.036018e+07 4.533376e+06 
3.438286e+02 7.107295e+07 5.112104e+06 
4.329888e+02 7.169068e+07 4.147556e+06 
3.818773e+02 6.935974e+07 4.533376e+06 
3.532109e+02 6.724115e+07 5.787288e+06 
4.309142e+02 7.268276e+07 3.858192e+06 
3.750787e+02 6.858823e+07 4.726285e+06 
3.532465e+02 6.944035e+07 4.822740e+06 
3.520357e+02 6.736845e+07 5.690833e+06 
4.136460e+02 7.095560e+07 4.051102e+06 
4.095067e+02 6.722573e+07 4.822740e+06 
3.754557e+02 6.789685e+07 4.919195e+06 
3.350082e+02 6.876408e+07 5.787288e+06 
3.585641e+02 6.747332e+07 5.497924e+06 
4.088387e+02 7.163805e+07 4.096114e+06 
3.428748e+02 6.931812e+07 5.208559e+06 
3.558307e+02 6.885477e+07 5.015650e+06 

