2.742659e+02 5.227767e+07 2.604280e+06 
2.503943e+02 4.639004e+07 4.015721e+06 
2.674357e+02 5.115548e+07 2.700734e+06 
2.455689e+02 5.023295e+07 3.212577e+06 
2.328870e+02 4.905467e+07 3.814935e+06 
2.308238e+02 4.698418e+07 4.015721e+06 
2.456175e+02 4.918926e+07 3.212577e+06 
2.342262e+02 4.650919e+07 4.015721e+06 
2.418731e+02 4.734628e+07 3.614149e+06 
2.340803e+02 4.670758e+07 4.015721e+06 
2.376023e+02 4.680303e+07 4.015721e+06 
2.713110e+02 4.647075e+07 3.413363e+06 
2.394188e+02 4.660898e+07 3.814935e+06 
2.504502e+02 4.976620e+07 3.011791e+06 
2.660469e+02 4.626615e+07 3.614149e+06 
2.825042e+02 5.115362e+07 2.507825e+06 
2.421156e+02 4.730291e+07 3.614149e+06 
2.313988e+02 4.686726e+07 4.216507e+06 
2.377115e+02 4.742795e+07 3.614149e+06 
2.654972e+02 4.628099e+07 3.614149e+06 
2.392358e+02 4.762218e+07 3.614149e+06 
2.282519e+02 4.881963e+07 4.818865e+06 
2.284428e+02 4.947768e+07 4.618079e+06 
2.598938e+02 4.701424e+07 3.011791e+06 
2.534419e+02 4.636700e+07 3.814935e+06 
2.346947e+02 4.926158e+07 3.614149e+06 
2.298237e+02 4.681625e+07 4.015721e+06 
2.555425e+02 4.664942e+07 3.413363e+06 
2.573355e+02 4.665950e+07 3.212577e+06 
2.292352e+02 4.904912e+07 4.618079e+06 
2.425550e+02 4.708423e+07 3.614149e+06 
2.672811e+02 5.162619e+07 2.700734e+06 
2.300052e+02 4.758156e+07 4.216507e+06 
2.349121e+02 4.788994e+07 3.614149e+06 
2.664789e+02 5.221510e+07 2.811005e+06 
2.559673e+02 4.663812e+07 3.413363e+06 
2.290451e+02 4.822167e+07 4.818865e+06 
2.292593e+02 4.838451e+07 4.216507e+06 
2.412450e+02 4.657129e+07 4.015721e+06 
2.513945e+02 4.715052e+07 3.011791e+06 
2.751963e+02 5.087705e+07 2.610219e+06 
2.284482e+02 4.911905e+07 4.818865e+06 
2.287086e+02 4.815685e+07 5.220437e+06 
2.282318e+02 4.906332e+07 4.618079e+06 
2.621429e+02 4.702609e+07 3.011791e+06 
2.612488e+02 4.645918e+07 3.614149e+06 
2.707034e+02 5.147146e+07 2.610219e+06 
2.489393e+02 4.691981e+07 3.212577e+06 
2.521553e+02 4.667061e+07 3.212577e+06 
2.738309e+02 5.293855e+07 2.604280e+06 
2.712852e+02 5.203467e+07 2.610219e+06 
2.750474e+02 5.129447e+07 2.604280e+06 
2.277202e+02 4.978245e+07 5.220437e+06 
2.564139e+02 4.632069e+07 3.814935e+06 
2.578283e+02 4.648650e+07 3.413363e+06 
2.490259e+02 4.925746e+07 3.011791e+06 
2.768335e+02 5.296782e+07 2.507825e+06 
2.454532e+02 4.654604e+07 3.814935e+06 
2.299351e+02 4.713004e+07 4.417293e+06 
2.654315e+02 5.272690e+07 2.700734e+06 
2.399080e+02 5.017782e+07 3.413363e+06 
2.772759e+02 5.052693e+07 2.507825e+06 
2.568545e+02 4.599015e+07 4.015721e+06 
2.816440e+02 5.088119e+07 2.811005e+06 
2.456960e+02 4.691971e+07 3.614149e+06 
2.780988e+02 5.209648e+07 2.507825e+06 
2.542793e+02 4.635400e+07 3.814935e+06 
2.745365e+02 5.193399e+07 2.604280e+06 
2.342676e+02 4.867753e+07 3.614149e+06 
2.605529e+02 4.661846e+07 3.212577e+06 
2.390163e+02 4.669296e+07 3.814935e+06 
2.419176e+02 4.956712e+07 3.413363e+06 
2.586736e+02 4.658869e+07 3.212577e+06 
2.474900e+02 4.652943e+07 4.015721e+06 
2.314004e+02 4.805897e+07 3.814935e+06 
2.642456e+02 5.670430e+07 2.821302e+06 
2.297432e+02 4.762847e+07 4.015721e+06 
2.773583e+02 5.089208e+07 2.610219e+06 
2.703431e+02 4.631086e+07 3.413363e+06 
2.571562e+02 4.630496e+07 4.417293e+06 
2.722560e+02 5.303513e+07 2.604280e+06 
2.603378e+02 4.649850e+07 3.212577e+06 
2.745521e+02 5.135439e+07 2.604280e+06 
2.467774e+02 4.695827e+07 3.212577e+06 
2.744437e+02 4.646901e+07 3.614149e+06 
2.592552e+02 4.579977e+07 4.015721e+06 
2.288471e+02 4.829806e+07 5.220437e+06 
2.495728e+02 4.760631e+07 3.011791e+06 
2.565506e+02 4.610195e+07 3.814935e+06 
2.659192e+02 5.291143e+07 2.700734e+06 
2.543090e+02 4.615651e+07 3.814935e+06 
2.339074e+02 4.757706e+07 3.814935e+06 
2.466809e+02 4.997937e+07 3.212577e+06 
2.363531e+02 4.765820e+07 3.614149e+06 
2.420434e+02 5.052028e+07 3.413363e+06 
2.447332e+02 4.725369e+07 3.413363e+06 
2.346143e+02 4.710766e+07 3.814935e+06 
2.484815e+02 4.667310e+07 3.212577e+06 
2.715852e+02 5.089820e+07 2.610219e+06 
2.424448e+02 4.725670e+07 3.614149e+06 

2.489688e+02 4.510163e+07 2.700734e+06 
2.675505e+02 4.394326e+07 2.811005e+06 
2.720007e+02 4.362919e+07 2.610219e+06 
2.573183e+02 4.435278e+07 2.610219e+06 
2.591566e+02 4.395337e+07 2.610219e+06 
2.421226e+02 4.588074e+07 2.797189e+06 
2.681727e+02 4.389152e+07 2.610219e+06 
2.571234e+02 4.413732e+07 2.700734e+06 
2.735351e+02 4.349070e+07 2.610219e+06 
2.379586e+02 4.555546e+07 3.011791e+06 
2.359737e+02 4.580681e+07 3.212577e+06 
2.489385e+02 4.688612e+07 2.610219e+06 
2.289086e+02 4.863004e+07 4.216507e+06 
2.507333e+02 4.536328e+07 2.610219e+06 
2.279722e+02 4.840356e+07 4.618079e+06 
2.573982e+02 4.422361e+07 2.700734e+06 
2.525545e+02 4.519758e+07 2.610219e+06 
2.306631e+02 4.744411e+07 4.216507e+06 
2.271315e+02 4.876354e+07 4.618079e+06 
2.617061e+02 4.356936e+07 2.700734e+06 
2.266421e+02 4.889271e+07 4.417293e+06 
2.527963e+02 4.436629e+07 2.811005e+06 
2.293365e+02 4.710463e+07 3.814935e+06 
2.774891e+02 4.367955e+07 2.610219e+06 
2.412684e+02 4.544821e+07 3.212577e+06 
2.328027e+02 4.708824e+07 4.015721e+06 
2.324105e+02 4.692804e+07 3.814935e+06 
2.434577e+02 4.477204e+07 2.811005e+06 
2.457985e+02 4.445074e+07 2.797189e+06 
2.373462e+02 4.567466e+07 2.811005e+06 
2.523282e+02 4.526206e+07 2.610219e+06 
2.328630e+02 4.668163e+07 3.413363e+06 
2.522033e+02 4.539940e+07 2.610219e+06 
2.279686e+02 5.016579e+07 4.417293e+06 
2.446254e+02 4.603322e+07 2.700734e+06 
2.379303e+02 4.536861e+07 2.811005e+06 
2.722457e+02 4.378745e+07 2.610219e+06 
2.796932e+02 4.363195e+07 2.811005e+06 
2.409803e+02 4.600114e+07 2.797189e+06 
2.515158e+02 4.452765e+07 2.700734e+06 
2.425002e+02 4.523581e+07 2.811005e+06 
2.338630e+02 4.650729e+07 3.413363e+06 
2.442739e+02 4.514534e+07 2.811005e+06 
2.751541e+02 4.336559e+07 2.610219e+06 
2.379702e+02 4.601958e+07 2.811005e+06 
2.443720e+02 4.488040e+07 2.811005e+06 
2.319563e+02 4.721116e+07 3.814935e+06 
2.568577e+02 4.437157e+07 2.610219e+06 
2.485674e+02 4.520885e+07 2.700734e+06 
2.516458e+02 4.476333e+07 2.700734e+06 
2.520373e+02 4.529620e+07 2.610219e+06 
2.582087e+02 4.418976e+07 2.700734e+06 
2.326438e+02 4.759769e+07 3.614149e+06 
2.256472e+02 4.916960e+07 4.818865e+06 
2.567779e+02 4.442295e+07 2.700734e+06 
2.358159e+02 4.576631e+07 3.011791e+06 
2.290633e+02 4.851917e+07 4.216507e+06 
2.461503e+02 4.519654e+07 2.700734e+06 
2.544139e+02 4.429000e+07 2.797189e+06 
2.295954e+02 4.826168e+07 4.015721e+06 
2.599110e+02 4.405863e+07 2.610219e+06 
2.403851e+02 4.591894e+07 2.797189e+06 
2.690640e+02 4.379743e+07 2.700734e+06 
2.456219e+02 4.506413e+07 2.797189e+06 
2.485953e+02 4.618014e+07 2.610219e+06 
2.361242e+02 4.726981e+07 3.011791e+06 
2.301146e+02 4.762420e+07 4.015721e+06 
2.338774e+02 4.596368e+07 3.212577e+06 
2.509375e+02 4.464600e+07 2.700734e+06 
2.459883e+02 4.645335e+07 2.700734e+06 
2.539759e+02 4.448980e+07 2.700734e+06 
2.344272e+02 4.634444e+07 3.413363e+06 
2.276128e+02 4.881471e+07 4.417293e+06 
2.613888e+02 4.398234e+07 2.610219e+06 
2.345133e+02 4.621740e+07 4.015721e+06 
2.433536e+02 4.530231e+07 2.811005e+06 
2.617263e+02 4.390504e+07 2.610219e+06 
2.682002e+02 4.373167e+07 2.610219e+06 
2.570469e+02 4.433636e+07 2.700734e+06 
2.525766e+02 4.433104e+07 2.811005e+06 
2.429622e+02 4.538765e+07 2.811005e+06 
2.315562e+02 4.719075e+07 3.614149e+06 
2.530502e+02 4.487859e+07 2.610219e+06 
2.279571e+02 4.931114e+07 4.818865e+06 
2.314841e+02 4.770952e+07 3.814935e+06 
2.363315e+02 4.577881e+07 3.212577e+06 
2.335705e+02 4.630667e+07 3.212577e+06 
2.283194e+02 4.832407e+07 4.216507e+06 
2.295349e+02 4.803757e+07 4.216507e+06 
2.436195e+02 4.534838e+07 2.797189e+06 
2.329057e+02 4.683872e+07 4.015721e+06 
2.682128e+02 4.387214e+07 2.610219e+06 
2.463460e+02 4.513775e+07 2.700734e+06 
2.322826e+02 4.684822e+07 4.015721e+06 
2.601416e+02 4.404125e+07 2.700734e+06 
2.456858e+02 4.553477e+07 2.700734e+06 
2.405773e+02 4.524401e+07 2.811005e+06 
2.554966e+02 4.456422e+07 2.610219e+06 
2.456988e+02 4.444731e+07 2.797189e+06 
2.292418e+02 4.864747e+07 4.015721e+06 

2.399837e+02 4.678198e+07 3.614149e+06 
2.444705e+02 4.734200e+07 3.011791e+06 
2.477395e+02 4.873563e+07 2.811005e+06 
2.612019e+02 4.906895e+07 2.507825e+06 
2.441574e+02 4.644265e+07 3.212577e+06 
2.671889e+02 4.934751e+07 2.411370e+06 
2.534457e+02 4.878230e+07 2.604280e+06 
2.358167e+02 4.809763e+07 3.614149e+06 
2.486526e+02 5.108003e+07 2.797189e+06 
2.326038e+02 4.849657e+07 3.814935e+06 
2.491923e+02 5.094854e+07 2.700734e+06 
2.423609e+02 4.689499e+07 3.212577e+06 
2.339336e+02 4.849128e+07 3.814935e+06 
2.492828e+02 4.852262e+07 2.610219e+06 
2.444330e+02 4.646415e+07 3.413363e+06 
2.357610e+02 4.766829e+07 4.015721e+06 
2.749932e+02 4.958684e+07 2.411370e+06 
2.480407e+02 4.611694e+07 3.614149e+06 
2.540458e+02 4.852623e+07 2.604280e+06 
2.454167e+02 4.856759e+07 3.011791e+06 
2.507218e+02 4.628895e+07 3.011791e+06 
2.681202e+02 4.891786e+07 2.411370e+06 
2.641739e+02 4.881146e+07 2.507825e+06 
2.481575e+02 4.688228e+07 3.011791e+06 
2.507306e+02 4.810945e+07 2.610219e+06 
2.427331e+02 4.639766e+07 3.413363e+06 
2.542431e+02 4.634177e+07 3.011791e+06 
2.394611e+02 4.783209e+07 3.413363e+06 
2.390447e+02 4.703437e+07 3.614149e+06 
2.476682e+02 4.812899e+07 2.811005e+06 
2.370273e+02 4.732434e+07 3.614149e+06 
2.469871e+02 4.923944e+07 2.811005e+06 
2.348718e+02 4.869130e+07 3.614149e+06 
2.529673e+02 4.834131e+07 2.610219e+06 
2.331881e+02 4.913543e+07 3.614149e+06 
2.500584e+02 4.852670e+07 2.610219e+06 
2.455880e+02 4.608554e+07 3.413363e+06 
2.705306e+02 4.896692e+07 2.507825e+06 
2.318679e+02 4.936490e+07 3.814935e+06 
2.418690e+02 4.690720e+07 3.413363e+06 
2.691304e+02 4.960569e+07 2.411370e+06 
2.451768e+02 4.980802e+07 2.811005e+06 
2.441901e+02 4.646876e+07 3.413363e+06 
2.539603e+02 4.589415e+07 3.212577e+06 
2.634168e+02 4.857554e+07 2.604280e+06 
2.428283e+02 4.653234e+07 4.015721e+06 
2.428425e+02 4.745405e+07 3.212577e+06 
2.607452e+02 5.000121e+07 2.507825e+06 
2.456668e+02 4.700656e+07 3.011791e+06 
2.547786e+02 4.603731e+07 3.413363e+06 
2.446723e+02 4.731118e+07 3.011791e+06 
2.580283e+02 4.903966e+07 2.507825e+06 
2.317885e+02 4.925018e+07 3.814935e+06 
2.473645e+02 4.880993e+07 2.811005e+06 
2.402205e+02 4.706539e+07 3.413363e+06 
2.394010e+02 4.758109e+07 3.413363e+06 
2.407939e+02 4.666699e+07 3.614149e+06 
2.385991e+02 4.757092e+07 3.614149e+06 
2.508195e+02 4.618042e+07 3.212577e+06 
2.353263e+02 4.798868e+07 3.814935e+06 
2.416847e+02 4.765240e+07 3.212577e+06 
2.563302e+02 4.562224e+07 3.212577e+06 
2.403204e+02 4.677599e+07 3.814935e+06 
2.365538e+02 4.735570e+07 4.015721e+06 
2.350298e+02 4.822507e+07 4.216507e+06 
2.638771e+02 4.834069e+07 2.610219e+06 
2.422395e+02 4.669201e+07 3.614149e+06 
2.368572e+02 4.705159e+07 3.814935e+06 
2.473267e+02 4.615192e+07 3.212577e+06 
2.478301e+02 4.602477e+07 3.413363e+06 
2.699199e+02 4.845067e+07 2.411370e+06 
2.449488e+02 4.699606e+07 3.011791e+06 
2.482994e+02 4.654378e+07 3.011791e+06 
2.325770e+02 4.912356e+07 4.015721e+06 
2.326392e+02 4.906701e+07 4.015721e+06 
2.463668e+02 4.639745e+07 3.212577e+06 
2.352299e+02 4.883491e+07 3.614149e+06 
2.356615e+02 4.758887e+07 4.015721e+06 
2.496186e+02 4.609172e+07 3.614149e+06 
2.333547e+02 4.887447e+07 4.216507e+06 
2.341189e+02 4.931498e+07 3.614149e+06 
2.493323e+02 4.610575e+07 3.614149e+06 
2.455373e+02 4.611675e+07 3.413363e+06 
2.466152e+02 4.622812e+07 3.413363e+06 
2.450093e+02 5.055174e+07 2.811005e+06 
2.549489e+02 4.602296e+07 3.413363e+06 
2.551882e+02 4.819216e+07 2.811005e+06 
2.467096e+02 4.633854e+07 3.212577e+06 
2.412456e+02 4.723414e+07 3.413363e+06 
2.461522e+02 4.642713e+07 3.212577e+06 
2.645660e+02 4.866656e+07 2.507825e+06 
2.451444e+02 4.663799e+07 3.212577e+06 
2.501371e+02 4.859269e+07 2.604280e+06 
2.420703e+02 4.658637e+07 3.413363e+06 
2.361478e+02 4.651347e+07 3.814935e+06 
2.382999e+02 4.692308e+07 3.814935e+06 
2.459391e+02 4.634329e+07 3.413363e+06 
2.328422e+02 4.786633e+07 3.814935e+06 
2.593015e+02 4.591934e+07 3.212577e+06 
2.459128e+02 5.002963e+07 2.811005e+06 

2.490066e+02 4.548085e+07 3.614149e+06 
2.612577e+02 4.506728e+07 3.212577e+06 
2.399679e+02 4.650456e+07 3.814935e+06 
2.481133e+02 4.608029e+07 3.212577e+06 
2.635428e+02 4.505477e+07 3.212577e+06 
2.442895e+02 4.651455e+07 3.614149e+06 
2.407686e+02 4.845260e+07 3.614149e+06 
2.711696e+02 4.469835e+07 3.212577e+06 
2.283749e+02 5.026949e+07 5.019651e+06 
2.726148e+02 4.469127e+07 3.212577e+06 
2.236570e+02 5.154246e+07 5.220437e+06 
2.450844e+02 4.605904e+07 4.015721e+06 
2.546660e+02 4.519594e+07 3.212577e+06 
2.238471e+02 5.081931e+07 5.019651e+06 
2.374795e+02 4.635475e+07 4.015721e+06 
2.623055e+02 4.505668e+07 3.413363e+06 
2.818233e+02 4.457902e+07 3.212577e+06 
2.680686e+02 4.483632e+07 3.212577e+06 
2.482690e+02 4.566390e+07 3.614149e+06 
2.473330e+02 4.530971e+07 3.814935e+06 
2.280966e+02 5.032441e+07 4.818865e+06 
2.235855e+02 5.093870e+07 5.019651e+06 
2.500680e+02 4.532015e+07 3.212577e+06 
2.260528e+02 5.076278e+07 4.818865e+06 
2.487552e+02 4.603654e+07 3.212577e+06 
2.354885e+02 4.655466e+07 4.015721e+06 
2.403175e+02 4.621478e+07 3.814935e+06 
2.376584e+02 4.631432e+07 4.216507e+06 
2.622762e+02 4.498668e+07 3.413363e+06 
2.682594e+02 4.468357e+07 3.212577e+06 
2.374940e+02 4.636973e+07 4.216507e+06 
2.473272e+02 4.626579e+07 3.212577e+06 
2.316424e+02 4.686927e+07 4.216507e+06 
2.628691e+02 4.506465e+07 3.212577e+06 
2.403859e+02 4.809170e+07 3.614149e+06 
2.240563e+02 5.126352e+07 5.019651e+06 
2.411965e+02 4.611657e+07 4.618079e+06 
2.321648e+02 4.760743e+07 4.618079e+06 
2.246043e+02 5.098674e+07 5.220437e+06 
2.500031e+02 4.540705e+07 3.413363e+06 
2.285884e+02 4.870495e+07 4.417293e+06 
2.715701e+02 4.459035e+07 3.212577e+06 
2.398444e+02 4.630023e+07 4.216507e+06 
2.298226e+02 4.867790e+07 4.216507e+06 
2.801642e+02 4.459989e+07 3.212577e+06 
2.424972e+02 4.770760e+07 3.413363e+06 
2.372954e+02 4.732917e+07 3.814935e+06 
2.432766e+02 4.657695e+07 3.614149e+06 
2.455644e+02 4.585150e+07 4.015721e+06 
2.471602e+02 4.562952e+07 3.814935e+06 
2.342374e+02 4.878049e+07 4.015721e+06 
2.543447e+02 4.510591e+07 3.212577e+06 
2.489776e+02 4.546386e+07 3.212577e+06 
2.464258e+02 4.608265e+07 3.614149e+06 
2.308880e+02 4.785054e+07 4.417293e+06 
2.287793e+02 4.949964e+07 4.417293e+06 
2.342557e+02 5.089423e+07 4.015721e+06 
2.352228e+02 4.746274e+07 4.015721e+06 
2.466190e+02 4.799288e+07 3.212577e+06 
2.260869e+02 5.073687e+07 5.019651e+06 
2.374651e+02 4.636545e+07 4.015721e+06 
2.324054e+02 4.746241e+07 4.618079e+06 
2.506944e+02 4.507364e+07 3.614149e+06 
2.369277e+02 4.674989e+07 3.814935e+06 
2.482314e+02 4.566676e+07 3.614149e+06 
2.414759e+02 4.730892e+07 3.212577e+06 
2.702034e+02 4.482545e+07 3.212577e+06 
2.275648e+02 5.040586e+07 5.019651e+06 
2.467166e+02 4.566795e+07 3.413363e+06 
2.277523e+02 4.853797e+07 4.618079e+06 
2.461904e+02 4.573997e+07 3.814935e+06 
2.423253e+02 4.616790e+07 4.015721e+06 
2.379104e+02 4.653173e+07 3.814935e+06 
2.337162e+02 4.915070e+07 4.015721e+06 
2.273793e+02 5.052547e+07 4.818865e+06 
2.494434e+02 4.534081e+07 3.614149e+06 
2.511930e+02 4.534747e+07 3.614149e+06 
2.349609e+02 4.689554e+07 4.216507e+06 
2.463461e+02 4.579297e+07 4.015721e+06 
2.466708e+02 4.673459e+07 3.413363e+06 
2.272278e+02 5.124976e+07 4.818865e+06 
2.472531e+02 4.581478e+07 3.413363e+06 
2.289950e+02 4.851915e+07 4.618079e+06 
2.366847e+02 4.650194e+07 4.618079e+06 
2.328732e+02 4.710770e+07 4.618079e+06 
2.439177e+02 4.607616e+07 3.814935e+06 
2.395930e+02 4.599846e+07 4.216507e+06 
2.323589e+02 4.924706e+07 4.216507e+06 
2.645414e+02 4.500307e+07 3.212577e+06 
2.638042e+02 4.488841e+07 3.212577e+06 
2.285984e+02 4.748520e+07 4.417293e+06 
2.262910e+02 5.076243e+07 5.019651e+06 
2.669390e+02 4.494226e+07 3.212577e+06 
2.509125e+02 4.530581e+07 3.413363e+06 
2.563886e+02 4.507126e+07 3.212577e+06 
2.357950e+02 4.656289e+07 4.015721e+06 
2.487558e+02 4.558737e+07 3.614149e+06 
2.450911e+02 4.619551e+07 3.614149e+06 
2.466407e+02 4.573852e+07 3.814935e+06 
2.290674e+02 4.786035e+07 4.618079e+06 

2.413188e+02 4.847171e+07 2.821302e+06 
2.464994e+02 4.687918e+07 2.700734e+06 
2.461056e+02 4.641448e+07 2.700734e+06 
2.550012e+02 4.624510e+07 2.411370e+06 
2.265204e+02 4.673427e+07 4.216507e+06 
2.350109e+02 4.812169e+07 3.061987e+06 
2.423965e+02 4.700035e+07 3.061987e+06 
2.485977e+02 4.784397e+07 2.604280e+06 
2.545665e+02 4.773032e+07 2.411370e+06 
2.508819e+02 4.632061e+07 2.861201e+06 
2.519400e+02 5.010339e+07 2.507825e+06 
2.416108e+02 4.720097e+07 2.861201e+06 
2.265047e+02 4.714163e+07 4.015721e+06 
2.373463e+02 4.846798e+07 2.917757e+06 
2.391627e+02 5.470240e+07 2.610219e+06 
2.420913e+02 4.887369e+07 2.797189e+06 
2.278186e+02 4.594482e+07 4.015721e+06 
2.524766e+02 4.634982e+07 2.507825e+06 
2.332026e+02 5.319668e+07 3.011791e+06 
2.333154e+02 4.912197e+07 3.262773e+06 
2.557901e+02 4.679714e+07 2.409432e+06 
2.308579e+02 5.366624e+07 3.413363e+06 
2.233393e+02 4.780421e+07 4.618079e+06 
2.331349e+02 5.359676e+07 3.212577e+06 
2.499918e+02 4.779416e+07 2.604280e+06 
2.221068e+02 4.742120e+07 4.818865e+06 
2.573566e+02 4.579672e+07 2.409432e+06 
2.334295e+02 4.911593e+07 3.262773e+06 
2.242924e+02 4.720145e+07 4.216507e+06 
2.253738e+02 4.679385e+07 4.216507e+06 
2.620497e+02 4.786536e+07 2.314915e+06 
2.372695e+02 4.807080e+07 3.061987e+06 
2.279678e+02 4.575076e+07 3.814935e+06 
2.290184e+02 4.549976e+07 3.614149e+06 
2.527582e+02 4.603983e+07 2.660414e+06 
2.546768e+02 4.614691e+07 2.507825e+06 
2.267079e+02 4.860495e+07 4.015721e+06 
2.486923e+02 4.637557e+07 2.861201e+06 
2.734699e+02 4.492290e+07 2.409432e+06 
2.683953e+02 4.620715e+07 2.218460e+06 
2.486612e+02 4.498601e+07 3.614149e+06 
2.255966e+02 4.710154e+07 4.417293e+06 
2.333674e+02 5.326998e+07 3.011791e+06 
2.330672e+02 4.938280e+07 3.262773e+06 
2.326146e+02 5.151724e+07 3.413363e+06 
2.375555e+02 5.432945e+07 2.811005e+06 
2.453593e+02 4.734676e+07 2.700734e+06 
2.384136e+02 4.529995e+07 3.614149e+06 
2.330782e+02 4.940787e+07 3.262773e+06 
2.528527e+02 4.601320e+07 2.660414e+06 
2.510101e+02 4.644939e+07 2.507825e+06 
2.531382e+02 4.567776e+07 2.610219e+06 
2.518936e+02 4.708515e+07 2.409432e+06 
2.524580e+02 4.627390e+07 2.660414e+06 
2.516514e+02 4.723643e+07 2.411370e+06 
2.339641e+02 4.836555e+07 3.262773e+06 
2.336929e+02 4.521348e+07 3.614149e+06 
2.605988e+02 4.576210e+07 2.314915e+06 
2.251361e+02 4.872542e+07 4.015721e+06 
2.552342e+02 4.687257e+07 2.409432e+06 
2.293197e+02 4.521437e+07 3.814935e+06 
2.246302e+02 4.718468e+07 4.618079e+06 
2.394071e+02 4.497275e+07 3.614149e+06 
2.246668e+02 4.766701e+07 4.417293e+06 
2.375026e+02 4.748303e+07 3.061987e+06 
2.657993e+02 4.585149e+07 2.218460e+06 
2.485092e+02 4.785934e+07 2.660414e+06 
2.601596e+02 4.526949e+07 2.610219e+06 
2.361152e+02 5.208692e+07 2.811005e+06 
2.363563e+02 4.884492e+07 2.861201e+06 
2.428896e+02 4.798108e+07 2.797189e+06 
2.531626e+02 4.659551e+07 2.411370e+06 
2.262715e+02 4.650131e+07 4.216507e+06 
2.286977e+02 4.536998e+07 3.614149e+06 
2.508565e+02 4.682224e+07 2.507825e+06 
2.634708e+02 4.485489e+07 2.409432e+06 
2.569700e+02 4.559422e+07 2.811005e+06 
2.489145e+02 4.669975e+07 2.660414e+06 
2.386508e+02 4.748831e+07 2.861201e+06 
2.609085e+02 4.515333e+07 2.409432e+06 
2.390723e+02 4.795731e+07 2.861201e+06 
2.335952e+02 4.523068e+07 3.614149e+06 
2.347556e+02 4.923611e+07 3.061987e+06 
2.526729e+02 4.609119e+07 2.604280e+06 
2.454581e+02 4.765890e+07 2.700734e+06 
2.223866e+02 4.757215e+07 4.618079e+06 
2.586255e+02 4.541023e+07 2.507825e+06 
2.559779e+02 4.578755e+07 2.409432e+06 
2.232708e+02 4.831295e+07 4.618079e+06 
2.712793e+02 4.608973e+07 2.314915e+06 
2.284080e+02 4.657362e+07 4.216507e+06 
2.605972e+02 4.669291e+07 2.314915e+06 
2.584613e+02 4.552172e+07 2.700734e+06 
2.510422e+02 4.617079e+07 2.861201e+06 
2.378319e+02 4.801620e+07 2.861201e+06 
2.599415e+02 4.565244e+07 2.409432e+06 
2.548939e+02 4.562598e+07 2.507825e+06 
2.455153e+02 4.725715e+07 2.700734e+06 
2.269175e+02 4.666795e+07 4.417293e+06 
2.664985e+02 4.520156e+07 2.411370e+06 

2.449691e+02 4.538804e+07 2.507825e+06 
2.494209e+02 4.464619e+07 2.411370e+06 
2.588801e+02 4.501492e+07 2.409432e+06 
2.292180e+02 4.913902e+07 4.216507e+06 
2.482307e+02 4.509659e+07 2.411370e+06 
2.426879e+02 4.539750e+07 2.811005e+06 
2.473522e+02 4.474310e+07 2.700734e+06 
2.578930e+02 4.451912e+07 2.604280e+06 
2.563569e+02 4.478678e+07 2.409432e+06 
2.299125e+02 4.996516e+07 3.814935e+06 
2.423138e+02 4.568535e+07 2.811005e+06 
2.443057e+02 4.503454e+07 2.610219e+06 
2.416991e+02 4.571533e+07 2.811005e+06 
2.420542e+02 4.638436e+07 2.604280e+06 
2.473163e+02 4.567356e+07 2.411370e+06 
2.340444e+02 4.972301e+07 3.614149e+06 
2.465648e+02 4.491411e+07 2.700734e+06 
2.439153e+02 4.547546e+07 2.554023e+06 
2.364841e+02 4.781163e+07 3.614149e+06 
2.460663e+02 4.483681e+07 2.700734e+06 
2.305891e+02 4.879273e+07 4.216507e+06 
2.635831e+02 4.448982e+07 2.610219e+06 
2.542527e+02 4.563139e+07 2.409432e+06 
2.559053e+02 4.527936e+07 2.409432e+06 
2.462746e+02 4.471132e+07 2.700734e+06 
2.541491e+02 4.472650e+07 2.411370e+06 
2.401185e+02 4.594175e+07 3.011791e+06 
2.388033e+02 4.633112e+07 2.811005e+06 
2.448435e+02 4.490705e+07 2.811005e+06 
2.488822e+02 4.496767e+07 2.411370e+06 
2.364811e+02 4.725930e+07 3.413363e+06 
2.340330e+02 4.824587e+07 3.814935e+06 
2.406892e+02 4.747037e+07 2.797189e+06 
2.311224e+02 5.035279e+07 3.814935e+06 
2.338225e+02 5.064150e+07 3.614149e+06 
2.432937e+02 4.518790e+07 2.700734e+06 
2.438086e+02 4.509693e+07 2.610219e+06 
2.483567e+02 4.609923e+07 2.411370e+06 
2.409898e+02 4.584152e+07 3.011791e+06 
2.472745e+02 4.442604e+07 2.700734e+06 
2.463564e+02 4.457997e+07 2.700734e+06 
2.351681e+02 4.875884e+07 3.614149e+06 
2.313675e+02 4.789588e+07 4.015721e+06 
2.292023e+02 4.884441e+07 4.015721e+06 
2.500545e+02 4.480967e+07 2.411370e+06 
2.462737e+02 4.510531e+07 2.507825e+06 
2.447363e+02 4.488256e+07 2.610219e+06 
2.535869e+02 4.451589e+07 2.610219e+06 
2.414968e+02 4.617092e+07 2.610219e+06 
2.407894e+02 4.575336e+07 2.811005e+06 
2.445050e+02 4.698360e+07 2.507825e+06 
2.376738e+02 4.601464e+07 3.011791e+06 
2.332156e+02 4.784415e+07 3.814935e+06 
2.367765e+02 4.732005e+07 3.614149e+06 
2.376071e+02 4.728563e+07 3.212577e+06 
2.326863e+02 4.842774e+07 4.015721e+06 
2.512192e+02 4.465877e+07 2.700734e+06 
2.425538e+02 4.534807e+07 2.610219e+06 
2.341003e+02 5.024554e+07 3.614149e+06 
2.358505e+02 4.771713e+07 4.015721e+06 
2.545757e+02 4.497578e+07 2.409432e+06 
2.435735e+02 4.608669e+07 2.507825e+06 
2.365796e+02 4.918821e+07 3.413363e+06 
2.477298e+02 4.533618e+07 2.411370e+06 
2.434370e+02 4.530862e+07 2.610219e+06 
2.444565e+02 4.539953e+07 2.507825e+06 
2.645188e+02 4.666782e+07 2.387906e+06 
2.353251e+02 4.789966e+07 3.814935e+06 
2.378502e+02 4.653619e+07 2.811005e+06 
2.557652e+02 4.483321e+07 2.387906e+06 
2.440711e+02 4.479561e+07 2.700734e+06 
2.502430e+02 4.468531e+07 2.610219e+06 
2.437043e+02 4.505901e+07 2.610219e+06 
2.377785e+02 4.604787e+07 2.811005e+06 
2.446348e+02 4.519303e+07 2.507825e+06 
2.573778e+02 4.452758e+07 2.604280e+06 
2.344936e+02 4.800014e+07 3.614149e+06 
2.305573e+02 4.846845e+07 4.015721e+06 
2.362309e+02 4.852972e+07 3.413363e+06 
2.440865e+02 4.492767e+07 2.700734e+06 
2.541201e+02 4.605359e+07 2.409432e+06 
2.415660e+02 4.572691e+07 2.811005e+06 
2.302298e+02 4.893325e+07 4.015721e+06 
2.377045e+02 4.760799e+07 3.212577e+06 
2.418524e+02 4.508935e+07 2.700734e+06 
2.426233e+02 4.544321e+07 2.610219e+06 
2.315480e+02 4.876797e+07 4.216507e+06 
2.394442e+02 4.596520e+07 2.811005e+06 
2.409478e+02 4.568998e+07 2.700734e+06 
2.416753e+02 4.629357e+07 2.610219e+06 
2.417401e+02 4.604150e+07 2.610219e+06 
2.425362e+02 4.554138e+07 2.811005e+06 
2.434078e+02 4.509939e+07 2.700734e+06 
2.417767e+02 4.598772e+07 2.610219e+06 
2.406213e+02 4.818019e+07 2.700734e+06 
2.332917e+02 4.784518e+07 4.015721e+06 
2.416575e+02 4.559262e+07 2.811005e+06 
2.338363e+02 5.015567e+07 3.614149e+06 
2.403287e+02 4.606683e+07 3.011791e+06 
2.402644e+02 4.615823e+07 3.011791e+06 

2.252766e+02 4.564361e+07 3.614149e+06 
2.224673e+02 4.609649e+07 4.015721e+06 
2.201579e+02 4.786562e+07 4.417293e+06 
2.499768e+02 4.580035e+07 2.811005e+06 
2.252455e+02 4.580956e+07 3.614149e+06 
2.242693e+02 4.582837e+07 3.614149e+06 
2.233564e+02 4.605891e+07 3.614149e+06 
2.250564e+02 4.524809e+07 3.614149e+06 
2.436624e+02 4.672892e+07 3.011791e+06 
2.191805e+02 4.836425e+07 4.618079e+06 
2.264420e+02 4.528136e+07 3.614149e+06 
2.503311e+02 4.626907e+07 2.811005e+06 
2.298667e+02 4.498996e+07 3.212577e+06 
2.205790e+02 4.762991e+07 4.216507e+06 
2.203498e+02 4.735628e+07 4.216507e+06 
2.359148e+02 4.517991e+07 3.011791e+06 
2.237032e+02 4.594173e+07 4.015721e+06 
2.279065e+02 4.571482e+07 3.011791e+06 
2.296915e+02 4.506676e+07 3.413363e+06 
2.329297e+02 4.567177e+07 3.011791e+06 
2.275966e+02 4.493574e+07 3.413363e+06 
2.339810e+02 4.482355e+07 3.413363e+06 
2.241894e+02 4.588798e+07 3.614149e+06 
2.498375e+02 4.631307e+07 2.811005e+06 
2.274814e+02 4.493068e+07 3.212577e+06 
2.237259e+02 4.612902e+07 3.614149e+06 
2.226518e+02 4.656577e+07 3.814935e+06 
2.474865e+02 4.644465e+07 2.811005e+06 
2.208203e+02 4.684044e+07 4.417293e+06 
2.335038e+02 4.471039e+07 3.413363e+06 
2.517380e+02 4.490498e+07 3.212577e+06 
2.268607e+02 4.520428e+07 3.614149e+06 
2.237033e+02 4.560271e+07 3.614149e+06 
2.307937e+02 4.479006e+07 3.413363e+06 
2.310034e+02 4.497778e+07 3.413363e+06 
2.268484e+02 4.507096e+07 4.015721e+06 
2.327963e+02 4.482248e+07 3.212577e+06 
2.197120e+02 4.761922e+07 4.618079e+06 
2.206883e+02 4.727156e+07 4.417293e+06 
2.269970e+02 4.523788e+07 3.413363e+06 
2.278508e+02 4.528785e+07 3.212577e+06 
2.245221e+02 4.583358e+07 3.614149e+06 
2.258317e+02 4.558498e+07 3.413363e+06 
2.189619e+02 4.699346e+07 5.019651e+06 
2.302824e+02 4.485345e+07 3.413363e+06 
2.186997e+02 4.726632e+07 4.618079e+06 
2.233000e+02 4.725787e+07 3.614149e+06 
2.202697e+02 4.758235e+07 4.417293e+06 
2.207021e+02 4.617261e+07 3.814935e+06 
2.223575e+02 4.738471e+07 3.614149e+06 
2.217161e+02 4.720796e+07 3.814935e+06 
2.208283e+02 4.642350e+07 4.015721e+06 
2.296766e+02 4.596452e+07 3.011791e+06 
2.342556e+02 4.433281e+07 3.212577e+06 
2.329888e+02 4.483371e+07 3.413363e+06 
2.532759e+02 4.589381e+07 2.811005e+06 
2.503894e+02 4.582372e+07 2.811005e+06 
2.253235e+02 4.571032e+07 3.413363e+06 
2.382458e+02 4.526334e+07 3.011791e+06 
2.279226e+02 4.525493e+07 3.212577e+06 
2.350998e+02 4.456045e+07 3.212577e+06 
2.252459e+02 4.537465e+07 3.413363e+06 
2.292672e+02 4.509382e+07 3.212577e+06 
2.218933e+02 4.670189e+07 3.814935e+06 
2.211407e+02 4.618041e+07 4.216507e+06 
2.259646e+02 4.551492e+07 3.814935e+06 
2.477591e+02 4.690153e+07 2.811005e+06 
2.258400e+02 4.547508e+07 3.413363e+06 
2.216974e+02 4.654978e+07 4.216507e+06 
2.203983e+02 4.808775e+07 4.216507e+06 
2.256412e+02 4.549912e+07 3.614149e+06 
2.272267e+02 4.527097e+07 3.413363e+06 
2.359510e+02 4.464286e+07 3.413363e+06 
2.289959e+02 4.606290e+07 3.212577e+06 
2.449123e+02 4.815505e+07 2.811005e+06 
2.202235e+02 4.679485e+07 4.417293e+06 
2.202714e+02 4.704724e+07 4.417293e+06 
2.246140e+02 4.571027e+07 3.814935e+06 
2.269372e+02 4.535807e+07 3.413363e+06 
2.275551e+02 4.524222e+07 3.614149e+06 
2.273586e+02 4.529371e+07 3.212577e+06 
2.201814e+02 4.676626e+07 4.618079e+06 
2.251224e+02 4.635160e+07 3.413363e+06 
2.187305e+02 4.783716e+07 4.818865e+06 
2.490099e+02 4.650232e+07 2.811005e+06 
2.190614e+02 4.825502e+07 4.417293e+06 
2.218073e+02 4.574566e+07 4.015721e+06 
2.207165e+02 4.674733e+07 4.818865e+06 
2.194245e+02 4.708382e+07 4.618079e+06 
2.246583e+02 4.795342e+07 3.413363e+06 
2.205885e+02 4.668245e+07 4.417293e+06 
2.294662e+02 4.483549e+07 3.212577e+06 
2.239476e+02 4.606008e+07 3.814935e+06 
2.236361e+02 4.652630e+07 3.814935e+06 
2.191476e+02 4.766386e+07 4.818865e+06 
2.190093e+02 4.702385e+07 4.618079e+06 
2.486744e+02 4.613383e+07 2.811005e+06 
2.277911e+02 4.588037e+07 3.212577e+06 
2.220957e+02 4.666078e+07 3.814935e+06 
2.324619e+02 4.493419e+07 3.413363e+06 

2.458618e+02 4.647886e+07 4.216507e+06 
2.282848e+02 4.904919e+07 4.015721e+06 
2.341255e+02 4.822404e+07 3.413363e+06 
2.687908e+02 5.518396e+07 3.011791e+06 
2.350773e+02 4.782792e+07 4.015721e+06 
2.394695e+02 4.700310e+07 4.417293e+06 
2.348668e+02 4.755299e+07 3.614149e+06 
2.344389e+02 4.762554e+07 4.216507e+06 
2.410694e+02 4.665006e+07 4.216507e+06 
2.332799e+02 4.851182e+07 3.614149e+06 
2.276234e+02 5.249652e+07 4.216507e+06 
2.654846e+02 5.407810e+07 3.212577e+06 
2.289131e+02 4.856472e+07 4.618079e+06 
2.747144e+02 5.454177e+07 3.011791e+06 
2.285206e+02 4.842202e+07 4.015721e+06 
2.361227e+02 4.852374e+07 3.413363e+06 
2.318626e+02 4.934460e+07 3.814935e+06 
2.679358e+02 5.628819e+07 3.011791e+06 
2.417818e+02 4.698104e+07 4.417293e+06 
2.474499e+02 4.627755e+07 4.015721e+06 
2.650332e+02 4.554553e+07 4.015721e+06 
2.462961e+02 4.635368e+07 4.216507e+06 
2.564771e+02 4.576206e+07 4.015721e+06 
2.308548e+02 4.784819e+07 4.015721e+06 
2.732821e+02 5.458135e+07 3.011791e+06 
2.372432e+02 4.746587e+07 4.417293e+06 
2.754507e+02 4.509594e+07 4.216507e+06 
2.338835e+02 4.861329e+07 3.614149e+06 
2.324890e+02 4.845525e+07 3.814935e+06 
2.435037e+02 4.635647e+07 4.216507e+06 
2.262093e+02 4.841513e+07 4.417293e+06 
2.356552e+02 4.777740e+07 3.814935e+06 
2.404196e+02 4.715013e+07 3.413363e+06 
2.329371e+02 4.786457e+07 4.015721e+06 
2.449092e+02 4.658127e+07 4.216507e+06 
2.307000e+02 4.803283e+07 4.216507e+06 
2.536303e+02 4.579821e+07 4.015721e+06 
2.575516e+02 4.590279e+07 4.015721e+06 
2.503449e+02 4.710783e+07 3.413363e+06 
2.306787e+02 4.811766e+07 4.417293e+06 
2.687371e+02 5.528021e+07 3.011791e+06 
2.331504e+02 4.829852e+07 3.814935e+06 
2.673374e+02 5.578159e+07 3.011791e+06 
2.515249e+02 4.696673e+07 3.413363e+06 
2.273809e+02 4.967754e+07 4.216507e+06 
2.435241e+02 4.663860e+07 4.015721e+06 
2.661642e+02 5.611383e+07 3.011791e+06 
2.330920e+02 4.781252e+07 4.216507e+06 
2.332361e+02 4.912307e+07 3.614149e+06 
2.421166e+02 4.650677e+07 4.015721e+06 
2.288758e+02 4.901411e+07 4.417293e+06 
2.307761e+02 4.793239e+07 4.015721e+06 
2.418574e+02 4.689616e+07 4.015721e+06 
2.314884e+02 4.901926e+07 3.814935e+06 
2.375026e+02 4.727570e+07 4.216507e+06 
2.364302e+02 4.817610e+07 3.413363e+06 
2.386599e+02 4.718882e+07 4.015721e+06 
2.364855e+02 4.739329e+07 3.413363e+06 
2.538907e+02 4.625883e+07 4.216507e+06 
2.654458e+02 5.410265e+07 3.212577e+06 
2.463150e+02 4.613688e+07 4.015721e+06 
2.464022e+02 4.713233e+07 3.413363e+06 
2.356511e+02 4.731144e+07 4.015721e+06 
2.556534e+02 4.593924e+07 4.216507e+06 
2.279521e+02 4.893366e+07 4.015721e+06 
2.472296e+02 4.631260e+07 4.015721e+06 
2.386425e+02 4.684306e+07 4.015721e+06 
2.304820e+02 4.822150e+07 4.216507e+06 
2.475049e+02 4.703886e+07 3.413363e+06 
2.302294e+02 4.817582e+07 4.417293e+06 
2.523846e+02 4.606469e+07 4.015721e+06 
2.347105e+02 4.782695e+07 4.015721e+06 
2.555972e+02 4.622038e+07 4.417293e+06 
2.713817e+02 4.517404e+07 4.015721e+06 
2.625383e+02 4.563340e+07 4.015721e+06 
2.307988e+02 4.802956e+07 4.015721e+06 
2.378910e+02 4.791200e+07 3.413363e+06 
2.618532e+02 4.560393e+07 4.216507e+06 
2.645390e+02 5.372661e+07 3.212577e+06 
2.525887e+02 4.598960e+07 4.015721e+06 
2.705786e+02 5.425730e+07 3.011791e+06 
2.365657e+02 4.715050e+07 4.216507e+06 
2.344294e+02 4.798817e+07 3.814935e+06 
2.640421e+02 4.549922e+07 4.216507e+06 
2.291030e+02 4.826860e+07 4.015721e+06 
2.313962e+02 4.797108e+07 4.015721e+06 
2.587257e+02 4.578408e+07 4.216507e+06 
2.645705e+02 4.501020e+07 4.015721e+06 
2.335412e+02 4.923970e+07 3.614149e+06 
2.634183e+02 4.564658e+07 4.015721e+06 
2.562791e+02 4.589773e+07 4.216507e+06 
2.696481e+02 5.465079e+07 3.011791e+06 
2.448708e+02 4.714979e+07 3.413363e+06 
2.273225e+02 4.922216e+07 4.618079e+06 
2.398493e+02 4.763052e+07 3.614149e+06 
2.457570e+02 4.665947e+07 3.614149e+06 
2.511647e+02 4.607225e+07 4.216507e+06 
2.654593e+02 4.523665e+07 4.015721e+06 
2.607173e+02 4.555213e+07 4.216507e+06 
2.424993e+02 4.676959e+07 4.216507e+06 

2.367343e+02 4.599420e+07 2.811005e+06 
2.403446e+02 4.570483e+07 2.604280e+06 
2.348956e+02 4.609097e+07 3.212577e+06 
2.403969e+02 4.547374e+07 2.811005e+06 
2.339629e+02 4.641208e+07 2.700734e+06 
2.478137e+02 4.462635e+07 2.700734e+06 
2.310142e+02 4.793157e+07 4.015721e+06 
2.337759e+02 4.661451e+07 3.212577e+06 
2.296964e+02 4.960184e+07 4.417293e+06 
2.413415e+02 4.525064e+07 2.604280e+06 
2.357517e+02 4.607019e+07 3.212577e+06 
2.528298e+02 4.456824e+07 2.604280e+06 
2.323650e+02 4.698079e+07 3.614149e+06 
2.564968e+02 4.538336e+07 2.411370e+06 
2.338384e+02 4.641217e+07 3.011791e+06 
2.421256e+02 4.497042e+07 2.604280e+06 
2.457937e+02 4.520104e+07 2.507825e+06 
2.411758e+02 4.502711e+07 2.604280e+06 
2.296907e+02 4.914450e+07 4.818865e+06 
2.569288e+02 4.461334e+07 2.604280e+06 
2.295559e+02 4.818011e+07 4.417293e+06 
2.393128e+02 4.564702e+07 2.700734e+06 
2.290394e+02 4.973192e+07 4.818865e+06 
2.542218e+02 4.452406e+07 2.604280e+06 
2.300521e+02 4.903822e+07 4.618079e+06 
2.300496e+02 4.840972e+07 4.216507e+06 
2.527189e+02 4.460061e+07 2.610219e+06 
2.340740e+02 4.681232e+07 3.011791e+06 
2.392242e+02 4.561576e+07 2.610219e+06 
2.334348e+02 4.701355e+07 3.212577e+06 
2.436836e+02 4.480790e+07 2.604280e+06 
2.465456e+02 4.482467e+07 2.507825e+06 
2.289070e+02 4.933734e+07 4.618079e+06 
2.482627e+02 4.467491e+07 2.610219e+06 
2.286592e+02 5.108955e+07 5.421223e+06 
2.387581e+02 4.566971e+07 2.811005e+06 
2.498186e+02 4.483530e+07 2.507825e+06 
2.378732e+02 4.578192e+07 2.700734e+06 
2.681004e+02 4.539235e+07 2.411370e+06 
2.342878e+02 4.611094e+07 3.011791e+06 
2.539630e+02 4.472921e+07 2.507825e+06 
2.309024e+02 4.839193e+07 4.417293e+06 
2.501444e+02 4.460752e+07 2.610219e+06 
2.407383e+02 4.559698e+07 3.011791e+06 
2.409365e+02 4.540532e+07 2.811005e+06 
2.471100e+02 4.476728e+07 2.610219e+06 
2.442645e+02 4.486774e+07 2.610219e+06 
2.476856e+02 4.502475e+07 2.507825e+06 
2.433444e+02 4.501031e+07 2.604280e+06 
2.292961e+02 4.896919e+07 4.618079e+06 
2.502645e+02 4.461470e+07 2.604280e+06 
2.374620e+02 4.598251e+07 3.413363e+06 
2.317996e+02 4.744747e+07 3.814935e+06 
2.352889e+02 4.652485e+07 2.811005e+06 
2.551751e+02 4.459228e+07 2.610219e+06 
2.502955e+02 4.556599e+07 2.411370e+06 
2.424035e+02 4.507276e+07 2.604280e+06 
2.466566e+02 4.535022e+07 2.507825e+06 
2.370106e+02 4.582828e+07 2.811005e+06 
2.563215e+02 4.641527e+07 2.411370e+06 
2.329807e+02 4.766699e+07 3.413363e+06 
2.320901e+02 4.708541e+07 3.814935e+06 
2.343596e+02 4.619115e+07 3.011791e+06 
2.328977e+02 4.661438e+07 3.614149e+06 
2.382940e+02 4.594352e+07 2.811005e+06 
2.548417e+02 4.457408e+07 2.811005e+06 
2.285918e+02 4.976825e+07 4.818865e+06 
2.309649e+02 4.886635e+07 4.216507e+06 
2.309199e+02 4.699957e+07 3.614149e+06 
2.427588e+02 4.501193e+07 2.610219e+06 
2.313168e+02 4.756545e+07 3.614149e+06 
2.457859e+02 4.574190e+07 2.507825e+06 
2.328861e+02 4.667214e+07 3.011791e+06 
2.332021e+02 4.628915e+07 3.614149e+06 
2.315402e+02 4.677801e+07 3.614149e+06 
2.332424e+02 4.654174e+07 3.413363e+06 
2.369965e+02 4.608735e+07 2.700734e+06 
2.332211e+02 4.624907e+07 3.212577e+06 
2.387992e+02 4.563330e+07 3.413363e+06 
2.449580e+02 4.454324e+07 2.610219e+06 
2.400102e+02 4.647631e+07 2.610219e+06 
2.312087e+02 4.746616e+07 4.015721e+06 
2.412864e+02 4.531001e+07 2.610219e+06 
2.327838e+02 4.665506e+07 3.614149e+06 
2.579304e+02 4.541954e+07 2.411370e+06 
2.353497e+02 4.610667e+07 2.811005e+06 
2.458057e+02 4.593980e+07 2.507825e+06 
2.330873e+02 4.671255e+07 3.814935e+06 
2.353118e+02 4.617008e+07 2.811005e+06 
2.313028e+02 4.801929e+07 3.814935e+06 
2.563896e+02 4.555217e+07 2.411370e+06 
2.498699e+02 4.470815e+07 2.507825e+06 
2.412038e+02 4.556104e+07 3.011791e+06 
2.484143e+02 4.473593e+07 2.507825e+06 
2.377066e+02 4.600844e+07 2.700734e+06 
2.349638e+02 4.589578e+07 2.700734e+06 
2.459307e+02 4.561480e+07 2.507825e+06 
2.304890e+02 4.891356e+07 4.417293e+06 
2.401021e+02 4.564290e+07 2.604280e+06 
2.305722e+02 4.878221e+07 4.618079e+06 

2.358764e+02 4.432302e+07 3.413363e+06 
2.368553e+02 4.395626e+07 3.011791e+06 
2.294962e+02 4.534510e+07 3.814935e+06 
2.353514e+02 4.468682e+07 3.212577e+06 
2.288800e+02 4.586145e+07 4.015721e+06 
2.293853e+02 4.556661e+07 3.614149e+06 
2.330769e+02 4.502116e+07 3.614149e+06 
2.264571e+02 4.661730e+07 4.417293e+06 
2.711806e+02 4.266512e+07 2.811005e+06 
2.372442e+02 4.410561e+07 3.212577e+06 
2.284761e+02 4.593757e+07 4.015721e+06 
2.512626e+02 4.309984e+07 3.011791e+06 
2.333595e+02 4.485497e+07 3.413363e+06 
2.600106e+02 5.065897e+07 2.797189e+06 
2.363962e+02 4.408777e+07 3.212577e+06 
2.595601e+02 4.313426e+07 2.811005e+06 
2.405852e+02 4.395138e+07 3.011791e+06 
2.324535e+02 4.526006e+07 3.413363e+06 
2.412464e+02 4.320344e+07 3.011791e+06 
2.402292e+02 4.373033e+07 2.811005e+06 
2.531885e+02 4.339712e+07 2.811005e+06 
2.584136e+02 4.317698e+07 2.811005e+06 
2.718466e+02 4.285060e+07 2.811005e+06 
2.296261e+02 4.536216e+07 3.814935e+06 
2.451829e+02 4.351723e+07 2.811005e+06 
2.277538e+02 4.629362e+07 4.618079e+06 
2.344337e+02 4.484934e+07 4.015721e+06 
2.390063e+02 4.449189e+07 2.811005e+06 
2.549440e+02 4.326789e+07 3.011791e+06 
2.257904e+02 4.695293e+07 4.417293e+06 
2.615824e+02 4.306413e+07 2.811005e+06 
2.622563e+02 4.293144e+07 2.811005e+06 
2.346945e+02 4.465450e+07 3.413363e+06 
2.289165e+02 4.599191e+07 3.814935e+06 
2.342321e+02 4.432620e+07 3.614149e+06 
2.279608e+02 4.613999e+07 4.417293e+06 
2.282395e+02 4.653388e+07 4.015721e+06 
2.400440e+02 4.403052e+07 3.212577e+06 
2.637028e+02 4.901604e+07 2.797189e+06 
2.531959e+02 4.340211e+07 2.811005e+06 
2.347024e+02 4.542696e+07 3.011791e+06 
2.278051e+02 4.841022e+07 4.216507e+06 
2.361721e+02 4.399915e+07 3.413363e+06 
2.535775e+02 4.315047e+07 2.811005e+06 
2.252061e+02 4.673658e+07 4.618079e+06 
2.378658e+02 4.468166e+07 2.811005e+06 
2.291788e+02 4.598989e+07 4.015721e+06 
2.377954e+02 4.529673e+07 2.811005e+06 
2.451728e+02 4.342621e+07 3.011791e+06 
2.613174e+02 4.313949e+07 3.011791e+06 
2.305346e+02 4.529761e+07 3.614149e+06 
2.414875e+02 4.344379e+07 3.212577e+06 
2.542337e+02 4.329950e+07 2.811005e+06 
2.295236e+02 4.560135e+07 4.015721e+06 
2.251887e+02 4.832374e+07 5.019651e+06 
2.330851e+02 4.502523e+07 3.614149e+06 
2.356702e+02 4.445342e+07 3.614149e+06 
2.535810e+02 4.334500e+07 3.011791e+06 
2.435960e+02 4.369008e+07 2.811005e+06 
2.556814e+02 4.323529e+07 2.811005e+06 
2.352874e+02 4.460367e+07 3.614149e+06 
2.266783e+02 4.659726e+07 4.417293e+06 
2.722759e+02 4.332869e+07 3.011791e+06 
2.245990e+02 4.803318e+07 5.019651e+06 
2.254291e+02 4.747486e+07 4.818865e+06 
2.376365e+02 4.407726e+07 3.413363e+06 
2.394114e+02 4.376602e+07 3.212577e+06 
2.281909e+02 4.650221e+07 4.015721e+06 
2.424473e+02 4.353817e+07 2.811005e+06 
2.386902e+02 4.463452e+07 2.811005e+06 
2.321225e+02 4.530120e+07 3.614149e+06 
2.392412e+02 4.404205e+07 3.413363e+06 
2.279952e+02 4.617482e+07 4.216507e+06 
2.370683e+02 4.474245e+07 2.811005e+06 
2.321952e+02 4.521831e+07 3.814935e+06 
2.253694e+02 4.643224e+07 4.417293e+06 
2.339865e+02 4.484749e+07 3.814935e+06 
2.268450e+02 4.638995e+07 4.417293e+06 
2.322555e+02 4.492774e+07 3.814935e+06 
2.496264e+02 4.351249e+07 2.811005e+06 
2.341876e+02 4.505150e+07 3.011791e+06 
2.322206e+02 4.489250e+07 3.814935e+06 
2.358571e+02 4.413275e+07 3.413363e+06 
2.365844e+02 4.419390e+07 3.614149e+06 
2.363006e+02 4.422833e+07 3.413363e+06 
2.304397e+02 4.630204e+07 3.614149e+06 
2.323003e+02 4.509326e+07 3.413363e+06 
2.514194e+02 4.351110e+07 2.811005e+06 
2.521756e+02 4.343793e+07 2.811005e+06 
2.320849e+02 4.560448e+07 3.413363e+06 
2.318884e+02 4.625451e+07 3.413363e+06 
2.277464e+02 4.875143e+07 4.216507e+06 
2.281792e+02 4.591189e+07 4.216507e+06 
2.288438e+02 4.627565e+07 4.417293e+06 
2.280466e+02 4.644944e+07 4.216507e+06 
2.407466e+02 4.374958e+07 3.011791e+06 
2.346769e+02 4.459662e+07 3.413363e+06 
2.344276e+02 4.432334e+07 3.814935e+06 
2.622968e+02 4.295574e+07 2.811005e+06 
2.371450e+02 4.464692e+07 2.811005e+06 

