7.773950e+03 3.119492e+07 1.133115e+06 
9.510100e+03 3.690915e+07 8.585176e+05 
6.551200e+03 2.698017e+07 2.213108e+06 
7.007050e+03 2.857942e+07 1.532152e+06 
7.574300e+03 3.114415e+07 1.208656e+06 
7.144700e+03 3.038677e+07 1.361913e+06 
7.700700e+03 3.193040e+07 1.361913e+06 
9.562150e+03 3.688817e+07 8.511955e+05 
8.560700e+03 3.458727e+07 9.345320e+05 
6.936450e+03 2.799886e+07 1.617271e+06 
8.234450e+03 3.295058e+07 1.057574e+06 
8.552100e+03 3.466540e+07 1.021435e+06 
9.598800e+03 3.684958e+07 8.721289e+05 
7.011000e+03 2.848565e+07 1.532152e+06 
6.872500e+03 2.766638e+07 1.702391e+06 
8.328300e+03 3.312801e+07 9.514126e+05 
7.218700e+03 2.916744e+07 1.435279e+06 
7.853400e+03 3.192924e+07 1.057574e+06 
8.604800e+03 3.473874e+07 9.064920e+05 
7.132300e+03 2.894999e+07 1.447032e+06 
6.574350e+03 2.691991e+07 1.872630e+06 
8.015800e+03 3.255289e+07 1.159753e+06 
9.681300e+03 3.726989e+07 8.501059e+05 
6.899300e+03 2.838757e+07 1.617271e+06 
9.501350e+03 3.641783e+07 8.721289e+05 
9.268700e+03 3.578649e+07 8.937553e+05 
6.316150e+03 2.586756e+07 2.213108e+06 
7.553700e+03 3.097601e+07 1.276793e+06 
7.992900e+03 3.173547e+07 1.021435e+06 
7.086400e+03 2.899796e+07 1.447032e+06 
7.025550e+03 2.953255e+07 1.447032e+06 
6.214900e+03 2.536226e+07 2.468467e+06 
8.774050e+03 3.555787e+07 8.987604e+05 
8.567200e+03 3.456076e+07 9.363151e+05 
8.294900e+03 3.269154e+07 9.690314e+05 
6.368400e+03 2.602049e+07 2.298228e+06 
8.527200e+03 3.461960e+07 9.249854e+05 
8.601750e+03 3.447369e+07 9.143481e+05 
7.851550e+03 3.157386e+07 1.361913e+06 
9.300850e+03 3.591131e+07 8.853436e+05 
7.425700e+03 3.050203e+07 1.284197e+06 
8.617700e+03 3.473415e+07 9.043945e+05 
6.429000e+03 2.642410e+07 2.127989e+06 
7.718850e+03 3.110199e+07 1.191674e+06 
8.283000e+03 3.298064e+07 9.690314e+05 
8.601100e+03 3.450362e+07 9.363151e+05 
6.853950e+03 2.832511e+07 1.702391e+06 
6.929750e+03 2.821912e+07 1.617271e+06 
7.024500e+03 2.886394e+07 1.702391e+06 
8.044050e+03 3.251603e+07 9.820330e+05 
8.113400e+03 3.228362e+07 9.820330e+05 
7.160500e+03 2.932023e+07 1.435279e+06 
8.098900e+03 3.195655e+07 1.191674e+06 
6.212000e+03 2.529807e+07 2.468467e+06 
8.552150e+03 3.481049e+07 9.064920e+05 
7.428800e+03 3.037143e+07 1.284197e+06 
9.460150e+03 3.667932e+07 8.721289e+05 
7.815350e+03 3.138281e+07 1.106554e+06 
6.213700e+03 2.529687e+07 2.468467e+06 
7.887700e+03 3.167413e+07 1.057574e+06 
6.323100e+03 2.577731e+07 2.213108e+06 
7.159550e+03 3.042450e+07 1.532152e+06 
6.204650e+03 2.544075e+07 2.553587e+06 
7.404700e+03 2.989251e+07 1.359738e+06 
6.288700e+03 2.585421e+07 2.383347e+06 
7.875250e+03 3.178014e+07 1.057574e+06 
7.204900e+03 2.942542e+07 1.361913e+06 
7.150850e+03 2.999029e+07 1.361913e+06 
7.958650e+03 3.227953e+07 1.021435e+06 
7.182650e+03 2.956094e+07 1.532152e+06 
6.287400e+03 2.563006e+07 2.298228e+06 
7.069950e+03 2.886287e+07 1.500231e+06 
6.585700e+03 2.748805e+07 1.957750e+06 
6.242000e+03 2.551502e+07 2.383347e+06 
6.242500e+03 2.544906e+07 2.383347e+06 
7.215950e+03 2.931199e+07 1.435279e+06 
6.615450e+03 2.799111e+07 1.787511e+06 
6.651750e+03 2.759196e+07 1.787511e+06 
6.262850e+03 2.564248e+07 2.298228e+06 
7.760000e+03 3.144442e+07 1.133115e+06 
6.670900e+03 2.766480e+07 1.872630e+06 
6.302050e+03 2.557771e+07 2.298228e+06 
7.133200e+03 2.912690e+07 1.617271e+06 
6.822100e+03 2.758726e+07 1.787511e+06 
6.315950e+03 2.596005e+07 2.213108e+06 
6.301650e+03 2.560799e+07 2.298228e+06 
7.679100e+03 3.197029e+07 1.191674e+06 
6.350500e+03 2.634404e+07 2.298228e+06 
7.321200e+03 2.990350e+07 1.359738e+06 
6.534200e+03 2.706247e+07 1.872630e+06 
7.981050e+03 3.208883e+07 1.021435e+06 
8.611300e+03 3.497951e+07 9.043945e+05 
6.424250e+03 2.649293e+07 2.127989e+06 
8.517700e+03 3.477469e+07 9.363151e+05 
7.152400e+03 2.951417e+07 1.435279e+06 
8.095850e+03 3.250102e+07 9.926605e+05 
6.488650e+03 2.663469e+07 1.957750e+06 
7.216050e+03 2.966300e+07 1.447032e+06 
7.231600e+03 2.928929e+07 1.415112e+06 
6.874800e+03 2.814021e+07 1.787511e+06 

7.646750e+03 3.211431e+07 9.524178e+05 
7.454500e+03 3.162623e+07 1.276793e+06 
8.229000e+03 3.315846e+07 9.064920e+05 
7.760400e+03 3.266770e+07 9.166462e+05 
6.418750e+03 2.594577e+07 2.298228e+06 
7.432250e+03 3.178047e+07 1.106554e+06 
8.395450e+03 3.540396e+07 8.511955e+05 
7.609050e+03 3.229977e+07 9.820330e+05 
7.358400e+03 3.097496e+07 1.191674e+06 
6.347750e+03 2.601855e+07 2.383347e+06 
7.547100e+03 3.166529e+07 1.021435e+06 
6.453750e+03 2.668011e+07 2.127989e+06 
6.551400e+03 2.690624e+07 1.957750e+06 
6.369550e+03 2.612983e+07 2.213108e+06 
7.691000e+03 3.234527e+07 9.382001e+05 
6.485250e+03 2.624537e+07 2.298228e+06 
7.765050e+03 3.204069e+07 9.881893e+05 
7.468400e+03 3.157011e+07 1.057574e+06 
6.334150e+03 2.570775e+07 2.383347e+06 
6.757300e+03 2.782067e+07 1.617271e+06 
7.029850e+03 2.850366e+07 1.447032e+06 
6.868750e+03 2.802277e+07 1.702391e+06 
6.760400e+03 2.759874e+07 1.617271e+06 
7.733850e+03 3.204694e+07 9.881893e+05 
6.545950e+03 2.686003e+07 2.042869e+06 
6.744750e+03 2.782992e+07 1.617271e+06 
6.435200e+03 2.647484e+07 2.042869e+06 
6.919000e+03 2.848332e+07 1.435279e+06 
7.589400e+03 3.161996e+07 1.191674e+06 
6.857500e+03 2.815050e+07 1.617271e+06 
7.444650e+03 3.132775e+07 1.106554e+06 
7.580600e+03 3.210326e+07 9.881893e+05 
7.645950e+03 3.156876e+07 1.057574e+06 
7.324300e+03 3.061655e+07 1.208656e+06 
6.286350e+03 2.580908e+07 2.383347e+06 
7.529950e+03 3.191024e+07 1.208656e+06 
7.050950e+03 2.907472e+07 1.435279e+06 
6.942400e+03 2.854300e+07 1.361913e+06 
6.256550e+03 2.555382e+07 2.553587e+06 
7.398500e+03 3.040891e+07 1.208656e+06 
6.670600e+03 2.730805e+07 1.702391e+06 
6.461200e+03 2.636237e+07 2.298228e+06 
6.987050e+03 2.883660e+07 1.447032e+06 
6.429300e+03 2.648309e+07 2.042869e+06 
6.737150e+03 2.803958e+07 1.532152e+06 
8.749650e+03 3.521363e+07 8.309510e+05 
7.656250e+03 3.234706e+07 9.363151e+05 
6.787800e+03 2.777010e+07 1.510820e+06 
7.020050e+03 2.880644e+07 1.359738e+06 
6.807950e+03 2.801738e+07 1.447032e+06 
7.545100e+03 3.225833e+07 1.021435e+06 
6.363350e+03 2.602571e+07 2.298228e+06 
7.322900e+03 3.079088e+07 1.208656e+06 
7.320250e+03 3.012972e+07 1.276793e+06 
6.449950e+03 2.660585e+07 2.213108e+06 
6.254250e+03 2.559995e+07 2.553587e+06 
6.924150e+03 2.841571e+07 1.435279e+06 
6.371600e+03 2.594868e+07 2.298228e+06 
8.518850e+03 3.426686e+07 8.406318e+05 
6.455650e+03 2.639435e+07 2.042869e+06 
7.384150e+03 3.109967e+07 1.133115e+06 
6.434900e+03 2.642782e+07 2.298228e+06 
6.333650e+03 2.613972e+07 2.298228e+06 
6.449850e+03 2.660290e+07 1.957750e+06 
7.177550e+03 2.971898e+07 1.284197e+06 
6.331950e+03 2.618703e+07 2.298228e+06 
6.422950e+03 2.633899e+07 2.127989e+06 
6.518800e+03 2.673964e+07 1.872630e+06 
6.921200e+03 2.845028e+07 1.435279e+06 
7.621500e+03 3.202526e+07 1.106554e+06 
6.271050e+03 2.561190e+07 2.468467e+06 
7.340950e+03 3.072231e+07 1.284197e+06 
6.513650e+03 2.658804e+07 1.957750e+06 
8.391150e+03 3.374179e+07 9.043945e+05 
6.880650e+03 2.808497e+07 1.617271e+06 
6.263200e+03 2.562337e+07 2.553587e+06 
6.756250e+03 2.798859e+07 1.532152e+06 
6.668050e+03 2.750246e+07 1.830070e+06 
6.255100e+03 2.570369e+07 2.553587e+06 
7.653400e+03 3.188243e+07 1.106554e+06 
8.451900e+03 3.545035e+07 8.406318e+05 
6.769100e+03 2.763319e+07 1.532152e+06 
6.724050e+03 2.819485e+07 1.617271e+06 
7.301600e+03 3.044397e+07 1.276793e+06 
7.369100e+03 3.096739e+07 1.191674e+06 
8.424450e+03 3.425694e+07 8.724740e+05 
7.380150e+03 3.008683e+07 1.276793e+06 
6.820900e+03 2.801176e+07 1.447032e+06 
7.651400e+03 3.216170e+07 9.881893e+05 
7.317500e+03 3.021451e+07 1.276793e+06 
7.130800e+03 2.922479e+07 1.359738e+06 
7.225100e+03 3.047300e+07 1.276793e+06 
6.489850e+03 2.631826e+07 2.127989e+06 
6.612400e+03 2.725531e+07 1.872630e+06 
7.316650e+03 3.031066e+07 1.276793e+06 
6.346050e+03 2.613708e+07 2.383347e+06 
6.770100e+03 2.756040e+07 1.532152e+06 
7.510600e+03 3.066565e+07 1.284197e+06 
6.730250e+03 2.795040e+07 1.617271e+06 
7.677750e+03 3.206829e+07 1.023961e+06 

7.519250e+03 3.078463e+07 1.208656e+06 
7.157300e+03 2.924489e+07 1.361913e+06 
7.271300e+03 2.957379e+07 1.276793e+06 
7.196350e+03 2.920189e+07 1.361913e+06 
6.601450e+03 2.736485e+07 1.872630e+06 
7.298450e+03 3.003017e+07 1.361913e+06 
7.765500e+03 3.147063e+07 1.057574e+06 
6.656000e+03 2.746476e+07 1.787511e+06 
6.614150e+03 2.733463e+07 1.872630e+06 
7.748600e+03 3.148567e+07 1.074634e+06 
7.322750e+03 3.073215e+07 1.191674e+06 
6.666850e+03 2.763028e+07 1.957750e+06 
7.414900e+03 3.038638e+07 1.133115e+06 
9.267050e+03 4.102277e+07 8.309510e+05 
7.166800e+03 2.955613e+07 1.359738e+06 
6.689250e+03 2.770781e+07 1.702391e+06 
7.266300e+03 3.028682e+07 1.208656e+06 
6.357800e+03 2.617814e+07 2.127989e+06 
8.005500e+03 3.259400e+07 9.345320e+05 
7.419950e+03 3.013185e+07 1.191674e+06 
9.335150e+03 4.097462e+07 8.309510e+05 
7.405550e+03 3.050351e+07 1.284197e+06 
7.928500e+03 3.223077e+07 9.703035e+05 
7.579700e+03 3.166102e+07 1.057574e+06 
7.694950e+03 3.157893e+07 1.057574e+06 
7.340950e+03 3.086933e+07 1.133115e+06 
6.317450e+03 2.576947e+07 2.298228e+06 
8.043650e+03 3.243881e+07 9.363151e+05 
6.408600e+03 2.611313e+07 2.127989e+06 
7.026450e+03 2.887710e+07 1.510820e+06 
7.840050e+03 3.159271e+07 9.820330e+05 
7.128150e+03 2.966287e+07 1.359738e+06 
7.236250e+03 3.102593e+07 1.359738e+06 
7.308100e+03 2.989971e+07 1.359738e+06 
7.785150e+03 3.154521e+07 1.057574e+06 
6.756250e+03 2.819846e+07 1.787511e+06 
7.787950e+03 3.129381e+07 1.021435e+06 
7.738100e+03 3.156867e+07 1.074634e+06 
8.291800e+03 3.382425e+07 8.406318e+05 
6.874300e+03 2.869997e+07 1.532152e+06 
6.626900e+03 2.729808e+07 1.872630e+06 
8.274800e+03 3.388937e+07 8.406318e+05 
7.134200e+03 3.015017e+07 1.276793e+06 
8.123250e+03 3.375825e+07 1.021435e+06 
6.691000e+03 2.772978e+07 1.617271e+06 
7.145550e+03 2.897109e+07 1.447032e+06 
6.843800e+03 2.887511e+07 1.532152e+06 
7.751200e+03 3.151399e+07 1.057574e+06 
6.237250e+03 2.561962e+07 2.553587e+06 
7.125850e+03 3.020274e+07 1.284197e+06 
6.361700e+03 2.586703e+07 2.213108e+06 
7.131850e+03 2.908188e+07 1.447032e+06 
7.156100e+03 3.013623e+07 1.284197e+06 
7.426250e+03 3.007702e+07 1.208656e+06 
7.355500e+03 3.051568e+07 1.191674e+06 
8.018200e+03 3.275128e+07 8.764034e+05 
6.261300e+03 2.556392e+07 2.383347e+06 
7.132850e+03 2.907848e+07 1.447032e+06 
6.258700e+03 2.559445e+07 2.468467e+06 
6.308550e+03 2.590455e+07 2.298228e+06 
6.554500e+03 2.713025e+07 2.042869e+06 
6.336500e+03 2.591192e+07 2.213108e+06 
7.922050e+03 3.246327e+07 9.703035e+05 
7.834950e+03 3.192408e+07 9.820330e+05 
6.931050e+03 2.889230e+07 1.510820e+06 
7.153600e+03 3.013648e+07 1.284197e+06 
7.928750e+03 3.216421e+07 9.703035e+05 
6.554550e+03 2.702330e+07 1.957750e+06 
7.204600e+03 2.896131e+07 1.447032e+06 
6.535350e+03 2.687818e+07 2.042869e+06 
7.731150e+03 3.171960e+07 1.021435e+06 
7.910250e+03 3.288507e+07 9.363151e+05 
7.967900e+03 3.273584e+07 9.363151e+05 
7.211550e+03 2.926411e+07 1.284197e+06 
6.879500e+03 2.845911e+07 1.532152e+06 
6.887000e+03 2.913639e+07 1.447032e+06 
9.686700e+03 3.993812e+07 8.309510e+05 
7.123400e+03 3.006438e+07 1.359738e+06 
6.904100e+03 2.909489e+07 1.510820e+06 
7.365850e+03 3.037463e+07 1.191674e+06 
7.911800e+03 3.280595e+07 9.064920e+05 
7.940350e+03 3.276276e+07 9.363151e+05 
6.234050e+03 2.566775e+07 2.553587e+06 
7.953700e+03 3.274038e+07 9.363151e+05 
6.241450e+03 2.562782e+07 2.468467e+06 
7.061400e+03 2.979504e+07 1.361913e+06 
8.003700e+03 3.315826e+07 8.511955e+05 
6.920550e+03 2.890164e+07 1.510820e+06 
7.358100e+03 3.027491e+07 1.208656e+06 
6.234100e+03 2.569578e+07 2.553587e+06 
6.256750e+03 2.558313e+07 2.468467e+06 
7.133850e+03 3.016499e+07 1.435279e+06 
6.894550e+03 2.911785e+07 1.435279e+06 
6.723250e+03 2.768010e+07 1.702391e+06 
6.913950e+03 2.849701e+07 1.617271e+06 
7.464650e+03 3.052319e+07 1.106554e+06 
6.380100e+03 2.606867e+07 2.383347e+06 
6.687600e+03 2.782413e+07 1.702391e+06 
7.168550e+03 3.051199e+07 1.208656e+06 
6.533600e+03 2.720302e+07 2.042869e+06 

8.737200e+03 3.676385e+07 9.043945e+05 
8.743650e+03 3.632264e+07 8.764034e+05 
8.293550e+03 3.427953e+07 9.820330e+05 
8.400400e+03 3.502108e+07 9.363151e+05 
8.847250e+03 3.690524e+07 8.764034e+05 
8.762300e+03 3.660162e+07 9.064920e+05 
8.557500e+03 3.520672e+07 9.064920e+05 
8.463700e+03 3.546925e+07 1.021435e+06 
6.434050e+03 2.634945e+07 1.872630e+06 
7.438050e+03 3.192287e+07 1.191674e+06 
6.356600e+03 2.594444e+07 2.213108e+06 
6.152950e+03 2.513594e+07 2.383347e+06 
7.123850e+03 2.915890e+07 1.359738e+06 
7.329200e+03 3.059322e+07 1.208656e+06 
6.147500e+03 2.501719e+07 2.553587e+06 
8.005400e+03 3.428844e+07 9.820330e+05 
6.496050e+03 2.725476e+07 1.617271e+06 
6.492350e+03 2.726735e+07 1.617271e+06 
6.182850e+03 2.510903e+07 2.553587e+06 
7.100550e+03 2.856435e+07 1.361913e+06 
7.789650e+03 3.279347e+07 1.106554e+06 
6.137250e+03 2.520800e+07 2.468467e+06 
8.381950e+03 3.507509e+07 9.363151e+05 
7.190500e+03 2.894377e+07 1.359738e+06 
8.207600e+03 3.237464e+07 1.208656e+06 
7.051250e+03 2.924197e+07 1.447032e+06 
7.174900e+03 2.919012e+07 1.284197e+06 
6.422800e+03 2.659167e+07 1.787511e+06 
6.509950e+03 2.693125e+07 1.617271e+06 
7.770950e+03 3.286863e+07 1.106554e+06 
8.333850e+03 3.277870e+07 1.106554e+06 
7.833350e+03 3.297011e+07 1.057574e+06 
6.153200e+03 2.506335e+07 2.468467e+06 
6.502800e+03 2.717110e+07 1.532152e+06 
7.813750e+03 3.331110e+07 1.057574e+06 
6.604000e+03 2.763779e+07 1.447032e+06 
7.807400e+03 3.388308e+07 1.057574e+06 
6.144900e+03 2.511496e+07 2.553587e+06 
6.534850e+03 2.714614e+07 1.532152e+06 
6.414600e+03 2.642921e+07 1.872630e+06 
7.338700e+03 3.036867e+07 1.208656e+06 
6.466500e+03 2.676933e+07 1.702391e+06 
7.822400e+03 3.304400e+07 1.133115e+06 
6.152150e+03 2.499208e+07 2.553587e+06 
7.837700e+03 3.296480e+07 1.208656e+06 
6.479450e+03 2.647940e+07 1.872630e+06 
6.435800e+03 2.619040e+07 1.957750e+06 
8.451700e+03 3.453018e+07 9.363151e+05 
7.072800e+03 2.921251e+07 1.359738e+06 
6.144650e+03 2.513955e+07 2.468467e+06 
6.138500e+03 2.511635e+07 2.468467e+06 
6.172750e+03 2.503028e+07 2.468467e+06 
6.394800e+03 2.636370e+07 2.127989e+06 
6.475500e+03 2.679501e+07 1.787511e+06 
6.451800e+03 2.677974e+07 1.872630e+06 
6.484300e+03 2.685293e+07 1.702391e+06 
7.719100e+03 3.299903e+07 1.074634e+06 
6.267550e+03 2.576331e+07 2.298228e+06 
7.029200e+03 2.883139e+07 1.361913e+06 
6.441650e+03 2.637638e+07 1.787511e+06 
6.306900e+03 2.567340e+07 2.213108e+06 
6.177950e+03 2.522106e+07 2.383347e+06 
7.910650e+03 3.377986e+07 9.895141e+05 
6.276650e+03 2.568151e+07 2.213108e+06 
6.641550e+03 2.791788e+07 1.435279e+06 
6.197000e+03 2.537388e+07 2.298228e+06 
6.214850e+03 2.519402e+07 2.383347e+06 
6.438800e+03 2.649649e+07 1.787511e+06 
7.816100e+03 3.371215e+07 1.159753e+06 
6.538900e+03 2.734212e+07 1.617271e+06 
7.882900e+03 3.405041e+07 1.021435e+06 
6.604700e+03 2.678958e+07 1.787511e+06 
6.305450e+03 2.566745e+07 2.298228e+06 
8.717750e+03 3.576241e+07 9.820330e+05 
7.168150e+03 2.911094e+07 1.359738e+06 
6.452950e+03 2.627211e+07 1.787511e+06 
6.463350e+03 2.680265e+07 1.702391e+06 
6.567750e+03 2.747451e+07 1.510820e+06 
6.349950e+03 2.632556e+07 2.042869e+06 
6.342850e+03 2.636157e+07 2.042869e+06 
6.231800e+03 2.528967e+07 2.298228e+06 
6.496200e+03 2.704325e+07 1.617271e+06 
6.471800e+03 2.662286e+07 1.702391e+06 
6.350600e+03 2.619384e+07 2.042869e+06 
7.125150e+03 2.945681e+07 1.284197e+06 
6.181550e+03 2.512615e+07 2.383347e+06 
7.547400e+03 3.197571e+07 1.133115e+06 
7.759350e+03 3.306708e+07 1.191674e+06 
7.205550e+03 2.964136e+07 1.359738e+06 
8.478000e+03 3.474899e+07 1.021435e+06 
8.315850e+03 3.426504e+07 9.820330e+05 
6.314450e+03 2.578267e+07 2.127989e+06 
6.390500e+03 2.622061e+07 1.957750e+06 
6.297050e+03 2.593402e+07 2.127989e+06 
6.446950e+03 2.688117e+07 1.702391e+06 
6.361750e+03 2.626153e+07 1.957750e+06 
7.479650e+03 3.188447e+07 1.191674e+06 
7.185100e+03 2.994780e+07 1.276793e+06 
6.409500e+03 2.660326e+07 1.872630e+06 
7.690200e+03 3.320798e+07 1.106554e+06 

7.964300e+03 3.380030e+07 8.585176e+05 
7.744750e+03 3.337099e+07 9.064920e+05 
7.739700e+03 3.337152e+07 9.064920e+05 
7.431000e+03 3.226236e+07 1.021435e+06 
7.148900e+03 2.999543e+07 1.284197e+06 
6.969350e+03 2.941167e+07 1.447032e+06 
6.495750e+03 2.653836e+07 2.042869e+06 
7.239550e+03 3.084930e+07 1.133115e+06 
6.537400e+03 2.670344e+07 2.085429e+06 
6.346450e+03 2.589881e+07 2.298228e+06 
7.016000e+03 2.954830e+07 1.361913e+06 
6.388150e+03 2.579632e+07 2.213108e+06 
7.490600e+03 3.241001e+07 9.820330e+05 
6.713250e+03 2.805271e+07 1.489592e+06 
6.440850e+03 2.716976e+07 2.127989e+06 
7.671450e+03 3.255673e+07 9.363151e+05 
6.408600e+03 2.602027e+07 2.213108e+06 
7.813450e+03 3.325357e+07 9.043945e+05 
6.538250e+03 2.704135e+07 1.787511e+06 
6.513750e+03 2.652169e+07 2.042869e+06 
6.332550e+03 2.586783e+07 2.298228e+06 
6.353550e+03 2.588202e+07 2.298228e+06 
6.372600e+03 2.596948e+07 2.213108e+06 
6.456550e+03 2.701831e+07 1.957750e+06 
7.660250e+03 3.347476e+07 1.021435e+06 
7.542550e+03 3.264448e+07 1.106554e+06 
7.525550e+03 3.278711e+07 1.106554e+06 
7.985450e+03 3.336573e+07 8.764034e+05 
7.114300e+03 3.037584e+07 1.244873e+06 
6.491450e+03 2.664685e+07 2.042869e+06 
6.467450e+03 2.695086e+07 2.127989e+06 
7.617950e+03 3.238476e+07 1.057574e+06 
7.565550e+03 3.235452e+07 9.895141e+05 
8.040600e+03 3.369004e+07 8.511955e+05 
7.640150e+03 3.227870e+07 1.057574e+06 
6.333050e+03 2.586169e+07 2.298228e+06 
7.767700e+03 3.301255e+07 9.064920e+05 
7.171300e+03 3.027731e+07 1.191674e+06 
6.454100e+03 2.688336e+07 2.042869e+06 
7.885150e+03 3.339766e+07 8.724740e+05 
6.556750e+03 2.728163e+07 1.787511e+06 
6.512850e+03 2.713831e+07 1.787511e+06 
6.643950e+03 2.773018e+07 1.617271e+06 
6.500500e+03 2.721424e+07 1.702391e+06 
7.216850e+03 3.044682e+07 1.159753e+06 
7.621800e+03 3.221596e+07 1.021435e+06 
7.745900e+03 3.292871e+07 9.363151e+05 
6.490550e+03 2.699826e+07 1.957750e+06 
6.539850e+03 2.750784e+07 1.702391e+06 
6.340900e+03 2.574119e+07 2.298228e+06 
7.737450e+03 3.259413e+07 9.121750e+05 
7.715750e+03 3.341178e+07 9.064920e+05 
6.285050e+03 2.571747e+07 2.468467e+06 
6.282750e+03 2.570008e+07 2.468467e+06 
6.512150e+03 2.714832e+07 1.702391e+06 
6.299950e+03 2.565510e+07 2.468467e+06 
6.378600e+03 2.584779e+07 2.213108e+06 
6.548550e+03 2.698485e+07 1.787511e+06 
7.969650e+03 3.373287e+07 8.309510e+05 
6.504050e+03 2.682867e+07 1.872630e+06 
6.523700e+03 2.738243e+07 1.617271e+06 
6.705650e+03 2.807326e+07 1.447032e+06 
6.420800e+03 2.609869e+07 2.127989e+06 
7.645950e+03 3.254180e+07 9.788749e+05 
7.244300e+03 3.023707e+07 1.208656e+06 
6.434750e+03 2.698965e+07 2.042869e+06 
6.483150e+03 2.731488e+07 1.872630e+06 
6.919150e+03 2.917275e+07 1.361913e+06 
7.311450e+03 3.139616e+07 1.106554e+06 
6.498550e+03 2.686954e+07 2.042869e+06 
7.823650e+03 3.296332e+07 8.937553e+05 
6.740950e+03 2.850350e+07 1.532152e+06 
7.582950e+03 3.228190e+07 9.820330e+05 
6.546650e+03 2.654950e+07 2.127989e+06 
6.517200e+03 2.663867e+07 1.957750e+06 
6.614600e+03 2.747611e+07 1.510820e+06 
6.951300e+03 2.923076e+07 1.284197e+06 
6.339000e+03 2.574610e+07 2.298228e+06 
6.522900e+03 2.720352e+07 1.957750e+06 
6.492450e+03 2.734228e+07 1.787511e+06 
7.269450e+03 3.152181e+07 1.106554e+06 
6.529000e+03 2.721979e+07 1.532152e+06 
7.708300e+03 3.282929e+07 9.121750e+05 
6.486000e+03 2.733003e+07 1.872630e+06 
6.595150e+03 2.690950e+07 1.872630e+06 
7.043300e+03 2.966002e+07 1.276793e+06 
6.491300e+03 2.685386e+07 2.042869e+06 
6.611950e+03 2.741053e+07 1.702391e+06 
7.153500e+03 3.018332e+07 1.244873e+06 
6.438050e+03 2.594827e+07 2.127989e+06 
6.595700e+03 2.688689e+07 1.787511e+06 
7.390300e+03 3.194275e+07 1.057574e+06 
6.549750e+03 2.714062e+07 1.702391e+06 
7.488550e+03 3.222374e+07 1.021435e+06 
6.517650e+03 2.724216e+07 1.957750e+06 
6.530850e+03 2.673298e+07 1.957750e+06 
6.325150e+03 2.578280e+07 2.383347e+06 
6.490850e+03 2.707982e+07 1.872630e+06 
7.224950e+03 3.058424e+07 1.244873e+06 
6.371000e+03 2.603312e+07 2.213108e+06 

