3.014957e+02 5.698751e+07 5.232670e+06 
3.245660e+02 5.626623e+07 5.015648e+06 
3.163142e+02 5.312105e+07 6.269560e+06 
3.510449e+02 5.261910e+07 5.811399e+06 
2.783346e+02 5.490060e+07 6.269560e+06 
2.588730e+02 5.707606e+07 6.197218e+06 
3.277557e+02 5.776954e+07 4.726283e+06 
3.264236e+02 5.352298e+07 5.690831e+06 
3.028110e+02 5.352152e+07 6.269560e+06 
2.749669e+02 5.491192e+07 6.583038e+06 
3.383874e+02 5.525134e+07 5.208557e+06 
3.101407e+02 5.506159e+07 5.497922e+06 
2.926409e+02 5.437383e+07 6.100764e+06 
3.503435e+02 5.277153e+07 6.004309e+06 
3.093732e+02 5.358768e+07 6.100764e+06 
3.608225e+02 5.226339e+07 5.811399e+06 
2.858535e+02 5.432145e+07 6.462470e+06 
2.316213e+02 5.671238e+07 6.679492e+06 
3.394232e+02 5.284282e+07 6.100764e+06 
2.528948e+02 5.611545e+07 6.486583e+06 
3.451905e+02 5.709489e+07 4.533374e+06 
2.088588e+02 5.816221e+07 6.679492e+06 
2.662468e+02 5.549540e+07 6.679492e+06 
3.292030e+02 5.414855e+07 5.401467e+06 
3.117416e+02 5.560367e+07 5.305012e+06 
2.868416e+02 5.408593e+07 6.269560e+06 
2.997209e+02 5.549774e+07 5.690831e+06 
3.258390e+02 5.415712e+07 5.497922e+06 
3.344070e+02 5.578255e+07 5.015648e+06 
2.461421e+02 5.647119e+07 6.679492e+06 
3.650694e+02 5.222924e+07 5.811399e+06 
2.332245e+02 5.745605e+07 6.486583e+06 
3.104550e+02 5.314029e+07 6.269560e+06 
2.697322e+02 5.594880e+07 6.197218e+06 
2.773277e+02 5.452380e+07 6.462470e+06 
2.267444e+02 5.794084e+07 6.583038e+06 
3.547467e+02 5.619651e+07 4.436919e+06 
3.115965e+02 5.374386e+07 5.980196e+06 
2.556973e+02 5.741268e+07 6.293673e+06 
3.047599e+02 5.327929e+07 6.269560e+06 
3.762634e+02 5.514864e+07 4.629828e+06 
2.958084e+02 5.378799e+07 6.462470e+06 
2.676343e+02 5.661628e+07 6.100764e+06 
3.632635e+02 5.555882e+07 4.436919e+06 
3.160521e+02 5.445958e+07 5.714944e+06 
3.286377e+02 5.698343e+07 4.629828e+06 
2.218476e+02 5.701356e+07 6.679492e+06 
2.385729e+02 5.651315e+07 6.679492e+06 
3.465649e+02 5.487266e+07 5.305012e+06 
3.226317e+02 5.506938e+07 5.305012e+06 
3.468768e+02 5.279018e+07 5.811399e+06 
2.117415e+02 5.770778e+07 6.679492e+06 
3.650709e+02 5.546553e+07 4.629828e+06 
2.263631e+02 5.691389e+07 6.679492e+06 
3.059260e+02 5.324521e+07 6.390128e+06 
3.418266e+02 5.632449e+07 4.629828e+06 
3.505787e+02 5.323065e+07 5.618490e+06 
3.196834e+02 5.700968e+07 4.919193e+06 
2.742943e+02 5.709349e+07 5.811399e+06 
2.953373e+02 5.728917e+07 5.522035e+06 
2.519293e+02 5.590341e+07 6.679492e+06 
3.534089e+02 5.261245e+07 5.811399e+06 
3.388447e+02 5.284471e+07 6.004309e+06 
3.572936e+02 5.230116e+07 6.004309e+06 
3.113821e+02 5.691901e+07 5.039761e+06 
3.080698e+02 5.484661e+07 5.690831e+06 
2.499656e+02 5.636323e+07 6.679492e+06 
2.830216e+02 5.448014e+07 6.462470e+06 
2.834990e+02 5.717995e+07 5.618490e+06 
2.097646e+02 5.779941e+07 6.679492e+06 
2.413681e+02 5.668526e+07 6.486583e+06 
3.488683e+02 5.572339e+07 4.822738e+06 
3.580877e+02 5.565271e+07 4.629828e+06 
2.138688e+02 5.731203e+07 6.679492e+06 
2.622510e+02 5.802129e+07 6.004309e+06 
2.672443e+02 5.495189e+07 6.679492e+06 
2.634947e+02 5.556015e+07 6.486583e+06 
2.839058e+02 5.616665e+07 5.811399e+06 
3.278548e+02 5.323340e+07 5.883741e+06 
2.511215e+02 5.621861e+07 6.679492e+06 
2.445912e+02 5.746821e+07 6.390128e+06 
2.203386e+02 5.703544e+07 6.679492e+06 
2.122239e+02 5.767071e+07 6.679492e+06 
2.124356e+02 5.750784e+07 6.679492e+06 
2.887334e+02 5.685312e+07 5.618490e+06 
3.011624e+02 5.359699e+07 6.390128e+06 
3.186582e+02 5.676731e+07 5.015648e+06 
3.465038e+02 5.329930e+07 5.594376e+06 
2.568957e+02 5.566565e+07 6.679492e+06 
2.899233e+02 5.393948e+07 6.462470e+06 
2.143666e+02 5.707365e+07 6.679492e+06 
2.937591e+02 5.563881e+07 5.883741e+06 
2.750426e+02 5.565712e+07 6.100764e+06 
3.323775e+02 5.665571e+07 4.629828e+06 
3.214543e+02 5.678320e+07 4.822738e+06 
2.347155e+02 5.660687e+07 6.679492e+06 
2.846489e+02 5.499535e+07 6.076650e+06 
2.570135e+02 5.635493e+07 6.293673e+06 
3.570899e+02 5.238237e+07 5.811399e+06 
2.832811e+02 5.444026e+07 6.462470e+06 

2.786810e+02 5.451414e+07 6.293673e+06 
3.056233e+02 5.568962e+07 5.522035e+06 
2.262838e+02 5.742985e+07 6.583038e+06 
3.395640e+02 5.630536e+07 5.039761e+06 
2.154526e+02 5.734161e+07 6.679492e+06 
3.643786e+02 5.538513e+07 5.136216e+06 
3.213132e+02 5.460548e+07 5.714944e+06 
2.433571e+02 5.745689e+07 6.293673e+06 
3.437672e+02 5.886872e+07 4.171668e+06 
2.915021e+02 5.421749e+07 6.366015e+06 
3.318062e+02 5.281418e+07 6.390128e+06 
3.206209e+02 5.327889e+07 6.390128e+06 
3.582130e+02 5.764814e+07 4.051100e+06 
3.273739e+02 5.289200e+07 6.390128e+06 
3.164895e+02 5.523170e+07 5.329125e+06 
2.623521e+02 5.528152e+07 6.583038e+06 
2.518926e+02 5.557104e+07 6.679492e+06 
2.403693e+02 5.653384e+07 6.679492e+06 
2.642753e+02 5.508792e+07 6.558924e+06 
3.081424e+02 5.334568e+07 6.583038e+06 
2.088588e+02 5.816221e+07 6.679492e+06 
3.442875e+02 5.453495e+07 5.329125e+06 
3.499741e+02 5.577366e+07 4.943306e+06 
3.686505e+02 5.622499e+07 4.653942e+06 
2.853142e+02 5.445975e+07 6.100764e+06 
3.040950e+02 5.494537e+07 5.714944e+06 
2.976560e+02 5.382588e+07 6.100764e+06 
2.571901e+02 5.536413e+07 6.679492e+06 
2.867833e+02 5.515842e+07 5.907854e+06 
2.543107e+02 5.721651e+07 6.100764e+06 
2.685076e+02 5.489496e+07 6.583038e+06 
2.688900e+02 5.528208e+07 6.100764e+06 
2.943355e+02 5.627953e+07 5.618490e+06 
3.301819e+02 5.309817e+07 6.197218e+06 
3.058695e+02 5.707063e+07 5.329125e+06 
3.554577e+02 5.795358e+07 3.954645e+06 
3.488883e+02 5.771560e+07 4.340464e+06 
2.451805e+02 5.747792e+07 6.197218e+06 
3.411092e+02 5.720731e+07 4.629828e+06 
2.627578e+02 5.511122e+07 6.462470e+06 
3.152558e+02 5.882376e+07 5.015648e+06 
3.586954e+02 5.756749e+07 4.436919e+06 
2.371876e+02 5.700457e+07 6.486583e+06 
2.648070e+02 5.492003e+07 6.462470e+06 
2.715527e+02 5.695167e+07 5.907854e+06 
2.194850e+02 5.718005e+07 6.679492e+06 
3.352362e+02 5.919882e+07 4.268122e+06 
2.926215e+02 5.451523e+07 5.907854e+06 
2.896194e+02 5.434059e+07 6.366015e+06 
2.550343e+02 5.578849e+07 6.462470e+06 
2.273512e+02 5.678515e+07 6.679492e+06 
3.038626e+02 5.428077e+07 5.907854e+06 
2.768763e+02 5.457121e+07 6.462470e+06 
2.740204e+02 5.728765e+07 5.811399e+06 
3.179102e+02 5.864744e+07 4.629828e+06 
3.213196e+02 5.312683e+07 6.486583e+06 
3.490707e+02 5.838834e+07 3.954645e+06 
2.741302e+02 5.467736e+07 6.462470e+06 
3.060716e+02 5.776837e+07 5.136216e+06 
2.791366e+02 5.444403e+07 6.462470e+06 
3.592483e+02 5.609447e+07 4.750396e+06 
3.998612e+02 5.488587e+07 4.943306e+06 
2.836470e+02 5.440563e+07 6.462470e+06 
2.953342e+02 5.512484e+07 5.714944e+06 
2.167881e+02 5.719583e+07 6.679492e+06 
3.405490e+02 5.392348e+07 5.522035e+06 
2.731819e+02 5.484161e+07 6.583038e+06 
3.801927e+02 5.550402e+07 4.943306e+06 
3.752486e+02 5.648839e+07 4.557487e+06 
3.097948e+02 5.335056e+07 6.100764e+06 
2.586685e+02 5.783803e+07 5.907854e+06 
3.258121e+02 5.481911e+07 5.522035e+06 
2.924241e+02 5.408746e+07 6.390128e+06 
2.951358e+02 5.399368e+07 6.100764e+06 
2.220549e+02 5.714267e+07 6.679492e+06 
2.148132e+02 5.736636e+07 6.679492e+06 
2.395310e+02 5.661903e+07 6.679492e+06 
3.352639e+02 5.880192e+07 4.364577e+06 
2.777542e+02 5.452348e+07 6.462470e+06 
3.140998e+02 5.718421e+07 5.136216e+06 
3.288152e+02 5.703622e+07 4.943306e+06 
2.338117e+02 5.664006e+07 6.679492e+06 
3.128333e+02 5.589171e+07 5.232670e+06 
3.677095e+02 5.595871e+07 4.846851e+06 
2.480713e+02 5.840757e+07 6.004309e+06 
3.338172e+02 5.669251e+07 4.943306e+06 
2.832259e+02 5.591925e+07 5.714944e+06 
2.128815e+02 5.766205e+07 6.679492e+06 
2.979986e+02 5.721693e+07 5.425580e+06 
2.428067e+02 5.608375e+07 6.679492e+06 
2.480980e+02 5.584973e+07 6.583038e+06 
2.772326e+02 5.454864e+07 6.583038e+06 
2.569016e+02 5.546861e+07 6.583038e+06 
3.439352e+02 5.907823e+07 4.147554e+06 
3.333525e+02 5.822950e+07 4.533374e+06 
3.041952e+02 5.357318e+07 6.293673e+06 
2.614669e+02 5.600463e+07 6.293673e+06 
3.475171e+02 5.324084e+07 5.907854e+06 
2.784568e+02 5.449756e+07 6.462470e+06 
2.902275e+02 5.791517e+07 5.522035e+06 

3.521551e+02 5.455452e+07 5.618490e+06 
3.077850e+02 5.239375e+07 6.462470e+06 
3.776866e+02 5.384966e+07 5.618490e+06 
2.981600e+02 5.294822e+07 6.558924e+06 
4.310968e+02 5.791675e+07 3.689394e+06 
4.245233e+02 5.668190e+07 3.882303e+06 
2.982623e+02 5.325221e+07 6.173105e+06 
2.871662e+02 5.356249e+07 6.583038e+06 
4.065809e+02 5.837252e+07 4.364577e+06 
2.763794e+02 5.433692e+07 6.583038e+06 
3.148262e+02 5.310576e+07 6.076650e+06 
3.177692e+02 5.259982e+07 6.269560e+06 
3.464949e+02 5.235326e+07 6.583038e+06 
2.806895e+02 5.417478e+07 6.679492e+06 
3.762998e+02 5.604749e+07 4.653942e+06 
2.985560e+02 5.634634e+07 5.232670e+06 
2.611353e+02 5.501542e+07 6.679492e+06 
2.865397e+02 5.490316e+07 6.076650e+06 
2.811057e+02 5.388208e+07 6.679492e+06 
4.139848e+02 5.885579e+07 3.882303e+06 
3.062160e+02 5.271106e+07 6.366015e+06 
3.765887e+02 5.420077e+07 5.039761e+06 
2.949065e+02 5.330788e+07 6.583038e+06 
2.088588e+02 5.816221e+07 6.679492e+06 
3.828561e+02 5.487180e+07 4.943306e+06 
2.683070e+02 5.694094e+07 5.907854e+06 
4.587435e+02 5.637870e+07 4.171668e+06 
2.854230e+02 5.432386e+07 6.173105e+06 
3.044435e+02 5.615286e+07 5.425580e+06 
3.474113e+02 5.505711e+07 5.425580e+06 
2.570335e+02 5.534483e+07 6.679492e+06 
2.903211e+02 5.337910e+07 6.583038e+06 
3.915079e+02 5.562668e+07 4.653942e+06 
3.353423e+02 5.240090e+07 6.269560e+06 
2.587164e+02 5.519855e+07 6.679492e+06 
2.436033e+02 5.652854e+07 6.390128e+06 
2.755804e+02 5.449810e+07 6.583038e+06 
3.038622e+02 5.278278e+07 6.462470e+06 
3.225194e+02 5.298643e+07 5.980196e+06 
2.807221e+02 5.736735e+07 5.425580e+06 
4.074420e+02 5.858076e+07 4.171668e+06 
4.673843e+02 5.565046e+07 4.268122e+06 
2.201298e+02 5.769914e+07 6.583038e+06 
2.803786e+02 5.426030e+07 6.462470e+06 
3.735064e+02 5.709364e+07 4.750396e+06 
4.213897e+02 5.766059e+07 3.978758e+06 
4.102905e+02 5.640206e+07 4.461032e+06 
2.710647e+02 5.731193e+07 5.714944e+06 
3.638710e+02 5.401749e+07 5.425580e+06 
2.296975e+02 5.687019e+07 6.679492e+06 
2.748977e+02 5.643309e+07 5.714944e+06 
2.228467e+02 5.689271e+07 6.679492e+06 
2.802824e+02 5.715534e+07 5.522035e+06 
2.363389e+02 5.657019e+07 6.679492e+06 
2.941118e+02 5.754470e+07 5.232670e+06 
2.882931e+02 5.362558e+07 6.269560e+06 
2.391306e+02 5.768065e+07 6.293673e+06 
2.464899e+02 5.607484e+07 6.486583e+06 
2.632306e+02 5.451471e+07 6.679492e+06 
3.008053e+02 5.278595e+07 6.462470e+06 
3.188575e+02 5.442365e+07 5.883741e+06 
3.713276e+02 5.694145e+07 4.943306e+06 
2.705327e+02 5.611221e+07 6.004309e+06 
2.161164e+02 5.734620e+07 6.679492e+06 
2.131555e+02 5.758369e+07 6.679492e+06 
3.590126e+02 5.621106e+07 5.039761e+06 
3.179666e+02 5.713568e+07 5.039761e+06 
2.782270e+02 5.691351e+07 5.618490e+06 
2.335590e+02 5.749336e+07 6.390128e+06 
2.459106e+02 5.768401e+07 6.197218e+06 
2.535529e+02 5.662311e+07 6.197218e+06 
2.868220e+02 5.634663e+07 5.522035e+06 
2.613962e+02 5.551391e+07 6.293673e+06 
2.306808e+02 5.682488e+07 6.679492e+06 
3.302015e+02 5.268482e+07 6.076650e+06 
2.165002e+02 5.722066e+07 6.679492e+06 
2.124258e+02 5.811341e+07 6.679492e+06 
2.292433e+02 5.707948e+07 6.486583e+06 
4.008592e+02 5.555330e+07 4.846851e+06 
2.326777e+02 5.671998e+07 6.679492e+06 
3.039460e+02 5.738473e+07 5.039761e+06 
4.102101e+02 5.748216e+07 4.171668e+06 
2.829101e+02 5.779335e+07 5.329125e+06 
2.496969e+02 5.591367e+07 6.679492e+06 
2.590818e+02 5.517027e+07 6.679492e+06 
3.698936e+02 5.396605e+07 5.425580e+06 
4.197772e+02 5.672918e+07 4.171668e+06 
2.625361e+02 5.472191e+07 6.679492e+06 
2.947977e+02 5.783614e+07 5.039761e+06 
2.958238e+02 5.437028e+07 5.980196e+06 
2.962499e+02 5.302234e+07 6.462470e+06 
2.588681e+02 5.749374e+07 6.004309e+06 
2.443110e+02 5.607521e+07 6.679492e+06 
2.505426e+02 5.538587e+07 6.679492e+06 
2.372469e+02 5.611209e+07 6.679492e+06 
2.205345e+02 5.710978e+07 6.679492e+06 
3.429428e+02 5.504602e+07 5.522035e+06 
2.135404e+02 5.737033e+07 6.679492e+06 
3.629555e+02 5.422660e+07 5.039761e+06 
3.110614e+02 5.558201e+07 5.618490e+06 

2.448380e+02 5.616079e+07 6.583038e+06 
2.735070e+02 5.510465e+07 5.907854e+06 
3.393735e+02 5.573668e+07 5.425580e+06 
2.162272e+02 5.724228e+07 6.679492e+06 
3.128475e+02 5.793559e+07 5.136216e+06 
2.688902e+02 5.484375e+07 6.583038e+06 
2.462962e+02 5.775669e+07 6.197218e+06 
2.686916e+02 5.574155e+07 5.907854e+06 
3.872491e+02 5.778802e+07 4.557487e+06 
3.522634e+02 5.374573e+07 5.811399e+06 
2.841880e+02 5.699829e+07 5.522035e+06 
2.291799e+02 5.680886e+07 6.486583e+06 
2.778613e+02 5.438791e+07 6.679492e+06 
3.827576e+02 5.439037e+07 5.232670e+06 
2.492334e+02 5.558572e+07 6.486583e+06 
3.412934e+02 5.630943e+07 5.232670e+06 
3.014591e+02 5.475313e+07 5.811399e+06 
2.955598e+02 5.617853e+07 5.522035e+06 
3.434525e+02 5.424527e+07 5.714944e+06 
2.643803e+02 5.530704e+07 6.390128e+06 
3.481329e+02 5.567311e+07 5.232670e+06 
2.602300e+02 5.528399e+07 6.679492e+06 
2.891543e+02 5.407170e+07 6.390128e+06 
2.088588e+02 5.816221e+07 6.679492e+06 
2.773683e+02 5.818831e+07 5.522035e+06 
2.774332e+02 5.693380e+07 5.714944e+06 
4.282282e+02 5.401627e+07 5.329125e+06 
2.920349e+02 5.380252e+07 6.390128e+06 
3.004351e+02 5.842306e+07 5.329125e+06 
3.332274e+02 5.398410e+07 5.811399e+06 
3.002788e+02 5.373619e+07 6.197218e+06 
2.557993e+02 5.547588e+07 6.679492e+06 
3.896647e+02 5.712904e+07 4.461032e+06 
3.203239e+02 5.468165e+07 5.714944e+06 
2.976585e+02 5.363669e+07 6.486583e+06 
3.706240e+02 5.518504e+07 5.039761e+06 
4.155590e+02 5.403251e+07 5.232670e+06 
3.778640e+02 5.729982e+07 4.653942e+06 
3.211120e+02 5.430746e+07 5.811399e+06 
3.454164e+02 5.525713e+07 5.425580e+06 
4.011535e+02 5.690363e+07 4.461032e+06 
2.639126e+02 5.637580e+07 6.004309e+06 
3.032472e+02 5.335042e+07 6.197218e+06 
2.741497e+02 5.446720e+07 6.486583e+06 
3.665524e+02 5.405500e+07 5.522035e+06 
2.345422e+02 5.747910e+07 6.293673e+06 
2.831056e+02 5.427031e+07 6.486583e+06 
4.121898e+02 5.462273e+07 5.039761e+06 
2.791944e+02 5.558071e+07 5.811399e+06 
3.932061e+02 5.539183e+07 4.846851e+06 
2.136894e+02 5.734928e+07 6.679492e+06 
3.443193e+02 5.482979e+07 5.618490e+06 
2.721429e+02 5.450495e+07 6.583038e+06 
2.145082e+02 5.728728e+07 6.679492e+06 
3.003518e+02 5.338470e+07 6.390128e+06 
3.575629e+02 5.752961e+07 4.750396e+06 
3.569622e+02 5.683460e+07 4.846851e+06 
2.558511e+02 5.784885e+07 5.907854e+06 
2.273440e+02 5.686985e+07 6.679492e+06 
2.211428e+02 5.696272e+07 6.679492e+06 
3.111998e+02 5.562286e+07 5.618490e+06 
2.774181e+02 5.774097e+07 5.522035e+06 
3.634357e+02 5.581572e+07 4.846851e+06 
3.671183e+02 5.751487e+07 4.653942e+06 
3.014856e+02 5.863861e+07 5.232670e+06 
3.987380e+02 5.655968e+07 4.726283e+06 
2.445578e+02 5.642938e+07 6.293673e+06 
2.337462e+02 5.650585e+07 6.679492e+06 
3.487095e+02 5.596866e+07 5.039761e+06 
2.175274e+02 5.719995e+07 6.679492e+06 
3.743088e+02 5.456626e+07 5.232670e+06 
2.113772e+02 5.756635e+07 6.679492e+06 
4.033916e+02 5.648453e+07 4.750396e+06 
2.797645e+02 5.427235e+07 6.679492e+06 
2.944802e+02 5.775849e+07 5.425580e+06 
3.661005e+02 5.349139e+07 5.714944e+06 
2.622575e+02 5.501836e+07 6.679492e+06 
4.189203e+02 5.376453e+07 5.618490e+06 
2.476843e+02 5.569333e+07 6.583038e+06 
2.930213e+02 5.378204e+07 6.486583e+06 
2.537170e+02 5.555022e+07 6.583038e+06 
2.290988e+02 5.663901e+07 6.679492e+06 
2.119573e+02 5.747925e+07 6.679492e+06 
2.626641e+02 5.725592e+07 5.811399e+06 
2.713105e+02 5.457257e+07 6.583038e+06 
2.679534e+02 5.494956e+07 6.486583e+06 
2.701245e+02 5.478919e+07 6.486583e+06 
4.097855e+02 5.658877e+07 4.461032e+06 
2.181236e+02 5.705004e+07 6.679492e+06 
2.465523e+02 5.747092e+07 6.004309e+06 
2.469695e+02 5.589420e+07 6.679492e+06 
2.343451e+02 5.622577e+07 6.679492e+06 
4.175651e+02 5.386970e+07 5.425580e+06 
2.731755e+02 5.804027e+07 5.714944e+06 
3.527308e+02 5.728256e+07 4.943306e+06 
2.857183e+02 5.456285e+07 6.197218e+06 
3.661456e+02 5.317511e+07 5.907854e+06 
2.542419e+02 5.707908e+07 6.004309e+06 
3.029805e+02 5.415682e+07 6.004309e+06 
3.936098e+02 5.469339e+07 5.039761e+06 

3.092751e+02 5.587181e+07 5.136216e+06 
2.371078e+02 5.646913e+07 6.679492e+06 
2.219292e+02 5.702634e+07 6.679492e+06 
2.679835e+02 5.605162e+07 6.100764e+06 
3.474006e+02 5.657793e+07 4.509260e+06 
3.200542e+02 5.363517e+07 6.004309e+06 
2.423982e+02 5.632343e+07 6.486583e+06 
2.506375e+02 5.635505e+07 6.293673e+06 
2.673908e+02 5.497087e+07 6.486583e+06 
3.768340e+02 5.470348e+07 4.629828e+06 
2.966092e+02 5.444292e+07 6.293673e+06 
3.113158e+02 5.541740e+07 5.305012e+06 
3.030037e+02 5.456577e+07 6.004309e+06 
2.983138e+02 5.508838e+07 5.618490e+06 
3.556073e+02 5.737567e+07 4.436919e+06 
3.673457e+02 5.563020e+07 4.316351e+06 
3.685414e+02 5.344196e+07 5.690831e+06 
2.648479e+02 5.753451e+07 5.907854e+06 
2.744106e+02 5.571159e+07 6.004309e+06 
3.136841e+02 5.615649e+07 5.112102e+06 
3.073292e+02 5.438100e+07 6.100764e+06 
3.381064e+02 5.656037e+07 4.653942e+06 
3.884159e+02 5.382632e+07 4.919193e+06 
2.088588e+02 5.816221e+07 6.679492e+06 
3.736043e+02 5.353938e+07 5.112102e+06 
3.029918e+02 5.621549e+07 5.305012e+06 
2.565886e+02 5.587928e+07 6.293673e+06 
2.755062e+02 5.702518e+07 5.811399e+06 
3.906992e+02 5.283693e+07 5.497922e+06 
3.587037e+02 5.720245e+07 4.316351e+06 
3.719527e+02 5.502646e+07 4.509260e+06 
2.864388e+02 5.654868e+07 5.618490e+06 
3.577570e+02 5.655358e+07 4.436919e+06 
2.839489e+02 5.572552e+07 5.714944e+06 
3.856797e+02 5.473462e+07 4.509260e+06 
3.458824e+02 5.426392e+07 5.015648e+06 
2.946967e+02 5.661381e+07 5.425580e+06 
3.173991e+02 5.686647e+07 5.039761e+06 
2.922390e+02 5.656654e+07 5.522035e+06 
2.591561e+02 5.548995e+07 6.486583e+06 
3.502940e+02 5.344799e+07 5.208557e+06 
2.297978e+02 5.788876e+07 6.486583e+06 
2.654605e+02 5.522098e+07 6.293673e+06 
2.253086e+02 5.699382e+07 6.679492e+06 
4.005318e+02 5.410925e+07 4.702170e+06 
3.227171e+02 5.471634e+07 5.401467e+06 
3.781654e+02 5.322368e+07 5.497922e+06 
3.009269e+02 5.589886e+07 5.401467e+06 
3.284202e+02 5.417140e+07 5.570263e+06 
2.308439e+02 5.813038e+07 6.390128e+06 
2.190068e+02 5.715146e+07 6.679492e+06 
3.964680e+02 5.431940e+07 4.436919e+06 
2.902033e+02 5.480146e+07 6.293673e+06 
3.894317e+02 5.331125e+07 5.305012e+06 
2.210288e+02 5.707556e+07 6.679492e+06 
3.089914e+02 5.668487e+07 5.232670e+06 
4.090781e+02 5.404273e+07 4.316351e+06 
3.736146e+02 5.539782e+07 4.219896e+06 
3.122453e+02 5.431687e+07 6.100764e+06 
2.814611e+02 5.700748e+07 5.714944e+06 
3.461156e+02 5.598489e+07 4.629828e+06 
2.481484e+02 5.550867e+07 6.679492e+06 
2.318967e+02 5.672980e+07 6.679492e+06 
2.564011e+02 5.677908e+07 6.100764e+06 
2.271261e+02 5.693865e+07 6.679492e+06 
2.409311e+02 5.814367e+07 6.100764e+06 
3.085603e+02 5.484321e+07 5.811399e+06 
3.089799e+02 5.433770e+07 6.100764e+06 
2.405878e+02 5.798091e+07 6.293673e+06 
3.291914e+02 5.636015e+07 4.846851e+06 
2.215088e+02 5.702882e+07 6.679492e+06 
2.614877e+02 5.717853e+07 6.004309e+06 
2.130911e+02 5.742028e+07 6.679492e+06 
3.420160e+02 5.407214e+07 5.208557e+06 
3.467171e+02 5.471078e+07 4.822738e+06 
3.608281e+02 5.532309e+07 4.509260e+06 
2.192313e+02 5.712994e+07 6.679492e+06 
2.118523e+02 5.760386e+07 6.679492e+06 
3.318823e+02 5.506000e+07 4.919193e+06 
3.255931e+02 5.429737e+07 5.690831e+06 
3.380067e+02 5.466981e+07 5.015648e+06 
3.188886e+02 5.596763e+07 4.919193e+06 
3.513494e+02 5.378763e+07 5.015648e+06 
3.413032e+02 5.673492e+07 4.605715e+06 
3.605373e+02 5.694987e+07 4.219896e+06 
2.319622e+02 5.650535e+07 6.679492e+06 
3.428858e+02 5.579951e+07 4.702170e+06 
2.472847e+02 5.753507e+07 6.100764e+06 
2.161326e+02 5.728339e+07 6.679492e+06 
3.358621e+02 5.374837e+07 5.280899e+06 
3.281074e+02 5.682036e+07 4.726283e+06 
2.798407e+02 5.535917e+07 6.100764e+06 
3.068577e+02 5.442166e+07 6.486583e+06 
2.361764e+02 5.702401e+07 6.486583e+06 
3.568849e+02 5.700807e+07 4.412806e+06 
2.468056e+02 5.587432e+07 6.486583e+06 
2.420979e+02 5.716011e+07 6.293673e+06 
3.820460e+02 5.517780e+07 4.244009e+06 
2.213560e+02 5.745884e+07 6.583038e+06 
2.149110e+02 5.731633e+07 6.679492e+06 

2.943349e+02 5.352355e+07 6.679492e+06 
2.804361e+02 5.708370e+07 5.714944e+06 
2.680021e+02 5.486822e+07 6.679492e+06 
2.398882e+02 5.606893e+07 6.679492e+06 
3.168150e+02 5.400334e+07 5.907854e+06 
3.546687e+02 5.328457e+07 5.714944e+06 
2.187974e+02 5.697858e+07 6.679492e+06 
2.448445e+02 5.790320e+07 6.100764e+06 
3.163567e+02 5.301809e+07 6.293673e+06 
2.549852e+02 5.538548e+07 6.679492e+06 
3.175250e+02 5.255711e+07 6.679492e+06 
3.096907e+02 5.300286e+07 6.486583e+06 
3.781385e+02 5.373738e+07 5.425580e+06 
2.379574e+02 5.616008e+07 6.679492e+06 
2.534244e+02 5.821193e+07 5.907854e+06 
3.425983e+02 5.294316e+07 5.907854e+06 
2.888940e+02 5.639221e+07 5.714944e+06 
3.284386e+02 5.567188e+07 5.112102e+06 
3.509411e+02 5.644245e+07 4.943306e+06 
2.242523e+02 5.746446e+07 6.583038e+06 
2.811646e+02 5.401341e+07 6.679492e+06 
3.124575e+02 5.296521e+07 6.679492e+06 
3.106085e+02 5.594670e+07 5.305012e+06 
2.703972e+02 5.546041e+07 6.293673e+06 
2.881090e+02 5.393336e+07 6.583038e+06 
3.151754e+02 5.480141e+07 5.594376e+06 
2.669452e+02 5.496442e+07 6.679492e+06 
2.088588e+02 5.816221e+07 6.679492e+06 
3.455709e+02 5.810413e+07 4.461032e+06 
2.830911e+02 5.459164e+07 6.293673e+06 
3.231407e+02 5.457445e+07 5.522035e+06 
2.944929e+02 5.336953e+07 6.583038e+06 
3.166933e+02 5.537192e+07 5.305012e+06 
2.530535e+02 5.551472e+07 6.679492e+06 
3.764601e+02 5.600500e+07 5.039761e+06 
2.776316e+02 5.415360e+07 6.583038e+06 
3.010747e+02 5.534619e+07 5.714944e+06 
2.405957e+02 5.732891e+07 6.197218e+06 
3.419541e+02 5.399070e+07 5.329125e+06 
2.457184e+02 5.564135e+07 6.679492e+06 
2.620654e+02 5.679558e+07 6.100764e+06 
3.131437e+02 5.284382e+07 6.679492e+06 
3.413615e+02 5.487439e+07 5.208557e+06 
2.512790e+02 5.770747e+07 6.004309e+06 
2.578292e+02 5.520969e+07 6.679492e+06 
3.564811e+02 5.300862e+07 5.811399e+06 
3.068221e+02 5.712580e+07 5.305012e+06 
2.463306e+02 5.651944e+07 6.390128e+06 
3.614910e+02 5.405728e+07 5.232670e+06 
3.408920e+02 5.660938e+07 4.943306e+06 
2.336162e+02 5.789431e+07 6.486583e+06 
2.350463e+02 5.657634e+07 6.679492e+06 
3.260784e+02 5.808686e+07 4.846851e+06 
2.930120e+02 5.365028e+07 6.583038e+06 
2.902585e+02 5.383695e+07 6.486583e+06 
2.442478e+02 5.596165e+07 6.679492e+06 
2.313019e+02 5.659608e+07 6.679492e+06 
2.982263e+02 5.323844e+07 6.679492e+06 
2.156320e+02 5.730436e+07 6.679492e+06 
3.035211e+02 5.337979e+07 6.293673e+06 
3.110277e+02 5.748670e+07 5.208557e+06 
2.297200e+02 5.683335e+07 6.679492e+06 
3.271325e+02 5.746371e+07 4.943306e+06 
2.359909e+02 5.652110e+07 6.583038e+06 
3.444970e+02 5.701237e+07 4.750396e+06 
3.169765e+02 5.287288e+07 6.486583e+06 
2.872740e+02 5.575827e+07 5.907854e+06 
3.007018e+02 5.611274e+07 5.522035e+06 
2.950212e+02 5.477026e+07 6.004309e+06 
3.022764e+02 5.717007e+07 5.401467e+06 
2.485859e+02 5.585618e+07 6.583038e+06 
3.384258e+02 5.326275e+07 5.811399e+06 
2.606431e+02 5.811497e+07 5.714944e+06 
2.116479e+02 5.769215e+07 6.679492e+06 
3.259747e+02 5.475437e+07 5.305012e+06 
2.686082e+02 5.657005e+07 5.907854e+06 
2.119694e+02 5.748210e+07 6.679492e+06 
2.165991e+02 5.708281e+07 6.679492e+06 
3.271636e+02 5.350731e+07 5.907854e+06 
3.136075e+02 5.630867e+07 5.112102e+06 
2.115137e+02 5.793346e+07 6.679492e+06 
3.299425e+02 5.775519e+07 4.653942e+06 
2.944115e+02 5.402084e+07 6.293673e+06 
2.663654e+02 5.507102e+07 6.679492e+06 
2.615824e+02 5.778969e+07 5.714944e+06 
2.862212e+02 5.527786e+07 6.100764e+06 
2.902267e+02 5.687569e+07 5.522035e+06 
3.764737e+02 5.392439e+07 5.232670e+06 
2.702297e+02 5.472806e+07 6.679492e+06 
2.357452e+02 5.824888e+07 6.390128e+06 
3.082829e+02 5.690209e+07 5.232670e+06 
2.910796e+02 5.374115e+07 6.486583e+06 
3.398323e+02 5.354843e+07 5.618490e+06 
2.674199e+02 5.613400e+07 6.100764e+06 
2.236311e+02 5.687742e+07 6.679492e+06 
2.731370e+02 5.449277e+07 6.486583e+06 
3.071909e+02 5.538417e+07 5.522035e+06 
2.132071e+02 5.738635e+07 6.679492e+06 
3.860718e+02 5.695163e+07 4.846851e+06 
2.365365e+02 5.634996e+07 6.679492e+06 

3.546950e+02 5.508129e+07 4.846851e+06 
2.325875e+02 5.699576e+07 6.583038e+06 
2.123216e+02 5.762068e+07 6.679492e+06 
3.491078e+02 5.579909e+07 4.846851e+06 
2.835299e+02 5.662810e+07 5.811399e+06 
2.811496e+02 5.620795e+07 5.907854e+06 
3.662862e+02 5.833568e+07 4.268122e+06 
3.338187e+02 5.763980e+07 4.653942e+06 
3.620924e+02 5.442142e+07 5.039761e+06 
2.717120e+02 5.482490e+07 6.583038e+06 
2.962091e+02 5.326978e+07 6.583038e+06 
3.432315e+02 5.488773e+07 5.039761e+06 
3.688712e+02 5.748385e+07 4.268122e+06 
2.724119e+02 5.556029e+07 6.293673e+06 
2.897254e+02 5.362282e+07 6.486583e+06 
3.143188e+02 5.845961e+07 5.136216e+06 
2.088588e+02 5.816221e+07 6.679492e+06 
3.658378e+02 5.551547e+07 4.653942e+06 
3.314166e+02 5.656589e+07 5.136216e+06 
2.862525e+02 5.444225e+07 6.293673e+06 
3.132379e+02 5.494503e+07 5.618490e+06 
3.626007e+02 5.801336e+07 4.364577e+06 
2.804307e+02 5.783245e+07 5.714944e+06 
3.344847e+02 5.348832e+07 6.100764e+06 
2.985607e+02 5.641352e+07 5.425580e+06 
2.514328e+02 5.583881e+07 6.679492e+06 
3.437634e+02 5.337274e+07 5.907854e+06 
2.681827e+02 5.557338e+07 6.390128e+06 
2.490618e+02 5.631692e+07 6.390128e+06 
2.394216e+02 5.622608e+07 6.583038e+06 
3.106412e+02 5.742922e+07 5.232670e+06 
2.879367e+02 5.750166e+07 5.522035e+06 
3.899621e+02 5.811876e+07 4.171668e+06 
2.720547e+02 5.476324e+07 6.583038e+06 
2.630408e+02 5.513259e+07 6.679492e+06 
3.194081e+02 5.446003e+07 5.811399e+06 
3.266358e+02 5.391547e+07 6.004309e+06 
3.165789e+02 5.428608e+07 6.004309e+06 
3.391110e+02 5.683277e+07 4.822738e+06 
2.345438e+02 5.652095e+07 6.679492e+06 
3.412160e+02 5.411747e+07 5.232670e+06 
2.563113e+02 5.563112e+07 6.583038e+06 
2.389677e+02 5.728250e+07 6.390128e+06 
2.689349e+02 5.754217e+07 5.907854e+06 
2.597478e+02 5.525397e+07 6.583038e+06 
3.292379e+02 5.542888e+07 5.232670e+06 
3.298756e+02 5.469312e+07 5.425580e+06 
2.761120e+02 5.495613e+07 6.390128e+06 
2.534804e+02 5.578411e+07 6.583038e+06 
2.604772e+02 5.520769e+07 6.679492e+06 
2.559546e+02 5.599036e+07 6.390128e+06 
2.527134e+02 5.707958e+07 6.293673e+06 
2.705543e+02 5.488829e+07 6.583038e+06 
2.265191e+02 5.705357e+07 6.679492e+06 
2.952904e+02 5.657424e+07 5.522035e+06 
3.154642e+02 5.787559e+07 5.136216e+06 
2.831156e+02 5.390296e+07 6.583038e+06 
2.838996e+02 5.490979e+07 6.197218e+06 
2.493542e+02 5.614656e+07 6.679492e+06 
3.512305e+02 5.486383e+07 4.943306e+06 
2.385096e+02 5.636267e+07 6.679492e+06 
2.666648e+02 5.667297e+07 6.100764e+06 
3.406462e+02 5.579572e+07 4.943306e+06 
2.188756e+02 5.722660e+07 6.679492e+06 
3.486103e+02 5.756201e+07 4.557487e+06 
3.022857e+02 5.476414e+07 5.907854e+06 
2.133210e+02 5.727351e+07 6.679492e+06 
2.733067e+02 5.643525e+07 6.004309e+06 
2.801390e+02 5.442434e+07 6.583038e+06 
2.886444e+02 5.576427e+07 5.907854e+06 
2.204529e+02 5.709700e+07 6.679492e+06 
2.436829e+02 5.763667e+07 6.293673e+06 
2.746639e+02 5.449085e+07 6.679492e+06 
2.575017e+02 5.545388e+07 6.679492e+06 
2.729949e+02 5.471041e+07 6.679492e+06 
3.313726e+02 5.835821e+07 4.846851e+06 
2.650198e+02 5.500345e+07 6.583038e+06 
2.340524e+02 5.698091e+07 6.679492e+06 
2.933453e+02 5.376085e+07 6.293673e+06 
2.298396e+02 5.701483e+07 6.679492e+06 
2.643695e+02 5.507381e+07 6.583038e+06 
2.261162e+02 5.803615e+07 6.486583e+06 
3.076875e+02 5.573786e+07 5.425580e+06 
3.076846e+02 5.808208e+07 5.232670e+06 
3.425502e+02 5.328893e+07 6.197218e+06 
2.121261e+02 5.772074e+07 6.679492e+06 
3.067540e+02 5.485724e+07 5.811399e+06 
2.683000e+02 5.761428e+07 6.004309e+06 
3.672743e+02 5.747164e+07 4.364577e+06 
3.198869e+02 5.497937e+07 5.425580e+06 
2.694342e+02 5.494890e+07 6.679492e+06 
3.394562e+02 5.814479e+07 4.461032e+06 
2.362097e+02 5.826313e+07 6.390128e+06 
3.664930e+02 5.719642e+07 4.557487e+06 
3.001456e+02 5.357118e+07 6.390128e+06 
2.917033e+02 5.451012e+07 6.197218e+06 
3.297441e+02 5.843575e+07 5.039761e+06 
3.568389e+02 5.404587e+07 5.714944e+06 
3.722345e+02 5.885666e+07 4.171668e+06 
2.619962e+02 5.768092e+07 6.100764e+06 

2.418039e+02 5.663501e+07 6.390128e+06 
2.333917e+02 5.702843e+07 6.390128e+06 
2.723030e+02 5.493103e+07 6.583038e+06 
2.607008e+02 5.798790e+07 5.811399e+06 
3.031937e+02 5.359503e+07 6.583038e+06 
3.207256e+02 5.741392e+07 4.750396e+06 
2.700255e+02 5.757963e+07 5.714944e+06 
3.319689e+02 5.401457e+07 5.690831e+06 
2.427744e+02 5.643411e+07 6.679492e+06 
3.722798e+02 5.289035e+07 5.690831e+06 
3.105279e+02 5.349145e+07 6.583038e+06 
3.075541e+02 5.352944e+07 6.293673e+06 
2.259796e+02 5.680641e+07 6.583038e+06 
2.937155e+02 5.704627e+07 5.232670e+06 
3.962643e+02 5.581327e+07 4.653942e+06 
2.867326e+02 5.771836e+07 5.329125e+06 
3.233918e+02 5.380154e+07 6.100764e+06 
3.560609e+02 5.685105e+07 4.268122e+06 
3.239709e+02 5.799384e+07 4.364577e+06 
3.230520e+02 5.492509e+07 5.232670e+06 
3.189459e+02 5.817332e+07 4.653942e+06 
2.628770e+02 5.580411e+07 6.100764e+06 
2.810740e+02 5.397579e+07 6.486583e+06 
2.886787e+02 5.439314e+07 6.197218e+06 
2.088588e+02 5.816221e+07 6.679492e+06 
3.933651e+02 5.563043e+07 4.846851e+06 
3.135174e+02 5.433724e+07 5.883741e+06 
3.575617e+02 5.368707e+07 5.594376e+06 
3.233901e+02 5.545082e+07 5.039761e+06 
2.996069e+02 5.596722e+07 5.136216e+06 
3.069279e+02 5.526374e+07 5.425580e+06 
3.482419e+02 5.397807e+07 5.401467e+06 
3.173391e+02 5.358053e+07 6.197218e+06 
3.116639e+02 5.316511e+07 6.293673e+06 
3.691533e+02 5.639790e+07 4.557487e+06 
2.390534e+02 5.807789e+07 6.197218e+06 
3.067062e+02 5.355115e+07 6.583038e+06 
3.314363e+02 5.708191e+07 4.364577e+06 
3.035146e+02 5.778774e+07 4.943306e+06 
2.743472e+02 5.456799e+07 6.583038e+06 
2.613135e+02 5.571605e+07 6.583038e+06 
2.787578e+02 5.455581e+07 6.583038e+06 
2.739799e+02 5.653351e+07 5.811399e+06 
2.141826e+02 5.756298e+07 6.679492e+06 
2.274904e+02 5.647294e+07 6.679492e+06 
3.289357e+02 5.489094e+07 5.232670e+06 
2.879759e+02 5.673937e+07 5.329125e+06 
3.038067e+02 5.476077e+07 5.883741e+06 
3.359338e+02 5.448155e+07 5.497922e+06 
3.157241e+02 5.313771e+07 6.583038e+06 
3.119183e+02 5.720276e+07 4.943306e+06 
3.169835e+02 5.280355e+07 6.486583e+06 
2.253001e+02 5.682416e+07 6.679492e+06 
2.200975e+02 5.696733e+07 6.679492e+06 
3.110496e+02 5.341160e+07 6.486583e+06 
2.126732e+02 5.762076e+07 6.679492e+06 
3.337265e+02 5.763655e+07 4.268122e+06 
2.505637e+02 5.785866e+07 6.004309e+06 
3.278461e+02 5.743577e+07 4.364577e+06 
3.157274e+02 5.808061e+07 4.750396e+06 
3.648920e+02 5.667595e+07 4.364577e+06 
2.648875e+02 5.624578e+07 6.004309e+06 
2.797953e+02 5.421014e+07 6.583038e+06 
2.969973e+02 5.777662e+07 5.136216e+06 
2.327161e+02 5.763777e+07 6.390128e+06 
2.729151e+02 5.731229e+07 5.618490e+06 
2.150508e+02 5.747928e+07 6.679492e+06 
2.722210e+02 5.497144e+07 6.583038e+06 
3.917527e+02 5.608458e+07 4.268122e+06 
3.261394e+02 5.845533e+07 4.268122e+06 
2.487382e+02 5.599800e+07 6.486583e+06 
3.415768e+02 5.687536e+07 4.461032e+06 
2.814703e+02 5.648041e+07 5.522035e+06 
2.820577e+02 5.612466e+07 5.714944e+06 
3.500048e+02 5.344785e+07 5.690831e+06 
3.147483e+02 5.860089e+07 4.846851e+06 
2.743000e+02 5.483641e+07 6.486583e+06 
2.472226e+02 5.774521e+07 6.100764e+06 
2.156482e+02 5.724155e+07 6.679492e+06 
2.816413e+02 5.511214e+07 6.173105e+06 
2.171640e+02 5.717414e+07 6.679492e+06 
2.344110e+02 5.646807e+07 6.679492e+06 
2.654510e+02 5.513293e+07 6.583038e+06 
2.220793e+02 5.797636e+07 6.583038e+06 
2.883396e+02 5.538128e+07 5.907854e+06 
2.868075e+02 5.372548e+07 6.486583e+06 
2.999300e+02 5.370411e+07 6.293673e+06 
3.322690e+02 5.619852e+07 4.846851e+06 
3.016727e+02 5.363748e+07 6.679492e+06 
2.259865e+02 5.778744e+07 6.486583e+06 
2.116599e+02 5.769500e+07 6.679492e+06 
3.178211e+02 5.273735e+07 6.293673e+06 
2.110219e+02 5.809794e+07 6.679492e+06 
2.540579e+02 5.786611e+07 5.907854e+06 
2.488155e+02 5.716560e+07 6.100764e+06 
2.594287e+02 5.583857e+07 6.583038e+06 
2.590872e+02 5.591126e+07 6.583038e+06 
2.794413e+02 5.742268e+07 5.425580e+06 
2.435076e+02 5.593650e+07 6.679492e+06 
3.363317e+02 5.601871e+07 4.943306e+06 

2.622831e+02 5.526353e+07 6.679492e+06 
2.263011e+02 5.786837e+07 6.486583e+06 
3.286186e+02 5.206352e+07 6.679492e+06 
3.613068e+02 5.778178e+07 3.978758e+06 
2.951555e+02 5.413739e+07 6.486583e+06 
2.734664e+02 5.656183e+07 5.811399e+06 
2.847673e+02 5.413864e+07 6.679492e+06 
2.953042e+02 5.686346e+07 5.329125e+06 
2.322057e+02 5.669726e+07 6.583038e+06 
3.445086e+02 5.282048e+07 6.100764e+06 
3.229042e+02 5.414719e+07 5.329125e+06 
3.055480e+02 5.661500e+07 5.039761e+06 
3.864580e+02 5.615606e+07 4.171668e+06 
3.043260e+02 5.399572e+07 6.293673e+06 
3.296951e+02 5.393647e+07 5.714944e+06 
3.275976e+02 5.446489e+07 5.136216e+06 
3.772009e+02 5.543891e+07 4.340464e+06 
3.813955e+02 5.513686e+07 4.436919e+06 
2.535718e+02 5.602056e+07 6.390128e+06 
3.002577e+02 5.353948e+07 6.486583e+06 
2.088588e+02 5.816221e+07 6.679492e+06 
3.187597e+02 5.252912e+07 6.679492e+06 
3.794623e+02 5.678112e+07 3.978758e+06 
3.025206e+02 5.473894e+07 5.522035e+06 
3.973686e+02 5.646431e+07 3.978758e+06 
2.631130e+02 5.517452e+07 6.679492e+06 
3.412719e+02 5.798847e+07 4.364577e+06 
3.063391e+02 5.439125e+07 5.907854e+06 
2.655563e+02 5.494663e+07 6.679492e+06 
3.160663e+02 5.672494e+07 4.846851e+06 
3.501157e+02 5.741037e+07 4.171668e+06 
3.876296e+02 5.490642e+07 4.533374e+06 
3.126299e+02 5.742050e+07 4.943306e+06 
2.940990e+02 5.716637e+07 5.425580e+06 
2.440181e+02 5.796196e+07 6.197218e+06 
3.466884e+02 5.316569e+07 5.907854e+06 
3.325839e+02 5.528581e+07 4.943306e+06 
2.507410e+02 5.682770e+07 6.100764e+06 
2.771915e+02 5.501740e+07 6.486583e+06 
3.369170e+02 5.433915e+07 5.136216e+06 
2.755751e+02 5.750546e+07 5.714944e+06 
3.300548e+02 5.406447e+07 5.329125e+06 
2.456672e+02 5.557085e+07 6.679492e+06 
3.259573e+02 5.231949e+07 6.679492e+06 
3.264115e+02 5.230144e+07 6.679492e+06 
2.671424e+02 5.820224e+07 5.907854e+06 
3.080600e+02 5.352261e+07 6.679492e+06 
3.197031e+02 5.240926e+07 6.679492e+06 
2.355124e+02 5.636851e+07 6.679492e+06 
2.161326e+02 5.728339e+07 6.679492e+06 
3.344209e+02 5.198031e+07 6.679492e+06 
3.128263e+02 5.569301e+07 5.136216e+06 
3.654931e+02 5.489846e+07 4.919193e+06 
2.942222e+02 5.464756e+07 5.907854e+06 
3.422903e+02 5.131029e+07 6.679492e+06 
3.107250e+02 5.315611e+07 6.679492e+06 
2.793727e+02 5.479686e+07 6.679492e+06 
3.583423e+02 5.519473e+07 4.629828e+06 
2.490264e+02 5.726989e+07 6.100764e+06 
3.293935e+02 5.205416e+07 6.679492e+06 
2.817727e+02 5.461178e+07 6.679492e+06 
2.164036e+02 5.718287e+07 6.679492e+06 
3.377772e+02 5.598001e+07 4.557487e+06 
3.200568e+02 5.328847e+07 6.293673e+06 
2.911246e+02 5.749118e+07 5.522035e+06 
2.611257e+02 5.541085e+07 6.679492e+06 
2.839808e+02 5.431281e+07 6.679492e+06 
3.895626e+02 5.630296e+07 4.075213e+06 
3.575307e+02 5.555852e+07 4.533374e+06 
2.310471e+02 5.688277e+07 6.679492e+06 
3.163619e+02 5.297320e+07 6.679492e+06 
3.887617e+02 5.455315e+07 4.557487e+06 
2.737401e+02 5.551350e+07 6.197218e+06 
2.547335e+02 5.757741e+07 6.004309e+06 
3.351496e+02 5.239851e+07 6.486583e+06 
3.103579e+02 5.346768e+07 6.486583e+06 
3.524654e+02 5.231554e+07 6.293673e+06 
3.359373e+02 5.176270e+07 6.679492e+06 
3.761141e+02 5.413504e+07 4.726283e+06 
2.987720e+02 5.613299e+07 5.329125e+06 
2.741488e+02 5.629875e+07 5.811399e+06 
3.368197e+02 5.718996e+07 4.750396e+06 
3.177374e+02 5.290945e+07 6.679492e+06 
2.125495e+02 5.739500e+07 6.679492e+06 
2.892213e+02 5.482143e+07 6.100764e+06 
2.169988e+02 5.712078e+07 6.679492e+06 
2.193764e+02 5.697930e+07 6.679492e+06 
3.690499e+02 5.486942e+07 4.653942e+06 
3.013417e+02 5.716131e+07 5.232670e+06 
2.361728e+02 5.777015e+07 6.390128e+06 
3.581890e+02 5.704338e+07 4.171668e+06 
2.389344e+02 5.644711e+07 6.390128e+06 
3.179136e+02 5.610233e+07 4.943306e+06 
2.433223e+02 5.573212e+07 6.583038e+06 
2.588618e+02 5.546691e+07 6.679492e+06 
2.204536e+02 5.811227e+07 6.583038e+06 
2.429545e+02 5.823478e+07 6.293673e+06 
3.968592e+02 5.732536e+07 3.882303e+06 
2.597564e+02 5.646478e+07 6.004309e+06 
3.247661e+02 5.404891e+07 5.522035e+06 

2.916413e+02 5.457598e+07 6.004309e+06 
2.997988e+02 5.389523e+07 6.390128e+06 
3.046060e+02 5.599891e+07 5.522035e+06 
3.133207e+02 5.366655e+07 5.690831e+06 
2.764954e+02 5.569239e+07 6.004309e+06 
3.137204e+02 5.331739e+07 6.197218e+06 
2.399724e+02 5.581404e+07 6.583038e+06 
2.504460e+02 5.706401e+07 6.197218e+06 
3.691053e+02 5.843142e+07 3.978758e+06 
2.949663e+02 5.839017e+07 5.329125e+06 
2.356289e+02 5.677088e+07 6.679492e+06 
2.705144e+02 5.748141e+07 5.714944e+06 
2.775223e+02 5.474927e+07 6.583038e+06 
3.126629e+02 5.356132e+07 6.269560e+06 
3.622803e+02 5.495919e+07 5.232670e+06 
2.948593e+02 5.578436e+07 5.811399e+06 
3.902262e+02 5.672741e+07 4.653942e+06 
3.635846e+02 5.768223e+07 4.364577e+06 
2.960949e+02 5.422340e+07 6.583038e+06 
2.593024e+02 5.492596e+07 6.679492e+06 
3.213866e+02 5.340229e+07 5.594376e+06 
2.817910e+02 5.739726e+07 5.522035e+06 
2.975016e+02 5.414419e+07 6.269560e+06 
2.088588e+02 5.816221e+07 6.679492e+06 
3.778891e+02 5.894305e+07 3.882303e+06 
3.421267e+02 5.587539e+07 5.136216e+06 
3.756275e+02 5.737687e+07 4.171668e+06 
2.672073e+02 5.534279e+07 6.293673e+06 
3.791413e+02 5.719325e+07 4.364577e+06 
3.269631e+02 5.625678e+07 5.329125e+06 
2.666500e+02 5.728922e+07 5.811399e+06 
3.453586e+02 5.358924e+07 5.401467e+06 
3.087745e+02 5.737938e+07 5.232670e+06 
3.364423e+02 5.645727e+07 5.136216e+06 
3.397695e+02 5.420294e+07 5.305012e+06 
3.892184e+02 5.627747e+07 4.750396e+06 
3.781081e+02 5.655709e+07 4.750396e+06 
3.576698e+02 5.820311e+07 4.364577e+06 
2.157641e+02 5.720762e+07 6.679492e+06 
2.833809e+02 5.645855e+07 5.618490e+06 
3.026508e+02 5.483271e+07 5.690831e+06 
3.540922e+02 5.844886e+07 4.461032e+06 
3.469207e+02 5.780256e+07 4.750396e+06 
3.733400e+02 5.542734e+07 4.943306e+06 
2.678360e+02 5.669638e+07 5.907854e+06 
3.065692e+02 5.384493e+07 6.269560e+06 
3.894012e+02 5.613812e+07 4.846851e+06 
3.158871e+02 5.474990e+07 5.497922e+06 
2.201478e+02 5.701791e+07 6.679492e+06 
3.404523e+02 5.715674e+07 4.943306e+06 
3.075317e+02 5.368101e+07 6.390128e+06 
2.853771e+02 5.460257e+07 6.390128e+06 
3.322073e+02 5.381369e+07 5.401467e+06 
2.905206e+02 5.837312e+07 5.425580e+06 
3.536349e+02 5.535601e+07 5.136216e+06 
3.400777e+02 5.751509e+07 5.039761e+06 
2.629733e+02 5.486324e+07 6.679492e+06 
2.252806e+02 5.781312e+07 6.583038e+06 
3.221334e+02 5.321222e+07 5.690831e+06 
3.478114e+02 5.666313e+07 4.943306e+06 
3.509361e+02 5.390560e+07 5.305012e+06 
2.368101e+02 5.667324e+07 6.679492e+06 
2.360459e+02 5.757509e+07 6.390128e+06 
2.554962e+02 5.807138e+07 6.100764e+06 
2.956431e+02 5.797384e+07 5.232670e+06 
3.473301e+02 5.787696e+07 4.653942e+06 
2.468926e+02 5.589508e+07 6.486583e+06 
3.129304e+02 5.563579e+07 5.425580e+06 
2.600796e+02 5.521155e+07 6.486583e+06 
2.592269e+02 5.831459e+07 5.907854e+06 
2.874312e+02 5.424328e+07 6.390128e+06 
2.117190e+02 5.722783e+07 6.679492e+06 
3.626847e+02 5.793206e+07 4.171668e+06 
2.503915e+02 5.659750e+07 6.293673e+06 
3.675581e+02 5.511930e+07 5.136216e+06 
2.226826e+02 5.688875e+07 6.679492e+06 
3.879415e+02 5.805400e+07 3.978758e+06 
2.782676e+02 5.654237e+07 5.714944e+06 
3.587055e+02 5.823254e+07 4.075213e+06 
3.806121e+02 5.705459e+07 4.557487e+06 
2.474747e+02 5.751137e+07 6.293673e+06 
3.571900e+02 5.729534e+07 4.653942e+06 
3.223356e+02 5.283402e+07 5.690831e+06 
2.506373e+02 5.547902e+07 6.679492e+06 
2.671115e+02 5.477142e+07 6.486583e+06 
2.626821e+02 5.616397e+07 6.100764e+06 
2.465530e+02 5.568159e+07 6.583038e+06 
2.994604e+02 5.396355e+07 6.269560e+06 
2.185737e+02 5.713859e+07 6.679492e+06 
2.762079e+02 5.752498e+07 5.618490e+06 
3.375045e+02 5.275824e+07 5.690831e+06 
3.179365e+02 5.323957e+07 6.269560e+06 
2.312613e+02 5.687350e+07 6.679492e+06 
2.569558e+02 5.520949e+07 6.679492e+06 
3.779773e+02 5.534624e+07 4.943306e+06 
2.372631e+02 5.638034e+07 6.679492e+06 
3.039008e+02 5.386718e+07 6.269560e+06 
2.268630e+02 5.741298e+07 6.486583e+06 
3.488556e+02 5.710398e+07 4.846851e+06 
3.163622e+02 5.325881e+07 5.690831e+06 

