6.282300e+03 2.526150e+07 2.383347e+06 
8.561700e+03 3.616244e+07 1.057574e+06 
9.123600e+03 3.885010e+07 8.309510e+05 
6.297900e+03 2.520746e+07 2.383347e+06 
8.167100e+03 3.169300e+07 1.284197e+06 
7.156050e+03 2.875464e+07 1.617271e+06 
6.347800e+03 2.575062e+07 2.127989e+06 
8.702700e+03 3.706283e+07 9.363151e+05 
6.278700e+03 2.570778e+07 2.213108e+06 
8.728000e+03 3.671884e+07 9.820330e+05 
6.313300e+03 2.530973e+07 2.298228e+06 
6.222000e+03 2.551343e+07 2.383347e+06 
8.281750e+03 3.462683e+07 1.208656e+06 
6.283950e+03 2.523579e+07 2.383347e+06 
6.563600e+03 2.669850e+07 1.957750e+06 
6.314700e+03 2.540398e+07 2.213108e+06 
7.573750e+03 2.962962e+07 1.532152e+06 
7.193150e+03 2.874818e+07 1.617271e+06 
6.247250e+03 2.533353e+07 2.468467e+06 
7.479250e+03 2.986304e+07 1.435279e+06 
8.161650e+03 3.522838e+07 1.191674e+06 
7.054250e+03 2.831791e+07 1.702391e+06 
6.436650e+03 2.602995e+07 2.042869e+06 
7.122300e+03 2.865725e+07 1.659831e+06 
6.224850e+03 2.540276e+07 2.468467e+06 
9.161950e+03 3.827906e+07 8.309510e+05 
6.251350e+03 2.529677e+07 2.468467e+06 
8.160200e+03 3.426825e+07 1.276793e+06 
8.100150e+03 3.451682e+07 1.276793e+06 
7.510900e+03 2.971024e+07 1.510820e+06 
7.853600e+03 3.065773e+07 1.359738e+06 
8.504600e+03 3.606063e+07 1.106554e+06 
7.423300e+03 2.969701e+07 1.585351e+06 
8.975650e+03 3.757611e+07 9.064920e+05 
8.399650e+03 3.468967e+07 1.133115e+06 
7.051500e+03 2.863993e+07 1.787511e+06 
6.257900e+03 2.559483e+07 2.298228e+06 
8.132250e+03 3.491327e+07 1.244873e+06 
8.262750e+03 3.522316e+07 1.133115e+06 
8.646900e+03 3.656543e+07 1.021435e+06 
7.459300e+03 2.988694e+07 1.500231e+06 
9.002550e+03 3.769018e+07 9.043945e+05 
8.984300e+03 3.724332e+07 9.064920e+05 
8.026100e+03 3.194843e+07 1.284197e+06 
6.251100e+03 2.530983e+07 2.383347e+06 
6.237200e+03 2.537025e+07 2.468467e+06 
7.801150e+03 3.056966e+07 1.415112e+06 
7.912900e+03 3.154275e+07 1.329992e+06 
8.205900e+03 3.515862e+07 1.159753e+06 
6.711800e+03 2.706267e+07 1.872630e+06 

6.395700e+03 2.605955e+07 2.213108e+06 
6.286200e+03 2.555966e+07 2.383347e+06 
7.492450e+03 3.035842e+07 1.415112e+06 
6.294700e+03 2.570518e+07 2.298228e+06 
8.053850e+03 3.249916e+07 1.191674e+06 
7.287050e+03 2.963186e+07 1.532152e+06 
7.666650e+03 3.112726e+07 1.284197e+06 
9.816150e+03 4.026824e+07 9.820330e+05 
6.911150e+03 2.822018e+07 1.787511e+06 
6.297350e+03 2.546994e+07 2.468467e+06 
6.840300e+03 2.751183e+07 1.872630e+06 
1.049065e+04 4.204541e+07 9.029603e+05 
1.033655e+04 4.123159e+07 9.064920e+05 
7.368200e+03 2.991702e+07 1.447032e+06 
1.056420e+04 4.216693e+07 8.809373e+05 
6.279500e+03 2.556490e+07 2.553587e+06 
6.492450e+03 2.654050e+07 2.042869e+06 
7.716800e+03 3.141612e+07 1.276793e+06 
6.631100e+03 2.688090e+07 1.957750e+06 
6.880450e+03 2.830308e+07 1.787511e+06 
1.020160e+04 4.160039e+07 9.369306e+05 
8.618000e+03 3.479891e+07 1.057574e+06 
6.283850e+03 2.546955e+07 2.553587e+06 
7.764850e+03 3.131354e+07 1.276793e+06 
6.425950e+03 2.595392e+07 2.213108e+06 
7.299800e+03 2.929866e+07 1.702391e+06 
8.121450e+03 3.360309e+07 1.091033e+06 
7.898750e+03 3.212556e+07 1.244873e+06 
7.678800e+03 3.099256e+07 1.361913e+06 
6.321500e+03 2.565542e+07 2.298228e+06 
7.425100e+03 2.962380e+07 1.532152e+06 
6.530400e+03 2.652159e+07 2.127989e+06 
1.030855e+04 4.103923e+07 9.381979e+05 
1.069670e+04 4.302144e+07 8.641580e+05 
8.052500e+03 3.287596e+07 1.126804e+06 
6.776400e+03 2.758267e+07 1.872630e+06 
6.280350e+03 2.549828e+07 2.553587e+06 
6.277000e+03 2.564599e+07 2.553587e+06 
7.563350e+03 3.104362e+07 1.361913e+06 
8.138750e+03 3.306554e+07 1.091033e+06 
6.269050e+03 2.566329e+07 2.553587e+06 
7.281200e+03 2.968113e+07 1.532152e+06 
8.965050e+03 3.622729e+07 1.021435e+06 
1.030500e+04 4.129280e+07 9.363151e+05 
9.762100e+03 4.051434e+07 9.820330e+05 
6.293550e+03 2.547854e+07 2.553587e+06 
8.063700e+03 3.262375e+07 1.106554e+06 
9.221800e+03 3.727957e+07 9.895141e+05 
7.641350e+03 3.102159e+07 1.329992e+06 
7.257650e+03 2.953070e+07 1.617271e+06 

8.337750e+03 3.360840e+07 1.244873e+06 
9.525700e+03 3.712517e+07 1.057574e+06 
8.984000e+03 3.799663e+07 9.822461e+05 
9.699550e+03 3.792184e+07 9.895141e+05 
8.743000e+03 3.523389e+07 1.191674e+06 
8.145550e+03 3.356609e+07 1.287433e+06 
6.442100e+03 2.621261e+07 2.468467e+06 
6.521650e+03 2.649678e+07 2.127989e+06 
6.447150e+03 2.644302e+07 2.298228e+06 
6.494700e+03 2.657630e+07 2.213108e+06 
8.117800e+03 3.388337e+07 1.329992e+06 
7.557350e+03 3.094374e+07 1.361913e+06 
6.457750e+03 2.636146e+07 2.298228e+06 
6.539100e+03 2.648593e+07 2.127989e+06 
9.567600e+03 3.701837e+07 1.057574e+06 
6.932700e+03 2.861059e+07 1.702391e+06 
6.414300e+03 2.630474e+07 2.468467e+06 
8.550750e+03 3.439039e+07 1.234234e+06 
6.426700e+03 2.623700e+07 2.553587e+06 
7.414050e+03 3.019212e+07 1.447032e+06 
6.980300e+03 2.850340e+07 1.702391e+06 
7.993600e+03 3.196485e+07 1.359738e+06 
7.555000e+03 3.094454e+07 1.361913e+06 
1.001710e+04 3.993000e+07 9.524178e+05 
6.465250e+03 2.613460e+07 2.468467e+06 
8.165700e+03 3.458674e+07 1.208656e+06 
8.245400e+03 3.385375e+07 1.276793e+06 
1.005380e+04 3.986777e+07 9.820330e+05 
6.894550e+03 2.852238e+07 1.787511e+06 
8.138950e+03 3.369641e+07 1.284197e+06 
1.012855e+04 3.986984e+07 9.524178e+05 
7.429000e+03 3.053287e+07 1.435279e+06 
6.968500e+03 2.868181e+07 1.617271e+06 
6.410700e+03 2.662072e+07 2.553587e+06 
8.171000e+03 3.333539e+07 1.329992e+06 
6.979400e+03 2.841526e+07 1.787511e+06 
7.113400e+03 2.944788e+07 1.532152e+06 
8.821800e+03 3.591076e+07 1.106554e+06 
6.422150e+03 2.625284e+07 2.553587e+06 
6.497050e+03 2.629214e+07 2.298228e+06 
6.461900e+03 2.626886e+07 2.383347e+06 
6.514250e+03 2.664198e+07 2.127989e+06 
6.431450e+03 2.641170e+07 2.383347e+06 
8.887900e+03 3.576008e+07 1.106554e+06 
7.458750e+03 3.033432e+07 1.435279e+06 
6.616250e+03 2.679639e+07 2.042869e+06 
8.902500e+03 3.774171e+07 1.057574e+06 
6.684550e+03 2.746804e+07 1.957750e+06 
6.433850e+03 2.630204e+07 2.383347e+06 
6.848150e+03 2.814401e+07 1.872630e+06 

6.680050e+03 2.726480e+07 2.042869e+06 
9.624200e+03 3.842077e+07 9.064920e+05 
6.244950e+03 2.564262e+07 2.468467e+06 
7.624700e+03 3.180788e+07 1.404473e+06 
8.748850e+03 3.550977e+07 1.074634e+06 
6.704550e+03 2.771325e+07 1.872630e+06 
6.253350e+03 2.557253e+07 2.553587e+06 
6.249800e+03 2.563067e+07 2.553587e+06 
8.880450e+03 3.633068e+07 1.021888e+06 
8.499600e+03 3.521074e+07 1.447032e+06 
6.306800e+03 2.579763e+07 2.213108e+06 
6.709500e+03 2.755812e+07 1.957750e+06 
9.314000e+03 3.778213e+07 1.021435e+06 
9.013200e+03 3.625999e+07 1.133115e+06 
9.651950e+03 3.914701e+07 8.511955e+05 
6.802700e+03 2.802109e+07 1.787511e+06 
6.368650e+03 2.653948e+07 2.127989e+06 
6.695700e+03 2.782287e+07 1.957750e+06 
9.439900e+03 3.871384e+07 9.019924e+05 
6.711500e+03 2.754281e+07 1.957750e+06 
6.386650e+03 2.643396e+07 2.127989e+06 
6.262000e+03 2.586899e+07 2.383347e+06 
9.007550e+03 3.581328e+07 1.057574e+06 
8.095550e+03 3.315760e+07 1.284197e+06 
9.493150e+03 3.848295e+07 8.674190e+05 
6.763600e+03 2.816108e+07 1.702391e+06 
6.285900e+03 2.546420e+07 2.553587e+06 
9.241850e+03 3.856639e+07 1.021435e+06 
9.552100e+03 3.831035e+07 9.820330e+05 
9.638500e+03 3.840189e+07 9.363151e+05 
9.389650e+03 3.844719e+07 9.363151e+05 
8.389200e+03 3.465210e+07 1.191674e+06 
7.646250e+03 3.204004e+07 1.361913e+06 
8.760150e+03 3.612011e+07 1.057574e+06 
6.960400e+03 2.940466e+07 1.617271e+06 
7.712650e+03 3.195565e+07 1.361913e+06 
8.293850e+03 3.488775e+07 1.276793e+06 
6.269750e+03 2.537754e+07 2.468467e+06 
6.292800e+03 2.567108e+07 2.383347e+06 
6.269150e+03 2.538576e+07 2.468467e+06 
9.508250e+03 3.808180e+07 9.913360e+05 
6.278350e+03 2.576602e+07 2.298228e+06 
7.377200e+03 3.080015e+07 1.435279e+06 
6.257750e+03 2.539372e+07 2.553587e+06 
6.261150e+03 2.543035e+07 2.468467e+06 
9.430900e+03 3.893591e+07 9.913360e+05 
7.002350e+03 2.970116e+07 1.532152e+06 
7.080100e+03 3.032972e+07 1.510820e+06 
6.737900e+03 2.768732e+07 1.872630e+06 
9.339250e+03 3.846205e+07 9.363151e+05 

6.244650e+03 2.529406e+07 2.468467e+06 
9.541050e+03 3.850702e+07 9.300608e+05 
6.337200e+03 2.531262e+07 2.383347e+06 
9.286350e+03 3.760822e+07 9.381979e+05 
8.467950e+03 3.471021e+07 1.208656e+06 
6.275700e+03 2.554149e+07 2.383347e+06 
6.412300e+03 2.652150e+07 2.127989e+06 
7.069700e+03 2.959398e+07 1.532152e+06 
8.930850e+03 3.554799e+07 1.106554e+06 
9.223300e+03 3.817034e+07 9.881893e+05 
6.956650e+03 2.867255e+07 1.787511e+06 
9.234750e+03 3.703662e+07 1.021435e+06 
7.668100e+03 3.264325e+07 1.361913e+06 
8.598850e+03 3.443009e+07 1.208656e+06 
6.428700e+03 2.659722e+07 2.042869e+06 
6.986550e+03 2.884031e+07 1.702391e+06 
6.558950e+03 2.692051e+07 1.957750e+06 
9.636050e+03 3.839961e+07 9.363151e+05 
7.127650e+03 2.922943e+07 1.586361e+06 
6.388650e+03 2.669525e+07 2.213108e+06 
8.169250e+03 3.406762e+07 1.284197e+06 
6.423500e+03 2.596597e+07 2.213108e+06 
8.533600e+03 3.425879e+07 1.276793e+06 
7.802750e+03 3.317189e+07 1.359738e+06 
6.224600e+03 2.535636e+07 2.553587e+06 
7.850050e+03 3.301374e+07 1.359738e+06 
7.226400e+03 2.950336e+07 1.447032e+06 
6.990250e+03 2.877132e+07 1.617271e+06 
7.745650e+03 3.246149e+07 1.361913e+06 
6.987300e+03 2.900045e+07 1.617271e+06 
7.108100e+03 2.963089e+07 1.510820e+06 
6.620850e+03 2.731184e+07 1.872630e+06 
6.229050e+03 2.532319e+07 2.553587e+06 
8.835550e+03 3.475800e+07 1.191674e+06 
9.410250e+03 3.760754e+07 9.820330e+05 
6.932050e+03 2.890394e+07 1.787511e+06 
6.508400e+03 2.625459e+07 2.127989e+06 
6.516800e+03 2.718001e+07 1.957750e+06 
8.556800e+03 3.504813e+07 1.133115e+06 
6.239150e+03 2.530897e+07 2.553587e+06 
6.309800e+03 2.569253e+07 2.298228e+06 
7.254200e+03 2.938861e+07 1.510820e+06 
6.301750e+03 2.533748e+07 2.383347e+06 
6.604450e+03 2.752320e+07 1.872630e+06 
7.302800e+03 2.990667e+07 1.435279e+06 
6.391700e+03 2.613426e+07 2.213108e+06 
6.388250e+03 2.558818e+07 2.298228e+06 
6.966350e+03 2.885833e+07 1.702391e+06 
8.514600e+03 3.461036e+07 1.208656e+06 
6.255950e+03 2.526436e+07 2.468467e+06 

8.176350e+03 3.268140e+07 1.106554e+06 
6.778100e+03 2.772084e+07 1.872630e+06 
6.365100e+03 2.587892e+07 2.553587e+06 
6.365450e+03 2.608786e+07 2.383347e+06 
6.583300e+03 2.688919e+07 2.042869e+06 
7.372600e+03 2.989503e+07 1.361913e+06 
8.175900e+03 3.319570e+07 1.361913e+06 
6.725900e+03 2.716720e+07 1.957750e+06 
6.986700e+03 2.932285e+07 1.702391e+06 
7.051250e+03 2.930260e+07 1.617271e+06 
6.721700e+03 2.724858e+07 1.957750e+06 
7.371000e+03 3.006611e+07 1.361913e+06 
7.259600e+03 2.970751e+07 1.447032e+06 
6.347450e+03 2.593159e+07 2.553587e+06 
6.473050e+03 2.661802e+07 2.213108e+06 
6.614450e+03 2.684287e+07 2.042869e+06 
7.630400e+03 3.153688e+07 1.329992e+06 
9.953750e+03 3.845995e+07 9.363151e+05 
7.961850e+03 3.210006e+07 1.276793e+06 
8.276900e+03 3.328361e+07 1.074634e+06 
6.473250e+03 2.649763e+07 2.213108e+06 
8.149550e+03 3.221769e+07 1.191674e+06 
6.858300e+03 2.815076e+07 1.787511e+06 
6.709000e+03 2.728732e+07 1.957750e+06 
8.299000e+03 3.287338e+07 1.074634e+06 
6.771250e+03 2.789212e+07 1.872630e+06 
6.362700e+03 2.593302e+07 2.553587e+06 
7.005350e+03 2.889205e+07 1.702391e+06 
8.088150e+03 3.261164e+07 1.133115e+06 
7.206700e+03 2.941317e+07 1.532152e+06 
6.569100e+03 2.678173e+07 2.127989e+06 
6.357850e+03 2.591383e+07 2.468467e+06 
7.069450e+03 2.921932e+07 1.617271e+06 
7.262700e+03 2.966739e+07 1.500231e+06 
6.344800e+03 2.598150e+07 2.468467e+06 
7.077300e+03 2.905455e+07 1.617271e+06 
8.359050e+03 3.342638e+07 1.057574e+06 
6.989750e+03 2.906327e+07 1.702391e+06 
6.509700e+03 2.648984e+07 2.213108e+06 
6.521200e+03 2.646239e+07 2.213108e+06 
6.349400e+03 2.591122e+07 2.553587e+06 
6.694800e+03 2.734490e+07 1.957750e+06 
6.992000e+03 2.901547e+07 1.702391e+06 
8.027500e+03 3.262551e+07 1.234234e+06 
8.051550e+03 3.256928e+07 1.244873e+06 
8.249600e+03 3.339669e+07 1.074634e+06 
8.237850e+03 3.247498e+07 1.133115e+06 
6.386300e+03 2.607687e+07 2.298228e+06 
8.062700e+03 3.238289e+07 1.149114e+06 
8.614300e+03 3.401810e+07 1.055261e+06 

7.599150e+03 3.122730e+07 1.284197e+06 
6.460100e+03 2.657272e+07 2.042869e+06 
9.368550e+03 3.841980e+07 8.942892e+05 
8.353400e+03 3.353333e+07 1.057574e+06 
7.515450e+03 3.073437e+07 1.359738e+06 
7.631150e+03 3.120643e+07 1.284197e+06 
8.966150e+03 3.647089e+07 9.881893e+05 
7.407250e+03 3.013619e+07 1.447032e+06 
6.233150e+03 2.552170e+07 2.553587e+06 
7.714600e+03 3.104285e+07 1.284197e+06 
7.810850e+03 3.194418e+07 1.208656e+06 
6.280400e+03 2.546412e+07 2.298228e+06 
6.692800e+03 2.807881e+07 1.925829e+06 
6.392000e+03 2.600487e+07 2.127989e+06 
7.316700e+03 2.995536e+07 1.617271e+06 
6.238750e+03 2.551043e+07 2.383347e+06 
9.264450e+03 3.814236e+07 9.064920e+05 
6.275500e+03 2.547375e+07 2.298228e+06 
7.434000e+03 3.005680e+07 1.361913e+06 
7.855750e+03 3.185550e+07 1.276793e+06 
6.318000e+03 2.573601e+07 2.213108e+06 
6.865750e+03 2.867598e+07 1.702391e+06 
7.381800e+03 3.032629e+07 1.447032e+06 
9.498250e+03 3.865956e+07 8.585176e+05 
7.386650e+03 3.024905e+07 1.447032e+06 
6.723550e+03 2.794734e+07 1.872630e+06 
6.275850e+03 2.546592e+07 2.298228e+06 
7.532750e+03 3.045047e+07 1.359738e+06 
6.237150e+03 2.569429e+07 2.468467e+06 
6.718050e+03 2.799606e+07 1.957750e+06 
7.860350e+03 3.217582e+07 1.133115e+06 
6.369550e+03 2.607576e+07 2.127989e+06 
6.224700e+03 2.554204e+07 2.553587e+06 
9.183900e+03 3.708558e+07 9.363151e+05 
6.717500e+03 2.801079e+07 1.840710e+06 
7.214900e+03 2.997077e+07 1.617271e+06 
6.221300e+03 2.563421e+07 2.553587e+06 
7.842850e+03 3.191735e+07 1.208656e+06 
6.388850e+03 2.603697e+07 2.127989e+06 
6.267100e+03 2.550490e+07 2.298228e+06 
7.691900e+03 3.107783e+07 1.284197e+06 
6.411900e+03 2.598564e+07 2.127989e+06 
7.680150e+03 3.112055e+07 1.284197e+06 
7.324900e+03 2.983255e+07 1.532152e+06 
6.712500e+03 2.803842e+07 1.957750e+06 
7.786450e+03 3.194913e+07 1.191674e+06 
6.705150e+03 2.808373e+07 1.872630e+06 
6.220850e+03 2.565710e+07 2.553587e+06 
6.715150e+03 2.809594e+07 1.840710e+06 
6.743300e+03 2.807677e+07 1.755590e+06 

9.204750e+03 3.655837e+07 1.021435e+06 
6.950850e+03 2.857388e+07 1.872630e+06 
9.053000e+03 3.652878e+07 1.074634e+06 
6.802550e+03 2.770934e+07 2.042869e+06 
7.477150e+03 3.049723e+07 1.617271e+06 
7.519200e+03 3.020146e+07 1.500231e+06 
7.652550e+03 3.053374e+07 1.447032e+06 
7.288800e+03 2.985128e+07 1.702391e+06 
8.123400e+03 3.333408e+07 1.208656e+06 
6.282300e+03 2.578042e+07 2.553587e+06 
9.611500e+03 4.025203e+07 9.820330e+05 
9.333350e+03 3.642679e+07 1.074634e+06 
6.902150e+03 2.822810e+07 1.957750e+06 
7.280150e+03 3.002229e+07 1.702391e+06 
6.516450e+03 2.678978e+07 2.298228e+06 
7.045250e+03 2.902423e+07 1.787511e+06 
7.553350e+03 3.008632e+07 1.510820e+06 
6.270500e+03 2.574869e+07 2.553587e+06 
7.506350e+03 2.997932e+07 1.617271e+06 
9.853600e+03 3.935811e+07 8.942892e+05 
7.502950e+03 3.038704e+07 1.755590e+06 
7.537050e+03 2.996047e+07 1.532152e+06 
6.307350e+03 2.602848e+07 2.468467e+06 
9.241800e+03 3.710716e+07 9.895141e+05 
6.272700e+03 2.568827e+07 2.553587e+06 
6.797800e+03 2.776271e+07 2.127989e+06 
7.036350e+03 2.915680e+07 1.787511e+06 
9.723200e+03 3.940413e+07 9.363151e+05 
6.636700e+03 2.732669e+07 2.213108e+06 
8.127550e+03 3.274029e+07 1.415112e+06 
6.266550e+03 2.593949e+07 2.553587e+06 
6.944000e+03 2.884504e+07 1.872630e+06 
7.674400e+03 3.063284e+07 1.435279e+06 
6.622550e+03 2.754654e+07 2.213108e+06 
6.331300e+03 2.584374e+07 2.468467e+06 
8.787750e+03 3.517691e+07 1.133115e+06 
8.764350e+03 3.550658e+07 1.191674e+06 
7.483200e+03 3.004632e+07 1.670470e+06 
8.086600e+03 3.295347e+07 1.329992e+06 
9.792750e+03 3.920203e+07 8.985561e+05 
8.194650e+03 3.318966e+07 1.276793e+06 
7.511750e+03 2.993118e+07 1.585351e+06 
6.378000e+03 2.628074e+07 2.383347e+06 
7.013650e+03 2.902920e+07 1.872630e+06 
8.076100e+03 3.274378e+07 1.359738e+06 
6.865050e+03 2.835195e+07 1.957750e+06 
7.667600e+03 3.051579e+07 1.447032e+06 
8.061800e+03 3.305314e+07 1.415112e+06 
6.806300e+03 2.760161e+07 2.127989e+06 
9.296500e+03 3.660205e+07 1.208656e+06 

8.375900e+03 3.441728e+07 1.149114e+06 
8.404050e+03 3.482968e+07 1.133115e+06 
7.911200e+03 3.140254e+07 1.191674e+06 
7.122100e+03 2.922383e+07 1.532152e+06 
9.135100e+03 3.671947e+07 9.837181e+05 
9.014150e+03 3.644098e+07 1.021435e+06 
7.873050e+03 3.120890e+07 1.276793e+06 
7.091500e+03 2.852784e+07 1.617271e+06 
7.085100e+03 2.856440e+07 1.617271e+06 
6.692800e+03 2.715794e+07 1.872630e+06 
9.645450e+03 4.010658e+07 8.764034e+05 
6.731450e+03 2.711781e+07 1.872630e+06 
9.751050e+03 3.864728e+07 9.029603e+05 
7.146500e+03 2.914187e+07 1.532152e+06 
8.366450e+03 3.483861e+07 1.133115e+06 
8.803000e+03 3.571267e+07 1.057574e+06 
6.911550e+03 2.804408e+07 1.787511e+06 
7.167800e+03 2.911287e+07 1.447032e+06 
6.427800e+03 2.596400e+07 2.127989e+06 
9.599050e+03 3.999083e+07 9.064920e+05 
6.309600e+03 2.548361e+07 2.298228e+06 
7.679900e+03 3.063166e+07 1.329992e+06 
9.112700e+03 3.618246e+07 1.021435e+06 
6.404650e+03 2.604781e+07 2.213108e+06 
6.427550e+03 2.580414e+07 2.213108e+06 
8.355450e+03 3.487282e+07 1.133115e+06 
6.285500e+03 2.548365e+07 2.383347e+06 
8.408700e+03 3.410410e+07 1.149114e+06 
8.907600e+03 3.529804e+07 1.057574e+06 
6.692400e+03 2.729873e+07 1.872630e+06 
6.307750e+03 2.549668e+07 2.298228e+06 
9.064000e+03 3.703323e+07 9.837181e+05 
9.778700e+03 3.938196e+07 8.764034e+05 
8.434100e+03 3.411012e+07 1.133115e+06 
8.480300e+03 3.461581e+07 1.063994e+06 
6.642750e+03 2.699782e+07 1.957750e+06 
6.268750e+03 2.536731e+07 2.468467e+06 
6.957250e+03 2.795614e+07 1.787511e+06 
7.025200e+03 2.798310e+07 1.702391e+06 
6.286900e+03 2.540547e+07 2.383347e+06 
6.696800e+03 2.711807e+07 1.872630e+06 
6.444000e+03 2.599822e+07 2.042869e+06 
7.192000e+03 2.910398e+07 1.532152e+06 
7.857800e+03 3.125592e+07 1.276793e+06 
7.211650e+03 2.931547e+07 1.361913e+06 
6.643000e+03 2.687292e+07 1.957750e+06 
6.950000e+03 2.802220e+07 1.787511e+06 
6.948750e+03 2.807066e+07 1.702391e+06 
8.434000e+03 3.466325e+07 1.133115e+06 
9.614000e+03 3.935652e+07 9.121750e+05 

6.658150e+03 2.749736e+07 2.042869e+06 
8.325600e+03 3.351162e+07 1.133115e+06 
6.360250e+03 2.570105e+07 2.383347e+06 
6.647750e+03 2.748703e+07 2.042869e+06 
6.465000e+03 2.633348e+07 2.298228e+06 
7.287550e+03 3.007414e+07 1.447032e+06 
7.020150e+03 2.893334e+07 1.787511e+06 
7.017650e+03 2.896255e+07 1.787511e+06 
8.126950e+03 3.346312e+07 1.133115e+06 
6.461600e+03 2.644345e+07 2.298228e+06 
6.278550e+03 2.539690e+07 2.553587e+06 
7.270050e+03 2.990509e+07 1.447032e+06 
9.691300e+03 3.973872e+07 9.820330e+05 
8.332750e+03 3.384649e+07 1.106554e+06 
6.655200e+03 2.740446e+07 2.042869e+06 
8.414650e+03 3.405335e+07 1.057574e+06 
7.870650e+03 3.251920e+07 1.276793e+06 
6.276100e+03 2.544182e+07 2.553587e+06 
6.860350e+03 2.790201e+07 1.872630e+06 
8.528850e+03 3.459988e+07 1.021435e+06 
8.299650e+03 3.353292e+07 1.106554e+06 
6.632550e+03 2.727576e+07 2.127989e+06 
9.837400e+03 4.036710e+07 9.363151e+05 
6.656550e+03 2.730226e+07 2.213108e+06 
7.322500e+03 3.022767e+07 1.359738e+06 
6.305050e+03 2.544165e+07 2.553587e+06 
6.619150e+03 2.722726e+07 2.213108e+06 
6.314550e+03 2.549477e+07 2.468467e+06 
9.472450e+03 3.905330e+07 9.820330e+05 
7.031850e+03 2.895406e+07 1.787511e+06 
6.465750e+03 2.634031e+07 2.298228e+06 
8.046800e+03 3.280217e+07 1.159753e+06 
6.287200e+03 2.548930e+07 2.553587e+06 
6.275600e+03 2.551279e+07 2.553587e+06 
8.503850e+03 3.425950e+07 1.021435e+06 
8.201350e+03 3.338439e+07 1.133115e+06 
7.560500e+03 3.139435e+07 1.284197e+06 
9.802150e+03 3.976798e+07 9.363151e+05 
6.288100e+03 2.539891e+07 2.468467e+06 
8.139550e+03 3.319946e+07 1.208656e+06 
6.382400e+03 2.578714e+07 2.383347e+06 
7.713700e+03 3.154102e+07 1.284197e+06 
6.998050e+03 2.904070e+07 1.787511e+06 
7.205700e+03 3.005029e+07 1.702391e+06 
6.872450e+03 2.798925e+07 1.957750e+06 
7.973300e+03 3.292195e+07 1.208656e+06 
7.323550e+03 3.023937e+07 1.361913e+06 
7.372650e+03 3.020936e+07 1.361913e+06 
7.231650e+03 2.973290e+07 1.532152e+06 
9.800550e+03 3.992899e+07 9.363151e+05 

