1.508215e+02 3.463401e+07 3.814935e+06 
1.588538e+02 3.369372e+07 3.814935e+06 
1.590312e+02 3.362181e+07 3.814935e+06 
1.786110e+02 3.229321e+07 3.814935e+06 
2.075014e+02 3.161902e+07 3.814935e+06 
1.953492e+02 3.189657e+07 3.814935e+06 
1.993348e+02 3.173771e+07 3.814935e+06 
1.707092e+02 3.297302e+07 3.814935e+06 
1.498899e+02 3.472103e+07 3.814935e+06 
1.497921e+02 3.477106e+07 3.814935e+06 
1.957666e+02 3.188295e+07 3.814935e+06 
1.482747e+02 3.548508e+07 3.814935e+06 
1.482747e+02 3.548508e+07 3.814935e+06 
1.482747e+02 3.548508e+07 3.814935e+06 
1.482747e+02 3.548508e+07 3.814935e+06 
1.482747e+02 3.548508e+07 3.814935e+06 
1.482747e+02 3.548508e+07 3.814935e+06 
1.482747e+02 3.548508e+07 3.814935e+06 
1.482747e+02 3.548508e+07 3.814935e+06 
1.482747e+02 3.548508e+07 3.814935e+06 
1.482747e+02 3.548508e+07 3.814935e+06 
1.482747e+02 3.548508e+07 3.814935e+06 
1.482747e+02 3.548508e+07 3.814935e+06 
1.482747e+02 3.548508e+07 3.814935e+06 
1.482747e+02 3.548508e+07 3.814935e+06 
1.482747e+02 3.548508e+07 3.814935e+06 
1.482747e+02 3.548508e+07 3.814935e+06 
1.482747e+02 3.548508e+07 3.814935e+06 
1.482747e+02 3.548508e+07 3.814935e+06 
1.482747e+02 3.548508e+07 3.814935e+06 
1.482747e+02 3.548508e+07 3.814935e+06 
1.482747e+02 3.548508e+07 3.814935e+06 
1.482747e+02 3.548508e+07 3.814935e+06 
1.482747e+02 3.548508e+07 3.814935e+06 
1.482747e+02 3.548508e+07 3.814935e+06 
1.482747e+02 3.548508e+07 3.814935e+06 
1.482747e+02 3.548508e+07 3.814935e+06 
1.482747e+02 3.548508e+07 3.814935e+06 
1.482747e+02 3.548508e+07 3.814935e+06 
1.482747e+02 3.548508e+07 3.814935e+06 
1.482747e+02 3.548508e+07 3.814935e+06 
1.482747e+02 3.548508e+07 3.814935e+06 
1.482747e+02 3.548508e+07 3.814935e+06 
1.482747e+02 3.548508e+07 3.814935e+06 
1.482747e+02 3.548508e+07 3.814935e+06 
1.482747e+02 3.548508e+07 3.814935e+06 
1.482747e+02 3.548508e+07 3.814935e+06 
1.482747e+02 3.548508e+07 3.814935e+06 
1.482747e+02 3.548508e+07 3.814935e+06 
1.482747e+02 3.548508e+07 3.814935e+06 
1.482747e+02 3.548508e+07 3.814935e+06 
1.482747e+02 3.548508e+07 3.814935e+06 
1.482747e+02 3.548508e+07 3.814935e+06 
1.482747e+02 3.548508e+07 3.814935e+06 
1.482747e+02 3.548508e+07 3.814935e+06 
1.482747e+02 3.548508e+07 3.814935e+06 
1.482747e+02 3.548508e+07 3.814935e+06 
1.482747e+02 3.548508e+07 3.814935e+06 
1.482747e+02 3.548508e+07 3.814935e+06 
1.482747e+02 3.548508e+07 3.814935e+06 
1.728591e+02 3.267319e+07 3.814935e+06 
1.499876e+02 3.467100e+07 3.814935e+06 
1.583895e+02 3.382856e+07 3.814935e+06 
1.921997e+02 3.200452e+07 3.814935e+06 
1.724684e+02 3.289354e+07 3.814935e+06 
1.925771e+02 3.198130e+07 3.814935e+06 
1.587764e+02 3.375161e+07 3.814935e+06 
1.511872e+02 3.412014e+07 3.814935e+06 
1.907432e+02 3.202992e+07 3.814935e+06 
1.941855e+02 3.190018e+07 3.814935e+06 
1.756033e+02 3.263832e+07 3.814935e+06 
1.686872e+02 3.299999e+07 3.814935e+06 
1.618185e+02 3.347687e+07 3.814935e+06 
2.168574e+02 3.145691e+07 3.814935e+06 
1.659868e+02 3.323194e+07 3.814935e+06 
1.545409e+02 3.398804e+07 3.814935e+06 
1.496459e+02 3.500952e+07 3.814935e+06 
1.900035e+02 3.211521e+07 3.814935e+06 
1.609165e+02 3.360611e+07 3.814935e+06 
1.623472e+02 3.324490e+07 3.814935e+06 
1.976665e+02 3.177926e+07 3.814935e+06 
1.825110e+02 3.216384e+07 3.814935e+06 
1.488120e+02 3.504650e+07 3.814935e+06 
1.497598e+02 3.489668e+07 3.814935e+06 
1.614098e+02 3.351463e+07 3.814935e+06 
1.778334e+02 3.244219e+07 3.814935e+06 
1.576664e+02 3.389215e+07 3.814935e+06 
1.762790e+02 3.251334e+07 3.814935e+06 
1.682894e+02 3.316743e+07 3.814935e+06 
1.708989e+02 3.293572e+07 3.814935e+06 
1.676233e+02 3.317863e+07 3.814935e+06 
1.553410e+02 3.391587e+07 3.814935e+06 
1.691617e+02 3.298022e+07 3.814935e+06 
1.922445e+02 3.199826e+07 3.814935e+06 
2.006487e+02 3.166242e+07 3.814935e+06 
1.577685e+02 3.388582e+07 3.814935e+06 
1.718180e+02 3.292975e+07 3.814935e+06 
1.497759e+02 3.483387e+07 3.814935e+06 
1.741259e+02 3.264996e+07 3.814935e+06 
1.875032e+02 3.213879e+07 3.814935e+06 

2.061115e+02 3.206281e+07 3.814935e+06 
1.705933e+02 3.273151e+07 3.814935e+06 
1.573086e+02 3.371048e+07 3.814935e+06 
2.134255e+02 3.195437e+07 3.814935e+06 
1.603090e+02 3.343292e+07 3.814935e+06 
2.078410e+02 3.202971e+07 3.814935e+06 
1.752146e+02 3.271560e+07 3.814935e+06 
1.482747e+02 3.548508e+07 3.814935e+06 
1.482747e+02 3.548508e+07 3.814935e+06 
1.482747e+02 3.548508e+07 3.814935e+06 
1.482747e+02 3.548508e+07 3.814935e+06 
1.482747e+02 3.548508e+07 3.814935e+06 
1.482747e+02 3.548508e+07 3.814935e+06 
1.482747e+02 3.548508e+07 3.814935e+06 
1.482747e+02 3.548508e+07 3.814935e+06 
1.482747e+02 3.548508e+07 3.814935e+06 
1.482747e+02 3.548508e+07 3.814935e+06 
1.482747e+02 3.548508e+07 3.814935e+06 
1.482747e+02 3.548508e+07 3.814935e+06 
1.482747e+02 3.548508e+07 3.814935e+06 
1.482747e+02 3.548508e+07 3.814935e+06 
1.482747e+02 3.548508e+07 3.814935e+06 
1.482747e+02 3.548508e+07 3.814935e+06 
1.482747e+02 3.548508e+07 3.814935e+06 
1.482747e+02 3.548508e+07 3.814935e+06 
1.482747e+02 3.548508e+07 3.814935e+06 
1.482747e+02 3.548508e+07 3.814935e+06 
1.482747e+02 3.548508e+07 3.814935e+06 
1.482747e+02 3.548508e+07 3.814935e+06 
1.482747e+02 3.548508e+07 3.814935e+06 
1.482747e+02 3.548508e+07 3.814935e+06 
1.482747e+02 3.548508e+07 3.814935e+06 
1.482747e+02 3.548508e+07 3.814935e+06 
1.482747e+02 3.548508e+07 3.814935e+06 
1.482747e+02 3.548508e+07 3.814935e+06 
1.482747e+02 3.548508e+07 3.814935e+06 
1.482747e+02 3.548508e+07 3.814935e+06 
1.482747e+02 3.548508e+07 3.814935e+06 
1.482747e+02 3.548508e+07 3.814935e+06 
1.482747e+02 3.548508e+07 3.814935e+06 
1.482747e+02 3.548508e+07 3.814935e+06 
1.482747e+02 3.548508e+07 3.814935e+06 
1.482747e+02 3.548508e+07 3.814935e+06 
1.482747e+02 3.548508e+07 3.814935e+06 
1.482747e+02 3.548508e+07 3.814935e+06 
1.482747e+02 3.548508e+07 3.814935e+06 
1.482747e+02 3.548508e+07 3.814935e+06 
1.482747e+02 3.548508e+07 3.814935e+06 
1.482747e+02 3.548508e+07 3.814935e+06 
1.482747e+02 3.548508e+07 3.814935e+06 
1.482747e+02 3.548508e+07 3.814935e+06 
1.482747e+02 3.548508e+07 3.814935e+06 
1.482747e+02 3.548508e+07 3.814935e+06 
1.482747e+02 3.548508e+07 3.814935e+06 
1.482747e+02 3.548508e+07 3.814935e+06 
1.482747e+02 3.548508e+07 3.814935e+06 
1.482747e+02 3.548508e+07 3.814935e+06 
1.482747e+02 3.548508e+07 3.814935e+06 
1.659960e+02 3.314277e+07 3.814935e+06 
1.641486e+02 3.316107e+07 3.814935e+06 
1.541804e+02 3.412926e+07 3.814935e+06 
1.991637e+02 3.206189e+07 3.814935e+06 
1.636455e+02 3.328771e+07 3.814935e+06 
1.950971e+02 3.215818e+07 3.814935e+06 
1.638872e+02 3.326793e+07 3.814935e+06 
1.610489e+02 3.331352e+07 3.814935e+06 
1.856328e+02 3.246885e+07 3.814935e+06 
1.594185e+02 3.343858e+07 3.814935e+06 
1.830816e+02 3.252539e+07 3.814935e+06 
1.627192e+02 3.329663e+07 3.814935e+06 
2.134455e+02 3.188406e+07 3.814935e+06 
1.939795e+02 3.217720e+07 3.814935e+06 
1.812436e+02 3.261139e+07 3.814935e+06 
1.590722e+02 3.363577e+07 3.814935e+06 
1.861154e+02 3.228246e+07 3.814935e+06 
1.586351e+02 3.366353e+07 3.814935e+06 
1.567899e+02 3.384632e+07 3.814935e+06 
2.021899e+02 3.204533e+07 3.814935e+06 
1.488120e+02 3.504650e+07 3.814935e+06 
1.944593e+02 3.236485e+07 3.814935e+06 
1.586241e+02 3.370917e+07 3.814935e+06 
1.491215e+02 3.483360e+07 3.814935e+06 
1.509677e+02 3.439555e+07 3.814935e+06 
1.502155e+02 3.444532e+07 3.814935e+06 
1.497921e+02 3.477106e+07 3.814935e+06 
1.489098e+02 3.499647e+07 3.814935e+06 
1.561619e+02 3.385261e+07 3.814935e+06 
1.500693e+02 3.468378e+07 3.814935e+06 
1.532164e+02 3.434190e+07 3.814935e+06 
1.526435e+02 3.435442e+07 3.814935e+06 
1.496620e+02 3.494671e+07 3.814935e+06 
1.809874e+02 3.270217e+07 3.814935e+06 
1.991378e+02 3.210619e+07 3.814935e+06 
1.687320e+02 3.292133e+07 3.814935e+06 
1.883511e+02 3.222922e+07 3.814935e+06 
1.593316e+02 3.359209e+07 3.814935e+06 
1.813395e+02 3.260930e+07 3.814935e+06 
1.677345e+02 3.295048e+07 3.814935e+06 
1.533958e+02 3.430465e+07 3.814935e+06 
1.675196e+02 3.309143e+07 3.814935e+06 

1.711624e+02 3.304772e+07 3.814935e+06 
2.128848e+02 3.142812e+07 3.814935e+06 
1.531154e+02 3.402459e+07 3.814935e+06 
1.704401e+02 3.308519e+07 3.814935e+06 
1.572812e+02 3.366508e+07 3.814935e+06 
1.776023e+02 3.282750e+07 3.814935e+06 
1.482747e+02 3.548508e+07 3.814935e+06 
1.482747e+02 3.548508e+07 3.814935e+06 
1.482747e+02 3.548508e+07 3.814935e+06 
1.482747e+02 3.548508e+07 3.814935e+06 
1.482747e+02 3.548508e+07 3.814935e+06 
1.482747e+02 3.548508e+07 3.814935e+06 
1.482747e+02 3.548508e+07 3.814935e+06 
1.482747e+02 3.548508e+07 3.814935e+06 
1.482747e+02 3.548508e+07 3.814935e+06 
1.482747e+02 3.548508e+07 3.814935e+06 
1.482747e+02 3.548508e+07 3.814935e+06 
1.482747e+02 3.548508e+07 3.814935e+06 
1.482747e+02 3.548508e+07 3.814935e+06 
1.482747e+02 3.548508e+07 3.814935e+06 
1.482747e+02 3.548508e+07 3.814935e+06 
1.482747e+02 3.548508e+07 3.814935e+06 
1.482747e+02 3.548508e+07 3.814935e+06 
1.482747e+02 3.548508e+07 3.814935e+06 
1.482747e+02 3.548508e+07 3.814935e+06 
1.482747e+02 3.548508e+07 3.814935e+06 
1.482747e+02 3.548508e+07 3.814935e+06 
1.482747e+02 3.548508e+07 3.814935e+06 
1.482747e+02 3.548508e+07 3.814935e+06 
1.482747e+02 3.548508e+07 3.814935e+06 
1.482747e+02 3.548508e+07 3.814935e+06 
1.482747e+02 3.548508e+07 3.814935e+06 
1.482747e+02 3.548508e+07 3.814935e+06 
1.482747e+02 3.548508e+07 3.814935e+06 
1.482747e+02 3.548508e+07 3.814935e+06 
1.482747e+02 3.548508e+07 3.814935e+06 
1.482747e+02 3.548508e+07 3.814935e+06 
1.482747e+02 3.548508e+07 3.814935e+06 
1.482747e+02 3.548508e+07 3.814935e+06 
1.482747e+02 3.548508e+07 3.814935e+06 
1.482747e+02 3.548508e+07 3.814935e+06 
1.482747e+02 3.548508e+07 3.814935e+06 
1.482747e+02 3.548508e+07 3.814935e+06 
1.482747e+02 3.548508e+07 3.814935e+06 
1.482747e+02 3.548508e+07 3.814935e+06 
1.482747e+02 3.548508e+07 3.814935e+06 
1.482747e+02 3.548508e+07 3.814935e+06 
2.156970e+02 3.133198e+07 3.814935e+06 
1.982198e+02 3.189639e+07 3.814935e+06 
2.027536e+02 3.175852e+07 3.814935e+06 
2.082484e+02 3.152694e+07 3.814935e+06 
2.252669e+02 3.127841e+07 3.814935e+06 
1.902703e+02 3.235326e+07 3.814935e+06 
1.950986e+02 3.209484e+07 3.814935e+06 
1.996946e+02 3.178482e+07 3.814935e+06 
1.492515e+02 3.465796e+07 3.814935e+06 
2.047394e+02 3.171722e+07 3.814935e+06 
1.796605e+02 3.244231e+07 3.814935e+06 
1.669681e+02 3.337023e+07 3.814935e+06 
1.652197e+02 3.339152e+07 3.814935e+06 
1.639141e+02 3.340110e+07 3.814935e+06 
1.485842e+02 3.527218e+07 3.814935e+06 
2.155038e+02 3.138557e+07 3.814935e+06 
1.690745e+02 3.320912e+07 3.814935e+06 
1.490398e+02 3.482082e+07 3.814935e+06 
1.517693e+02 3.448419e+07 3.814935e+06 
1.605240e+02 3.358391e+07 3.814935e+06 
1.700412e+02 3.308895e+07 3.814935e+06 
2.123660e+02 3.150527e+07 3.814935e+06 
1.912584e+02 3.219263e+07 3.814935e+06 
1.744810e+02 3.290525e+07 3.814935e+06 
1.683319e+02 3.336136e+07 3.814935e+06 
2.154956e+02 3.139251e+07 3.814935e+06 
1.630229e+02 3.355022e+07 3.814935e+06 
1.951601e+02 3.206184e+07 3.814935e+06 
1.938996e+02 3.211783e+07 3.814935e+06 
1.489098e+02 3.499647e+07 3.814935e+06 
1.881588e+02 3.240198e+07 3.814935e+06 
1.969792e+02 3.190798e+07 3.814935e+06 
1.781140e+02 3.279520e+07 3.814935e+06 
2.257578e+02 3.126645e+07 3.814935e+06 
1.517855e+02 3.442138e+07 3.814935e+06 
2.210990e+02 3.131409e+07 3.814935e+06 
2.057806e+02 3.170435e+07 3.814935e+06 
1.526859e+02 3.424181e+07 3.814935e+06 
2.068730e+02 3.152874e+07 3.814935e+06 
2.066943e+02 3.153186e+07 3.814935e+06 
1.724446e+02 3.295294e+07 3.814935e+06 
1.751680e+02 3.284690e+07 3.814935e+06 
2.201852e+02 3.131987e+07 3.814935e+06 
1.966738e+02 3.193331e+07 3.814935e+06 
1.495448e+02 3.450787e+07 3.814935e+06 
1.692099e+02 3.318677e+07 3.814935e+06 
1.491376e+02 3.477079e+07 3.814935e+06 
1.542209e+02 3.393869e+07 3.814935e+06 
2.066422e+02 3.168871e+07 3.814935e+06 
1.490237e+02 3.488363e+07 3.814935e+06 
1.782319e+02 3.273403e+07 3.814935e+06 
2.059700e+02 3.169456e+07 3.814935e+06 
1.885681e+02 3.239631e+07 3.814935e+06 

1.715055e+02 3.303279e+07 3.814935e+06 
1.498899e+02 3.472103e+07 3.814935e+06 
2.169076e+02 3.159723e+07 3.814935e+06 
1.572106e+02 3.367386e+07 3.814935e+06 
1.482747e+02 3.548508e+07 3.814935e+06 
1.482747e+02 3.548508e+07 3.814935e+06 
1.482747e+02 3.548508e+07 3.814935e+06 
1.482747e+02 3.548508e+07 3.814935e+06 
1.482747e+02 3.548508e+07 3.814935e+06 
1.482747e+02 3.548508e+07 3.814935e+06 
1.482747e+02 3.548508e+07 3.814935e+06 
1.482747e+02 3.548508e+07 3.814935e+06 
1.482747e+02 3.548508e+07 3.814935e+06 
1.482747e+02 3.548508e+07 3.814935e+06 
1.482747e+02 3.548508e+07 3.814935e+06 
1.482747e+02 3.548508e+07 3.814935e+06 
1.482747e+02 3.548508e+07 3.814935e+06 
1.482747e+02 3.548508e+07 3.814935e+06 
1.482747e+02 3.548508e+07 3.814935e+06 
1.482747e+02 3.548508e+07 3.814935e+06 
1.482747e+02 3.548508e+07 3.814935e+06 
1.482747e+02 3.548508e+07 3.814935e+06 
1.482747e+02 3.548508e+07 3.814935e+06 
1.482747e+02 3.548508e+07 3.814935e+06 
1.482747e+02 3.548508e+07 3.814935e+06 
1.482747e+02 3.548508e+07 3.814935e+06 
1.482747e+02 3.548508e+07 3.814935e+06 
1.482747e+02 3.548508e+07 3.814935e+06 
1.482747e+02 3.548508e+07 3.814935e+06 
1.482747e+02 3.548508e+07 3.814935e+06 
1.482747e+02 3.548508e+07 3.814935e+06 
1.482747e+02 3.548508e+07 3.814935e+06 
1.482747e+02 3.548508e+07 3.814935e+06 
1.482747e+02 3.548508e+07 3.814935e+06 
1.482747e+02 3.548508e+07 3.814935e+06 
1.482747e+02 3.548508e+07 3.814935e+06 
1.482747e+02 3.548508e+07 3.814935e+06 
1.482747e+02 3.548508e+07 3.814935e+06 
1.482747e+02 3.548508e+07 3.814935e+06 
1.482747e+02 3.548508e+07 3.814935e+06 
1.482747e+02 3.548508e+07 3.814935e+06 
1.482747e+02 3.548508e+07 3.814935e+06 
1.482747e+02 3.548508e+07 3.814935e+06 
1.482747e+02 3.548508e+07 3.814935e+06 
1.482747e+02 3.548508e+07 3.814935e+06 
1.482747e+02 3.548508e+07 3.814935e+06 
1.482747e+02 3.548508e+07 3.814935e+06 
1.482747e+02 3.548508e+07 3.814935e+06 
1.482747e+02 3.548508e+07 3.814935e+06 
1.482747e+02 3.548508e+07 3.814935e+06 
1.482747e+02 3.548508e+07 3.814935e+06 
1.482747e+02 3.548508e+07 3.814935e+06 
1.482747e+02 3.548508e+07 3.814935e+06 
1.482747e+02 3.548508e+07 3.814935e+06 
1.482747e+02 3.548508e+07 3.814935e+06 
1.482747e+02 3.548508e+07 3.814935e+06 
1.482747e+02 3.548508e+07 3.814935e+06 
1.482747e+02 3.548508e+07 3.814935e+06 
1.482747e+02 3.548508e+07 3.814935e+06 
1.482747e+02 3.548508e+07 3.814935e+06 
1.482747e+02 3.548508e+07 3.814935e+06 
1.815663e+02 3.236765e+07 3.814935e+06 
1.896508e+02 3.183019e+07 3.814935e+06 
1.551094e+02 3.388106e+07 3.814935e+06 
1.843011e+02 3.216819e+07 3.814935e+06 
1.620916e+02 3.341357e+07 3.814935e+06 
1.924454e+02 3.170778e+07 3.814935e+06 
1.507344e+02 3.427374e+07 3.814935e+06 
1.645211e+02 3.330357e+07 3.814935e+06 
1.812478e+02 3.240868e+07 3.814935e+06 
1.659031e+02 3.317082e+07 3.814935e+06 
1.491215e+02 3.483360e+07 3.814935e+06 
1.564151e+02 3.367812e+07 3.814935e+06 
1.881590e+02 3.205146e+07 3.814935e+06 
1.497921e+02 3.477106e+07 3.814935e+06 
1.841779e+02 3.221919e+07 3.814935e+06 
1.722925e+02 3.287299e+07 3.814935e+06 
1.886947e+02 3.199746e+07 3.814935e+06 
1.536368e+02 3.524243e+07 3.814935e+06 
2.096647e+02 3.153592e+07 3.814935e+06 
1.583942e+02 3.347790e+07 3.814935e+06 
2.039816e+02 3.155754e+07 3.814935e+06 
1.502316e+02 3.438251e+07 3.814935e+06 
1.637165e+02 3.338538e+07 3.814935e+06 
1.762752e+02 3.242687e+07 3.814935e+06 
1.734472e+02 3.287089e+07 3.814935e+06 
1.677215e+02 3.309945e+07 3.814935e+06 
2.135858e+02 3.150808e+07 3.814935e+06 
1.715182e+02 3.288430e+07 3.814935e+06 
1.512058e+02 3.400671e+07 3.814935e+06 
1.562489e+02 3.382328e+07 3.814935e+06 
1.825716e+02 3.229743e+07 3.814935e+06 
1.489914e+02 3.500925e+07 3.814935e+06 
1.884686e+02 3.202699e+07 3.814935e+06 
2.027106e+02 3.165865e+07 3.814935e+06 
1.847346e+02 3.209383e+07 3.814935e+06 
1.713578e+02 3.309082e+07 3.814935e+06 
2.007444e+02 3.169916e+07 3.814935e+06 
1.859582e+02 3.207491e+07 3.814935e+06 
1.738585e+02 3.260986e+07 3.814935e+06 

1.809794e+02 3.237169e+07 3.814935e+06 
1.722832e+02 3.279880e+07 3.814935e+06 
1.674028e+02 3.298892e+07 3.814935e+06 
1.976310e+02 3.159444e+07 3.814935e+06 
1.482747e+02 3.548508e+07 3.814935e+06 
1.482747e+02 3.548508e+07 3.814935e+06 
1.482747e+02 3.548508e+07 3.814935e+06 
1.482747e+02 3.548508e+07 3.814935e+06 
1.482747e+02 3.548508e+07 3.814935e+06 
1.482747e+02 3.548508e+07 3.814935e+06 
1.482747e+02 3.548508e+07 3.814935e+06 
1.482747e+02 3.548508e+07 3.814935e+06 
1.482747e+02 3.548508e+07 3.814935e+06 
1.482747e+02 3.548508e+07 3.814935e+06 
1.482747e+02 3.548508e+07 3.814935e+06 
1.482747e+02 3.548508e+07 3.814935e+06 
1.482747e+02 3.548508e+07 3.814935e+06 
1.482747e+02 3.548508e+07 3.814935e+06 
1.482747e+02 3.548508e+07 3.814935e+06 
1.482747e+02 3.548508e+07 3.814935e+06 
1.482747e+02 3.548508e+07 3.814935e+06 
1.482747e+02 3.548508e+07 3.814935e+06 
1.482747e+02 3.548508e+07 3.814935e+06 
1.482747e+02 3.548508e+07 3.814935e+06 
1.482747e+02 3.548508e+07 3.814935e+06 
1.482747e+02 3.548508e+07 3.814935e+06 
1.482747e+02 3.548508e+07 3.814935e+06 
1.482747e+02 3.548508e+07 3.814935e+06 
1.482747e+02 3.548508e+07 3.814935e+06 
1.482747e+02 3.548508e+07 3.814935e+06 
1.482747e+02 3.548508e+07 3.814935e+06 
1.482747e+02 3.548508e+07 3.814935e+06 
1.482747e+02 3.548508e+07 3.814935e+06 
1.482747e+02 3.548508e+07 3.814935e+06 
1.482747e+02 3.548508e+07 3.814935e+06 
1.482747e+02 3.548508e+07 3.814935e+06 
1.482747e+02 3.548508e+07 3.814935e+06 
1.482747e+02 3.548508e+07 3.814935e+06 
1.482747e+02 3.548508e+07 3.814935e+06 
1.482747e+02 3.548508e+07 3.814935e+06 
1.482747e+02 3.548508e+07 3.814935e+06 
1.482747e+02 3.548508e+07 3.814935e+06 
1.482747e+02 3.548508e+07 3.814935e+06 
1.482747e+02 3.548508e+07 3.814935e+06 
1.482747e+02 3.548508e+07 3.814935e+06 
1.482747e+02 3.548508e+07 3.814935e+06 
1.482747e+02 3.548508e+07 3.814935e+06 
1.482747e+02 3.548508e+07 3.814935e+06 
1.482747e+02 3.548508e+07 3.814935e+06 
1.482747e+02 3.548508e+07 3.814935e+06 
1.482747e+02 3.548508e+07 3.814935e+06 
1.482747e+02 3.548508e+07 3.814935e+06 
1.482747e+02 3.548508e+07 3.814935e+06 
1.482747e+02 3.548508e+07 3.814935e+06 
1.482747e+02 3.548508e+07 3.814935e+06 
1.482747e+02 3.548508e+07 3.814935e+06 
1.482747e+02 3.548508e+07 3.814935e+06 
1.482747e+02 3.548508e+07 3.814935e+06 
1.482747e+02 3.548508e+07 3.814935e+06 
1.482747e+02 3.548508e+07 3.814935e+06 
2.004693e+02 3.154524e+07 3.814935e+06 
1.787673e+02 3.226994e+07 3.814935e+06 
1.838269e+02 3.208915e+07 3.814935e+06 
1.655005e+02 3.331485e+07 3.814935e+06 
1.785601e+02 3.237758e+07 3.814935e+06 
1.767331e+02 3.255738e+07 3.814935e+06 
1.784580e+02 3.249148e+07 3.814935e+06 
1.519810e+02 3.432132e+07 3.814935e+06 
1.984059e+02 3.175577e+07 3.814935e+06 
1.487304e+02 3.503372e+07 3.814935e+06 
1.517038e+02 3.440860e+07 3.814935e+06 
1.771489e+02 3.249597e+07 3.814935e+06 
1.487797e+02 3.517212e+07 3.814935e+06 
1.643480e+02 3.341987e+07 3.814935e+06 
1.897128e+02 3.197980e+07 3.814935e+06 
1.663933e+02 3.295883e+07 3.814935e+06 
1.626933e+02 3.362589e+07 3.814935e+06 
1.490560e+02 3.475801e+07 3.814935e+06 
1.604032e+02 3.362855e+07 3.814935e+06 
1.730480e+02 3.264590e+07 3.814935e+06 
1.708872e+02 3.282954e+07 3.814935e+06 
1.619146e+02 3.354970e+07 3.814935e+06 
1.534119e+02 3.424184e+07 3.814935e+06 
1.829738e+02 3.214509e+07 3.814935e+06 
1.491538e+02 3.470798e+07 3.814935e+06 
1.587236e+02 3.384803e+07 3.814935e+06 
1.764642e+02 3.260326e+07 3.814935e+06 
1.903799e+02 3.197609e+07 3.814935e+06 
2.090080e+02 3.167469e+07 3.814935e+06 
1.557907e+02 3.401254e+07 3.814935e+06 
1.550991e+02 3.465673e+07 3.814935e+06 
1.693262e+02 3.292471e+07 3.814935e+06 
1.941162e+02 3.174215e+07 3.814935e+06 
1.660792e+02 3.331290e+07 3.814935e+06 
1.509516e+02 3.445836e+07 3.814935e+06 
1.576840e+02 3.404772e+07 3.814935e+06 
1.493654e+02 3.454512e+07 3.814935e+06 
1.905875e+02 3.208338e+07 3.814935e+06 
1.767931e+02 3.257809e+07 3.814935e+06 
1.549165e+02 3.414231e+07 3.814935e+06 

1.498737e+02 3.478384e+07 3.814935e+06 
1.491086e+02 3.544809e+07 3.814935e+06 
1.495804e+02 3.493392e+07 3.814935e+06 
1.861686e+02 3.225362e+07 3.814935e+06 
1.825787e+02 3.243330e+07 3.814935e+06 
1.482747e+02 3.548508e+07 3.814935e+06 
1.482747e+02 3.548508e+07 3.814935e+06 
1.482747e+02 3.548508e+07 3.814935e+06 
1.482747e+02 3.548508e+07 3.814935e+06 
1.482747e+02 3.548508e+07 3.814935e+06 
1.482747e+02 3.548508e+07 3.814935e+06 
1.482747e+02 3.548508e+07 3.814935e+06 
1.482747e+02 3.548508e+07 3.814935e+06 
1.482747e+02 3.548508e+07 3.814935e+06 
1.482747e+02 3.548508e+07 3.814935e+06 
1.482747e+02 3.548508e+07 3.814935e+06 
1.482747e+02 3.548508e+07 3.814935e+06 
1.482747e+02 3.548508e+07 3.814935e+06 
1.482747e+02 3.548508e+07 3.814935e+06 
1.482747e+02 3.548508e+07 3.814935e+06 
1.482747e+02 3.548508e+07 3.814935e+06 
1.482747e+02 3.548508e+07 3.814935e+06 
1.482747e+02 3.548508e+07 3.814935e+06 
1.482747e+02 3.548508e+07 3.814935e+06 
1.482747e+02 3.548508e+07 3.814935e+06 
1.482747e+02 3.548508e+07 3.814935e+06 
1.482747e+02 3.548508e+07 3.814935e+06 
1.482747e+02 3.548508e+07 3.814935e+06 
1.482747e+02 3.548508e+07 3.814935e+06 
1.482747e+02 3.548508e+07 3.814935e+06 
1.482747e+02 3.548508e+07 3.814935e+06 
1.482747e+02 3.548508e+07 3.814935e+06 
1.482747e+02 3.548508e+07 3.814935e+06 
1.482747e+02 3.548508e+07 3.814935e+06 
1.482747e+02 3.548508e+07 3.814935e+06 
1.482747e+02 3.548508e+07 3.814935e+06 
1.482747e+02 3.548508e+07 3.814935e+06 
1.482747e+02 3.548508e+07 3.814935e+06 
1.482747e+02 3.548508e+07 3.814935e+06 
1.482747e+02 3.548508e+07 3.814935e+06 
1.482747e+02 3.548508e+07 3.814935e+06 
1.482747e+02 3.548508e+07 3.814935e+06 
1.482747e+02 3.548508e+07 3.814935e+06 
1.482747e+02 3.548508e+07 3.814935e+06 
1.482747e+02 3.548508e+07 3.814935e+06 
1.482747e+02 3.548508e+07 3.814935e+06 
1.482747e+02 3.548508e+07 3.814935e+06 
1.482747e+02 3.548508e+07 3.814935e+06 
1.482747e+02 3.548508e+07 3.814935e+06 
1.482747e+02 3.548508e+07 3.814935e+06 
1.482747e+02 3.548508e+07 3.814935e+06 
1.482747e+02 3.548508e+07 3.814935e+06 
1.482747e+02 3.548508e+07 3.814935e+06 
1.482747e+02 3.548508e+07 3.814935e+06 
1.482747e+02 3.548508e+07 3.814935e+06 
1.499060e+02 3.465822e+07 3.814935e+06 
1.526027e+02 3.425249e+07 3.814935e+06 
1.508377e+02 3.457120e+07 3.814935e+06 
1.498737e+02 3.478384e+07 3.814935e+06 
1.582783e+02 3.369800e+07 3.814935e+06 
1.525781e+02 3.427883e+07 3.814935e+06 
1.545367e+02 3.393339e+07 3.814935e+06 
1.806299e+02 3.250387e+07 3.814935e+06 
1.495481e+02 3.505954e+07 3.814935e+06 
1.518832e+02 3.437135e+07 3.814935e+06 
1.684382e+02 3.285209e+07 3.814935e+06 
1.990727e+02 3.195031e+07 3.814935e+06 
1.597033e+02 3.346398e+07 3.814935e+06 
1.526626e+02 3.421514e+07 3.814935e+06 
1.772243e+02 3.259980e+07 3.814935e+06 
2.232095e+02 3.177987e+07 3.814935e+06 
1.563281e+02 3.392613e+07 3.814935e+06 
2.221228e+02 3.169200e+07 3.814935e+06 
2.181208e+02 3.177037e+07 3.814935e+06 
1.992468e+02 3.189286e+07 3.814935e+06 
1.637109e+02 3.323618e+07 3.814935e+06 
1.493203e+02 3.528522e+07 3.814935e+06 
1.521950e+02 3.428548e+07 3.814935e+06 
1.499060e+02 3.465822e+07 3.814935e+06 
1.885919e+02 3.201600e+07 3.814935e+06 
1.564882e+02 3.385468e+07 3.814935e+06 
1.836118e+02 3.227039e+07 3.814935e+06 
1.850572e+02 3.225468e+07 3.814935e+06 
1.971582e+02 3.199317e+07 3.814935e+06 
1.628365e+02 3.345349e+07 3.814935e+06 
1.494503e+02 3.510957e+07 3.814935e+06 
1.790305e+02 3.250517e+07 3.814935e+06 
1.566599e+02 3.371764e+07 3.814935e+06 
1.507399e+02 3.462123e+07 3.814935e+06 
1.496459e+02 3.500952e+07 3.814935e+06 
1.828283e+02 3.236678e+07 3.814935e+06 
1.819536e+02 3.243792e+07 3.814935e+06 
1.883320e+02 3.204389e+07 3.814935e+06 
2.002206e+02 3.235723e+07 3.814935e+06 
1.539980e+02 3.412630e+07 3.814935e+06 
1.540379e+02 3.407622e+07 3.814935e+06 
1.508538e+02 3.450839e+07 3.814935e+06 
1.719219e+02 3.266147e+07 3.814935e+06 
2.060990e+02 3.179167e+07 3.814935e+06 
1.643862e+02 3.316498e+07 3.814935e+06 

1.845065e+02 3.232180e+07 3.814935e+06 
2.013786e+02 3.189665e+07 3.814935e+06 
2.295507e+02 3.173240e+07 3.814935e+06 
1.493642e+02 3.468113e+07 3.814935e+06 
2.012504e+02 3.204496e+07 3.814935e+06 
1.984940e+02 3.207145e+07 3.814935e+06 
1.800712e+02 3.247772e+07 3.814935e+06 
1.482747e+02 3.548508e+07 3.814935e+06 
1.482747e+02 3.548508e+07 3.814935e+06 
1.482747e+02 3.548508e+07 3.814935e+06 
1.482747e+02 3.548508e+07 3.814935e+06 
1.482747e+02 3.548508e+07 3.814935e+06 
1.482747e+02 3.548508e+07 3.814935e+06 
1.482747e+02 3.548508e+07 3.814935e+06 
1.482747e+02 3.548508e+07 3.814935e+06 
1.482747e+02 3.548508e+07 3.814935e+06 
1.482747e+02 3.548508e+07 3.814935e+06 
1.482747e+02 3.548508e+07 3.814935e+06 
1.482747e+02 3.548508e+07 3.814935e+06 
1.482747e+02 3.548508e+07 3.814935e+06 
1.482747e+02 3.548508e+07 3.814935e+06 
1.482747e+02 3.548508e+07 3.814935e+06 
1.482747e+02 3.548508e+07 3.814935e+06 
1.482747e+02 3.548508e+07 3.814935e+06 
1.482747e+02 3.548508e+07 3.814935e+06 
1.482747e+02 3.548508e+07 3.814935e+06 
1.482747e+02 3.548508e+07 3.814935e+06 
1.482747e+02 3.548508e+07 3.814935e+06 
1.482747e+02 3.548508e+07 3.814935e+06 
1.482747e+02 3.548508e+07 3.814935e+06 
1.482747e+02 3.548508e+07 3.814935e+06 
1.482747e+02 3.548508e+07 3.814935e+06 
1.482747e+02 3.548508e+07 3.814935e+06 
1.482747e+02 3.548508e+07 3.814935e+06 
1.482747e+02 3.548508e+07 3.814935e+06 
1.482747e+02 3.548508e+07 3.814935e+06 
1.482747e+02 3.548508e+07 3.814935e+06 
1.482747e+02 3.548508e+07 3.814935e+06 
1.482747e+02 3.548508e+07 3.814935e+06 
1.482747e+02 3.548508e+07 3.814935e+06 
1.482747e+02 3.548508e+07 3.814935e+06 
1.482747e+02 3.548508e+07 3.814935e+06 
1.482747e+02 3.548508e+07 3.814935e+06 
1.482747e+02 3.548508e+07 3.814935e+06 
1.482747e+02 3.548508e+07 3.814935e+06 
1.482747e+02 3.548508e+07 3.814935e+06 
1.482747e+02 3.548508e+07 3.814935e+06 
1.482747e+02 3.548508e+07 3.814935e+06 
1.482747e+02 3.548508e+07 3.814935e+06 
1.482747e+02 3.548508e+07 3.814935e+06 
1.482747e+02 3.548508e+07 3.814935e+06 
1.482747e+02 3.548508e+07 3.814935e+06 
1.482747e+02 3.548508e+07 3.814935e+06 
1.482747e+02 3.548508e+07 3.814935e+06 
1.482747e+02 3.548508e+07 3.814935e+06 
1.482747e+02 3.548508e+07 3.814935e+06 
1.482747e+02 3.548508e+07 3.814935e+06 
1.482747e+02 3.548508e+07 3.814935e+06 
1.482747e+02 3.548508e+07 3.814935e+06 
1.482747e+02 3.548508e+07 3.814935e+06 
1.482747e+02 3.548508e+07 3.814935e+06 
1.713633e+02 3.301695e+07 3.814935e+06 
1.801148e+02 3.243152e+07 3.814935e+06 
1.759725e+02 3.261860e+07 3.814935e+06 
2.045118e+02 3.183251e+07 3.814935e+06 
1.490883e+02 3.473896e+07 3.814935e+06 
1.718985e+02 3.275430e+07 3.814935e+06 
2.102448e+02 3.181046e+07 3.814935e+06 
1.548971e+02 3.408947e+07 3.814935e+06 
2.107964e+02 3.176240e+07 3.814935e+06 
1.842090e+02 3.238841e+07 3.814935e+06 
1.845208e+02 3.211845e+07 3.814935e+06 
1.583408e+02 3.371315e+07 3.814935e+06 
1.814643e+02 3.241532e+07 3.814935e+06 
1.558433e+02 3.470262e+07 3.814935e+06 
2.120600e+02 3.174735e+07 3.814935e+06 
1.744866e+02 3.275061e+07 3.814935e+06 
1.550912e+02 3.405897e+07 3.814935e+06 
1.525325e+02 3.421651e+07 3.814935e+06 
1.620591e+02 3.344792e+07 3.814935e+06 
1.771651e+02 3.258444e+07 3.814935e+06 
1.488120e+02 3.504650e+07 3.814935e+06 
1.659549e+02 3.344475e+07 3.814935e+06 
1.608682e+02 3.355159e+07 3.814935e+06 
2.040454e+02 3.248021e+07 3.814935e+06 
1.561702e+02 3.397696e+07 3.814935e+06 
1.504926e+02 3.435804e+07 3.814935e+06 
1.670111e+02 3.313459e+07 3.814935e+06 
1.705327e+02 3.303557e+07 3.814935e+06 
2.108149e+02 3.175057e+07 3.814935e+06 
1.527046e+02 3.416881e+07 3.814935e+06 
1.515468e+02 3.422034e+07 3.814935e+06 
1.495481e+02 3.505954e+07 3.814935e+06 
1.491538e+02 3.470798e+07 3.814935e+06 
1.753078e+02 3.274224e+07 3.814935e+06 
2.031414e+02 3.187921e+07 3.814935e+06 
1.661083e+02 3.330078e+07 3.814935e+06 
1.588553e+02 3.355586e+07 3.814935e+06 
1.488282e+02 3.498369e+07 3.814935e+06 
2.124060e+02 3.166563e+07 3.814935e+06 

1.692675e+02 3.321196e+07 3.814935e+06 
1.929299e+02 3.217094e+07 3.814935e+06 
1.504110e+02 3.434526e+07 3.814935e+06 
1.753217e+02 3.299053e+07 3.814935e+06 
1.898787e+02 3.225884e+07 3.814935e+06 
2.060238e+02 3.188480e+07 3.814935e+06 
1.482747e+02 3.548508e+07 3.814935e+06 
1.482747e+02 3.548508e+07 3.814935e+06 
1.482747e+02 3.548508e+07 3.814935e+06 
1.482747e+02 3.548508e+07 3.814935e+06 
1.482747e+02 3.548508e+07 3.814935e+06 
1.482747e+02 3.548508e+07 3.814935e+06 
1.482747e+02 3.548508e+07 3.814935e+06 
1.482747e+02 3.548508e+07 3.814935e+06 
1.482747e+02 3.548508e+07 3.814935e+06 
1.482747e+02 3.548508e+07 3.814935e+06 
1.482747e+02 3.548508e+07 3.814935e+06 
1.482747e+02 3.548508e+07 3.814935e+06 
1.482747e+02 3.548508e+07 3.814935e+06 
1.482747e+02 3.548508e+07 3.814935e+06 
1.482747e+02 3.548508e+07 3.814935e+06 
1.482747e+02 3.548508e+07 3.814935e+06 
1.482747e+02 3.548508e+07 3.814935e+06 
1.482747e+02 3.548508e+07 3.814935e+06 
1.482747e+02 3.548508e+07 3.814935e+06 
1.482747e+02 3.548508e+07 3.814935e+06 
1.482747e+02 3.548508e+07 3.814935e+06 
1.482747e+02 3.548508e+07 3.814935e+06 
1.482747e+02 3.548508e+07 3.814935e+06 
1.482747e+02 3.548508e+07 3.814935e+06 
1.482747e+02 3.548508e+07 3.814935e+06 
1.482747e+02 3.548508e+07 3.814935e+06 
1.482747e+02 3.548508e+07 3.814935e+06 
1.482747e+02 3.548508e+07 3.814935e+06 
1.482747e+02 3.548508e+07 3.814935e+06 
1.482747e+02 3.548508e+07 3.814935e+06 
1.482747e+02 3.548508e+07 3.814935e+06 
1.482747e+02 3.548508e+07 3.814935e+06 
1.482747e+02 3.548508e+07 3.814935e+06 
1.482747e+02 3.548508e+07 3.814935e+06 
1.482747e+02 3.548508e+07 3.814935e+06 
1.482747e+02 3.548508e+07 3.814935e+06 
1.482747e+02 3.548508e+07 3.814935e+06 
1.482747e+02 3.548508e+07 3.814935e+06 
1.482747e+02 3.548508e+07 3.814935e+06 
1.482747e+02 3.548508e+07 3.814935e+06 
1.482747e+02 3.548508e+07 3.814935e+06 
1.482747e+02 3.548508e+07 3.814935e+06 
1.482747e+02 3.548508e+07 3.814935e+06 
1.482747e+02 3.548508e+07 3.814935e+06 
1.482747e+02 3.548508e+07 3.814935e+06 
1.482747e+02 3.548508e+07 3.814935e+06 
1.482747e+02 3.548508e+07 3.814935e+06 
1.482747e+02 3.548508e+07 3.814935e+06 
1.482747e+02 3.548508e+07 3.814935e+06 
1.482747e+02 3.548508e+07 3.814935e+06 
1.482747e+02 3.548508e+07 3.814935e+06 
1.482747e+02 3.548508e+07 3.814935e+06 
1.482747e+02 3.548508e+07 3.814935e+06 
1.482747e+02 3.548508e+07 3.814935e+06 
1.560112e+02 3.390995e+07 3.814935e+06 
1.773352e+02 3.279033e+07 3.814935e+06 
1.491376e+02 3.477079e+07 3.814935e+06 
1.945743e+02 3.212341e+07 3.814935e+06 
1.605203e+02 3.348891e+07 3.814935e+06 
1.985669e+02 3.193445e+07 3.814935e+06 
1.674824e+02 3.328814e+07 3.814935e+06 
1.704993e+02 3.318589e+07 3.814935e+06 
1.828817e+02 3.237232e+07 3.814935e+06 
1.754625e+02 3.293771e+07 3.814935e+06 
1.589056e+02 3.379628e+07 3.814935e+06 
1.896610e+02 3.231878e+07 3.814935e+06 
1.920784e+02 3.220272e+07 3.814935e+06 
1.794628e+02 3.276829e+07 3.814935e+06 
1.887513e+02 3.234709e+07 3.814935e+06 
1.802152e+02 3.271154e+07 3.814935e+06 
1.575866e+02 3.384217e+07 3.814935e+06 
1.936527e+02 3.216375e+07 3.814935e+06 
1.489259e+02 3.493366e+07 3.814935e+06 
1.649867e+02 3.339190e+07 3.814935e+06 
2.137834e+02 3.187964e+07 3.814935e+06 
1.684991e+02 3.324553e+07 3.814935e+06 
1.670354e+02 3.330566e+07 3.814935e+06 
1.638350e+02 3.344789e+07 3.814935e+06 
1.493170e+02 3.473355e+07 3.814935e+06 
1.652494e+02 3.331600e+07 3.814935e+06 
1.960282e+02 3.202428e+07 3.814935e+06 
1.587545e+02 3.382823e+07 3.814935e+06 
1.574825e+02 3.385872e+07 3.814935e+06 
1.489259e+02 3.493366e+07 3.814935e+06 
1.551031e+02 3.395632e+07 3.814935e+06 
1.716209e+02 3.305635e+07 3.814935e+06 
1.540664e+02 3.424210e+07 3.814935e+06 
1.538237e+02 3.424361e+07 3.814935e+06 
1.802188e+02 3.259630e+07 3.814935e+06 
1.675812e+02 3.326484e+07 3.814935e+06 
1.500038e+02 3.460819e+07 3.814935e+06 
1.876851e+02 3.237138e+07 3.814935e+06 
1.762891e+02 3.288992e+07 3.814935e+06 
1.501016e+02 3.455816e+07 3.814935e+06 

1.635629e+02 3.340495e+07 3.814935e+06 
1.905719e+02 3.215308e+07 3.814935e+06 
1.709890e+02 3.298473e+07 3.814935e+06 
1.721102e+02 3.287225e+07 3.814935e+06 
1.800448e+02 3.241765e+07 3.814935e+06 
2.036257e+02 3.176865e+07 3.814935e+06 
1.486981e+02 3.515934e+07 3.814935e+06 
1.623667e+02 3.345940e+07 3.814935e+06 
2.080329e+02 3.174183e+07 3.814935e+06 
1.482747e+02 3.548508e+07 3.814935e+06 
1.482747e+02 3.548508e+07 3.814935e+06 
1.482747e+02 3.548508e+07 3.814935e+06 
1.482747e+02 3.548508e+07 3.814935e+06 
1.482747e+02 3.548508e+07 3.814935e+06 
1.482747e+02 3.548508e+07 3.814935e+06 
1.482747e+02 3.548508e+07 3.814935e+06 
1.482747e+02 3.548508e+07 3.814935e+06 
1.482747e+02 3.548508e+07 3.814935e+06 
1.482747e+02 3.548508e+07 3.814935e+06 
1.482747e+02 3.548508e+07 3.814935e+06 
1.482747e+02 3.548508e+07 3.814935e+06 
1.482747e+02 3.548508e+07 3.814935e+06 
1.482747e+02 3.548508e+07 3.814935e+06 
1.482747e+02 3.548508e+07 3.814935e+06 
1.482747e+02 3.548508e+07 3.814935e+06 
1.482747e+02 3.548508e+07 3.814935e+06 
1.482747e+02 3.548508e+07 3.814935e+06 
1.482747e+02 3.548508e+07 3.814935e+06 
1.482747e+02 3.548508e+07 3.814935e+06 
1.482747e+02 3.548508e+07 3.814935e+06 
1.482747e+02 3.548508e+07 3.814935e+06 
1.482747e+02 3.548508e+07 3.814935e+06 
1.482747e+02 3.548508e+07 3.814935e+06 
1.482747e+02 3.548508e+07 3.814935e+06 
1.482747e+02 3.548508e+07 3.814935e+06 
1.482747e+02 3.548508e+07 3.814935e+06 
1.482747e+02 3.548508e+07 3.814935e+06 
1.482747e+02 3.548508e+07 3.814935e+06 
1.482747e+02 3.548508e+07 3.814935e+06 
1.482747e+02 3.548508e+07 3.814935e+06 
1.482747e+02 3.548508e+07 3.814935e+06 
1.482747e+02 3.548508e+07 3.814935e+06 
1.482747e+02 3.548508e+07 3.814935e+06 
1.482747e+02 3.548508e+07 3.814935e+06 
1.482747e+02 3.548508e+07 3.814935e+06 
1.482747e+02 3.548508e+07 3.814935e+06 
1.482747e+02 3.548508e+07 3.814935e+06 
1.482747e+02 3.548508e+07 3.814935e+06 
1.482747e+02 3.548508e+07 3.814935e+06 
1.482747e+02 3.548508e+07 3.814935e+06 
1.482747e+02 3.548508e+07 3.814935e+06 
1.482747e+02 3.548508e+07 3.814935e+06 
1.482747e+02 3.548508e+07 3.814935e+06 
1.482747e+02 3.548508e+07 3.814935e+06 
1.482747e+02 3.548508e+07 3.814935e+06 
1.482747e+02 3.548508e+07 3.814935e+06 
1.482747e+02 3.548508e+07 3.814935e+06 
1.482747e+02 3.548508e+07 3.814935e+06 
1.482747e+02 3.548508e+07 3.814935e+06 
1.491538e+02 3.470798e+07 3.814935e+06 
1.763685e+02 3.258506e+07 3.814935e+06 
2.098377e+02 3.172194e+07 3.814935e+06 
1.716674e+02 3.289833e+07 3.814935e+06 
1.808155e+02 3.237266e+07 3.814935e+06 
1.729553e+02 3.266676e+07 3.814935e+06 
1.706422e+02 3.303799e+07 3.814935e+06 
1.658384e+02 3.322494e+07 3.814935e+06 
1.693846e+02 3.304196e+07 3.814935e+06 
1.607180e+02 3.362143e+07 3.814935e+06 
1.534119e+02 3.424184e+07 3.814935e+06 
1.725584e+02 3.271857e+07 3.814935e+06 
1.640900e+02 3.335517e+07 3.814935e+06 
1.673602e+02 3.311743e+07 3.814935e+06 
1.658230e+02 3.332869e+07 3.814935e+06 
1.527252e+02 3.436720e+07 3.814935e+06 
1.569519e+02 3.375339e+07 3.814935e+06 
1.687353e+02 3.306142e+07 3.814935e+06 
1.837468e+02 3.225764e+07 3.814935e+06 
1.489098e+02 3.499647e+07 3.814935e+06 
1.725225e+02 3.275476e+07 3.814935e+06 
1.773696e+02 3.245108e+07 3.814935e+06 
1.716375e+02 3.293863e+07 3.814935e+06 
2.184969e+02 3.169627e+07 3.814935e+06 
1.515738e+02 3.458424e+07 3.814935e+06 
1.564290e+02 3.407561e+07 3.814935e+06 
1.587548e+02 3.367377e+07 3.814935e+06 
1.889668e+02 3.216779e+07 3.814935e+06 
1.542458e+02 3.420486e+07 3.814935e+06 
1.887342e+02 3.218043e+07 3.814935e+06 
1.665784e+02 3.314728e+07 3.814935e+06 
1.717089e+02 3.288575e+07 3.814935e+06 
1.715408e+02 3.294890e+07 3.814935e+06 
1.483725e+02 3.543505e+07 3.814935e+06 
1.662594e+02 3.319536e+07 3.814935e+06 
1.520303e+02 3.445972e+07 3.814935e+06 
1.990575e+02 3.191720e+07 3.814935e+06 
1.931515e+02 3.195475e+07 3.814935e+06 
1.846731e+02 3.219111e+07 3.814935e+06 
1.613294e+02 3.349506e+07 3.814935e+06 
1.674055e+02 3.309623e+07 3.814935e+06 

1.525458e+02 3.440445e+07 3.814935e+06 
1.518832e+02 3.437135e+07 3.814935e+06 
2.034312e+02 3.208946e+07 3.814935e+06 
1.774031e+02 3.283044e+07 3.814935e+06 
1.739360e+02 3.286077e+07 3.814935e+06 
1.635261e+02 3.331422e+07 3.814935e+06 
1.482747e+02 3.548508e+07 3.814935e+06 
1.482747e+02 3.548508e+07 3.814935e+06 
1.482747e+02 3.548508e+07 3.814935e+06 
1.482747e+02 3.548508e+07 3.814935e+06 
1.482747e+02 3.548508e+07 3.814935e+06 
1.482747e+02 3.548508e+07 3.814935e+06 
1.482747e+02 3.548508e+07 3.814935e+06 
1.482747e+02 3.548508e+07 3.814935e+06 
1.482747e+02 3.548508e+07 3.814935e+06 
1.482747e+02 3.548508e+07 3.814935e+06 
1.482747e+02 3.548508e+07 3.814935e+06 
1.482747e+02 3.548508e+07 3.814935e+06 
1.482747e+02 3.548508e+07 3.814935e+06 
1.482747e+02 3.548508e+07 3.814935e+06 
1.482747e+02 3.548508e+07 3.814935e+06 
1.482747e+02 3.548508e+07 3.814935e+06 
1.482747e+02 3.548508e+07 3.814935e+06 
1.482747e+02 3.548508e+07 3.814935e+06 
1.482747e+02 3.548508e+07 3.814935e+06 
1.482747e+02 3.548508e+07 3.814935e+06 
1.482747e+02 3.548508e+07 3.814935e+06 
1.482747e+02 3.548508e+07 3.814935e+06 
1.482747e+02 3.548508e+07 3.814935e+06 
1.482747e+02 3.548508e+07 3.814935e+06 
1.482747e+02 3.548508e+07 3.814935e+06 
1.482747e+02 3.548508e+07 3.814935e+06 
1.482747e+02 3.548508e+07 3.814935e+06 
1.482747e+02 3.548508e+07 3.814935e+06 
1.482747e+02 3.548508e+07 3.814935e+06 
1.482747e+02 3.548508e+07 3.814935e+06 
1.482747e+02 3.548508e+07 3.814935e+06 
1.482747e+02 3.548508e+07 3.814935e+06 
1.482747e+02 3.548508e+07 3.814935e+06 
1.482747e+02 3.548508e+07 3.814935e+06 
1.482747e+02 3.548508e+07 3.814935e+06 
1.482747e+02 3.548508e+07 3.814935e+06 
1.482747e+02 3.548508e+07 3.814935e+06 
1.482747e+02 3.548508e+07 3.814935e+06 
1.482747e+02 3.548508e+07 3.814935e+06 
1.482747e+02 3.548508e+07 3.814935e+06 
1.482747e+02 3.548508e+07 3.814935e+06 
1.482747e+02 3.548508e+07 3.814935e+06 
1.482747e+02 3.548508e+07 3.814935e+06 
1.482747e+02 3.548508e+07 3.814935e+06 
1.482747e+02 3.548508e+07 3.814935e+06 
1.482747e+02 3.548508e+07 3.814935e+06 
1.482747e+02 3.548508e+07 3.814935e+06 
1.482747e+02 3.548508e+07 3.814935e+06 
1.482747e+02 3.548508e+07 3.814935e+06 
1.482747e+02 3.548508e+07 3.814935e+06 
1.482747e+02 3.548508e+07 3.814935e+06 
1.482747e+02 3.548508e+07 3.814935e+06 
1.482747e+02 3.548508e+07 3.814935e+06 
1.621834e+02 3.352710e+07 3.814935e+06 
1.710589e+02 3.309032e+07 3.814935e+06 
1.533958e+02 3.430465e+07 3.814935e+06 
1.514794e+02 3.449042e+07 3.814935e+06 
1.513723e+02 3.449215e+07 3.814935e+06 
1.508377e+02 3.457120e+07 3.814935e+06 
1.701814e+02 3.302300e+07 3.814935e+06 
1.490398e+02 3.482082e+07 3.814935e+06 
1.619664e+02 3.360094e+07 3.814935e+06 
1.488936e+02 3.505928e+07 3.814935e+06 
1.618361e+02 3.360970e+07 3.814935e+06 
1.650211e+02 3.324132e+07 3.814935e+06 
1.732653e+02 3.298975e+07 3.814935e+06 
1.493203e+02 3.528522e+07 3.814935e+06 
1.607889e+02 3.360373e+07 3.814935e+06 
1.566407e+02 3.391274e+07 3.814935e+06 
1.821233e+02 3.239030e+07 3.814935e+06 
1.500531e+02 3.474659e+07 3.814935e+06 
1.752752e+02 3.299683e+07 3.814935e+06 
1.591216e+02 3.364049e+07 3.814935e+06 
1.776674e+02 3.274504e+07 3.814935e+06 
1.535097e+02 3.419181e+07 3.814935e+06 
1.588108e+02 3.382731e+07 3.814935e+06 
1.923663e+02 3.238361e+07 3.814935e+06 
1.487797e+02 3.517212e+07 3.814935e+06 
1.500854e+02 3.462097e+07 3.814935e+06 
1.656838e+02 3.330348e+07 3.814935e+06 
1.535259e+02 3.412900e+07 3.814935e+06 
1.962904e+02 3.200980e+07 3.814935e+06 
1.580974e+02 3.388120e+07 3.814935e+06 
1.498737e+02 3.478384e+07 3.814935e+06 
1.525619e+02 3.434164e+07 3.814935e+06 
1.809778e+02 3.267847e+07 3.814935e+06 
1.942261e+02 3.208900e+07 3.814935e+06 
1.850189e+02 3.240136e+07 3.814935e+06 
1.813000e+02 3.256768e+07 3.814935e+06 
1.516061e+02 3.445862e+07 3.814935e+06 
1.686236e+02 3.317073e+07 3.814935e+06 
1.557907e+02 3.401254e+07 3.814935e+06 
1.488762e+02 3.511602e+07 3.814935e+06 
1.595173e+02 3.368727e+07 3.814935e+06 

