3.079168e+02 7.133169e+07 5.980198e+06 
3.179332e+02 6.710341e+07 6.076652e+06 
3.185536e+02 7.760659e+07 5.690833e+06 
3.051690e+02 6.818564e+07 6.269562e+06 
3.980755e+02 6.646074e+07 4.919195e+06 
3.921078e+02 6.622295e+07 5.015650e+06 
3.125685e+02 6.742270e+07 6.558926e+06 
3.824059e+02 6.933402e+07 4.726285e+06 
4.015776e+02 6.697580e+07 4.822740e+06 
3.064606e+02 6.814233e+07 6.269562e+06 
3.100241e+02 6.779627e+07 6.366017e+06 
3.040953e+02 6.874221e+07 6.269562e+06 
3.089602e+02 6.796983e+07 6.269562e+06 
3.844154e+02 6.707147e+07 4.919195e+06 
3.152053e+02 6.808349e+07 5.883743e+06 
3.260657e+02 6.716113e+07 5.883743e+06 
3.748660e+02 6.826078e+07 4.822740e+06 
3.214910e+02 7.001092e+07 5.594378e+06 
3.429638e+02 6.930092e+07 5.112104e+06 
3.225597e+02 6.663247e+07 6.173107e+06 
3.741222e+02 6.587751e+07 5.594378e+06 
4.015257e+02 6.720067e+07 4.629830e+06 
3.828144e+02 6.767804e+07 4.822740e+06 
3.881966e+02 6.720344e+07 4.822740e+06 
3.162959e+02 6.726370e+07 6.269562e+06 
3.753154e+02 6.697569e+07 5.208559e+06 
3.139699e+02 6.812096e+07 5.980198e+06 
3.392194e+02 7.167528e+07 4.919195e+06 
3.793294e+02 6.755293e+07 4.919195e+06 
3.722937e+02 7.160131e+07 4.436921e+06 
3.393019e+02 6.995361e+07 5.305014e+06 
3.190694e+02 6.925957e+07 5.690833e+06 
3.547783e+02 6.941061e+07 4.822740e+06 
3.462508e+02 7.129511e+07 4.822740e+06 
3.460302e+02 7.052459e+07 4.919195e+06 
3.188508e+02 6.795420e+07 5.787288e+06 
3.707098e+02 6.815785e+07 5.112104e+06 
3.380115e+02 6.619037e+07 5.980198e+06 
3.504720e+02 6.953010e+07 4.919195e+06 
3.604614e+02 6.868916e+07 5.015650e+06 
3.465949e+02 6.879192e+07 5.305014e+06 
3.095734e+02 6.791962e+07 6.269562e+06 
3.973682e+02 6.830231e+07 4.533376e+06 
3.400262e+02 6.780318e+07 5.497924e+06 
3.552759e+02 7.043156e+07 4.629830e+06 
3.586797e+02 6.902688e+07 4.919195e+06 
3.123473e+02 6.766301e+07 6.462472e+06 
4.092922e+02 6.676985e+07 4.919195e+06 
3.771240e+02 6.703327e+07 5.112104e+06 
3.267841e+02 6.872061e+07 5.594378e+06 
3.672475e+02 6.906986e+07 4.822740e+06 
3.497650e+02 7.171048e+07 4.726285e+06 
3.838476e+02 6.995471e+07 4.629830e+06 
3.415471e+02 7.118062e+07 5.015650e+06 
3.259993e+02 6.743157e+07 5.787288e+06 
3.038066e+02 6.967632e+07 6.366017e+06 
3.222106e+02 7.884014e+07 5.497924e+06 
3.352805e+02 7.207432e+07 5.112104e+06 
3.241155e+02 7.486652e+07 5.497924e+06 
3.112460e+02 6.770910e+07 6.558926e+06 
3.204180e+02 6.830769e+07 5.690833e+06 
3.082997e+02 6.820674e+07 6.173107e+06 
3.168501e+02 6.908191e+07 5.787288e+06 
3.603024e+02 6.981343e+07 4.734323e+06 
3.632051e+02 7.077969e+07 4.485148e+06 
3.313908e+02 6.681885e+07 5.690833e+06 
3.314124e+02 7.087910e+07 5.401469e+06 
3.141795e+02 6.738063e+07 6.076652e+06 
3.169205e+02 6.752774e+07 5.980198e+06 
3.596264e+02 7.125426e+07 4.533376e+06 
3.962824e+02 6.742110e+07 4.629830e+06 
4.040301e+02 6.755662e+07 4.533376e+06 
3.586855e+02 7.021852e+07 4.568207e+06 
3.511879e+02 7.009496e+07 4.726285e+06 
3.294562e+02 7.270734e+07 5.015650e+06 
3.032418e+02 7.099798e+07 6.269562e+06 
3.068962e+02 6.915667e+07 6.173107e+06 
3.084738e+02 6.894799e+07 6.076652e+06 
3.116417e+02 6.769951e+07 6.269562e+06 
3.359005e+02 6.792638e+07 5.594378e+06 
3.772116e+02 7.045633e+07 4.436921e+06 
3.357794e+02 6.621416e+07 5.883743e+06 
3.443281e+02 7.224039e+07 4.822740e+06 
3.120205e+02 6.887693e+07 5.980198e+06 
3.609006e+02 6.728584e+07 5.305014e+06 
3.335200e+02 6.927258e+07 5.497924e+06 
3.195145e+02 6.696044e+07 6.173107e+06 
3.048872e+02 6.828104e+07 6.269562e+06 
3.592751e+02 6.653241e+07 5.497924e+06 
3.943002e+02 6.613059e+07 5.112104e+06 
3.812883e+02 6.656149e+07 5.112104e+06 
3.468013e+02 6.676099e+07 5.497924e+06 
3.527847e+02 6.922081e+07 4.919195e+06 
3.537737e+02 6.747622e+07 5.401469e+06 
3.369827e+02 7.028813e+07 5.112104e+06 
3.137368e+02 7.051439e+07 5.787288e+06 
3.689375e+02 6.640032e+07 5.305014e+06 
3.501366e+02 6.843625e+07 5.305014e+06 
3.959345e+02 6.702677e+07 4.726285e+06 
3.891085e+02 6.667606e+07 4.919195e+06 

3.569246e+02 6.874110e+07 5.594378e+06 
3.352238e+02 7.323675e+07 5.305014e+06 
3.554842e+02 7.067341e+07 5.208559e+06 
3.124836e+02 7.486510e+07 6.366017e+06 
3.590449e+02 7.270188e+07 5.036547e+06 
3.923995e+02 7.030195e+07 4.919195e+06 
3.634973e+02 7.134034e+07 5.112104e+06 
3.869897e+02 7.180366e+07 4.726285e+06 
3.554220e+02 6.862976e+07 5.690833e+06 
3.393266e+02 7.297454e+07 5.208559e+06 
3.667058e+02 6.972382e+07 5.208559e+06 
3.723794e+02 7.790382e+07 4.533376e+06 
3.673526e+02 6.920266e+07 5.305014e+06 
3.551032e+02 6.817041e+07 5.980198e+06 
3.857195e+02 7.020810e+07 5.015650e+06 
4.172519e+02 7.091757e+07 4.340466e+06 
3.631504e+02 7.021990e+07 5.208559e+06 
3.483525e+02 7.355619e+07 5.120142e+06 
3.510152e+02 7.085722e+07 5.208559e+06 
3.423485e+02 6.928587e+07 5.787288e+06 
3.433988e+02 6.910856e+07 5.883743e+06 
3.222026e+02 7.112884e+07 6.173107e+06 
3.822458e+02 6.887583e+07 5.305014e+06 
3.556529e+02 7.874890e+07 4.919195e+06 
3.308765e+02 7.075665e+07 6.366017e+06 
3.612654e+02 7.901198e+07 4.726285e+06 
3.794884e+02 6.929693e+07 5.208559e+06 
4.141134e+02 7.166524e+07 4.340466e+06 
3.383575e+02 6.946646e+07 5.883743e+06 
3.497641e+02 6.942826e+07 5.594378e+06 
3.379832e+02 6.940215e+07 5.980198e+06 
3.396677e+02 7.436264e+07 5.112104e+06 
3.268756e+02 7.091589e+07 5.690833e+06 
3.591787e+02 7.750178e+07 4.919195e+06 
3.386828e+02 7.483393e+07 5.208559e+06 
3.738640e+02 6.869504e+07 5.401469e+06 
3.141607e+02 7.248191e+07 5.787288e+06 
4.139912e+02 7.200062e+07 4.244011e+06 
3.386774e+02 6.912059e+07 6.173107e+06 
4.087775e+02 7.225974e+07 4.436921e+06 
4.287481e+02 7.133550e+07 4.147556e+06 
3.158750e+02 7.349201e+07 5.621707e+06 
3.303762e+02 7.373653e+07 5.370924e+06 
3.561251e+02 6.827936e+07 5.787288e+06 
3.115303e+02 7.518069e+07 6.366017e+06 
3.611660e+02 7.397003e+07 4.919195e+06 
3.639585e+02 7.435567e+07 4.702171e+06 
3.859847e+02 7.124798e+07 4.822740e+06 
4.124228e+02 7.134611e+07 4.436921e+06 
4.074091e+02 7.257466e+07 4.533376e+06 
3.387638e+02 7.408178e+07 5.120142e+06 
3.643021e+02 7.286881e+07 5.015650e+06 
3.529010e+02 6.878947e+07 5.690833e+06 
4.153953e+02 7.092366e+07 4.340466e+06 
3.930119e+02 7.122465e+07 4.629830e+06 
3.166779e+02 7.186271e+07 5.594378e+06 
3.395104e+02 6.870687e+07 5.980198e+06 
3.450287e+02 7.144999e+07 5.208559e+06 
3.900705e+02 6.819760e+07 5.401469e+06 
3.491025e+02 6.972042e+07 5.497924e+06 
3.659171e+02 7.349241e+07 4.869359e+06 
3.707632e+02 6.729940e+07 5.883743e+06 
3.344674e+02 7.216418e+07 5.370924e+06 
3.896733e+02 6.860556e+07 5.305014e+06 
4.092106e+02 7.171652e+07 4.436921e+06 
3.575061e+02 6.802970e+07 6.173107e+06 
3.372267e+02 7.266226e+07 5.287330e+06 
3.560730e+02 7.362740e+07 5.036547e+06 
3.451148e+02 6.839253e+07 5.980198e+06 
3.508460e+02 6.831291e+07 5.980198e+06 
3.603782e+02 6.788034e+07 5.980198e+06 
3.157720e+02 7.184798e+07 6.076652e+06 
3.320407e+02 7.050610e+07 5.980198e+06 
3.729235e+02 7.104979e+07 5.015650e+06 
3.513653e+02 7.251915e+07 5.120142e+06 
3.440978e+02 6.919088e+07 5.690833e+06 
3.427820e+02 7.007739e+07 5.305014e+06 
3.331737e+02 6.998530e+07 5.497924e+06 
3.507994e+02 6.832978e+07 5.980198e+06 
3.304867e+02 7.392112e+07 5.305014e+06 
3.643484e+02 6.782889e+07 6.173107e+06 
3.245462e+02 7.243866e+07 5.401469e+06 
3.424671e+02 6.854980e+07 6.366017e+06 
3.155798e+02 7.423410e+07 5.594378e+06 
3.589635e+02 6.876146e+07 5.401469e+06 
3.402241e+02 6.955685e+07 5.690833e+06 
3.666271e+02 6.782791e+07 6.076652e+06 
3.504101e+02 6.835950e+07 6.173107e+06 
3.787051e+02 6.799567e+07 5.497924e+06 
3.832989e+02 7.239972e+07 4.919195e+06 
3.503524e+02 6.884385e+07 5.787288e+06 
3.958003e+02 6.853344e+07 5.208559e+06 
3.812303e+02 6.850679e+07 5.401469e+06 
3.367529e+02 6.979944e+07 6.173107e+06 
3.210004e+02 7.138123e+07 6.173107e+06 
4.008979e+02 7.052633e+07 4.629830e+06 
3.370999e+02 7.074113e+07 5.401469e+06 
3.557892e+02 6.815050e+07 5.883743e+06 
3.636059e+02 6.790827e+07 5.787288e+06 
3.126181e+02 7.224484e+07 5.980198e+06 

3.297054e+02 7.070476e+07 5.497924e+06 
3.713084e+02 6.752807e+07 5.401469e+06 
4.010994e+02 7.127004e+07 3.678143e+06 
3.438677e+02 7.061212e+07 4.726285e+06 
3.164436e+02 7.895785e+07 6.076652e+06 
3.781254e+02 7.030336e+07 4.179708e+06 
3.422422e+02 6.995787e+07 4.848461e+06 
3.838090e+02 6.734259e+07 4.919195e+06 
3.300725e+02 7.009864e+07 5.497924e+06 
3.202571e+02 7.252392e+07 5.980198e+06 
3.925055e+02 6.954539e+07 3.858192e+06 
4.286637e+02 6.963022e+07 3.472373e+06 
3.661196e+02 6.798350e+07 5.594378e+06 
4.318056e+02 6.894290e+07 3.472373e+06 
3.302477e+02 6.981720e+07 5.594378e+06 
3.619459e+02 6.895175e+07 4.436921e+06 
3.617785e+02 7.073921e+07 4.340466e+06 
4.150803e+02 7.107021e+07 3.568828e+06 
3.575686e+02 6.857772e+07 4.726285e+06 
3.413984e+02 6.946831e+07 4.919195e+06 
3.648898e+02 6.807033e+07 5.208559e+06 
3.914607e+02 6.727212e+07 4.919195e+06 
3.681705e+02 6.759658e+07 5.208559e+06 
3.222632e+02 7.216214e+07 5.787288e+06 
3.464025e+02 6.849520e+07 4.919195e+06 
4.094226e+02 6.682511e+07 5.112104e+06 
4.102517e+02 6.823644e+07 3.858192e+06 
3.988502e+02 7.022719e+07 3.761737e+06 
3.179871e+02 7.320079e+07 5.980198e+06 
4.284623e+02 6.865269e+07 3.761737e+06 
3.225266e+02 7.175475e+07 5.787288e+06 
3.921119e+02 6.704664e+07 4.726285e+06 
3.564326e+02 7.771438e+07 4.430490e+06 
3.233619e+02 7.159760e+07 5.980198e+06 
4.189105e+02 6.891884e+07 3.678143e+06 
3.766277e+02 6.900269e+07 4.244011e+06 
3.238217e+02 7.139606e+07 5.497924e+06 
3.169405e+02 7.756072e+07 6.269562e+06 
3.469842e+02 6.893779e+07 4.848461e+06 
3.817047e+02 7.021239e+07 4.012520e+06 
3.501225e+02 7.006577e+07 4.726285e+06 
3.889985e+02 6.784851e+07 4.096114e+06 
3.803558e+02 6.958736e+07 4.051102e+06 
3.681562e+02 6.828678e+07 4.822740e+06 
3.278839e+02 7.226556e+07 5.112104e+06 
3.510711e+02 7.090394e+07 4.436921e+06 
3.902435e+02 6.908315e+07 3.954647e+06 
3.701833e+02 6.903265e+07 4.263302e+06 
3.338853e+02 6.931101e+07 5.015650e+06 
3.398571e+02 6.880990e+07 5.112104e+06 
3.820799e+02 7.009954e+07 3.954647e+06 
3.174017e+02 7.775520e+07 5.980198e+06 
3.248731e+02 7.778806e+07 5.266432e+06 
3.831330e+02 6.881578e+07 4.147556e+06 
3.239666e+02 7.206018e+07 5.305014e+06 
3.315345e+02 7.183882e+07 5.015650e+06 
4.129465e+02 6.914869e+07 3.678143e+06 
3.327844e+02 6.936234e+07 5.401469e+06 
3.843921e+02 6.947358e+07 3.954647e+06 
3.207447e+02 7.345189e+07 5.594378e+06 
4.063632e+02 6.778725e+07 4.533376e+06 
3.775514e+02 6.853162e+07 4.533376e+06 
3.844245e+02 6.828222e+07 4.244011e+06 
3.347122e+02 6.913985e+07 5.266432e+06 
3.291657e+02 7.101864e+07 5.208559e+06 
3.590530e+02 6.860622e+07 4.681273e+06 
3.653560e+02 6.800787e+07 5.594378e+06 
3.353990e+02 6.876582e+07 5.208559e+06 
4.133478e+02 6.678253e+07 5.015650e+06 
3.514434e+02 7.028759e+07 4.681273e+06 
3.447480e+02 7.219451e+07 4.597679e+06 
3.784189e+02 7.013032e+07 4.051102e+06 
3.745690e+02 6.742277e+07 5.015650e+06 
3.275083e+02 7.192836e+07 5.266432e+06 
4.009754e+02 6.874283e+07 3.954647e+06 
3.276758e+02 7.135771e+07 5.517215e+06 
3.541780e+02 6.882569e+07 4.726285e+06 
3.764483e+02 6.783842e+07 4.822740e+06 
3.320736e+02 7.029985e+07 5.099244e+06 
3.767022e+02 6.729364e+07 5.208559e+06 
3.667196e+02 6.793837e+07 5.208559e+06 
4.153293e+02 6.935712e+07 3.568828e+06 
3.291306e+02 7.110693e+07 5.401469e+06 
3.373906e+02 7.055570e+07 4.822740e+06 
3.817952e+02 6.823598e+07 4.436921e+06 
3.689477e+02 6.782403e+07 5.015650e+06 
3.661215e+02 7.033952e+07 4.244011e+06 
4.051274e+02 6.890306e+07 3.858192e+06 
4.002373e+02 6.949100e+07 3.761737e+06 
3.179744e+02 7.336360e+07 5.787288e+06 
3.403692e+02 7.181416e+07 4.764867e+06 
4.196891e+02 6.910716e+07 3.568828e+06 
3.335729e+02 7.103043e+07 4.932055e+06 
4.181011e+02 6.871729e+07 3.761737e+06 
3.285382e+02 8.233131e+07 5.099244e+06 
3.436140e+02 7.306050e+07 4.726285e+06 
3.560576e+02 6.971586e+07 4.629830e+06 
4.292128e+02 6.887006e+07 3.665282e+06 
3.607841e+02 6.823188e+07 4.919195e+06 
3.583868e+02 7.033306e+07 4.436921e+06 

3.236100e+02 7.220454e+07 6.173107e+06 
3.370257e+02 7.098030e+07 5.690833e+06 
4.140183e+02 7.001780e+07 4.533376e+06 
4.077827e+02 7.045558e+07 4.244011e+06 
4.094449e+02 7.257678e+07 4.096114e+06 
3.592599e+02 7.281547e+07 4.932055e+06 
4.188231e+02 7.211153e+07 4.051102e+06 
3.660146e+02 7.898669e+07 4.629830e+06 
3.399408e+02 7.604031e+07 4.932055e+06 
3.394905e+02 7.311605e+07 5.112104e+06 
3.239802e+02 7.171557e+07 6.269562e+06 
3.707779e+02 7.013635e+07 5.112104e+06 
3.605315e+02 6.943644e+07 5.401469e+06 
3.258518e+02 7.339751e+07 5.305014e+06 
4.219181e+02 7.099266e+07 4.147556e+06 
3.917020e+02 7.149540e+07 4.533376e+06 
4.028217e+02 7.006675e+07 4.629830e+06 
3.982772e+02 7.046983e+07 4.533376e+06 
3.182690e+02 7.276856e+07 5.497924e+06 
3.760236e+02 7.031326e+07 4.919195e+06 
3.167277e+02 7.355983e+07 6.269562e+06 
4.032278e+02 6.975356e+07 4.726285e+06 
3.259571e+02 7.128202e+07 6.076652e+06 
3.311711e+02 7.498166e+07 5.266432e+06 
3.129807e+02 7.483222e+07 6.558926e+06 
3.770758e+02 6.933901e+07 5.112104e+06 
3.165897e+02 7.446237e+07 6.173107e+06 
3.933901e+02 6.954385e+07 4.919195e+06 
3.503331e+02 6.992961e+07 5.690833e+06 
3.827720e+02 7.727611e+07 4.597679e+06 
4.131511e+02 6.925397e+07 4.822740e+06 
3.551301e+02 7.020958e+07 5.401469e+06 
3.791493e+02 7.006187e+07 5.015650e+06 
4.083772e+02 6.964643e+07 4.629830e+06 
3.753784e+02 7.076523e+07 4.726285e+06 
3.203332e+02 7.245470e+07 6.173107e+06 
3.586816e+02 6.961013e+07 5.497924e+06 
4.116254e+02 6.914550e+07 4.919195e+06 
3.297103e+02 7.162815e+07 5.497924e+06 
3.155702e+02 7.475387e+07 6.366017e+06 
3.851148e+02 6.997943e+07 4.919195e+06 
3.389293e+02 7.079091e+07 5.787288e+06 
3.949887e+02 7.108322e+07 4.436921e+06 
3.329375e+02 7.624159e+07 5.208559e+06 
3.926969e+02 7.024502e+07 4.726285e+06 
3.817240e+02 7.213113e+07 4.629830e+06 
3.564797e+02 7.145752e+07 5.182838e+06 
3.954698e+02 7.207727e+07 4.340466e+06 
3.863140e+02 7.729758e+07 4.436921e+06 
3.595474e+02 7.079253e+07 5.208559e+06 
3.203791e+02 7.271094e+07 6.076652e+06 
3.347641e+02 7.396047e+07 5.208559e+06 
3.577377e+02 7.338690e+07 4.919195e+06 
3.256514e+02 7.179796e+07 5.690833e+06 
4.199381e+02 6.989921e+07 4.919195e+06 
3.831921e+02 7.810610e+07 4.533376e+06 
3.347694e+02 7.099079e+07 5.690833e+06 
3.699234e+02 7.463788e+07 4.629830e+06 
4.235314e+02 6.943150e+07 4.726285e+06 
3.232661e+02 7.236741e+07 6.366017e+06 
3.597331e+02 7.011549e+07 5.305014e+06 
3.143844e+02 7.414676e+07 6.558926e+06 
4.085961e+02 7.080755e+07 4.726285e+06 
4.317400e+02 7.107107e+07 4.533376e+06 
3.623788e+02 7.326155e+07 4.822740e+06 
3.134635e+02 7.478656e+07 6.751836e+06 
3.433838e+02 7.235685e+07 5.305014e+06 
3.897256e+02 7.146247e+07 4.597679e+06 
3.559677e+02 6.989769e+07 5.690833e+06 
3.155517e+02 7.371704e+07 6.558926e+06 
3.307867e+02 7.280046e+07 5.305014e+06 
3.217974e+02 7.242559e+07 6.269562e+06 
3.280984e+02 7.217594e+07 5.401469e+06 
3.365943e+02 7.474520e+07 5.112104e+06 
3.851024e+02 7.044799e+07 4.726285e+06 
3.497478e+02 7.146605e+07 5.305014e+06 
3.658002e+02 7.364745e+07 4.764867e+06 
3.255077e+02 7.657532e+07 5.401469e+06 
3.487730e+02 7.051896e+07 5.787288e+06 
3.164206e+02 7.319623e+07 6.558926e+06 
4.005108e+02 7.151391e+07 4.244011e+06 
3.627031e+02 7.221800e+07 4.932055e+06 
3.143999e+02 7.403365e+07 6.558926e+06 
4.093383e+02 7.116731e+07 4.147556e+06 
3.317255e+02 7.099454e+07 5.497924e+06 
3.837219e+02 6.995249e+07 5.112104e+06 
3.596640e+02 7.106025e+07 5.182838e+06 
3.720599e+02 7.130030e+07 4.848461e+06 
3.236267e+02 7.200764e+07 5.497924e+06 
3.899932e+02 7.347756e+07 4.436921e+06 
4.068138e+02 7.144579e+07 4.179708e+06 
4.015069e+02 7.151154e+07 4.051102e+06 
3.182349e+02 7.582707e+07 5.980198e+06 
3.938125e+02 7.049592e+07 4.629830e+06 
3.396157e+02 7.278489e+07 5.208559e+06 
3.411108e+02 7.294542e+07 5.112104e+06 
3.653915e+02 7.103465e+07 5.015650e+06 
4.118575e+02 7.239567e+07 3.858192e+06 
3.644334e+02 7.951443e+07 4.681273e+06 
3.391802e+02 7.114081e+07 5.401469e+06 

3.834701e+02 6.417283e+07 5.883743e+06 
3.498766e+02 6.626215e+07 5.497924e+06 
3.441709e+02 6.762679e+07 5.305014e+06 
3.861153e+02 6.396825e+07 5.497924e+06 
3.815964e+02 6.468105e+07 5.690833e+06 
3.558670e+02 6.646442e+07 5.112104e+06 
3.756998e+02 6.594466e+07 5.015650e+06 
3.676712e+02 6.533879e+07 5.401469e+06 
3.353842e+02 6.734082e+07 5.497924e+06 
3.958654e+02 6.399048e+07 5.208559e+06 
4.143240e+02 7.040198e+07 4.436921e+06 
3.918176e+02 6.484862e+07 5.208559e+06 
3.330632e+02 6.665172e+07 5.594378e+06 
3.629614e+02 6.583527e+07 5.208559e+06 
3.893579e+02 6.453226e+07 5.305014e+06 
4.052701e+02 7.011501e+07 4.533376e+06 
3.833618e+02 6.510741e+07 5.305014e+06 
3.725013e+02 6.797526e+07 4.629830e+06 
4.170184e+02 6.392836e+07 5.208559e+06 
3.399265e+02 6.622933e+07 5.787288e+06 
3.272215e+02 6.847928e+07 5.690833e+06 
3.888514e+02 6.370103e+07 5.497924e+06 
3.219076e+02 6.767443e+07 6.173107e+06 
3.611946e+02 6.598965e+07 5.401469e+06 
3.716318e+02 6.628917e+07 4.919195e+06 
3.313117e+02 6.713582e+07 5.690833e+06 
4.074970e+02 7.234108e+07 4.436921e+06 
3.779504e+02 6.477752e+07 5.690833e+06 
4.181223e+02 6.412325e+07 5.015650e+06 
3.848062e+02 6.456587e+07 5.497924e+06 
3.415900e+02 6.724182e+07 5.401469e+06 
3.847408e+02 6.620866e+07 4.726285e+06 
3.766626e+02 6.505363e+07 5.594378e+06 
3.578107e+02 6.635105e+07 5.112104e+06 
3.229693e+02 6.841837e+07 5.980198e+06 
3.214779e+02 6.918875e+07 6.173107e+06 
3.544495e+02 6.618212e+07 5.787288e+06 
3.930521e+02 6.388361e+07 5.305014e+06 
4.022769e+02 6.350681e+07 5.401469e+06 
3.378626e+02 6.643684e+07 5.690833e+06 
3.250278e+02 6.774956e+07 5.787288e+06 
3.565470e+02 6.578852e+07 5.787288e+06 
3.722188e+02 6.507586e+07 5.787288e+06 
3.774619e+02 6.667781e+07 4.822740e+06 
3.680225e+02 6.454598e+07 5.883743e+06 
3.985957e+02 7.390479e+07 4.436921e+06 
3.462789e+02 6.620130e+07 5.690833e+06 
4.209337e+02 7.384679e+07 4.244011e+06 
3.951379e+02 6.456422e+07 5.112104e+06 
3.761194e+02 6.533573e+07 5.305014e+06 
3.663954e+02 6.740215e+07 4.822740e+06 
3.822347e+02 6.546615e+07 5.112104e+06 
3.809380e+02 6.481058e+07 5.401469e+06 
3.236019e+02 6.773976e+07 5.883743e+06 
3.284277e+02 6.734253e+07 5.980198e+06 
3.771775e+02 6.491235e+07 5.787288e+06 
3.851972e+02 6.505319e+07 5.208559e+06 
3.418683e+02 6.833690e+07 5.266432e+06 
3.912087e+02 6.545235e+07 5.112104e+06 
3.278364e+02 6.742607e+07 5.980198e+06 
3.241949e+02 6.902052e+07 5.787288e+06 
4.062638e+02 6.380701e+07 5.112104e+06 
3.652834e+02 6.627970e+07 5.112104e+06 
4.143933e+02 7.146578e+07 4.340466e+06 
3.271480e+02 6.763454e+07 5.787288e+06 
3.951228e+02 7.112646e+07 4.533376e+06 
3.701253e+02 6.545973e+07 5.305014e+06 
4.038355e+02 6.347327e+07 5.305014e+06 
3.489464e+02 6.761023e+07 5.112104e+06 
3.637857e+02 6.688236e+07 5.015650e+06 
3.467195e+02 6.781911e+07 5.015650e+06 
3.824867e+02 6.564171e+07 4.822740e+06 
3.721133e+02 6.542404e+07 5.208559e+06 
3.965847e+02 7.035639e+07 4.533376e+06 
3.307961e+02 6.684372e+07 5.787288e+06 
3.563564e+02 6.786199e+07 4.932055e+06 
3.460131e+02 6.727409e+07 5.266432e+06 
3.308203e+02 6.776278e+07 5.690833e+06 
3.297063e+02 6.708320e+07 5.980198e+06 
4.181808e+02 6.391052e+07 5.015650e+06 
3.408142e+02 6.859986e+07 5.401469e+06 
3.607236e+02 6.707335e+07 5.015650e+06 
3.464667e+02 6.792505e+07 5.208559e+06 
4.084169e+02 6.421755e+07 5.015650e+06 
3.302741e+02 6.691272e+07 6.076652e+06 
3.423741e+02 6.633666e+07 5.690833e+06 
3.600329e+02 6.596876e+07 5.594378e+06 
3.723977e+02 6.553430e+07 5.112104e+06 
4.066572e+02 6.470758e+07 4.919195e+06 
3.530799e+02 6.680056e+07 5.401469e+06 
3.846546e+02 7.415888e+07 4.533376e+06 
3.315421e+02 6.793160e+07 5.497924e+06 
3.611161e+02 6.831541e+07 4.919195e+06 
3.663640e+02 6.662718e+07 5.015650e+06 
3.569645e+02 6.510712e+07 5.690833e+06 
4.084852e+02 7.402410e+07 4.340466e+06 
3.260526e+02 6.764667e+07 5.980198e+06 
3.514786e+02 6.748291e+07 5.208559e+06 
3.360996e+02 6.648783e+07 5.980198e+06 
3.860173e+02 6.956913e+07 4.597679e+06 

3.567505e+02 8.341479e+07 4.726285e+06 
3.368240e+02 7.059299e+07 5.401469e+06 
4.243372e+02 6.661137e+07 4.726285e+06 
3.410917e+02 6.927331e+07 5.497924e+06 
3.356708e+02 6.801841e+07 5.980198e+06 
4.371612e+02 7.031958e+07 4.147556e+06 
3.276446e+02 6.996844e+07 6.173107e+06 
3.588263e+02 6.779399e+07 5.594378e+06 
3.405092e+02 6.849259e+07 5.787288e+06 
3.637800e+02 7.200963e+07 4.919195e+06 
3.460186e+02 7.023230e+07 5.305014e+06 
4.224425e+02 6.620894e+07 5.015650e+06 
4.034665e+02 6.820385e+07 4.533376e+06 
3.896192e+02 6.953640e+07 4.436921e+06 
3.679677e+02 6.831365e+07 5.208559e+06 
3.577976e+02 6.894919e+07 5.305014e+06 
3.514566e+02 8.129582e+07 5.112104e+06 
3.585221e+02 7.235074e+07 5.112104e+06 
3.737487e+02 6.885500e+07 4.822740e+06 
3.743532e+02 6.697443e+07 5.497924e+06 
3.531465e+02 6.920308e+07 5.305014e+06 
3.479938e+02 8.013131e+07 5.208559e+06 
3.728800e+02 7.231911e+07 4.629830e+06 
3.344629e+02 6.940019e+07 5.787288e+06 
4.084327e+02 7.175124e+07 4.244011e+06 
3.865789e+02 6.769185e+07 5.015650e+06 
3.635644e+02 6.836046e+07 5.305014e+06 
3.867426e+02 6.675594e+07 5.401469e+06 
3.213878e+02 7.326154e+07 6.462472e+06 
3.194193e+02 7.582633e+07 6.269562e+06 
3.230173e+02 7.010127e+07 6.269562e+06 
3.404376e+02 7.088742e+07 5.305014e+06 
3.814212e+02 6.758362e+07 5.208559e+06 
4.185896e+02 6.786070e+07 4.533376e+06 
3.587206e+02 8.298581e+07 4.702171e+06 
3.339333e+02 7.004561e+07 5.594378e+06 
4.037769e+02 7.249240e+07 4.340466e+06 
3.474375e+02 6.964447e+07 5.401469e+06 
3.824481e+02 6.829256e+07 4.822740e+06 
3.941696e+02 6.874891e+07 4.533376e+06 
3.540619e+02 7.034732e+07 5.208559e+06 
3.685632e+02 6.705912e+07 5.594378e+06 
3.195530e+02 7.498911e+07 6.655381e+06 
4.262307e+02 6.818700e+07 4.436921e+06 
3.256167e+02 7.238266e+07 5.787288e+06 
3.216951e+02 7.210162e+07 5.883743e+06 
4.260368e+02 6.686495e+07 4.533376e+06 
3.657234e+02 6.772943e+07 5.497924e+06 
3.617526e+02 6.750557e+07 5.690833e+06 
4.394106e+02 6.967209e+07 4.340466e+06 
3.647473e+02 6.712548e+07 5.594378e+06 
3.563636e+02 8.132529e+07 4.822740e+06 
3.571955e+02 6.947441e+07 5.208559e+06 
3.467654e+02 6.862892e+07 5.497924e+06 
3.644677e+02 6.929223e+07 4.919195e+06 
3.211175e+02 7.484446e+07 6.269562e+06 
3.544807e+02 8.366536e+07 4.806663e+06 
3.214117e+02 7.254475e+07 6.269562e+06 
3.682396e+02 6.710515e+07 5.594378e+06 
3.922037e+02 6.729452e+07 5.208559e+06 
3.228270e+02 7.056797e+07 6.173107e+06 
3.955977e+02 6.665129e+07 5.305014e+06 
3.803436e+02 7.168159e+07 4.629830e+06 
3.535301e+02 8.288570e+07 5.015650e+06 
3.533900e+02 8.777599e+07 4.639474e+06 
3.187532e+02 7.547051e+07 6.462472e+06 
3.913780e+02 6.744536e+07 5.015650e+06 
3.814544e+02 6.999541e+07 4.726285e+06 
4.198690e+02 6.632508e+07 5.112104e+06 
3.634400e+02 6.966651e+07 5.112104e+06 
3.279051e+02 7.009022e+07 5.980198e+06 
4.337413e+02 6.651727e+07 4.919195e+06 
3.717155e+02 6.793641e+07 5.208559e+06 
3.581518e+02 6.768839e+07 6.076652e+06 
4.171888e+02 7.153459e+07 4.340466e+06 
3.641411e+02 8.017356e+07 4.822740e+06 
3.768830e+02 6.798977e+07 5.112104e+06 
3.750263e+02 6.732405e+07 5.401469e+06 
3.957844e+02 6.656302e+07 5.401469e+06 
3.508733e+02 6.782269e+07 5.690833e+06 
3.262477e+02 7.147264e+07 5.594378e+06 
4.216345e+02 6.735996e+07 4.629830e+06 
3.304293e+02 7.073583e+07 5.690833e+06 
3.856636e+02 6.693469e+07 5.594378e+06 
3.556794e+02 8.663538e+07 4.629830e+06 
3.447689e+02 6.812129e+07 5.594378e+06 
3.842428e+02 6.979947e+07 4.629830e+06 
3.494936e+02 8.426189e+07 4.869359e+06 
3.257765e+02 7.078780e+07 5.787288e+06 
4.331951e+02 6.615439e+07 5.112104e+06 
3.628463e+02 6.900013e+07 5.208559e+06 
3.865915e+02 6.645495e+07 5.594378e+06 
3.865584e+02 6.899316e+07 4.533376e+06 
3.355678e+02 6.964503e+07 5.594378e+06 
3.874700e+02 6.857495e+07 4.726285e+06 
3.220470e+02 7.137579e+07 5.980198e+06 
3.450698e+02 9.052748e+07 5.208559e+06 
3.944326e+02 6.756702e+07 4.726285e+06 
4.038907e+02 6.680222e+07 5.015650e+06 
3.312424e+02 6.927939e+07 6.076652e+06 

3.552714e+02 6.873885e+07 5.208559e+06 
3.324523e+02 6.684309e+07 6.076652e+06 
3.263400e+02 6.802112e+07 6.269562e+06 
3.674059e+02 6.591038e+07 5.497924e+06 
3.346581e+02 6.720944e+07 5.980198e+06 
3.662308e+02 6.558276e+07 5.594378e+06 
3.699797e+02 6.697512e+07 5.112104e+06 
3.444915e+02 7.324587e+07 5.497924e+06 
4.243257e+02 7.491845e+07 4.340466e+06 
3.277962e+02 6.704272e+07 6.076652e+06 
3.886341e+02 7.135070e+07 4.822740e+06 
3.882655e+02 7.054194e+07 4.919195e+06 
4.234346e+02 7.635743e+07 4.244011e+06 
3.253635e+02 7.004793e+07 5.980198e+06 
4.189333e+02 7.693848e+07 4.436921e+06 
3.728809e+02 6.578660e+07 5.305014e+06 
3.595372e+02 6.548865e+07 5.787288e+06 
3.456289e+02 6.867700e+07 5.305014e+06 
3.634594e+02 6.523179e+07 5.883743e+06 
4.167530e+02 7.491879e+07 4.533376e+06 
3.252364e+02 6.815679e+07 6.269562e+06 
3.516343e+02 6.701145e+07 5.497924e+06 
3.464485e+02 6.550106e+07 6.173107e+06 
4.285212e+02 7.373921e+07 4.340466e+06 
3.246847e+02 6.972798e+07 6.076652e+06 
3.718856e+02 6.493559e+07 5.594378e+06 
3.781714e+02 7.010766e+07 5.015650e+06 
3.210322e+02 6.942316e+07 6.269562e+06 
3.413347e+02 6.710909e+07 5.787288e+06 
3.890980e+02 6.700247e+07 5.015650e+06 
3.814020e+02 6.587895e+07 5.112104e+06 
3.837998e+02 6.485265e+07 5.305014e+06 
3.800515e+02 6.531444e+07 5.208559e+06 
3.212013e+02 6.908144e+07 6.462472e+06 
3.719318e+02 6.449746e+07 5.787288e+06 
3.585289e+02 6.631095e+07 5.401469e+06 
3.558760e+02 6.554734e+07 5.883743e+06 
3.229302e+02 6.866744e+07 6.173107e+06 
3.335378e+02 6.773472e+07 5.883743e+06 
3.309666e+02 6.696247e+07 6.173107e+06 
3.852089e+02 6.445855e+07 5.980198e+06 
3.395140e+02 6.658981e+07 6.173107e+06 
3.734380e+02 6.551193e+07 5.401469e+06 
4.549702e+02 7.374630e+07 4.244011e+06 
3.534635e+02 6.651846e+07 5.594378e+06 
3.490503e+02 6.721000e+07 5.594378e+06 
3.697573e+02 6.487819e+07 5.690833e+06 
4.544209e+02 7.639002e+07 3.954647e+06 
3.207080e+02 6.963965e+07 6.462472e+06 
3.408068e+02 6.808588e+07 5.690833e+06 
3.426906e+02 6.652364e+07 5.690833e+06 
3.306902e+02 7.066048e+07 5.787288e+06 
4.203538e+02 7.401154e+07 4.533376e+06 
3.327193e+02 6.907625e+07 5.787288e+06 
3.613992e+02 6.511096e+07 6.076652e+06 
4.396922e+02 7.555742e+07 4.051102e+06 
3.905493e+02 6.444136e+07 5.497924e+06 
4.155765e+02 7.600389e+07 4.597679e+06 
3.677793e+02 6.456436e+07 5.883743e+06 
3.299927e+02 6.702152e+07 6.076652e+06 
3.222129e+02 6.888337e+07 6.462472e+06 
3.920480e+02 6.726057e+07 4.919195e+06 
3.376785e+02 6.812887e+07 5.787288e+06 
3.402132e+02 6.613245e+07 6.173107e+06 
3.943059e+02 6.587564e+07 5.015650e+06 
3.464125e+02 6.616048e+07 5.980198e+06 
3.368056e+02 7.306393e+07 5.690833e+06 
4.058629e+02 7.285458e+07 4.629830e+06 
3.908372e+02 6.438775e+07 5.208559e+06 
3.397208e+02 7.157854e+07 5.690833e+06 
3.422974e+02 7.304810e+07 5.594378e+06 
4.251314e+02 7.557231e+07 4.244011e+06 
3.263152e+02 6.812881e+07 6.173107e+06 
3.566237e+02 6.820164e+07 5.208559e+06 
4.339907e+02 7.323791e+07 4.340466e+06 
3.386736e+02 6.735383e+07 5.883743e+06 
3.521376e+02 6.593208e+07 5.787288e+06 
3.988932e+02 6.964373e+07 4.726285e+06 
3.743725e+02 7.332134e+07 5.015650e+06 
3.227673e+02 6.870803e+07 6.366017e+06 
3.786742e+02 6.492258e+07 5.401469e+06 
3.822273e+02 6.464994e+07 5.497924e+06 
3.394713e+02 7.786968e+07 5.594378e+06 
3.495232e+02 6.568154e+07 5.883743e+06 
3.764714e+02 6.647841e+07 5.112104e+06 
3.970996e+02 6.499760e+07 5.015650e+06 
3.755881e+02 6.521744e+07 5.401469e+06 
4.518484e+02 7.505987e+07 4.051102e+06 
3.336744e+02 7.926408e+07 5.690833e+06 
3.572101e+02 6.574393e+07 5.594378e+06 
4.537748e+02 7.665138e+07 3.954647e+06 
3.724894e+02 6.645225e+07 5.208559e+06 
3.675570e+02 6.477510e+07 5.883743e+06 
4.418586e+02 7.472287e+07 4.244011e+06 
3.278082e+02 6.863005e+07 5.980198e+06 
4.625868e+02 7.507638e+07 3.858192e+06 
4.562227e+02 7.714132e+07 3.858192e+06 
4.039917e+02 7.481122e+07 4.681273e+06 
3.278831e+02 6.890640e+07 5.883743e+06 
4.146568e+02 6.939905e+07 4.726285e+06 

3.762080e+02 7.143674e+07 4.919195e+06 
3.393764e+02 6.658525e+07 6.366017e+06 
3.122782e+02 7.246938e+07 6.655381e+06 
3.199262e+02 6.904401e+07 6.173107e+06 
3.300845e+02 7.798222e+07 5.594378e+06 
3.233035e+02 6.769504e+07 6.366017e+06 
3.410164e+02 8.741963e+07 5.208559e+06 
3.153323e+02 7.419437e+07 6.269562e+06 
3.187064e+02 6.883229e+07 6.366017e+06 
3.259622e+02 7.267139e+07 5.883743e+06 
3.379051e+02 6.942248e+07 5.690833e+06 
3.398059e+02 8.709031e+07 5.305014e+06 
3.400106e+02 6.642060e+07 6.462472e+06 
3.561912e+02 6.536679e+07 6.366017e+06 
3.205681e+02 6.782764e+07 6.173107e+06 
3.414595e+02 7.101647e+07 5.594378e+06 
4.022237e+02 6.794520e+07 4.919195e+06 
3.156157e+02 7.285792e+07 6.462472e+06 
3.383063e+02 6.723390e+07 5.883743e+06 
3.358742e+02 7.714976e+07 5.497924e+06 
3.280863e+02 7.217653e+07 5.787288e+06 
3.717788e+02 6.568609e+07 5.690833e+06 
3.456992e+02 6.617426e+07 5.980198e+06 
3.182146e+02 7.299411e+07 6.173107e+06 
3.522863e+02 7.424160e+07 5.208559e+06 
3.766928e+02 6.508046e+07 5.980198e+06 
3.686317e+02 6.914772e+07 5.015650e+06 
3.452268e+02 6.584583e+07 6.173107e+06 
3.622268e+02 6.822124e+07 5.305014e+06 
3.212422e+02 6.857371e+07 6.076652e+06 
3.554329e+02 6.765450e+07 5.401469e+06 
3.593224e+02 6.590350e+07 5.787288e+06 
3.152749e+02 7.821395e+07 6.366017e+06 
3.292714e+02 7.774683e+07 5.690833e+06 
4.179876e+02 6.826464e+07 4.726285e+06 
3.386802e+02 7.434923e+07 5.594378e+06 
3.400101e+02 6.651689e+07 6.076652e+06 
3.779503e+02 6.837460e+07 5.112104e+06 
3.835636e+02 6.701707e+07 5.208559e+06 
3.826273e+02 6.915003e+07 4.822740e+06 
3.449916e+02 7.343815e+07 5.305014e+06 
3.891140e+02 6.711219e+07 5.112104e+06 
3.241415e+02 6.871456e+07 5.980198e+06 
3.631193e+02 6.643786e+07 5.401469e+06 
3.657465e+02 7.018136e+07 5.112104e+06 
4.035369e+02 6.552717e+07 5.305014e+06 
3.654582e+02 6.483452e+07 6.173107e+06 
3.375459e+02 6.827545e+07 5.787288e+06 
3.400553e+02 7.269539e+07 5.497924e+06 
3.839614e+02 7.054282e+07 4.726285e+06 
4.159899e+02 6.763405e+07 4.919195e+06 
3.716457e+02 9.019349e+07 4.932055e+06 
3.274282e+02 6.668190e+07 6.076652e+06 
3.499541e+02 6.766156e+07 5.497924e+06 
3.261599e+02 6.714198e+07 6.076652e+06 
3.422735e+02 6.601768e+07 6.269562e+06 
3.319311e+02 7.576431e+07 5.690833e+06 
3.268732e+02 7.890807e+07 5.787288e+06 
3.184295e+02 6.920530e+07 6.366017e+06 
3.257505e+02 6.708339e+07 6.558926e+06 
3.494386e+02 6.839635e+07 5.497924e+06 
3.180350e+02 6.940345e+07 6.269562e+06 
3.494715e+02 6.641760e+07 5.883743e+06 
3.228205e+02 7.367066e+07 5.980198e+06 
3.503039e+02 6.551793e+07 6.366017e+06 
3.974965e+02 6.682600e+07 5.015650e+06 
3.670141e+02 7.070492e+07 5.015650e+06 
4.133760e+02 6.609823e+07 5.112104e+06 
3.167217e+02 7.109035e+07 6.848291e+06 
3.801666e+02 6.584625e+07 5.594378e+06 
3.747708e+02 6.416175e+07 6.366017e+06 
3.304239e+02 6.931766e+07 5.787288e+06 
3.366316e+02 7.247346e+07 5.690833e+06 
3.984811e+02 6.611975e+07 5.112104e+06 
3.536606e+02 6.875396e+07 5.208559e+06 
3.753206e+02 6.796420e+07 5.208559e+06 
3.391996e+02 8.639609e+07 5.401469e+06 
3.176443e+02 6.924781e+07 6.558926e+06 
3.895321e+02 7.024525e+07 4.533376e+06 
3.540126e+02 6.718455e+07 5.497924e+06 
3.781682e+02 6.903582e+07 4.919195e+06 
3.901403e+02 6.783742e+07 5.015650e+06 
3.931925e+02 6.653199e+07 5.112104e+06 
3.563745e+02 6.536335e+07 6.366017e+06 
3.962509e+02 6.998369e+07 4.533376e+06 
3.577419e+02 6.468819e+07 6.462472e+06 
3.863047e+02 6.865749e+07 4.726285e+06 
3.329376e+02 6.787884e+07 5.883743e+06 
3.864508e+02 7.105210e+07 4.533376e+06 
4.061638e+02 6.995702e+07 4.533376e+06 
3.956222e+02 6.966488e+07 4.629830e+06 
3.198838e+02 7.669812e+07 5.883743e+06 
3.228420e+02 6.780196e+07 6.076652e+06 
3.634031e+02 6.842639e+07 5.208559e+06 
3.654834e+02 7.572163e+07 5.015650e+06 
3.437764e+02 6.733817e+07 5.690833e+06 
3.236998e+02 6.744807e+07 6.558926e+06 
3.288977e+02 6.749085e+07 5.980198e+06 
3.616982e+02 7.496618e+07 5.112104e+06 
3.587064e+02 6.678671e+07 5.497924e+06 

3.605298e+02 7.062916e+07 5.112104e+06 
3.769865e+02 6.963557e+07 5.112104e+06 
3.866030e+02 7.282120e+07 4.340466e+06 
3.274985e+02 7.563417e+07 5.208559e+06 
4.080452e+02 7.027565e+07 4.244011e+06 
3.144700e+02 7.389197e+07 5.787288e+06 
3.176658e+02 7.379162e+07 5.690833e+06 
3.876917e+02 7.120030e+07 4.340466e+06 
3.747189e+02 6.909730e+07 5.305014e+06 
3.855867e+02 6.985762e+07 4.629830e+06 
3.503099e+02 7.104541e+07 5.305014e+06 
3.418901e+02 7.178829e+07 5.305014e+06 
3.558138e+02 7.745034e+07 4.919195e+06 
3.278917e+02 8.167976e+07 5.099244e+06 
3.957267e+02 7.204252e+07 4.147556e+06 
3.471249e+02 7.806194e+07 4.919195e+06 
3.355561e+02 7.178108e+07 5.497924e+06 
3.816038e+02 7.174087e+07 4.533376e+06 
3.653646e+02 7.083361e+07 4.919195e+06 
4.018765e+02 7.145572e+07 4.051102e+06 
3.673100e+02 7.166341e+07 4.822740e+06 
3.570999e+02 7.050342e+07 5.208559e+06 
3.310711e+02 7.614500e+07 5.112104e+06 
3.268822e+02 7.111555e+07 5.787288e+06 
3.583211e+02 6.935997e+07 5.497924e+06 
4.004651e+02 7.190157e+07 3.954647e+06 
3.576473e+02 7.102348e+07 5.112104e+06 
3.575861e+02 6.948792e+07 5.401469e+06 
3.610991e+02 7.171165e+07 5.015650e+06 
3.578707e+02 7.248841e+07 5.015650e+06 
3.721674e+02 6.978460e+07 5.015650e+06 
3.575687e+02 6.939851e+07 5.497924e+06 
3.628661e+02 7.088673e+07 5.015650e+06 
3.188336e+02 8.217677e+07 5.401469e+06 
3.185120e+02 7.309331e+07 5.787288e+06 
3.437514e+02 7.127766e+07 5.401469e+06 
3.250456e+02 7.603128e+07 5.208559e+06 
3.627322e+02 6.916563e+07 5.401469e+06 
3.361686e+02 7.364838e+07 5.305014e+06 
3.762660e+02 6.897848e+07 5.690833e+06 
3.778088e+02 6.991544e+07 4.726285e+06 
3.127391e+02 7.609874e+07 5.594378e+06 
3.228847e+02 8.201444e+07 5.305014e+06 
4.123740e+02 6.988774e+07 4.147556e+06 
3.260534e+02 7.407390e+07 5.401469e+06 
3.100279e+02 7.501664e+07 6.173107e+06 
3.306665e+02 7.327798e+07 5.497924e+06 
3.271801e+02 7.078298e+07 6.173107e+06 
3.721898e+02 7.126084e+07 4.726285e+06 
3.367796e+02 7.127114e+07 5.594378e+06 
3.649354e+02 7.037599e+07 5.112104e+06 
3.827164e+02 6.900581e+07 5.497924e+06 
3.441547e+02 7.069431e+07 5.497924e+06 
3.603599e+02 7.397120e+07 4.822740e+06 
3.389338e+02 7.155232e+07 5.497924e+06 
3.933488e+02 7.290834e+07 4.147556e+06 
3.450074e+02 7.195790e+07 5.208559e+06 
3.113936e+02 7.429521e+07 6.173107e+06 
3.151126e+02 7.293514e+07 6.076652e+06 
3.180992e+02 7.145929e+07 5.980198e+06 
3.370344e+02 7.864684e+07 4.822740e+06 
3.405770e+02 7.093301e+07 5.787288e+06 
3.601693e+02 6.948551e+07 5.305014e+06 
3.358376e+02 7.232428e+07 5.401469e+06 
3.384208e+02 7.308354e+07 5.015650e+06 
3.320963e+02 7.207251e+07 5.594378e+06 
3.201567e+02 7.156053e+07 5.883743e+06 
3.298667e+02 7.268091e+07 5.594378e+06 
3.524233e+02 7.112838e+07 5.208559e+06 
3.525479e+02 7.006829e+07 5.305014e+06 
3.156594e+02 7.283039e+07 6.173107e+06 
3.141616e+02 7.475471e+07 5.594378e+06 
3.420437e+02 7.093182e+07 5.594378e+06 
3.214532e+02 7.354827e+07 5.594378e+06 
3.821690e+02 7.067856e+07 4.629830e+06 
3.861614e+02 6.991746e+07 4.436921e+06 
3.923714e+02 7.174167e+07 4.244011e+06 
3.216348e+02 7.637604e+07 5.401469e+06 
3.160020e+02 7.128181e+07 6.173107e+06 
3.813983e+02 7.281098e+07 4.436921e+06 
3.492758e+02 7.029216e+07 5.883743e+06 
3.230954e+02 7.111461e+07 5.883743e+06 
3.493350e+02 7.248324e+07 5.112104e+06 
3.756786e+02 7.218835e+07 4.629830e+06 
3.898748e+02 6.969473e+07 4.629830e+06 
3.929595e+02 7.102720e+07 4.244011e+06 
3.243055e+02 7.939808e+07 5.182838e+06 
3.135996e+02 7.383712e+07 6.173107e+06 
3.427746e+02 7.241325e+07 5.208559e+06 
3.131024e+02 7.435865e+07 5.980198e+06 
3.520423e+02 6.957168e+07 5.594378e+06 
3.727160e+02 7.281448e+07 4.533376e+06 
3.225037e+02 7.291536e+07 5.690833e+06 
3.797306e+02 7.123689e+07 4.629830e+06 
3.631218e+02 6.980386e+07 5.208559e+06 
3.230275e+02 8.041603e+07 5.266432e+06 
3.783040e+02 6.887572e+07 5.690833e+06 
4.004038e+02 7.033310e+07 4.340466e+06 
3.491327e+02 7.166613e+07 5.208559e+06 
3.229442e+02 7.545644e+07 5.401469e+06 

3.376614e+02 6.952448e+07 5.401469e+06 
4.049658e+02 7.191327e+07 3.858192e+06 
3.905702e+02 6.996059e+07 4.340466e+06 
4.426673e+02 6.768025e+07 4.629830e+06 
3.437977e+02 6.886077e+07 5.208559e+06 
3.212343e+02 8.241251e+07 6.944746e+06 
3.622907e+02 6.721870e+07 5.497924e+06 
3.357204e+02 6.828251e+07 5.594378e+06 
3.485515e+02 7.024724e+07 4.726285e+06 
3.540163e+02 6.761309e+07 5.401469e+06 
4.216616e+02 7.118554e+07 3.858192e+06 
4.080692e+02 6.733085e+07 4.726285e+06 
3.779743e+02 6.630427e+07 5.497924e+06 
3.710484e+02 7.198333e+07 4.436921e+06 
3.512405e+02 6.857377e+07 5.208559e+06 
3.621098e+02 6.760732e+07 5.208559e+06 
3.691813e+02 6.659778e+07 5.401469e+06 
3.345475e+02 6.878567e+07 5.787288e+06 
3.243835e+02 7.982323e+07 6.655381e+06 
3.767844e+02 6.633640e+07 5.208559e+06 
3.221772e+02 8.258688e+07 6.558926e+06 
3.397203e+02 6.833609e+07 5.401469e+06 
3.471850e+02 6.769940e+07 5.980198e+06 
4.063412e+02 7.161059e+07 4.051102e+06 
3.374152e+02 7.397060e+07 5.208559e+06 
3.360328e+02 7.268360e+07 5.401469e+06 
3.784565e+02 6.895439e+07 4.533376e+06 
3.734959e+02 6.952576e+07 4.436921e+06 
3.991573e+02 6.620154e+07 5.015650e+06 
3.409147e+02 6.811245e+07 5.497924e+06 
4.339579e+02 6.788700e+07 4.629830e+06 
3.287228e+02 7.810942e+07 5.401469e+06 
4.023928e+02 6.784751e+07 4.726285e+06 
3.766083e+02 7.158128e+07 4.430490e+06 
3.686546e+02 6.844789e+07 4.822740e+06 
3.307826e+02 7.434745e+07 5.401469e+06 
3.835865e+02 6.601190e+07 5.112104e+06 
3.797690e+02 6.787208e+07 4.822740e+06 
3.825712e+02 6.591793e+07 5.497924e+06 
3.780346e+02 6.612655e+07 5.497924e+06 
3.785886e+02 6.612085e+07 5.497924e+06 
3.510746e+02 6.776454e+07 5.401469e+06 
3.814735e+02 6.869207e+07 4.629830e+06 
4.201286e+02 6.696279e+07 4.726285e+06 
3.421509e+02 7.535586e+07 4.919195e+06 
3.729328e+02 6.651861e+07 5.112104e+06 
3.448295e+02 7.059384e+07 4.848461e+06 
3.321302e+02 7.508010e+07 5.015650e+06 
3.943882e+02 6.517092e+07 5.208559e+06 
4.263679e+02 7.112609e+07 3.665282e+06 
3.513568e+02 7.097624e+07 4.629830e+06 
3.651763e+02 6.703480e+07 5.401469e+06 
3.554347e+02 6.994778e+07 4.629830e+06 
3.738323e+02 6.757548e+07 5.015650e+06 
3.656525e+02 6.688147e+07 5.305014e+06 
3.967901e+02 6.550072e+07 5.112104e+06 
3.828267e+02 6.687764e+07 4.919195e+06 
3.605848e+02 6.812395e+07 5.112104e+06 
4.253658e+02 7.014344e+07 3.858192e+06 
3.502131e+02 6.942835e+07 4.919195e+06 
3.401255e+02 6.789416e+07 5.594378e+06 
3.630277e+02 6.836912e+07 5.015650e+06 
3.538212e+02 6.799318e+07 5.305014e+06 
3.311084e+02 7.678746e+07 5.208559e+06 
3.443552e+02 6.773472e+07 5.594378e+06 
3.609233e+02 6.897663e+07 4.726285e+06 
3.298170e+02 6.995160e+07 5.594378e+06 
3.937744e+02 6.653526e+07 4.919195e+06 
3.574626e+02 7.068136e+07 4.533376e+06 
3.994391e+02 7.325874e+07 4.244011e+06 
3.839930e+02 6.531960e+07 5.497924e+06 
3.873316e+02 6.758231e+07 4.822740e+06 
3.754426e+02 6.651474e+07 5.401469e+06 
3.757593e+02 6.641028e+07 5.401469e+06 
4.215025e+02 7.193229e+07 3.665282e+06 
3.337791e+02 7.076036e+07 5.497924e+06 
3.449653e+02 6.996994e+07 5.112104e+06 
3.853703e+02 6.580874e+07 5.208559e+06 
4.104973e+02 7.219378e+07 3.665282e+06 
3.397870e+02 7.147377e+07 5.182838e+06 
3.273591e+02 6.887117e+07 5.787288e+06 
3.634684e+02 6.953755e+07 4.629830e+06 
3.600380e+02 7.036018e+07 4.533376e+06 
3.438286e+02 7.107295e+07 5.112104e+06 
3.672400e+02 6.684113e+07 5.305014e+06 
3.532109e+02 6.724115e+07 5.787288e+06 
3.883305e+02 6.837258e+07 4.726285e+06 
3.750787e+02 6.858823e+07 4.726285e+06 
3.265101e+02 7.051135e+07 5.787288e+06 
3.532465e+02 6.944035e+07 4.822740e+06 
3.520357e+02 6.736845e+07 5.690833e+06 
3.270941e+02 7.162429e+07 5.594378e+06 
4.136460e+02 7.095560e+07 4.051102e+06 
3.797334e+02 6.620008e+07 5.112104e+06 
3.899862e+02 6.567502e+07 5.112104e+06 
3.754557e+02 6.789685e+07 4.919195e+06 
3.350082e+02 6.876408e+07 5.787288e+06 
3.892707e+02 6.550796e+07 5.208559e+06 
3.428748e+02 6.931812e+07 5.208559e+06 
3.558307e+02 6.885477e+07 5.015650e+06 

