4.651628e+02 6.193889e+07 6.173107e+06 
3.290341e+02 6.657422e+07 6.944746e+06 
3.814133e+02 6.473643e+07 6.366017e+06 
4.675096e+02 6.573136e+07 4.436921e+06 
3.025424e+02 6.747199e+07 6.944746e+06 
4.408238e+02 6.661221e+07 4.726285e+06 
3.852310e+02 6.724422e+07 5.787288e+06 
4.717087e+02 6.574777e+07 4.340466e+06 
4.069178e+02 6.357161e+07 6.462472e+06 
3.830966e+02 6.816685e+07 5.690833e+06 
3.442892e+02 6.616200e+07 6.366017e+06 
4.163236e+02 6.305199e+07 6.558926e+06 
3.103961e+02 6.695821e+07 6.944746e+06 
4.022758e+02 6.528451e+07 5.883743e+06 
3.710946e+02 6.819468e+07 5.787288e+06 
4.529713e+02 6.162227e+07 6.269562e+06 
4.766306e+02 6.316843e+07 5.208559e+06 
4.549038e+02 6.431579e+07 5.305014e+06 
4.802916e+02 6.451331e+07 5.015650e+06 
3.975879e+02 6.460302e+07 6.076652e+06 
4.360672e+02 6.818651e+07 4.726285e+06 
2.772959e+02 6.917946e+07 6.944746e+06 
4.586301e+02 6.118164e+07 6.366017e+06 
4.698791e+02 6.203158e+07 6.076652e+06 
4.430727e+02 6.204913e+07 6.173107e+06 
3.419458e+02 6.535363e+07 6.848291e+06 
4.508832e+02 6.722960e+07 4.629830e+06 
4.988132e+02 6.304114e+07 5.112104e+06 
4.187654e+02 6.254571e+07 6.558926e+06 
4.358916e+02 6.174697e+07 6.366017e+06 
4.879695e+02 6.369018e+07 5.015650e+06 
3.901262e+02 6.403225e+07 6.848291e+06 
4.161966e+02 6.313324e+07 6.269562e+06 
3.754696e+02 6.472189e+07 6.848291e+06 
3.522796e+02 6.825482e+07 6.076652e+06 
4.862277e+02 6.553026e+07 4.340466e+06 
4.096046e+02 6.379340e+07 6.076652e+06 
3.701957e+02 6.537411e+07 6.269562e+06 
3.226046e+02 6.684988e+07 6.944746e+06 
3.635609e+02 6.527792e+07 6.848291e+06 
4.273980e+02 6.288528e+07 6.076652e+06 
3.706092e+02 6.687502e+07 5.980198e+06 
4.914792e+02 6.696588e+07 4.147556e+06 
3.227564e+02 6.755537e+07 6.558926e+06 
4.541929e+02 6.539460e+07 4.629830e+06 
3.226947e+02 6.867004e+07 6.366017e+06 
3.019510e+02 6.818407e+07 6.751836e+06 
4.511490e+02 6.160340e+07 6.366017e+06 
3.198662e+02 6.860377e+07 6.462472e+06 
4.271058e+02 6.614990e+07 5.208559e+06 
2.822178e+02 6.871790e+07 6.944746e+06 
5.119806e+02 6.256750e+07 5.401469e+06 
3.857504e+02 6.430086e+07 6.751836e+06 
4.086527e+02 6.465993e+07 5.980198e+06 
3.773307e+02 6.432617e+07 6.848291e+06 
4.683542e+02 6.694386e+07 4.340466e+06 
2.872021e+02 6.812144e+07 6.944746e+06 
2.930062e+02 6.875243e+07 6.848291e+06 
4.497388e+02 6.168518e+07 6.366017e+06 
4.212630e+02 6.736578e+07 5.015650e+06 
4.595414e+02 6.496552e+07 4.533376e+06 
4.326020e+02 6.691310e+07 4.919195e+06 
5.116110e+02 6.288872e+07 5.305014e+06 
4.213122e+02 6.447151e+07 5.787288e+06 
4.667411e+02 6.210600e+07 5.883743e+06 
4.085550e+02 6.705010e+07 5.401469e+06 
2.861011e+02 6.838907e+07 6.944746e+06 
3.922076e+02 6.376387e+07 6.751836e+06 
4.590193e+02 6.330888e+07 5.497924e+06 
3.113005e+02 6.861334e+07 6.558926e+06 
3.364493e+02 6.792315e+07 6.269562e+06 
3.240223e+02 6.674013e+07 6.944746e+06 
4.325233e+02 6.305952e+07 5.883743e+06 
4.031998e+02 6.742974e+07 5.497924e+06 
2.917109e+02 6.771433e+07 6.944746e+06 
4.110419e+02 6.306098e+07 6.462472e+06 
4.512745e+02 6.135323e+07 6.366017e+06 
4.393826e+02 6.325125e+07 5.787288e+06 
2.962083e+02 6.760702e+07 6.944746e+06 
4.146663e+02 6.600449e+07 5.594378e+06 
4.260632e+02 6.257626e+07 6.269562e+06 
3.805327e+02 6.544168e+07 6.076652e+06 
4.779215e+02 6.226319e+07 5.497924e+06 
3.650617e+02 6.480686e+07 6.655381e+06 
4.351187e+02 6.248365e+07 6.558926e+06 
4.799779e+02 6.673064e+07 4.244011e+06 
3.034468e+02 6.739225e+07 6.944746e+06 
4.576662e+02 6.209351e+07 5.980198e+06 
3.054780e+02 6.867367e+07 6.655381e+06 
4.699450e+02 6.537936e+07 4.436921e+06 
3.685300e+02 6.475248e+07 6.751836e+06 
4.092176e+02 6.354408e+07 6.655381e+06 
3.394540e+02 6.616185e+07 6.944746e+06 
4.441300e+02 6.532147e+07 5.015650e+06 
3.428226e+02 6.758054e+07 6.173107e+06 
2.910369e+02 6.798104e+07 6.944746e+06 
3.610903e+02 6.832661e+07 5.883743e+06 
3.178319e+02 6.689867e+07 6.751836e+06 
4.203799e+02 6.797272e+07 5.305014e+06 
3.321944e+02 6.618734e+07 6.944746e+06 

3.453953e+02 6.616777e+07 6.848291e+06 
3.075653e+02 6.804503e+07 6.655381e+06 
5.092187e+02 6.529295e+07 5.112104e+06 
3.574550e+02 6.523959e+07 6.944746e+06 
3.685954e+02 6.633448e+07 5.980198e+06 
4.914673e+02 6.649321e+07 4.726285e+06 
3.360965e+02 6.793416e+07 6.269562e+06 
4.456872e+02 6.407842e+07 5.594378e+06 
3.482285e+02 6.776475e+07 6.076652e+06 
4.893926e+02 6.672919e+07 4.533376e+06 
4.159825e+02 6.363942e+07 6.366017e+06 
3.759688e+02 6.420747e+07 6.751836e+06 
4.915290e+02 6.771913e+07 3.858192e+06 
3.635585e+02 6.584811e+07 6.173107e+06 
4.093393e+02 6.464570e+07 5.690833e+06 
4.139514e+02 6.367559e+07 6.173107e+06 
3.222539e+02 6.686296e+07 6.751836e+06 
4.182518e+02 6.727699e+07 5.112104e+06 
5.201982e+02 6.692875e+07 3.954647e+06 
3.786637e+02 6.678660e+07 5.787288e+06 
4.540383e+02 6.482409e+07 5.208559e+06 
4.614576e+02 6.130343e+07 6.269562e+06 
5.061686e+02 6.664294e+07 4.340466e+06 
3.923243e+02 6.563914e+07 5.690833e+06 
2.772959e+02 6.917946e+07 6.944746e+06 
4.240230e+02 6.313790e+07 6.269562e+06 
4.274763e+02 6.301708e+07 6.173107e+06 
4.233775e+02 6.319153e+07 6.269562e+06 
3.970080e+02 6.478257e+07 5.883743e+06 
4.431533e+02 6.290457e+07 5.883743e+06 
3.626073e+02 6.522759e+07 6.751836e+06 
3.851506e+02 6.511923e+07 6.076652e+06 
4.988552e+02 6.734173e+07 3.954647e+06 
4.737316e+02 6.792993e+07 3.954647e+06 
4.530350e+02 6.911792e+07 4.822740e+06 
4.462225e+02 6.230829e+07 6.173107e+06 
4.826291e+02 6.370307e+07 5.497924e+06 
4.401938e+02 6.259213e+07 6.269562e+06 
3.696288e+02 6.520804e+07 6.751836e+06 
4.281283e+02 6.270609e+07 6.366017e+06 
3.198304e+02 6.785704e+07 6.462472e+06 
4.573683e+02 6.167836e+07 6.269562e+06 
5.041975e+02 6.604978e+07 4.919195e+06 
4.275121e+02 6.637139e+07 5.015650e+06 
4.110918e+02 6.521685e+07 5.305014e+06 
4.417482e+02 6.256718e+07 6.269562e+06 
2.964835e+02 6.728074e+07 6.944746e+06 
4.525098e+02 6.204182e+07 6.076652e+06 
3.517803e+02 6.602693e+07 6.944746e+06 
3.115966e+02 6.714613e+07 6.848291e+06 
4.648884e+02 6.257911e+07 5.980198e+06 
5.003660e+02 6.616109e+07 4.822740e+06 
3.090829e+02 6.720000e+07 6.944746e+06 
2.921699e+02 6.781465e+07 6.944746e+06 
3.601034e+02 6.739620e+07 5.883743e+06 
3.046796e+02 6.733886e+07 6.751836e+06 
3.209899e+02 6.706953e+07 6.848291e+06 
3.506665e+02 6.767724e+07 5.980198e+06 
3.644677e+02 6.521790e+07 6.655381e+06 
4.040123e+02 6.377396e+07 6.269562e+06 
4.240782e+02 6.405659e+07 5.787288e+06 
3.555949e+02 6.579554e+07 6.944746e+06 
4.453913e+02 6.248250e+07 6.269562e+06 
4.525372e+02 6.536890e+07 5.015650e+06 
4.903175e+02 6.464041e+07 5.208559e+06 
4.567339e+02 6.881351e+07 4.340466e+06 
2.831623e+02 6.877224e+07 6.944746e+06 
4.539949e+02 6.326264e+07 5.787288e+06 
3.447376e+02 6.642083e+07 6.366017e+06 
4.660910e+02 6.827402e+07 4.147556e+06 
4.169641e+02 6.358998e+07 6.269562e+06 
3.369192e+02 6.620447e+07 6.462472e+06 
4.198981e+02 6.336546e+07 6.269562e+06 
2.846933e+02 6.852640e+07 6.944746e+06 
4.550680e+02 6.787517e+07 4.533376e+06 
4.699301e+02 6.536335e+07 5.015650e+06 
2.910862e+02 6.811944e+07 6.944746e+06 
2.951543e+02 6.827504e+07 6.848291e+06 
3.347069e+02 6.656715e+07 6.944746e+06 
3.744123e+02 6.480780e+07 6.751836e+06 
3.258911e+02 6.679761e+07 6.944746e+06 
2.883649e+02 6.836043e+07 6.944746e+06 
3.972126e+02 6.690161e+07 5.401469e+06 
3.275202e+02 6.674490e+07 6.655381e+06 
3.285059e+02 6.808152e+07 6.366017e+06 
2.890227e+02 6.815653e+07 6.944746e+06 
3.899910e+02 6.722585e+07 5.497924e+06 
4.730791e+02 6.265642e+07 5.787288e+06 
4.906260e+02 6.365087e+07 5.690833e+06 
3.009245e+02 6.876719e+07 6.751836e+06 
3.820303e+02 6.723839e+07 5.594378e+06 
2.849924e+02 6.839699e+07 6.944746e+06 
4.830615e+02 6.791136e+07 3.858192e+06 
2.955458e+02 6.757392e+07 6.944746e+06 
4.042700e+02 6.603831e+07 5.208559e+06 
4.025860e+02 6.400889e+07 6.558926e+06 
4.806978e+02 6.383555e+07 5.305014e+06 
4.436221e+02 6.456777e+07 5.401469e+06 
3.186019e+02 6.872181e+07 6.558926e+06 
4.186814e+02 6.339383e+07 6.558926e+06 

4.932687e+02 6.695383e+07 3.761737e+06 
2.887893e+02 6.794687e+07 6.944746e+06 
4.634092e+02 6.762689e+07 3.472373e+06 
3.310177e+02 6.637205e+07 6.848291e+06 
3.977873e+02 6.593013e+07 5.594378e+06 
3.576684e+02 6.777841e+07 5.787288e+06 
3.992499e+02 6.842699e+07 5.112104e+06 
3.833551e+02 6.428370e+07 6.462472e+06 
4.689532e+02 6.142380e+07 6.269562e+06 
3.373397e+02 6.633924e+07 6.558926e+06 
3.427282e+02 6.618553e+07 6.655381e+06 
3.215595e+02 6.659068e+07 6.751836e+06 
4.614964e+02 6.834878e+07 3.568828e+06 
5.495886e+02 6.365220e+07 5.112104e+06 
3.523652e+02 6.643723e+07 6.173107e+06 
4.240915e+02 6.646671e+07 4.726285e+06 
4.378335e+02 6.892094e+07 3.858192e+06 
3.923933e+02 6.893600e+07 5.208559e+06 
3.962504e+02 6.416476e+07 6.173107e+06 
3.767736e+02 6.766373e+07 5.497924e+06 
3.603794e+02 6.543788e+07 6.655381e+06 
4.128584e+02 6.746403e+07 4.822740e+06 
3.944381e+02 6.407630e+07 6.848291e+06 
3.870901e+02 6.414233e+07 6.751836e+06 
4.440133e+02 6.368834e+07 5.594378e+06 
4.703174e+02 6.765037e+07 3.375918e+06 
3.464952e+02 6.608214e+07 6.751836e+06 
4.412886e+02 6.306078e+07 5.883743e+06 
3.802073e+02 6.482112e+07 6.462472e+06 
4.442253e+02 6.682936e+07 4.147556e+06 
3.959090e+02 6.381888e+07 6.848291e+06 
2.772959e+02 6.917946e+07 6.944746e+06 
3.822209e+02 6.451298e+07 6.655381e+06 
4.300966e+02 6.820656e+07 4.340466e+06 
3.905808e+02 6.691621e+07 5.401469e+06 
4.009834e+02 6.341737e+07 6.848291e+06 
3.408961e+02 6.628979e+07 6.655381e+06 
4.587228e+02 6.297470e+07 5.690833e+06 
3.711961e+02 6.516279e+07 6.751836e+06 
5.143808e+02 6.297838e+07 5.305014e+06 
3.760032e+02 6.503282e+07 6.751836e+06 
5.317418e+02 6.477222e+07 4.147556e+06 
4.688425e+02 6.821785e+07 3.375918e+06 
4.537793e+02 6.874624e+07 3.665282e+06 
4.733759e+02 6.736626e+07 3.472373e+06 
4.768232e+02 6.678814e+07 3.954647e+06 
3.016248e+02 6.903003e+07 6.655381e+06 
5.230249e+02 6.225263e+07 5.305014e+06 
4.997297e+02 6.497160e+07 4.629830e+06 
4.034623e+02 6.315757e+07 6.751836e+06 
4.109572e+02 6.281587e+07 6.655381e+06 
3.499049e+02 6.788110e+07 6.076652e+06 
2.825919e+02 6.825377e+07 6.944746e+06 
3.740313e+02 6.798899e+07 5.690833e+06 
4.080603e+02 6.745918e+07 4.919195e+06 
4.850186e+02 6.174073e+07 6.076652e+06 
2.879151e+02 6.807663e+07 6.944746e+06 
3.904675e+02 6.409679e+07 6.462472e+06 
3.434951e+02 6.705406e+07 6.269562e+06 
5.113594e+02 6.160946e+07 5.594378e+06 
3.774979e+02 6.500130e+07 6.366017e+06 
3.162003e+02 6.788199e+07 6.462472e+06 
4.502475e+02 6.820313e+07 3.761737e+06 
4.328933e+02 6.526590e+07 5.208559e+06 
4.130644e+02 6.220404e+07 6.655381e+06 
3.891893e+02 6.514310e+07 5.883743e+06 
4.449555e+02 6.197302e+07 6.558926e+06 
4.218525e+02 6.776029e+07 4.436921e+06 
3.114772e+02 6.697605e+07 6.848291e+06 
3.310442e+02 6.771074e+07 6.366017e+06 
2.795792e+02 6.888385e+07 6.944746e+06 
3.003815e+02 6.733226e+07 6.944746e+06 
2.865073e+02 6.821396e+07 6.944746e+06 
2.926326e+02 6.748396e+07 6.944746e+06 
5.333715e+02 6.131307e+07 5.883743e+06 
3.904011e+02 6.799347e+07 5.305014e+06 
4.861924e+02 6.537968e+07 4.436921e+06 
3.698438e+02 6.662332e+07 5.787288e+06 
5.234727e+02 6.057180e+07 6.269562e+06 
4.924081e+02 6.133403e+07 6.269562e+06 
4.185646e+02 6.796511e+07 4.726285e+06 
3.080031e+02 6.818231e+07 6.558926e+06 
5.104701e+02 6.078364e+07 6.173107e+06 
4.996487e+02 6.103822e+07 6.366017e+06 
3.534954e+02 6.545792e+07 6.558926e+06 
5.243943e+02 6.441768e+07 4.629830e+06 
4.705884e+02 6.600634e+07 4.147556e+06 
3.048639e+02 6.725925e+07 6.944746e+06 
4.700385e+02 6.705290e+07 3.665282e+06 
2.971677e+02 6.855888e+07 6.751836e+06 
4.843733e+02 6.729724e+07 3.568828e+06 
5.227302e+02 6.442895e+07 4.436921e+06 
4.191929e+02 6.362763e+07 6.076652e+06 
5.104970e+02 6.521870e+07 4.147556e+06 
5.262111e+02 6.078359e+07 5.980198e+06 
4.628166e+02 6.667849e+07 4.051102e+06 
5.252796e+02 6.131823e+07 5.690833e+06 
2.931635e+02 6.895541e+07 6.848291e+06 
3.964461e+02 6.354677e+07 6.655381e+06 
4.037026e+02 6.289640e+07 6.848291e+06 

3.418608e+02 6.643832e+07 6.462472e+06 
2.839245e+02 6.886583e+07 6.944746e+06 
3.547591e+02 6.505755e+07 6.848291e+06 
4.420151e+02 6.235215e+07 6.462472e+06 
3.615895e+02 6.721554e+07 5.594378e+06 
3.867943e+02 6.453224e+07 6.462472e+06 
3.315666e+02 6.828211e+07 6.269562e+06 
4.100180e+02 6.430236e+07 5.883743e+06 
3.766830e+02 6.488577e+07 6.462472e+06 
3.992023e+02 6.579920e+07 5.594378e+06 
3.945388e+02 6.416422e+07 6.462472e+06 
3.130076e+02 6.755905e+07 6.655381e+06 
4.503085e+02 6.516523e+07 4.726285e+06 
4.403189e+02 6.424648e+07 5.305014e+06 
5.244702e+02 6.514072e+07 4.436921e+06 
4.539095e+02 6.729545e+07 3.954647e+06 
4.823096e+02 6.258180e+07 5.787288e+06 
3.440083e+02 6.617068e+07 6.944746e+06 
3.218453e+02 6.780722e+07 6.462472e+06 
2.772959e+02 6.917946e+07 6.944746e+06 
4.875667e+02 6.491529e+07 4.726285e+06 
4.096626e+02 6.703404e+07 5.112104e+06 
4.185144e+02 6.558760e+07 5.208559e+06 
3.831460e+02 6.530734e+07 5.980198e+06 
4.460496e+02 6.230061e+07 6.462472e+06 
4.540791e+02 6.223547e+07 6.462472e+06 
3.947039e+02 6.757242e+07 5.497924e+06 
4.326183e+02 6.328431e+07 6.558926e+06 
3.809028e+02 6.485711e+07 6.655381e+06 
4.780154e+02 6.670776e+07 4.051102e+06 
4.919413e+02 6.612209e+07 4.147556e+06 
5.215668e+02 6.685404e+07 3.954647e+06 
5.220582e+02 6.560694e+07 4.340466e+06 
4.160032e+02 6.370910e+07 6.366017e+06 
4.183423e+02 6.839590e+07 5.015650e+06 
3.294062e+02 6.653280e+07 6.751836e+06 
4.504618e+02 6.476795e+07 4.919195e+06 
4.995313e+02 6.345822e+07 5.305014e+06 
3.881928e+02 6.440342e+07 6.462472e+06 
4.559263e+02 6.190071e+07 6.462472e+06 
3.252927e+02 6.827301e+07 6.366017e+06 
3.113451e+02 6.720725e+07 6.944746e+06 
5.021567e+02 6.233630e+07 5.594378e+06 
4.414247e+02 6.807266e+07 4.244011e+06 
4.705031e+02 6.615999e+07 4.244011e+06 
3.168962e+02 6.714888e+07 6.751836e+06 
4.776002e+02 6.484591e+07 4.822740e+06 
4.043408e+02 6.379405e+07 6.558926e+06 
3.510019e+02 6.679971e+07 5.980198e+06 
4.014252e+02 6.413120e+07 6.269562e+06 
4.261254e+02 6.474575e+07 5.497924e+06 
3.991950e+02 6.790077e+07 5.208559e+06 
2.861334e+02 6.826345e+07 6.944746e+06 
4.772150e+02 6.180435e+07 6.462472e+06 
4.380854e+02 6.243303e+07 6.558926e+06 
3.516993e+02 6.590754e+07 6.558926e+06 
2.910241e+02 6.783969e+07 6.944746e+06 
4.930949e+02 6.224383e+07 5.883743e+06 
2.948107e+02 6.883429e+07 6.848291e+06 
4.483575e+02 6.742165e+07 4.051102e+06 
3.950949e+02 6.414486e+07 6.558926e+06 
4.227472e+02 6.794524e+07 4.629830e+06 
4.824157e+02 6.796614e+07 3.858192e+06 
4.860601e+02 6.214518e+07 6.269562e+06 
3.447888e+02 6.599861e+07 6.848291e+06 
2.963877e+02 6.756978e+07 6.944746e+06 
4.372884e+02 6.816358e+07 4.436921e+06 
4.195235e+02 6.706022e+07 4.726285e+06 
3.138393e+02 6.854354e+07 6.558926e+06 
5.011109e+02 6.431742e+07 5.208559e+06 
3.838446e+02 6.466603e+07 6.366017e+06 
3.432858e+02 6.624342e+07 6.848291e+06 
3.046347e+02 6.730652e+07 6.751836e+06 
2.988003e+02 6.868401e+07 6.751836e+06 
5.030342e+02 6.314214e+07 5.497924e+06 
4.819107e+02 6.154479e+07 6.462472e+06 
3.821962e+02 6.477791e+07 6.558926e+06 
4.294806e+02 6.344944e+07 6.558926e+06 
4.397946e+02 6.737041e+07 4.340466e+06 
3.630086e+02 6.532174e+07 6.269562e+06 
3.470323e+02 6.841640e+07 5.883743e+06 
3.886141e+02 6.422668e+07 6.655381e+06 
3.610827e+02 6.700070e+07 5.690833e+06 
4.377196e+02 6.320505e+07 6.366017e+06 
4.663647e+02 6.187056e+07 6.462472e+06 
4.842658e+02 6.181680e+07 6.366017e+06 
4.437486e+02 6.360817e+07 5.497924e+06 
4.252354e+02 6.540572e+07 4.919195e+06 
3.329174e+02 6.791164e+07 6.173107e+06 
2.994511e+02 6.739076e+07 6.944746e+06 
3.696530e+02 6.491794e+07 6.558926e+06 
4.822804e+02 6.574904e+07 4.436921e+06 
3.352173e+02 6.719097e+07 6.173107e+06 
4.508062e+02 6.676878e+07 4.147556e+06 
2.853650e+02 6.837602e+07 6.944746e+06 
3.862004e+02 6.460891e+07 6.462472e+06 
2.898577e+02 6.803172e+07 6.944746e+06 
3.233139e+02 6.688774e+07 6.848291e+06 
4.626163e+02 6.298354e+07 5.980198e+06 
3.370101e+02 6.799597e+07 6.076652e+06 

4.075562e+02 6.470180e+07 5.787288e+06 
3.100169e+02 6.853310e+07 6.655381e+06 
4.157858e+02 6.722448e+07 4.726285e+06 
4.364105e+02 6.368314e+07 5.787288e+06 
3.969814e+02 6.344933e+07 6.751836e+06 
4.703067e+02 6.393492e+07 5.497924e+06 
2.893299e+02 6.805997e+07 6.944746e+06 
3.373777e+02 6.668429e+07 6.366017e+06 
3.419901e+02 6.578232e+07 6.751836e+06 
4.026550e+02 6.378790e+07 6.462472e+06 
3.193791e+02 6.728708e+07 6.558926e+06 
3.623797e+02 6.580769e+07 6.173107e+06 
5.122446e+02 6.371736e+07 4.629830e+06 
4.868410e+02 6.447018e+07 4.822740e+06 
3.635410e+02 6.705040e+07 5.787288e+06 
4.525082e+02 6.482001e+07 5.401469e+06 
3.268477e+02 6.670767e+07 6.751836e+06 
4.543399e+02 6.344592e+07 5.883743e+06 
5.045361e+02 6.332540e+07 4.919195e+06 
3.986089e+02 6.658742e+07 5.305014e+06 
3.902196e+02 6.631333e+07 5.497924e+06 
4.392049e+02 6.369622e+07 5.594378e+06 
4.204633e+02 6.704774e+07 4.822740e+06 
4.441564e+02 6.616835e+07 4.919195e+06 
3.613523e+02 6.478081e+07 6.848291e+06 
3.751898e+02 6.744595e+07 5.594378e+06 
2.772959e+02 6.917946e+07 6.944746e+06 
3.165305e+02 6.815533e+07 6.462472e+06 
3.817339e+02 6.552330e+07 5.980198e+06 
3.473371e+02 6.715669e+07 6.173107e+06 
4.953815e+02 6.416702e+07 4.726285e+06 
3.745824e+02 6.653156e+07 5.690833e+06 
3.487724e+02 6.515005e+07 6.848291e+06 
4.769077e+02 6.482684e+07 4.919195e+06 
3.188823e+02 6.713940e+07 6.848291e+06 
3.671636e+02 6.424017e+07 6.751836e+06 
4.177219e+02 6.502039e+07 5.497924e+06 
3.631721e+02 6.447819e+07 6.751836e+06 
3.619066e+02 6.635867e+07 5.980198e+06 
4.463740e+02 6.531359e+07 5.208559e+06 
3.920210e+02 6.776153e+07 5.208559e+06 
3.434118e+02 6.556823e+07 6.848291e+06 
3.361943e+02 6.597591e+07 6.848291e+06 
4.084184e+02 6.598091e+07 5.305014e+06 
4.370944e+02 6.319109e+07 6.462472e+06 
4.949010e+02 6.358005e+07 5.208559e+06 
3.575752e+02 6.858216e+07 6.076652e+06 
4.797869e+02 6.442199e+07 5.112104e+06 
3.559511e+02 6.512500e+07 6.655381e+06 
4.034541e+02 6.893165e+07 4.726285e+06 
3.765093e+02 6.407188e+07 6.558926e+06 
3.432522e+02 6.621063e+07 6.558926e+06 
3.773788e+02 6.866639e+07 5.497924e+06 
3.666473e+02 6.613644e+07 5.883743e+06 
2.874951e+02 6.819821e+07 6.944746e+06 
3.151853e+02 6.721501e+07 6.848291e+06 
3.720727e+02 6.381773e+07 6.751836e+06 
3.990822e+02 6.926643e+07 4.822740e+06 
3.576213e+02 6.480368e+07 6.848291e+06 
3.997375e+02 6.290697e+07 6.751836e+06 
3.330732e+02 6.765896e+07 6.366017e+06 
2.958357e+02 6.762799e+07 6.944746e+06 
3.398382e+02 6.594241e+07 6.751836e+06 
5.259497e+02 6.298514e+07 4.726285e+06 
5.009463e+02 6.487973e+07 4.436921e+06 
4.710723e+02 6.564367e+07 4.822740e+06 
2.974471e+02 6.742345e+07 6.944746e+06 
4.057843e+02 6.731068e+07 5.015650e+06 
2.937318e+02 6.788636e+07 6.944746e+06 
4.185704e+02 6.476186e+07 5.594378e+06 
4.823664e+02 6.567124e+07 4.629830e+06 
4.333494e+02 6.346703e+07 6.269562e+06 
3.258596e+02 6.676995e+07 6.848291e+06 
3.904570e+02 6.373892e+07 6.848291e+06 
4.275943e+02 6.747074e+07 4.629830e+06 
3.928113e+02 6.884036e+07 5.015650e+06 
4.909120e+02 6.563199e+07 4.533376e+06 
3.842468e+02 6.818781e+07 5.401469e+06 
3.848581e+02 6.728832e+07 5.305014e+06 
3.211383e+02 6.693352e+07 6.655381e+06 
2.884226e+02 6.817632e+07 6.944746e+06 
2.841585e+02 6.843398e+07 6.944746e+06 
2.946945e+02 6.770223e+07 6.944746e+06 
2.951792e+02 6.856830e+07 6.848291e+06 
3.477603e+02 6.534350e+07 6.848291e+06 
3.299609e+02 6.630246e+07 6.848291e+06 
3.644783e+02 6.482488e+07 6.462472e+06 
3.141214e+02 6.721977e+07 6.751836e+06 
3.003181e+02 6.796825e+07 6.751836e+06 
3.964776e+02 6.847219e+07 4.919195e+06 
3.627227e+02 6.460979e+07 6.848291e+06 
3.951053e+02 6.436770e+07 6.269562e+06 
4.474689e+02 6.590528e+07 5.015650e+06 
5.120254e+02 6.376388e+07 4.533376e+06 
2.899293e+02 6.790114e+07 6.944746e+06 
4.126143e+02 6.634655e+07 5.208559e+06 
5.020483e+02 6.306715e+07 5.401469e+06 
3.361730e+02 6.810342e+07 6.173107e+06 
3.043553e+02 6.724738e+07 6.944746e+06 
4.201742e+02 6.390955e+07 6.173107e+06 

3.804437e+02 6.824169e+07 5.208559e+06 
3.951039e+02 6.810352e+07 4.822740e+06 
3.210786e+02 6.677707e+07 6.848291e+06 
3.376616e+02 6.632338e+07 6.848291e+06 
3.970092e+02 6.537384e+07 5.594378e+06 
3.512599e+02 6.849414e+07 5.787288e+06 
3.970158e+02 6.372309e+07 6.655381e+06 
3.151833e+02 6.785706e+07 6.558926e+06 
4.450926e+02 6.307290e+07 6.173107e+06 
3.181007e+02 6.719353e+07 6.944746e+06 
4.615568e+02 6.190763e+07 6.655381e+06 
4.179440e+02 6.652602e+07 5.112104e+06 
4.376925e+02 6.280886e+07 6.269562e+06 
3.411050e+02 6.834630e+07 5.883743e+06 
4.222796e+02 6.292237e+07 6.558926e+06 
3.729296e+02 6.958062e+07 5.401469e+06 
3.352723e+02 6.653012e+07 6.751836e+06 
4.102086e+02 6.328203e+07 6.751836e+06 
4.097066e+02 6.332812e+07 6.558926e+06 
4.185975e+02 6.299137e+07 6.269562e+06 
3.659470e+02 6.478063e+07 6.655381e+06 
3.509889e+02 6.511099e+07 6.462472e+06 
3.429998e+02 6.561542e+07 6.655381e+06 
2.772959e+02 6.917946e+07 6.944746e+06 
4.479703e+02 6.430323e+07 5.883743e+06 
3.755051e+02 6.477065e+07 6.462472e+06 
3.621602e+02 6.632747e+07 5.980198e+06 
3.820701e+02 6.597276e+07 5.594378e+06 
3.450061e+02 6.509218e+07 6.751836e+06 
3.515284e+02 6.507868e+07 6.655381e+06 
4.015643e+02 6.542191e+07 5.497924e+06 
4.707570e+02 6.206020e+07 6.558926e+06 
4.144886e+02 6.303185e+07 6.269562e+06 
4.048942e+02 6.627404e+07 5.401469e+06 
4.471024e+02 6.250115e+07 6.366017e+06 
3.851450e+02 6.398623e+07 6.655381e+06 
3.295266e+02 6.664118e+07 6.751836e+06 
4.594896e+02 6.194391e+07 6.655381e+06 
4.483248e+02 6.230133e+07 6.655381e+06 
3.867915e+02 6.452080e+07 6.269562e+06 
4.158444e+02 6.698427e+07 4.822740e+06 
4.030436e+02 6.340375e+07 6.558926e+06 
4.276595e+02 6.245270e+07 6.558926e+06 
3.801835e+02 6.441169e+07 6.751836e+06 
3.998262e+02 6.359096e+07 6.558926e+06 
4.232191e+02 6.277690e+07 6.462472e+06 
3.441823e+02 6.667884e+07 6.269562e+06 
4.105957e+02 6.628274e+07 5.305014e+06 
2.868960e+02 6.813018e+07 6.944746e+06 
4.548332e+02 6.443846e+07 5.690833e+06 
4.264887e+02 6.268216e+07 6.655381e+06 
2.952467e+02 6.770332e+07 6.944746e+06 
3.009209e+02 6.761372e+07 6.944746e+06 
3.645057e+02 6.670938e+07 5.690833e+06 
3.761014e+02 6.462008e+07 6.848291e+06 
3.603397e+02 6.480957e+07 6.655381e+06 
4.137792e+02 6.311011e+07 6.558926e+06 
3.339569e+02 6.672358e+07 6.558926e+06 
3.045233e+02 6.750994e+07 6.944746e+06 
3.755686e+02 6.738154e+07 5.497924e+06 
2.981649e+02 6.767495e+07 6.944746e+06 
3.896024e+02 6.786725e+07 4.919195e+06 
4.640061e+02 6.220820e+07 6.462472e+06 
3.874679e+02 6.712106e+07 5.015650e+06 
4.541313e+02 6.307908e+07 6.076652e+06 
3.018556e+02 6.759735e+07 6.944746e+06 
3.096586e+02 6.817539e+07 6.655381e+06 
3.412960e+02 6.576595e+07 6.655381e+06 
4.257092e+02 6.412293e+07 5.980198e+06 
4.194303e+02 6.319769e+07 6.173107e+06 
3.252688e+02 6.762967e+07 6.366017e+06 
3.383146e+02 6.865483e+07 6.173107e+06 
3.996689e+02 6.637738e+07 5.208559e+06 
2.867898e+02 6.850272e+07 6.944746e+06 
3.570125e+02 6.491303e+07 6.655381e+06 
3.388964e+02 6.609790e+07 6.751836e+06 
4.081779e+02 6.336034e+07 6.558926e+06 
3.017157e+02 6.805578e+07 6.751836e+06 
3.794753e+02 6.518055e+07 6.076652e+06 
3.390315e+02 6.607222e+07 6.751836e+06 
4.067353e+02 6.356160e+07 6.269562e+06 
4.038409e+02 6.467208e+07 5.690833e+06 
3.973836e+02 6.683934e+07 4.919195e+06 
3.210507e+02 6.847058e+07 6.462472e+06 
3.665079e+02 6.574070e+07 6.173107e+06 
3.492013e+02 6.694507e+07 5.980198e+06 
3.064015e+02 6.730162e+07 6.944746e+06 
3.284080e+02 6.670889e+07 6.848291e+06 
3.970062e+02 6.446741e+07 5.883743e+06 
4.581373e+02 6.428858e+07 5.883743e+06 
2.885155e+02 6.782999e+07 6.944746e+06 
3.232178e+02 6.837640e+07 6.269562e+06 
3.842319e+02 6.436028e+07 6.655381e+06 
3.385033e+02 6.625335e+07 6.751836e+06 
3.407779e+02 6.592205e+07 6.751836e+06 
3.923352e+02 6.398254e+07 6.655381e+06 
3.845683e+02 6.701397e+07 5.208559e+06 
3.369896e+02 6.636631e+07 6.751836e+06 
2.940708e+02 6.856279e+07 6.848291e+06 
4.129425e+02 6.316663e+07 6.655381e+06 

4.259180e+02 6.653656e+07 4.533376e+06 
4.555206e+02 6.669564e+07 4.051102e+06 
4.733765e+02 6.385035e+07 5.208559e+06 
3.842953e+02 6.758230e+07 5.305014e+06 
3.948980e+02 6.459282e+07 6.173107e+06 
3.524286e+02 6.526189e+07 6.655381e+06 
4.267651e+02 6.398563e+07 5.787288e+06 
3.936242e+02 6.768274e+07 5.208559e+06 
3.422958e+02 6.709751e+07 6.076652e+06 
3.715041e+02 6.473938e+07 6.558926e+06 
3.859494e+02 6.383662e+07 6.558926e+06 
3.954669e+02 6.893467e+07 5.112104e+06 
4.268541e+02 6.610693e+07 4.919195e+06 
2.995115e+02 6.825057e+07 6.751836e+06 
4.150280e+02 6.907530e+07 4.051102e+06 
4.195734e+02 6.286671e+07 6.173107e+06 
4.050314e+02 6.766126e+07 4.919195e+06 
3.735794e+02 6.411482e+07 6.655381e+06 
4.037203e+02 6.356581e+07 6.462472e+06 
4.587054e+02 6.334269e+07 5.690833e+06 
4.580841e+02 6.565278e+07 4.629830e+06 
3.979362e+02 6.527026e+07 5.787288e+06 
4.279262e+02 6.817860e+07 3.858192e+06 
4.381821e+02 6.794567e+07 3.858192e+06 
4.562622e+02 6.400647e+07 5.305014e+06 
4.393965e+02 6.739092e+07 4.051102e+06 
2.772959e+02 6.917946e+07 6.944746e+06 
3.355527e+02 6.737484e+07 6.173107e+06 
3.988436e+02 6.983816e+07 4.726285e+06 
4.765409e+02 6.409039e+07 5.112104e+06 
4.228629e+02 6.283445e+07 6.462472e+06 
4.180831e+02 6.637218e+07 4.919195e+06 
3.352560e+02 6.895139e+07 6.269562e+06 
4.054749e+02 6.313588e+07 6.366017e+06 
3.257864e+02 6.781396e+07 6.366017e+06 
3.639735e+02 6.487106e+07 6.558926e+06 
4.395915e+02 6.623555e+07 4.436921e+06 
3.682240e+02 6.680289e+07 5.690833e+06 
4.888326e+02 6.501837e+07 4.919195e+06 
4.204072e+02 6.749165e+07 4.147556e+06 
3.587692e+02 6.542512e+07 6.366017e+06 
4.816554e+02 6.281663e+07 5.305014e+06 
3.221622e+02 6.663251e+07 6.944746e+06 
3.756412e+02 6.754260e+07 5.497924e+06 
4.516287e+02 6.292708e+07 5.980198e+06 
3.485045e+02 6.806108e+07 5.883743e+06 
2.972333e+02 6.776196e+07 6.944746e+06 
3.380406e+02 6.611936e+07 6.462472e+06 
4.413577e+02 6.436732e+07 5.401469e+06 
2.944430e+02 6.779034e+07 6.944746e+06 
3.474929e+02 6.555444e+07 6.655381e+06 
4.300042e+02 6.525598e+07 5.305014e+06 
4.603781e+02 6.607700e+07 4.244011e+06 
4.683457e+02 6.535028e+07 4.436921e+06 
4.115501e+02 6.751684e+07 4.340466e+06 
3.723792e+02 6.437899e+07 6.558926e+06 
4.650208e+02 6.410682e+07 5.015650e+06 
2.909653e+02 6.811161e+07 6.944746e+06 
4.253408e+02 6.252717e+07 6.366017e+06 
4.053257e+02 6.624072e+07 5.305014e+06 
3.380091e+02 6.557797e+07 6.655381e+06 
3.034886e+02 6.759340e+07 6.848291e+06 
3.532514e+02 6.849108e+07 5.787288e+06 
2.848367e+02 6.904578e+07 6.944746e+06 
4.111780e+02 6.420712e+07 5.883743e+06 
3.240066e+02 6.767605e+07 6.462472e+06 
3.071185e+02 6.713250e+07 6.944746e+06 
3.783075e+02 6.532948e+07 6.076652e+06 
2.870593e+02 6.815574e+07 6.944746e+06 
3.649128e+02 6.747892e+07 5.594378e+06 
3.047966e+02 6.753653e+07 6.848291e+06 
4.104668e+02 6.794893e+07 4.436921e+06 
3.001284e+02 6.767573e+07 6.944746e+06 
3.327061e+02 6.594141e+07 6.655381e+06 
4.168843e+02 6.308761e+07 6.366017e+06 
4.338429e+02 6.350423e+07 5.883743e+06 
3.591735e+02 6.645791e+07 5.980198e+06 
4.953540e+02 6.530461e+07 4.147556e+06 
3.964056e+02 6.707477e+07 5.208559e+06 
3.184042e+02 6.708230e+07 6.848291e+06 
2.928001e+02 6.797337e+07 6.944746e+06 
2.856216e+02 6.864354e+07 6.944746e+06 
3.060009e+02 6.769090e+07 6.655381e+06 
4.132871e+02 6.577414e+07 5.401469e+06 
2.865694e+02 6.849371e+07 6.944746e+06 
4.494858e+02 6.675746e+07 3.954647e+06 
3.651447e+02 6.621253e+07 5.883743e+06 
3.218042e+02 6.691593e+07 6.848291e+06 
4.713996e+02 6.290457e+07 5.497924e+06 
4.598469e+02 6.264100e+07 6.076652e+06 
3.504260e+02 6.541297e+07 6.558926e+06 
3.805520e+02 6.417936e+07 6.462472e+06 
4.142059e+02 6.312001e+07 6.462472e+06 
4.807646e+02 6.277874e+07 5.787288e+06 
3.793072e+02 6.407379e+07 6.558926e+06 
2.981133e+02 6.809442e+07 6.848291e+06 
3.636483e+02 6.514075e+07 6.558926e+06 
4.100764e+02 6.824598e+07 4.533376e+06 
3.066974e+02 6.829845e+07 6.558926e+06 
3.865697e+02 6.377664e+07 6.558926e+06 

4.410709e+02 6.773721e+07 4.436921e+06 
4.035996e+02 6.684736e+07 5.401469e+06 
4.796074e+02 6.252752e+07 5.883743e+06 
5.086407e+02 6.630684e+07 3.954647e+06 
3.125674e+02 6.680391e+07 6.944746e+06 
4.881135e+02 6.179221e+07 6.173107e+06 
3.118183e+02 6.862828e+07 6.558926e+06 
2.927712e+02 6.789483e+07 6.944746e+06 
3.618906e+02 6.804812e+07 6.076652e+06 
3.814115e+02 6.382417e+07 6.944746e+06 
4.351367e+02 6.841712e+07 4.822740e+06 
4.576316e+02 6.774721e+07 4.147556e+06 
3.686436e+02 6.629119e+07 6.076652e+06 
4.875781e+02 6.633878e+07 4.051102e+06 
3.943249e+02 6.352381e+07 6.366017e+06 
4.590729e+02 6.696094e+07 4.340466e+06 
4.785355e+02 6.200552e+07 6.076652e+06 
3.835943e+02 6.674995e+07 5.787288e+06 
3.738877e+02 6.425264e+07 6.944746e+06 
3.624899e+02 6.502755e+07 6.751836e+06 
4.097329e+02 6.725407e+07 5.305014e+06 
3.899515e+02 6.364077e+07 6.944746e+06 
5.049111e+02 6.451650e+07 4.726285e+06 
5.734566e+02 6.491157e+07 3.568828e+06 
2.772959e+02 6.917946e+07 6.944746e+06 
3.781220e+02 6.725521e+07 5.883743e+06 
5.101812e+02 6.634001e+07 3.858192e+06 
3.491461e+02 6.576835e+07 6.848291e+06 
3.714874e+02 6.448909e+07 6.848291e+06 
4.813199e+02 6.301340e+07 5.690833e+06 
3.535525e+02 6.569953e+07 6.462472e+06 
3.536901e+02 6.539501e+07 6.751836e+06 
4.305809e+02 6.815323e+07 4.919195e+06 
4.017028e+02 6.333491e+07 6.173107e+06 
4.826917e+02 6.798607e+07 4.051102e+06 
3.983891e+02 6.249932e+07 6.366017e+06 
3.979379e+02 6.701910e+07 5.497924e+06 
3.225760e+02 6.899802e+07 6.366017e+06 
5.388369e+02 6.541638e+07 3.858192e+06 
4.259263e+02 6.450164e+07 5.401469e+06 
5.509610e+02 6.426217e+07 4.533376e+06 
4.434578e+02 6.776449e+07 4.340466e+06 
4.661504e+02 6.478979e+07 5.112104e+06 
5.715873e+02 6.519522e+07 3.472373e+06 
4.229415e+02 6.308170e+07 5.883743e+06 
5.543179e+02 6.589340e+07 3.472373e+06 
4.630311e+02 6.237485e+07 6.366017e+06 
3.580292e+02 6.511394e+07 6.944746e+06 
3.436569e+02 6.578977e+07 6.655381e+06 
3.224262e+02 6.760991e+07 6.462472e+06 
4.989048e+02 6.111085e+07 6.173107e+06 
5.519802e+02 6.603659e+07 3.472373e+06 
2.861173e+02 6.832626e+07 6.944746e+06 
4.808652e+02 6.285833e+07 5.787288e+06 
3.427812e+02 6.824792e+07 6.173107e+06 
4.725279e+02 6.222467e+07 6.173107e+06 
5.669060e+02 6.454521e+07 3.954647e+06 
2.909160e+02 6.797321e+07 6.944746e+06 
2.951385e+02 6.783685e+07 6.944746e+06 
4.957417e+02 6.782077e+07 3.954647e+06 
4.245597e+02 6.798309e+07 5.112104e+06 
5.120054e+02 6.519789e+07 4.051102e+06 
4.655766e+02 6.597386e+07 4.629830e+06 
2.887883e+02 6.803469e+07 6.944746e+06 
4.714443e+02 6.226428e+07 6.076652e+06 
3.707597e+02 6.705332e+07 5.980198e+06 
2.977683e+02 6.743972e+07 6.944746e+06 
4.128737e+02 6.548097e+07 5.401469e+06 
4.876409e+02 6.195417e+07 5.980198e+06 
3.919837e+02 6.728247e+07 5.594378e+06 
4.194354e+02 6.758057e+07 5.208559e+06 
2.808687e+02 6.839551e+07 6.944746e+06 
4.210715e+02 6.249130e+07 6.366017e+06 
3.400897e+02 6.729988e+07 6.269562e+06 
3.052457e+02 6.705481e+07 6.944746e+06 
4.288138e+02 6.254891e+07 6.076652e+06 
4.726333e+02 6.640147e+07 4.147556e+06 
2.956363e+02 6.831468e+07 6.751836e+06 
3.999253e+02 6.559112e+07 5.594378e+06 
5.160253e+02 6.480813e+07 4.340466e+06 
2.889676e+02 6.799744e+07 6.944746e+06 
3.066605e+02 6.703814e+07 6.944746e+06 
4.867168e+02 6.409436e+07 5.305014e+06 
4.467227e+02 6.659282e+07 4.919195e+06 
3.543507e+02 6.525733e+07 6.655381e+06 
4.966858e+02 6.496235e+07 4.340466e+06 
4.485185e+02 6.370389e+07 5.690833e+06 
3.159211e+02 6.627239e+07 6.751836e+06 
3.650973e+02 6.479349e+07 6.944746e+06 
3.520699e+02 6.560811e+07 6.751836e+06 
4.308509e+02 6.569558e+07 5.208559e+06 
3.783631e+02 6.405853e+07 6.944746e+06 
3.687029e+02 6.465194e+07 6.848291e+06 
4.517393e+02 6.886006e+07 4.244011e+06 
3.861316e+02 6.435125e+07 6.366017e+06 
4.929180e+02 6.333857e+07 5.497924e+06 
3.872996e+02 6.573500e+07 5.787288e+06 
4.790101e+02 6.547295e+07 4.436921e+06 
2.971940e+02 6.776692e+07 6.944746e+06 
5.264750e+02 6.646402e+07 3.568828e+06 

3.302330e+02 6.653757e+07 6.751836e+06 
5.181662e+02 6.464914e+07 4.436921e+06 
4.024163e+02 6.418019e+07 5.980198e+06 
3.213421e+02 6.745823e+07 6.462472e+06 
3.649233e+02 6.495185e+07 6.558926e+06 
4.463994e+02 6.380141e+07 5.690833e+06 
3.840324e+02 6.424486e+07 6.173107e+06 
4.224908e+02 6.816069e+07 4.919195e+06 
4.686704e+02 6.486380e+07 4.629830e+06 
4.612869e+02 6.564037e+07 4.822740e+06 
3.474008e+02 6.556873e+07 6.751836e+06 
4.195716e+02 6.861419e+07 4.919195e+06 
3.547592e+02 6.664601e+07 6.076652e+06 
5.170555e+02 6.336405e+07 5.208559e+06 
3.768623e+02 6.458621e+07 6.751836e+06 
4.885222e+02 6.450362e+07 4.629830e+06 
4.650448e+02 6.352058e+07 5.690833e+06 
4.052863e+02 6.522394e+07 5.401469e+06 
3.704860e+02 6.759165e+07 5.690833e+06 
4.626484e+02 6.503327e+07 4.822740e+06 
3.547909e+02 6.758856e+07 5.883743e+06 
3.944654e+02 6.375450e+07 6.366017e+06 
5.503343e+02 6.406182e+07 4.436921e+06 
3.360834e+02 6.579356e+07 6.848291e+06 
2.772959e+02 6.917946e+07 6.944746e+06 
3.659083e+02 6.485174e+07 6.366017e+06 
4.747917e+02 6.356366e+07 5.305014e+06 
3.327218e+02 6.610444e+07 6.751836e+06 
3.942988e+02 6.387430e+07 6.173107e+06 
3.712592e+02 6.595914e+07 5.883743e+06 
4.994576e+02 6.310466e+07 5.787288e+06 
3.506416e+02 6.781125e+07 6.076652e+06 
3.869980e+02 6.422364e+07 6.173107e+06 
3.398487e+02 6.829125e+07 6.269562e+06 
3.899903e+02 6.531939e+07 5.594378e+06 
5.198411e+02 6.309116e+07 5.497924e+06 
3.204774e+02 6.696591e+07 6.848291e+06 
3.212775e+02 6.669081e+07 6.944746e+06 
3.460699e+02 6.574677e+07 6.655381e+06 
3.419895e+02 6.603143e+07 6.366017e+06 
3.722440e+02 6.492288e+07 6.173107e+06 
4.029065e+02 6.609058e+07 5.305014e+06 
3.147277e+02 6.712332e+07 6.848291e+06 
3.434392e+02 6.577436e+07 6.655381e+06 
3.753228e+02 6.625120e+07 5.690833e+06 
5.295128e+02 6.361588e+07 4.822740e+06 
5.226943e+02 6.379841e+07 4.726285e+06 
3.716533e+02 6.470696e+07 6.751836e+06 
4.692108e+02 6.346842e+07 5.594378e+06 
3.501033e+02 6.533989e+07 6.751836e+06 
2.981509e+02 6.756211e+07 6.944746e+06 
3.737717e+02 6.764377e+07 5.594378e+06 
4.193743e+02 6.463367e+07 5.497924e+06 
2.968466e+02 6.767010e+07 6.944746e+06 
3.171330e+02 6.855455e+07 6.462472e+06 
2.860365e+02 6.864031e+07 6.944746e+06 
2.836901e+02 6.874399e+07 6.944746e+06 
4.745287e+02 6.321502e+07 5.787288e+06 
2.915981e+02 6.773935e+07 6.944746e+06 
3.832339e+02 6.441571e+07 6.173107e+06 
3.960332e+02 6.477885e+07 5.690833e+06 
4.285000e+02 6.486690e+07 5.305014e+06 
4.445155e+02 6.640667e+07 5.112104e+06 
5.113611e+02 6.343147e+07 5.015650e+06 
3.793819e+02 6.455742e+07 6.462472e+06 
5.189969e+02 6.341016e+07 5.112104e+06 
3.050017e+02 6.734330e+07 6.944746e+06 
3.231072e+02 6.681729e+07 6.558926e+06 
3.521650e+02 6.513324e+07 6.558926e+06 
2.863128e+02 6.822620e+07 6.944746e+06 
3.800663e+02 6.687482e+07 5.497924e+06 
2.977266e+02 6.883190e+07 6.751836e+06 
5.288406e+02 6.349330e+07 4.919195e+06 
3.932264e+02 6.397276e+07 6.366017e+06 
3.818256e+02 6.449822e+07 6.462472e+06 
3.434815e+02 6.795758e+07 6.173107e+06 
2.900281e+02 6.776329e+07 6.944746e+06 
5.387141e+02 6.386847e+07 4.533376e+06 
4.567478e+02 6.365220e+07 5.883743e+06 
3.298784e+02 6.840213e+07 6.366017e+06 
2.871239e+02 6.790450e+07 6.944746e+06 
4.149913e+02 6.427024e+07 5.787288e+06 
4.719406e+02 6.537891e+07 4.436921e+06 
4.892921e+02 6.401938e+07 5.015650e+06 
5.125581e+02 6.380438e+07 4.726285e+06 
5.158399e+02 6.323082e+07 5.305014e+06 
3.092373e+02 6.815825e+07 6.655381e+06 
3.618546e+02 6.503822e+07 6.558926e+06 
3.905720e+02 6.665295e+07 5.401469e+06 
4.481560e+02 6.435433e+07 5.305014e+06 
3.842866e+02 6.512397e+07 5.883743e+06 
3.906543e+02 6.416588e+07 6.366017e+06 
4.854201e+02 6.321369e+07 5.497924e+06 
2.867039e+02 6.802608e+07 6.944746e+06 
3.520659e+02 6.576312e+07 6.269562e+06 
3.004319e+02 6.738284e+07 6.944746e+06 
2.968852e+02 6.845358e+07 6.848291e+06 
4.130667e+02 6.544132e+07 5.208559e+06 
4.759436e+02 6.446811e+07 4.919195e+06 
3.564412e+02 6.800459e+07 5.787288e+06 

5.016934e+02 6.423274e+07 5.112104e+06 
2.885961e+02 6.793059e+07 6.944746e+06 
4.855150e+02 6.229817e+07 5.594378e+06 
2.970539e+02 6.848505e+07 6.751836e+06 
3.881667e+02 6.316254e+07 6.462472e+06 
4.498454e+02 6.211142e+07 5.883743e+06 
3.628689e+02 6.471991e+07 6.848291e+06 
4.724064e+02 6.571220e+07 4.822740e+06 
4.629294e+02 6.693130e+07 4.919195e+06 
4.479270e+02 6.623019e+07 5.015650e+06 
3.541759e+02 6.510276e+07 6.462472e+06 
3.611064e+02 6.475421e+07 6.655381e+06 
4.750585e+02 6.448595e+07 5.208559e+06 
3.442382e+02 6.843493e+07 6.173107e+06 
4.871229e+02 6.178071e+07 5.690833e+06 
4.548546e+02 6.353710e+07 5.594378e+06 
4.099047e+02 6.278595e+07 6.269562e+06 
4.881556e+02 6.328640e+07 5.401469e+06 
4.707935e+02 6.305143e+07 5.497924e+06 
3.825711e+02 6.345247e+07 6.558926e+06 
3.744561e+02 6.418026e+07 6.558926e+06 
3.555825e+02 6.648847e+07 6.269562e+06 
3.781082e+02 6.397991e+07 6.462472e+06 
2.772959e+02 6.917946e+07 6.944746e+06 
4.838474e+02 6.150357e+07 6.076652e+06 
3.731887e+02 6.422693e+07 6.558926e+06 
4.586657e+02 6.301701e+07 5.690833e+06 
3.579477e+02 6.481638e+07 6.848291e+06 
4.464212e+02 6.210686e+07 6.076652e+06 
4.798375e+02 6.154763e+07 6.076652e+06 
3.344354e+02 6.636765e+07 6.944746e+06 
3.877420e+02 6.568687e+07 5.883743e+06 
4.019197e+02 6.240355e+07 6.558926e+06 
4.078541e+02 6.512310e+07 5.497924e+06 
3.242015e+02 6.751394e+07 6.558926e+06 
3.794970e+02 6.656207e+07 5.690833e+06 
5.024152e+02 6.136854e+07 5.883743e+06 
3.488787e+02 6.590850e+07 6.462472e+06 
3.515089e+02 6.733864e+07 5.980198e+06 
4.815426e+02 6.514423e+07 4.726285e+06 
3.810205e+02 6.388541e+07 6.655381e+06 
3.801784e+02 6.393499e+07 6.751836e+06 
4.054722e+02 6.377852e+07 5.980198e+06 
5.116681e+02 6.111188e+07 6.076652e+06 
3.629000e+02 6.686246e+07 5.980198e+06 
4.161858e+02 6.371842e+07 5.883743e+06 
3.252315e+02 6.798677e+07 6.366017e+06 
2.866223e+02 6.801330e+07 6.944746e+06 
3.477472e+02 6.838922e+07 6.076652e+06 
3.716756e+02 6.554397e+07 6.076652e+06 
3.876431e+02 6.343190e+07 6.366017e+06 
3.326692e+02 6.664327e+07 6.848291e+06 
4.821143e+02 6.266837e+07 5.497924e+06 
3.704201e+02 6.438654e+07 6.366017e+06 
3.258999e+02 6.681457e+07 6.944746e+06 
3.332369e+02 6.649550e+07 6.944746e+06 
3.514741e+02 6.556294e+07 6.848291e+06 
3.885779e+02 6.314195e+07 6.655381e+06 
3.421248e+02 6.560506e+07 6.848291e+06 
3.804387e+02 6.481345e+07 6.076652e+06 
4.675661e+02 6.207143e+07 5.787288e+06 
3.106537e+02 6.868055e+07 6.655381e+06 
3.078244e+02 6.718930e+07 6.944746e+06 
3.141218e+02 6.689342e+07 6.848291e+06 
3.665806e+02 6.720983e+07 5.787288e+06 
5.007044e+02 6.142634e+07 5.883743e+06 
4.349068e+02 6.414280e+07 5.497924e+06 
4.835519e+02 6.408371e+07 5.305014e+06 
4.697446e+02 6.198574e+07 5.787288e+06 
3.994994e+02 6.522155e+07 5.787288e+06 
4.240672e+02 6.472998e+07 5.594378e+06 
3.605238e+02 6.497863e+07 6.366017e+06 
3.225166e+02 6.688365e+07 6.944746e+06 
3.132679e+02 6.710262e+07 6.751836e+06 
2.831461e+02 6.883505e+07 6.944746e+06 
2.946806e+02 6.764871e+07 6.944746e+06 
2.841457e+02 6.829263e+07 6.944746e+06 
3.029312e+02 6.738821e+07 6.944746e+06 
4.704534e+02 6.601493e+07 4.726285e+06 
3.641027e+02 6.445990e+07 6.655381e+06 
3.944445e+02 6.286776e+07 6.558926e+06 
3.381271e+02 6.606385e+07 6.848291e+06 
3.224561e+02 6.883744e+07 6.462472e+06 
3.490140e+02 6.877960e+07 5.787288e+06 
3.938937e+02 6.346745e+07 6.173107e+06 
4.370085e+02 6.278507e+07 6.076652e+06 
2.891987e+02 6.867820e+07 6.848291e+06 
4.733440e+02 6.196145e+07 6.173107e+06 
3.849021e+02 6.720981e+07 5.594378e+06 
2.973355e+02 6.741995e+07 6.944746e+06 
3.415600e+02 6.693732e+07 6.462472e+06 
3.988763e+02 6.358508e+07 6.076652e+06 
4.789787e+02 6.491398e+07 4.822740e+06 
3.775519e+02 6.413451e+07 6.558926e+06 
2.905448e+02 6.767951e+07 6.944746e+06 
4.742107e+02 6.178891e+07 6.173107e+06 
4.026384e+02 6.548110e+07 5.401469e+06 
3.169226e+02 6.901862e+07 6.558926e+06 
3.521516e+02 6.550297e+07 6.655381e+06 
4.253590e+02 6.508565e+07 5.401469e+06 

