2.917367e+02 6.193478e+07 4.509260e+06 
2.916643e+02 6.256295e+07 4.316351e+06 
2.985779e+02 6.194917e+07 4.316351e+06 
2.842078e+02 5.918509e+07 5.087989e+06 
2.855298e+02 6.484103e+07 4.534980e+06 
2.847177e+02 6.130285e+07 4.629828e+06 
2.555284e+02 6.101712e+07 5.401467e+06 
2.632450e+02 6.195666e+07 5.120139e+06 
2.555624e+02 6.080637e+07 5.401467e+06 
3.103589e+02 6.276420e+07 3.930532e+06 
2.548819e+02 6.132854e+07 5.473808e+06 
2.977481e+02 6.223027e+07 4.316351e+06 
2.559083e+02 5.950344e+07 5.666718e+06 
2.619251e+02 6.216909e+07 5.208557e+06 
2.463860e+02 6.455170e+07 5.980196e+06 
2.492355e+02 6.125774e+07 6.052537e+06 
2.583683e+02 6.035391e+07 5.473808e+06 
2.893866e+02 6.238665e+07 4.509260e+06 
2.706523e+02 6.027573e+07 4.952950e+06 
2.462656e+02 6.466855e+07 6.173105e+06 
2.473851e+02 6.381285e+07 5.980196e+06 
3.016380e+02 6.334618e+07 3.930532e+06 
2.640105e+02 6.193877e+07 5.015647e+06 
2.499014e+02 6.038983e+07 5.980196e+06 
2.887559e+02 6.406769e+07 4.316351e+06 
2.605981e+02 6.363707e+07 5.120139e+06 
3.161525e+02 6.253336e+07 3.930532e+06 
2.519922e+02 5.978616e+07 5.666718e+06 
2.931637e+02 6.159191e+07 4.509260e+06 
2.549107e+02 5.976548e+07 5.787286e+06 
2.594050e+02 6.263993e+07 5.280899e+06 
2.628610e+02 6.452521e+07 5.087989e+06 
2.954814e+02 6.125197e+07 4.509260e+06 
2.669594e+02 5.999737e+07 5.015647e+06 
2.488644e+02 6.483492e+07 5.787286e+06 
2.462222e+02 6.572584e+07 5.787286e+06 
2.606966e+02 5.971360e+07 5.473808e+06 
2.497077e+02 6.096389e+07 5.980196e+06 
2.582216e+02 5.972635e+07 5.621704e+06 
3.016171e+02 6.205687e+07 4.123441e+06 
2.787260e+02 6.467327e+07 4.629828e+06 
2.575039e+02 6.079996e+07 5.401467e+06 
2.951326e+02 6.215686e+07 4.436919e+06 
2.450898e+02 6.747188e+07 5.787286e+06 
2.660939e+02 5.958474e+07 5.594376e+06 
2.581997e+02 6.016388e+07 5.594376e+06 
2.577023e+02 6.043540e+07 5.473808e+06 
3.085974e+02 6.313727e+07 3.930532e+06 
2.480043e+02 6.145815e+07 5.859628e+06 
2.535629e+02 6.693706e+07 5.208557e+06 
2.898841e+02 6.339346e+07 4.436919e+06 
2.911872e+02 6.323832e+07 4.316351e+06 
2.477067e+02 6.320978e+07 6.293673e+06 
3.035820e+02 6.128947e+07 4.316351e+06 
2.908518e+02 6.224643e+07 4.509260e+06 
2.732189e+02 5.952099e+07 5.087989e+06 
2.474625e+02 6.723296e+07 5.208557e+06 
2.673535e+02 5.958190e+07 5.087989e+06 
2.634655e+02 6.305489e+07 5.087989e+06 
2.582397e+02 6.290160e+07 5.287327e+06 
2.452918e+02 6.645157e+07 5.594376e+06 
2.616435e+02 6.152260e+07 5.280899e+06 
2.530198e+02 6.106642e+07 5.594376e+06 
2.858817e+02 6.635664e+07 4.509260e+06 
2.567108e+02 6.065943e+07 5.594376e+06 
3.237891e+02 6.366988e+07 3.782632e+06 
2.463384e+02 6.414436e+07 6.173105e+06 
2.499386e+02 6.014705e+07 5.980196e+06 
2.634574e+02 6.140778e+07 5.120139e+06 
3.099801e+02 6.086833e+07 4.123441e+06 
2.740555e+02 5.943027e+07 5.473808e+06 
3.013910e+02 6.472546e+07 4.051100e+06 
2.535991e+02 6.254953e+07 5.473808e+06 
2.990470e+02 6.368384e+07 4.117009e+06 
2.678030e+02 5.932415e+07 4.774512e+06 
2.757341e+02 6.034422e+07 4.702170e+06 
2.595577e+02 5.977547e+07 5.401467e+06 
2.994030e+02 6.102652e+07 4.509260e+06 
2.496513e+02 6.164800e+07 5.594376e+06 
2.431997e+02 6.547044e+07 5.907854e+06 
3.014353e+02 6.377410e+07 3.949821e+06 
2.640122e+02 6.048814e+07 5.087989e+06 
2.640906e+02 6.453147e+07 4.952950e+06 
2.987049e+02 6.138554e+07 4.123441e+06 
2.497255e+02 6.093238e+07 5.787286e+06 
2.472818e+02 6.388730e+07 6.173105e+06 
2.938935e+02 6.236801e+07 4.123441e+06 
2.902208e+02 6.362088e+07 4.244009e+06 
2.555285e+02 6.092737e+07 5.594376e+06 
2.617790e+02 6.007437e+07 5.280899e+06 
2.526905e+02 6.661079e+07 5.401467e+06 
3.123665e+02 6.161174e+07 4.051100e+06 
2.457218e+02 6.523780e+07 6.293673e+06 
2.564432e+02 6.510374e+07 5.208557e+06 
2.513764e+02 6.595649e+07 5.497922e+06 
3.020099e+02 6.285948e+07 3.930532e+06 
2.473969e+02 6.535150e+07 5.787286e+06 
2.599260e+02 6.163599e+07 5.280899e+06 
2.863866e+02 6.271339e+07 4.451386e+06 
2.550776e+02 5.971936e+07 5.666718e+06 

2.878295e+02 5.902152e+07 4.605715e+06 
2.433098e+02 6.044071e+07 6.052537e+06 
3.025508e+02 6.034872e+07 4.412806e+06 
2.346989e+02 6.156620e+07 6.366015e+06 
2.667244e+02 5.702145e+07 5.956082e+06 
2.620600e+02 5.809707e+07 5.377354e+06 
3.061489e+02 5.715860e+07 4.798625e+06 
2.579670e+02 5.856650e+07 5.377354e+06 
2.633463e+02 5.796168e+07 5.763173e+06 
2.657749e+02 5.794821e+07 5.570263e+06 
2.882568e+02 6.018990e+07 4.509260e+06 
2.635975e+02 5.744096e+07 5.763173e+06 
3.152057e+02 5.811458e+07 4.605715e+06 
2.644959e+02 6.234419e+07 5.015648e+06 
3.028435e+02 5.738160e+07 4.798625e+06 
2.415701e+02 6.271005e+07 5.763173e+06 
2.594651e+02 6.085817e+07 5.305012e+06 
2.472085e+02 5.930994e+07 6.052537e+06 
2.625476e+02 5.743993e+07 6.245447e+06 
2.556268e+02 5.821025e+07 5.570263e+06 
2.762549e+02 5.885174e+07 4.991534e+06 
3.031065e+02 5.761373e+07 5.184444e+06 
2.503887e+02 6.037915e+07 5.570263e+06 
2.491417e+02 6.128162e+07 5.666718e+06 
3.037811e+02 6.030040e+07 4.412806e+06 
2.418166e+02 5.964837e+07 6.245447e+06 
2.437405e+02 6.108331e+07 5.859628e+06 
3.123224e+02 5.823640e+07 4.605715e+06 
2.387733e+02 6.011951e+07 6.245447e+06 
2.725368e+02 6.409788e+07 4.822738e+06 
2.614894e+02 5.770429e+07 6.245447e+06 
2.496221e+02 5.979039e+07 5.883741e+06 
2.440027e+02 5.961256e+07 6.173105e+06 
2.393409e+02 6.007978e+07 6.173105e+06 
3.156044e+02 5.975754e+07 4.412806e+06 
2.742454e+02 5.949879e+07 4.991534e+06 
2.548554e+02 6.359892e+07 5.280899e+06 
2.914848e+02 5.773564e+07 4.991534e+06 
2.957043e+02 5.841152e+07 4.702170e+06 
2.749460e+02 5.926270e+07 4.991534e+06 
2.750141e+02 5.687989e+07 5.763173e+06 
2.586573e+02 6.224678e+07 5.208557e+06 
2.656207e+02 5.767671e+07 5.763173e+06 
2.770266e+02 5.751970e+07 5.763173e+06 
2.354190e+02 6.098205e+07 6.245447e+06 
3.123610e+02 5.995353e+07 4.412806e+06 
2.426247e+02 6.002163e+07 6.076650e+06 
2.456384e+02 6.148066e+07 5.666718e+06 
3.104659e+02 6.020698e+07 4.412806e+06 
2.453643e+02 6.094616e+07 5.763173e+06 
3.065803e+02 5.939853e+07 4.605715e+06 
2.401160e+02 6.385924e+07 5.859628e+06 
2.682422e+02 5.764299e+07 5.570263e+06 
2.405630e+02 6.053517e+07 5.956082e+06 
2.794010e+02 5.980590e+07 4.702170e+06 
3.125349e+02 5.873546e+07 4.412806e+06 
2.423677e+02 5.970420e+07 6.173105e+06 
2.757730e+02 6.046629e+07 4.895080e+06 
2.756306e+02 5.917516e+07 5.184444e+06 
2.516419e+02 6.026100e+07 5.570263e+06 
2.505095e+02 5.937986e+07 5.956082e+06 
2.575026e+02 5.960660e+07 5.377354e+06 
2.668926e+02 6.083940e+07 5.087989e+06 
2.444260e+02 6.154285e+07 5.473808e+06 
2.811356e+02 5.702362e+07 5.570263e+06 
2.388938e+02 6.013931e+07 6.076650e+06 
2.523440e+02 5.889039e+07 5.570263e+06 
2.768110e+02 5.837332e+07 4.798625e+06 
2.549077e+02 5.971787e+07 5.377354e+06 
2.394905e+02 6.280626e+07 5.980196e+06 
2.819767e+02 5.880652e+07 4.798625e+06 
3.070758e+02 5.831953e+07 4.605715e+06 
2.393532e+02 6.460899e+07 5.787286e+06 
2.512633e+02 5.884052e+07 5.763173e+06 
2.728458e+02 5.997825e+07 5.087989e+06 
2.801783e+02 5.784645e+07 4.798625e+06 
2.860651e+02 5.711760e+07 4.991534e+06 
2.455483e+02 6.076574e+07 5.763173e+06 
2.537942e+02 5.835461e+07 5.570263e+06 
2.729390e+02 5.905667e+07 5.305012e+06 
2.900464e+02 5.969941e+07 4.605715e+06 
2.714961e+02 6.061631e+07 4.919193e+06 
2.615960e+02 5.766761e+07 5.956082e+06 
2.893967e+02 5.889422e+07 4.605715e+06 
2.465905e+02 5.977084e+07 6.052537e+06 
2.353886e+02 6.251056e+07 6.052537e+06 
2.364879e+02 6.152999e+07 6.148992e+06 
2.512036e+02 5.911968e+07 6.052537e+06 
2.520663e+02 5.957420e+07 5.666718e+06 
2.367859e+02 6.074445e+07 6.173105e+06 
2.673348e+02 5.989223e+07 5.184444e+06 
2.445088e+02 6.100161e+07 6.486583e+06 
2.797314e+02 5.781628e+07 5.377354e+06 
2.986818e+02 5.805690e+07 4.798625e+06 
2.599683e+02 6.051779e+07 5.112102e+06 
2.655796e+02 6.096236e+07 4.919193e+06 
2.517462e+02 6.096580e+07 5.401467e+06 
2.354952e+02 6.165758e+07 6.173105e+06 
2.902242e+02 5.873352e+07 4.605715e+06 
2.421386e+02 6.136358e+07 5.859628e+06 

2.546947e+02 6.348780e+07 5.087989e+06 
3.360421e+02 6.679265e+07 4.436919e+06 
2.616331e+02 6.076229e+07 5.473808e+06 
3.284575e+02 6.701315e+07 4.364577e+06 
2.645205e+02 6.099894e+07 5.160331e+06 
2.610032e+02 6.181131e+07 5.160331e+06 
2.525547e+02 6.072673e+07 5.787286e+06 
3.237760e+02 6.671031e+07 4.461032e+06 
2.512251e+02 6.091051e+07 5.714944e+06 
2.513365e+02 6.286043e+07 5.182835e+06 
2.563646e+02 6.249113e+07 5.015647e+06 
2.540967e+02 6.071180e+07 5.980196e+06 
2.632282e+02 6.252851e+07 4.967421e+06 
2.548240e+02 6.067343e+07 5.907854e+06 
2.556208e+02 6.039848e+07 5.907854e+06 
3.168204e+02 6.810326e+07 4.436919e+06 
2.433368e+02 6.417778e+07 5.714944e+06 
2.528069e+02 6.204294e+07 5.280899e+06 
3.360049e+02 6.605716e+07 4.461032e+06 
2.436528e+02 6.338558e+07 5.714944e+06 
2.488551e+02 6.136546e+07 5.594376e+06 
2.702785e+02 6.066476e+07 5.280899e+06 
2.460505e+02 6.428368e+07 5.401467e+06 
2.762491e+02 6.071644e+07 4.822738e+06 
2.537245e+02 6.128607e+07 5.522035e+06 
2.838621e+02 6.192513e+07 4.629828e+06 
2.542656e+02 6.153938e+07 5.473808e+06 
2.471479e+02 6.176397e+07 5.594376e+06 
2.786098e+02 6.253568e+07 4.743966e+06 
2.481255e+02 6.124233e+07 6.100764e+06 
2.705760e+02 6.102875e+07 4.967421e+06 
2.788169e+02 6.133377e+07 4.726283e+06 
2.889757e+02 6.157852e+07 4.629828e+06 
2.521334e+02 6.272709e+07 5.203733e+06 
2.641725e+02 6.217169e+07 5.015648e+06 
2.674408e+02 6.176131e+07 4.967421e+06 
2.697993e+02 6.128569e+07 4.994749e+06 
2.556943e+02 6.005474e+07 5.594376e+06 
2.465797e+02 6.297546e+07 5.594376e+06 
2.796907e+02 6.244544e+07 4.660372e+06 
2.475163e+02 6.312228e+07 5.522035e+06 
2.588039e+02 6.213328e+07 5.087989e+06 
2.627242e+02 6.141686e+07 5.087989e+06 
2.645175e+02 6.094144e+07 5.280899e+06 
2.736023e+02 6.126278e+07 4.822738e+06 
3.308639e+02 6.757415e+07 4.340464e+06 
2.427830e+02 6.239284e+07 5.787286e+06 
2.479570e+02 6.378405e+07 5.473808e+06 
2.622011e+02 6.134962e+07 5.161937e+06 
2.456512e+02 6.445435e+07 5.522035e+06 
2.788967e+02 6.322665e+07 4.681270e+06 
2.667148e+02 6.200272e+07 4.932053e+06 
2.559653e+02 6.163333e+07 5.287327e+06 
2.508440e+02 6.202683e+07 5.473808e+06 
2.566176e+02 6.139413e+07 5.473808e+06 
2.641298e+02 6.263330e+07 4.895080e+06 
3.257934e+02 6.803653e+07 4.340464e+06 
2.604224e+02 6.185088e+07 5.208557e+06 
2.522471e+02 6.177277e+07 5.473808e+06 
2.714793e+02 6.275406e+07 4.822738e+06 
2.461290e+02 6.353377e+07 5.522035e+06 
2.463009e+02 6.309469e+07 5.594376e+06 
2.685189e+02 6.105133e+07 5.112102e+06 
2.719540e+02 6.155145e+07 4.822738e+06 
2.463070e+02 6.187824e+07 5.787286e+06 
2.501368e+02 6.127628e+07 5.787286e+06 
2.515557e+02 6.186759e+07 5.287327e+06 
2.879147e+02 6.049912e+07 4.726283e+06 
2.697281e+02 6.070921e+07 5.208557e+06 
3.340352e+02 6.716884e+07 4.340464e+06 
2.626241e+02 6.112212e+07 5.280899e+06 
2.718514e+02 6.048000e+07 5.473808e+06 
2.456406e+02 7.140057e+07 5.570263e+06 
3.185406e+02 6.944497e+07 4.340464e+06 
2.672638e+02 6.491543e+07 4.848458e+06 
2.825330e+02 6.254530e+07 4.629828e+06 
2.553864e+02 6.053902e+07 5.714944e+06 
2.504770e+02 6.458838e+07 5.280899e+06 
2.486978e+02 6.452721e+07 5.329125e+06 
2.577051e+02 6.149381e+07 5.287327e+06 
2.506384e+02 6.376155e+07 5.329125e+06 
2.849714e+02 6.058463e+07 4.726283e+06 
2.654929e+02 6.055237e+07 5.473808e+06 
2.695086e+02 6.024332e+07 5.497922e+06 
2.786889e+02 6.037816e+07 5.015648e+06 
3.072510e+02 6.422584e+07 4.514082e+06 
2.493922e+02 6.400950e+07 5.401467e+06 
2.626453e+02 6.036354e+07 5.497922e+06 
2.491233e+02 6.226048e+07 5.454515e+06 
2.888659e+02 6.036629e+07 5.015648e+06 
2.693753e+02 6.221887e+07 4.911155e+06 
2.530216e+02 6.081927e+07 5.594376e+06 
3.025933e+02 6.436392e+07 4.509260e+06 
3.390478e+02 6.765402e+07 4.268122e+06 
2.426794e+02 6.349281e+07 5.787286e+06 
2.843955e+02 6.039575e+07 4.919193e+06 
2.457555e+02 6.350034e+07 5.594376e+06 
2.519817e+02 6.381065e+07 5.087989e+06 
2.604607e+02 6.092988e+07 5.497922e+06 
3.434671e+02 6.596350e+07 4.461032e+06 

2.685205e+02 5.949477e+07 5.377354e+06 
2.916726e+02 5.846248e+07 4.798625e+06 
2.777536e+02 6.169043e+07 4.485147e+06 
2.839834e+02 5.887836e+07 4.678057e+06 
2.505648e+02 6.495654e+07 5.522035e+06 
2.462363e+02 6.285976e+07 5.714944e+06 
2.707383e+02 6.849645e+07 4.822738e+06 
2.434037e+02 6.464524e+07 6.607151e+06 
2.735193e+02 5.946556e+07 5.184444e+06 
2.893350e+02 5.856048e+07 4.991534e+06 
2.725635e+02 6.119144e+07 4.798625e+06 
2.685742e+02 5.925071e+07 5.787286e+06 
3.049603e+02 6.176889e+07 4.412806e+06 
2.629781e+02 6.022964e+07 5.305012e+06 
2.525470e+02 6.275389e+07 5.522035e+06 
2.574570e+02 6.400962e+07 5.329125e+06 
2.546637e+02 6.083499e+07 5.497922e+06 
2.813217e+02 6.012103e+07 4.509260e+06 
2.896893e+02 5.880525e+07 5.497922e+06 
2.815296e+02 5.876423e+07 5.401467e+06 
2.780889e+02 6.011830e+07 4.870966e+06 
2.718668e+02 6.380836e+07 4.798625e+06 
2.879694e+02 5.853646e+07 5.256786e+06 
2.666661e+02 5.993923e+07 5.184444e+06 
2.570395e+02 6.217780e+07 5.401467e+06 
2.778593e+02 5.879685e+07 5.184444e+06 
2.910949e+02 5.941408e+07 4.798625e+06 
2.476775e+02 6.272434e+07 5.594376e+06 
2.567427e+02 6.459697e+07 5.136216e+06 
2.425109e+02 6.609720e+07 6.486583e+06 
2.817486e+02 6.118966e+07 4.485147e+06 
2.673538e+02 6.018495e+07 4.870966e+06 
2.940221e+02 5.775982e+07 4.967421e+06 
2.918485e+02 5.819496e+07 5.063876e+06 
2.783086e+02 6.103170e+07 4.678057e+06 
2.593833e+02 6.014317e+07 5.690831e+06 
2.459959e+02 6.330031e+07 5.714944e+06 
2.744150e+02 5.858155e+07 5.497922e+06 
2.671054e+02 5.987842e+07 5.377354e+06 
2.875006e+02 6.308357e+07 4.430488e+06 
3.023713e+02 6.554398e+07 4.244009e+06 
2.762203e+02 5.899570e+07 5.160331e+06 
2.702038e+02 5.899636e+07 5.377354e+06 
2.466998e+02 6.195746e+07 5.714944e+06 
2.634299e+02 6.497312e+07 5.015648e+06 
3.006448e+02 5.895592e+07 4.678057e+06 
2.532466e+02 6.545414e+07 5.454515e+06 
2.577358e+02 6.015208e+07 5.497922e+06 
2.614101e+02 6.032329e+07 5.377354e+06 
2.871413e+02 5.861393e+07 4.870966e+06 
2.702006e+02 5.887566e+07 5.594376e+06 
2.831876e+02 5.953621e+07 4.870966e+06 
2.952242e+02 6.011343e+07 4.605715e+06 
2.603646e+02 6.181370e+07 5.377354e+06 
2.808686e+02 5.901486e+07 4.991534e+06 
2.592748e+02 6.420516e+07 5.136216e+06 
2.505266e+02 6.113151e+07 5.594376e+06 
2.804587e+02 6.084307e+07 4.605715e+06 
2.716547e+02 5.954394e+07 5.015648e+06 
2.685392e+02 6.961811e+07 4.822738e+06 
2.773553e+02 6.499945e+07 4.605715e+06 
2.559098e+02 6.490049e+07 5.329125e+06 
2.747428e+02 6.164769e+07 4.678057e+06 
2.781783e+02 5.855654e+07 5.594376e+06 
2.889451e+02 6.225311e+07 4.292238e+06 
2.791988e+02 6.043523e+07 4.798625e+06 
2.602596e+02 6.574316e+07 5.015648e+06 
2.853501e+02 5.853775e+07 5.160331e+06 
2.590147e+02 6.353622e+07 5.232670e+06 
2.618867e+02 5.964308e+07 5.497922e+06 
2.602395e+02 6.274062e+07 5.329125e+06 
3.012933e+02 5.814464e+07 4.870966e+06 
2.761264e+02 5.892080e+07 5.377354e+06 
2.891724e+02 6.070522e+07 4.605715e+06 
2.679571e+02 5.983371e+07 5.280899e+06 
2.848913e+02 5.888799e+07 5.063876e+06 
3.024020e+02 5.866124e+07 4.774512e+06 
3.017061e+02 5.918720e+07 4.605715e+06 
2.902724e+02 5.851546e+07 5.063876e+06 
2.622064e+02 6.136990e+07 5.280899e+06 
2.605875e+02 6.003268e+07 5.497922e+06 
2.586349e+02 6.327072e+07 5.329125e+06 
2.636860e+02 6.016200e+07 4.991534e+06 
2.551197e+02 6.021380e+07 5.497922e+06 
2.875774e+02 6.207731e+07 4.412806e+06 
2.452933e+02 6.390506e+07 6.414241e+06 
2.549076e+02 6.239736e+07 5.401467e+06 
2.698046e+02 6.595050e+07 4.848458e+06 
2.909584e+02 5.826342e+07 4.991534e+06 
2.645616e+02 5.940121e+07 5.666718e+06 
2.452154e+02 6.398788e+07 5.907854e+06 
2.442097e+02 6.411627e+07 6.293673e+06 
2.614982e+02 6.163421e+07 5.160331e+06 
2.951565e+02 5.773429e+07 4.967421e+06 
2.587010e+02 6.398912e+07 5.208557e+06 
2.645066e+02 6.578478e+07 4.943306e+06 
2.765641e+02 5.955147e+07 4.895080e+06 
2.486556e+02 6.248415e+07 5.594376e+06 
2.904345e+02 6.200585e+07 4.292238e+06 
2.708511e+02 5.976391e+07 5.280899e+06 

2.457820e+02 6.358106e+07 5.980196e+06 
3.009340e+02 6.014794e+07 4.785762e+06 
2.636614e+02 6.276596e+07 5.036545e+06 
2.730194e+02 5.884875e+07 5.473808e+06 
2.630952e+02 6.284076e+07 4.991534e+06 
3.109633e+02 7.180056e+07 4.346894e+06 
3.080214e+02 5.963520e+07 4.991534e+06 
2.593123e+02 6.476031e+07 4.952950e+06 
2.388476e+02 6.505234e+07 6.124879e+06 
2.427856e+02 6.459151e+07 6.124879e+06 
2.637747e+02 6.264163e+07 4.991534e+06 
2.740439e+02 5.870200e+07 5.473808e+06 
2.826637e+02 7.297882e+07 4.534980e+06 
2.601536e+02 6.037889e+07 5.184444e+06 
2.671616e+02 7.204950e+07 4.919193e+06 
2.443964e+02 6.335953e+07 6.173105e+06 
2.677712e+02 5.920266e+07 5.666718e+06 
2.818505e+02 7.431841e+07 4.268122e+06 
2.673824e+02 6.268287e+07 4.895080e+06 
2.940124e+02 5.983815e+07 4.798625e+06 
2.692852e+02 6.093855e+07 4.702168e+06 
2.892728e+02 6.253775e+07 4.451386e+06 
2.916289e+02 5.923178e+07 5.280899e+06 
2.649509e+02 6.151527e+07 4.991534e+06 
2.685895e+02 6.306876e+07 4.869356e+06 
2.685276e+02 7.536595e+07 4.653942e+06 
2.580635e+02 6.259119e+07 5.087989e+06 
2.663230e+02 5.986500e+07 5.087989e+06 
2.700632e+02 7.274248e+07 4.653942e+06 
2.468578e+02 6.289123e+07 6.173105e+06 
3.092727e+02 7.420139e+07 4.346894e+06 
2.591624e+02 6.083471e+07 5.184444e+06 
2.579083e+02 5.999733e+07 5.401467e+06 
2.484237e+02 6.157477e+07 5.594376e+06 
2.550362e+02 5.967394e+07 5.473808e+06 
2.582206e+02 5.993652e+07 5.377354e+06 
2.657245e+02 6.049470e+07 5.087989e+06 
2.831880e+02 6.059528e+07 4.798625e+06 
2.809253e+02 7.482316e+07 4.430488e+06 
2.578883e+02 6.163396e+07 5.184444e+06 
2.632446e+02 6.157124e+07 5.087989e+06 
3.070516e+02 7.235180e+07 4.436919e+06 
2.528424e+02 6.021743e+07 5.280899e+06 
2.526763e+02 6.019441e+07 5.666718e+06 
2.471398e+02 6.258613e+07 5.594376e+06 
2.914398e+02 6.022359e+07 4.991534e+06 
2.520720e+02 6.027554e+07 5.787286e+06 
2.777270e+02 5.958544e+07 5.280899e+06 
2.612428e+02 5.989015e+07 5.184444e+06 
2.436185e+02 6.438119e+07 6.124879e+06 
3.021551e+02 6.020451e+07 4.702170e+06 
2.603751e+02 6.195788e+07 5.087989e+06 
2.610742e+02 6.001744e+07 5.280899e+06 
2.496966e+02 6.390787e+07 5.473808e+06 
2.729065e+02 6.295380e+07 4.605715e+06 
2.619446e+02 5.957749e+07 5.377354e+06 
2.597971e+02 5.989988e+07 5.377354e+06 
2.690282e+02 6.063800e+07 4.991534e+06 
3.046552e+02 6.065929e+07 4.618574e+06 
2.673073e+02 6.133357e+07 5.036545e+06 
3.113103e+02 7.139225e+07 4.436919e+06 
2.654742e+02 6.280033e+07 4.952950e+06 
3.064293e+02 5.976911e+07 4.702170e+06 
2.680887e+02 6.242608e+07 4.952950e+06 
2.889737e+02 7.371719e+07 4.430488e+06 
2.604143e+02 6.159674e+07 5.087989e+06 
2.526145e+02 6.084315e+07 5.473808e+06 
2.590893e+02 6.110847e+07 5.184444e+06 
2.511157e+02 6.149509e+07 5.473808e+06 
2.456136e+02 6.824301e+07 5.739060e+06 
2.933308e+02 6.006861e+07 4.869356e+06 
2.522482e+02 6.077730e+07 5.666718e+06 
2.740100e+02 6.090593e+07 4.726283e+06 
2.960035e+02 6.029063e+07 4.702170e+06 
3.035935e+02 6.150653e+07 4.534980e+06 
2.613810e+02 5.963140e+07 5.184444e+06 
2.491207e+02 6.109086e+07 5.666718e+06 
2.423930e+02 6.492991e+07 6.245447e+06 
2.794756e+02 7.599799e+07 4.534980e+06 
2.502215e+02 6.108941e+07 5.666718e+06 
2.660225e+02 7.245950e+07 4.919193e+06 
2.854979e+02 6.413149e+07 4.533374e+06 
2.458065e+02 6.311945e+07 6.293673e+06 
2.524514e+02 6.235204e+07 5.401467e+06 
2.710358e+02 6.032519e+07 4.895080e+06 
2.798429e+02 7.382135e+07 4.534980e+06 
2.686033e+02 6.224544e+07 4.798625e+06 
2.518119e+02 6.087851e+07 5.666718e+06 
2.480694e+02 6.114682e+07 5.666718e+06 
2.465127e+02 6.895739e+07 5.666718e+06 
2.642110e+02 5.946322e+07 5.666718e+06 
2.703656e+02 5.913753e+07 5.473808e+06 
2.417736e+02 6.503004e+07 6.438356e+06 
2.897561e+02 7.429058e+07 4.268122e+06 
3.017385e+02 6.137515e+07 4.605715e+06 
3.030541e+02 6.099423e+07 4.605715e+06 
2.741474e+02 6.140859e+07 4.605715e+06 
2.727586e+02 5.903494e+07 5.666718e+06 
2.681614e+02 7.428155e+07 4.846851e+06 
2.868033e+02 7.268173e+07 4.461032e+06 

2.928309e+02 6.177022e+07 4.557487e+06 
3.091841e+02 6.108622e+07 5.522035e+06 
2.987782e+02 6.413845e+07 4.171668e+06 
2.641359e+02 6.358654e+07 4.846851e+06 
2.998238e+02 6.462747e+07 3.978758e+06 
2.637470e+02 6.156090e+07 5.136216e+06 
2.969262e+02 6.921117e+07 4.268122e+06 
2.633469e+02 6.383860e+07 4.750396e+06 
2.709969e+02 6.118312e+07 5.136216e+06 
3.439143e+02 6.106226e+07 5.425580e+06 
3.133640e+02 6.100045e+07 5.714944e+06 
2.651836e+02 6.167854e+07 4.846851e+06 
2.941003e+02 6.135665e+07 4.557487e+06 
3.047825e+02 6.112850e+07 5.714944e+06 
2.800191e+02 6.239892e+07 4.557487e+06 
2.870273e+02 6.397941e+07 4.364577e+06 
3.454961e+02 6.069363e+07 5.522035e+06 
3.308608e+02 6.039277e+07 5.618490e+06 
2.888197e+02 6.759312e+07 4.075213e+06 
2.830084e+02 6.160361e+07 4.846851e+06 
2.871502e+02 6.562715e+07 4.263299e+06 
2.953235e+02 6.319168e+07 4.364577e+06 
2.534087e+02 6.265916e+07 5.329125e+06 
2.925478e+02 6.529285e+07 3.928923e+06 
2.991755e+02 6.384785e+07 4.346894e+06 
2.815916e+02 6.700788e+07 4.263299e+06 
2.505407e+02 6.536163e+07 5.522035e+06 
2.773878e+02 6.433532e+07 4.430488e+06 
2.583121e+02 6.193245e+07 5.522035e+06 
2.502219e+02 6.459614e+07 5.907854e+06 
2.707355e+02 6.253426e+07 4.702168e+06 
2.877486e+02 6.147067e+07 4.750396e+06 
2.678683e+02 6.138815e+07 5.039761e+06 
2.641739e+02 6.139255e+07 5.522035e+06 
2.900998e+02 6.575351e+07 4.171668e+06 
2.974020e+02 6.115930e+07 4.653942e+06 
2.901757e+02 6.686416e+07 4.012517e+06 
2.735541e+02 6.742234e+07 4.367791e+06 
2.830157e+02 6.168634e+07 4.618574e+06 
2.906276e+02 6.256537e+07 4.461032e+06 
2.607576e+02 6.214198e+07 5.232670e+06 
3.064720e+02 6.205359e+07 4.364577e+06 
2.926528e+02 6.409290e+07 4.179705e+06 
3.035825e+02 6.101033e+07 5.907854e+06 
2.497383e+02 6.480540e+07 6.100764e+06 
3.141553e+02 6.107060e+07 5.522035e+06 
2.797608e+02 6.187527e+07 4.653942e+06 
2.621883e+02 6.403143e+07 4.785762e+06 
2.609062e+02 6.609075e+07 4.750396e+06 
3.189760e+02 6.100278e+07 5.522035e+06 
2.591681e+02 6.189993e+07 5.329125e+06 
2.903916e+02 6.457881e+07 4.012517e+06 
2.874757e+02 6.176259e+07 4.557487e+06 
2.615992e+02 6.175608e+07 5.522035e+06 
2.914453e+02 6.240340e+07 4.557487e+06 
2.618844e+02 6.193191e+07 5.232670e+06 
2.845878e+02 6.747873e+07 4.179705e+06 
2.863384e+02 6.585701e+07 4.179705e+06 
2.630372e+02 6.362879e+07 4.869356e+06 
2.732863e+02 6.505626e+07 4.534980e+06 
2.685306e+02 6.315950e+07 4.653942e+06 
2.700315e+02 6.288336e+07 4.702168e+06 
2.924197e+02 6.131552e+07 4.943306e+06 
3.150829e+02 6.084053e+07 5.811399e+06 
2.623417e+02 6.194937e+07 5.136216e+06 
3.320573e+02 6.071732e+07 5.522035e+06 
2.563102e+02 6.223651e+07 4.943306e+06 
3.307569e+02 6.071517e+07 5.714944e+06 
3.505235e+02 6.150596e+07 5.425580e+06 
3.279449e+02 6.049434e+07 5.618490e+06 
2.843576e+02 6.178844e+07 4.557487e+06 
3.071578e+02 6.110081e+07 5.714944e+06 
2.513415e+02 6.292599e+07 5.136216e+06 
2.950920e+02 6.493258e+07 3.928923e+06 
2.621773e+02 6.220096e+07 4.943306e+06 
2.557088e+02 6.212748e+07 5.522035e+06 
2.544177e+02 6.258880e+07 5.714944e+06 
3.040412e+02 6.255186e+07 4.461032e+06 
2.656215e+02 6.341947e+07 4.750396e+06 
2.651507e+02 6.572426e+07 4.461032e+06 
2.620566e+02 6.455321e+07 4.750396e+06 
2.511534e+02 6.380072e+07 5.329125e+06 
3.491341e+02 6.065275e+07 5.522035e+06 
2.840894e+02 6.634940e+07 4.346894e+06 
3.262363e+02 6.046089e+07 5.811399e+06 
2.663157e+02 6.420095e+07 4.702168e+06 
2.762552e+02 6.478116e+07 4.461032e+06 
3.063964e+02 6.110323e+07 5.714944e+06 
2.759473e+02 6.340478e+07 4.534980e+06 
3.042941e+02 6.040405e+07 5.907854e+06 
2.677968e+02 6.423101e+07 4.557487e+06 
2.649377e+02 6.686487e+07 4.702168e+06 
2.764594e+02 6.199581e+07 4.653942e+06 
2.801254e+02 6.498758e+07 4.364577e+06 
2.721834e+02 6.202350e+07 4.653942e+06 
2.795626e+02 6.609256e+07 4.364577e+06 
2.506275e+02 6.372609e+07 5.714944e+06 
2.918373e+02 6.423628e+07 4.171668e+06 
3.459413e+02 6.081948e+07 5.329125e+06 
2.704789e+02 6.267870e+07 4.750396e+06 

2.465087e+02 6.284602e+07 4.451386e+06 
2.565293e+02 6.169125e+07 4.653942e+06 
2.495836e+02 5.994690e+07 4.919193e+06 
2.616497e+02 6.136466e+07 4.653942e+06 
2.482298e+02 6.049676e+07 4.895080e+06 
2.526566e+02 5.994691e+07 5.329125e+06 
2.429898e+02 6.249958e+07 4.533374e+06 
2.371734e+02 6.547614e+07 5.401467e+06 
2.510114e+02 6.161540e+07 4.702170e+06 
2.374668e+02 6.448913e+07 5.907854e+06 
2.773064e+02 6.243563e+07 4.219896e+06 
2.922714e+02 6.022181e+07 4.412806e+06 
2.641790e+02 6.159091e+07 4.653942e+06 
2.984507e+02 6.502820e+07 3.954645e+06 
2.764230e+02 6.083317e+07 4.605715e+06 
2.431159e+02 6.089477e+07 4.919193e+06 
2.662649e+02 6.307799e+07 4.412806e+06 
2.841097e+02 6.612103e+07 4.012517e+06 
2.804687e+02 6.298227e+07 4.179705e+06 
2.569408e+02 6.445932e+07 4.340464e+06 
2.621571e+02 6.149073e+07 4.533374e+06 
2.915255e+02 6.442943e+07 3.954645e+06 
2.851786e+02 6.365375e+07 4.026986e+06 
2.821376e+02 6.203556e+07 4.219896e+06 
2.396192e+02 6.039887e+07 4.952950e+06 
2.374551e+02 6.329666e+07 5.287327e+06 
2.667590e+02 6.276301e+07 4.509260e+06 
2.457188e+02 6.014742e+07 4.919193e+06 
2.537414e+02 6.036851e+07 4.895080e+06 
2.391345e+02 6.114228e+07 4.952950e+06 
2.952694e+02 6.586436e+07 3.845329e+06 
2.447933e+02 6.057563e+07 4.919193e+06 
2.565252e+02 6.191852e+07 4.653942e+06 
2.582181e+02 6.043462e+07 4.726283e+06 
2.372134e+02 6.591482e+07 5.401467e+06 
2.671004e+02 6.301835e+07 4.346894e+06 
2.743464e+02 6.102884e+07 4.412806e+06 
2.735030e+02 6.090721e+07 4.533374e+06 
2.880519e+02 6.383478e+07 4.147554e+06 
2.400915e+02 6.131701e+07 5.039761e+06 
2.855205e+02 6.450971e+07 4.012517e+06 
2.774040e+02 6.069297e+07 4.702170e+06 
2.585228e+02 6.047250e+07 4.822738e+06 
2.411473e+02 6.221348e+07 4.533374e+06 
2.508115e+02 6.005591e+07 5.112102e+06 
2.612503e+02 6.150471e+07 4.533374e+06 
2.622019e+02 6.106784e+07 4.533374e+06 
2.454333e+02 6.363177e+07 4.340464e+06 
2.678568e+02 6.077992e+07 4.412806e+06 
2.677622e+02 6.165634e+07 4.412806e+06 
2.808722e+02 6.369612e+07 4.179705e+06 
2.880695e+02 6.391588e+07 4.026986e+06 
2.630495e+02 6.215476e+07 4.514082e+06 
2.486440e+02 6.183921e+07 4.702170e+06 
2.441095e+02 6.094652e+07 4.726283e+06 
2.394863e+02 6.246447e+07 4.919193e+06 
2.831910e+02 6.554775e+07 4.099328e+06 
2.584609e+02 6.156031e+07 4.653942e+06 
2.708479e+02 6.081862e+07 4.798625e+06 
2.692803e+02 6.604215e+07 4.219896e+06 
2.826301e+02 6.639383e+07 4.026986e+06 
2.675881e+02 6.255950e+07 4.509260e+06 
2.492747e+02 6.006786e+07 4.919193e+06 
2.414332e+02 6.223477e+07 4.618574e+06 
2.845295e+02 6.510564e+07 4.026986e+06 
2.387737e+02 6.495221e+07 5.208557e+06 
2.375128e+02 6.213581e+07 5.401467e+06 
2.371660e+02 6.249434e+07 5.907854e+06 
2.386526e+02 6.622609e+07 5.120139e+06 
2.729783e+02 6.499785e+07 4.284197e+06 
2.730079e+02 6.210010e+07 4.219896e+06 
2.388621e+02 6.366718e+07 5.208557e+06 
2.838193e+02 6.517859e+07 4.026986e+06 
2.486465e+02 5.998895e+07 5.039761e+06 
2.410501e+02 6.090220e+07 4.726283e+06 
2.364213e+02 6.423246e+07 5.907854e+06 
2.443209e+02 6.086278e+07 4.726283e+06 
2.774435e+02 6.209113e+07 4.340464e+06 
2.447026e+02 6.034876e+07 4.919193e+06 
2.819620e+02 6.069308e+07 4.412806e+06 
2.588209e+02 6.217631e+07 4.629828e+06 
2.564291e+02 6.061641e+07 4.822738e+06 
2.518269e+02 6.220996e+07 4.618574e+06 
2.847991e+02 6.507107e+07 4.012517e+06 
2.797797e+02 6.449908e+07 4.179705e+06 
2.777385e+02 6.023734e+07 4.605715e+06 
2.389921e+02 6.227979e+07 5.057442e+06 
2.417753e+02 6.075107e+07 5.015648e+06 
2.386437e+02 6.653902e+07 4.869356e+06 
2.813664e+02 6.127590e+07 4.219896e+06 
2.597613e+02 6.109997e+07 4.681270e+06 
2.455358e+02 6.002572e+07 5.015648e+06 
2.443999e+02 6.081592e+07 4.919193e+06 
2.462648e+02 6.455448e+07 4.451386e+06 
2.458701e+02 6.078811e+07 4.785762e+06 
2.455349e+02 6.032108e+07 5.112102e+06 
2.767232e+02 6.634109e+07 4.099328e+06 
2.373195e+02 6.367698e+07 5.594376e+06 
2.457804e+02 6.019661e+07 4.919193e+06 
2.365486e+02 6.393219e+07 5.907854e+06 

2.760662e+02 5.823841e+07 5.280899e+06 
2.407523e+02 6.226664e+07 5.594376e+06 
2.709518e+02 5.943274e+07 5.015648e+06 
2.393574e+02 5.932970e+07 5.787286e+06 
2.971984e+02 5.584440e+07 6.173105e+06 
2.475597e+02 5.782903e+07 5.980196e+06 
2.689206e+02 6.141461e+07 4.702170e+06 
2.315036e+02 5.880015e+07 6.366015e+06 
2.417286e+02 6.018817e+07 5.594376e+06 
3.008139e+02 5.558495e+07 5.980196e+06 
2.336625e+02 5.915477e+07 5.980196e+06 
2.875305e+02 5.638794e+07 5.980196e+06 
2.476196e+02 6.182872e+07 5.350023e+06 
2.663088e+02 6.283935e+07 4.952950e+06 
2.948995e+02 6.269922e+07 4.430488e+06 
2.643549e+02 6.452664e+07 4.991534e+06 
2.691566e+02 5.907225e+07 5.208557e+06 
2.275151e+02 5.909667e+07 6.173105e+06 
2.701453e+02 6.339440e+07 4.605715e+06 
2.598351e+02 5.717561e+07 6.173105e+06 
2.463742e+02 5.760840e+07 6.366015e+06 
2.390472e+02 5.823931e+07 6.558924e+06 
2.544385e+02 5.731292e+07 6.366015e+06 
2.666015e+02 5.895800e+07 5.280899e+06 
2.409949e+02 5.814236e+07 5.980196e+06 
2.737326e+02 5.967823e+07 4.822738e+06 
2.775096e+02 5.836457e+07 5.015648e+06 
2.754683e+02 6.473662e+07 4.436919e+06 
2.832096e+02 5.879836e+07 4.822738e+06 
2.557678e+02 6.032652e+07 5.329125e+06 
2.652333e+02 6.040828e+07 5.015648e+06 
2.668695e+02 6.346570e+07 4.848458e+06 
2.586239e+02 6.393477e+07 5.112102e+06 
2.489512e+02 5.751172e+07 6.366015e+06 
2.412412e+02 5.795866e+07 6.366015e+06 
2.367902e+02 5.830281e+07 6.486583e+06 
2.543652e+02 6.208412e+07 5.305012e+06 
2.732290e+02 6.178050e+07 4.629828e+06 
2.517476e+02 6.352913e+07 5.305012e+06 
2.375605e+02 6.098787e+07 5.787286e+06 
2.444109e+02 5.927761e+07 5.594376e+06 
2.430952e+02 5.780071e+07 6.366015e+06 
2.666501e+02 6.349999e+07 4.895080e+06 
2.553857e+02 5.685995e+07 6.366015e+06 
2.399819e+02 5.962116e+07 5.714944e+06 
2.717355e+02 5.898771e+07 5.015648e+06 
2.717254e+02 6.040458e+07 4.822738e+06 
2.834804e+02 6.101830e+07 4.774512e+06 
2.506351e+02 5.889345e+07 5.401467e+06 
2.528604e+02 6.040898e+07 5.353240e+06 
2.666066e+02 6.011677e+07 5.015648e+06 
2.325798e+02 5.876006e+07 6.366015e+06 
2.835078e+02 6.155888e+07 4.509260e+06 
2.364881e+02 5.970613e+07 5.907854e+06 
2.371616e+02 5.835863e+07 5.980196e+06 
2.534420e+02 5.769745e+07 5.594376e+06 
2.595826e+02 6.308172e+07 5.087989e+06 
2.465913e+02 5.759128e+07 6.366015e+06 
2.766929e+02 5.650552e+07 5.980196e+06 
2.448735e+02 6.263036e+07 5.473808e+06 
2.331369e+02 5.843741e+07 6.173105e+06 
2.528903e+02 5.749114e+07 6.366015e+06 
2.528498e+02 5.865509e+07 5.401467e+06 
2.658148e+02 5.699230e+07 6.173105e+06 
2.533137e+02 5.766652e+07 5.980196e+06 
2.404888e+02 5.809453e+07 6.366015e+06 
2.610625e+02 6.272879e+07 5.015648e+06 
2.364458e+02 6.282756e+07 5.714944e+06 
2.665173e+02 6.361024e+07 4.919193e+06 
2.470721e+02 6.292415e+07 5.454515e+06 
2.849253e+02 6.351913e+07 4.316351e+06 
2.850476e+02 5.605009e+07 6.173105e+06 
2.575586e+02 6.278426e+07 5.120139e+06 
2.689726e+02 5.869206e+07 5.280899e+06 
2.572202e+02 5.831509e+07 5.401467e+06 
2.518181e+02 5.775240e+07 5.594376e+06 
2.679692e+02 5.643355e+07 6.173105e+06 
2.764551e+02 5.925690e+07 4.822738e+06 
2.409963e+02 5.829417e+07 5.787286e+06 
2.622521e+02 5.946917e+07 5.329125e+06 
2.520303e+02 6.330009e+07 5.182835e+06 
2.622844e+02 6.195172e+07 5.015648e+06 
2.676229e+02 5.680945e+07 5.980196e+06 
2.408181e+02 6.158706e+07 5.517212e+06 
2.802181e+02 6.197289e+07 4.581602e+06 
2.663153e+02 5.782374e+07 5.401467e+06 
2.782501e+02 5.760573e+07 5.787286e+06 
2.646672e+02 5.960598e+07 5.208557e+06 
2.809786e+02 6.109085e+07 4.702170e+06 
2.709211e+02 6.117105e+07 4.774512e+06 
2.488270e+02 5.793162e+07 5.594376e+06 
2.322198e+02 5.993829e+07 5.980196e+06 
2.764459e+02 6.296566e+07 4.514082e+06 
2.478648e+02 5.991634e+07 5.401467e+06 
2.563902e+02 5.738428e+07 6.173105e+06 
2.828243e+02 5.819330e+07 5.280899e+06 
2.684243e+02 6.259188e+07 4.743966e+06 
2.576889e+02 6.065810e+07 5.184444e+06 
2.614967e+02 6.042035e+07 5.136216e+06 
2.721917e+02 5.818241e+07 5.353240e+06 

2.441424e+02 6.095247e+07 5.787286e+06 
3.046613e+02 7.416605e+07 4.618574e+06 
2.381157e+02 6.431953e+07 5.497922e+06 
2.432845e+02 6.198573e+07 5.690831e+06 
2.866249e+02 6.401379e+07 4.726283e+06 
3.022632e+02 7.749529e+07 4.461032e+06 
2.450335e+02 6.359356e+07 5.305012e+06 
2.532261e+02 6.242167e+07 5.305012e+06 
2.724085e+02 6.317509e+07 5.015648e+06 
2.652499e+02 6.594803e+07 4.895080e+06 
2.589432e+02 6.265498e+07 5.208557e+06 
2.601454e+02 6.105353e+07 5.570263e+06 
2.427222e+02 6.089146e+07 5.883741e+06 
2.424677e+02 6.671744e+07 5.377354e+06 
2.464358e+02 6.317204e+07 5.305012e+06 
2.440255e+02 6.585755e+07 5.305012e+06 
2.536095e+02 6.396867e+07 5.015647e+06 
2.317160e+02 6.261498e+07 5.883741e+06 
2.419542e+02 6.049186e+07 6.004309e+06 
2.408293e+02 6.629385e+07 5.425580e+06 
2.850866e+02 6.255582e+07 4.919193e+06 
2.458218e+02 6.362296e+07 5.287327e+06 
2.706615e+02 6.141341e+07 5.112102e+06 
2.435083e+02 6.329873e+07 5.497922e+06 
2.677357e+02 6.108316e+07 5.497922e+06 
2.376496e+02 6.181264e+07 5.883741e+06 
2.443616e+02 6.150054e+07 5.690831e+06 
2.537628e+02 6.029219e+07 5.763173e+06 
2.497258e+02 6.011364e+07 5.883741e+06 
2.351956e+02 6.487905e+07 5.690831e+06 
2.777191e+02 6.095679e+07 5.305012e+06 
2.405527e+02 6.058449e+07 5.956082e+06 
2.339120e+02 6.444881e+07 5.811399e+06 
2.602949e+02 6.130003e+07 5.497922e+06 
2.354985e+02 6.413089e+07 5.690831e+06 
2.671146e+02 6.133740e+07 5.305012e+06 
2.888552e+02 6.223844e+07 4.919193e+06 
2.488191e+02 6.047575e+07 5.763173e+06 
2.410298e+02 6.403415e+07 5.497922e+06 
2.989551e+02 7.356687e+07 4.653942e+06 
2.432121e+02 6.143710e+07 5.787286e+06 
2.281849e+02 6.142190e+07 6.269560e+06 
2.434665e+02 6.679703e+07 5.305012e+06 
2.533007e+02 6.161274e+07 5.497922e+06 
2.651183e+02 6.147751e+07 5.401467e+06 
2.578331e+02 6.498377e+07 4.919193e+06 
2.578202e+02 6.220881e+07 5.401467e+06 
2.485900e+02 6.414917e+07 5.112102e+06 
2.744704e+02 6.061897e+07 5.401467e+06 
2.444138e+02 6.445270e+07 5.377354e+06 
2.409555e+02 6.350767e+07 5.570263e+06 
2.602801e+02 6.233551e+07 5.208557e+06 
2.398984e+02 6.329246e+07 5.690831e+06 
2.445164e+02 6.181821e+07 5.570263e+06 
2.462199e+02 6.016340e+07 5.883741e+06 
2.486475e+02 6.121154e+07 5.570263e+06 
2.675583e+02 6.386289e+07 5.015648e+06 
3.062977e+02 7.562172e+07 4.461032e+06 
2.337313e+02 6.198931e+07 6.076650e+06 
2.658345e+02 6.421952e+07 4.919193e+06 
2.831646e+02 6.089954e+07 5.112102e+06 
2.394596e+02 6.465367e+07 5.473808e+06 
2.572851e+02 6.057332e+07 5.666718e+06 
2.530763e+02 6.296785e+07 5.112102e+06 
2.389021e+02 6.181916e+07 5.763173e+06 
2.685877e+02 6.400819e+07 4.919193e+06 
2.429047e+02 6.028464e+07 6.197218e+06 
2.355515e+02 6.236124e+07 5.883741e+06 
2.764899e+02 6.341189e+07 4.919193e+06 
2.566889e+02 6.532686e+07 4.919193e+06 
2.455780e+02 6.099679e+07 5.763173e+06 
2.731814e+02 6.122933e+07 5.112102e+06 
2.411277e+02 6.258684e+07 5.690831e+06 
2.835499e+02 6.650775e+07 4.726283e+06 
2.456360e+02 6.517079e+07 5.184444e+06 
2.313522e+02 6.297196e+07 6.076650e+06 
2.697899e+02 6.202767e+07 5.112102e+06 
2.481007e+02 6.249523e+07 5.280899e+06 
2.638939e+02 6.177089e+07 5.401467e+06 
2.519759e+02 6.385588e+07 5.112102e+06 
2.482757e+02 6.579237e+07 4.919193e+06 
2.321628e+02 6.132521e+07 6.269560e+06 
2.400549e+02 6.047190e+07 6.076650e+06 
2.860961e+02 6.242397e+07 4.919193e+06 
2.668865e+02 6.284577e+07 5.112102e+06 
2.354563e+02 6.094366e+07 6.076650e+06 
2.382252e+02 6.130279e+07 5.883741e+06 
2.415687e+02 6.110815e+07 5.883741e+06 
2.784333e+02 6.117701e+07 5.112102e+06 
2.423219e+02 6.510319e+07 5.401467e+06 
2.466570e+02 6.173786e+07 5.497922e+06 
2.987707e+02 6.311653e+07 4.726283e+06 
2.740288e+02 6.347951e+07 4.919193e+06 
2.531474e+02 6.391974e+07 5.087989e+06 
2.464876e+02 6.596789e+07 5.112102e+06 
2.792703e+02 6.286659e+07 5.015648e+06 
2.470638e+02 6.458636e+07 5.112102e+06 
2.449676e+02 6.546001e+07 5.184444e+06 
2.382547e+02 6.057752e+07 6.076650e+06 
2.826022e+02 6.506667e+07 4.822738e+06 

2.848384e+02 6.058418e+07 5.136216e+06 
2.466776e+02 5.957493e+07 5.594376e+06 
2.743846e+02 6.378815e+07 4.436919e+06 
2.728959e+02 6.173964e+07 5.015648e+06 
2.632473e+02 6.129338e+07 5.208557e+06 
2.653379e+02 6.192559e+07 5.015648e+06 
2.612192e+02 5.923290e+07 5.714944e+06 
2.908817e+02 6.228901e+07 4.244009e+06 
2.775149e+02 6.296096e+07 4.244009e+06 
2.509972e+02 6.461577e+07 5.425580e+06 
2.549123e+02 5.954284e+07 5.714944e+06 
2.505273e+02 5.948816e+07 5.787286e+06 
2.855597e+02 6.217214e+07 4.298264e+06 
3.169117e+02 6.704797e+07 3.858190e+06 
2.680449e+02 6.487981e+07 4.436919e+06 
2.525292e+02 6.686397e+07 5.208557e+06 
3.146821e+02 6.541015e+07 4.051100e+06 
2.732889e+02 6.252520e+07 4.822738e+06 
2.435281e+02 6.249044e+07 5.594376e+06 
2.541616e+02 6.543056e+07 5.305012e+06 
2.929353e+02 5.879056e+07 5.401467e+06 
2.410471e+02 6.145408e+07 5.787286e+06 
2.705555e+02 5.982570e+07 5.208557e+06 
2.557243e+02 6.469461e+07 4.919193e+06 
2.822083e+02 6.081552e+07 5.136216e+06 
3.091927e+02 6.334006e+07 4.436919e+06 
2.628354e+02 5.855075e+07 5.907854e+06 
2.614827e+02 5.985933e+07 5.522035e+06 
2.741851e+02 6.224065e+07 4.919193e+06 
2.716938e+02 6.389642e+07 4.629828e+06 
2.854902e+02 6.428039e+07 4.051100e+06 
2.688133e+02 6.059954e+07 5.208557e+06 
2.794274e+02 5.852283e+07 5.594376e+06 
2.590008e+02 6.321387e+07 4.919193e+06 
2.785210e+02 6.166337e+07 4.822738e+06 
2.744394e+02 5.936417e+07 5.401467e+06 
2.667854e+02 6.521164e+07 4.629828e+06 
2.797819e+02 6.472301e+07 4.051100e+06 
2.446602e+02 6.025764e+07 5.907854e+06 
2.666301e+02 6.087608e+07 5.208557e+06 
2.786413e+02 6.158711e+07 4.629828e+06 
2.838289e+02 6.251433e+07 4.436919e+06 
2.457603e+02 6.074412e+07 5.594376e+06 
2.574818e+02 5.939155e+07 5.714944e+06 
2.764588e+02 5.907241e+07 5.401467e+06 
2.481959e+02 6.128913e+07 5.522035e+06 
2.740865e+02 6.450946e+07 4.436919e+06 
2.568053e+02 6.248233e+07 5.329125e+06 
2.640066e+02 5.976351e+07 5.522035e+06 
2.574588e+02 5.945543e+07 5.714944e+06 
2.809002e+02 6.195101e+07 4.734320e+06 
2.921087e+02 6.109775e+07 5.136216e+06 
2.878291e+02 6.244773e+07 4.132148e+06 
2.506409e+02 5.937139e+07 5.787286e+06 
2.835463e+02 6.285486e+07 4.244009e+06 
2.981629e+02 6.077456e+07 5.015648e+06 
2.440839e+02 6.046941e+07 5.907854e+06 
2.933800e+02 6.294970e+07 4.051100e+06 
2.790572e+02 6.188239e+07 4.464381e+06 
2.517683e+02 6.743432e+07 5.329125e+06 
2.842399e+02 6.284410e+07 4.244009e+06 
2.736159e+02 5.895428e+07 5.714944e+06 
2.621068e+02 5.900373e+07 5.714944e+06 
2.513888e+02 6.540183e+07 5.401467e+06 
2.613800e+02 5.915835e+07 5.714944e+06 
2.854454e+02 6.157853e+07 4.726283e+06 
3.179535e+02 6.520945e+07 4.244009e+06 
2.518699e+02 6.054076e+07 5.401467e+06 
2.454243e+02 6.098247e+07 5.594376e+06 
2.616890e+02 6.678017e+07 4.726283e+06 
2.773115e+02 6.314712e+07 4.436919e+06 
2.910076e+02 6.396174e+07 4.051100e+06 
2.714523e+02 6.183056e+07 5.136216e+06 
2.751610e+02 6.128686e+07 5.136216e+06 
3.042693e+02 6.227415e+07 4.244009e+06 
2.676383e+02 6.412412e+07 4.629828e+06 
2.651224e+02 5.938888e+07 5.401467e+06 
2.739995e+02 6.145857e+07 5.136216e+06 
2.733957e+02 6.950551e+07 4.364577e+06 
2.574221e+02 6.103314e+07 5.329125e+06 
2.531531e+02 6.564641e+07 5.112102e+06 
2.562422e+02 6.345841e+07 5.208557e+06 
2.678367e+02 6.342888e+07 4.822738e+06 
2.812591e+02 6.260187e+07 4.436919e+06 
2.711826e+02 6.330666e+07 4.822738e+06 
2.966462e+02 5.894560e+07 5.401467e+06 
2.674528e+02 7.153407e+07 4.557487e+06 
2.734335e+02 6.363655e+07 4.702170e+06 
2.509970e+02 5.864765e+07 5.787286e+06 
2.809548e+02 6.175563e+07 4.464381e+06 
2.766079e+02 6.197824e+07 4.464381e+06 
2.735028e+02 6.366688e+07 4.629828e+06 
2.846214e+02 6.267904e+07 4.244009e+06 
2.736863e+02 6.299703e+07 4.629828e+06 
2.455557e+02 5.904072e+07 5.907854e+06 
2.574469e+02 6.446446e+07 5.112102e+06 
2.897896e+02 6.245832e+07 4.629828e+06 
2.620382e+02 6.181585e+07 5.208557e+06 
2.621909e+02 5.855409e+07 5.594376e+06 
2.593035e+02 6.352040e+07 4.822738e+06 

