2.413624e+02 4.547592e+07 5.822795e+06 
2.411357e+02 4.558402e+07 5.822795e+06 
2.978272e+02 4.400373e+07 5.822795e+06 
2.250733e+02 4.642992e+07 5.822795e+06 
2.111248e+02 4.810902e+07 5.822795e+06 
2.111248e+02 4.810902e+07 5.822795e+06 
2.111248e+02 4.810902e+07 5.822795e+06 
2.111248e+02 4.810902e+07 5.822795e+06 
2.111248e+02 4.810902e+07 5.822795e+06 
2.111248e+02 4.810902e+07 5.822795e+06 
2.111248e+02 4.810902e+07 5.822795e+06 
2.111248e+02 4.810902e+07 5.822795e+06 
2.111248e+02 4.810902e+07 5.822795e+06 
2.111248e+02 4.810902e+07 5.822795e+06 
2.111248e+02 4.810902e+07 5.822795e+06 
2.111248e+02 4.810902e+07 5.822795e+06 
2.111248e+02 4.810902e+07 5.822795e+06 
2.111248e+02 4.810902e+07 5.822795e+06 
2.111248e+02 4.810902e+07 5.822795e+06 
2.111248e+02 4.810902e+07 5.822795e+06 
2.111248e+02 4.810902e+07 5.822795e+06 
2.111248e+02 4.810902e+07 5.822795e+06 
2.111248e+02 4.810902e+07 5.822795e+06 
2.111248e+02 4.810902e+07 5.822795e+06 
2.111248e+02 4.810902e+07 5.822795e+06 
2.111248e+02 4.810902e+07 5.822795e+06 
2.111248e+02 4.810902e+07 5.822795e+06 
2.111248e+02 4.810902e+07 5.822795e+06 
2.111248e+02 4.810902e+07 5.822795e+06 
2.111248e+02 4.810902e+07 5.822795e+06 
2.111248e+02 4.810902e+07 5.822795e+06 
2.111248e+02 4.810902e+07 5.822795e+06 
2.111248e+02 4.810902e+07 5.822795e+06 
2.111248e+02 4.810902e+07 5.822795e+06 
2.111248e+02 4.810902e+07 5.822795e+06 
2.111248e+02 4.810902e+07 5.822795e+06 
2.111248e+02 4.810902e+07 5.822795e+06 
2.111248e+02 4.810902e+07 5.822795e+06 
2.111248e+02 4.810902e+07 5.822795e+06 
2.111248e+02 4.810902e+07 5.822795e+06 
2.111248e+02 4.810902e+07 5.822795e+06 
2.111248e+02 4.810902e+07 5.822795e+06 
2.111248e+02 4.810902e+07 5.822795e+06 
2.111248e+02 4.810902e+07 5.822795e+06 
2.111248e+02 4.810902e+07 5.822795e+06 
2.111248e+02 4.810902e+07 5.822795e+06 
2.111248e+02 4.810902e+07 5.822795e+06 
2.111248e+02 4.810902e+07 5.822795e+06 
2.111248e+02 4.810902e+07 5.822795e+06 
2.111248e+02 4.810902e+07 5.822795e+06 
2.111248e+02 4.810902e+07 5.822795e+06 
2.111248e+02 4.810902e+07 5.822795e+06 
2.111248e+02 4.810902e+07 5.822795e+06 
2.111248e+02 4.810902e+07 5.822795e+06 
2.111248e+02 4.810902e+07 5.822795e+06 
2.474198e+02 4.522326e+07 5.822795e+06 
2.580625e+02 4.477898e+07 5.822795e+06 
2.199991e+02 4.677541e+07 5.822795e+06 
2.232610e+02 4.664752e+07 5.822795e+06 
2.167703e+02 4.710450e+07 5.822795e+06 
2.241272e+02 4.648491e+07 5.822795e+06 
2.201946e+02 4.667535e+07 5.822795e+06 
2.734161e+02 4.459850e+07 5.822795e+06 
2.131505e+02 4.763372e+07 5.822795e+06 
2.668861e+02 4.464232e+07 5.822795e+06 
2.287304e+02 4.623193e+07 5.822795e+06 
3.319224e+02 4.376678e+07 5.822795e+06 
2.525870e+02 4.513210e+07 5.822795e+06 
2.963751e+02 4.400663e+07 5.822795e+06 
2.132482e+02 4.758369e+07 5.822795e+06 
2.300507e+02 4.620809e+07 5.822795e+06 
2.741910e+02 4.453337e+07 5.822795e+06 
2.240294e+02 4.653494e+07 5.822795e+06 
2.153393e+02 4.718398e+07 5.822795e+06 
2.318845e+02 4.598486e+07 5.822795e+06 
2.448042e+02 4.532417e+07 5.822795e+06 
2.140166e+02 4.747111e+07 5.822795e+06 
2.775521e+02 4.446493e+07 5.822795e+06 
2.341182e+02 4.593204e+07 5.822795e+06 
2.172430e+02 4.691717e+07 5.822795e+06 
2.139682e+02 4.765954e+07 5.822795e+06 
2.179136e+02 4.685462e+07 5.822795e+06 
2.168842e+02 4.699166e+07 5.822795e+06 
3.066281e+02 4.373346e+07 5.822795e+06 
2.370927e+02 4.570270e+07 5.822795e+06 
2.174571e+02 4.697915e+07 5.822795e+06 
3.016208e+02 4.397497e+07 5.822795e+06 
2.719969e+02 4.462174e+07 5.822795e+06 
2.409130e+02 4.549565e+07 5.822795e+06 
2.303408e+02 4.611520e+07 5.822795e+06 
3.039590e+02 4.391430e+07 5.822795e+06 
2.211101e+02 4.665114e+07 5.822795e+06 
2.255932e+02 4.633569e+07 5.822795e+06 
2.309136e+02 4.610268e+07 5.822795e+06 
2.239317e+02 4.658497e+07 5.822795e+06 
2.248794e+02 4.643514e+07 5.822795e+06 
2.834706e+02 4.407035e+07 5.822795e+06 
2.797053e+02 4.437296e+07 5.822795e+06 
2.859705e+02 4.413694e+07 5.822795e+06 
3.047241e+02 4.377546e+07 5.822795e+06 

2.505563e+02 4.500287e+07 5.822795e+06 
2.151761e+02 4.715842e+07 5.822795e+06 
2.210608e+02 4.651274e+07 5.822795e+06 
2.720835e+02 4.410825e+07 5.822795e+06 
2.743316e+02 4.393246e+07 5.822795e+06 
2.111248e+02 4.810902e+07 5.822795e+06 
2.111248e+02 4.810902e+07 5.822795e+06 
2.111248e+02 4.810902e+07 5.822795e+06 
2.111248e+02 4.810902e+07 5.822795e+06 
2.111248e+02 4.810902e+07 5.822795e+06 
2.111248e+02 4.810902e+07 5.822795e+06 
2.111248e+02 4.810902e+07 5.822795e+06 
2.111248e+02 4.810902e+07 5.822795e+06 
2.111248e+02 4.810902e+07 5.822795e+06 
2.111248e+02 4.810902e+07 5.822795e+06 
2.111248e+02 4.810902e+07 5.822795e+06 
2.111248e+02 4.810902e+07 5.822795e+06 
2.111248e+02 4.810902e+07 5.822795e+06 
2.111248e+02 4.810902e+07 5.822795e+06 
2.111248e+02 4.810902e+07 5.822795e+06 
2.111248e+02 4.810902e+07 5.822795e+06 
2.111248e+02 4.810902e+07 5.822795e+06 
2.111248e+02 4.810902e+07 5.822795e+06 
2.111248e+02 4.810902e+07 5.822795e+06 
2.111248e+02 4.810902e+07 5.822795e+06 
2.111248e+02 4.810902e+07 5.822795e+06 
2.111248e+02 4.810902e+07 5.822795e+06 
2.111248e+02 4.810902e+07 5.822795e+06 
2.111248e+02 4.810902e+07 5.822795e+06 
2.111248e+02 4.810902e+07 5.822795e+06 
2.111248e+02 4.810902e+07 5.822795e+06 
2.111248e+02 4.810902e+07 5.822795e+06 
2.111248e+02 4.810902e+07 5.822795e+06 
2.111248e+02 4.810902e+07 5.822795e+06 
2.111248e+02 4.810902e+07 5.822795e+06 
2.111248e+02 4.810902e+07 5.822795e+06 
2.111248e+02 4.810902e+07 5.822795e+06 
2.111248e+02 4.810902e+07 5.822795e+06 
2.111248e+02 4.810902e+07 5.822795e+06 
2.111248e+02 4.810902e+07 5.822795e+06 
2.111248e+02 4.810902e+07 5.822795e+06 
2.111248e+02 4.810902e+07 5.822795e+06 
2.111248e+02 4.810902e+07 5.822795e+06 
2.111248e+02 4.810902e+07 5.822795e+06 
2.111248e+02 4.810902e+07 5.822795e+06 
2.111248e+02 4.810902e+07 5.822795e+06 
2.111248e+02 4.810902e+07 5.822795e+06 
2.111248e+02 4.810902e+07 5.822795e+06 
2.111248e+02 4.810902e+07 5.822795e+06 
2.111248e+02 4.810902e+07 5.822795e+06 
2.111248e+02 4.810902e+07 5.822795e+06 
2.111248e+02 4.810902e+07 5.822795e+06 
2.111248e+02 4.810902e+07 5.822795e+06 
2.111248e+02 4.810902e+07 5.822795e+06 
2.111248e+02 4.810902e+07 5.822795e+06 
2.111248e+02 4.810902e+07 5.822795e+06 
2.111248e+02 4.810902e+07 5.822795e+06 
2.111248e+02 4.810902e+07 5.822795e+06 
2.111248e+02 4.810902e+07 5.822795e+06 
2.254765e+02 4.639265e+07 5.822795e+06 
2.184865e+02 4.684210e+07 5.822795e+06 
2.177181e+02 4.695468e+07 5.822795e+06 
2.455548e+02 4.531395e+07 5.822795e+06 
2.130204e+02 4.780937e+07 5.822795e+06 
2.972612e+02 4.368199e+07 5.822795e+06 
2.997870e+02 4.363772e+07 5.822795e+06 
2.642513e+02 4.427948e+07 5.822795e+06 
2.161732e+02 4.714699e+07 5.822795e+06 
3.185321e+02 4.349277e+07 5.822795e+06 
2.721766e+02 4.379886e+07 5.822795e+06 
2.171452e+02 4.696720e+07 5.822795e+06 
2.691859e+02 4.417781e+07 5.822795e+06 
2.135738e+02 4.730798e+07 5.822795e+06 
2.133460e+02 4.753366e+07 5.822795e+06 
2.232279e+02 4.644631e+07 5.822795e+06 
2.303408e+02 4.611520e+07 5.822795e+06 
2.254927e+02 4.632984e+07 5.822795e+06 
2.206536e+02 4.677567e+07 5.822795e+06 
2.165329e+02 4.713909e+07 5.822795e+06 
2.139682e+02 4.765954e+07 5.822795e+06 
2.635743e+02 4.433266e+07 5.822795e+06 
2.380098e+02 4.560063e+07 5.822795e+06 
2.150703e+02 4.730410e+07 5.822795e+06 
2.305534e+02 4.597876e+07 5.822795e+06 
3.052926e+02 4.346092e+07 5.822795e+06 
2.273269e+02 4.683311e+07 5.822795e+06 
2.530753e+02 4.482447e+07 5.822795e+06 
2.541645e+02 4.476066e+07 5.822795e+06 
2.373882e+02 4.570851e+07 5.822795e+06 
2.272582e+02 4.620584e+07 5.822795e+06 
2.133621e+02 4.747085e+07 5.822795e+06 
2.632050e+02 4.453750e+07 5.822795e+06 
2.445578e+02 4.542618e+07 5.822795e+06 
2.312473e+02 4.585981e+07 5.822795e+06 
2.183071e+02 4.687935e+07 5.822795e+06 
2.590612e+02 4.460754e+07 5.822795e+06 
2.433739e+02 4.556448e+07 5.822795e+06 
2.633154e+02 4.447886e+07 5.822795e+06 
2.206464e+02 4.706966e+07 5.822795e+06 
2.314995e+02 4.583686e+07 5.822795e+06 

2.458181e+02 4.541076e+07 5.822795e+06 
2.708874e+02 4.454985e+07 5.822795e+06 
2.854970e+02 4.397081e+07 5.822795e+06 
3.184392e+02 4.339485e+07 5.822795e+06 
2.111248e+02 4.810902e+07 5.822795e+06 
2.111248e+02 4.810902e+07 5.822795e+06 
2.111248e+02 4.810902e+07 5.822795e+06 
2.111248e+02 4.810902e+07 5.822795e+06 
2.111248e+02 4.810902e+07 5.822795e+06 
2.111248e+02 4.810902e+07 5.822795e+06 
2.111248e+02 4.810902e+07 5.822795e+06 
2.111248e+02 4.810902e+07 5.822795e+06 
2.111248e+02 4.810902e+07 5.822795e+06 
2.111248e+02 4.810902e+07 5.822795e+06 
2.111248e+02 4.810902e+07 5.822795e+06 
2.111248e+02 4.810902e+07 5.822795e+06 
2.111248e+02 4.810902e+07 5.822795e+06 
2.111248e+02 4.810902e+07 5.822795e+06 
2.111248e+02 4.810902e+07 5.822795e+06 
2.111248e+02 4.810902e+07 5.822795e+06 
2.111248e+02 4.810902e+07 5.822795e+06 
2.111248e+02 4.810902e+07 5.822795e+06 
2.111248e+02 4.810902e+07 5.822795e+06 
2.111248e+02 4.810902e+07 5.822795e+06 
2.111248e+02 4.810902e+07 5.822795e+06 
2.111248e+02 4.810902e+07 5.822795e+06 
2.111248e+02 4.810902e+07 5.822795e+06 
2.111248e+02 4.810902e+07 5.822795e+06 
2.111248e+02 4.810902e+07 5.822795e+06 
2.111248e+02 4.810902e+07 5.822795e+06 
2.111248e+02 4.810902e+07 5.822795e+06 
2.111248e+02 4.810902e+07 5.822795e+06 
2.111248e+02 4.810902e+07 5.822795e+06 
2.111248e+02 4.810902e+07 5.822795e+06 
2.111248e+02 4.810902e+07 5.822795e+06 
2.111248e+02 4.810902e+07 5.822795e+06 
2.111248e+02 4.810902e+07 5.822795e+06 
2.111248e+02 4.810902e+07 5.822795e+06 
2.111248e+02 4.810902e+07 5.822795e+06 
2.111248e+02 4.810902e+07 5.822795e+06 
2.111248e+02 4.810902e+07 5.822795e+06 
2.111248e+02 4.810902e+07 5.822795e+06 
2.111248e+02 4.810902e+07 5.822795e+06 
2.111248e+02 4.810902e+07 5.822795e+06 
2.111248e+02 4.810902e+07 5.822795e+06 
2.111248e+02 4.810902e+07 5.822795e+06 
2.111248e+02 4.810902e+07 5.822795e+06 
2.111248e+02 4.810902e+07 5.822795e+06 
2.111248e+02 4.810902e+07 5.822795e+06 
2.111248e+02 4.810902e+07 5.822795e+06 
2.111248e+02 4.810902e+07 5.822795e+06 
2.801681e+02 4.411226e+07 5.822795e+06 
2.846897e+02 4.404795e+07 5.822795e+06 
2.593500e+02 4.501240e+07 5.822795e+06 
2.194585e+02 4.666230e+07 5.822795e+06 
2.588448e+02 4.501631e+07 5.822795e+06 
2.233095e+02 4.645909e+07 5.822795e+06 
2.950666e+02 4.353791e+07 5.822795e+06 
2.782589e+02 4.413089e+07 5.822795e+06 
2.638092e+02 4.468056e+07 5.822795e+06 
2.154613e+02 4.710398e+07 5.822795e+06 
2.824184e+02 4.405782e+07 5.822795e+06 
2.710805e+02 4.454037e+07 5.822795e+06 
2.516911e+02 4.536977e+07 5.822795e+06 
2.736778e+02 4.422601e+07 5.822795e+06 
2.357859e+02 4.585807e+07 5.822795e+06 
2.934910e+02 4.374477e+07 5.822795e+06 
2.759403e+02 4.414425e+07 5.822795e+06 
2.143754e+02 4.739662e+07 5.822795e+06 
2.890144e+02 4.393089e+07 5.822795e+06 
3.020841e+02 4.348349e+07 5.822795e+06 
2.712246e+02 4.441210e+07 5.822795e+06 
2.266522e+02 4.601715e+07 5.822795e+06 
2.609652e+02 4.491148e+07 5.822795e+06 
2.327195e+02 4.588590e+07 5.822795e+06 
2.372169e+02 4.577859e+07 5.822795e+06 
2.628023e+02 4.470999e+07 5.822795e+06 
2.401774e+02 4.576795e+07 5.822795e+06 
2.218211e+02 4.649581e+07 5.822795e+06 
2.824197e+02 4.405520e+07 5.822795e+06 
2.665327e+02 4.457599e+07 5.822795e+06 
2.297347e+02 4.592651e+07 5.822795e+06 
2.937732e+02 4.367052e+07 5.822795e+06 
2.890125e+02 4.393447e+07 5.822795e+06 
2.262943e+02 4.641848e+07 5.822795e+06 
2.548110e+02 4.533003e+07 5.822795e+06 
2.134599e+02 4.742082e+07 5.822795e+06 
2.178975e+02 4.691743e+07 5.822795e+06 
2.898734e+02 4.385514e+07 5.822795e+06 
2.484385e+02 4.539957e+07 5.822795e+06 
2.562166e+02 4.511666e+07 5.822795e+06 
2.914370e+02 4.379489e+07 5.822795e+06 
2.550227e+02 4.519079e+07 5.822795e+06 
2.256156e+02 4.644819e+07 5.822795e+06 
2.163113e+02 4.700418e+07 5.822795e+06 
2.126915e+02 4.753340e+07 5.822795e+06 
2.179298e+02 4.679181e+07 5.822795e+06 
2.411001e+02 4.544976e+07 5.822795e+06 
2.593592e+02 4.496706e+07 5.822795e+06 
2.601912e+02 4.494530e+07 5.822795e+06 

2.568566e+02 4.492964e+07 5.822795e+06 
2.265059e+02 4.625561e+07 5.822795e+06 
2.111248e+02 4.810902e+07 5.822795e+06 
2.111248e+02 4.810902e+07 5.822795e+06 
2.111248e+02 4.810902e+07 5.822795e+06 
2.111248e+02 4.810902e+07 5.822795e+06 
2.111248e+02 4.810902e+07 5.822795e+06 
2.111248e+02 4.810902e+07 5.822795e+06 
2.111248e+02 4.810902e+07 5.822795e+06 
2.111248e+02 4.810902e+07 5.822795e+06 
2.111248e+02 4.810902e+07 5.822795e+06 
2.111248e+02 4.810902e+07 5.822795e+06 
2.111248e+02 4.810902e+07 5.822795e+06 
2.111248e+02 4.810902e+07 5.822795e+06 
2.111248e+02 4.810902e+07 5.822795e+06 
2.111248e+02 4.810902e+07 5.822795e+06 
2.111248e+02 4.810902e+07 5.822795e+06 
2.111248e+02 4.810902e+07 5.822795e+06 
2.111248e+02 4.810902e+07 5.822795e+06 
2.111248e+02 4.810902e+07 5.822795e+06 
2.111248e+02 4.810902e+07 5.822795e+06 
2.111248e+02 4.810902e+07 5.822795e+06 
2.111248e+02 4.810902e+07 5.822795e+06 
2.111248e+02 4.810902e+07 5.822795e+06 
2.111248e+02 4.810902e+07 5.822795e+06 
2.111248e+02 4.810902e+07 5.822795e+06 
2.111248e+02 4.810902e+07 5.822795e+06 
2.111248e+02 4.810902e+07 5.822795e+06 
2.111248e+02 4.810902e+07 5.822795e+06 
2.111248e+02 4.810902e+07 5.822795e+06 
2.111248e+02 4.810902e+07 5.822795e+06 
2.111248e+02 4.810902e+07 5.822795e+06 
2.111248e+02 4.810902e+07 5.822795e+06 
2.111248e+02 4.810902e+07 5.822795e+06 
2.111248e+02 4.810902e+07 5.822795e+06 
2.111248e+02 4.810902e+07 5.822795e+06 
2.111248e+02 4.810902e+07 5.822795e+06 
2.111248e+02 4.810902e+07 5.822795e+06 
2.111248e+02 4.810902e+07 5.822795e+06 
2.111248e+02 4.810902e+07 5.822795e+06 
2.111248e+02 4.810902e+07 5.822795e+06 
2.111248e+02 4.810902e+07 5.822795e+06 
2.111248e+02 4.810902e+07 5.822795e+06 
2.111248e+02 4.810902e+07 5.822795e+06 
2.111248e+02 4.810902e+07 5.822795e+06 
2.111248e+02 4.810902e+07 5.822795e+06 
2.111248e+02 4.810902e+07 5.822795e+06 
2.111248e+02 4.810902e+07 5.822795e+06 
2.111248e+02 4.810902e+07 5.822795e+06 
2.111248e+02 4.810902e+07 5.822795e+06 
2.111248e+02 4.810902e+07 5.822795e+06 
2.111248e+02 4.810902e+07 5.822795e+06 
2.111248e+02 4.810902e+07 5.822795e+06 
2.111248e+02 4.810902e+07 5.822795e+06 
2.111248e+02 4.810902e+07 5.822795e+06 
2.111248e+02 4.810902e+07 5.822795e+06 
2.111248e+02 4.810902e+07 5.822795e+06 
2.111248e+02 4.810902e+07 5.822795e+06 
2.111248e+02 4.810902e+07 5.822795e+06 
2.111248e+02 4.810902e+07 5.822795e+06 
2.111248e+02 4.810902e+07 5.822795e+06 
2.111248e+02 4.810902e+07 5.822795e+06 
2.111248e+02 4.810902e+07 5.822795e+06 
2.876055e+02 4.387131e+07 5.822795e+06 
2.726666e+02 4.450270e+07 5.822795e+06 
2.154936e+02 4.697836e+07 5.822795e+06 
2.281979e+02 4.615167e+07 5.822795e+06 
2.133460e+02 4.753366e+07 5.822795e+06 
2.476669e+02 4.530705e+07 5.822795e+06 
2.306422e+02 4.586947e+07 5.822795e+06 
2.404456e+02 4.544950e+07 5.822795e+06 
2.463910e+02 4.539824e+07 5.822795e+06 
2.150299e+02 4.739688e+07 5.822795e+06 
2.187062e+02 4.671207e+07 5.822795e+06 
2.133298e+02 4.759647e+07 5.822795e+06 
2.693443e+02 4.452422e+07 5.822795e+06 
2.920525e+02 4.374467e+07 5.822795e+06 
2.195401e+02 4.667509e+07 5.822795e+06 
2.205202e+02 4.639964e+07 5.822795e+06 
2.132975e+02 4.772209e+07 5.822795e+06 
2.289170e+02 4.590069e+07 5.822795e+06 
2.276181e+02 4.623521e+07 5.822795e+06 
2.134599e+02 4.742082e+07 5.822795e+06 
2.350660e+02 4.578222e+07 5.822795e+06 
2.203740e+02 4.663810e+07 5.822795e+06 
2.495875e+02 4.519477e+07 5.822795e+06 
2.861836e+02 4.414020e+07 5.822795e+06 
2.279127e+02 4.620610e+07 5.822795e+06 
2.611376e+02 4.487765e+07 5.822795e+06 
2.149160e+02 4.750972e+07 5.822795e+06 
2.544584e+02 4.503244e+07 5.822795e+06 
2.205525e+02 4.627402e+07 5.822795e+06 
2.393589e+02 4.573316e+07 5.822795e+06 
2.746426e+02 4.420070e+07 5.822795e+06 
2.150703e+02 4.730410e+07 5.822795e+06 
2.615622e+02 4.455982e+07 5.822795e+06 
2.365543e+02 4.574549e+07 5.822795e+06 
2.184865e+02 4.684210e+07 5.822795e+06 
2.569694e+02 4.488540e+07 5.822795e+06 
3.002998e+02 4.377129e+07 5.822795e+06 

2.339458e+02 4.553182e+07 5.822795e+06 
2.630664e+02 4.440627e+07 5.822795e+06 
2.654633e+02 4.429037e+07 5.822795e+06 
2.136554e+02 4.732076e+07 5.822795e+06 
2.917629e+02 4.339414e+07 5.822795e+06 
2.819807e+02 4.374929e+07 5.822795e+06 
2.169165e+02 4.686604e+07 5.822795e+06 
2.411365e+02 4.513445e+07 5.822795e+06 
3.016495e+02 4.371348e+07 5.822795e+06 
2.111248e+02 4.810902e+07 5.822795e+06 
2.111248e+02 4.810902e+07 5.822795e+06 
2.111248e+02 4.810902e+07 5.822795e+06 
2.111248e+02 4.810902e+07 5.822795e+06 
2.111248e+02 4.810902e+07 5.822795e+06 
2.111248e+02 4.810902e+07 5.822795e+06 
2.111248e+02 4.810902e+07 5.822795e+06 
2.111248e+02 4.810902e+07 5.822795e+06 
2.111248e+02 4.810902e+07 5.822795e+06 
2.111248e+02 4.810902e+07 5.822795e+06 
2.111248e+02 4.810902e+07 5.822795e+06 
2.111248e+02 4.810902e+07 5.822795e+06 
2.111248e+02 4.810902e+07 5.822795e+06 
2.111248e+02 4.810902e+07 5.822795e+06 
2.111248e+02 4.810902e+07 5.822795e+06 
2.111248e+02 4.810902e+07 5.822795e+06 
2.111248e+02 4.810902e+07 5.822795e+06 
2.111248e+02 4.810902e+07 5.822795e+06 
2.111248e+02 4.810902e+07 5.822795e+06 
2.111248e+02 4.810902e+07 5.822795e+06 
2.111248e+02 4.810902e+07 5.822795e+06 
2.111248e+02 4.810902e+07 5.822795e+06 
2.111248e+02 4.810902e+07 5.822795e+06 
2.111248e+02 4.810902e+07 5.822795e+06 
2.111248e+02 4.810902e+07 5.822795e+06 
2.111248e+02 4.810902e+07 5.822795e+06 
2.111248e+02 4.810902e+07 5.822795e+06 
2.111248e+02 4.810902e+07 5.822795e+06 
2.111248e+02 4.810902e+07 5.822795e+06 
2.111248e+02 4.810902e+07 5.822795e+06 
2.111248e+02 4.810902e+07 5.822795e+06 
2.111248e+02 4.810902e+07 5.822795e+06 
2.111248e+02 4.810902e+07 5.822795e+06 
2.111248e+02 4.810902e+07 5.822795e+06 
2.111248e+02 4.810902e+07 5.822795e+06 
2.111248e+02 4.810902e+07 5.822795e+06 
2.111248e+02 4.810902e+07 5.822795e+06 
2.111248e+02 4.810902e+07 5.822795e+06 
2.111248e+02 4.810902e+07 5.822795e+06 
2.111248e+02 4.810902e+07 5.822795e+06 
2.111248e+02 4.810902e+07 5.822795e+06 
2.111248e+02 4.810902e+07 5.822795e+06 
2.111248e+02 4.810902e+07 5.822795e+06 
2.111248e+02 4.810902e+07 5.822795e+06 
2.111248e+02 4.810902e+07 5.822795e+06 
2.111248e+02 4.810902e+07 5.822795e+06 
2.111248e+02 4.810902e+07 5.822795e+06 
2.111248e+02 4.810902e+07 5.822795e+06 
2.111248e+02 4.810902e+07 5.822795e+06 
2.111248e+02 4.810902e+07 5.822795e+06 
2.111248e+02 4.810902e+07 5.822795e+06 
2.111248e+02 4.810902e+07 5.822795e+06 
2.111248e+02 4.810902e+07 5.822795e+06 
2.436058e+02 4.513074e+07 5.822795e+06 
2.499915e+02 4.466637e+07 5.822795e+06 
2.538375e+02 4.465118e+07 5.822795e+06 
2.468458e+02 4.503571e+07 5.822795e+06 
2.638214e+02 4.438903e+07 5.822795e+06 
2.604667e+02 4.452233e+07 5.822795e+06 
2.403132e+02 4.525227e+07 5.822795e+06 
2.185269e+02 4.674932e+07 5.822795e+06 
2.203901e+02 4.657529e+07 5.822795e+06 
2.374017e+02 4.544680e+07 5.822795e+06 
2.453885e+02 4.512958e+07 5.822795e+06 
2.713691e+02 4.427841e+07 5.822795e+06 
2.461698e+02 4.506574e+07 5.822795e+06 
2.745102e+02 4.415245e+07 5.822795e+06 
2.784127e+02 4.396278e+07 5.822795e+06 
2.731881e+02 4.418292e+07 5.822795e+06 
2.167865e+02 4.704169e+07 5.822795e+06 
2.735606e+02 4.416990e+07 5.822795e+06 
2.494588e+02 4.468704e+07 5.822795e+06 
2.604048e+02 4.455673e+07 5.822795e+06 
2.224679e+02 4.652377e+07 5.822795e+06 
2.642416e+02 4.437161e+07 5.822795e+06 
2.491747e+02 4.502953e+07 5.822795e+06 
2.574167e+02 4.459205e+07 5.822795e+06 
2.392530e+02 4.544212e+07 5.822795e+06 
2.201130e+02 4.666257e+07 5.822795e+06 
2.152577e+02 4.717120e+07 5.822795e+06 
2.236835e+02 4.599495e+07 5.822795e+06 
2.161894e+02 4.708418e+07 5.822795e+06 
2.233095e+02 4.645909e+07 5.822795e+06 
2.224756e+02 4.649607e+07 5.822795e+06 
2.859683e+02 4.373239e+07 5.822795e+06 
2.397322e+02 4.527570e+07 5.822795e+06 
2.305747e+02 4.556729e+07 5.822795e+06 
2.790048e+02 4.389457e+07 5.822795e+06 
2.373603e+02 4.550092e+07 5.822795e+06 
2.882374e+02 4.355335e+07 5.822795e+06 
2.613768e+02 4.449322e+07 5.822795e+06 

2.940985e+02 4.359610e+07 5.822795e+06 
3.178916e+02 4.353428e+07 5.822795e+06 
2.675365e+02 4.415910e+07 5.822795e+06 
2.501278e+02 4.496662e+07 5.822795e+06 
2.589850e+02 4.463830e+07 5.822795e+06 
2.111248e+02 4.810902e+07 5.822795e+06 
2.111248e+02 4.810902e+07 5.822795e+06 
2.111248e+02 4.810902e+07 5.822795e+06 
2.111248e+02 4.810902e+07 5.822795e+06 
2.111248e+02 4.810902e+07 5.822795e+06 
2.111248e+02 4.810902e+07 5.822795e+06 
2.111248e+02 4.810902e+07 5.822795e+06 
2.111248e+02 4.810902e+07 5.822795e+06 
2.111248e+02 4.810902e+07 5.822795e+06 
2.111248e+02 4.810902e+07 5.822795e+06 
2.111248e+02 4.810902e+07 5.822795e+06 
2.111248e+02 4.810902e+07 5.822795e+06 
2.111248e+02 4.810902e+07 5.822795e+06 
2.111248e+02 4.810902e+07 5.822795e+06 
2.111248e+02 4.810902e+07 5.822795e+06 
2.111248e+02 4.810902e+07 5.822795e+06 
2.111248e+02 4.810902e+07 5.822795e+06 
2.111248e+02 4.810902e+07 5.822795e+06 
2.111248e+02 4.810902e+07 5.822795e+06 
2.111248e+02 4.810902e+07 5.822795e+06 
2.111248e+02 4.810902e+07 5.822795e+06 
2.111248e+02 4.810902e+07 5.822795e+06 
2.111248e+02 4.810902e+07 5.822795e+06 
2.111248e+02 4.810902e+07 5.822795e+06 
2.111248e+02 4.810902e+07 5.822795e+06 
2.111248e+02 4.810902e+07 5.822795e+06 
2.111248e+02 4.810902e+07 5.822795e+06 
2.111248e+02 4.810902e+07 5.822795e+06 
2.111248e+02 4.810902e+07 5.822795e+06 
2.111248e+02 4.810902e+07 5.822795e+06 
2.111248e+02 4.810902e+07 5.822795e+06 
2.111248e+02 4.810902e+07 5.822795e+06 
2.111248e+02 4.810902e+07 5.822795e+06 
2.111248e+02 4.810902e+07 5.822795e+06 
2.111248e+02 4.810902e+07 5.822795e+06 
2.111248e+02 4.810902e+07 5.822795e+06 
2.111248e+02 4.810902e+07 5.822795e+06 
2.111248e+02 4.810902e+07 5.822795e+06 
2.111248e+02 4.810902e+07 5.822795e+06 
2.111248e+02 4.810902e+07 5.822795e+06 
2.111248e+02 4.810902e+07 5.822795e+06 
2.111248e+02 4.810902e+07 5.822795e+06 
2.111248e+02 4.810902e+07 5.822795e+06 
2.111248e+02 4.810902e+07 5.822795e+06 
2.111248e+02 4.810902e+07 5.822795e+06 
2.111248e+02 4.810902e+07 5.822795e+06 
2.111248e+02 4.810902e+07 5.822795e+06 
2.111248e+02 4.810902e+07 5.822795e+06 
2.111248e+02 4.810902e+07 5.822795e+06 
2.111248e+02 4.810902e+07 5.822795e+06 
2.111248e+02 4.810902e+07 5.822795e+06 
2.111248e+02 4.810902e+07 5.822795e+06 
2.111248e+02 4.810902e+07 5.822795e+06 
2.111248e+02 4.810902e+07 5.822795e+06 
2.530089e+02 4.477560e+07 5.822795e+06 
2.720817e+02 4.409672e+07 5.822795e+06 
2.512020e+02 4.485203e+07 5.822795e+06 
2.361148e+02 4.613404e+07 5.822795e+06 
2.433398e+02 4.529642e+07 5.822795e+06 
2.342895e+02 4.586196e+07 5.822795e+06 
2.977351e+02 4.351695e+07 5.822795e+06 
2.824089e+02 4.406796e+07 5.822795e+06 
2.611945e+02 4.449113e+07 5.822795e+06 
3.060755e+02 4.371251e+07 5.822795e+06 
2.555537e+02 4.476321e+07 5.822795e+06 
2.128377e+02 4.729494e+07 5.822795e+06 
2.373066e+02 4.569573e+07 5.822795e+06 
2.864596e+02 4.383974e+07 5.822795e+06 
2.642903e+02 4.432600e+07 5.822795e+06 
2.209792e+02 4.649996e+07 5.822795e+06 
2.294907e+02 4.621500e+07 5.822795e+06 
2.563653e+02 4.475377e+07 5.822795e+06 
2.303246e+02 4.617801e+07 5.822795e+06 
2.310930e+02 4.606543e+07 5.822795e+06 
2.694571e+02 4.409352e+07 5.822795e+06 
2.860778e+02 4.405602e+07 5.822795e+06 
2.921280e+02 4.363217e+07 5.822795e+06 
2.418201e+02 4.552561e+07 5.822795e+06 
2.193114e+02 4.657393e+07 5.822795e+06 
2.130656e+02 4.706926e+07 5.822795e+06 
2.464805e+02 4.512551e+07 5.822795e+06 
2.633749e+02 4.442789e+07 5.822795e+06 
2.392315e+02 4.565242e+07 5.822795e+06 
2.334395e+02 4.596175e+07 5.822795e+06 
2.167865e+02 4.704169e+07 5.822795e+06 
2.598707e+02 4.457421e+07 5.822795e+06 
2.255743e+02 4.634262e+07 5.822795e+06 
2.265059e+02 4.625561e+07 5.822795e+06 
2.241595e+02 4.635929e+07 5.822795e+06 
2.147697e+02 4.774818e+07 5.822795e+06 
2.293849e+02 4.623219e+07 5.822795e+06 
2.609890e+02 4.444045e+07 5.822795e+06 
2.475186e+02 4.510372e+07 5.822795e+06 
2.169004e+02 4.692885e+07 5.822795e+06 
2.193042e+02 4.686792e+07 5.822795e+06 

2.414581e+02 4.561951e+07 5.822795e+06 
2.612416e+02 4.502983e+07 5.822795e+06 
2.613012e+02 4.487514e+07 5.822795e+06 
2.447887e+02 4.554781e+07 5.822795e+06 
2.111248e+02 4.810902e+07 5.822795e+06 
2.111248e+02 4.810902e+07 5.822795e+06 
2.111248e+02 4.810902e+07 5.822795e+06 
2.111248e+02 4.810902e+07 5.822795e+06 
2.111248e+02 4.810902e+07 5.822795e+06 
2.111248e+02 4.810902e+07 5.822795e+06 
2.111248e+02 4.810902e+07 5.822795e+06 
2.111248e+02 4.810902e+07 5.822795e+06 
2.111248e+02 4.810902e+07 5.822795e+06 
2.111248e+02 4.810902e+07 5.822795e+06 
2.111248e+02 4.810902e+07 5.822795e+06 
2.111248e+02 4.810902e+07 5.822795e+06 
2.111248e+02 4.810902e+07 5.822795e+06 
2.111248e+02 4.810902e+07 5.822795e+06 
2.111248e+02 4.810902e+07 5.822795e+06 
2.111248e+02 4.810902e+07 5.822795e+06 
2.111248e+02 4.810902e+07 5.822795e+06 
2.111248e+02 4.810902e+07 5.822795e+06 
2.111248e+02 4.810902e+07 5.822795e+06 
2.111248e+02 4.810902e+07 5.822795e+06 
2.111248e+02 4.810902e+07 5.822795e+06 
2.111248e+02 4.810902e+07 5.822795e+06 
2.111248e+02 4.810902e+07 5.822795e+06 
2.111248e+02 4.810902e+07 5.822795e+06 
2.111248e+02 4.810902e+07 5.822795e+06 
2.111248e+02 4.810902e+07 5.822795e+06 
2.111248e+02 4.810902e+07 5.822795e+06 
2.111248e+02 4.810902e+07 5.822795e+06 
2.111248e+02 4.810902e+07 5.822795e+06 
2.111248e+02 4.810902e+07 5.822795e+06 
2.111248e+02 4.810902e+07 5.822795e+06 
2.111248e+02 4.810902e+07 5.822795e+06 
2.111248e+02 4.810902e+07 5.822795e+06 
2.111248e+02 4.810902e+07 5.822795e+06 
2.111248e+02 4.810902e+07 5.822795e+06 
2.111248e+02 4.810902e+07 5.822795e+06 
2.111248e+02 4.810902e+07 5.822795e+06 
2.111248e+02 4.810902e+07 5.822795e+06 
2.111248e+02 4.810902e+07 5.822795e+06 
2.111248e+02 4.810902e+07 5.822795e+06 
2.111248e+02 4.810902e+07 5.822795e+06 
2.111248e+02 4.810902e+07 5.822795e+06 
2.111248e+02 4.810902e+07 5.822795e+06 
2.111248e+02 4.810902e+07 5.822795e+06 
2.111248e+02 4.810902e+07 5.822795e+06 
2.111248e+02 4.810902e+07 5.822795e+06 
2.111248e+02 4.810902e+07 5.822795e+06 
2.111248e+02 4.810902e+07 5.822795e+06 
2.111248e+02 4.810902e+07 5.822795e+06 
2.111248e+02 4.810902e+07 5.822795e+06 
2.111248e+02 4.810902e+07 5.822795e+06 
2.111248e+02 4.810902e+07 5.822795e+06 
2.111248e+02 4.810902e+07 5.822795e+06 
2.111248e+02 4.810902e+07 5.822795e+06 
2.111248e+02 4.810902e+07 5.822795e+06 
2.111248e+02 4.810902e+07 5.822795e+06 
2.111248e+02 4.810902e+07 5.822795e+06 
2.111248e+02 4.810902e+07 5.822795e+06 
2.111248e+02 4.810902e+07 5.822795e+06 
2.111248e+02 4.810902e+07 5.822795e+06 
2.584848e+02 4.508528e+07 5.822795e+06 
2.248140e+02 4.635955e+07 5.822795e+06 
2.785927e+02 4.425489e+07 5.822795e+06 
2.161974e+02 4.711702e+07 5.822795e+06 
2.756506e+02 4.442602e+07 5.822795e+06 
2.150945e+02 4.714564e+07 5.822795e+06 
2.167865e+02 4.704169e+07 5.822795e+06 
2.183726e+02 4.695494e+07 5.822795e+06 
2.335534e+02 4.584891e+07 5.822795e+06 
2.403568e+02 4.573071e+07 5.822795e+06 
2.202269e+02 4.654973e+07 5.822795e+06 
2.257295e+02 4.633535e+07 5.822795e+06 
2.500060e+02 4.551635e+07 5.822795e+06 
2.234072e+02 4.640906e+07 5.822795e+06 
2.908526e+02 4.407315e+07 5.822795e+06 
2.140005e+02 4.753392e+07 5.822795e+06 
3.085703e+02 4.397994e+07 5.822795e+06 
2.502339e+02 4.529068e+07 5.822795e+06 
2.327195e+02 4.588590e+07 5.822795e+06 
2.542091e+02 4.514262e+07 5.822795e+06 
2.134599e+02 4.742082e+07 5.822795e+06 
2.294147e+02 4.609009e+07 5.822795e+06 
2.799420e+02 4.416208e+07 5.822795e+06 
2.427194e+02 4.556421e+07 5.822795e+06 
2.944734e+02 4.375730e+07 5.822795e+06 
2.326217e+02 4.593593e+07 5.822795e+06 
2.258515e+02 4.625535e+07 5.822795e+06 
2.187960e+02 4.662920e+07 5.822795e+06 
2.372904e+02 4.575854e+07 5.822795e+06 
2.186085e+02 4.676210e+07 5.822795e+06 
2.760074e+02 4.438711e+07 5.822795e+06 
2.622129e+02 4.471300e+07 5.822795e+06 
2.850097e+02 4.413195e+07 5.822795e+06 
2.477493e+02 4.553717e+07 5.822795e+06 
2.294091e+02 4.620222e+07 5.822795e+06 
2.650909e+02 4.448587e+07 5.822795e+06 

3.237855e+02 4.317087e+07 5.822795e+06 
2.146881e+02 4.773539e+07 5.822795e+06 
2.734234e+02 4.405314e+07 5.822795e+06 
2.199668e+02 4.690103e+07 5.822795e+06 
3.180314e+02 4.335285e+07 5.822795e+06 
2.199991e+02 4.677541e+07 5.822795e+06 
2.238339e+02 4.663500e+07 5.822795e+06 
2.730121e+02 4.420587e+07 5.822795e+06 
2.111248e+02 4.810902e+07 5.822795e+06 
2.111248e+02 4.810902e+07 5.822795e+06 
2.111248e+02 4.810902e+07 5.822795e+06 
2.111248e+02 4.810902e+07 5.822795e+06 
2.111248e+02 4.810902e+07 5.822795e+06 
2.111248e+02 4.810902e+07 5.822795e+06 
2.111248e+02 4.810902e+07 5.822795e+06 
2.111248e+02 4.810902e+07 5.822795e+06 
2.111248e+02 4.810902e+07 5.822795e+06 
2.111248e+02 4.810902e+07 5.822795e+06 
2.111248e+02 4.810902e+07 5.822795e+06 
2.111248e+02 4.810902e+07 5.822795e+06 
2.111248e+02 4.810902e+07 5.822795e+06 
2.111248e+02 4.810902e+07 5.822795e+06 
2.111248e+02 4.810902e+07 5.822795e+06 
2.111248e+02 4.810902e+07 5.822795e+06 
2.111248e+02 4.810902e+07 5.822795e+06 
2.111248e+02 4.810902e+07 5.822795e+06 
2.111248e+02 4.810902e+07 5.822795e+06 
2.111248e+02 4.810902e+07 5.822795e+06 
2.111248e+02 4.810902e+07 5.822795e+06 
2.111248e+02 4.810902e+07 5.822795e+06 
2.111248e+02 4.810902e+07 5.822795e+06 
2.111248e+02 4.810902e+07 5.822795e+06 
2.111248e+02 4.810902e+07 5.822795e+06 
2.111248e+02 4.810902e+07 5.822795e+06 
2.111248e+02 4.810902e+07 5.822795e+06 
2.111248e+02 4.810902e+07 5.822795e+06 
2.111248e+02 4.810902e+07 5.822795e+06 
2.111248e+02 4.810902e+07 5.822795e+06 
2.111248e+02 4.810902e+07 5.822795e+06 
2.111248e+02 4.810902e+07 5.822795e+06 
2.111248e+02 4.810902e+07 5.822795e+06 
2.111248e+02 4.810902e+07 5.822795e+06 
2.111248e+02 4.810902e+07 5.822795e+06 
3.167303e+02 4.348200e+07 5.822795e+06 
2.492961e+02 4.490372e+07 5.822795e+06 
2.609374e+02 4.473198e+07 5.822795e+06 
2.320861e+02 4.619097e+07 5.822795e+06 
2.511958e+02 4.541943e+07 5.822795e+06 
2.230000e+02 4.667198e+07 5.822795e+06 
2.148505e+02 4.743413e+07 5.822795e+06 
2.166564e+02 4.721734e+07 5.822795e+06 
2.164608e+02 4.731740e+07 5.822795e+06 
2.844250e+02 4.393352e+07 5.822795e+06 
3.131984e+02 4.340437e+07 5.822795e+06 
2.323939e+02 4.616161e+07 5.822795e+06 
3.087906e+02 4.353453e+07 5.822795e+06 
2.325894e+02 4.606155e+07 5.822795e+06 
2.736426e+02 4.402741e+07 5.822795e+06 
2.435533e+02 4.552723e+07 5.822795e+06 
2.758232e+02 4.393904e+07 5.822795e+06 
2.190925e+02 4.703079e+07 5.822795e+06 
2.197464e+02 4.692846e+07 5.822795e+06 
3.236395e+02 4.334358e+07 5.822795e+06 
2.324675e+02 4.614155e+07 5.822795e+06 
2.271281e+02 4.638149e+07 5.822795e+06 
2.356371e+02 4.570065e+07 5.822795e+06 
2.431670e+02 4.556975e+07 5.822795e+06 
2.600966e+02 4.455152e+07 5.822795e+06 
2.293205e+02 4.624536e+07 5.822795e+06 
2.174248e+02 4.710477e+07 5.822795e+06 
2.252591e+02 4.647394e+07 5.822795e+06 
2.582548e+02 4.480450e+07 5.822795e+06 
2.187387e+02 4.703824e+07 5.822795e+06 
2.670114e+02 4.450965e+07 5.822795e+06 
3.269403e+02 4.316193e+07 5.822795e+06 
2.864205e+02 4.358656e+07 5.822795e+06 
2.311461e+02 4.620884e+07 5.822795e+06 
2.442320e+02 4.549752e+07 5.822795e+06 
2.357536e+02 4.598369e+07 5.822795e+06 
2.689184e+02 4.431359e+07 5.822795e+06 
2.280436e+02 4.635728e+07 5.822795e+06 
3.182716e+02 4.333899e+07 5.822795e+06 
2.756694e+02 4.397099e+07 5.822795e+06 
2.283797e+02 4.633926e+07 5.822795e+06 
2.710840e+02 4.446149e+07 5.822795e+06 
2.196654e+02 4.701827e+07 5.822795e+06 
2.215691e+02 4.675146e+07 5.822795e+06 
3.035989e+02 4.355298e+07 5.822795e+06 
2.289691e+02 4.627427e+07 5.822795e+06 
2.824469e+02 4.398060e+07 5.822795e+06 
2.143592e+02 4.745943e+07 5.822795e+06 
2.934648e+02 4.373718e+07 5.822795e+06 
2.324917e+02 4.611158e+07 5.822795e+06 
2.231713e+02 4.660190e+07 5.822795e+06 
2.355742e+02 4.602094e+07 5.822795e+06 
2.347323e+02 4.602509e+07 5.822795e+06 
2.137190e+02 4.804366e+07 5.822795e+06 
2.449415e+02 4.536880e+07 5.822795e+06 
2.491208e+02 4.527409e+07 5.822795e+06 
2.224202e+02 4.672690e+07 5.822795e+06 

2.686352e+02 4.447030e+07 5.822795e+06 
2.645226e+02 4.457223e+07 5.822795e+06 
2.158880e+02 4.732992e+07 5.822795e+06 
2.285187e+02 4.639479e+07 5.822795e+06 
3.069503e+02 4.360997e+07 5.822795e+06 
2.170636e+02 4.695442e+07 5.822795e+06 
3.106981e+02 4.343927e+07 5.822795e+06 
3.028544e+02 4.384249e+07 5.822795e+06 
3.034004e+02 4.383573e+07 5.822795e+06 
2.111248e+02 4.810902e+07 5.822795e+06 
2.111248e+02 4.810902e+07 5.822795e+06 
2.111248e+02 4.810902e+07 5.822795e+06 
2.111248e+02 4.810902e+07 5.822795e+06 
2.111248e+02 4.810902e+07 5.822795e+06 
2.111248e+02 4.810902e+07 5.822795e+06 
2.111248e+02 4.810902e+07 5.822795e+06 
2.111248e+02 4.810902e+07 5.822795e+06 
2.111248e+02 4.810902e+07 5.822795e+06 
2.111248e+02 4.810902e+07 5.822795e+06 
2.111248e+02 4.810902e+07 5.822795e+06 
2.111248e+02 4.810902e+07 5.822795e+06 
2.111248e+02 4.810902e+07 5.822795e+06 
2.111248e+02 4.810902e+07 5.822795e+06 
2.111248e+02 4.810902e+07 5.822795e+06 
2.111248e+02 4.810902e+07 5.822795e+06 
2.111248e+02 4.810902e+07 5.822795e+06 
2.111248e+02 4.810902e+07 5.822795e+06 
2.111248e+02 4.810902e+07 5.822795e+06 
2.111248e+02 4.810902e+07 5.822795e+06 
2.111248e+02 4.810902e+07 5.822795e+06 
2.111248e+02 4.810902e+07 5.822795e+06 
2.111248e+02 4.810902e+07 5.822795e+06 
2.111248e+02 4.810902e+07 5.822795e+06 
2.111248e+02 4.810902e+07 5.822795e+06 
2.111248e+02 4.810902e+07 5.822795e+06 
2.111248e+02 4.810902e+07 5.822795e+06 
2.111248e+02 4.810902e+07 5.822795e+06 
2.111248e+02 4.810902e+07 5.822795e+06 
2.111248e+02 4.810902e+07 5.822795e+06 
2.111248e+02 4.810902e+07 5.822795e+06 
2.111248e+02 4.810902e+07 5.822795e+06 
2.111248e+02 4.810902e+07 5.822795e+06 
2.111248e+02 4.810902e+07 5.822795e+06 
2.111248e+02 4.810902e+07 5.822795e+06 
2.111248e+02 4.810902e+07 5.822795e+06 
2.111248e+02 4.810902e+07 5.822795e+06 
2.111248e+02 4.810902e+07 5.822795e+06 
2.111248e+02 4.810902e+07 5.822795e+06 
2.111248e+02 4.810902e+07 5.822795e+06 
2.111248e+02 4.810902e+07 5.822795e+06 
2.704655e+02 4.434729e+07 5.822795e+06 
2.250163e+02 4.645738e+07 5.822795e+06 
2.853575e+02 4.422940e+07 5.822795e+06 
2.678826e+02 4.454345e+07 5.822795e+06 
2.294070e+02 4.622567e+07 5.822795e+06 
2.574072e+02 4.500817e+07 5.822795e+06 
2.715208e+02 4.425771e+07 5.822795e+06 
2.167703e+02 4.710450e+07 5.822795e+06 
3.019822e+02 4.389481e+07 5.822795e+06 
2.168842e+02 4.699166e+07 5.822795e+06 
2.159041e+02 4.726711e+07 5.822795e+06 
3.013052e+02 4.390895e+07 5.822795e+06 
2.301452e+02 4.621526e+07 5.822795e+06 
2.575165e+02 4.490528e+07 5.822795e+06 
2.221500e+02 4.677178e+07 5.822795e+06 
2.135868e+02 4.802328e+07 5.822795e+06 
2.364404e+02 4.585833e+07 5.822795e+06 
2.608048e+02 4.465934e+07 5.822795e+06 
2.944320e+02 4.397421e+07 5.822795e+06 
2.581037e+02 4.486385e+07 5.822795e+06 
2.224756e+02 4.649607e+07 5.822795e+06 
2.306462e+02 4.599340e+07 5.822795e+06 
2.570298e+02 4.512309e+07 5.822795e+06 
2.905301e+02 4.403772e+07 5.822795e+06 
2.780337e+02 4.423959e+07 5.822795e+06 
2.395370e+02 4.574882e+07 5.822795e+06 
2.242271e+02 4.648285e+07 5.822795e+06 
3.034244e+02 4.365879e+07 5.822795e+06 
2.160180e+02 4.715427e+07 5.822795e+06 
2.505272e+02 4.514059e+07 5.822795e+06 
2.142938e+02 4.738383e+07 5.822795e+06 
2.334556e+02 4.589894e+07 5.822795e+06 
3.146470e+02 4.331954e+07 5.822795e+06 
2.222559e+02 4.662610e+07 5.822795e+06 
2.178482e+02 4.677903e+07 5.822795e+06 
2.255339e+02 4.643541e+07 5.822795e+06 
2.494413e+02 4.543322e+07 5.822795e+06 
3.195605e+02 4.321185e+07 5.822795e+06 
2.286569e+02 4.625198e+07 5.822795e+06 
2.971428e+02 4.395243e+07 5.822795e+06 
2.193446e+02 4.677514e+07 5.822795e+06 
2.411656e+02 4.552535e+07 5.822795e+06 
3.186291e+02 4.332420e+07 5.822795e+06 
3.094831e+02 4.357022e+07 5.822795e+06 
2.378471e+02 4.580883e+07 5.822795e+06 
2.142776e+02 4.744664e+07 5.822795e+06 
2.898832e+02 4.421147e+07 5.822795e+06 
2.427517e+02 4.543859e+07 5.822795e+06 
2.276849e+02 4.643178e+07 5.822795e+06 
2.666496e+02 4.456317e+07 5.822795e+06 

2.171121e+02 4.676599e+07 5.822795e+06 
2.678894e+02 4.456887e+07 5.822795e+06 
2.734738e+02 4.424498e+07 5.822795e+06 
2.305363e+02 4.601514e+07 5.822795e+06 
2.111248e+02 4.810902e+07 5.822795e+06 
2.111248e+02 4.810902e+07 5.822795e+06 
2.111248e+02 4.810902e+07 5.822795e+06 
2.111248e+02 4.810902e+07 5.822795e+06 
2.111248e+02 4.810902e+07 5.822795e+06 
2.111248e+02 4.810902e+07 5.822795e+06 
2.111248e+02 4.810902e+07 5.822795e+06 
2.111248e+02 4.810902e+07 5.822795e+06 
2.111248e+02 4.810902e+07 5.822795e+06 
2.111248e+02 4.810902e+07 5.822795e+06 
2.111248e+02 4.810902e+07 5.822795e+06 
2.111248e+02 4.810902e+07 5.822795e+06 
2.111248e+02 4.810902e+07 5.822795e+06 
2.111248e+02 4.810902e+07 5.822795e+06 
2.111248e+02 4.810902e+07 5.822795e+06 
2.111248e+02 4.810902e+07 5.822795e+06 
2.111248e+02 4.810902e+07 5.822795e+06 
2.111248e+02 4.810902e+07 5.822795e+06 
2.111248e+02 4.810902e+07 5.822795e+06 
2.111248e+02 4.810902e+07 5.822795e+06 
2.111248e+02 4.810902e+07 5.822795e+06 
2.111248e+02 4.810902e+07 5.822795e+06 
2.111248e+02 4.810902e+07 5.822795e+06 
2.111248e+02 4.810902e+07 5.822795e+06 
2.111248e+02 4.810902e+07 5.822795e+06 
2.111248e+02 4.810902e+07 5.822795e+06 
2.111248e+02 4.810902e+07 5.822795e+06 
2.111248e+02 4.810902e+07 5.822795e+06 
2.111248e+02 4.810902e+07 5.822795e+06 
2.111248e+02 4.810902e+07 5.822795e+06 
2.111248e+02 4.810902e+07 5.822795e+06 
2.111248e+02 4.810902e+07 5.822795e+06 
2.111248e+02 4.810902e+07 5.822795e+06 
2.111248e+02 4.810902e+07 5.822795e+06 
2.111248e+02 4.810902e+07 5.822795e+06 
2.111248e+02 4.810902e+07 5.822795e+06 
2.111248e+02 4.810902e+07 5.822795e+06 
2.111248e+02 4.810902e+07 5.822795e+06 
2.111248e+02 4.810902e+07 5.822795e+06 
2.111248e+02 4.810902e+07 5.822795e+06 
2.111248e+02 4.810902e+07 5.822795e+06 
2.111248e+02 4.810902e+07 5.822795e+06 
2.111248e+02 4.810902e+07 5.822795e+06 
2.111248e+02 4.810902e+07 5.822795e+06 
2.111248e+02 4.810902e+07 5.822795e+06 
2.111248e+02 4.810902e+07 5.822795e+06 
2.111248e+02 4.810902e+07 5.822795e+06 
2.111248e+02 4.810902e+07 5.822795e+06 
2.111248e+02 4.810902e+07 5.822795e+06 
2.111248e+02 4.810902e+07 5.822795e+06 
2.111248e+02 4.810902e+07 5.822795e+06 
2.111248e+02 4.810902e+07 5.822795e+06 
2.111248e+02 4.810902e+07 5.822795e+06 
2.111248e+02 4.810902e+07 5.822795e+06 
2.111248e+02 4.810902e+07 5.822795e+06 
2.678604e+02 4.464577e+07 5.822795e+06 
2.334556e+02 4.589894e+07 5.822795e+06 
2.258853e+02 4.626193e+07 5.822795e+06 
2.615872e+02 4.468607e+07 5.822795e+06 
2.381293e+02 4.564144e+07 5.822795e+06 
2.166725e+02 4.715453e+07 5.822795e+06 
2.364404e+02 4.585833e+07 5.822795e+06 
2.908901e+02 4.400502e+07 5.822795e+06 
2.287466e+02 4.616912e+07 5.822795e+06 
2.528361e+02 4.498623e+07 5.822795e+06 
2.556695e+02 4.490323e+07 5.822795e+06 
2.420972e+02 4.543833e+07 5.822795e+06 
2.133621e+02 4.747085e+07 5.822795e+06 
2.356065e+02 4.589532e+07 5.822795e+06 
2.483235e+02 4.505612e+07 5.822795e+06 
2.867477e+02 4.416285e+07 5.822795e+06 
2.135415e+02 4.743360e+07 5.822795e+06 
2.255743e+02 4.634262e+07 5.822795e+06 
2.446733e+02 4.527334e+07 5.822795e+06 
2.158225e+02 4.725433e+07 5.822795e+06 
2.882854e+02 4.410894e+07 5.822795e+06 
2.481928e+02 4.521618e+07 5.822795e+06 
2.311253e+02 4.593981e+07 5.822795e+06 
2.677722e+02 4.467429e+07 5.822795e+06 
2.254765e+02 4.639265e+07 5.822795e+06 
2.569602e+02 4.471133e+07 5.822795e+06 
2.774965e+02 4.420827e+07 5.822795e+06 
2.908473e+02 4.407682e+07 5.822795e+06 
2.734705e+02 4.444834e+07 5.822795e+06 
2.397346e+02 4.560482e+07 5.822795e+06 
2.170143e+02 4.681602e+07 5.822795e+06 
2.224756e+02 4.649607e+07 5.822795e+06 
2.686488e+02 4.452647e+07 5.822795e+06 
2.233095e+02 4.645909e+07 5.822795e+06 
2.166887e+02 4.709172e+07 5.822795e+06 
2.539812e+02 4.491320e+07 5.822795e+06 
2.403479e+02 4.549952e+07 5.822795e+06 
2.143261e+02 4.725821e+07 5.822795e+06 
2.189753e+02 4.659196e+07 5.822795e+06 
2.926423e+02 4.371793e+07 5.822795e+06 
2.376510e+02 4.577710e+07 5.822795e+06 

