3.014957e+02 5.698751e+07 5.232670e+06 
2.795212e+02 5.489080e+07 6.462470e+06 
3.163142e+02 5.312105e+07 6.269560e+06 
3.114159e+02 5.634417e+07 5.329125e+06 
3.619596e+02 5.358199e+07 5.618490e+06 
2.588730e+02 5.707606e+07 6.197218e+06 
3.264236e+02 5.352298e+07 5.690831e+06 
3.028110e+02 5.352152e+07 6.269560e+06 
2.749669e+02 5.491192e+07 6.583038e+06 
2.926409e+02 5.437383e+07 6.100764e+06 
3.278513e+02 5.470363e+07 5.618490e+06 
2.964996e+02 5.403331e+07 6.269560e+06 
2.869587e+02 5.453039e+07 6.269560e+06 
2.316213e+02 5.671238e+07 6.679492e+06 
3.177514e+02 5.619800e+07 5.232670e+06 
2.528948e+02 5.611545e+07 6.486583e+06 
3.057179e+02 5.336494e+07 6.390128e+06 
2.088588e+02 5.816221e+07 6.679492e+06 
3.171796e+02 5.667167e+07 5.039761e+06 
2.662468e+02 5.549540e+07 6.679492e+06 
3.252383e+02 5.599074e+07 5.232670e+06 
3.189334e+02 5.593231e+07 5.329125e+06 
3.040998e+02 5.588707e+07 5.714944e+06 
3.060286e+02 5.448811e+07 6.004309e+06 
3.398581e+02 5.309471e+07 6.004309e+06 
3.394855e+02 5.575799e+07 5.136216e+06 
2.918235e+02 5.511917e+07 6.004309e+06 
3.224926e+02 5.438380e+07 5.811399e+06 
3.253017e+02 5.695281e+07 4.846851e+06 
2.461421e+02 5.647119e+07 6.679492e+06 
2.332245e+02 5.745605e+07 6.486583e+06 
2.697322e+02 5.594880e+07 6.197218e+06 
2.750781e+02 5.507442e+07 6.390128e+06 
2.267444e+02 5.794084e+07 6.583038e+06 
3.364876e+02 5.559692e+07 5.425580e+06 
2.556973e+02 5.741268e+07 6.293673e+06 
2.726608e+02 5.515610e+07 6.486583e+06 
2.676343e+02 5.661628e+07 6.100764e+06 
3.347387e+02 5.701373e+07 4.750396e+06 
3.409733e+02 5.659264e+07 4.846851e+06 
2.218476e+02 5.701356e+07 6.679492e+06 
2.385729e+02 5.651315e+07 6.679492e+06 
3.345875e+02 5.640209e+07 4.943306e+06 
2.963871e+02 5.647917e+07 5.714944e+06 
2.117415e+02 5.770778e+07 6.679492e+06 
2.263631e+02 5.691389e+07 6.679492e+06 
3.059260e+02 5.324521e+07 6.390128e+06 
2.709458e+02 5.526117e+07 6.679492e+06 
3.494011e+02 5.522380e+07 5.522035e+06 
2.603971e+02 5.584037e+07 6.486583e+06 
2.742943e+02 5.709349e+07 5.811399e+06 
2.995547e+02 5.390657e+07 6.462470e+06 
3.349208e+02 5.423160e+07 5.618490e+06 
3.269503e+02 5.566008e+07 5.425580e+06 
2.953373e+02 5.728917e+07 5.522035e+06 
3.154587e+02 5.390743e+07 6.076650e+06 
2.519293e+02 5.590341e+07 6.679492e+06 
3.176762e+02 5.442457e+07 6.004309e+06 
2.862622e+02 5.477270e+07 6.269560e+06 
3.113821e+02 5.691901e+07 5.039761e+06 
2.499656e+02 5.636323e+07 6.679492e+06 
2.834990e+02 5.717995e+07 5.618490e+06 
2.097646e+02 5.779941e+07 6.679492e+06 
2.413681e+02 5.668526e+07 6.486583e+06 
3.488683e+02 5.572339e+07 4.822738e+06 
2.138688e+02 5.731203e+07 6.679492e+06 
2.622510e+02 5.802129e+07 6.004309e+06 
3.431946e+02 5.304448e+07 5.811399e+06 
2.783328e+02 5.621454e+07 6.004309e+06 
3.018439e+02 5.371221e+07 6.269560e+06 
3.383935e+02 5.683960e+07 4.846851e+06 
3.052037e+02 5.521566e+07 5.811399e+06 
2.511215e+02 5.621861e+07 6.679492e+06 
2.950042e+02 5.420279e+07 6.390128e+06 
2.445912e+02 5.746821e+07 6.390128e+06 
2.203386e+02 5.703544e+07 6.679492e+06 
2.122239e+02 5.767071e+07 6.679492e+06 
2.124356e+02 5.750784e+07 6.679492e+06 
3.527792e+02 5.555375e+07 5.039761e+06 
2.922115e+02 5.613749e+07 5.811399e+06 
2.670980e+02 5.572765e+07 6.390128e+06 
2.963216e+02 5.536380e+07 5.907854e+06 
2.717958e+02 5.516108e+07 6.583038e+06 
3.465038e+02 5.329930e+07 5.594376e+06 
2.568957e+02 5.566565e+07 6.679492e+06 
2.902960e+02 5.452798e+07 6.269560e+06 
2.925273e+02 5.450116e+07 6.390128e+06 
2.143666e+02 5.707365e+07 6.679492e+06 
2.750426e+02 5.565712e+07 6.100764e+06 
3.123042e+02 5.318997e+07 6.390128e+06 
3.223944e+02 5.338956e+07 6.197218e+06 
2.999360e+02 5.419573e+07 6.076650e+06 
3.121601e+02 5.454963e+07 5.907854e+06 
2.864546e+02 5.462189e+07 6.269560e+06 
2.931748e+02 5.430808e+07 6.390128e+06 
3.098155e+02 5.509440e+07 5.618490e+06 
3.237108e+02 5.629281e+07 5.039761e+06 
2.347155e+02 5.660687e+07 6.679492e+06 
2.570135e+02 5.635493e+07 6.293673e+06 
3.096934e+02 5.673836e+07 5.232670e+06 

2.852128e+02 5.523597e+07 5.980196e+06 
2.786810e+02 5.451414e+07 6.293673e+06 
2.262838e+02 5.742985e+07 6.583038e+06 
2.468017e+02 5.695864e+07 6.390128e+06 
2.923689e+02 5.658065e+07 5.618490e+06 
2.623932e+02 5.535151e+07 6.679492e+06 
2.154526e+02 5.734161e+07 6.679492e+06 
2.433571e+02 5.745689e+07 6.293673e+06 
2.938238e+02 5.417515e+07 6.390128e+06 
2.488080e+02 5.707533e+07 6.293673e+06 
2.844060e+02 5.467943e+07 6.100764e+06 
3.330430e+02 5.435610e+07 6.197218e+06 
3.255452e+02 5.844972e+07 4.919193e+06 
2.403693e+02 5.653384e+07 6.679492e+06 
2.642753e+02 5.508792e+07 6.558924e+06 
3.410273e+02 5.831267e+07 4.340464e+06 
2.729013e+02 5.497498e+07 6.558924e+06 
2.870414e+02 5.448738e+07 6.173105e+06 
2.088588e+02 5.816221e+07 6.679492e+06 
3.499741e+02 5.577366e+07 4.943306e+06 
2.628524e+02 5.663713e+07 6.197218e+06 
2.789191e+02 5.609443e+07 5.980196e+06 
2.543107e+02 5.721651e+07 6.100764e+06 
3.157981e+02 5.366589e+07 6.486583e+06 
2.685076e+02 5.489496e+07 6.583038e+06 
2.688900e+02 5.528208e+07 6.100764e+06 
2.765892e+02 5.500673e+07 6.197218e+06 
3.473258e+02 5.654491e+07 5.039761e+06 
3.058695e+02 5.707063e+07 5.329125e+06 
2.935973e+02 5.427304e+07 6.583038e+06 
2.451805e+02 5.747792e+07 6.197218e+06 
2.932711e+02 5.428761e+07 6.583038e+06 
3.027490e+02 5.643602e+07 5.522035e+06 
2.627578e+02 5.511122e+07 6.462470e+06 
3.609052e+02 5.710195e+07 4.846851e+06 
2.371876e+02 5.700457e+07 6.486583e+06 
3.293228e+02 5.892951e+07 4.629828e+06 
2.715527e+02 5.695167e+07 5.907854e+06 
2.946490e+02 5.628836e+07 5.907854e+06 
2.194850e+02 5.718005e+07 6.679492e+06 
2.885167e+02 5.666063e+07 5.811399e+06 
2.564894e+02 5.565300e+07 6.679492e+06 
2.550343e+02 5.578849e+07 6.462470e+06 
2.273512e+02 5.678515e+07 6.679492e+06 
3.151999e+02 5.851103e+07 5.039761e+06 
2.768763e+02 5.457121e+07 6.462470e+06 
2.740204e+02 5.728765e+07 5.811399e+06 
3.127814e+02 5.354041e+07 6.583038e+06 
3.213196e+02 5.312683e+07 6.486583e+06 
3.375076e+02 5.899302e+07 4.436919e+06 
3.060716e+02 5.776837e+07 5.136216e+06 
3.331628e+02 5.818750e+07 4.629828e+06 
2.791366e+02 5.444403e+07 6.462470e+06 
3.250635e+02 5.568742e+07 5.425580e+06 
3.264537e+02 5.534788e+07 5.907854e+06 
2.836470e+02 5.440563e+07 6.462470e+06 
3.232402e+02 5.930679e+07 4.919193e+06 
3.439921e+02 5.779554e+07 4.533374e+06 
2.962229e+02 5.491145e+07 6.076650e+06 
3.223395e+02 5.342590e+07 6.390128e+06 
2.167881e+02 5.719583e+07 6.679492e+06 
2.672244e+02 5.578108e+07 6.100764e+06 
3.660918e+02 5.720799e+07 4.653942e+06 
2.731819e+02 5.484161e+07 6.583038e+06 
3.801927e+02 5.550402e+07 4.943306e+06 
2.586685e+02 5.783803e+07 5.907854e+06 
2.533706e+02 5.582375e+07 6.558924e+06 
3.176976e+02 5.347724e+07 6.462470e+06 
3.797198e+02 5.538210e+07 5.136216e+06 
2.861982e+02 5.731194e+07 5.714944e+06 
3.359276e+02 5.765560e+07 4.846851e+06 
2.220549e+02 5.714267e+07 6.679492e+06 
2.148132e+02 5.736636e+07 6.679492e+06 
2.395310e+02 5.661903e+07 6.679492e+06 
3.284850e+02 5.867431e+07 4.726283e+06 
2.777542e+02 5.452348e+07 6.462470e+06 
3.140998e+02 5.718421e+07 5.136216e+06 
3.288152e+02 5.703622e+07 4.943306e+06 
2.338117e+02 5.664006e+07 6.679492e+06 
3.128333e+02 5.589171e+07 5.232670e+06 
3.634839e+02 5.528439e+07 5.329125e+06 
3.677095e+02 5.595871e+07 4.846851e+06 
2.480713e+02 5.840757e+07 6.004309e+06 
3.077413e+02 5.589781e+07 5.714944e+06 
3.198616e+02 5.891692e+07 5.015648e+06 
2.128815e+02 5.766205e+07 6.679492e+06 
2.979986e+02 5.721693e+07 5.425580e+06 
2.428067e+02 5.608375e+07 6.679492e+06 
2.480980e+02 5.584973e+07 6.583038e+06 
2.772326e+02 5.454864e+07 6.583038e+06 
3.695434e+02 5.563811e+07 4.943306e+06 
2.569016e+02 5.546861e+07 6.583038e+06 
2.764280e+02 5.483486e+07 6.583038e+06 
3.333525e+02 5.822950e+07 4.533374e+06 
3.251686e+02 5.936551e+07 4.822738e+06 
2.838840e+02 5.779254e+07 5.714944e+06 
2.620749e+02 5.540152e+07 6.583038e+06 
3.041952e+02 5.357318e+07 6.293673e+06 
2.614669e+02 5.600463e+07 6.293673e+06 
2.902275e+02 5.791517e+07 5.522035e+06 

2.557957e+02 5.636269e+07 6.293673e+06 
2.311981e+02 5.681950e+07 6.679492e+06 
3.569577e+02 5.440185e+07 5.907854e+06 
2.796099e+02 5.538039e+07 6.197218e+06 
2.717568e+02 5.496943e+07 6.486583e+06 
3.086791e+02 5.588698e+07 5.618490e+06 
3.207362e+02 5.381984e+07 6.486583e+06 
3.574137e+02 5.479516e+07 5.811399e+06 
3.244477e+02 5.540351e+07 5.618490e+06 
2.374269e+02 5.684183e+07 6.486583e+06 
2.869089e+02 5.705266e+07 5.425580e+06 
2.763794e+02 5.433692e+07 6.583038e+06 
2.815230e+02 5.620564e+07 5.714944e+06 
3.791525e+02 5.550113e+07 5.232670e+06 
2.806895e+02 5.417478e+07 6.679492e+06 
3.028355e+02 5.451849e+07 6.293673e+06 
2.985560e+02 5.634634e+07 5.232670e+06 
2.611353e+02 5.501542e+07 6.679492e+06 
2.811057e+02 5.388208e+07 6.679492e+06 
2.939708e+02 5.691904e+07 5.329125e+06 
2.674080e+02 5.662961e+07 6.004309e+06 
2.088588e+02 5.816221e+07 6.679492e+06 
3.035777e+02 5.763087e+07 5.039761e+06 
2.992239e+02 5.743861e+07 5.136216e+06 
2.683070e+02 5.694094e+07 5.907854e+06 
2.850315e+02 5.573229e+07 6.100764e+06 
2.788182e+02 5.514607e+07 6.293673e+06 
3.044435e+02 5.615286e+07 5.425580e+06 
3.792372e+02 5.521910e+07 5.425580e+06 
3.266754e+02 5.498670e+07 5.811399e+06 
3.496421e+02 5.596917e+07 5.425580e+06 
2.436033e+02 5.652854e+07 6.390128e+06 
2.476582e+02 5.654166e+07 6.293673e+06 
2.807221e+02 5.736735e+07 5.425580e+06 
3.044620e+02 5.629810e+07 5.329125e+06 
2.777200e+02 5.589635e+07 6.100764e+06 
2.396070e+02 5.698737e+07 6.390128e+06 
2.582349e+02 5.566729e+07 6.486583e+06 
2.201298e+02 5.769914e+07 6.583038e+06 
2.993340e+02 5.601317e+07 5.811399e+06 
3.106912e+02 5.726656e+07 5.039761e+06 
2.435598e+02 5.635535e+07 6.486583e+06 
2.710647e+02 5.731193e+07 5.714944e+06 
2.296975e+02 5.687019e+07 6.679492e+06 
2.748977e+02 5.643309e+07 5.714944e+06 
3.507899e+02 5.421423e+07 6.004309e+06 
2.228467e+02 5.689271e+07 6.679492e+06 
2.680221e+02 5.601097e+07 6.197218e+06 
2.802824e+02 5.715534e+07 5.522035e+06 
2.363389e+02 5.657019e+07 6.679492e+06 
2.941118e+02 5.754470e+07 5.232670e+06 
2.391306e+02 5.768065e+07 6.293673e+06 
2.632306e+02 5.451471e+07 6.679492e+06 
3.160951e+02 5.547374e+07 5.907854e+06 
3.506713e+02 5.504695e+07 5.618490e+06 
2.362902e+02 5.668958e+07 6.679492e+06 
2.599256e+02 5.641184e+07 6.197218e+06 
2.925993e+02 5.430249e+07 6.390128e+06 
2.705327e+02 5.611221e+07 6.004309e+06 
2.830416e+02 5.411707e+07 6.583038e+06 
2.161164e+02 5.734620e+07 6.679492e+06 
2.131555e+02 5.758369e+07 6.679492e+06 
2.512167e+02 5.600484e+07 6.486583e+06 
3.179666e+02 5.713568e+07 5.039761e+06 
2.782270e+02 5.691351e+07 5.618490e+06 
2.335590e+02 5.749336e+07 6.390128e+06 
2.459106e+02 5.768401e+07 6.197218e+06 
2.535529e+02 5.662311e+07 6.197218e+06 
2.868220e+02 5.634663e+07 5.522035e+06 
3.449831e+02 5.443323e+07 6.004309e+06 
3.587355e+02 5.492685e+07 5.618490e+06 
2.613962e+02 5.551391e+07 6.293673e+06 
2.306808e+02 5.682488e+07 6.679492e+06 
3.087897e+02 5.456272e+07 6.173105e+06 
2.148132e+02 5.736636e+07 6.679492e+06 
2.165002e+02 5.722066e+07 6.679492e+06 
3.090996e+02 5.469024e+07 5.980196e+06 
3.169856e+02 5.576643e+07 5.714944e+06 
2.124258e+02 5.811341e+07 6.679492e+06 
2.292433e+02 5.707948e+07 6.486583e+06 
2.795845e+02 5.605458e+07 5.907854e+06 
3.588296e+02 5.347006e+07 6.004309e+06 
2.668997e+02 5.535758e+07 6.486583e+06 
2.326777e+02 5.671998e+07 6.679492e+06 
2.853956e+02 5.512240e+07 6.197218e+06 
2.829101e+02 5.779335e+07 5.329125e+06 
2.496969e+02 5.591367e+07 6.679492e+06 
2.590818e+02 5.517027e+07 6.679492e+06 
2.947977e+02 5.783614e+07 5.039761e+06 
3.615142e+02 5.529728e+07 5.425580e+06 
2.588681e+02 5.749374e+07 6.004309e+06 
2.443110e+02 5.607521e+07 6.679492e+06 
2.505426e+02 5.538587e+07 6.679492e+06 
2.938117e+02 5.464779e+07 6.293673e+06 
2.372469e+02 5.611209e+07 6.679492e+06 
3.256636e+02 5.464191e+07 5.980196e+06 
2.205345e+02 5.710978e+07 6.679492e+06 
3.687820e+02 5.460836e+07 5.811399e+06 
2.135404e+02 5.737033e+07 6.679492e+06 
2.910845e+02 5.483928e+07 6.197218e+06 

2.507353e+02 5.668485e+07 6.197218e+06 
2.448380e+02 5.616079e+07 6.583038e+06 
2.871857e+02 5.440337e+07 6.293673e+06 
2.893060e+02 5.499209e+07 6.100764e+06 
2.402489e+02 5.644855e+07 6.583038e+06 
2.162272e+02 5.724228e+07 6.679492e+06 
2.475093e+02 5.738398e+07 6.004309e+06 
2.688902e+02 5.484375e+07 6.583038e+06 
2.462962e+02 5.775669e+07 6.197218e+06 
2.555561e+02 5.579053e+07 6.390128e+06 
2.686916e+02 5.574155e+07 5.907854e+06 
2.828728e+02 5.580310e+07 5.811399e+06 
2.750693e+02 5.566844e+07 6.100764e+06 
2.841880e+02 5.699829e+07 5.522035e+06 
2.291799e+02 5.680886e+07 6.486583e+06 
3.077658e+02 5.502839e+07 5.811399e+06 
2.713127e+02 5.479533e+07 6.679492e+06 
2.822291e+02 5.489008e+07 6.197218e+06 
2.661001e+02 5.693298e+07 5.907854e+06 
2.955598e+02 5.617853e+07 5.522035e+06 
2.412507e+02 5.686820e+07 6.293673e+06 
2.643803e+02 5.530704e+07 6.390128e+06 
2.985632e+02 5.401915e+07 6.583038e+06 
2.717320e+02 5.525849e+07 6.293673e+06 
2.602300e+02 5.528399e+07 6.679492e+06 
2.088588e+02 5.816221e+07 6.679492e+06 
3.383200e+02 5.491274e+07 5.811399e+06 
2.773683e+02 5.818831e+07 5.522035e+06 
2.774332e+02 5.693380e+07 5.714944e+06 
2.890543e+02 5.673917e+07 5.522035e+06 
2.823158e+02 5.543956e+07 6.004309e+06 
3.004351e+02 5.842306e+07 5.329125e+06 
2.808383e+02 5.650285e+07 5.811399e+06 
2.688102e+02 5.552651e+07 6.197218e+06 
2.550596e+02 5.631315e+07 6.293673e+06 
2.661285e+02 5.576732e+07 6.197218e+06 
3.027142e+02 5.380144e+07 6.486583e+06 
2.599085e+02 5.629547e+07 6.197218e+06 
2.738659e+02 5.473305e+07 6.583038e+06 
2.802146e+02 5.509231e+07 6.197218e+06 
2.809638e+02 5.677291e+07 5.714944e+06 
3.390215e+02 5.522809e+07 5.714944e+06 
2.366005e+02 5.703785e+07 6.390128e+06 
2.639126e+02 5.637580e+07 6.004309e+06 
3.070639e+02 5.470381e+07 6.004309e+06 
2.741497e+02 5.446720e+07 6.486583e+06 
2.345422e+02 5.747910e+07 6.293673e+06 
2.831056e+02 5.427031e+07 6.486583e+06 
2.909674e+02 5.436595e+07 6.197218e+06 
3.048157e+02 5.555081e+07 5.811399e+06 
2.477302e+02 5.631567e+07 6.390128e+06 
2.724281e+02 5.700686e+07 5.811399e+06 
2.136894e+02 5.734928e+07 6.679492e+06 
2.145082e+02 5.728728e+07 6.679492e+06 
2.907665e+02 5.411493e+07 6.293673e+06 
2.558511e+02 5.784885e+07 5.907854e+06 
2.273440e+02 5.686985e+07 6.679492e+06 
2.211428e+02 5.696272e+07 6.679492e+06 
3.111998e+02 5.562286e+07 5.618490e+06 
2.774181e+02 5.774097e+07 5.522035e+06 
3.324670e+02 5.433175e+07 6.004309e+06 
2.896424e+02 5.426970e+07 6.293673e+06 
2.998806e+02 5.467012e+07 6.100764e+06 
2.586182e+02 5.765185e+07 5.907854e+06 
2.445578e+02 5.642938e+07 6.293673e+06 
2.337462e+02 5.650585e+07 6.679492e+06 
2.719079e+02 5.503102e+07 6.390128e+06 
2.175274e+02 5.719995e+07 6.679492e+06 
2.113772e+02 5.756635e+07 6.679492e+06 
2.755690e+02 5.743581e+07 5.714944e+06 
2.429533e+02 5.645425e+07 6.486583e+06 
3.132962e+02 5.778927e+07 5.329125e+06 
3.030529e+02 5.604242e+07 5.714944e+06 
2.944802e+02 5.775849e+07 5.425580e+06 
2.377183e+02 5.672311e+07 6.486583e+06 
2.644037e+02 5.508563e+07 6.583038e+06 
2.622575e+02 5.501836e+07 6.679492e+06 
2.937541e+02 5.503398e+07 6.004309e+06 
2.476843e+02 5.569333e+07 6.583038e+06 
2.537170e+02 5.555022e+07 6.583038e+06 
2.519833e+02 5.602910e+07 6.486583e+06 
2.290988e+02 5.663901e+07 6.679492e+06 
2.119573e+02 5.747925e+07 6.679492e+06 
3.094374e+02 5.828019e+07 5.329125e+06 
2.626641e+02 5.725592e+07 5.811399e+06 
2.602495e+02 5.694472e+07 6.004309e+06 
2.679534e+02 5.494956e+07 6.486583e+06 
2.789215e+02 5.485597e+07 6.390128e+06 
2.616895e+02 5.551276e+07 6.390128e+06 
2.181236e+02 5.705004e+07 6.679492e+06 
2.465523e+02 5.747092e+07 6.004309e+06 
2.469695e+02 5.589420e+07 6.679492e+06 
2.343451e+02 5.622577e+07 6.679492e+06 
2.731755e+02 5.804027e+07 5.714944e+06 
2.802787e+02 5.751204e+07 5.522035e+06 
3.336556e+02 5.496122e+07 5.811399e+06 
2.542419e+02 5.707908e+07 6.004309e+06 
2.882327e+02 5.636580e+07 5.714944e+06 
3.123654e+02 5.411884e+07 6.197218e+06 
2.560301e+02 5.564474e+07 6.486583e+06 

3.043840e+02 5.490591e+07 5.811399e+06 
2.371078e+02 5.646913e+07 6.679492e+06 
2.219292e+02 5.702634e+07 6.679492e+06 
3.586146e+02 5.418918e+07 5.208557e+06 
2.679835e+02 5.605162e+07 6.100764e+06 
3.200542e+02 5.363517e+07 6.004309e+06 
2.423982e+02 5.632343e+07 6.486583e+06 
2.506375e+02 5.635505e+07 6.293673e+06 
3.085351e+02 5.685040e+07 5.305012e+06 
3.514971e+02 5.554859e+07 4.702170e+06 
3.293201e+02 5.484447e+07 5.208557e+06 
2.673908e+02 5.497087e+07 6.486583e+06 
3.768340e+02 5.470348e+07 4.629828e+06 
3.538019e+02 5.661205e+07 4.509260e+06 
3.113158e+02 5.541740e+07 5.305012e+06 
3.431762e+02 5.512538e+07 5.015648e+06 
2.979263e+02 5.472444e+07 6.100764e+06 
3.673457e+02 5.563020e+07 4.316351e+06 
3.685414e+02 5.344196e+07 5.690831e+06 
2.999887e+02 5.455354e+07 6.390128e+06 
2.648479e+02 5.753451e+07 5.907854e+06 
2.744106e+02 5.571159e+07 6.004309e+06 
3.036832e+02 5.591154e+07 5.425580e+06 
3.136841e+02 5.615649e+07 5.112102e+06 
3.073292e+02 5.438100e+07 6.100764e+06 
3.381064e+02 5.656037e+07 4.653942e+06 
3.703295e+02 5.445388e+07 5.015648e+06 
3.553880e+02 5.519610e+07 4.822738e+06 
2.088588e+02 5.816221e+07 6.679492e+06 
3.556598e+02 5.401557e+07 5.690831e+06 
3.082985e+02 5.504318e+07 5.618490e+06 
3.661208e+02 5.357799e+07 5.594376e+06 
2.565886e+02 5.587928e+07 6.293673e+06 
2.755062e+02 5.702518e+07 5.811399e+06 
2.908269e+02 5.518179e+07 6.004309e+06 
3.719527e+02 5.502646e+07 4.509260e+06 
2.656193e+02 5.668153e+07 6.004309e+06 
2.840530e+02 5.499358e+07 6.293673e+06 
3.046290e+02 5.625198e+07 5.329125e+06 
2.839489e+02 5.572552e+07 5.714944e+06 
3.667232e+02 5.352637e+07 5.401467e+06 
3.871137e+02 5.413286e+07 4.919193e+06 
3.685820e+02 5.352971e+07 5.305012e+06 
3.173991e+02 5.686647e+07 5.039761e+06 
2.922390e+02 5.656654e+07 5.522035e+06 
2.591561e+02 5.548995e+07 6.486583e+06 
2.297978e+02 5.788876e+07 6.486583e+06 
3.651603e+02 5.485340e+07 4.822738e+06 
2.654605e+02 5.522098e+07 6.293673e+06 
2.253086e+02 5.699382e+07 6.679492e+06 
2.958432e+02 5.547261e+07 5.618490e+06 
3.128728e+02 5.580539e+07 5.136216e+06 
2.308439e+02 5.813038e+07 6.390128e+06 
2.190068e+02 5.715146e+07 6.679492e+06 
2.965101e+02 5.519059e+07 5.714944e+06 
2.943993e+02 5.487166e+07 6.486583e+06 
2.210288e+02 5.707556e+07 6.679492e+06 
3.089914e+02 5.668487e+07 5.232670e+06 
2.287840e+02 5.693711e+07 6.679492e+06 
3.122453e+02 5.431687e+07 6.100764e+06 
2.814611e+02 5.700748e+07 5.714944e+06 
3.597661e+02 5.611488e+07 4.509260e+06 
2.909469e+02 5.489150e+07 6.390128e+06 
2.481484e+02 5.550867e+07 6.679492e+06 
2.318967e+02 5.672980e+07 6.679492e+06 
2.564011e+02 5.677908e+07 6.100764e+06 
2.986446e+02 5.460658e+07 6.486583e+06 
3.374733e+02 5.443902e+07 5.329125e+06 
2.271261e+02 5.693865e+07 6.679492e+06 
2.409311e+02 5.814367e+07 6.100764e+06 
3.390727e+02 5.459149e+07 5.136216e+06 
3.089799e+02 5.433770e+07 6.100764e+06 
3.344710e+02 5.595920e+07 4.846851e+06 
2.405878e+02 5.798091e+07 6.293673e+06 
3.748230e+02 5.358002e+07 5.112102e+06 
2.215088e+02 5.702882e+07 6.679492e+06 
2.976604e+02 5.477358e+07 6.100764e+06 
2.614877e+02 5.717853e+07 6.004309e+06 
3.405160e+02 5.604934e+07 4.750396e+06 
2.130911e+02 5.742028e+07 6.679492e+06 
3.788629e+02 5.543252e+07 4.436919e+06 
3.091310e+02 5.704820e+07 5.208557e+06 
2.192313e+02 5.712994e+07 6.679492e+06 
2.118523e+02 5.760386e+07 6.679492e+06 
3.262121e+02 5.481329e+07 5.305012e+06 
3.597257e+02 5.398047e+07 5.401467e+06 
3.188886e+02 5.596763e+07 4.919193e+06 
2.319622e+02 5.650535e+07 6.679492e+06 
3.170805e+02 5.463801e+07 5.811399e+06 
2.472847e+02 5.753507e+07 6.100764e+06 
2.161326e+02 5.728339e+07 6.679492e+06 
3.281074e+02 5.682036e+07 4.726283e+06 
3.002867e+02 5.626748e+07 5.497922e+06 
2.798407e+02 5.535917e+07 6.100764e+06 
2.361764e+02 5.702401e+07 6.486583e+06 
2.468056e+02 5.587432e+07 6.486583e+06 
2.420979e+02 5.716011e+07 6.293673e+06 
2.213560e+02 5.745884e+07 6.583038e+06 
2.149110e+02 5.731633e+07 6.679492e+06 
2.864756e+02 5.695753e+07 5.618490e+06 

2.804361e+02 5.708370e+07 5.714944e+06 
3.263760e+02 5.386765e+07 6.100764e+06 
2.680021e+02 5.486822e+07 6.679492e+06 
2.398882e+02 5.606893e+07 6.679492e+06 
2.659781e+02 5.569867e+07 6.390128e+06 
2.187974e+02 5.697858e+07 6.679492e+06 
2.322388e+02 5.660352e+07 6.583038e+06 
2.448445e+02 5.790320e+07 6.100764e+06 
2.549852e+02 5.538548e+07 6.679492e+06 
3.221417e+02 5.554681e+07 5.232670e+06 
3.016557e+02 5.374274e+07 6.293673e+06 
3.262165e+02 5.444896e+07 5.811399e+06 
2.379574e+02 5.616008e+07 6.679492e+06 
2.534244e+02 5.821193e+07 5.907854e+06 
2.980045e+02 5.357545e+07 6.390128e+06 
2.888940e+02 5.639221e+07 5.714944e+06 
2.242523e+02 5.746446e+07 6.583038e+06 
2.834195e+02 5.576993e+07 6.004309e+06 
2.604464e+02 5.583832e+07 6.486583e+06 
2.703972e+02 5.546041e+07 6.293673e+06 
3.126620e+02 5.545306e+07 5.497922e+06 
3.305208e+02 5.723831e+07 5.039761e+06 
2.988537e+02 5.527198e+07 5.907854e+06 
2.088588e+02 5.816221e+07 6.679492e+06 
3.218598e+02 5.368258e+07 6.293673e+06 
2.830911e+02 5.459164e+07 6.293673e+06 
2.697168e+02 5.764303e+07 5.714944e+06 
3.166933e+02 5.537192e+07 5.305012e+06 
2.530535e+02 5.551472e+07 6.679492e+06 
2.777995e+02 5.628906e+07 5.907854e+06 
3.010747e+02 5.534619e+07 5.714944e+06 
2.405957e+02 5.732891e+07 6.197218e+06 
3.278462e+02 5.643046e+07 5.136216e+06 
2.457184e+02 5.564135e+07 6.679492e+06 
2.620654e+02 5.679558e+07 6.100764e+06 
2.646871e+02 5.710804e+07 6.004309e+06 
3.079319e+02 5.497234e+07 5.714944e+06 
2.512790e+02 5.770747e+07 6.004309e+06 
2.578292e+02 5.520969e+07 6.679492e+06 
3.220172e+02 5.646580e+07 5.232670e+06 
2.463306e+02 5.651944e+07 6.390128e+06 
2.336162e+02 5.789431e+07 6.486583e+06 
2.382024e+02 5.746409e+07 6.390128e+06 
2.350463e+02 5.657634e+07 6.679492e+06 
2.822799e+02 5.409570e+07 6.679492e+06 
2.772897e+02 5.551942e+07 6.197218e+06 
2.442478e+02 5.596165e+07 6.679492e+06 
2.313019e+02 5.659608e+07 6.679492e+06 
2.468893e+02 5.682558e+07 6.293673e+06 
2.156320e+02 5.730436e+07 6.679492e+06 
3.395412e+02 5.372729e+07 6.100764e+06 
3.169224e+02 5.443826e+07 5.907854e+06 
2.297200e+02 5.683335e+07 6.679492e+06 
2.964646e+02 5.606341e+07 5.714944e+06 
2.359909e+02 5.652110e+07 6.583038e+06 
3.158889e+02 5.696941e+07 5.329125e+06 
3.116682e+02 5.489294e+07 5.714944e+06 
3.118482e+02 5.661939e+07 5.425580e+06 
3.112800e+02 5.328200e+07 6.486583e+06 
2.924649e+02 5.427569e+07 6.293673e+06 
2.472327e+02 5.755639e+07 6.100764e+06 
2.872740e+02 5.575827e+07 5.907854e+06 
3.007018e+02 5.611274e+07 5.522035e+06 
2.950212e+02 5.477026e+07 6.004309e+06 
2.548996e+02 5.651794e+07 6.293673e+06 
2.485859e+02 5.585618e+07 6.583038e+06 
2.786930e+02 5.473524e+07 6.486583e+06 
2.567149e+02 5.621942e+07 6.390128e+06 
2.578823e+02 5.558931e+07 6.583038e+06 
2.790534e+02 5.453841e+07 6.679492e+06 
2.606431e+02 5.811497e+07 5.714944e+06 
3.065746e+02 5.597654e+07 5.497922e+06 
2.116479e+02 5.769215e+07 6.679492e+06 
3.259747e+02 5.475437e+07 5.305012e+06 
2.686082e+02 5.657005e+07 5.907854e+06 
2.119694e+02 5.748210e+07 6.679492e+06 
2.927278e+02 5.391763e+07 6.486583e+06 
2.165991e+02 5.708281e+07 6.679492e+06 
2.771914e+02 5.471122e+07 6.679492e+06 
2.115137e+02 5.793346e+07 6.679492e+06 
3.330619e+02 5.412504e+07 5.618490e+06 
2.663654e+02 5.507102e+07 6.679492e+06 
2.615824e+02 5.778969e+07 5.714944e+06 
2.862212e+02 5.527786e+07 6.100764e+06 
2.902267e+02 5.687569e+07 5.522035e+06 
2.702297e+02 5.472806e+07 6.679492e+06 
2.357452e+02 5.824888e+07 6.390128e+06 
2.503580e+02 5.635228e+07 6.486583e+06 
2.674199e+02 5.613400e+07 6.100764e+06 
3.384986e+02 5.403689e+07 5.907854e+06 
3.244946e+02 5.730366e+07 5.136216e+06 
3.113338e+02 5.353295e+07 6.390128e+06 
3.345543e+02 5.722508e+07 5.039761e+06 
2.236311e+02 5.687742e+07 6.679492e+06 
3.453987e+02 5.397318e+07 6.004309e+06 
2.779300e+02 5.469569e+07 6.679492e+06 
2.753143e+02 5.502979e+07 6.293673e+06 
2.132071e+02 5.738635e+07 6.679492e+06 
2.829863e+02 5.429475e+07 6.486583e+06 
2.365365e+02 5.634996e+07 6.679492e+06 

2.325875e+02 5.699576e+07 6.583038e+06 
2.123216e+02 5.762068e+07 6.679492e+06 
3.508830e+02 5.796658e+07 4.750396e+06 
2.835299e+02 5.662810e+07 5.811399e+06 
3.420921e+02 5.417626e+07 6.004309e+06 
2.855253e+02 5.443894e+07 6.583038e+06 
2.758774e+02 5.464199e+07 6.679492e+06 
2.717120e+02 5.482490e+07 6.583038e+06 
2.871437e+02 5.417819e+07 6.583038e+06 
2.739267e+02 5.480893e+07 6.583038e+06 
2.879859e+02 5.486066e+07 6.293673e+06 
3.083667e+02 5.429232e+07 6.197218e+06 
2.724119e+02 5.556029e+07 6.293673e+06 
2.969493e+02 5.349401e+07 6.583038e+06 
3.143188e+02 5.845961e+07 5.136216e+06 
3.562826e+02 5.481463e+07 5.329125e+06 
3.127996e+02 5.542069e+07 5.618490e+06 
3.239184e+02 5.484681e+07 5.522035e+06 
2.088588e+02 5.816221e+07 6.679492e+06 
3.434270e+02 5.446653e+07 5.522035e+06 
2.804307e+02 5.783245e+07 5.714944e+06 
2.838423e+02 5.566439e+07 6.100764e+06 
2.985607e+02 5.641352e+07 5.425580e+06 
2.949652e+02 5.595874e+07 5.811399e+06 
3.407130e+02 5.750765e+07 5.039761e+06 
3.049516e+02 5.513000e+07 5.811399e+06 
2.490618e+02 5.631692e+07 6.390128e+06 
2.394216e+02 5.622608e+07 6.583038e+06 
3.106412e+02 5.742922e+07 5.232670e+06 
2.879367e+02 5.750166e+07 5.522035e+06 
2.697748e+02 5.497135e+07 6.583038e+06 
2.929587e+02 5.392970e+07 6.583038e+06 
3.194081e+02 5.446003e+07 5.811399e+06 
2.345438e+02 5.652095e+07 6.679492e+06 
2.916980e+02 5.433085e+07 6.486583e+06 
2.563113e+02 5.563112e+07 6.583038e+06 
2.389677e+02 5.728250e+07 6.390128e+06 
2.765880e+02 5.475667e+07 6.486583e+06 
2.329392e+02 5.724570e+07 6.486583e+06 
2.630263e+02 5.666634e+07 6.197218e+06 
2.935211e+02 5.508280e+07 6.100764e+06 
2.534804e+02 5.578411e+07 6.583038e+06 
2.604772e+02 5.520769e+07 6.679492e+06 
3.372087e+02 5.807018e+07 4.943306e+06 
3.282410e+02 5.530519e+07 5.329125e+06 
2.559546e+02 5.599036e+07 6.390128e+06 
3.175196e+02 5.400152e+07 6.390128e+06 
2.527134e+02 5.707958e+07 6.293673e+06 
2.265191e+02 5.705357e+07 6.679492e+06 
2.952904e+02 5.657424e+07 5.522035e+06 
3.129628e+02 5.336676e+07 6.583038e+06 
3.612549e+02 5.691460e+07 5.136216e+06 
3.360781e+02 5.478797e+07 5.425580e+06 
2.493542e+02 5.614656e+07 6.679492e+06 
2.168536e+02 5.727142e+07 6.679492e+06 
2.385096e+02 5.636267e+07 6.679492e+06 
2.666648e+02 5.667297e+07 6.100764e+06 
2.188756e+02 5.722660e+07 6.679492e+06 
2.845183e+02 5.458898e+07 6.679492e+06 
3.388700e+02 5.535229e+07 5.232670e+06 
3.511457e+02 5.736937e+07 4.943306e+06 
3.485299e+02 5.783651e+07 4.846851e+06 
3.022857e+02 5.476414e+07 5.907854e+06 
2.133210e+02 5.727351e+07 6.679492e+06 
2.733067e+02 5.643525e+07 6.004309e+06 
3.278275e+02 5.551038e+07 5.329125e+06 
2.886444e+02 5.576427e+07 5.907854e+06 
2.204529e+02 5.709700e+07 6.679492e+06 
2.436829e+02 5.763667e+07 6.293673e+06 
3.274425e+02 5.444997e+07 5.811399e+06 
3.495020e+02 5.722013e+07 5.039761e+06 
2.520725e+02 5.610490e+07 6.679492e+06 
2.575017e+02 5.545388e+07 6.679492e+06 
2.768083e+02 5.461638e+07 6.583038e+06 
3.180331e+02 5.813640e+07 5.136216e+06 
2.744603e+02 5.669344e+07 5.907854e+06 
2.922698e+02 5.410543e+07 6.583038e+06 
2.650198e+02 5.500345e+07 6.583038e+06 
2.340524e+02 5.698091e+07 6.679492e+06 
2.522785e+02 5.594760e+07 6.679492e+06 
2.298396e+02 5.701483e+07 6.679492e+06 
2.643695e+02 5.507381e+07 6.583038e+06 
2.261162e+02 5.803615e+07 6.486583e+06 
3.076875e+02 5.573786e+07 5.425580e+06 
3.076846e+02 5.808208e+07 5.232670e+06 
3.274966e+02 5.458518e+07 5.714944e+06 
2.121261e+02 5.772074e+07 6.679492e+06 
2.683000e+02 5.761428e+07 6.004309e+06 
3.388582e+02 5.497565e+07 5.329125e+06 
2.773668e+02 5.522717e+07 6.293673e+06 
3.338200e+02 5.839413e+07 4.943306e+06 
2.287291e+02 5.709570e+07 6.583038e+06 
2.362097e+02 5.826313e+07 6.390128e+06 
2.876866e+02 5.680970e+07 5.714944e+06 
2.888798e+02 5.415075e+07 6.583038e+06 
2.856306e+02 5.440841e+07 6.583038e+06 
2.957593e+02 5.423094e+07 6.390128e+06 
3.333499e+02 5.868142e+07 5.039761e+06 
2.619962e+02 5.768092e+07 6.100764e+06 
3.522264e+02 5.521767e+07 5.232670e+06 

2.418039e+02 5.663501e+07 6.390128e+06 
3.104551e+02 5.583270e+07 5.232670e+06 
2.333917e+02 5.702843e+07 6.390128e+06 
2.809527e+02 5.547078e+07 6.100764e+06 
2.723030e+02 5.493103e+07 6.583038e+06 
3.077643e+02 5.386625e+07 6.293673e+06 
2.700255e+02 5.757963e+07 5.714944e+06 
2.842753e+02 5.515787e+07 6.197218e+06 
2.427744e+02 5.643411e+07 6.679492e+06 
2.608075e+02 5.776688e+07 5.811399e+06 
2.259796e+02 5.680641e+07 6.583038e+06 
2.670622e+02 5.544086e+07 6.486583e+06 
2.937155e+02 5.704627e+07 5.232670e+06 
3.143879e+02 5.333318e+07 6.293673e+06 
2.867326e+02 5.771836e+07 5.329125e+06 
3.233918e+02 5.380154e+07 6.100764e+06 
3.120639e+02 5.689461e+07 5.039761e+06 
3.195803e+02 5.758211e+07 4.846851e+06 
2.932512e+02 5.639580e+07 5.329125e+06 
3.230520e+02 5.492509e+07 5.232670e+06 
2.628770e+02 5.580411e+07 6.100764e+06 
2.886787e+02 5.439314e+07 6.197218e+06 
2.727080e+02 5.682392e+07 5.811399e+06 
2.088588e+02 5.816221e+07 6.679492e+06 
3.072971e+02 5.394000e+07 6.486583e+06 
2.996069e+02 5.596722e+07 5.136216e+06 
2.439250e+02 5.634913e+07 6.679492e+06 
3.069279e+02 5.526374e+07 5.425580e+06 
2.996179e+02 5.539481e+07 5.714944e+06 
2.542583e+02 5.629329e+07 6.390128e+06 
2.786201e+02 5.485652e+07 6.486583e+06 
2.746088e+02 5.554293e+07 6.293673e+06 
3.154962e+02 5.821065e+07 4.846851e+06 
2.390534e+02 5.807789e+07 6.197218e+06 
2.584454e+02 5.642489e+07 6.197218e+06 
3.042700e+02 5.394334e+07 6.293673e+06 
3.035146e+02 5.778774e+07 4.943306e+06 
3.285870e+02 5.742429e+07 4.461032e+06 
2.613135e+02 5.571605e+07 6.583038e+06 
2.691121e+02 5.664880e+07 5.907854e+06 
2.141826e+02 5.756298e+07 6.679492e+06 
2.274904e+02 5.647294e+07 6.679492e+06 
3.289357e+02 5.489094e+07 5.232670e+06 
2.879759e+02 5.673937e+07 5.329125e+06 
3.038067e+02 5.476077e+07 5.883741e+06 
3.119183e+02 5.720276e+07 4.943306e+06 
2.253001e+02 5.682416e+07 6.679492e+06 
2.200975e+02 5.696733e+07 6.679492e+06 
2.939084e+02 5.574505e+07 5.714944e+06 
3.110496e+02 5.341160e+07 6.486583e+06 
2.126732e+02 5.762076e+07 6.679492e+06 
3.093006e+02 5.369108e+07 6.486583e+06 
3.253880e+02 5.761213e+07 4.750396e+06 
2.505637e+02 5.785866e+07 6.004309e+06 
2.169514e+02 5.722139e+07 6.679492e+06 
3.132712e+02 5.394807e+07 6.197218e+06 
3.030392e+02 5.561177e+07 5.522035e+06 
2.648875e+02 5.624578e+07 6.004309e+06 
2.983695e+02 5.483219e+07 5.980196e+06 
3.145041e+02 5.444451e+07 6.100764e+06 
2.327161e+02 5.763777e+07 6.390128e+06 
3.197671e+02 5.533965e+07 5.232670e+06 
2.729151e+02 5.731229e+07 5.618490e+06 
3.278830e+02 5.719614e+07 4.653942e+06 
2.150508e+02 5.747928e+07 6.679492e+06 
2.974731e+02 5.410430e+07 6.366015e+06 
3.215861e+02 5.586568e+07 5.039761e+06 
2.406608e+02 5.742893e+07 6.293673e+06 
2.487382e+02 5.599800e+07 6.486583e+06 
2.920217e+02 5.621151e+07 5.522035e+06 
2.814703e+02 5.648041e+07 5.522035e+06 
2.820577e+02 5.612466e+07 5.714944e+06 
2.803164e+02 5.700987e+07 5.522035e+06 
3.342178e+02 5.565913e+07 5.039761e+06 
2.472226e+02 5.774521e+07 6.100764e+06 
2.156482e+02 5.724155e+07 6.679492e+06 
2.171640e+02 5.717414e+07 6.679492e+06 
2.654510e+02 5.513293e+07 6.583038e+06 
2.220793e+02 5.797636e+07 6.583038e+06 
2.883396e+02 5.538128e+07 5.907854e+06 
3.418885e+02 5.707600e+07 4.653942e+06 
3.304747e+02 5.464253e+07 5.787286e+06 
2.782745e+02 5.592819e+07 6.004309e+06 
3.322690e+02 5.619852e+07 4.846851e+06 
2.259865e+02 5.778744e+07 6.486583e+06 
2.488030e+02 5.689842e+07 6.197218e+06 
2.116599e+02 5.769500e+07 6.679492e+06 
3.178211e+02 5.273735e+07 6.293673e+06 
2.884183e+02 5.459556e+07 6.197218e+06 
3.053527e+02 5.463389e+07 6.076650e+06 
2.110219e+02 5.809794e+07 6.679492e+06 
2.540579e+02 5.786611e+07 5.907854e+06 
3.117635e+02 5.332120e+07 6.486583e+06 
2.488155e+02 5.716560e+07 6.100764e+06 
2.875520e+02 5.480689e+07 6.486583e+06 
2.594287e+02 5.583857e+07 6.583038e+06 
3.100979e+02 5.367918e+07 6.486583e+06 
2.590872e+02 5.591126e+07 6.583038e+06 
3.353466e+02 5.396665e+07 5.980196e+06 
2.622501e+02 5.661607e+07 6.004309e+06 

2.622831e+02 5.526353e+07 6.679492e+06 
3.074624e+02 5.580303e+07 5.232670e+06 
2.263011e+02 5.786837e+07 6.486583e+06 
2.367929e+02 5.707603e+07 6.390128e+06 
3.056562e+02 5.615853e+07 5.136216e+06 
2.951555e+02 5.413739e+07 6.486583e+06 
3.215914e+02 5.403112e+07 5.907854e+06 
2.734664e+02 5.656183e+07 5.811399e+06 
2.953042e+02 5.686346e+07 5.329125e+06 
2.322057e+02 5.669726e+07 6.583038e+06 
3.229042e+02 5.414719e+07 5.329125e+06 
3.055480e+02 5.661500e+07 5.039761e+06 
3.043260e+02 5.399572e+07 6.293673e+06 
3.275976e+02 5.446489e+07 5.136216e+06 
3.520309e+02 5.567124e+07 4.557487e+06 
2.535718e+02 5.602056e+07 6.390128e+06 
2.088588e+02 5.816221e+07 6.679492e+06 
3.025206e+02 5.473894e+07 5.522035e+06 
2.631130e+02 5.517452e+07 6.679492e+06 
2.842376e+02 5.562375e+07 6.100764e+06 
3.292615e+02 5.593596e+07 4.943306e+06 
3.063921e+02 5.441578e+07 6.100764e+06 
3.607867e+02 5.693445e+07 4.364577e+06 
2.655563e+02 5.494663e+07 6.679492e+06 
3.160663e+02 5.672494e+07 4.846851e+06 
3.501157e+02 5.741037e+07 4.171668e+06 
3.417029e+02 5.535191e+07 4.919193e+06 
3.126299e+02 5.742050e+07 4.943306e+06 
2.940990e+02 5.716637e+07 5.425580e+06 
2.440181e+02 5.796196e+07 6.197218e+06 
3.466941e+02 5.717562e+07 4.364577e+06 
3.569142e+02 5.517768e+07 4.750396e+06 
2.573306e+02 5.561929e+07 6.486583e+06 
3.189169e+02 5.574701e+07 5.039761e+06 
3.720957e+02 5.664738e+07 4.364577e+06 
3.147398e+02 5.430445e+07 5.907854e+06 
3.115023e+02 5.463450e+07 5.714944e+06 
2.996193e+02 5.412425e+07 6.486583e+06 
2.507410e+02 5.682770e+07 6.100764e+06 
3.470905e+02 5.543469e+07 4.846851e+06 
2.997453e+02 5.528084e+07 5.714944e+06 
3.369170e+02 5.433915e+07 5.136216e+06 
2.585628e+02 5.623289e+07 6.293673e+06 
2.755751e+02 5.750546e+07 5.714944e+06 
3.300548e+02 5.406447e+07 5.329125e+06 
2.456672e+02 5.557085e+07 6.679492e+06 
2.737117e+02 5.519667e+07 6.486583e+06 
2.970359e+02 5.518423e+07 5.907854e+06 
2.251818e+02 5.748056e+07 6.583038e+06 
2.671424e+02 5.820224e+07 5.907854e+06 
2.895553e+02 5.464870e+07 6.293673e+06 
2.355124e+02 5.636851e+07 6.679492e+06 
3.264338e+02 5.384248e+07 5.907854e+06 
2.439874e+02 5.676020e+07 6.293673e+06 
2.161326e+02 5.728339e+07 6.679492e+06 
3.038429e+02 5.373949e+07 6.679492e+06 
3.892884e+02 5.527196e+07 4.557487e+06 
3.128263e+02 5.569301e+07 5.136216e+06 
3.005932e+02 5.374523e+07 6.486583e+06 
2.793727e+02 5.479686e+07 6.679492e+06 
2.882809e+02 5.444953e+07 6.679492e+06 
2.490264e+02 5.726989e+07 6.100764e+06 
2.957566e+02 5.602461e+07 5.714944e+06 
2.817727e+02 5.461178e+07 6.679492e+06 
2.164036e+02 5.718287e+07 6.679492e+06 
3.377772e+02 5.598001e+07 4.557487e+06 
3.693047e+02 5.720792e+07 4.171668e+06 
3.637041e+02 5.496785e+07 4.919193e+06 
3.768162e+02 5.489748e+07 4.750396e+06 
2.911246e+02 5.749118e+07 5.522035e+06 
2.611257e+02 5.541085e+07 6.679492e+06 
3.166287e+02 5.533608e+07 5.329125e+06 
2.443434e+02 5.738999e+07 6.197218e+06 
2.310471e+02 5.688277e+07 6.679492e+06 
2.737401e+02 5.551350e+07 6.197218e+06 
2.547335e+02 5.757741e+07 6.004309e+06 
2.697233e+02 5.540607e+07 6.390128e+06 
3.103579e+02 5.346768e+07 6.486583e+06 
2.168225e+02 5.714911e+07 6.679492e+06 
2.987720e+02 5.613299e+07 5.329125e+06 
2.741488e+02 5.629875e+07 5.811399e+06 
3.368197e+02 5.718996e+07 4.750396e+06 
2.125495e+02 5.739500e+07 6.679492e+06 
2.892213e+02 5.482143e+07 6.100764e+06 
2.169988e+02 5.712078e+07 6.679492e+06 
2.193764e+02 5.697930e+07 6.679492e+06 
3.013417e+02 5.716131e+07 5.232670e+06 
2.361728e+02 5.777015e+07 6.390128e+06 
3.842863e+02 5.521287e+07 4.653942e+06 
3.219498e+02 5.503314e+07 5.136216e+06 
2.389344e+02 5.644711e+07 6.390128e+06 
3.452827e+02 5.753439e+07 4.364577e+06 
2.433223e+02 5.573212e+07 6.583038e+06 
2.588618e+02 5.546691e+07 6.679492e+06 
2.204536e+02 5.811227e+07 6.583038e+06 
3.091718e+02 5.370611e+07 6.679492e+06 
2.429545e+02 5.823478e+07 6.293673e+06 
2.845260e+02 5.676770e+07 5.714944e+06 
2.597564e+02 5.646478e+07 6.004309e+06 
2.864568e+02 5.486828e+07 6.293673e+06 

3.046060e+02 5.599891e+07 5.522035e+06 
2.764954e+02 5.569239e+07 6.004309e+06 
2.399724e+02 5.581404e+07 6.583038e+06 
2.504460e+02 5.706401e+07 6.197218e+06 
2.949663e+02 5.839017e+07 5.329125e+06 
3.566867e+02 5.545942e+07 5.232670e+06 
2.356289e+02 5.677088e+07 6.679492e+06 
2.705144e+02 5.748141e+07 5.714944e+06 
2.582817e+02 5.555684e+07 6.486583e+06 
2.566711e+02 5.642422e+07 6.197218e+06 
2.983539e+02 5.449141e+07 6.390128e+06 
2.775223e+02 5.474927e+07 6.583038e+06 
2.590807e+02 5.611400e+07 6.197218e+06 
3.120710e+02 5.558622e+07 5.522035e+06 
3.178430e+02 5.530089e+07 5.811399e+06 
2.954871e+02 5.459974e+07 6.583038e+06 
3.202421e+02 5.551539e+07 5.522035e+06 
2.960949e+02 5.422340e+07 6.583038e+06 
2.593024e+02 5.492596e+07 6.679492e+06 
2.817910e+02 5.739726e+07 5.522035e+06 
2.759444e+02 5.623248e+07 5.907854e+06 
3.360389e+02 5.527097e+07 5.618490e+06 
2.088588e+02 5.816221e+07 6.679492e+06 
2.642781e+02 5.563325e+07 6.293673e+06 
2.576599e+02 5.718921e+07 6.100764e+06 
2.672073e+02 5.534279e+07 6.293673e+06 
2.625560e+02 5.538333e+07 6.486583e+06 
3.501319e+02 5.576869e+07 5.136216e+06 
2.875509e+02 5.513197e+07 6.197218e+06 
2.636268e+02 5.734941e+07 5.907854e+06 
3.269631e+02 5.625678e+07 5.329125e+06 
2.666500e+02 5.728922e+07 5.811399e+06 
2.371200e+02 5.685642e+07 6.486583e+06 
3.470277e+02 5.512036e+07 5.329125e+06 
2.610999e+02 5.780400e+07 5.907854e+06 
2.702369e+02 5.596649e+07 6.004309e+06 
2.623323e+02 5.691662e+07 6.004309e+06 
2.804104e+02 5.489025e+07 6.390128e+06 
2.157641e+02 5.720762e+07 6.679492e+06 
3.232450e+02 5.491665e+07 5.811399e+06 
2.833809e+02 5.645855e+07 5.618490e+06 
3.071402e+02 5.560955e+07 5.714944e+06 
3.352170e+02 5.496409e+07 5.714944e+06 
3.418735e+02 5.432623e+07 5.522035e+06 
3.070260e+02 5.689714e+07 5.425580e+06 
3.113225e+02 5.417293e+07 6.197218e+06 
2.678360e+02 5.669638e+07 5.907854e+06 
3.347670e+02 5.573199e+07 5.329125e+06 
2.201478e+02 5.701791e+07 6.679492e+06 
2.853771e+02 5.460257e+07 6.390128e+06 
3.414105e+02 5.777923e+07 5.136216e+06 
3.321505e+02 5.679812e+07 5.232670e+06 
3.113002e+02 5.474042e+07 6.004309e+06 
3.488349e+02 5.427035e+07 5.522035e+06 
2.905206e+02 5.837312e+07 5.425580e+06 
3.051121e+02 5.463400e+07 6.197218e+06 
2.919791e+02 5.527055e+07 6.004309e+06 
3.485651e+02 5.629017e+07 5.136216e+06 
2.629733e+02 5.486324e+07 6.679492e+06 
2.252806e+02 5.781312e+07 6.583038e+06 
3.063423e+02 5.425511e+07 6.390128e+06 
3.046603e+02 5.760244e+07 5.329125e+06 
2.287749e+02 5.715367e+07 6.583038e+06 
2.368101e+02 5.667324e+07 6.679492e+06 
2.360459e+02 5.757509e+07 6.390128e+06 
2.554962e+02 5.807138e+07 6.100764e+06 
2.956431e+02 5.797384e+07 5.232670e+06 
2.836104e+02 5.592957e+07 5.907854e+06 
2.468926e+02 5.589508e+07 6.486583e+06 
3.129304e+02 5.563579e+07 5.425580e+06 
2.592269e+02 5.831459e+07 5.907854e+06 
2.117190e+02 5.722783e+07 6.679492e+06 
3.630528e+02 5.539917e+07 5.136216e+06 
2.983358e+02 5.615771e+07 5.714944e+06 
2.503915e+02 5.659750e+07 6.293673e+06 
2.226826e+02 5.688875e+07 6.679492e+06 
2.993472e+02 5.505155e+07 6.100764e+06 
2.782676e+02 5.654237e+07 5.714944e+06 
3.616028e+02 5.451521e+07 5.329125e+06 
2.474747e+02 5.751137e+07 6.293673e+06 
2.811135e+02 5.549030e+07 6.100764e+06 
2.506373e+02 5.547902e+07 6.679492e+06 
2.671115e+02 5.477142e+07 6.486583e+06 
2.626821e+02 5.616397e+07 6.100764e+06 
3.094703e+02 5.409630e+07 6.390128e+06 
2.465530e+02 5.568159e+07 6.583038e+06 
2.980340e+02 5.760846e+07 5.425580e+06 
2.185737e+02 5.713859e+07 6.679492e+06 
2.762079e+02 5.752498e+07 5.618490e+06 
2.527039e+02 5.622083e+07 6.390128e+06 
2.752454e+02 5.711033e+07 5.714944e+06 
2.177549e+02 5.720059e+07 6.679492e+06 
2.312613e+02 5.687350e+07 6.679492e+06 
2.569558e+02 5.520949e+07 6.679492e+06 
3.091756e+02 5.721748e+07 5.329125e+06 
2.372631e+02 5.638034e+07 6.679492e+06 
2.417150e+02 5.716591e+07 6.390128e+06 
2.268630e+02 5.741298e+07 6.486583e+06 
2.715571e+02 5.553739e+07 6.197218e+06 
3.402862e+02 5.468860e+07 5.714944e+06 

