100
3	19,9064154000	4851364,5799999990	415288,0000000000	1st path (commodity 0): 262  2nd path (commodity 0): 262 257 258 261 31 30 29 47 48 49 65 64  3rd path (commodity 0): 262 257 258 261 31 30 29 47 48 49 65 64 63  4th path (commodity 0): 262 257 258 261 31 30 29 47 48 49 65 64  5th path (commodity 1): 209 210 211 180 179 207 206 205  6th path (commodity 1): 209 210 211 180 179 207 206 205 177 250 249 248 170 155 143 307 244 113 114 296 105  
16	19,9200494000	4818082,5799999990	256724,0000000000	1st path (commodity 0): 262 257 258 261  2nd path (commodity 0): 262 257 258 261 31 30 29 47 48 49 65 64 63 86 126 127 244  3rd path (commodity 0): 262 257 258 261 31 30 29 47 48 49 65 64 63 86 126 127 244 142  4th path (commodity 0): 262 257 258 261 31 30 29 47 48 49 65 64 63 86 126 127 244 142 143  5th path (commodity 1): 209 210 211 180 179 207 206  6th path (commodity 1): 209 210 211 180 179 207 206 205 177 250 249 248 170 155 143 307 244 113 114 296  
27	19,5251845000	4893741,7599999990	273288,0000000000	1st path (commodity 0): 262 257 258 261 31  2nd path (commodity 0): 262 257 258 261 31 30 29 47 48 49 65 64 63 86 126 127 244 142  3rd path (commodity 0): 262 257 258 261 31 30 29 47 48 49 65 64 63 86 126 127 244 142 143  4th path (commodity 0): 262 257 258 261 31 30 29 47 48 49 65 64 63 86 126 127 244 142  5th path (commodity 1): 209 210 211 180 179 207 206 205 177 250  6th path (commodity 1): 209 210 211 180 179 207 206 205 177 250 249 248 170 155 143 307 244 113 112  
30	19,5251845000	4893741,7599999990	273288,0000000000	1st path (commodity 0): 262 257 258 261 31  2nd path (commodity 0): 262 257 258 261 31 30 29 47 48 49 65 64 63 86 126 127 244 142  3rd path (commodity 0): 262 257 258 261 31 30 29 47 48 49 65 64 63 86 126 127 244 142 143  4th path (commodity 0): 262 257 258 261 31 30 29 47 48 49 65 64 63 86 126 127 244 142  5th path (commodity 1): 209 210 211 180 179 207 206 205  6th path (commodity 1): 209 210 211 180 179 207 206 205 177 250 249 248 170 155 143 307 244 113 112 102 103  
32	19,9430234000	4774152,5799999990	273288,0000000000	1st path (commodity 0): 262 257 258 261 32 267  2nd path (commodity 0): 262 257 258 261 31 30 29 47 48 49 65 64 63 86 126 127 244 142 143  3rd path (commodity 0): 262 257 258 261 31 30 29 47 48 49 65 64 63 86 126 127 244 142  4th path (commodity 0): 262 257 258 261 31 30 29 47 48 49 65 64 63 86 126 127 244 142 143  5th path (commodity 1): 209 210 211 180 179 207 206  6th path (commodity 1): 209 210 211 180 179 207 206 205 177 250 249 248 170 155 143 307 244 113 114 296  
38	19,4615192000	5198385,0799999990	401572,0800000000	1st path (commodity 0): 262 257 258 261 32  2nd path (commodity 0): 262 257 258 261 31 30 29 47 48 49 65 64 63 86 126 127 244 142 143 172  3rd path (commodity 0): 262 257 258 261 31 30 29 47 48 49 65 64 63 86 126  4th path (commodity 0): 262 257 258 261 31 30 29 47 48 49 65 64 63 86 126 127 244 142 143 172  5th path (commodity 1): 209 210 211 180 179 207  6th path (commodity 1): 209 210 211 180 179 207 206 205 177 250 249 248 170 155 143 307 244 113 114  
42	30,0276307000	5077163,7599999990	207644,0000000000	1st path (commodity 0): 262 257 258 261 31  2nd path (commodity 0): 262 257 258 261 31 30 29 47 48 49 65 64 63 86 126 127  3rd path (commodity 0): 262 257 258 261 31 30 29 47 48 49 65 64 63 86 126 127 244 142  4th path (commodity 0): 262 257 258 261 31 30 227 228 256 222 18 6 5 4 3 2 1 0  5th path (commodity 1): 209 210 211 180 179 207 206 205  6th path (commodity 1): 209 210 211 180 179 207 206 205 177 250 249 248 170 155 143 307 244 113 112 102 103 104 105  
43	19,5115505000	4927023,7599999990	311466,0000000000	1st path (commodity 0): 262 257 258 261  2nd path (commodity 0): 262 257 258 261 31 30 29 47 48 49 65 64 63 86 126 127 244  3rd path (commodity 0): 262 257 258 261 31 30 29 47 48 49 65 64 63 86 126 127 244 142  4th path (commodity 0): 262 257 258 261 31 30 29 47 48 49 65 64 63 86 126 127 244  5th path (commodity 1): 209 210 211 180 179 207 206 205 177  6th path (commodity 1): 209 210 211 180 179 207 206 205 177 250 249 248 170 155 143 307 244 113 112 102  
57	20,0203346000	4738525,5799999990	415288,0000000000	1st path (commodity 0): 262 261  2nd path (commodity 0): 262 257 258 261 31 30 29 47 48 49 65 64 63 86 126  3rd path (commodity 0): 262 257 258 261 31 30 29 47 48 49 65 64 63 86 126 127  4th path (commodity 0): 262 257 258 261 31 30 29 47 48 49 65 64 63 86 126  5th path (commodity 1): 209 210 211 180 179 207 206  6th path (commodity 1): 209 210 211 180 179 207 206 205 177 250 249 248 170 155 143 307 244 113 114 296  
58	19,5251845000	4893741,7599999990	273288,0000000000	1st path (commodity 0): 262 257 258 261 31  2nd path (commodity 0): 262 257 258 261 31 30 29 47 48 49 65 64 63 86 126 127 244 142  3rd path (commodity 0): 262 257 258 261 31 30 29 47 48 49 65 64 63 86 126 127 244 142 143  4th path (commodity 0): 262 257 258 261 31 30 29 47 48 49 65 64 63 86 126 127 244 142  5th path (commodity 1): 209 210 211 180 179 207 206 205  6th path (commodity 1): 209 210 211 180 179 207 206 205 177 250 249 248 170 155 143 307 244 113 112 102 103  
59	19,4317282000	5258956,0799999990	415288,0000000000	1st path (commodity 0): 262 257 258  2nd path (commodity 0): 262 257 258 261 31 30 29 47 48 49 65 64 63 86 126 127 244 307 143 172  3rd path (commodity 0): 262 257 258 261 31 30 29 47 48 49 65 64 63 86 126  4th path (commodity 0): 262 257 258 261 31 30 29 47 48 49 65 64 63 86 126 127  5th path (commodity 1): 209 210 211 180 179 207 206 205 177 250  6th path (commodity 1): 209 210 211 180 179 207 206 205 177 250 249 248 170 155 143 307 244 113 114  
60	19,4385452000	5242315,0799999990	401572,0800000000	1st path (commodity 0): 262 257 258  2nd path (commodity 0): 262 257 258 261 31 30 29 47 48 49 65 64 63 86 126 127  3rd path (commodity 0): 262 257 258 261 31 30 29 47 48 49 65 64 63 86 126 127 244  4th path (commodity 0): 262 257 258 261 31 30 29 47 48 49 65 64 63 86 126 127 244 142  5th path (commodity 1): 209 210 211 180 179 207  6th path (commodity 1): 209 210 211 180 179 207 206 205 177 250 249 248 170 155 143 307 244 113 114  
64	19,5115505000	4927023,7599999990	311466,0000000000	1st path (commodity 0): 262 257 258 261  2nd path (commodity 0): 262 257 258 261 31 30 29 47 48 49 65 64 63 86 126  3rd path (commodity 0): 262 257 258 261 31 30 29 47 48 49 65 64 63 86 126 127 244 142  4th path (commodity 0): 262 257 258 261 31 30 29 47 48 49 65 64 63 86 126 127 244  5th path (commodity 1): 209 210 211 180 179  6th path (commodity 1): 209 210 211 180 179 207 206 205 177 250 249 248 170 155 143 307 244 113 112 102  
65	19,4317282000	5258956,0799999990	415288,0000000000	1st path (commodity 0): 262  2nd path (commodity 0): 262 257 258 261 31 30 29 47  3rd path (commodity 0): 262 257 258 261 31 30 29 47 48 49 65  4th path (commodity 0): 262 257 258 261 31 30 29 47 48 49 65 64  5th path (commodity 1): 209 210 211 180 179 207 206 205 177 250  6th path (commodity 1): 209 210 211 180 179 207 206 205 177 250 249 248 170 155 143 307 244 113 114  
67	30,0276307000	5077163,7599999990	207644,0000000000	1st path (commodity 0): 262 257 258 261 31 30  2nd path (commodity 0): 262 257 258 261 31 30 29 47 48 49 65 64 63 86 126 127 244  3rd path (commodity 0): 262 257 258 261 31 30 29 47 48 49 65 64 63 86 126 127 244 142 143  4th path (commodity 0): 262 257 258 261 31 30 227 228 256 222 18 6 5 4 3 2 1 0 220  5th path (commodity 1): 209 210 211 180 179 207 206 205 177  6th path (commodity 1): 209 210 211 180 179 207 206 205 177 250 249 248 170 155 143 307 244 113 112 102 103 104  
69	19,9200494000	4818082,5799999990	256724,0000000000	1st path (commodity 0): 262 257 258 261  2nd path (commodity 0): 262 257 258 261 31 30 29 47 48 49 65 64 63 86 126 127 244 142 143  3rd path (commodity 0): 262 257 258 261 31 30 29 47 48 49 65 64 63 86 126 127 244 142  4th path (commodity 0): 262 257 258 261 31 30 29 47 48 49 65 64 63 86 126  5th path (commodity 1): 209 210 211 180 179 207 206  6th path (commodity 1): 209 210 211 180 179 207 206 205 177 250 249 248 170 155 143 307 244 113 114 296  
72	19,9064154000	4851364,5799999990	415288,0000000000	1st path (commodity 0): 262  2nd path (commodity 0): 262 257 258 261 31 30 29 47 48 49 65 64 63 86  3rd path (commodity 0): 262 257 258 261 31 30 29 47 48 49 65 64 63 86 126  4th path (commodity 0): 262 257 258 261 31 30 29 47 48 49 65 64 63 86  5th path (commodity 1): 209 210 211 180 179 207 206 205  6th path (commodity 1): 209 210 211 180 179 207 206 205 177 250 249 248 170 155 143 307 244 113 114 296 105  
76	19,5251845000	4893741,7599999990	273288,0000000000	1st path (commodity 0): 262 257 258 261  2nd path (commodity 0): 262 257 258 261 31 30 29 47 48 49 65 64 63 86 126 127 244 142 143  3rd path (commodity 0): 262 257 258 261 31 30 29 47 48 49 65 64 63 86 126 127 244 142  4th path (commodity 0): 262 257 258 261 31 30 29 47 48 49 65 64 63 86 126 127 244 142 143  5th path (commodity 1): 209 210 211 180 179 207 206  6th path (commodity 1): 209 210 211 180 179 207 206 205 177 250 249 248 170 155 143 307 244 113 112 102  
78	30,5887967000	5040695,7599999990	200786,0400000000	1st path (commodity 0): 262 257 258 261 31 30 29 47 46 45 231 62 63  2nd path (commodity 0): 262 257 258 261 31 30 29 47 48 49 65 64 63 86 126 127 244 142 143 172  3rd path (commodity 0): 262 257 258 261 31 30 29 47 48 49 65 64 63 86 126 127 244 142  4th path (commodity 0): 262 257 258 261 31 30 227 228 256 222 18 6 5 4 3 2 1 0 220 193  5th path (commodity 1): 209 210 211 180 179 207 206 205 177 250 249 248  6th path (commodity 1): 209 210 211 180 179 207 206 205 177 250 249 248 170 155 143 307 244 113 112  
79	19,5115505000	4927023,7599999990	311466,0000000000	1st path (commodity 0): 262 257 258 261 31  2nd path (commodity 0): 262 257 258 261 31 30 29 47 48 49 65 64 63 86 126 127 244 307  3rd path (commodity 0): 262 257 258 261 31 30 29 47 48 49 65 64 63 86 126 127 244  4th path (commodity 0): 262 257 258 261 31 30 29 47 48 49 65 64 63 86 126 127 244 142  5th path (commodity 1): 209 210 211 180 179 207 206 205 177 250  6th path (commodity 1): 209 210 211 180 179 207 206 205 177 250 249 248 170 155 143 307 244 113 112 102 103  
84	30,5887967000	5040695,7599999990	200786,0400000000	1st path (commodity 0): 262 257 258 261 31 30 29 47 46 45 231 62 63  2nd path (commodity 0): 262 257 258 261 31 30 29 47 48 49 65 64 63 86 126 127 244 142 143 172  3rd path (commodity 0): 262 257 258 261 31 30 29 47 48 49 65 64 63 86 126 127 244 142  4th path (commodity 0): 262 257 258 261 31 30 227 228 256 222 18 6 5 4 3 2 1 0 220 193  5th path (commodity 1): 209 210 211 180 179 207 206 205 177 250 249 248 170 155  6th path (commodity 1): 209 210 211 180 179 207 206 205 177 250 249 248 170 155 143 307 244 113 112  
86	30,5819797000	5057336,7599999990	207644,0000000000	1st path (commodity 0): 262 257 258 261 31 30 29 47 46 45 231 62  2nd path (commodity 0): 262 257 258 261 31 30 29 47 48 49 65 64 63 86 126 127 244 142 143  3rd path (commodity 0): 262 257 258 261 31 30 29 47 48 49 65 64 63 86 126 127 244  4th path (commodity 0): 262 257 258 261 31 30 227 228 256 222 18 6 5 4 3 2 1 0 220 193 190  5th path (commodity 1): 209 210 211 180 179 207 206 205 177 250 249 248 170  6th path (commodity 1): 209 210 211 180 179 207 206 205 177 250 249 248 170 155 143 307 244 113 112 102  
87	19,5183675000	4910382,7599999990	256724,0000000000	1st path (commodity 0): 262 257 258 261 31  2nd path (commodity 0): 262 257 258 261 31 30 29 47 48 49 65 64 63 86 126 127 244 142  3rd path (commodity 0): 262 257 258 261 31 30 29 47 48 49 65 64 63 86 126 127 244  4th path (commodity 0): 262 257 258 261 31 30 29 47 48 49 65 64 63 86 126 127 244 142  5th path (commodity 1): 209 210 211 180 179 207  6th path (commodity 1): 209 210 211 180 179 207 206 205 177 250 249 248 170 155 143 307 244 113 112 102 103  
88	19,4453622000	5225674,0799999990	401572,0800000000	1st path (commodity 0): 262 257 258  2nd path (commodity 0): 262 257 258 261 31 30 29 47 48 49 65 64 63 86 126 127 244 142 143 172  3rd path (commodity 0): 262 257 258 261 31 30 29 47 48 49 65 64 63 86 126 127 244  4th path (commodity 0): 262 257 258 261 31 30 29 47 48 49 65 64 63 86 126 127 244 142  5th path (commodity 1): 209 210 211 180 179 207  6th path (commodity 1): 209 210 211 180 179 207 206 205 177 250 249 248 170 155 143 307 244 113 114  
90	20,0203346000	4738525,5799999990	415288,0000000000	1st path (commodity 0): 262 261  2nd path (commodity 0): 262 257 258 261 31 30 29 47 48 49 65 64 63 86 126  3rd path (commodity 0): 262 257 258 261 31 30 29 47 48 49 65 64 63 86  4th path (commodity 0): 262 257 258 261 31 30 29 47 48 49 65 64 63  5th path (commodity 1): 209 210 211 180 179 207 206  6th path (commodity 1): 209 210 211 180 179 207 206 205 177 250 249 248 170 155 143 307 244 113 114 296  
91	19,5345245000	4883093,7599999990	256724,0000000000	1st path (commodity 0): 262 257 258 261 32 267  2nd path (commodity 0): 262 257 258 261 31 30 29 47 48 49 65 64 63 86 126 127 244 142 143  3rd path (commodity 0): 262 257 258 261 31 30 29 47 48 49 65 64 63 86 126 127 244 142  4th path (commodity 0): 262 257 258 261 31 30 29 47 48 49 65 64 63 86 126  5th path (commodity 1): 209 210 211 180 179  6th path (commodity 1): 209 210 211 180 179 207 206 205 177 250 249 248 170 155 143 307 244 113 112 102 103 104  
92	30,0344477000	5060522,7599999990	200786,0400000000	1st path (commodity 0): 262 257 258 261 31 30 29  2nd path (commodity 0): 262 257 258 261 31 30 29 47 48 49 65 64 63 86 126 127 244 142  3rd path (commodity 0): 262 257 258 261 31 30 29 47 48 49 65 64 63 86 126 127 244 142  4th path (commodity 0): 262 257 258 261 31 30 227 228 256 222 18 6 5 4 3 2 1 0  5th path (commodity 1): 209 210 211 180 179 207 206 205 177 250  6th path (commodity 1): 209 210 211 180 179 207 206 205 177 250 249 248 170 155 143 307 244 113 112 102 103  
93	19,4521792000	5209033,0799999990	401572,0800000000	1st path (commodity 0): 262 257 258  2nd path (commodity 0): 262 257 258 261 31 30 29 47 48 49 65 64 63 86 126 127 244 142  3rd path (commodity 0): 262 257 258 261 31 30 29 47 48 49 65 64 63 86 126 127 244 142 143  4th path (commodity 0): 262 257 258 261 31 30 29 47 48 49 65 64 63 86 126 127 244 142  5th path (commodity 1): 209 210 211 180 179 207 206 205 177 250  6th path (commodity 1): 209 210 211 180 179 207 206 205 177 250 249 248 170 155 143 307 244 113 114  
94	19,4615192000	5198385,0799999990	401572,0800000000	1st path (commodity 0): 262 257 258 261 32 267 266  2nd path (commodity 0): 262 257 258 261 31 30 29 47 48 49 65 64 63 86 126 127 244 142 143 172  3rd path (commodity 0): 262 257 258 261 31 30 29 47 48 49 65 64 63 86 126  4th path (commodity 0): 262 257 258 261 31 30 29 47 48 49 65 64 63 86 126 127 244 142 143 172  5th path (commodity 1): 209 210 211 180 179 207  6th path (commodity 1): 209 210 211 180 179 207 206 205 177 250 249 248 170 155 143 307 244 113 114  
98	19,9362064000	4790793,5799999990	256724,0000000000	1st path (commodity 0): 262 257 258 261 32 267  2nd path (commodity 0): 262 257 258 261 31 30 29 47 48 49 65 64 63 86 126 127 244 142 143 172 173  3rd path (commodity 0): 262 257 258 261 31 30 29 47 48 49 65 64 63 86 126 127  4th path (commodity 0): 262 257 258 261 31 30 29 47 48 49 65 64 63 86 126 127 244 142 143 172 173  5th path (commodity 1): 209 210 211 180 179 207 206  6th path (commodity 1): 209 210 211 180 179 207 206 205 177 250 249 248 170 155 143 307 244 113 114 296  
99	19,9362064000	4790793,5799999990	256724,0000000000	1st path (commodity 0): 262 257 258 261 32 267  2nd path (commodity 0): 262 257 258 261 31 30 29 47 48 49 65 64 63 86 126 127 244 142 143  3rd path (commodity 0): 262 257 258 261 31 30 29 47 48 49 65 64 63 86 126 127 244 142  4th path (commodity 0): 262 257 258 261 31 30 29 47 48 49 65 64 63 86 126 127 244  5th path (commodity 1): 209 210 211 180 179 207 206  6th path (commodity 1): 209 210 211 180 179 207 206 205 177 250 249 248 170 155 143 307 244 113 114 296  
100	19,5047335000	4943664,7599999990	415288,0000000000	1st path (commodity 0): 262 257 258 261 31 30 29  2nd path (commodity 0): 262 257 258 261 31 30 29 47 48 49 65 64 63 86 126 127 244 307  3rd path (commodity 0): 262 257 258 261 31 30 29 47 48 49 65 64 63 86 126  4th path (commodity 0): 262 257 258 261 31 30 29 47 48 49 65 64 63 86 126 127  5th path (commodity 1): 209 210 211 180 179 207 206 205  6th path (commodity 1): 209 210 211 180 179 207 206 205 177 250 249 248 170 155 143 307 244 113 112  
101	19,9268664000	4801441,5799999990	273288,0000000000	1st path (commodity 0): 262 257 258 261  2nd path (commodity 0): 262 257 258 261 31 30 29 47 48 49 65 64 63 86 126 127 244 142 143  3rd path (commodity 0): 262 257 258 261 31 30 29 47 48 49 65 64 63 86 126 127 244 142  4th path (commodity 0): 262 257 258 261 31 30 29 47 48 49 65 64 63 86 126 127 244 142 143 172 173  5th path (commodity 1): 209 210 211 180 179 207 206 205 177  6th path (commodity 1): 209 210 211 180 179 207 206 205 177 250 249 248 170 155 143 307 244 113 114 296  
102	19,4683362000	5181744,0799999990	401572,0800000000	1st path (commodity 0): 262 257 258 261 32  2nd path (commodity 0): 262 257 258 261 31 30 29 47 48 49 65 64 63 86 126 127 244 142  3rd path (commodity 0): 262 257 258 261 31 30 29 47 48 49 65 64 63 86 126 127 244 142 143  4th path (commodity 0): 262 257 258 261 31 30 29 47 48 49 65 64 63 86 126 127 244 142 143 172  5th path (commodity 1): 209 210 211 180 179 207  6th path (commodity 1): 209 210 211 180 179 207 206 205 177 250 249 248 170 155 143 307 244 113 114  
104	19,4683362000	5181744,0799999990	401572,0800000000	1st path (commodity 0): 262 257 258 261 32  2nd path (commodity 0): 262 257 258 261 31 30 29 47 48 49 65 64 63 86 126 127 244 142  3rd path (commodity 0): 262 257 258 261 31 30 29 47 48 49 65 64 63 86 126 127 244 142 143  4th path (commodity 0): 262 257 258 261 31 30 29 47 48 49 65 64 63 86 126 127 244 142  5th path (commodity 1): 209 210 211 180 179 207  6th path (commodity 1): 209 210 211 180 179 207 206 205 177 250 249 248 170 155 143 307 244 113 114  
105	19,9268664000	4801441,5799999990	273288,0000000000	1st path (commodity 0): 262 257 258 261  2nd path (commodity 0): 262 257 258 261 31 30 29 47 48 49 65 64 63 86 126 127 244 142 143  3rd path (commodity 0): 262 257 258 261 31 30 29 47 48 49 65 64 63 86 126 127 244 142  4th path (commodity 0): 262 257 258 261 31 30 29 47 48 49 65 64 63 86 126 127 244 142 143  5th path (commodity 1): 209 210 211 180 179 207 206  6th path (commodity 1): 209 210 211 180 179 207 206 205 177 250 249 248 170 155 143 307 244 113 114 296  
106	19,5345245000	4883093,7599999990	256724,0000000000	1st path (commodity 0): 262 257 258 261 32  2nd path (commodity 0): 262 257 258 261 31 30 29 47 48 49 65 64 63 86 126 127 244 142  3rd path (commodity 0): 262 257 258 261 31 30 29 47 48 49 65 64 63 86 126 127 244 142 143  4th path (commodity 0): 262 257 258 261 31 30 29 47 48 49 65 64 63 86  5th path (commodity 1): 209 210 211 180 179 207  6th path (commodity 1): 209 210 211 180 179 207 206 205 177 250 249 248 170 155 143 307 244 113 112 102 103 104 105  
108	19,9132324000	4834723,5799999990	311466,0000000000	1st path (commodity 0): 262 257 258 261  2nd path (commodity 0): 262 257 258 261 31 30 29 47 48 49 65 64 63 86 126 127 244  3rd path (commodity 0): 262 257 258 261 31 30 29 47 48 49 65 64 63 86 126 127  4th path (commodity 0): 262 257 258 261 31 30 29 47 48 49 65 64 63 86 126 127 244 142 143  5th path (commodity 1): 209 210 211 180 179 207 206 205 177  6th path (commodity 1): 209 210 211 180 179 207 206 205 177 250 249 248 170 155 143 307 244 113 114 296  
109	19,4615192000	5198385,0799999990	401572,0800000000	1st path (commodity 0): 262 257 258 261 32  2nd path (commodity 0): 262 257 258 261 31 30 29 47 48 49 65 64 63 86 126 127 244 142  3rd path (commodity 0): 262 257 258 261 31 30 29 47 48 49 65 64 63 86 126  4th path (commodity 0): 262 257 258 261 31 30 29 47 48 49 65 64 63 86 126 127 244 142 143 172  5th path (commodity 1): 209 210 211 180 179 207  6th path (commodity 1): 209 210 211 180 179 207 206 205 177 250 249 248 170 155 143 307 244 113 114  
110	30,5819797000	5057336,7599999990	207644,0000000000	1st path (commodity 0): 262 257 258 261 31 30 29 47 46 45 231 62  2nd path (commodity 0): 262 257 258 261 31 30 29 47 48 49 65 64 63 86 126 127 244 142 143  3rd path (commodity 0): 262 257 258 261 31 30 29 47 48 49 65 64 63 86 126 127 244  4th path (commodity 0): 262 257 258 261 31 30 227 228 256 222 18 6 5 4 3 2 1 0 220  5th path (commodity 1): 209 210 211 180 179 207 206 205 177 250 249 248 170  6th path (commodity 1): 209 210 211 180 179 207 206 205 177 250 249 248 170 155 143 307 244 113 112 102  
111	20,0203346000	4738525,5799999990	415288,0000000000	1st path (commodity 0): 262 261  2nd path (commodity 0): 262 257 258 261 31 30 29 47 48 49 65 64 63  3rd path (commodity 0): 262 257 258 261 31 30 29 47 48 49 65 64 63 86  4th path (commodity 0): 262 257 258 261 31 30 29 47 48 49 65 64 63  5th path (commodity 1): 209 210 211 180 179 207 206 205 177  6th path (commodity 1): 209 210 211 180 179 207 206 205 177 250 249 248 170 155 143 307 244 113 114 296  
112	19,4385452000	5242315,0799999990	401572,0800000000	1st path (commodity 0): 262 257 258 261 31 30  2nd path (commodity 0): 262 257 258 261 31 30 29 47 48 49 65 64 63 86 126 127 244  3rd path (commodity 0): 262 257 258 261 31 30 29 47 48 49 65 64 63 86 126 127 244 142  4th path (commodity 0): 262 257 258 261 31 30 29 47 48 49 65 64 63 86 126  5th path (commodity 1): 209 210 211 180 179 207 206  6th path (commodity 1): 209 210 211 180 179 207 206 205 177 250 249 248 170 155 143 307 244 113  
117	30,0276307000	5077163,7599999990	207644,0000000000	1st path (commodity 0): 262 257 258 261 31 30 29  2nd path (commodity 0): 262 257 258 261 31 30 29 47 48 49 65 64 63 86 126 127 244 307  3rd path (commodity 0): 262 257 258 261 31 30 29 47 48 49 65 64 63 86 126 127 244 142  4th path (commodity 0): 262 257 258 261 31 30 227 228 256 222 18 6 5 4 3 2 1 0  5th path (commodity 1): 209 210 211 180 179 207  6th path (commodity 1): 209 210 211 180 179 207 206 205 177 250 249 248 170 155 143 307 244 113 112 102 103  
119	19,5047335000	4943664,7599999990	415288,0000000000	1st path (commodity 0): 262 257 258 261 31 30  2nd path (commodity 0): 262 257 258 261 31 30 29 47 48 49 65 64 63 86 126 127 244 307 143  3rd path (commodity 0): 262 257 258 261 31 30 29 47 48 49 65 64 63 86 126 127  4th path (commodity 0): 262 257 258 261 31 30 29 47 48 49 65 64 63 86 126 127 244  5th path (commodity 1): 209 210 211 180 179 207 206 205 177  6th path (commodity 1): 209 210 211 180 179 207 206 205 177 250 249 248 170 155 143 307 244 113 112 102  
120	19,4317282000	5258956,0799999990	415288,0000000000	1st path (commodity 0): 262  2nd path (commodity 0): 262 257 258 261 31 30 29 47 48 49  3rd path (commodity 0): 262 257 258 261 31 30 29 47 48 49 65 64 63 86 126  4th path (commodity 0): 262 257 258 261 31 30 29 47 48 49 65 64 63 86  5th path (commodity 1): 209 210 211 180 179 207 206 205 177 250  6th path (commodity 1): 209 210 211 180 179 207 206 205 177 250 249 248 170 155 143 307 244 113 114  
122	20,0203346000	4738525,5799999990	415288,0000000000	1st path (commodity 0): 262 261  2nd path (commodity 0): 262 257 258 261 31 30 29 47 48 49 65 64 63  3rd path (commodity 0): 262 257 258 261 31 30 29 47 48 49 65 64 63 86  4th path (commodity 0): 262 257 258 261 31 30 29 47 48 49 65 64 63  5th path (commodity 1): 209 210 211 180 179 207 206 205 177  6th path (commodity 1): 209 210 211 180 179 207 206 205 177 250 249 248 170 155 143 307 244 113 114 296  
123	19,5183675000	4910382,7599999990	256724,0000000000	1st path (commodity 0): 262 257 258 261  2nd path (commodity 0): 262 257 258 261 31 30 29 47 48 49 65 64 63 86 126 127 244 142 143  3rd path (commodity 0): 262 257 258 261 31 30 29 47 48 49 65 64 63 86 126 127 244 142 143 172  4th path (commodity 0): 262 257 258 261 31 30 29 47 48 49 65 64 63  5th path (commodity 1): 209 210 211 180 179 207 206  6th path (commodity 1): 209 210 211 180 179 207 206 205 177 250 249 248 170 155 143 307 244 113 112 102 103 104  
125	19,4453622000	5225674,0799999990	401572,0800000000	1st path (commodity 0): 262 257 258  2nd path (commodity 0): 262 257 258 261 31 30 29 47 48 49 65 64 63 86 126 127 244 142  3rd path (commodity 0): 262 257 258 261 31 30 29 47 48 49 65 64 63 86 126 127 244  4th path (commodity 0): 262 257 258 261 31 30 29 47 48 49 65 64 63 86 126 127 244 142  5th path (commodity 1): 209 210 211 180 179 207 206 205 177 250  6th path (commodity 1): 209 210 211 180 179 207 206 205 177 250 249 248 170 155 143 307 244 113 114  
126	20,0364916000	4711236,5799999990	415288,0000000000	1st path (commodity 0): 262 261 32  2nd path (commodity 0): 262 257 258 261 31 30 29 47 48 49 65 64  3rd path (commodity 0): 262 257 258 261 31 30 29 47 48 49 65 64 63  4th path (commodity 0): 262 257 258 261 31 30 29 47 48 49 65 64  5th path (commodity 1): 209 210 211 180 179 207 206 205  6th path (commodity 1): 209 210 211 180 179 207 206 205 177 250 249 248 170 155 143 307 244 113 114 296 105  
127	19,9200494000	4818082,5799999990	256724,0000000000	1st path (commodity 0): 262 257  2nd path (commodity 0): 262 257 258 261 31 30 29 47 48 49 65 64 63 86 126 127 244  3rd path (commodity 0): 262 257 258 261 31 30 29 47 48 49 65 64 63 86 126 127 244 142  4th path (commodity 0): 262 257 258 261 31 30 29 47 48 49 65 64 63 86 126 127 244 142 143  5th path (commodity 1): 209 210 211 180 179  6th path (commodity 1): 209 210 211 180 179 207 206 205 177 250 249 248 170 155 143 307 244 113 114 296  
128	19,5345245000	4883093,7599999990	256724,0000000000	1st path (commodity 0): 262 257 258 261 32  2nd path (commodity 0): 262 257 258 261 31 30 29 47 48 49 65 64 63 86 126 127  3rd path (commodity 0): 262 257 258 261 31 30 29 47 48 49 65 64 63 86 126 127 244 142 143  4th path (commodity 0): 262 257 258 261 31 30 29 47 48 49 65 64 63 86 126 127 244 142  5th path (commodity 1): 209 210 211 180 179 207  6th path (commodity 1): 209 210 211 180 179 207 206 205 177 250 249 248 170 155 143 307 244 113 112 102 103  
130	19,4385452000	5242315,0799999990	401572,0800000000	1st path (commodity 0): 262 257 258  2nd path (commodity 0): 262 257 258 261 31 30 29 47 48 49 65 64 63 86 126 127  3rd path (commodity 0): 262 257 258 261 31 30 29 47 48 49 65 64 63 86 126 127 244  4th path (commodity 0): 262 257 258 261 31 30 29 47 48 49 65 64 63 86 126 127 244 142  5th path (commodity 1): 209 210 211 180  6th path (commodity 1): 209 210 211 180 179 207 206 205 177 250 249 248 170 155 143 307 244 113 114  
131	19,5047335000	4943664,7599999990	415288,0000000000	1st path (commodity 0): 262 257 258 261 31 30  2nd path (commodity 0): 262 257 258 261 31 30 29 47 48 49 65 64 63 86 126 127 244  3rd path (commodity 0): 262 257 258 261 31 30 29 47 48 49 65 64 63 86 126 127  4th path (commodity 0): 262 257 258 261 31 30 29 47 48 49 65 64 63 86 126 127 244  5th path (commodity 1): 209 210 211 180 179 207 206 205 177 250 249  6th path (commodity 1): 209 210 211 180 179 207 206 205 177 250 249 248 170 155 143 307 244 113 112 102  
132	19,4453622000	5225674,0799999990	401572,0800000000	1st path (commodity 0): 262 257 258  2nd path (commodity 0): 262 257 258 261 31 30 29 47 48 49 65 64 63 86 126 127  3rd path (commodity 0): 262 257 258 261 31 30 29 47 48 49 65 64 63 86 126 127 244 142 143  4th path (commodity 0): 262 257 258 261 31 30 29 47 48 49 65 64 63 86 126 127 244 142 143 172  5th path (commodity 1): 209 210 211 180 179 207  6th path (commodity 1): 209 210 211 180 179 207 206 205 177 250 249 248 170 155 143 307 244 113 114  
133	19,4683362000	5181744,0799999990	401572,0800000000	1st path (commodity 0): 262 257 258 261 32  2nd path (commodity 0): 262 257 258 261 31 30 29 47 48 49 65 64 63 86 126 127 244 142 143 172  3rd path (commodity 0): 262 257 258 261 31 30 29 47 48 49 65 64 63 86 126 127 244 142 143  4th path (commodity 0): 262 257 258 261 31 30 29 47 48 49 65 64 63 86 126 127 244 142  5th path (commodity 1): 209 210 211 180 179 207  6th path (commodity 1): 209 210 211 180 179 207 206 205 177 250 249 248 170 155 143 307 244 113 114  
134	19,9362064000	4790793,5799999990	256724,0000000000	1st path (commodity 0): 262 257 258 261 32  2nd path (commodity 0): 262 257 258 261 31 30 29 47 48 49 65 64 63 86 126 127 244 142 143 172  3rd path (commodity 0): 262 257 258 261 31 30 29 47 48 49 65 64 63 86 126  4th path (commodity 0): 262 257 258 261 31 30 29 47 48 49 65 64 63 86 126 127 244 142  5th path (commodity 1): 209 210 211 180 179 207  6th path (commodity 1): 209 210 211 180 179 207 206 205 177 250 249 248 170 155 143 307 244 113 114 296 105  
135	19,9132324000	4834723,5799999990	311466,0000000000	1st path (commodity 0): 262 257 258 261 31  2nd path (commodity 0): 262 257 258 261 31 30 29 47 48 49 65 64 63 86 126 127  3rd path (commodity 0): 262 257 258 261 31 30 29 47 48 49 65 64 63 86 126 127 244  4th path (commodity 0): 262 257 258 261 31 30 29 47 48 49 65 64 63 86 126 127 244 142 143 172  5th path (commodity 1): 209 210 211 180 179 207 206 205 177 250  6th path (commodity 1): 209 210 211 180 179 207 206 205 177 250 249 248 170 155 143 307 244 113 114 296 105  
136	20,0364916000	4711236,5799999990	415288,0000000000	1st path (commodity 0): 262 261 32  2nd path (commodity 0): 262 257 258 261 31 30 29 47 48 49 65 64  3rd path (commodity 0): 262 257 258 261 31 30 29 47 48 49 65 64 63 86 126  4th path (commodity 0): 262 257 258 261 31 30 29 47 48 49 65 64 63 86  5th path (commodity 1): 209 210 211 180 179 207 206 205 177 250  6th path (commodity 1): 209 210 211 180 179 207 206 205 177 250 249 248 170 155 143 307 244 113 114 296 105  
139	19,4317282000	5258956,0799999990	415288,0000000000	1st path (commodity 0): 262  2nd path (commodity 0): 262 257 258 261 31 30 29 47 48 49 65 64  3rd path (commodity 0): 262 257 258 261 31 30 29 47 48 49 65 64 63  4th path (commodity 0): 262 257 258 261 31 30 29 47 48 49 65 64 63 86  5th path (commodity 1): 209 210 211 180 179 207 206 205  6th path (commodity 1): 209 210 211 180 179 207 206 205 177 250 249 248 170 155 143 307 244 113 114  
140	19,4317282000	5258956,0799999990	415288,0000000000	1st path (commodity 0): 262  2nd path (commodity 0): 262 257 258 261 31 30 29 47 48 49 65 64 63 86  3rd path (commodity 0): 262 257 258 261 31 30 29 47 48 49 65 64 63 86 126  4th path (commodity 0): 262 257 258 261 31 30 29 47 48 49 65 64 63 86  5th path (commodity 1): 209 210 211 180 179 207  6th path (commodity 1): 209 210 211 180 179 207 206 205 177 250 249 248 170 155 143 307 244 113 114  
141	19,5115505000	4927023,7599999990	311466,0000000000	1st path (commodity 0): 262 257 258  2nd path (commodity 0): 262 257 258 261 31 30 29 47 48 49 65 64 63 86 126 127  3rd path (commodity 0): 262 257 258 261 31 30 29 47 48 49 65 64 63 86 126 127 244  4th path (commodity 0): 262 257 258 261 31 30 29 47 48 49 65 64 63 86 126 127 244 142 143 172  5th path (commodity 1): 209 210 211 180 179 207 206 205  6th path (commodity 1): 209 210 211 180 179 207 206 205 177 250 249 248 170 155 143 307 244 113 112 102 103  
144	30,5819797000	5057336,7599999990	207644,0000000000	1st path (commodity 0): 262 257 258 261 31 30 29 47 46 45 231 62 63  2nd path (commodity 0): 262 257 258 261 31 30 29 47 48 49 65 64 63 86 126 127 244 142  3rd path (commodity 0): 262 257 258 261 31 30 29 47 48 49 65 64 63 86 126 127 244 307  4th path (commodity 0): 262 257 258 261 31 30 227 228 256 222 18 6 5 4 3 2 1 0 220 193  5th path (commodity 1): 209 210 211 180 179 207 206 205 177 250 249 248  6th path (commodity 1): 209 210 211 180 179 207 206 205 177 250 249 248 170 155 143 307 244 113 112  
145	19,9430234000	4774152,5799999990	273288,0000000000	1st path (commodity 0): 262 257 258 261 32 267  2nd path (commodity 0): 262 257 258 261 31 30 29 47 48 49 65 64 63 86 126 127 244 142 143  3rd path (commodity 0): 262 257 258 261 31 30 29 47 48 49 65 64 63 86 126 127 244 142  4th path (commodity 0): 262 257 258 261 31 30 29 47 48 49 65 64 63 86 126 127 244 142 143  5th path (commodity 1): 209 210 211 180 179 207 206 205 177  6th path (commodity 1): 209 210 211 180 179 207 206 205 177 250 249 248 170 155 143 307 244 113 114 296  
146	19,5345245000	4883093,7599999990	256724,0000000000	1st path (commodity 0): 262 257 258 261 32  2nd path (commodity 0): 262 257 258 261 31 30 29 47 48 49 65 64 63 86 126 127 244 142  3rd path (commodity 0): 262 257 258 261 31 30 29 47 48 49 65 64 63 86 126 127 244 142 143  4th path (commodity 0): 262 257 258 261 31 30 29 47 48 49 65 64 63 86 126 127  5th path (commodity 1): 209 210 211 180 179 207  6th path (commodity 1): 209 210 211 180 179 207 206 205 177 250 249 248 170 155 143 307 244 113 112 102 103 104 105  
148	19,4615192000	5198385,0799999990	401572,0800000000	1st path (commodity 0): 262 257 258 261 32  2nd path (commodity 0): 262 257 258 261 31 30 29 47 48 49 65 64 63 86 126 127 244 142  3rd path (commodity 0): 262 257 258 261 31 30 29 47 48 49 65 64 63 86 126 127 244 142 143  4th path (commodity 0): 262 257 258 261 31 30 29 47 48 49 65 64 63 86 126 127 244 307  5th path (commodity 1): 209 210 211 180 179 207  6th path (commodity 1): 209 210 211 180 179 207 206 205 177 250 249 248 170 155 143 307 244 113 114  
149	19,4683362000	5181744,0799999990	401572,0800000000	1st path (commodity 0): 262 257 258 261 32 267 266  2nd path (commodity 0): 262 257 258 261 31 30 29 47 48 49 65 64 63 86 126 127 244 142  3rd path (commodity 0): 262 257 258 261 31 30 29 47 48 49 65 64 63 86 126 127 244 142 143  4th path (commodity 0): 262 257 258 261 31 30 29 47 48 49 65 64 63 86 126 127 244 142  5th path (commodity 1): 209 210 211 180 179 207  6th path (commodity 1): 209 210 211 180 179 207 206 205 177 250 249 248 170 155 143 307 244 113 114  
150	19,5047335000	4943664,7599999990	415288,0000000000	1st path (commodity 0): 262 257 258 261 31  2nd path (commodity 0): 262 257 258 261 31 30 29 47 48 49 65 64 63 86 126 127 244 307  3rd path (commodity 0): 262 257 258 261 31 30 29 47 48 49 65 64 63 86 126  4th path (commodity 0): 262 257 258 261 31 30 29 47 48 49 65 64 63 86 126 127  5th path (commodity 1): 209 210 211 180 179 207 206 205 177 250  6th path (commodity 1): 209 210 211 180 179 207 206 205 177 250 249 248 170 155 143 307 244 113 112 102 103  
152	30,0276307000	5077163,7599999990	207644,0000000000	1st path (commodity 0): 262 257 258 261 31  2nd path (commodity 0): 262 257 258 261 31 30 29 47 48 49 65 64 63 86 126 127 244 307  3rd path (commodity 0): 262 257 258 261 31 30 29 47 48 49 65 64 63 86 126 127 244 142  4th path (commodity 0): 262 257 258 261 31 30 227 228 256 222 18 6 5 4 3 2 1 0 220 193  5th path (commodity 1): 209 210 211 180  6th path (commodity 1): 209 210 211 180 179 207 206 205 177 250 249 248 170 155 143 307 244 113 112  
154	19,5047335000	4943664,7599999990	415288,0000000000	1st path (commodity 0): 262 257 258 261 31 30  2nd path (commodity 0): 262 257 258 261 31 30 29 47 48 49 65 64 63 86 126 127 244  3rd path (commodity 0): 262 257 258 261 31 30 29 47 48 49 65 64 63 86  4th path (commodity 0): 262 257 258 261 31 30 29 47 48 49 65 64 63 86 126  5th path (commodity 1): 209 210 211 180 179 207 206  6th path (commodity 1): 209 210 211 180 179 207 206 205 177 250 249 248 170 155 143 307 244 113 112 102  
155	19,9362064000	4790793,5799999990	256724,0000000000	1st path (commodity 0): 262 257 258 261 32  2nd path (commodity 0): 262 257 258 261 31 30 29 47 48 49 65 64 63 86 126 127 244 142 143 172  3rd path (commodity 0): 262 257 258 261 31 30 29 47 48 49 65 64 63 86 126 127 244  4th path (commodity 0): 262 257 258 261 31 30 29 47 48 49 65 64 63 86 126 127 244 142  5th path (commodity 1): 209 210 211 180 179 207  6th path (commodity 1): 209 210 211 180 179 207 206 205 177 250 249 248 170 155 143 307 244 113 114 296 105  
157	19,9430234000	4774152,5799999990	273288,0000000000	1st path (commodity 0): 262 257 258 261 32  2nd path (commodity 0): 262 257 258 261 31 30 29 47 48 49 65 64 63 86 126 127 244 142  3rd path (commodity 0): 262 257 258 261 31 30 29 47 48 49 65 64 63 86 126 127 244 142 143  4th path (commodity 0): 262 257 258 261 31 30 29 47 48 49 65 64 63 86 126 127 244 142 143 172  5th path (commodity 1): 209 210 211 180 179 207 206 205  6th path (commodity 1): 209 210 211 180 179 207 206 205 177 250 249 248 170 155 143 307 244 113 114 296 105  
158	19,9064154000	4851364,5799999990	415288,0000000000	1st path (commodity 0): 262 257 258 261  2nd path (commodity 0): 262 257 258 261 31 30 29 47 48 49 65 64 63 86 126 127 244  3rd path (commodity 0): 262 257 258 261 31 30 29 47 48 49 65 64 63 86 126 127  4th path (commodity 0): 262 257 258 261 31 30 29 47 48 49 65 64 63 86 126 127 244  5th path (commodity 1): 209 210 211 180 179  6th path (commodity 1): 209 210 211 180 179 207 206 205 177 250 249 248 170 155 143 307 244 113 114 296  
163	19,4385452000	5242315,0799999990	401572,0800000000	1st path (commodity 0): 262 257 258  2nd path (commodity 0): 262 257 258 261 31 30 29 47 48 49 65 64 63 86 126 127 244 307  3rd path (commodity 0): 262 257 258 261 31 30 29 47 48 49 65 64 63 86 126 127 244  4th path (commodity 0): 262 257 258 261 31 30 29 47 48 49 65 64 63 86 126 127 244 142  5th path (commodity 1): 209 210 211 180 179 207 206 205  6th path (commodity 1): 209 210 211 180 179 207 206 205 177 250 249 248 170 155 143 307 244 113 114  
164	19,9362064000	4790793,5799999990	256724,0000000000	1st path (commodity 0): 262 257 258 261 32  2nd path (commodity 0): 262 257 258 261 31 30 29 47 48 49 65 64 63 86 126 127 244 142  3rd path (commodity 0): 262 257 258 261 31 30 29 47 48 49 65 64 63 86 126 127 244 142 143  4th path (commodity 0): 262 257 258 261 31 30 29 47 48 49 65 64 63 86 126 127  5th path (commodity 1): 209 210 211 180 179 207  6th path (commodity 1): 209 210 211 180 179 207 206 205 177 250 249 248 170 155 143 307 244 113 114 296 105  
166	19,9200494000	4818082,5799999990	256724,0000000000	1st path (commodity 0): 262 257 258 261  2nd path (commodity 0): 262 257 258 261 31 30 29 47 48 49 65 64 63 86 126 127 244 142 143  3rd path (commodity 0): 262 257 258 261 31 30 29 47 48 49 65 64 63 86 126 127 244 142  4th path (commodity 0): 262 257 258 261 31 30 29 47 48 49 65 64 63 86 126 127 244  5th path (commodity 1): 209 210 211 180 179 207 206  6th path (commodity 1): 209 210 211 180 179 207 206 205 177 250 249 248 170 155 143 307 244 113 114 296  
167	19,4521792000	5209033,0799999990	401572,0800000000	1st path (commodity 0): 262 257 258  2nd path (commodity 0): 262 257 258 261 31 30 29 47 48 49 65 64 63 86 126 127 244 142 143 172  3rd path (commodity 0): 262 257 258 261 31 30 29 47 48 49 65 64 63 86 126 127 244 142 143  4th path (commodity 0): 262 257 258 261 31 30 29 47 48 49 65 64 63 86 126 127 244 142  5th path (commodity 1): 209 210 211 180 179 207  6th path (commodity 1): 209 210 211 180 179 207 206 205 177 250 249 248 170 155 143 307 244 113 114  
168	20,0364916000	4711236,5799999990	415288,0000000000	1st path (commodity 0): 262 261 32 267  2nd path (commodity 0): 262 257 258 261 31 30 29 47 48 49 65 64 63  3rd path (commodity 0): 262 257 258 261 31 30 29 47 48 49 65 64  4th path (commodity 0): 262 257 258 261 31 30 29 47 48 49 65 64 63  5th path (commodity 1): 209 210 211 180 179  6th path (commodity 1): 209 210 211 180 179 207 206 205 177 250 249 248 170 155 143 307 244 113 114 296  
169	20,0203346000	4738525,5799999990	415288,0000000000	1st path (commodity 0): 262 261  2nd path (commodity 0): 262 257 258 261 31 30 29 47 48 49 65 64 63  3rd path (commodity 0): 262 257 258 261 31 30 29 47 48 49 65 64 63 86  4th path (commodity 0): 262 257 258 261 31 30 29 47 48 49 65 64 63  5th path (commodity 1): 209 210 211 180 179 207 206 205 177  6th path (commodity 1): 209 210 211 180 179 207 206 205 177 250 249 248 170 155 143 307 244 113 114 296  
170	30,0276307000	5077163,7599999990	207644,0000000000	1st path (commodity 0): 262 257 258 261 31 30  2nd path (commodity 0): 262 257 258 261 31 30 29 47 48 49 65 64 63 86 126 127 244 307 143  3rd path (commodity 0): 262 257 258 261 31 30 29 47 48 49 65 64 63 86 126 127 244 142 143  4th path (commodity 0): 262 257 258 261 31 30 227 228 256 222 18 6 5 4 3 2 1 0 220  5th path (commodity 1): 209 210 211 180 179  6th path (commodity 1): 209 210 211 180 179 207 206 205 177 250 249 248 170 155 143 307 244 113 112 102  
171	19,5413415000	4866452,7599999990	273288,0000000000	1st path (commodity 0): 262 257 258 261 32  2nd path (commodity 0): 262 257 258 261 31 30 29 47 48 49 65 64 63 86 126 127 244 142  3rd path (commodity 0): 262 257 258 261 31 30 29 47 48 49 65 64 63 86 126 127 244 142 143  4th path (commodity 0): 262 257 258 261 31 30 29 47 48 49 65 64 63 86 126 127 244 142  5th path (commodity 1): 209 210 211 180 179 207 206 205  6th path (commodity 1): 209 210 211 180 179 207 206 205 177 250 249 248 170 155 143 307 244 113 112 102 103  
172	19,9132324000	4834723,5799999990	311466,0000000000	1st path (commodity 0): 262 257 258 261  2nd path (commodity 0): 262 257 258 261 31 30 29 47 48 49 65 64 63 86 126 127 244  3rd path (commodity 0): 262 257 258 261 31 30 29 47 48 49 65 64 63 86 126 127 244 142  4th path (commodity 0): 262 257 258 261 31 30 29 47 48 49 65 64 63 86 126  5th path (commodity 1): 209 210 211 180 179 207 206  6th path (commodity 1): 209 210 211 180 179 207 206 205 177 250 249 248 170 155 143 307 244 113 114 296  
173	19,5345245000	4883093,7599999990	256724,0000000000	1st path (commodity 0): 262 257 258 261 32  2nd path (commodity 0): 262 257 258 261 31 30 29 47 48 49 65 64 63 86 126 127 244 142  3rd path (commodity 0): 262 257 258 261 31 30 29 47 48 49 65 64 63 86 126 127 244 142 143  4th path (commodity 0): 262 257 258 261 31 30 29 47 48 49 65 64 63 86  5th path (commodity 1): 209 210 211 180  6th path (commodity 1): 209 210 211 180 179 207 206 205 177 250 249 248 170 155 143 307 244 113 112 102 103 104 105  
175	19,9430234000	4774152,5799999990	273288,0000000000	1st path (commodity 0): 262 257 258 261 32  2nd path (commodity 0): 262 257 258 261 31 30 29 47 48 49 65 64 63 86 126 127 244 142  3rd path (commodity 0): 262 257 258 261 31 30 29 47 48 49 65 64 63 86 126 127 244 142 143  4th path (commodity 0): 262 257 258 261 31 30 29 47 48 49 65 64 63 86 126 127 244 142 143 172  5th path (commodity 1): 209 210 211 180 179 207 206 205  6th path (commodity 1): 209 210 211 180 179 207 206 205 177 250 249 248 170 155 143 307 244 113 114 296 105  
177	19,9430234000	4774152,5799999990	273288,0000000000	1st path (commodity 0): 262 257 258 261 32 267  2nd path (commodity 0): 262 257 258 261 31 30 29 47 48 49 65 64 63 86 126 127 244 142 143  3rd path (commodity 0): 262 257 258 261 31 30 29 47 48 49 65 64 63 86 126 127 244 142  4th path (commodity 0): 262 257 258 261 31 30 29 47 48 49 65 64 63 86 126 127 244 142 143  5th path (commodity 1): 209 210 211 180 179 207 206  6th path (commodity 1): 209 210 211 180 179 207 206 205 177 250 249 248 170 155 143 307 244 113 114 296  
178	19,9200494000	4818082,5799999990	256724,0000000000	1st path (commodity 0): 262 257 258 261  2nd path (commodity 0): 262 257 258 261 31 30 29 47 48 49 65 64 63 86 126 127 244  3rd path (commodity 0): 262 257 258 261 31 30 29 47 48 49 65 64 63 86 126 127 244 142  4th path (commodity 0): 262 257 258 261 31 30 29 47 48 49 65 64 63 86 126 127 244 142 143 172 173  5th path (commodity 1): 209 210 211 180 179 207 206  6th path (commodity 1): 209 210 211 180 179 207 206 205 177 250 249 248 170 155 143 307 244 113 114 296  
181	19,5251845000	4893741,7599999990	273288,0000000000	1st path (commodity 0): 262 257 258 261  2nd path (commodity 0): 262 257 258 261 31 30 29 47 48 49 65 64 63 86 126 127 244 142 143  3rd path (commodity 0): 262 257 258 261 31 30 29 47 48 49 65 64 63 86 126 127 244 142 143 172  4th path (commodity 0): 262 257 258 261 31 30 29 47 48 49 65 64 63 86 126 127 244 142 143  5th path (commodity 1): 209 210 211 180 179 207 206  6th path (commodity 1): 209 210 211 180 179 207 206 205 177 250 249 248 170 155 143 307 244 113 112 102  
182	19,9268664000	4801441,5799999990	273288,0000000000	1st path (commodity 0): 262 257 258  2nd path (commodity 0): 262 257 258 261 31 30 29 47 48 49 65 64 63 86 126 127 244 142  3rd path (commodity 0): 262 257 258 261 31 30 29 47 48 49 65 64 63 86 126 127 244 142 143  4th path (commodity 0): 262 257 258 261 31 30 29 47 48 49 65 64 63 86 126 127 244 142 143 172  5th path (commodity 1): 209 210 211 180 179 207  6th path (commodity 1): 209 210 211 180 179 207 206 205 177 250 249 248 170 155 143 307 244 113 114 296 105  
183	20,0364916000	4711236,5799999990	415288,0000000000	1st path (commodity 0): 262 261 32  2nd path (commodity 0): 262 257 258 261 31 30 29 47 48 49 65 64 63 86  3rd path (commodity 0): 262 257 258 261 31 30 29 47 48 49 65 64 63  4th path (commodity 0): 262 257 258 261 31 30 29 47 48 49 65 64 63 86  5th path (commodity 1): 209 210 211 180 179 207  6th path (commodity 1): 209 210 211 180 179 207 206 205 177 250 249 248 170 155 143 307 244 113 114 296 105  
184	19,5183675000	4910382,7599999990	256724,0000000000	1st path (commodity 0): 262 257 258 261 31 30  2nd path (commodity 0): 262 257 258 261 31 30 29 47 48 49 65 64 63 86 126 127 244 142 143  3rd path (commodity 0): 262 257 258 261 31 30 29 47 48 49 65 64 63 86 126 127 244 142  4th path (commodity 0): 262 257 258 261 31 30 29 47 48 49 65 64 63 86 126  5th path (commodity 1): 209 210 211 180 179 207 206 205 177  6th path (commodity 1): 209 210 211 180 179 207 206 205 177 250 249 248 170 155 143 307 244 113 112 102  
185	19,9132324000	4834723,5799999990	311466,0000000000	1st path (commodity 0): 262 257 258 261  2nd path (commodity 0): 262 257 258 261 31 30 29 47 48 49 65 64 63 86 126 127 244  3rd path (commodity 0): 262 257 258 261 31 30 29 47 48 49 65 64 63 86 126 127 244 307  4th path (commodity 0): 262 257 258 261 31 30 29 47 48 49 65 64 63 86 126 127 244 142 143  5th path (commodity 1): 209 210 211 180 179  6th path (commodity 1): 209 210 211 180 179 207 206 205 177 250 249 248 170 155 143 307 244 113 114 296  
186	19,4385452000	5242315,0799999990	401572,0800000000	1st path (commodity 0): 262 257 258 261 31 30 29  2nd path (commodity 0): 262 257 258 261 31 30 29 47 48 49 65 64 63 86 126 127 244 307  3rd path (commodity 0): 262 257 258 261 31 30 29 47 48 49 65 64 63 86 126  4th path (commodity 0): 262 257 258 261 31 30 29 47 48 49 65 64 63 86 126 127 244 142  5th path (commodity 1): 209 210 211 180 179 207 206 205  6th path (commodity 1): 209 210 211 180 179 207 206 205 177 250 249 248 170 155 143 307 244 113 114  
188	19,9430234000	4774152,5799999990	273288,0000000000	1st path (commodity 0): 262 257 258 261 32 267  2nd path (commodity 0): 262 257 258 261 31 30 29 47 48 49 65 64 63 86 126 127 244 142 143  3rd path (commodity 0): 262 257 258 261 31 30 29 47 48 49 65 64 63 86 126 127 244 142  4th path (commodity 0): 262 257 258 261 31 30 29 47 48 49 65 64 63 86 126 127 244 142 143  5th path (commodity 1): 209 210 211 180 179 207 206  6th path (commodity 1): 209 210 211 180 179 207 206 205 177 250 249 248 170 155 143 307 244 113 114 296  
191	19,9268664000	4801441,5799999990	273288,0000000000	1st path (commodity 0): 262 257 258 261  2nd path (commodity 0): 262 257 258 261 31 30 29 47 48 49 65 64 63 86 126 127 244 142 143  3rd path (commodity 0): 262 257 258 261 31 30 29 47 48 49 65 64 63 86 126 127 244 142 143 172  4th path (commodity 0): 262 257 258 261 31 30 29 47 48 49 65 64 63 86 126 127 244 142 143  5th path (commodity 1): 209 210 211 180 179 207 206  6th path (commodity 1): 209 210 211 180 179 207 206 205 177 250 249 248 170 155 143 307 244 113 114 296  
192	19,9132324000	4834723,5799999990	311466,0000000000	1st path (commodity 0): 262 257 258 261 31  2nd path (commodity 0): 262 257 258 261 31 30 29 47 48 49 65 64 63 86 126 127  3rd path (commodity 0): 262 257 258 261 31 30 29 47 48 49 65 64 63 86 126 127 244  4th path (commodity 0): 262 257 258 261 31 30 29 47 48 49 65 64 63 86 126 127 244 142  5th path (commodity 1): 209 210 211 180 179 207  6th path (commodity 1): 209 210 211 180 179 207 206 205 177 250 249 248 170 155 143 307 244 113 114 296 105  
194	19,9064154000	4851364,5799999990	415288,0000000000	1st path (commodity 0): 262  2nd path (commodity 0): 262 257 258 261 31 30 29 47 48 49 65 64  3rd path (commodity 0): 262 257 258 261 31 30 29 47 48 49 65  4th path (commodity 0): 262 257 258 261 31 30 29 47 48 49 65 64  5th path (commodity 1): 209 210 211 180 179 207 206 205  6th path (commodity 1): 209 210 211 180 179 207 206 205 177 250 249 248 170 155 143 307 244 113 114 296 105  
195	19,5183675000	4910382,7599999990	256724,0000000000	1st path (commodity 0): 262 257 258 261  2nd path (commodity 0): 262 257 258 261 31 30 29 47 48 49 65 64 63 86 126 127 244  3rd path (commodity 0): 262 257 258 261 31 30 29 47 48 49 65 64 63 86 126 127 244 142  4th path (commodity 0): 262 257 258 261 31 30 29 47 48 49 65 64 63 86 126 127 244 142 143  5th path (commodity 1): 209 210 211 180 179 207 206  6th path (commodity 1): 209 210 211 180 179 207 206 205 177 250 249 248 170 155 143 307 244 113 112 102 103 104  
196	19,4453622000	5225674,0799999990	401572,0800000000	1st path (commodity 0): 262 257 258 261  2nd path (commodity 0): 262 257 258 261 31 30 29 47 48 49 65 64 63 86 126 127 244 142 143  3rd path (commodity 0): 262 257 258 261 31 30 29 47 48 49 65 64 63 86 126 127 244 142  4th path (commodity 0): 262 257 258 261 31 30 29 47 48 49 65 64 63 86 126 127 244  5th path (commodity 1): 209 210 211 180 179 207 206 205 177 250 249  6th path (commodity 1): 209 210 211 180 179 207 206 205 177 250 249 248 170 155 143 307 244 113  
197	19,9064154000	4851364,5799999990	415288,0000000000	1st path (commodity 0): 262 257 258 261 31  2nd path (commodity 0): 262 257 258 261 31 30 29 47 48 49 65 64 63 86 126 127  3rd path (commodity 0): 262 257 258 261 31 30 29 47 48 49 65 64 63 86 126 127 244  4th path (commodity 0): 262 257 258 261 31 30 29 47 48 49 65 64 63 86 126 127 244 307  5th path (commodity 1): 209 210 211 180  6th path (commodity 1): 209 210 211 180 179 207 206 205 177 250 249 248 170 155 143 307 244 113 114 296 105  
198	19,4521792000	5209033,0799999990	401572,0800000000	1st path (commodity 0): 262 257  2nd path (commodity 0): 262 257 258 261 31 30 29 47 48 49 65 64 63 86 126 127 244 142 143  3rd path (commodity 0): 262 257 258 261 31 30 29 47 48 49 65 64 63 86 126 127 244 142  4th path (commodity 0): 262 257 258 261 31 30 29 47 48 49 65 64 63 86 126 127 244 142 143  5th path (commodity 1): 209 210 211 180 179  6th path (commodity 1): 209 210 211 180 179 207 206 205 177 250 249 248 170 155 143 307 244 113  
199	19,5183675000	4910382,7599999990	256724,0000000000	1st path (commodity 0): 262 257 258 261  2nd path (commodity 0): 262 257 258 261 31 30 29 47 48 49 65 64 63 86 126 127 244  3rd path (commodity 0): 262 257 258 261 31 30 29 47 48 49 65 64 63 86 126 127 244 142  4th path (commodity 0): 262 257 258 261 31 30 29 47 48 49 65 64 63 86 126 127 244 142 143  5th path (commodity 1): 209 210 211 180 179 207 206 205 177  6th path (commodity 1): 209 210 211 180 179 207 206 205 177 250 249 248 170 155 143 307 244 113 112 102  
END
