3.426891e+02 1.031636e+08 6.100764e+06 
3.347366e+02 1.027441e+08 6.100764e+06 
3.617287e+02 1.025387e+08 6.486583e+06 
3.377334e+02 9.247145e+07 6.486583e+06 
3.130658e+02 8.936475e+07 6.100764e+06 
3.472884e+02 1.091520e+08 6.390128e+06 
3.523281e+02 1.015030e+08 6.486583e+06 
3.539275e+02 1.054552e+08 6.100764e+06 
3.280466e+02 1.035507e+08 6.390128e+06 
3.152657e+02 9.935917e+07 5.787286e+06 
3.319541e+02 1.097245e+08 6.293673e+06 
3.360830e+02 1.037143e+08 6.679492e+06 
3.473858e+02 1.010245e+08 6.100764e+06 
3.275528e+02 1.081908e+08 6.462470e+06 
3.631501e+02 9.832478e+07 6.486583e+06 
3.626191e+02 9.936865e+07 5.425580e+06 
3.714281e+02 9.937885e+07 6.583038e+06 
3.662141e+02 1.023084e+08 6.679492e+06 
3.420200e+02 9.722891e+07 5.883741e+06 
3.123152e+02 1.019725e+08 6.486583e+06 
3.326732e+02 1.072398e+08 6.679492e+06 
3.347813e+02 1.057891e+08 6.293673e+06 
3.098274e+02 9.918257e+07 6.293673e+06 
3.123731e+02 1.148001e+08 6.679492e+06 
3.583734e+02 9.935359e+07 6.004309e+06 
3.779958e+02 1.008083e+08 6.100764e+06 
3.768610e+02 1.016758e+08 6.293673e+06 
3.207271e+02 9.858902e+07 6.486583e+06 
3.393811e+02 1.021019e+08 6.004309e+06 
3.224417e+02 9.858246e+07 6.100764e+06 
3.259837e+02 9.372247e+07 6.679492e+06 
3.310766e+02 9.543349e+07 6.486583e+06 
3.720172e+02 1.084250e+08 6.390128e+06 
3.119087e+02 1.000611e+08 6.293673e+06 
3.394602e+02 1.003314e+08 6.486583e+06 
3.877043e+02 1.002220e+08 6.293673e+06 
3.416366e+02 1.084854e+08 6.100764e+06 
3.612495e+02 1.003628e+08 6.197218e+06 
3.256930e+02 1.064319e+08 6.486583e+06 
3.608957e+02 1.012987e+08 6.173105e+06 
3.624237e+02 1.017560e+08 6.486583e+06 
3.125605e+02 1.004700e+08 6.100764e+06 
3.360430e+02 1.013472e+08 6.486583e+06 
3.473775e+02 1.078089e+08 6.293673e+06 
3.068599e+02 9.239924e+07 5.787286e+06 
3.150212e+02 1.023924e+08 6.486583e+06 
3.393110e+02 1.012741e+08 6.293673e+06 
3.197244e+02 1.028439e+08 6.293673e+06 
3.336545e+02 9.764770e+07 6.293673e+06 
3.080365e+02 9.724216e+07 6.486583e+06 
3.420101e+02 1.045916e+08 6.100764e+06 
3.481655e+02 1.045218e+08 6.390128e+06 
3.497604e+02 1.045527e+08 6.293673e+06 
3.657537e+02 1.061682e+08 6.100764e+06 
3.061472e+02 9.818326e+07 6.293673e+06 
3.301795e+02 1.097398e+08 6.486583e+06 
3.261098e+02 1.035434e+08 6.486583e+06 
3.423240e+02 1.034873e+08 6.293673e+06 
3.486862e+02 1.040042e+08 6.269560e+06 
3.384032e+02 9.212276e+07 6.100764e+06 
3.766933e+02 1.028006e+08 6.390128e+06 
3.307305e+02 9.920257e+07 6.100764e+06 
3.321665e+02 1.085460e+08 6.293673e+06 
3.900163e+02 1.038525e+08 6.197218e+06 
3.174121e+02 9.626749e+07 6.293673e+06 
3.352943e+02 1.095480e+08 6.293673e+06 
3.656947e+02 1.037519e+08 6.583038e+06 
3.402643e+02 1.028712e+08 6.486583e+06 
3.086266e+02 9.723678e+07 6.486583e+06 
3.266919e+02 1.001689e+08 5.907854e+06 
3.134396e+02 1.043901e+08 6.679492e+06 
3.256586e+02 9.832356e+07 6.486583e+06 
3.397299e+02 9.257470e+07 6.293673e+06 
3.704731e+02 1.049861e+08 6.583038e+06 
3.584411e+02 1.044390e+08 6.004309e+06 
3.614148e+02 1.007435e+08 6.486583e+06 
3.420751e+02 1.014984e+08 6.293673e+06 
3.332773e+02 1.063861e+08 6.583038e+06 
3.493513e+02 9.909746e+07 5.618490e+06 
3.446756e+02 1.104585e+08 6.583038e+06 
3.241307e+02 1.050938e+08 6.486583e+06 
3.245895e+02 1.011637e+08 6.583038e+06 
3.344734e+02 1.023213e+08 6.390128e+06 
3.476236e+02 1.004480e+08 6.293673e+06 
3.465291e+02 1.088177e+08 6.366015e+06 
3.577625e+02 1.030457e+08 6.293673e+06 
2.984222e+02 9.751093e+07 6.558924e+06 
3.285956e+02 1.026194e+08 6.679492e+06 
3.426267e+02 1.075083e+08 6.293673e+06 
3.544678e+02 1.014695e+08 6.486583e+06 
3.673814e+02 1.001264e+08 5.907854e+06 
3.250708e+02 1.025987e+08 6.293673e+06 
3.638914e+02 9.938649e+07 6.679492e+06 
3.504492e+02 1.029241e+08 5.907854e+06 
3.304757e+02 1.072276e+08 6.679492e+06 
3.403262e+02 1.032651e+08 6.293673e+06 
3.149774e+02 1.027327e+08 6.390128e+06 
3.428920e+02 1.046657e+08 6.100764e+06 
3.665056e+02 1.042003e+08 5.907854e+06 
3.116064e+02 1.021064e+08 6.197218e+06 

3.205145e+02 1.017170e+08 6.679492e+06 
3.155717e+02 9.919590e+07 6.173105e+06 
3.268913e+02 1.030284e+08 6.486583e+06 
3.387539e+02 1.045352e+08 5.787286e+06 
3.483820e+02 1.013978e+08 6.076650e+06 
3.118654e+02 1.066633e+08 6.486583e+06 
3.379547e+02 1.042828e+08 6.100764e+06 
3.017348e+02 1.033859e+08 6.486583e+06 
3.613760e+02 1.007964e+08 6.197218e+06 
3.320751e+02 1.079746e+08 6.293673e+06 
3.172160e+02 9.675386e+07 6.293673e+06 
3.305786e+02 1.044240e+08 6.390128e+06 
3.229338e+02 9.921919e+07 5.980196e+06 
3.359370e+02 1.004391e+08 6.293673e+06 
3.134568e+02 1.007677e+08 5.907854e+06 
3.676630e+02 1.020357e+08 6.100764e+06 
3.296765e+02 9.949624e+07 5.907854e+06 
3.394814e+02 1.097729e+08 6.486583e+06 
3.476163e+02 9.839835e+07 6.293673e+06 
3.615916e+02 1.016887e+08 5.907854e+06 
3.330070e+02 9.102610e+07 5.618490e+06 
3.412834e+02 1.079228e+08 6.486583e+06 
3.348157e+02 1.074387e+08 6.390128e+06 
3.799898e+02 9.209730e+07 6.293673e+06 
3.361716e+02 1.060778e+08 6.100764e+06 
3.433049e+02 1.042407e+08 6.293673e+06 
3.437026e+02 1.062282e+08 6.583038e+06 
3.322646e+02 9.924928e+07 6.197218e+06 
3.208437e+02 9.673290e+07 6.679492e+06 
3.369510e+02 1.013558e+08 6.293673e+06 
3.262108e+02 1.044604e+08 6.583038e+06 
3.395665e+02 1.032883e+08 6.486583e+06 
3.581519e+02 1.025515e+08 6.679492e+06 
3.175385e+02 1.033567e+08 5.714944e+06 
3.337328e+02 1.040954e+08 6.486583e+06 
3.299745e+02 9.914982e+07 6.004309e+06 
3.290428e+02 9.799330e+07 6.486583e+06 
3.510648e+02 1.019058e+08 6.197218e+06 
3.372835e+02 1.016431e+08 6.486583e+06 
3.368605e+02 1.025850e+08 6.366015e+06 
3.465759e+02 1.019352e+08 6.366015e+06 
3.201155e+02 1.021144e+08 6.293673e+06 
3.223898e+02 9.599378e+07 6.293673e+06 
3.046436e+02 9.515101e+07 6.486583e+06 
3.386301e+02 9.551639e+07 6.197218e+06 
3.107454e+02 1.044864e+08 6.293673e+06 
3.326322e+02 1.066439e+08 6.679492e+06 
3.528561e+02 9.857966e+07 5.907854e+06 
3.179512e+02 1.073966e+08 6.486583e+06 
3.050820e+02 9.520075e+07 6.486583e+06 
3.532798e+02 9.950001e+07 6.197218e+06 
3.469328e+02 1.074800e+08 6.679492e+06 
3.334722e+02 9.648611e+07 5.907854e+06 
3.375361e+02 1.121456e+08 6.293673e+06 
3.381528e+02 1.028295e+08 6.486583e+06 
3.540932e+02 1.039624e+08 6.100764e+06 
3.167471e+02 1.014763e+08 6.293673e+06 
3.576510e+02 9.430517e+07 6.100764e+06 
3.688557e+02 1.011130e+08 6.486583e+06 
3.538308e+02 1.081077e+08 6.486583e+06 
3.555622e+02 9.261784e+07 6.197218e+06 
3.491520e+02 9.576055e+07 6.558924e+06 
3.339517e+02 1.034449e+08 6.100764e+06 
3.249204e+02 9.361919e+07 6.293673e+06 
3.324660e+02 1.040505e+08 6.679492e+06 
3.326691e+02 9.775142e+07 6.197218e+06 
3.234384e+02 9.860585e+07 6.293673e+06 
3.405417e+02 1.080248e+08 6.293673e+06 
3.573204e+02 1.057980e+08 6.100764e+06 
3.390455e+02 1.010130e+08 6.293673e+06 
3.683609e+02 1.064183e+08 6.293673e+06 
3.431261e+02 9.683694e+07 6.390128e+06 
3.395040e+02 9.651522e+07 6.100764e+06 
3.214540e+02 1.102804e+08 5.980196e+06 
3.395880e+02 1.080964e+08 6.390128e+06 
3.082840e+02 1.047648e+08 6.390128e+06 
3.662109e+02 1.011986e+08 6.486583e+06 
3.345616e+02 1.041668e+08 6.486583e+06 
3.176930e+02 1.052401e+08 6.486583e+06 
3.590088e+02 1.043584e+08 6.293673e+06 
3.564375e+02 9.864186e+07 6.293673e+06 
3.113283e+02 1.067217e+08 6.486583e+06 
3.440780e+02 1.058384e+08 5.907854e+06 
3.156758e+02 1.014810e+08 6.293673e+06 
3.562007e+02 1.066288e+08 6.679492e+06 
3.103907e+02 1.018434e+08 6.293673e+06 
3.235702e+02 1.006448e+08 6.293673e+06 
3.833879e+02 1.080100e+08 6.293673e+06 
3.498967e+02 9.584615e+07 6.173105e+06 
3.365105e+02 1.082649e+08 6.486583e+06 
3.371085e+02 1.044317e+08 5.787286e+06 
3.141463e+02 1.056141e+08 6.197218e+06 
3.357688e+02 9.944794e+07 6.293673e+06 
3.341940e+02 1.112823e+08 6.293673e+06 
3.494850e+02 1.002327e+08 6.100764e+06 
3.435499e+02 9.738829e+07 6.486583e+06 
3.324662e+02 1.027954e+08 6.293673e+06 
3.529392e+02 1.033747e+08 6.486583e+06 
3.474796e+02 9.433677e+07 6.004309e+06 
3.308938e+02 9.862642e+07 6.366015e+06 

3.425841e+02 1.072838e+08 6.679492e+06 
3.559011e+02 1.018131e+08 6.293673e+06 
3.480234e+02 1.056354e+08 6.293673e+06 
3.315311e+02 1.013085e+08 6.100764e+06 
3.031679e+02 1.067528e+08 6.486583e+06 
3.131526e+02 1.107937e+08 6.679492e+06 
3.314731e+02 1.022189e+08 6.100764e+06 
3.274812e+02 1.065546e+08 6.390128e+06 
3.645868e+02 1.033444e+08 6.100764e+06 
3.485262e+02 9.732127e+07 6.100764e+06 
3.244406e+02 9.883961e+07 6.293673e+06 
3.229341e+02 1.040789e+08 6.679492e+06 
3.122153e+02 1.082564e+08 6.486583e+06 
3.459426e+02 9.185678e+07 6.679492e+06 
3.397309e+02 1.013340e+08 6.390128e+06 
3.446589e+02 1.051453e+08 6.583038e+06 
3.183952e+02 9.261097e+07 6.100764e+06 
3.449714e+02 1.100490e+08 6.486583e+06 
3.511234e+02 1.007507e+08 6.100764e+06 
3.526914e+02 1.063633e+08 6.679492e+06 
3.479534e+02 1.065061e+08 6.100764e+06 
3.327237e+02 9.931281e+07 6.100764e+06 
3.248798e+02 9.723594e+07 6.486583e+06 
3.806484e+02 1.031500e+08 6.293673e+06 
3.430470e+02 9.692622e+07 5.618490e+06 
3.305418e+02 9.826651e+07 6.486583e+06 
3.265274e+02 1.005143e+08 6.486583e+06 
3.375956e+02 1.001884e+08 6.486583e+06 
3.666488e+02 9.652718e+07 6.100764e+06 
3.248293e+02 1.062966e+08 6.679492e+06 
3.486437e+02 1.120852e+08 6.100764e+06 
3.430329e+02 1.075792e+08 6.679492e+06 
3.392544e+02 1.062580e+08 6.004309e+06 
3.273776e+02 1.036408e+08 6.100764e+06 
3.383467e+02 1.020359e+08 5.618490e+06 
3.617037e+02 9.781917e+07 6.390128e+06 
3.636450e+02 1.027801e+08 6.293673e+06 
3.485420e+02 1.030458e+08 6.679492e+06 
3.275269e+02 1.018459e+08 6.486583e+06 
3.045293e+02 9.825495e+07 5.811399e+06 
3.235746e+02 9.739681e+07 6.197218e+06 
3.027208e+02 9.210519e+07 6.269560e+06 
3.219634e+02 9.682269e+07 6.486583e+06 
3.750719e+02 9.739482e+07 6.004309e+06 
3.544365e+02 9.877872e+07 6.004309e+06 
3.597875e+02 1.015313e+08 6.293673e+06 
3.310700e+02 1.030145e+08 6.679492e+06 
3.254896e+02 1.036688e+08 6.293673e+06 
3.501872e+02 9.927678e+07 5.714944e+06 
3.944513e+02 1.001173e+08 6.486583e+06 
3.209656e+02 1.101028e+08 6.486583e+06 
3.470029e+02 8.713175e+07 6.100764e+06 
3.364779e+02 9.890689e+07 6.100764e+06 
3.423016e+02 1.020697e+08 6.486583e+06 
3.314049e+02 1.024587e+08 6.293673e+06 
3.082546e+02 1.021723e+08 6.486583e+06 
3.746399e+02 9.750121e+07 5.907854e+06 
3.044207e+02 9.770841e+07 6.293673e+06 
3.430053e+02 1.002688e+08 5.907854e+06 
3.431659e+02 9.392986e+07 6.486583e+06 
3.132031e+02 1.006385e+08 6.486583e+06 
3.433801e+02 1.030623e+08 6.486583e+06 
3.629710e+02 1.072139e+08 6.486583e+06 
3.398422e+02 9.366234e+07 6.100764e+06 
2.983615e+02 1.014041e+08 6.679492e+06 
3.283141e+02 1.066189e+08 6.486583e+06 
3.365580e+02 1.081293e+08 6.100764e+06 
3.023963e+02 1.003957e+08 6.679492e+06 
2.884805e+02 1.057446e+08 6.293673e+06 
3.202460e+02 9.954969e+07 6.293673e+06 
3.183486e+02 1.017151e+08 6.558924e+06 
3.254922e+02 1.080937e+08 6.100764e+06 
3.406258e+02 1.026845e+08 5.907854e+06 
3.119990e+02 9.876692e+07 6.197218e+06 
3.749755e+02 1.071897e+08 6.390128e+06 
3.729402e+02 1.059319e+08 6.486583e+06 
3.503252e+02 1.003995e+08 6.486583e+06 
3.190428e+02 9.731800e+07 6.293673e+06 
3.400743e+02 9.662042e+07 5.714944e+06 
3.393601e+02 1.018127e+08 6.100764e+06 
3.722825e+02 1.017561e+08 6.486583e+06 
3.459706e+02 1.140821e+08 6.197218e+06 
3.263433e+02 1.026583e+08 6.679492e+06 
3.516507e+02 1.032797e+08 5.618490e+06 
3.368798e+02 9.861606e+07 6.293673e+06 
3.621659e+02 1.002353e+08 6.486583e+06 
3.160092e+02 9.753946e+07 6.486583e+06 
3.161410e+02 9.095751e+07 6.004309e+06 
3.073721e+02 9.692274e+07 6.486583e+06 
3.212021e+02 1.030711e+08 6.486583e+06 
3.595766e+02 1.037381e+08 6.486583e+06 
3.479507e+02 1.001690e+08 6.486583e+06 
3.276058e+02 9.375340e+07 6.100764e+06 
3.640367e+02 1.058069e+08 6.293673e+06 
3.331368e+02 1.027099e+08 6.293673e+06 
3.402514e+02 1.129550e+08 6.197218e+06 
3.153653e+02 9.677763e+07 6.293673e+06 
3.181452e+02 1.024430e+08 6.293673e+06 
3.519753e+02 1.042722e+08 6.293673e+06 
3.278493e+02 1.060770e+08 6.293673e+06 

3.083936e+02 9.483684e+07 6.390128e+06 
3.464248e+02 9.717022e+07 6.486583e+06 
3.144262e+02 1.019339e+08 6.486583e+06 
3.690261e+02 1.027494e+08 6.390128e+06 
3.650530e+02 9.966029e+07 5.618490e+06 
3.451359e+02 9.740334e+07 5.811399e+06 
3.532494e+02 9.556547e+07 6.293673e+06 
3.422400e+02 1.060679e+08 6.486583e+06 
3.386036e+02 9.703888e+07 6.100764e+06 
3.295395e+02 1.076718e+08 6.486583e+06 
3.129445e+02 1.017591e+08 6.390128e+06 
3.286198e+02 9.362151e+07 6.486583e+06 
3.422854e+02 1.134669e+08 6.100764e+06 
3.691558e+02 1.011495e+08 6.197218e+06 
3.596195e+02 1.021935e+08 6.100764e+06 
3.151969e+02 1.020569e+08 6.293673e+06 
3.354043e+02 9.665925e+07 6.100764e+06 
3.743720e+02 9.946356e+07 6.486583e+06 
3.722416e+02 1.017036e+08 6.486583e+06 
3.566424e+02 9.136985e+07 5.907854e+06 
3.411202e+02 9.677932e+07 6.486583e+06 
3.139959e+02 1.047527e+08 6.293673e+06 
3.444205e+02 9.792515e+07 6.486583e+06 
3.338610e+02 1.008813e+08 6.486583e+06 
3.336053e+02 9.690536e+07 6.390128e+06 
3.196074e+02 1.090634e+08 6.100764e+06 
3.698108e+02 1.057476e+08 5.907854e+06 
3.367836e+02 9.611783e+07 6.486583e+06 
3.330460e+02 1.060206e+08 5.907854e+06 
3.555038e+02 1.003872e+08 6.293673e+06 
3.275457e+02 1.077399e+08 6.293673e+06 
3.214520e+02 1.051597e+08 6.679492e+06 
3.734021e+02 9.381378e+07 5.714944e+06 
3.430842e+02 1.029033e+08 6.366015e+06 
3.179322e+02 1.016174e+08 6.679492e+06 
3.351191e+02 1.028902e+08 5.714944e+06 
3.485269e+02 1.001700e+08 6.173105e+06 
2.897786e+02 9.543589e+07 6.486583e+06 
3.583923e+02 9.807075e+07 6.486583e+06 
3.123917e+02 1.063551e+08 6.293673e+06 
3.522050e+02 1.072951e+08 6.679492e+06 
3.459637e+02 1.005629e+08 6.197218e+06 
3.626482e+02 1.068844e+08 6.293673e+06 
3.289364e+02 1.078093e+08 5.907854e+06 
3.169664e+02 1.036663e+08 6.293673e+06 
3.510122e+02 1.051826e+08 6.293673e+06 
3.567125e+02 9.307169e+07 6.486583e+06 
3.272054e+02 9.437206e+07 6.293673e+06 
3.245074e+02 1.079632e+08 6.679492e+06 
3.589224e+02 1.042146e+08 6.004309e+06 
3.391795e+02 1.006340e+08 6.293673e+06 
3.167953e+02 1.147885e+08 6.486583e+06 
3.290137e+02 1.049947e+08 6.679492e+06 
3.442202e+02 1.044792e+08 6.293673e+06 
3.125190e+02 1.033444e+08 6.486583e+06 
3.647195e+02 1.099192e+08 5.811399e+06 
3.581580e+02 1.035144e+08 6.100764e+06 
3.624422e+02 1.064148e+08 6.679492e+06 
3.054067e+02 1.012694e+08 6.004309e+06 
3.461105e+02 1.009556e+08 6.293673e+06 
3.234978e+02 1.027859e+08 6.100764e+06 
3.573007e+02 1.039118e+08 6.293673e+06 
3.643606e+02 1.029768e+08 6.390128e+06 
3.524668e+02 9.504012e+07 6.293673e+06 
3.213657e+02 1.117676e+08 6.293673e+06 
3.367741e+02 1.009019e+08 6.293673e+06 
3.576039e+02 9.814999e+07 5.714944e+06 
2.952783e+02 1.018630e+08 6.679492e+06 
3.426389e+02 1.077739e+08 6.100764e+06 
3.215023e+02 9.800350e+07 5.522035e+06 
3.438912e+02 1.041424e+08 6.293673e+06 
3.658186e+02 1.103050e+08 6.390128e+06 
3.662596e+02 1.103051e+08 6.679492e+06 
3.379870e+02 1.035023e+08 6.366015e+06 
3.747326e+02 1.108743e+08 6.390128e+06 
3.495456e+02 9.876145e+07 6.293673e+06 
3.345762e+02 1.046561e+08 6.486583e+06 
3.647685e+02 1.063716e+08 6.293673e+06 
2.965458e+02 1.036014e+08 6.679492e+06 
3.304155e+02 1.109912e+08 6.486583e+06 
3.346583e+02 1.030735e+08 6.004309e+06 
3.238180e+02 1.058226e+08 6.583038e+06 
3.437862e+02 1.040796e+08 6.293673e+06 
3.687156e+02 1.087900e+08 5.907854e+06 
3.682180e+02 1.031152e+08 6.679492e+06 
3.185212e+02 1.052600e+08 6.679492e+06 
2.983136e+02 9.638031e+07 6.173105e+06 
3.340825e+02 1.003139e+08 6.679492e+06 
3.023754e+02 9.484963e+07 6.486583e+06 
3.318323e+02 1.019131e+08 6.293673e+06 
3.445992e+02 9.756401e+07 6.293673e+06 
3.478491e+02 1.023979e+08 5.907854e+06 
3.509238e+02 9.586593e+07 6.293673e+06 
3.064555e+02 9.876871e+07 6.173105e+06 
3.110631e+02 1.035442e+08 6.679492e+06 
3.320419e+02 1.014867e+08 6.486583e+06 
3.478564e+02 1.058582e+08 6.197218e+06 
3.160061e+02 9.584931e+07 6.100764e+06 
3.344573e+02 1.047215e+08 6.486583e+06 
3.618043e+02 1.080212e+08 6.004309e+06 

3.292284e+02 9.823485e+07 6.100764e+06 
3.436872e+02 9.800070e+07 6.486583e+06 
3.504811e+02 1.003979e+08 6.293673e+06 
3.061896e+02 9.666285e+07 6.293673e+06 
3.277833e+02 1.028847e+08 6.486583e+06 
3.382836e+02 9.752424e+07 6.390128e+06 
3.275661e+02 1.071885e+08 6.486583e+06 
3.258195e+02 9.767975e+07 6.293673e+06 
3.192736e+02 9.718547e+07 6.004309e+06 
3.757522e+02 9.771359e+07 6.100764e+06 
2.973816e+02 1.037449e+08 6.197218e+06 
3.660759e+02 1.000903e+08 6.100764e+06 
3.309933e+02 9.826081e+07 6.293673e+06 
3.527455e+02 1.062423e+08 6.004309e+06 
3.444867e+02 1.032636e+08 6.486583e+06 
3.302730e+02 1.135598e+08 6.100764e+06 
3.753299e+02 1.051848e+08 6.486583e+06 
3.527373e+02 1.074763e+08 6.293673e+06 
3.368336e+02 1.034343e+08 6.486583e+06 
3.526927e+02 1.066532e+08 6.293673e+06 
3.572882e+02 1.048351e+08 6.486583e+06 
3.324921e+02 1.060300e+08 6.679492e+06 
3.430437e+02 1.015295e+08 6.679492e+06 
3.563091e+02 1.011035e+08 6.486583e+06 
3.058619e+02 1.016178e+08 6.679492e+06 
3.122968e+02 1.047302e+08 6.486583e+06 
3.535398e+02 1.113188e+08 6.486583e+06 
3.298567e+02 1.044187e+08 6.293673e+06 
3.555186e+02 9.920028e+07 6.583038e+06 
3.579201e+02 1.087424e+08 6.004309e+06 
3.269035e+02 1.002906e+08 5.907854e+06 
3.327768e+02 1.085410e+08 6.583038e+06 
3.392971e+02 1.032429e+08 6.390128e+06 
3.582322e+02 1.025513e+08 5.907854e+06 
3.593839e+02 1.030629e+08 6.486583e+06 
3.226674e+02 1.051941e+08 6.390128e+06 
3.715935e+02 1.045294e+08 5.907854e+06 
3.580617e+02 9.868466e+07 6.100764e+06 
3.558086e+02 1.013868e+08 6.486583e+06 
3.358136e+02 1.059385e+08 6.679492e+06 
3.296339e+02 9.425475e+07 6.486583e+06 
3.226818e+02 1.082536e+08 6.293673e+06 
3.114300e+02 9.985180e+07 6.486583e+06 
3.602990e+02 9.308090e+07 5.811399e+06 
3.658383e+02 1.057872e+08 6.486583e+06 
3.588540e+02 1.003571e+08 5.618490e+06 
3.079174e+02 1.049423e+08 6.486583e+06 
3.511775e+02 9.646266e+07 6.293673e+06 
3.438218e+02 1.053050e+08 6.293673e+06 
3.270958e+02 1.085505e+08 6.486583e+06 
3.039011e+02 1.009330e+08 6.100764e+06 
3.369743e+02 9.940280e+07 6.100764e+06 
2.952418e+02 1.056561e+08 6.486583e+06 
3.498796e+02 1.045177e+08 6.173105e+06 
3.341088e+02 1.063308e+08 6.679492e+06 
3.183882e+02 9.573018e+07 6.197218e+06 
3.350215e+02 1.036010e+08 6.390128e+06 
3.591507e+02 1.026395e+08 6.293673e+06 
3.604814e+02 1.010554e+08 6.293673e+06 
3.407967e+02 9.357891e+07 6.293673e+06 
3.214794e+02 1.051894e+08 6.390128e+06 
3.387811e+02 1.069170e+08 6.390128e+06 
3.413332e+02 9.710930e+07 6.100764e+06 
3.849939e+02 9.982184e+07 5.714944e+06 
3.201541e+02 1.016451e+08 6.679492e+06 
3.344177e+02 9.931561e+07 6.390128e+06 
2.838449e+02 9.404690e+07 6.293673e+06 
3.249610e+02 1.022932e+08 6.486583e+06 
3.611727e+02 1.084466e+08 6.583038e+06 
3.017610e+02 9.914400e+07 6.486583e+06 
3.318308e+02 9.725089e+07 5.907854e+06 
3.373992e+02 9.962281e+07 5.907854e+06 
3.406182e+02 1.015202e+08 6.197218e+06 
3.285967e+02 9.641552e+07 6.390128e+06 
3.296193e+02 9.243897e+07 6.197218e+06 
3.510465e+02 1.055301e+08 6.390128e+06 
3.353356e+02 1.039714e+08 5.811399e+06 
3.389822e+02 9.990701e+07 6.679492e+06 
3.501390e+02 1.087545e+08 6.390128e+06 
3.286353e+02 1.002508e+08 5.907854e+06 
3.326388e+02 1.032753e+08 6.293673e+06 
3.247153e+02 9.874026e+07 6.293673e+06 
3.224334e+02 1.033351e+08 6.100764e+06 
3.043439e+02 1.078771e+08 6.486583e+06 
3.494811e+02 1.051927e+08 6.486583e+06 
3.637430e+02 1.091677e+08 6.486583e+06 
3.412536e+02 1.073172e+08 6.679492e+06 
3.207831e+02 9.571405e+07 6.100764e+06 
3.556517e+02 1.035092e+08 6.486583e+06 
3.278307e+02 1.112521e+08 6.486583e+06 
3.634034e+02 1.026009e+08 6.269560e+06 
3.174865e+02 1.020593e+08 6.293673e+06 
3.452588e+02 1.023274e+08 6.197218e+06 
3.103922e+02 9.730572e+07 6.679492e+06 
3.108563e+02 9.892424e+07 6.486583e+06 
3.357019e+02 1.093806e+08 6.486583e+06 
3.394483e+02 1.064954e+08 6.390128e+06 
3.035939e+02 1.023234e+08 6.293673e+06 
3.402977e+02 1.003938e+08 6.390128e+06 
3.629047e+02 1.060121e+08 6.100764e+06 

3.855366e+02 1.053354e+08 6.679492e+06 
3.291066e+02 1.005147e+08 6.486583e+06 
3.237824e+02 1.125996e+08 6.293673e+06 
3.287939e+02 9.889695e+07 6.100764e+06 
3.442435e+02 1.014669e+08 6.486583e+06 
3.707894e+02 1.049874e+08 5.907854e+06 
3.386752e+02 1.021888e+08 6.486583e+06 
3.391085e+02 1.036257e+08 5.907854e+06 
3.388555e+02 1.070340e+08 6.486583e+06 
3.395309e+02 1.005065e+08 6.679492e+06 
3.633033e+02 1.025273e+08 5.811399e+06 
3.458912e+02 1.037204e+08 6.293673e+06 
3.262070e+02 1.095337e+08 6.486583e+06 
3.232661e+02 1.100496e+08 6.366015e+06 
3.336945e+02 9.354422e+07 6.486583e+06 
3.497036e+02 1.132008e+08 6.486583e+06 
3.088209e+02 1.022443e+08 5.714944e+06 
3.367181e+02 1.016559e+08 6.293673e+06 
3.493121e+02 9.950357e+07 6.583038e+06 
3.401429e+02 1.056141e+08 6.293673e+06 
3.431497e+02 9.749582e+07 6.366015e+06 
3.478169e+02 9.869299e+07 6.004309e+06 
3.121215e+02 1.001379e+08 6.293673e+06 
3.198823e+02 9.945715e+07 6.100764e+06 
3.601956e+02 1.071728e+08 6.100764e+06 
3.493401e+02 9.860238e+07 6.486583e+06 
3.230743e+02 9.498249e+07 6.100764e+06 
3.557897e+02 1.025528e+08 6.679492e+06 
3.310235e+02 1.092017e+08 6.558924e+06 
3.419404e+02 9.895418e+07 5.907854e+06 
3.606624e+02 1.051544e+08 6.679492e+06 
3.303861e+02 9.801141e+07 6.293673e+06 
3.171735e+02 1.016861e+08 6.293673e+06 
3.277984e+02 1.000002e+08 6.197218e+06 
3.391435e+02 9.915833e+07 6.245447e+06 
3.601684e+02 9.943778e+07 6.197218e+06 
3.560675e+02 1.056831e+08 6.100764e+06 
3.580839e+02 9.975765e+07 6.486583e+06 
3.501117e+02 1.124813e+08 6.173105e+06 
3.556419e+02 1.011888e+08 5.907854e+06 
3.413832e+02 9.958670e+07 6.293673e+06 
3.382618e+02 1.061085e+08 6.486583e+06 
3.250801e+02 1.036285e+08 6.293673e+06 
3.513330e+02 9.796911e+07 5.907854e+06 
3.256635e+02 9.812460e+07 6.486583e+06 
3.421939e+02 9.912410e+07 6.197218e+06 
3.313134e+02 1.000770e+08 6.679492e+06 
3.272918e+02 1.043452e+08 6.679492e+06 
3.680381e+02 1.026508e+08 6.197218e+06 
3.288146e+02 1.055006e+08 6.100764e+06 
3.090289e+02 1.072722e+08 6.679492e+06 
3.796062e+02 1.065736e+08 5.907854e+06 
3.471113e+02 1.032684e+08 6.486583e+06 
3.205634e+02 1.012312e+08 6.293673e+06 
3.531156e+02 1.024056e+08 6.486583e+06 
3.304974e+02 1.151505e+08 6.583038e+06 
3.847963e+02 1.122083e+08 6.679492e+06 
3.821839e+02 9.281545e+07 6.100764e+06 
3.062907e+02 1.002938e+08 6.100764e+06 
3.197289e+02 9.953445e+07 5.907854e+06 
3.371985e+02 1.015492e+08 6.486583e+06 
3.619931e+02 1.018132e+08 6.293673e+06 
3.305279e+02 1.037941e+08 6.197218e+06 
3.237914e+02 1.026361e+08 6.293673e+06 
3.414520e+02 1.035473e+08 6.486583e+06 
3.169393e+02 9.915433e+07 6.390128e+06 
3.442905e+02 1.022963e+08 6.679492e+06 
3.351841e+02 9.407638e+07 6.293673e+06 
2.947834e+02 1.080031e+08 6.679492e+06 
3.435115e+02 1.030458e+08 6.293673e+06 
3.362963e+02 1.101126e+08 6.293673e+06 
3.566358e+02 1.047560e+08 6.197218e+06 
3.350498e+02 1.072457e+08 6.341902e+06 
3.456341e+02 1.019749e+08 6.679492e+06 
3.262718e+02 9.908524e+07 6.486583e+06 
3.086229e+02 1.063314e+08 6.293673e+06 
3.271484e+02 9.866822e+07 6.679492e+06 
3.285419e+02 1.043263e+08 6.390128e+06 
3.306611e+02 9.966361e+07 6.100764e+06 
3.115820e+02 1.113213e+08 6.293673e+06 
3.275997e+02 1.029385e+08 6.293673e+06 
3.150559e+02 9.659999e+07 6.293673e+06 
3.693361e+02 1.052174e+08 6.100764e+06 
3.508818e+02 1.030364e+08 6.293673e+06 
3.191457e+02 1.029112e+08 6.100764e+06 
3.379369e+02 1.068567e+08 6.486583e+06 
3.353446e+02 1.013173e+08 5.907854e+06 
3.498607e+02 1.038269e+08 6.197218e+06 
3.335569e+02 1.013010e+08 6.293673e+06 
3.575971e+02 1.049398e+08 5.714944e+06 
3.300094e+02 1.027456e+08 6.197218e+06 
3.218824e+02 1.007133e+08 6.100764e+06 
3.498301e+02 1.107194e+08 6.486583e+06 
3.542225e+02 9.002449e+07 5.618490e+06 
3.102602e+02 9.805787e+07 6.293673e+06 
3.663499e+02 9.796881e+07 6.100764e+06 
3.158871e+02 9.484976e+07 6.004309e+06 
3.198112e+02 9.967238e+07 6.366015e+06 
3.001834e+02 1.042111e+08 6.679492e+06 
3.686578e+02 1.076801e+08 6.486583e+06 

3.457844e+02 9.609225e+07 6.076650e+06 
3.301676e+02 1.039730e+08 6.197218e+06 
3.570523e+02 1.012204e+08 6.100764e+06 
3.336223e+02 1.096621e+08 6.583038e+06 
3.205465e+02 9.735557e+07 6.100764e+06 
3.549609e+02 9.717170e+07 5.787286e+06 
3.302278e+02 9.846624e+07 6.293673e+06 
3.363443e+02 1.053238e+08 6.293673e+06 
3.482251e+02 1.030608e+08 5.980196e+06 
3.434966e+02 9.631919e+07 6.390128e+06 
3.435189e+02 1.068761e+08 6.679492e+06 
3.401043e+02 1.071786e+08 6.679492e+06 
3.004210e+02 8.954855e+07 6.100764e+06 
3.307255e+02 1.098691e+08 6.293673e+06 
3.426802e+02 9.666046e+07 6.293673e+06 
3.225982e+02 1.048598e+08 6.100764e+06 
3.517925e+02 9.872452e+07 6.486583e+06 
3.356904e+02 1.040710e+08 6.679492e+06 
3.242481e+02 1.118217e+08 6.679492e+06 
3.484499e+02 1.013480e+08 5.811399e+06 
3.388895e+02 1.069750e+08 6.100764e+06 
3.246774e+02 9.838622e+07 6.679492e+06 
3.652583e+02 1.004086e+08 5.980196e+06 
3.297313e+02 9.616896e+07 6.486583e+06 
3.333758e+02 1.007587e+08 6.100764e+06 
3.186479e+02 1.021341e+08 6.486583e+06 
3.740099e+02 1.055729e+08 6.100764e+06 
3.343378e+02 9.968201e+07 6.293673e+06 
3.244592e+02 1.008854e+08 5.714944e+06 
3.190813e+02 1.050730e+08 6.486583e+06 
3.518835e+02 1.115398e+08 6.486583e+06 
3.266112e+02 1.075519e+08 6.100764e+06 
3.688501e+02 1.056141e+08 6.293673e+06 
3.339661e+02 9.675529e+07 6.293673e+06 
3.166091e+02 1.007456e+08 6.486583e+06 
3.277920e+02 1.038598e+08 6.366015e+06 
3.312035e+02 1.027180e+08 6.486583e+06 
3.258705e+02 1.087250e+08 6.486583e+06 
3.557588e+02 1.104702e+08 6.197218e+06 
3.113022e+02 1.077834e+08 6.293673e+06 
3.288866e+02 9.404752e+07 6.390128e+06 
3.308495e+02 1.031193e+08 6.076650e+06 
3.398582e+02 9.904640e+07 5.907854e+06 
3.361783e+02 9.617554e+07 5.883741e+06 
3.326947e+02 1.076904e+08 6.679492e+06 
3.350542e+02 1.038204e+08 6.679492e+06 
3.528112e+02 9.394685e+07 5.522035e+06 
3.197683e+02 1.046511e+08 6.293673e+06 
3.581839e+02 1.024684e+08 5.907854e+06 
3.275978e+02 1.071283e+08 6.486583e+06 
3.184561e+02 9.891646e+07 6.486583e+06 
3.436334e+02 9.873095e+07 6.197218e+06 
3.490459e+02 9.315746e+07 5.425580e+06 
3.274495e+02 1.032634e+08 6.486583e+06 
3.207303e+02 1.080334e+08 6.197218e+06 
3.650436e+02 1.047308e+08 6.486583e+06 
3.143370e+02 9.926843e+07 6.293673e+06 
3.262828e+02 9.828935e+07 6.100764e+06 
3.504779e+02 1.025437e+08 6.100764e+06 
3.277304e+02 1.013263e+08 6.486583e+06 
3.406032e+02 9.958490e+07 6.390128e+06 
3.351598e+02 9.711458e+07 6.293673e+06 
3.427075e+02 9.767414e+07 5.811399e+06 
3.662647e+02 1.009922e+08 5.714944e+06 
3.491812e+02 1.003573e+08 6.293673e+06 
3.347971e+02 1.057347e+08 5.907854e+06 
3.124851e+02 1.046580e+08 6.390128e+06 
3.342217e+02 1.043107e+08 6.004309e+06 
3.460832e+02 8.936353e+07 6.004309e+06 
3.494227e+02 9.831476e+07 6.293673e+06 
3.198041e+02 9.690308e+07 6.100764e+06 
3.428343e+02 1.055894e+08 6.100764e+06 
3.362127e+02 1.014616e+08 6.293673e+06 
3.554984e+02 1.028701e+08 6.486583e+06 
3.265722e+02 1.011689e+08 6.197218e+06 
3.279092e+02 1.009421e+08 6.293673e+06 
3.415309e+02 1.018261e+08 6.293673e+06 
3.200509e+02 1.115805e+08 6.558924e+06 
3.226096e+02 1.048317e+08 6.173105e+06 
3.314265e+02 1.089821e+08 6.486583e+06 
3.221741e+02 1.043131e+08 6.390128e+06 
3.335598e+02 1.031864e+08 6.197218e+06 
3.365382e+02 1.107340e+08 6.486583e+06 
3.209097e+02 1.001519e+08 6.100764e+06 
3.448407e+02 1.016004e+08 6.486583e+06 
3.673735e+02 1.045671e+08 5.714944e+06 
3.245010e+02 1.066542e+08 6.390128e+06 
3.615508e+02 9.713429e+07 6.076650e+06 
3.216421e+02 9.551088e+07 6.100764e+06 
3.478238e+02 1.015754e+08 5.811399e+06 
3.614649e+02 1.051771e+08 6.486583e+06 
3.527870e+02 9.892674e+07 6.293673e+06 
3.140295e+02 1.021826e+08 6.679492e+06 
3.443885e+02 1.077243e+08 6.293673e+06 
3.537430e+02 1.091395e+08 6.486583e+06 
3.440418e+02 1.022686e+08 5.618490e+06 
3.565978e+02 1.034144e+08 6.004309e+06 
3.120106e+02 1.025563e+08 6.293673e+06 
3.126749e+02 1.080124e+08 6.679492e+06 
3.535372e+02 1.031131e+08 6.100764e+06 

3.145621e+02 1.063981e+08 6.293673e+06 
3.162580e+02 1.022718e+08 6.293673e+06 
3.767398e+02 1.125863e+08 6.486583e+06 
3.207163e+02 1.065768e+08 6.293673e+06 
3.236718e+02 1.025711e+08 6.486583e+06 
3.041133e+02 9.498617e+07 6.197218e+06 
3.442031e+02 1.014531e+08 6.486583e+06 
3.562782e+02 1.023969e+08 6.004309e+06 
3.862600e+02 9.948042e+07 6.100764e+06 
3.598285e+02 1.039552e+08 6.293673e+06 
3.382901e+02 1.003936e+08 6.293673e+06 
3.709830e+02 1.128752e+08 6.679492e+06 
3.123314e+02 1.079533e+08 6.486583e+06 
3.506730e+02 1.018371e+08 6.173105e+06 
3.743094e+02 1.027113e+08 6.100764e+06 
3.301587e+02 1.093636e+08 6.293673e+06 
3.304847e+02 1.092020e+08 6.679492e+06 
3.298465e+02 1.072933e+08 6.100764e+06 
3.540067e+02 1.074322e+08 6.293673e+06 
3.301092e+02 1.095227e+08 6.486583e+06 
3.341251e+02 9.928010e+07 6.679492e+06 
3.346304e+02 9.911551e+07 6.293673e+06 
3.490887e+02 1.109268e+08 6.679492e+06 
3.620495e+02 1.078494e+08 6.679492e+06 
3.560212e+02 9.921036e+07 6.390128e+06 
3.318137e+02 9.926090e+07 6.100764e+06 
3.735160e+02 1.032716e+08 6.679492e+06 
3.439285e+02 9.940246e+07 6.076650e+06 
3.507499e+02 1.106946e+08 6.679492e+06 
3.228941e+02 1.020978e+08 6.679492e+06 
3.294905e+02 9.986510e+07 6.486583e+06 
3.179070e+02 1.041386e+08 6.390128e+06 
3.273823e+02 9.590101e+07 6.486583e+06 
3.508783e+02 1.070890e+08 6.486583e+06 
3.308894e+02 9.602783e+07 6.558924e+06 
3.468107e+02 9.779230e+07 6.100764e+06 
3.289792e+02 1.008453e+08 6.197218e+06 
3.282708e+02 1.137304e+08 6.679492e+06 
3.370157e+02 9.961408e+07 6.486583e+06 
3.690858e+02 1.069059e+08 6.100764e+06 
3.430550e+02 1.100703e+08 6.583038e+06 
3.592958e+02 1.060996e+08 6.486583e+06 
3.304453e+02 1.061981e+08 5.907854e+06 
3.458739e+02 1.030258e+08 6.004309e+06 
3.092573e+02 9.379149e+07 6.679492e+06 
3.584581e+02 1.034409e+08 6.100764e+06 
3.150969e+02 1.013877e+08 6.293673e+06 
3.473337e+02 1.019464e+08 6.004309e+06 
3.419637e+02 1.032653e+08 6.293673e+06 
3.186204e+02 1.057323e+08 6.486583e+06 
3.308115e+02 1.060296e+08 6.679492e+06 
3.168391e+02 9.733760e+07 6.100764e+06 
3.281314e+02 9.349103e+07 6.293673e+06 
3.222388e+02 1.004283e+08 6.293673e+06 
3.434835e+02 1.058144e+08 6.004309e+06 
3.222101e+02 1.030691e+08 5.980196e+06 
3.566228e+02 9.971065e+07 6.486583e+06 
3.223441e+02 1.025382e+08 6.293673e+06 
3.105414e+02 9.939983e+07 6.173105e+06 
3.528456e+02 9.956152e+07 5.907854e+06 
3.484576e+02 1.035845e+08 5.811399e+06 
2.927423e+02 1.009005e+08 6.486583e+06 
3.394175e+02 1.056297e+08 6.293673e+06 
3.567725e+02 9.645201e+07 6.293673e+06 
3.169100e+02 1.046392e+08 6.583038e+06 
3.345974e+02 1.001381e+08 6.293673e+06 
3.345352e+02 9.593588e+07 5.811399e+06 
3.236627e+02 9.794930e+07 5.907854e+06 
3.615569e+02 1.061340e+08 6.100764e+06 
3.645528e+02 9.910418e+07 5.980196e+06 
3.175311e+02 1.101205e+08 6.486583e+06 
3.230469e+02 1.051945e+08 6.293673e+06 
3.059864e+02 1.043703e+08 6.293673e+06 
3.397547e+02 1.027679e+08 6.486583e+06 
3.240832e+02 9.547451e+07 6.293673e+06 
3.285262e+02 1.074021e+08 6.293673e+06 
3.390224e+02 1.019482e+08 6.486583e+06 
3.278389e+02 1.065203e+08 6.390128e+06 
3.428076e+02 1.001718e+08 5.907854e+06 
3.523198e+02 1.100484e+08 6.293673e+06 
3.542348e+02 1.027962e+08 6.293673e+06 
3.085491e+02 1.092472e+08 6.390128e+06 
3.256067e+02 9.840628e+07 6.100764e+06 
3.227147e+02 9.903888e+07 6.293673e+06 
3.429927e+02 1.101438e+08 6.100764e+06 
3.289971e+02 1.066441e+08 6.293673e+06 
3.258902e+02 1.119406e+08 6.197218e+06 
3.676896e+02 1.000954e+08 6.100764e+06 
3.392237e+02 1.018396e+08 6.679492e+06 
3.411285e+02 1.050887e+08 6.293673e+06 
3.351089e+02 1.050234e+08 6.583038e+06 
3.439005e+02 1.019574e+08 6.100764e+06 
3.099329e+02 1.009778e+08 6.100764e+06 
3.589886e+02 1.073599e+08 6.583038e+06 
3.494596e+02 1.032334e+08 5.811399e+06 
3.299257e+02 1.076973e+08 6.100764e+06 
3.529255e+02 1.101896e+08 6.486583e+06 
3.104097e+02 1.022751e+08 6.679492e+06 
3.334828e+02 1.028565e+08 6.197218e+06 
3.386224e+02 1.135534e+08 6.293673e+06 

3.381255e+02 1.115744e+08 6.100764e+06 
3.634714e+02 1.034701e+08 5.907854e+06 
3.501056e+02 1.071800e+08 6.197218e+06 
3.214936e+02 9.765583e+07 5.980196e+06 
3.133205e+02 1.040024e+08 6.679492e+06 
3.380482e+02 9.897043e+07 6.100764e+06 
3.275659e+02 1.000624e+08 6.390128e+06 
3.270633e+02 9.442703e+07 6.197218e+06 
3.386672e+02 1.141056e+08 6.583038e+06 
3.112504e+02 1.033204e+08 6.197218e+06 
3.379803e+02 1.013602e+08 5.522035e+06 
3.465005e+02 1.049010e+08 6.173105e+06 
3.271572e+02 1.066886e+08 6.486583e+06 
3.303332e+02 1.037068e+08 6.004309e+06 
2.970448e+02 1.005428e+08 5.907854e+06 
3.449520e+02 9.996265e+07 6.486583e+06 
3.556976e+02 1.038317e+08 6.293673e+06 
3.376388e+02 1.066158e+08 6.293673e+06 
3.446524e+02 1.045102e+08 6.100764e+06 
3.263437e+02 1.008314e+08 6.679492e+06 
3.222597e+02 1.001843e+08 6.486583e+06 
3.418811e+02 1.035577e+08 5.907854e+06 
2.932361e+02 1.067993e+08 6.486583e+06 
3.369232e+02 1.097792e+08 6.679492e+06 
3.296273e+02 9.417090e+07 6.293673e+06 
3.349089e+02 1.070423e+08 6.486583e+06 
3.447186e+02 9.928363e+07 6.486583e+06 
3.569644e+02 1.036321e+08 6.004309e+06 
3.354905e+02 1.051790e+08 6.293673e+06 
3.344099e+02 9.501385e+07 6.293673e+06 
3.138741e+02 9.946699e+07 5.811399e+06 
3.409141e+02 1.010514e+08 5.907854e+06 
3.359044e+02 9.889938e+07 6.100764e+06 
3.425065e+02 9.794156e+07 6.293673e+06 
3.481928e+02 9.733573e+07 6.583038e+06 
3.502690e+02 1.106145e+08 6.486583e+06 
3.582506e+02 1.069328e+08 6.390128e+06 
3.411065e+02 9.785834e+07 6.293673e+06 
3.569873e+02 9.879708e+07 6.390128e+06 
3.528167e+02 1.043321e+08 6.679492e+06 
3.055145e+02 1.044458e+08 6.679492e+06 
3.574877e+02 1.025204e+08 6.004309e+06 
3.361917e+02 1.039167e+08 6.679492e+06 
3.253276e+02 9.824621e+07 6.004309e+06 
3.048023e+02 1.035156e+08 6.486583e+06 
3.592840e+02 9.938423e+07 6.293673e+06 
3.209445e+02 1.033261e+08 6.100764e+06 
3.253639e+02 9.901419e+07 6.100764e+06 
3.119064e+02 9.928677e+07 5.907854e+06 
3.414077e+02 9.869732e+07 6.583038e+06 
3.265412e+02 9.144479e+07 6.100764e+06 
3.236443e+02 9.471719e+07 6.004309e+06 
3.610069e+02 1.012673e+08 6.100764e+06 
3.539757e+02 1.019245e+08 6.486583e+06 
3.613135e+02 1.073789e+08 6.366015e+06 
3.463883e+02 9.939520e+07 6.293673e+06 
3.186525e+02 1.065292e+08 6.293673e+06 
3.540389e+02 1.106939e+08 6.293673e+06 
3.307540e+02 1.043970e+08 6.390128e+06 
3.120966e+02 1.035353e+08 6.390128e+06 
3.275225e+02 1.001121e+08 6.100764e+06 
3.631538e+02 9.812461e+07 5.714944e+06 
3.629477e+02 1.026782e+08 6.486583e+06 
2.998197e+02 1.070079e+08 6.679492e+06 
3.128157e+02 1.064928e+08 6.293673e+06 
3.281468e+02 9.590345e+07 5.811399e+06 
3.327386e+02 9.747788e+07 6.366015e+06 
3.491930e+02 1.049254e+08 6.486583e+06 
3.385818e+02 1.022398e+08 6.293673e+06 
3.068041e+02 1.108328e+08 6.486583e+06 
3.004615e+02 1.046510e+08 6.486583e+06 
3.475511e+02 9.990189e+07 6.486583e+06 
3.584598e+02 9.767925e+07 5.811399e+06 
3.207296e+02 9.578664e+07 6.100764e+06 
3.753270e+02 9.859487e+07 6.197218e+06 
3.134684e+02 1.016456e+08 6.679492e+06 
3.270335e+02 1.016219e+08 6.293673e+06 
3.221641e+02 9.817607e+07 6.486583e+06 
3.135823e+02 1.021527e+08 6.486583e+06 
3.131448e+02 1.064823e+08 6.004309e+06 
3.111368e+02 1.028747e+08 6.486583e+06 
3.390508e+02 1.014684e+08 6.197218e+06 
3.491757e+02 1.033970e+08 6.100764e+06 
3.324146e+02 1.063491e+08 5.907854e+06 
3.521600e+02 1.016632e+08 5.425580e+06 
3.144375e+02 9.398051e+07 6.293673e+06 
3.625743e+02 9.649016e+07 5.522035e+06 
3.529128e+02 1.037615e+08 5.811399e+06 
3.674575e+02 9.755952e+07 6.390128e+06 
3.415444e+02 9.920253e+07 6.293673e+06 
3.502784e+02 1.040518e+08 5.618490e+06 
3.643952e+02 1.072254e+08 5.714944e+06 
3.508917e+02 1.026109e+08 6.486583e+06 
3.494146e+02 1.034500e+08 6.486583e+06 
3.551980e+02 9.736465e+07 6.486583e+06 
3.629156e+02 1.005043e+08 6.004309e+06 
3.400967e+02 9.660374e+07 6.293673e+06 
2.997221e+02 1.114601e+08 6.679492e+06 
3.306946e+02 1.011173e+08 6.293673e+06 
3.176457e+02 1.083799e+08 6.679492e+06 

3.542821e+02 9.980506e+07 6.679492e+06 
3.830201e+02 1.076498e+08 6.100764e+06 
3.493763e+02 9.757321e+07 6.583038e+06 
3.263500e+02 1.037871e+08 6.269560e+06 
3.460812e+02 1.098427e+08 6.679492e+06 
3.421360e+02 1.034357e+08 6.293673e+06 
3.546645e+02 1.053849e+08 6.486583e+06 
3.423778e+02 1.076277e+08 6.486583e+06 
3.321047e+02 1.035351e+08 5.714944e+06 
3.079580e+02 9.333090e+07 6.293673e+06 
3.546316e+02 1.072374e+08 5.907854e+06 
3.264327e+02 9.911691e+07 6.679492e+06 
3.073621e+02 1.012667e+08 6.486583e+06 
3.345104e+02 1.044390e+08 6.486583e+06 
3.494235e+02 1.048559e+08 6.293673e+06 
3.365646e+02 9.495202e+07 6.390128e+06 
3.368863e+02 1.013604e+08 6.293673e+06 
3.284577e+02 9.721079e+07 6.173105e+06 
3.308367e+02 9.559606e+07 6.390128e+06 
3.464303e+02 1.051232e+08 6.390128e+06 
3.366591e+02 9.768750e+07 5.618490e+06 
3.571095e+02 1.111791e+08 5.714944e+06 
3.178346e+02 9.972762e+07 6.486583e+06 
3.954916e+02 1.067353e+08 6.100764e+06 
3.255303e+02 9.800121e+07 5.714944e+06 
3.656806e+02 9.945814e+07 6.293673e+06 
3.296998e+02 1.014255e+08 6.390128e+06 
3.587576e+02 9.669074e+07 6.293673e+06 
3.365023e+02 1.007926e+08 6.100764e+06 
3.334776e+02 1.031658e+08 6.679492e+06 
3.525993e+02 1.099145e+08 6.679492e+06 
3.452444e+02 1.072893e+08 6.679492e+06 
3.372456e+02 9.834070e+07 6.197218e+06 
3.136227e+02 9.420758e+07 6.100764e+06 
3.293908e+02 1.106794e+08 6.293673e+06 
3.486176e+02 1.035888e+08 6.583038e+06 
3.277144e+02 1.030302e+08 6.486583e+06 
3.294285e+02 1.022531e+08 5.907854e+06 
3.129198e+02 9.676709e+07 6.293673e+06 
3.382452e+02 1.026003e+08 6.293673e+06 
3.352060e+02 1.049888e+08 6.679492e+06 
3.225370e+02 1.043750e+08 6.679492e+06 
4.315095e+02 1.040379e+08 6.293673e+06 
3.709868e+02 1.076696e+08 6.486583e+06 
3.326925e+02 1.051243e+08 6.486583e+06 
3.431338e+02 1.126545e+08 6.269560e+06 
3.327410e+02 1.012654e+08 6.100764e+06 
3.380747e+02 1.038702e+08 6.366015e+06 
3.382600e+02 1.076931e+08 6.486583e+06 
3.696403e+02 1.009452e+08 6.486583e+06 
3.649246e+02 1.057025e+08 6.679492e+06 
3.293927e+02 9.542300e+07 6.486583e+06 
3.494837e+02 9.988853e+07 5.522035e+06 
3.194376e+02 1.018004e+08 6.293673e+06 
3.365884e+02 1.051931e+08 6.679492e+06 
3.416538e+02 9.611301e+07 6.100764e+06 
3.356266e+02 1.008032e+08 6.197218e+06 
3.169617e+02 1.109466e+08 6.197218e+06 
3.255386e+02 1.085487e+08 6.679492e+06 
3.919081e+02 1.057255e+08 6.679492e+06 
3.338187e+02 1.044279e+08 6.486583e+06 
3.284770e+02 9.999505e+07 6.486583e+06 
3.136788e+02 9.838117e+07 6.293673e+06 
3.336653e+02 1.063747e+08 6.293673e+06 
2.976106e+02 9.952077e+07 6.486583e+06 
3.275640e+02 9.835290e+07 6.366015e+06 
3.524302e+02 1.034589e+08 6.486583e+06 
3.271669e+02 1.040507e+08 6.100764e+06 
3.040128e+02 1.047420e+08 6.486583e+06 
3.650464e+02 1.080826e+08 6.486583e+06 
3.426669e+02 9.902289e+07 6.269560e+06 
3.268479e+02 1.022601e+08 6.390128e+06 
3.497545e+02 9.440426e+07 6.366015e+06 
3.170725e+02 9.917778e+07 6.197218e+06 
3.351124e+02 9.568823e+07 6.293673e+06 
3.777118e+02 1.022248e+08 6.197218e+06 
2.911457e+02 1.027818e+08 6.679492e+06 
3.431353e+02 9.491672e+07 5.907854e+06 
3.661780e+02 9.394685e+07 6.293673e+06 
3.187323e+02 9.129966e+07 6.269560e+06 
3.473457e+02 1.032575e+08 6.293673e+06 
3.104698e+02 1.078669e+08 6.679492e+06 
3.282641e+02 1.015822e+08 6.100764e+06 
3.320209e+02 1.069965e+08 5.907854e+06 
3.383480e+02 1.087950e+08 6.558924e+06 
3.696967e+02 1.011189e+08 6.583038e+06 
3.187540e+02 9.404377e+07 6.293673e+06 
3.569571e+02 9.966391e+07 6.100764e+06 
3.505708e+02 9.597160e+07 6.293673e+06 
3.094133e+02 8.870512e+07 5.907854e+06 
3.398911e+02 1.004150e+08 6.679492e+06 
3.584995e+02 1.083521e+08 6.100764e+06 
3.221514e+02 1.022691e+08 6.293673e+06 
3.411449e+02 1.045668e+08 6.486583e+06 
2.835417e+02 1.042278e+08 6.486583e+06 
3.200941e+02 1.052950e+08 6.486583e+06 
3.186467e+02 1.029417e+08 6.486583e+06 
3.399540e+02 9.702485e+07 6.197218e+06 
3.177617e+02 1.011527e+08 6.293673e+06 
3.186736e+02 9.891729e+07 6.293673e+06 

