4.102803e+02 5.573872e+07 4.268122e+06 
2.904631e+02 5.728584e+07 5.329125e+06 
3.429053e+02 5.952368e+07 4.171668e+06 
4.599672e+02 5.106373e+07 5.280899e+06 
2.831499e+02 5.362039e+07 6.438356e+06 
2.679478e+02 5.692007e+07 6.004309e+06 
4.820250e+02 5.653118e+07 3.110665e+06 
2.460534e+02 5.727284e+07 6.100764e+06 
2.088588e+02 5.816221e+07 6.679492e+06 
3.025637e+02 5.189858e+07 6.462470e+06 
2.719797e+02 5.452151e+07 6.558924e+06 
3.243436e+02 5.128719e+07 6.366015e+06 
2.675510e+02 5.497763e+07 6.679492e+06 
3.944926e+02 5.434291e+07 4.919193e+06 
4.567494e+02 5.670015e+07 3.110665e+06 
4.244943e+02 5.550437e+07 4.461032e+06 
3.017019e+02 5.758749e+07 4.943306e+06 
4.258299e+02 5.117290e+07 5.618490e+06 
4.517525e+02 5.210190e+07 4.991534e+06 
2.869143e+02 5.283976e+07 6.438356e+06 
2.773324e+02 5.417337e+07 6.558924e+06 
2.438766e+02 5.632699e+07 6.679492e+06 
3.804080e+02 5.975683e+07 3.110665e+06 
4.778006e+02 5.693566e+07 3.076653e+06 
2.387012e+02 5.807612e+07 6.390128e+06 
3.713180e+02 5.936307e+07 3.400029e+06 
4.602744e+02 5.108622e+07 5.184444e+06 
4.278066e+02 5.599586e+07 4.075213e+06 
4.820918e+02 5.622485e+07 3.496484e+06 
2.558054e+02 5.543316e+07 6.679492e+06 
4.147716e+02 5.265016e+07 4.919193e+06 
4.153483e+02 5.504229e+07 4.846851e+06 
2.752153e+02 5.436402e+07 6.679492e+06 
3.533905e+02 5.928588e+07 3.978758e+06 
2.799285e+02 5.372834e+07 6.462470e+06 
2.860059e+02 5.322075e+07 6.558924e+06 
4.839367e+02 5.626063e+07 3.207120e+06 
3.880929e+02 5.919739e+07 3.086552e+06 
3.289670e+02 5.797842e+07 4.557487e+06 
4.202520e+02 5.608160e+07 3.689394e+06 
3.630060e+02 5.966726e+07 3.592939e+06 
2.296433e+02 5.698148e+07 6.679492e+06 
2.967690e+02 5.247387e+07 6.462470e+06 
4.696019e+02 5.753010e+07 3.076653e+06 
2.097646e+02 5.779941e+07 6.679492e+06 
4.306878e+02 5.603174e+07 3.882303e+06 
2.191304e+02 5.718889e+07 6.679492e+06 
4.526484e+02 5.109532e+07 5.666718e+06 
2.136379e+02 5.754662e+07 6.679492e+06 
3.130731e+02 5.159308e+07 6.366015e+06 

4.109204e+02 5.232315e+07 5.160331e+06 
2.724276e+02 5.768394e+07 5.618490e+06 
3.994396e+02 5.208444e+07 5.353240e+06 
4.010812e+02 5.252845e+07 5.063876e+06 
3.940434e+02 5.422847e+07 4.774512e+06 
3.143335e+02 5.740325e+07 5.184444e+06 
3.986440e+02 5.170769e+07 5.449695e+06 
2.499719e+02 5.655218e+07 6.679492e+06 
4.361217e+02 5.435311e+07 4.702170e+06 
3.308229e+02 5.152946e+07 6.124879e+06 
4.000741e+02 5.090775e+07 5.642605e+06 
2.088588e+02 5.816221e+07 6.679492e+06 
3.184209e+02 5.198861e+07 6.221334e+06 
2.817467e+02 5.469524e+07 6.583038e+06 
3.780681e+02 5.075026e+07 5.835514e+06 
2.651409e+02 5.761602e+07 5.811399e+06 
2.480679e+02 5.773366e+07 6.100764e+06 
2.615140e+02 5.576924e+07 6.583038e+06 
3.215660e+02 5.183712e+07 6.245447e+06 
4.137609e+02 5.422238e+07 4.798625e+06 
3.061970e+02 5.287071e+07 6.221334e+06 
2.144270e+02 5.739845e+07 6.679492e+06 
3.310184e+02 5.777112e+07 4.798625e+06 
3.930394e+02 5.073700e+07 5.931969e+06 
2.960930e+02 5.328795e+07 6.583038e+06 
3.964846e+02 5.223343e+07 5.256786e+06 
2.254384e+02 5.677138e+07 6.679492e+06 
3.162858e+02 5.228559e+07 6.221334e+06 
3.666070e+02 4.988927e+07 6.124879e+06 
3.391214e+02 5.131465e+07 6.124879e+06 
2.904891e+02 5.380784e+07 6.583038e+06 
2.321457e+02 5.747306e+07 6.583038e+06 
2.128815e+02 5.766205e+07 6.679492e+06 
2.656001e+02 5.502152e+07 6.583038e+06 
2.922712e+02 5.838412e+07 5.329125e+06 
3.631786e+02 5.021120e+07 6.124879e+06 
3.417885e+02 5.642894e+07 4.605715e+06 
3.813553e+02 5.080875e+07 5.739060e+06 
2.171566e+02 5.727160e+07 6.679492e+06 
2.844134e+02 5.415721e+07 6.583038e+06 
3.204268e+02 5.770381e+07 4.991534e+06 
2.546131e+02 5.601384e+07 6.583038e+06 
3.539585e+02 5.039589e+07 6.124879e+06 
3.648194e+02 5.665921e+07 4.412806e+06 
4.159782e+02 5.440694e+07 4.509260e+06 
3.912111e+02 5.129733e+07 5.546150e+06 
3.339434e+02 5.274930e+07 5.931969e+06 
4.028242e+02 5.306818e+07 4.870966e+06 
3.146254e+02 5.245011e+07 6.245447e+06 
3.436360e+02 5.092085e+07 6.124879e+06 

3.122865e+02 5.720790e+07 5.039761e+06 
2.382800e+02 5.635774e+07 6.679492e+06 
2.328038e+02 5.694639e+07 6.679492e+06 
3.090674e+02 5.260603e+07 6.583038e+06 
2.445600e+02 5.581375e+07 6.679492e+06 
3.801845e+02 5.491732e+07 4.171668e+06 
3.407633e+02 5.780244e+07 4.171668e+06 
3.256079e+02 5.736938e+07 4.653942e+06 
4.027662e+02 5.458875e+07 4.364577e+06 
4.031366e+02 5.732662e+07 3.568826e+06 
3.028472e+02 5.782923e+07 5.425580e+06 
2.521276e+02 5.757990e+07 6.197218e+06 
4.137264e+02 5.531944e+07 3.689394e+06 
3.956748e+02 5.083441e+07 5.594376e+06 
2.088588e+02 5.816221e+07 6.679492e+06 
2.305762e+02 5.766587e+07 6.486583e+06 
2.920236e+02 5.780874e+07 5.618490e+06 
4.008092e+02 5.390696e+07 4.533374e+06 
3.978527e+02 5.064473e+07 5.787286e+06 
3.217819e+02 5.223175e+07 6.486583e+06 
2.501453e+02 5.540942e+07 6.583038e+06 
4.373058e+02 5.120364e+07 5.184444e+06 
3.831024e+02 5.105108e+07 5.666718e+06 
3.838733e+02 5.090445e+07 5.956082e+06 
3.881125e+02 5.070614e+07 5.787286e+06 
3.093892e+02 5.770512e+07 5.329125e+06 
3.845731e+02 5.150262e+07 5.377354e+06 
4.552817e+02 5.303826e+07 4.822738e+06 
3.999444e+02 5.413000e+07 4.436919e+06 
3.732980e+02 5.138381e+07 6.173105e+06 
3.003781e+02 5.346348e+07 6.583038e+06 
3.152139e+02 5.242842e+07 6.486583e+06 
4.367388e+02 5.116287e+07 5.280899e+06 
2.234366e+02 5.714421e+07 6.679492e+06 
3.704998e+02 5.746108e+07 3.785848e+06 
2.139860e+02 5.775087e+07 6.679492e+06 
2.716736e+02 5.878965e+07 5.811399e+06 
3.865681e+02 5.079516e+07 5.666718e+06 
2.688198e+02 5.471459e+07 6.679492e+06 
3.349816e+02 5.780169e+07 4.364577e+06 
3.646500e+02 5.188231e+07 6.293673e+06 
2.581520e+02 5.485113e+07 6.679492e+06 
2.808512e+02 5.441635e+07 6.679492e+06 
2.995997e+02 5.713092e+07 5.522035e+06 
4.319010e+02 5.470202e+07 3.882303e+06 
4.081273e+02 5.059113e+07 5.666718e+06 
2.165826e+02 5.737194e+07 6.679492e+06 
2.870756e+02 5.408634e+07 6.462470e+06 
3.452444e+02 5.205747e+07 6.293673e+06 
3.044504e+02 5.317932e+07 6.583038e+06 

3.574709e+02 5.064069e+07 6.438356e+06 
3.215919e+02 5.227442e+07 6.558924e+06 
2.931241e+02 5.410384e+07 6.558924e+06 
3.646121e+02 5.797298e+07 3.544712e+06 
2.972566e+02 5.862827e+07 5.208557e+06 
3.545688e+02 5.927407e+07 3.351803e+06 
3.941856e+02 5.668906e+07 3.761735e+06 
2.088588e+02 5.816221e+07 6.679492e+06 
3.038922e+02 5.929314e+07 4.822738e+06 
3.308129e+02 5.164502e+07 6.438356e+06 
2.705611e+02 5.700755e+07 5.907854e+06 
4.225318e+02 5.110504e+07 5.305012e+06 
3.799325e+02 5.818592e+07 3.351803e+06 
4.067501e+02 5.078769e+07 5.883741e+06 
3.401089e+02 5.110453e+07 6.438356e+06 
3.872084e+02 5.234597e+07 4.798625e+06 
3.821008e+02 5.028835e+07 6.341902e+06 
3.286062e+02 5.925350e+07 3.954645e+06 
2.648425e+02 5.491597e+07 6.679492e+06 
2.477558e+02 5.575925e+07 6.679492e+06 
4.097496e+02 5.074812e+07 5.980196e+06 
3.787329e+02 5.852625e+07 3.255348e+06 
3.813496e+02 5.987989e+07 3.093534e+06 
2.207077e+02 5.705928e+07 6.679492e+06 
3.948584e+02 5.286101e+07 4.702170e+06 
3.900276e+02 5.655525e+07 3.954645e+06 
3.384164e+02 5.129831e+07 6.558924e+06 
3.766450e+02 5.044227e+07 6.341902e+06 
2.119573e+02 5.747925e+07 6.679492e+06 
3.705389e+02 5.947637e+07 3.158893e+06 
2.891515e+02 5.716741e+07 5.522035e+06 
3.746403e+02 5.736167e+07 3.641167e+06 
3.906272e+02 5.969013e+07 3.093534e+06 
3.810932e+02 5.871011e+07 3.158893e+06 
3.270127e+02 5.207775e+07 6.341902e+06 
2.362828e+02 5.653740e+07 6.679492e+06 
2.525070e+02 5.691443e+07 6.293673e+06 
3.120130e+02 5.311908e+07 6.462470e+06 
3.170774e+02 5.896648e+07 4.412806e+06 
3.189026e+02 5.268791e+07 6.341902e+06 
3.787061e+02 5.035673e+07 6.148992e+06 
3.625804e+02 5.050576e+07 6.438356e+06 
2.369103e+02 5.676369e+07 6.486583e+06 
3.435810e+02 5.880632e+07 3.641167e+06 
3.771560e+02 5.373918e+07 4.605715e+06 
2.505484e+02 5.533186e+07 6.679492e+06 
3.060780e+02 5.328869e+07 6.462470e+06 
3.499784e+02 5.089581e+07 6.558924e+06 
3.359508e+02 5.888699e+07 3.834077e+06 
4.135769e+02 5.101881e+07 5.690831e+06 

2.662850e+02 5.500157e+07 6.486583e+06 
3.345091e+02 5.080238e+07 6.438356e+06 
4.475819e+02 5.841325e+07 3.132043e+06 
3.889347e+02 5.655681e+07 3.592939e+06 
2.919369e+02 5.332300e+07 6.558924e+06 
2.947828e+02 5.287697e+07 6.438356e+06 
4.100217e+02 5.099354e+07 5.956082e+06 
3.370456e+02 5.902366e+07 4.051100e+06 
4.087338e+02 5.557797e+07 3.785848e+06 
3.327546e+02 5.124097e+07 6.438356e+06 
2.088588e+02 5.816221e+07 6.679492e+06 
3.240562e+02 5.283886e+07 6.245447e+06 
2.736660e+02 5.447754e+07 6.583038e+06 
3.069521e+02 5.187897e+07 6.438356e+06 
3.424805e+02 5.889133e+07 3.858190e+06 
3.623336e+02 5.508239e+07 4.557487e+06 
2.937627e+02 5.787761e+07 5.232670e+06 
4.126677e+02 5.849084e+07 3.207120e+06 
3.498664e+02 5.470344e+07 4.750396e+06 
2.272684e+02 5.661326e+07 6.679492e+06 
3.683712e+02 5.181146e+07 5.232672e+06 
2.756407e+02 5.728409e+07 5.690831e+06 
3.287423e+02 5.921696e+07 4.244009e+06 
3.808894e+02 5.700521e+07 3.665280e+06 
2.190068e+02 5.715146e+07 6.679492e+06 
3.985879e+02 5.527784e+07 4.171668e+06 
3.766187e+02 5.253596e+07 4.967421e+06 
3.003725e+02 5.257841e+07 6.438356e+06 
3.267704e+02 5.126799e+07 6.438356e+06 
2.808764e+02 5.364856e+07 6.583038e+06 
4.322398e+02 5.729985e+07 3.400029e+06 
4.096710e+02 5.549128e+07 3.978758e+06 
2.418128e+02 5.635890e+07 6.679492e+06 
3.820719e+02 5.346258e+07 4.774512e+06 
2.626381e+02 5.544871e+07 6.679492e+06 
3.725154e+02 5.222756e+07 5.160331e+06 
4.413189e+02 5.755261e+07 3.196224e+06 
2.587015e+02 5.564964e+07 6.679492e+06 
2.288552e+02 5.738464e+07 6.486583e+06 
3.155858e+02 5.162622e+07 6.438356e+06 
3.518366e+02 5.884322e+07 3.761735e+06 
3.021629e+02 5.739482e+07 5.039761e+06 
4.118172e+02 5.522467e+07 4.268122e+06 
3.155929e+02 5.851062e+07 4.653942e+06 
2.833562e+02 5.690845e+07 5.497922e+06 
3.787167e+02 5.223391e+07 5.039763e+06 
3.988302e+02 5.609098e+07 3.592939e+06 
3.697420e+02 5.332954e+07 4.943308e+06 
2.149110e+02 5.731633e+07 6.679492e+06 
2.508440e+02 5.759646e+07 6.100764e+06 

4.449778e+02 5.808610e+07 3.093534e+06 
2.927145e+02 5.381032e+07 6.583038e+06 
3.018553e+02 5.318442e+07 6.583038e+06 
4.350239e+02 5.867700e+07 3.093534e+06 
4.682926e+02 5.754800e+07 3.207120e+06 
2.776324e+02 5.461051e+07 6.366015e+06 
4.045707e+02 5.911746e+07 3.196224e+06 
3.455046e+02 5.110555e+07 6.293673e+06 
4.478291e+02 5.205053e+07 4.678057e+06 
4.376171e+02 5.260677e+07 4.412806e+06 
2.981848e+02 5.880005e+07 4.846851e+06 
2.088588e+02 5.816221e+07 6.679492e+06 
2.622004e+02 5.928342e+07 5.618490e+06 
2.499756e+02 5.639372e+07 6.583038e+06 
4.746694e+02 5.563944e+07 3.592939e+06 
2.786693e+02 5.847447e+07 5.136216e+06 
4.461585e+02 5.151735e+07 4.870966e+06 
3.647379e+02 5.114780e+07 6.269560e+06 
4.239913e+02 5.314555e+07 4.219896e+06 
3.346160e+02 5.155305e+07 6.486583e+06 
3.245150e+02 5.204796e+07 6.486583e+06 
3.856809e+02 5.977158e+07 3.785848e+06 
3.191139e+02 5.229403e+07 6.583038e+06 
2.331957e+02 5.807390e+07 6.486583e+06 
2.875245e+02 5.413785e+07 6.583038e+06 
2.156320e+02 5.730436e+07 6.679492e+06 
3.139606e+02 5.805296e+07 4.653942e+06 
3.956671e+02 5.983205e+07 3.496484e+06 
3.129888e+02 5.251001e+07 6.583038e+06 
2.433172e+02 5.846946e+07 6.197218e+06 
4.152323e+02 6.040952e+07 3.110665e+06 
2.770812e+02 5.480447e+07 6.366015e+06 
3.978456e+02 6.022488e+07 3.400029e+06 
2.951579e+02 5.368147e+07 6.583038e+06 
3.060754e+02 5.291558e+07 6.583038e+06 
4.256188e+02 5.300543e+07 4.340464e+06 
4.890893e+02 5.636086e+07 3.496484e+06 
2.629266e+02 5.516873e+07 6.366015e+06 
2.556964e+02 5.571674e+07 6.583038e+06 
3.269432e+02 5.873821e+07 4.268122e+06 
2.236311e+02 5.687742e+07 6.679492e+06 
4.416143e+02 5.788659e+07 3.110665e+06 
4.682620e+02 5.638551e+07 3.472371e+06 
4.042058e+02 5.411571e+07 4.798625e+06 
4.694028e+02 5.722719e+07 3.400029e+06 
4.715593e+02 5.545508e+07 3.785848e+06 
3.662650e+02 5.889770e+07 4.075213e+06 
3.933555e+02 6.078387e+07 3.592939e+06 
3.310591e+02 5.179833e+07 6.486583e+06 
2.116479e+02 5.769215e+07 6.679492e+06 

2.783772e+02 5.440582e+07 6.679492e+06 
3.745378e+02 5.215440e+07 5.811399e+06 
4.488451e+02 5.613322e+07 3.279461e+06 
3.509731e+02 5.192336e+07 6.269560e+06 
3.168992e+02 5.826832e+07 4.846851e+06 
3.961582e+02 5.329469e+07 5.136216e+06 
3.460777e+02 5.226788e+07 6.390128e+06 
3.329005e+02 5.813334e+07 4.461032e+06 
3.586103e+02 5.148914e+07 6.269560e+06 
2.895024e+02 5.663484e+07 5.401467e+06 
2.499856e+02 5.732075e+07 6.100764e+06 
2.943744e+02 5.396430e+07 6.583038e+06 
3.621749e+02 5.938795e+07 3.954645e+06 
2.754423e+02 5.728007e+07 5.594376e+06 
3.437684e+02 5.951826e+07 4.268122e+06 
2.088588e+02 5.816221e+07 6.679492e+06 
3.483498e+02 5.208788e+07 6.076650e+06 
3.101007e+02 5.855864e+07 5.039761e+06 
3.380914e+02 5.262114e+07 6.269560e+06 
4.412987e+02 5.549461e+07 3.665280e+06 
3.321333e+02 5.263481e+07 6.269560e+06 
2.704866e+02 5.788943e+07 5.787286e+06 
4.134508e+02 5.492772e+07 3.930532e+06 
4.118339e+02 5.284251e+07 5.015648e+06 
3.010060e+02 5.378701e+07 6.679492e+06 
2.594566e+02 5.552052e+07 6.583038e+06 
3.590731e+02 5.139802e+07 6.269560e+06 
4.164995e+02 5.408417e+07 4.726283e+06 
2.182865e+02 5.730192e+07 6.679492e+06 
3.998833e+02 5.323252e+07 4.919193e+06 
3.552111e+02 5.178628e+07 6.269560e+06 
4.260766e+02 5.480693e+07 3.737622e+06 
2.121261e+02 5.772074e+07 6.679492e+06 
3.712003e+02 5.145063e+07 6.076650e+06 
3.735615e+02 5.909351e+07 3.568826e+06 
3.796464e+02 5.272195e+07 5.522035e+06 
3.963394e+02 5.832497e+07 3.093534e+06 
3.405881e+02 5.228149e+07 6.269560e+06 
3.219470e+02 5.304138e+07 6.390128e+06 
4.337612e+02 5.444881e+07 4.123441e+06 
2.300211e+02 5.776647e+07 6.486583e+06 
4.082686e+02 5.738350e+07 3.093534e+06 
2.372162e+02 5.676040e+07 6.679492e+06 
2.247429e+02 5.697454e+07 6.679492e+06 
2.637446e+02 5.482129e+07 6.583038e+06 
4.387103e+02 5.465009e+07 3.930532e+06 
3.852482e+02 5.970755e+07 3.279461e+06 
2.814246e+02 5.425737e+07 6.679492e+06 
2.544220e+02 5.592873e+07 6.679492e+06 
3.957934e+02 5.896569e+07 3.183006e+06 

2.515287e+02 5.610749e+07 6.486583e+06 
2.983601e+02 5.433752e+07 6.341902e+06 
3.304061e+02 5.220331e+07 6.148992e+06 
2.583194e+02 5.555899e+07 6.486583e+06 
3.308897e+02 5.247079e+07 6.124879e+06 
4.213937e+02 5.248200e+07 5.136216e+06 
4.084317e+02 5.278312e+07 4.822738e+06 
3.312860e+02 5.935934e+07 3.858190e+06 
2.848889e+02 5.482604e+07 6.293673e+06 
3.400977e+02 5.168092e+07 6.245447e+06 
3.581083e+02 5.908205e+07 3.785848e+06 
2.355040e+02 5.661462e+07 6.679492e+06 
2.088588e+02 5.816221e+07 6.679492e+06 
3.958614e+02 5.227087e+07 5.160331e+06 
2.516418e+02 5.699507e+07 6.100764e+06 
4.054982e+02 5.943416e+07 3.279461e+06 
2.680424e+02 5.742675e+07 5.811399e+06 
2.966311e+02 5.828916e+07 5.039761e+06 
3.973654e+02 5.137129e+07 5.160331e+06 
3.900811e+02 5.416597e+07 4.509260e+06 
3.945965e+02 5.374212e+07 4.702170e+06 
4.196028e+02 5.274154e+07 5.112102e+06 
3.083332e+02 5.355562e+07 6.341902e+06 
3.208646e+02 5.294910e+07 6.148992e+06 
3.553384e+02 5.089519e+07 5.859628e+06 
2.210254e+02 5.782296e+07 6.486583e+06 
4.060877e+02 5.847089e+07 3.568826e+06 
4.013847e+02 5.023982e+07 5.546150e+06 
3.777347e+02 6.016074e+07 3.375916e+06 
3.860782e+02 5.390309e+07 4.702170e+06 
3.906729e+02 6.016295e+07 3.279461e+06 
3.640844e+02 5.034543e+07 5.739060e+06 
4.467311e+02 5.436540e+07 3.858190e+06 
2.675499e+02 5.527026e+07 6.486583e+06 
2.191486e+02 5.720498e+07 6.679492e+06 
3.527084e+02 5.093553e+07 5.739060e+06 
3.556086e+02 5.982673e+07 3.665280e+06 
3.213368e+02 5.970157e+07 4.147554e+06 
2.794242e+02 5.819174e+07 5.618490e+06 
2.116599e+02 5.769500e+07 6.679492e+06 
3.174057e+02 5.992243e+07 4.461032e+06 
4.359592e+02 5.549300e+07 3.858190e+06 
3.882348e+02 4.975510e+07 6.245447e+06 
3.722954e+02 5.012082e+07 5.931969e+06 
3.458440e+02 5.132965e+07 6.245447e+06 
3.902343e+02 5.009391e+07 5.739060e+06 
3.361205e+02 5.267610e+07 5.931969e+06 
4.374673e+02 5.387384e+07 4.051100e+06 
2.895537e+02 5.904177e+07 5.329125e+06 
4.072807e+02 5.035188e+07 5.280899e+06 

2.428410e+02 5.785822e+07 6.197218e+06 
3.615680e+02 6.072390e+07 3.400029e+06 
2.850202e+02 5.824422e+07 5.039761e+06 
2.294593e+02 5.683986e+07 6.583038e+06 
2.646690e+02 5.474206e+07 6.583038e+06 
2.670292e+02 5.703073e+07 5.522035e+06 
3.142196e+02 5.313910e+07 6.269560e+06 
2.460135e+02 5.564383e+07 6.679492e+06 
4.542534e+02 5.640441e+07 4.171668e+06 
3.876027e+02 5.204746e+07 5.184444e+06 
4.232126e+02 5.696862e+07 4.075213e+06 
2.088588e+02 5.816221e+07 6.679492e+06 
3.352859e+02 5.255199e+07 6.173105e+06 
4.007357e+02 5.877104e+07 3.303574e+06 
3.037397e+02 5.757669e+07 4.750396e+06 
4.419860e+02 5.470591e+07 4.244009e+06 
4.251481e+02 5.323945e+07 4.919193e+06 
3.702225e+02 5.429589e+07 4.702170e+06 
2.380449e+02 5.618447e+07 6.583038e+06 
3.420224e+02 5.152859e+07 6.390128e+06 
3.917454e+02 4.994577e+07 6.076650e+06 
2.616767e+02 5.786164e+07 5.714944e+06 
3.916242e+02 5.877562e+07 3.207120e+06 
2.842213e+02 5.782059e+07 5.136216e+06 
3.723604e+02 6.035321e+07 3.207120e+06 
2.735048e+02 5.416216e+07 6.679492e+06 
3.415146e+02 6.028216e+07 3.882303e+06 
3.298438e+02 5.192582e+07 6.366015e+06 
3.717586e+02 5.046805e+07 5.980196e+06 
2.168225e+02 5.714911e+07 6.679492e+06 
4.207720e+02 5.296159e+07 5.015648e+06 
3.865697e+02 5.061256e+07 5.787286e+06 
3.987825e+02 5.738446e+07 3.592939e+06 
3.897943e+02 4.979854e+07 6.269560e+06 
3.543624e+02 5.282610e+07 5.087989e+06 
3.787674e+02 5.344771e+07 4.605715e+06 
3.239147e+02 5.826620e+07 4.171668e+06 
3.829148e+02 4.995009e+07 6.269560e+06 
3.075923e+02 5.353143e+07 6.269560e+06 
3.834250e+02 5.328342e+07 4.798625e+06 
3.811485e+02 5.159967e+07 5.594376e+06 
3.681881e+02 5.296960e+07 4.991534e+06 
4.280950e+02 5.754788e+07 3.400029e+06 
2.561543e+02 5.536525e+07 6.679492e+06 
2.130157e+02 5.742074e+07 6.679492e+06 
3.823851e+02 5.040570e+07 6.269560e+06 
3.563495e+02 5.074964e+07 6.269560e+06 
4.120436e+02 5.715097e+07 3.978758e+06 
3.546849e+02 6.077629e+07 3.592939e+06 
3.938293e+02 4.978571e+07 6.269560e+06 

3.750061e+02 5.065279e+07 5.980196e+06 
3.103727e+02 5.320393e+07 6.269560e+06 
2.613788e+02 5.635248e+07 6.197218e+06 
4.121259e+02 5.258574e+07 4.509260e+06 
3.258995e+02 5.868957e+07 4.557487e+06 
3.579748e+02 5.110562e+07 6.148992e+06 
3.976321e+02 5.200567e+07 5.208557e+06 
2.649391e+02 5.496323e+07 6.679492e+06 
3.715865e+02 5.703280e+07 3.761735e+06 
2.088588e+02 5.816221e+07 6.679492e+06 
3.158036e+02 5.288555e+07 6.052537e+06 
3.179252e+02 5.366811e+07 5.666718e+06 
3.832124e+02 5.015555e+07 5.666718e+06 
3.596449e+02 5.802868e+07 3.568826e+06 
2.528904e+02 5.591803e+07 6.679492e+06 
2.574633e+02 5.528857e+07 6.679492e+06 
3.877450e+02 5.455810e+07 4.147554e+06 
2.852005e+02 5.804211e+07 5.811399e+06 
2.769455e+02 5.382487e+07 6.679492e+06 
4.202699e+02 5.102895e+07 5.280899e+06 
3.634440e+02 5.682250e+07 3.858190e+06 
3.810750e+02 5.042664e+07 6.052537e+06 
2.759352e+02 5.646692e+07 5.907854e+06 
2.418963e+02 5.609156e+07 6.679492e+06 
2.662345e+02 5.459575e+07 6.679492e+06 
2.982829e+02 5.349982e+07 6.462470e+06 
4.201576e+02 5.221292e+07 4.702170e+06 
4.110565e+02 5.425999e+07 4.316351e+06 
2.480610e+02 5.638791e+07 6.293673e+06 
3.312784e+02 5.828888e+07 4.244009e+06 
3.382817e+02 5.782225e+07 4.051100e+06 
2.138914e+02 5.779198e+07 6.679492e+06 
2.226826e+02 5.688875e+07 6.679492e+06 
3.052795e+02 5.814787e+07 5.329125e+06 
4.097530e+02 4.977682e+07 6.052537e+06 
3.157488e+02 5.944310e+07 4.846851e+06 
3.454804e+02 5.174767e+07 5.980196e+06 
3.272383e+02 5.217618e+07 6.245447e+06 
3.472683e+02 5.164161e+07 6.269560e+06 
3.429977e+02 5.839823e+07 3.761735e+06 
3.548959e+02 5.823493e+07 3.665280e+06 
2.349333e+02 5.790749e+07 6.390128e+06 
2.150088e+02 5.726630e+07 6.679492e+06 
3.624078e+02 5.710445e+07 3.568826e+06 
3.141633e+02 5.310615e+07 6.148992e+06 
4.145821e+02 5.363932e+07 4.436919e+06 
3.634454e+02 5.071552e+07 6.052537e+06 
4.174599e+02 5.173115e+07 4.895080e+06 
3.978023e+02 5.003633e+07 5.787286e+06 
3.516082e+02 5.152291e+07 6.148992e+06 

