8.444250e+03 3.441777e+07 9.820330e+05 
8.709150e+03 3.452436e+07 9.363151e+05 
8.395400e+03 3.437702e+07 9.820330e+05 
9.027600e+03 3.524238e+07 9.551220e+05 
8.307450e+03 3.388402e+07 9.895141e+05 
8.794850e+03 3.440272e+07 9.363151e+05 
8.777900e+03 3.458432e+07 9.064920e+05 
6.554900e+03 2.738234e+07 2.553587e+06 
8.185250e+03 3.343063e+07 1.133115e+06 
8.228750e+03 3.368977e+07 1.106554e+06 
8.133000e+03 3.329897e+07 1.208656e+06 
6.904300e+03 2.866228e+07 2.042869e+06 
8.128450e+03 3.360694e+07 1.191674e+06 
6.787350e+03 2.829810e+07 2.127989e+06 
6.580400e+03 2.731978e+07 2.468467e+06 
8.130450e+03 3.343986e+07 1.208656e+06 
6.578450e+03 2.742776e+07 2.468467e+06 
7.416700e+03 3.170932e+07 1.787511e+06 
8.119600e+03 3.344393e+07 1.208656e+06 
7.599800e+03 3.196718e+07 1.532152e+06 
7.450300e+03 3.166708e+07 1.957750e+06 
8.077450e+03 3.307306e+07 1.244873e+06 
6.761000e+03 2.797872e+07 2.298228e+06 
6.731700e+03 2.803914e+07 2.213108e+06 
7.683000e+03 3.218864e+07 1.447032e+06 

8.368450e+03 3.355572e+07 1.159753e+06 
8.415550e+03 3.332867e+07 1.021435e+06 
8.418400e+03 3.379407e+07 9.479465e+05 
8.229500e+03 3.228999e+07 1.447032e+06 
7.977600e+03 3.315066e+07 1.617271e+06 
7.996550e+03 3.233159e+07 2.010949e+06 
8.161850e+03 3.233914e+07 1.447032e+06 
8.260750e+03 3.260426e+07 1.361913e+06 
8.151500e+03 3.274792e+07 1.361913e+06 
6.736400e+03 2.807781e+07 2.468467e+06 
8.061400e+03 3.237360e+07 1.617271e+06 
8.548850e+03 3.382020e+07 9.363151e+05 
7.973250e+03 3.235062e+07 1.925829e+06 
8.071700e+03 3.245757e+07 1.447032e+06 
8.047650e+03 3.253834e+07 1.447032e+06 
8.009300e+03 3.257673e+07 1.702391e+06 
8.206800e+03 3.270389e+07 1.276793e+06 
8.481100e+03 3.395278e+07 9.121750e+05 
7.997000e+03 3.260218e+07 1.617271e+06 
7.978050e+03 3.349247e+07 1.361913e+06 
7.894300e+03 3.335601e+07 1.500231e+06 
8.018050e+03 3.260143e+07 1.617271e+06 
7.992550e+03 3.361558e+07 1.329992e+06 
8.425100e+03 3.324073e+07 9.820330e+05 
7.974750e+03 3.367752e+07 1.361913e+06 

6.674850e+03 2.741249e+07 2.255668e+06 
8.260400e+03 3.372760e+07 1.133115e+06 
6.713350e+03 2.759994e+07 2.170549e+06 
8.210400e+03 3.321509e+07 1.202313e+06 
8.145750e+03 3.299769e+07 1.244873e+06 
6.758800e+03 2.799091e+07 2.085429e+06 
8.260850e+03 3.347840e+07 1.191674e+06 
6.891400e+03 2.834273e+07 1.872630e+06 
6.602800e+03 2.743784e+07 2.340788e+06 
6.592850e+03 2.746834e+07 2.340788e+06 
6.691300e+03 2.780449e+07 2.170549e+06 
7.883800e+03 3.256683e+07 1.359738e+06 
6.683650e+03 2.735373e+07 2.340788e+06 
8.180750e+03 3.374921e+07 1.208656e+06 
8.004000e+03 3.275020e+07 1.284197e+06 
7.513450e+03 3.021367e+07 1.574712e+06 
6.735000e+03 2.804537e+07 2.000309e+06 
7.507150e+03 3.011051e+07 1.830070e+06 
6.671800e+03 2.742017e+07 2.340788e+06 
8.496500e+03 3.452221e+07 9.820330e+05 
8.125250e+03 3.322796e+07 1.244873e+06 
7.966850e+03 3.236301e+07 1.404473e+06 
6.697350e+03 2.726007e+07 2.340788e+06 
7.552950e+03 2.999590e+07 1.574712e+06 
7.784250e+03 3.232857e+07 1.510820e+06 

8.517400e+03 3.519506e+07 9.788749e+05 
7.718700e+03 3.281020e+07 9.895141e+05 
7.703050e+03 3.278395e+07 1.106554e+06 
7.727350e+03 3.241890e+07 1.159753e+06 
7.726200e+03 3.264296e+07 9.895141e+05 
7.796950e+03 3.274405e+07 9.363151e+05 
7.219850e+03 3.069952e+07 1.702391e+06 
7.342600e+03 3.107572e+07 1.670470e+06 
7.595900e+03 3.218811e+07 1.191674e+06 
7.338450e+03 3.116052e+07 1.670470e+06 
6.928150e+03 2.910956e+07 1.872630e+06 
7.562000e+03 3.223174e+07 1.329992e+06 
7.574300e+03 3.173580e+07 1.244873e+06 
6.861850e+03 2.860114e+07 2.127989e+06 
6.834500e+03 2.870759e+07 1.957750e+06 
8.568900e+03 3.505714e+07 8.987604e+05 
6.806800e+03 2.866655e+07 2.213108e+06 
7.506850e+03 3.234883e+07 1.585351e+06 
7.437750e+03 3.162042e+07 1.447032e+06 
7.429950e+03 3.160894e+07 1.617271e+06 
7.707350e+03 3.259261e+07 1.106554e+06 
7.483850e+03 3.189055e+07 1.361913e+06 
7.100750e+03 3.029944e+07 1.787511e+06 
6.848900e+03 2.864123e+07 2.127989e+06 
6.840250e+03 2.864222e+07 2.213108e+06 

8.548900e+03 3.552017e+07 8.764034e+05 
8.427250e+03 3.535670e+07 9.064920e+05 
8.327950e+03 3.411952e+07 9.064920e+05 
8.483950e+03 3.547124e+07 9.043945e+05 
8.496450e+03 3.571344e+07 8.765331e+05 
7.085350e+03 2.927730e+07 1.532152e+06 
6.555700e+03 2.708312e+07 2.213108e+06 
7.727300e+03 3.138319e+07 1.447032e+06 
6.866050e+03 2.778987e+07 2.042869e+06 
6.557350e+03 2.691662e+07 2.298228e+06 
6.512250e+03 2.704005e+07 2.298228e+06 
6.889000e+03 2.868898e+07 1.872630e+06 
7.781450e+03 3.157115e+07 1.149114e+06 
7.865950e+03 3.237951e+07 9.820330e+05 
6.961500e+03 2.889267e+07 1.787511e+06 
7.775900e+03 3.216884e+07 1.191674e+06 
6.880750e+03 2.862068e+07 1.957750e+06 
6.883700e+03 2.887224e+07 1.872630e+06 
7.745250e+03 3.180705e+07 1.404473e+06 
6.513550e+03 2.678137e+07 2.383347e+06 
7.834700e+03 3.178747e+07 1.057574e+06 
7.011850e+03 2.925469e+07 1.617271e+06 
8.123250e+03 3.316270e+07 9.121750e+05 
7.969500e+03 3.284047e+07 9.363151e+05 
7.015550e+03 2.919983e+07 1.617271e+06 

8.208150e+03 3.457650e+07 9.381979e+05 
8.015000e+03 3.374736e+07 1.276793e+06 
8.097600e+03 3.417452e+07 9.820330e+05 
8.025000e+03 3.376509e+07 1.244873e+06 
8.271750e+03 3.503968e+07 9.064920e+05 
8.021350e+03 3.391062e+07 9.895141e+05 
8.357800e+03 3.511373e+07 9.895141e+05 
8.342350e+03 3.490058e+07 9.064920e+05 
7.400850e+03 3.095634e+07 1.840710e+06 
6.859300e+03 2.819859e+07 2.213108e+06 
7.105500e+03 2.989492e+07 1.957750e+06 
7.075600e+03 2.992084e+07 1.872630e+06 
6.891300e+03 2.836041e+07 2.127989e+06 
7.948750e+03 3.301122e+07 1.500231e+06 
8.000000e+03 3.349163e+07 1.415112e+06 
7.885100e+03 3.331913e+07 1.447032e+06 
7.088250e+03 2.977135e+07 2.042869e+06 
7.987600e+03 3.358984e+07 1.361913e+06 
8.029550e+03 3.333604e+07 1.415112e+06 
8.190700e+03 3.451348e+07 1.021435e+06 
7.264600e+03 3.082445e+07 1.872630e+06 
7.761550e+03 3.303176e+07 1.670470e+06 
7.474400e+03 3.077113e+07 1.787511e+06 
7.882000e+03 3.334073e+07 1.532152e+06 
7.812400e+03 3.341983e+07 1.617271e+06 

8.335850e+03 3.404100e+07 9.363151e+05 
8.308550e+03 3.430525e+07 9.064920e+05 
8.167700e+03 3.359548e+07 9.820330e+05 
7.928700e+03 3.349419e+07 1.244873e+06 
8.252900e+03 3.414503e+07 9.363151e+05 
7.281150e+03 2.956576e+07 1.872630e+06 
8.360500e+03 3.460497e+07 8.764034e+05 
7.604450e+03 3.180385e+07 1.447032e+06 
7.492150e+03 3.082073e+07 1.617271e+06 
7.259250e+03 3.014843e+07 1.872630e+06 
7.351900e+03 3.009093e+07 1.787511e+06 
7.357150e+03 2.990691e+07 1.787511e+06 
7.148350e+03 2.997677e+07 1.957750e+06 
7.334500e+03 3.090493e+07 1.702391e+06 
7.208700e+03 2.958744e+07 2.127989e+06 
7.280950e+03 2.998514e+07 1.872630e+06 
7.359300e+03 2.973267e+07 1.787511e+06 
7.101150e+03 2.995472e+07 2.127989e+06 
7.162650e+03 2.989662e+07 2.127989e+06 
7.291050e+03 3.044769e+07 1.787511e+06 
7.278200e+03 2.976700e+07 1.957750e+06 
7.226200e+03 3.026325e+07 1.872630e+06 
7.277300e+03 3.058226e+07 1.787511e+06 
7.410650e+03 3.086145e+07 1.617271e+06 
7.425250e+03 3.120575e+07 1.532152e+06 

8.694900e+03 3.618454e+07 9.895141e+05 
7.631850e+03 3.159044e+07 1.532152e+06 
8.598900e+03 3.572454e+07 9.043945e+05 
6.885150e+03 2.873575e+07 1.957750e+06 
6.781250e+03 2.811704e+07 2.127989e+06 
7.638900e+03 3.182173e+07 1.510820e+06 
6.748600e+03 2.770384e+07 2.383347e+06 
8.397600e+03 3.504284e+07 1.244873e+06 
6.925450e+03 2.887218e+07 1.872630e+06 
6.703450e+03 2.741662e+07 2.596146e+06 
8.134150e+03 3.515896e+07 1.361913e+06 
8.329100e+03 3.466925e+07 1.284197e+06 
8.141100e+03 3.433972e+07 1.359738e+06 
6.752850e+03 2.742655e+07 2.383347e+06 
8.140050e+03 3.473499e+07 1.276793e+06 
6.810250e+03 2.830905e+07 2.042869e+06 
6.875250e+03 2.894427e+07 1.957750e+06 
8.226950e+03 3.510163e+07 1.244873e+06 
8.034450e+03 3.426334e+07 1.447032e+06 
8.283800e+03 3.427939e+07 1.329992e+06 
7.531200e+03 3.131058e+07 1.617271e+06 
6.726850e+03 2.747775e+07 2.511027e+06 
8.511450e+03 3.523895e+07 9.820330e+05 
6.846450e+03 2.862745e+07 2.127989e+06 
6.834500e+03 2.772308e+07 2.383347e+06 

8.649150e+03 3.558613e+07 1.021435e+06 
8.693100e+03 3.656911e+07 9.064920e+05 
8.587150e+03 3.596674e+07 9.363151e+05 
7.272200e+03 2.995214e+07 2.042869e+06 
7.871800e+03 3.243762e+07 1.447032e+06 
7.277550e+03 2.990098e+07 1.872630e+06 
8.433000e+03 3.515649e+07 1.106554e+06 
7.738400e+03 3.313283e+07 1.617271e+06 
8.428000e+03 3.571813e+07 1.159753e+06 
6.790150e+03 2.787340e+07 2.213108e+06 
6.762950e+03 2.806305e+07 2.298228e+06 
7.775950e+03 3.296009e+07 1.532152e+06 
7.815200e+03 3.210031e+07 1.532152e+06 
7.275250e+03 2.977924e+07 1.957750e+06 
7.840500e+03 3.360662e+07 1.447032e+06 
6.723150e+03 2.807089e+07 2.298228e+06 
6.814850e+03 2.835589e+07 2.127989e+06 
7.348600e+03 3.002083e+07 1.787511e+06 
6.826100e+03 2.835292e+07 2.127989e+06 
6.725650e+03 2.826373e+07 2.213108e+06 
8.495500e+03 3.563281e+07 9.820330e+05 
8.289400e+03 3.485432e+07 1.276793e+06 
7.790500e+03 3.213957e+07 1.617271e+06 
8.350400e+03 3.502511e+07 1.244873e+06 
6.756050e+03 2.810846e+07 2.213108e+06 

6.640500e+03 2.765698e+07 2.042869e+06 
6.515900e+03 2.653634e+07 2.213108e+06 
6.478550e+03 2.656564e+07 2.298228e+06 
7.566050e+03 3.096864e+07 1.617271e+06 
7.779800e+03 3.100118e+07 1.284197e+06 
6.472500e+03 2.645470e+07 2.383347e+06 
7.541000e+03 3.125790e+07 1.489592e+06 
8.349000e+03 3.318026e+07 9.954608e+05 
6.466950e+03 2.659726e+07 2.298228e+06 
7.527550e+03 3.084341e+07 1.627911e+06 
6.738950e+03 2.768442e+07 1.957750e+06 
7.560500e+03 3.102185e+07 1.532152e+06 
6.454300e+03 2.647666e+07 2.383347e+06 
6.670500e+03 2.800895e+07 1.957750e+06 
7.614000e+03 3.104655e+07 1.284197e+06 
7.541900e+03 3.083648e+07 1.713030e+06 
7.570750e+03 3.118084e+07 1.489592e+06 
7.585850e+03 3.074541e+07 1.361913e+06 
7.688500e+03 3.163646e+07 1.276793e+06 
6.483650e+03 2.643956e+07 2.468467e+06 
7.575900e+03 3.115029e+07 1.447032e+06 
7.554750e+03 3.107334e+07 1.532152e+06 
6.522300e+03 2.668150e+07 2.468467e+06 
7.511750e+03 3.129226e+07 1.617271e+06 
7.516700e+03 3.092307e+07 1.713030e+06 

