4.102803e+02 5.573872e+07 4.268122e+06 
2.904631e+02 5.728584e+07 5.329125e+06 
4.617503e+02 5.250750e+07 4.991534e+06 
3.429053e+02 5.952368e+07 4.171668e+06 
4.717979e+02 5.717791e+07 3.076653e+06 
3.015148e+02 5.232589e+07 6.558924e+06 
4.599672e+02 5.106373e+07 5.280899e+06 
4.142884e+02 5.600969e+07 4.075213e+06 
2.679478e+02 5.692007e+07 6.004309e+06 
4.820250e+02 5.653118e+07 3.110665e+06 
2.460534e+02 5.727284e+07 6.100764e+06 
2.088588e+02 5.816221e+07 6.679492e+06 
2.768231e+02 5.449015e+07 6.583038e+06 
2.675510e+02 5.497763e+07 6.679492e+06 
4.609865e+02 5.719186e+07 3.110665e+06 
3.017019e+02 5.758749e+07 4.943306e+06 
2.752973e+02 5.462741e+07 6.438356e+06 
3.963249e+02 5.139251e+07 5.714944e+06 
4.258299e+02 5.117290e+07 5.618490e+06 
4.655258e+02 5.244308e+07 5.087989e+06 
2.955447e+02 5.275153e+07 6.558924e+06 
2.438766e+02 5.632699e+07 6.679492e+06 
3.121392e+02 5.210788e+07 6.486583e+06 
3.804080e+02 5.975683e+07 3.110665e+06 
4.474257e+02 5.239501e+07 5.184444e+06 
2.387012e+02 5.807612e+07 6.390128e+06 
3.713180e+02 5.936307e+07 3.400029e+06 
4.602744e+02 5.108622e+07 5.184444e+06 
4.312092e+02 5.605245e+07 3.882303e+06 
2.849480e+02 5.349300e+07 6.558924e+06 
2.883715e+02 5.290362e+07 6.438356e+06 
4.820918e+02 5.622485e+07 3.496484e+06 
4.115473e+02 5.374044e+07 4.919193e+06 
2.558054e+02 5.543316e+07 6.679492e+06 
2.788798e+02 5.386070e+07 6.558924e+06 
4.605273e+02 5.826540e+07 3.076653e+06 
3.533905e+02 5.928588e+07 3.978758e+06 
4.839367e+02 5.626063e+07 3.207120e+06 
3.880929e+02 5.919739e+07 3.086552e+06 
4.044879e+02 5.567812e+07 4.461032e+06 
3.289670e+02 5.797842e+07 4.557487e+06 
4.202520e+02 5.608160e+07 3.689394e+06 
3.630060e+02 5.966726e+07 3.592939e+06 
2.296433e+02 5.698148e+07 6.679492e+06 
2.967690e+02 5.247387e+07 6.462470e+06 
2.097646e+02 5.779941e+07 6.679492e+06 
2.191304e+02 5.718889e+07 6.679492e+06 
4.526484e+02 5.109532e+07 5.666718e+06 
2.136379e+02 5.754662e+07 6.679492e+06 
3.130731e+02 5.159308e+07 6.366015e+06 

3.857114e+02 5.245179e+07 5.353240e+06 
4.166486e+02 5.362948e+07 4.870966e+06 
2.724570e+02 5.774210e+07 5.618490e+06 
4.221438e+02 5.334308e+07 4.991534e+06 
3.143335e+02 5.740325e+07 5.184444e+06 
3.986440e+02 5.170769e+07 5.449695e+06 
2.499719e+02 5.655218e+07 6.679492e+06 
4.361217e+02 5.435311e+07 4.702170e+06 
3.308229e+02 5.152946e+07 6.124879e+06 
3.249569e+02 5.303248e+07 5.931969e+06 
4.000741e+02 5.090775e+07 5.642605e+06 
2.088588e+02 5.816221e+07 6.679492e+06 
3.184209e+02 5.198861e+07 6.221334e+06 
2.458690e+02 5.779223e+07 6.293673e+06 
2.817467e+02 5.469524e+07 6.583038e+06 
3.780681e+02 5.075026e+07 5.835514e+06 
2.651409e+02 5.761602e+07 5.811399e+06 
2.480679e+02 5.773366e+07 6.100764e+06 
2.615140e+02 5.576924e+07 6.583038e+06 
3.215660e+02 5.183712e+07 6.245447e+06 
4.137609e+02 5.422238e+07 4.798625e+06 
3.061970e+02 5.287071e+07 6.221334e+06 
2.144270e+02 5.739845e+07 6.679492e+06 
4.012385e+02 5.241752e+07 5.256786e+06 
4.221621e+02 5.305547e+07 5.160331e+06 
3.310184e+02 5.777112e+07 4.798625e+06 
3.930394e+02 5.073700e+07 5.931969e+06 
2.960930e+02 5.328795e+07 6.583038e+06 
2.254384e+02 5.677138e+07 6.679492e+06 
3.162858e+02 5.228559e+07 6.221334e+06 
3.666070e+02 4.988927e+07 6.124879e+06 
3.132700e+02 5.270119e+07 6.245447e+06 
3.391214e+02 5.131465e+07 6.124879e+06 
2.904891e+02 5.380784e+07 6.583038e+06 
2.321457e+02 5.747306e+07 6.583038e+06 
2.128815e+02 5.766205e+07 6.679492e+06 
2.656001e+02 5.502152e+07 6.583038e+06 
2.922712e+02 5.838412e+07 5.329125e+06 
3.574438e+02 5.059782e+07 6.124879e+06 
3.417885e+02 5.642894e+07 4.605715e+06 
3.813553e+02 5.080875e+07 5.739060e+06 
2.171566e+02 5.727160e+07 6.679492e+06 
2.844134e+02 5.415721e+07 6.583038e+06 
3.204268e+02 5.770381e+07 4.991534e+06 
2.546131e+02 5.601384e+07 6.583038e+06 
3.648194e+02 5.665921e+07 4.412806e+06 
4.159782e+02 5.440694e+07 4.509260e+06 
3.912111e+02 5.129733e+07 5.546150e+06 
3.635336e+02 5.041227e+07 6.124879e+06 
3.436360e+02 5.092085e+07 6.124879e+06 

2.382800e+02 5.635774e+07 6.679492e+06 
2.328038e+02 5.694639e+07 6.679492e+06 
3.090674e+02 5.260603e+07 6.583038e+06 
2.445600e+02 5.581375e+07 6.679492e+06 
3.407633e+02 5.780244e+07 4.171668e+06 
3.256079e+02 5.736938e+07 4.653942e+06 
4.027662e+02 5.458875e+07 4.364577e+06 
4.031366e+02 5.732662e+07 3.568826e+06 
3.860337e+02 5.520747e+07 4.171668e+06 
2.521276e+02 5.757990e+07 6.197218e+06 
2.088588e+02 5.816221e+07 6.679492e+06 
2.305762e+02 5.766587e+07 6.486583e+06 
3.146529e+02 5.742774e+07 5.039761e+06 
2.920236e+02 5.780874e+07 5.618490e+06 
4.008092e+02 5.390696e+07 4.533374e+06 
4.169831e+02 5.550280e+07 3.785848e+06 
3.217819e+02 5.223175e+07 6.486583e+06 
2.501453e+02 5.540942e+07 6.583038e+06 
4.373058e+02 5.120364e+07 5.184444e+06 
3.780980e+02 5.174234e+07 5.787286e+06 
3.881125e+02 5.070614e+07 5.787286e+06 
4.064047e+02 5.065411e+07 6.100764e+06 
3.188902e+02 5.836927e+07 4.943306e+06 
4.552817e+02 5.303826e+07 4.822738e+06 
3.999444e+02 5.413000e+07 4.436919e+06 
3.003781e+02 5.346348e+07 6.583038e+06 
3.941992e+02 5.303593e+07 5.522035e+06 
3.152139e+02 5.242842e+07 6.486583e+06 
4.367388e+02 5.116287e+07 5.280899e+06 
2.234366e+02 5.714421e+07 6.679492e+06 
3.704998e+02 5.746108e+07 3.785848e+06 
2.139860e+02 5.775087e+07 6.679492e+06 
2.716736e+02 5.878965e+07 5.811399e+06 
3.992047e+02 5.475336e+07 4.171668e+06 
2.688198e+02 5.471459e+07 6.679492e+06 
4.257232e+02 5.493365e+07 3.978758e+06 
3.831451e+02 5.131657e+07 5.907854e+06 
3.349816e+02 5.780169e+07 4.364577e+06 
4.041429e+02 5.707452e+07 3.689394e+06 
2.581520e+02 5.485113e+07 6.679492e+06 
2.808512e+02 5.441635e+07 6.679492e+06 
4.084255e+02 5.081236e+07 5.666718e+06 
2.995997e+02 5.713092e+07 5.522035e+06 
3.990499e+02 5.093576e+07 5.594376e+06 
3.327540e+02 5.219872e+07 6.390128e+06 
2.165826e+02 5.737194e+07 6.679492e+06 
2.870756e+02 5.408634e+07 6.462470e+06 
4.219714e+02 5.471865e+07 4.244009e+06 
3.044504e+02 5.317932e+07 6.583038e+06 
3.731762e+02 5.206471e+07 6.100764e+06 

3.759320e+02 5.429796e+07 4.605715e+06 
3.647186e+02 5.079021e+07 6.341902e+06 
2.931241e+02 5.410384e+07 6.558924e+06 
3.646121e+02 5.797298e+07 3.544712e+06 
2.972566e+02 5.862827e+07 5.208557e+06 
3.215810e+02 5.255239e+07 6.438356e+06 
3.453697e+02 5.142832e+07 6.462470e+06 
3.545688e+02 5.927407e+07 3.351803e+06 
3.741967e+02 5.692425e+07 3.761735e+06 
3.502168e+02 5.117491e+07 6.341902e+06 
2.088588e+02 5.816221e+07 6.679492e+06 
3.550146e+02 5.083911e+07 6.341902e+06 
3.038922e+02 5.929314e+07 4.822738e+06 
2.705611e+02 5.700755e+07 5.907854e+06 
4.225318e+02 5.110504e+07 5.305012e+06 
3.799325e+02 5.818592e+07 3.351803e+06 
4.067501e+02 5.078769e+07 5.883741e+06 
3.247970e+02 5.248445e+07 6.438356e+06 
3.872084e+02 5.234597e+07 4.798625e+06 
3.286062e+02 5.925350e+07 3.954645e+06 
2.648425e+02 5.491597e+07 6.679492e+06 
2.477558e+02 5.575925e+07 6.679492e+06 
3.787329e+02 5.852625e+07 3.255348e+06 
3.813496e+02 5.987989e+07 3.093534e+06 
3.348554e+02 5.182745e+07 6.341902e+06 
2.207077e+02 5.705928e+07 6.679492e+06 
3.900276e+02 5.655525e+07 3.954645e+06 
3.642239e+02 5.079266e+07 6.341902e+06 
3.946330e+02 5.304835e+07 4.702170e+06 
3.658914e+02 5.072935e+07 6.341902e+06 
2.119573e+02 5.747925e+07 6.679492e+06 
3.415936e+02 5.160437e+07 6.462470e+06 
3.705389e+02 5.947637e+07 3.158893e+06 
3.527373e+02 5.093969e+07 6.341902e+06 
3.342273e+02 5.187575e+07 6.341902e+06 
2.891515e+02 5.716741e+07 5.522035e+06 
3.746403e+02 5.736167e+07 3.641167e+06 
3.810932e+02 5.871011e+07 3.158893e+06 
3.963463e+02 5.972774e+07 3.093534e+06 
3.270127e+02 5.207775e+07 6.341902e+06 
2.362828e+02 5.653740e+07 6.679492e+06 
2.525070e+02 5.691443e+07 6.293673e+06 
3.170774e+02 5.896648e+07 4.412806e+06 
3.189026e+02 5.268791e+07 6.341902e+06 
2.369103e+02 5.676369e+07 6.486583e+06 
3.435810e+02 5.880632e+07 3.641167e+06 
2.505484e+02 5.533186e+07 6.679492e+06 
3.711405e+02 5.278319e+07 4.798625e+06 
3.060780e+02 5.328869e+07 6.462470e+06 
4.135769e+02 5.101881e+07 5.690831e+06 

2.662850e+02 5.500157e+07 6.486583e+06 
3.345091e+02 5.080238e+07 6.438356e+06 
3.707024e+02 5.236064e+07 5.160331e+06 
2.919369e+02 5.332300e+07 6.558924e+06 
4.100217e+02 5.099354e+07 5.956082e+06 
3.370456e+02 5.902366e+07 4.051100e+06 
3.280695e+02 5.125189e+07 6.558924e+06 
3.724749e+02 5.284569e+07 5.039763e+06 
4.087338e+02 5.557797e+07 3.785848e+06 
2.088588e+02 5.816221e+07 6.679492e+06 
3.686900e+02 5.246685e+07 5.136218e+06 
2.736660e+02 5.447754e+07 6.583038e+06 
3.311387e+02 5.122928e+07 6.245447e+06 
3.424805e+02 5.889133e+07 3.858190e+06 
3.623336e+02 5.508239e+07 4.557487e+06 
2.937627e+02 5.787761e+07 5.232670e+06 
3.282593e+02 6.057607e+07 4.364577e+06 
3.498664e+02 5.470344e+07 4.750396e+06 
2.272684e+02 5.661326e+07 6.679492e+06 
3.049533e+02 5.249806e+07 6.438356e+06 
2.756407e+02 5.728409e+07 5.690831e+06 
2.567877e+02 5.607158e+07 6.486583e+06 
3.287423e+02 5.921696e+07 4.244009e+06 
3.808894e+02 5.700521e+07 3.665280e+06 
3.113208e+02 5.239158e+07 6.558924e+06 
3.951674e+02 5.677119e+07 3.592939e+06 
3.899104e+02 5.191441e+07 5.232672e+06 
2.190068e+02 5.715146e+07 6.679492e+06 
3.985879e+02 5.527784e+07 4.171668e+06 
3.267704e+02 5.126799e+07 6.438356e+06 
2.808764e+02 5.364856e+07 6.583038e+06 
4.322398e+02 5.729985e+07 3.400029e+06 
3.957647e+02 5.551012e+07 3.978758e+06 
2.418128e+02 5.635890e+07 6.679492e+06 
2.626381e+02 5.544871e+07 6.679492e+06 
2.970982e+02 5.278665e+07 6.438356e+06 
4.269492e+02 5.744619e+07 3.400029e+06 
4.153956e+02 5.612007e+07 3.592939e+06 
3.202870e+02 5.161746e+07 6.438356e+06 
2.288552e+02 5.738464e+07 6.486583e+06 
3.155858e+02 5.162622e+07 6.438356e+06 
3.518366e+02 5.884322e+07 3.761735e+06 
3.664924e+02 5.353827e+07 4.846853e+06 
3.021629e+02 5.739482e+07 5.039761e+06 
3.155929e+02 5.851062e+07 4.653942e+06 
2.833562e+02 5.690845e+07 5.497922e+06 
3.329308e+02 5.115413e+07 6.558924e+06 
2.149110e+02 5.731633e+07 6.679492e+06 
2.508440e+02 5.759646e+07 6.100764e+06 
3.123255e+02 5.190838e+07 6.438356e+06 

2.927145e+02 5.381032e+07 6.583038e+06 
4.398054e+02 5.825951e+07 3.110665e+06 
4.073253e+02 6.035384e+07 3.303574e+06 
3.018553e+02 5.318442e+07 6.583038e+06 
4.350239e+02 5.867700e+07 3.093534e+06 
4.008003e+02 6.036702e+07 3.400029e+06 
2.776324e+02 5.461051e+07 6.366015e+06 
3.455046e+02 5.110555e+07 6.293673e+06 
3.980931e+02 5.203424e+07 5.570263e+06 
2.875861e+02 5.428354e+07 6.583038e+06 
4.711433e+02 5.566523e+07 3.785848e+06 
2.981848e+02 5.880005e+07 4.846851e+06 
2.088588e+02 5.816221e+07 6.679492e+06 
4.204174e+02 5.321968e+07 4.219896e+06 
2.622004e+02 5.928342e+07 5.618490e+06 
4.709863e+02 5.766439e+07 3.207120e+06 
2.499756e+02 5.639372e+07 6.583038e+06 
2.786693e+02 5.847447e+07 5.136216e+06 
4.779112e+02 5.600377e+07 3.592939e+06 
3.292703e+02 5.192830e+07 6.486583e+06 
3.596867e+02 5.194793e+07 6.076650e+06 
3.647379e+02 5.114780e+07 6.269560e+06 
3.330326e+02 5.178466e+07 6.583038e+06 
3.346160e+02 5.155305e+07 6.486583e+06 
3.856809e+02 5.977158e+07 3.785848e+06 
4.768208e+02 5.698622e+07 3.496484e+06 
3.237337e+02 5.216376e+07 6.583038e+06 
3.191139e+02 5.229403e+07 6.583038e+06 
4.164222e+02 5.281600e+07 4.605715e+06 
3.484767e+02 5.190108e+07 6.100764e+06 
2.331957e+02 5.807390e+07 6.486583e+06 
2.156320e+02 5.730436e+07 6.679492e+06 
3.139606e+02 5.805296e+07 4.653942e+06 
3.129888e+02 5.251001e+07 6.583038e+06 
2.433172e+02 5.846946e+07 6.197218e+06 
4.152323e+02 6.040952e+07 3.110665e+06 
4.139512e+02 5.297353e+07 4.412806e+06 
4.644619e+02 5.805076e+07 3.132043e+06 
2.951579e+02 5.368147e+07 6.583038e+06 
3.060754e+02 5.291558e+07 6.583038e+06 
4.246222e+02 5.942386e+07 3.093534e+06 
2.629266e+02 5.516873e+07 6.366015e+06 
2.556964e+02 5.571674e+07 6.583038e+06 
3.269432e+02 5.873821e+07 4.268122e+06 
2.236311e+02 5.687742e+07 6.679492e+06 
4.008280e+02 5.227578e+07 5.377354e+06 
4.694028e+02 5.722719e+07 3.400029e+06 
3.419071e+02 5.135389e+07 6.486583e+06 
3.662650e+02 5.889770e+07 4.075213e+06 
2.116479e+02 5.769215e+07 6.679492e+06 

3.268306e+02 5.879233e+07 4.653942e+06 
3.966832e+02 5.304807e+07 5.208557e+06 
2.783772e+02 5.440582e+07 6.679492e+06 
3.745378e+02 5.215440e+07 5.811399e+06 
4.488451e+02 5.613322e+07 3.279461e+06 
3.168992e+02 5.826832e+07 4.846851e+06 
3.785371e+02 5.309897e+07 5.425580e+06 
3.369709e+02 5.293926e+07 6.293673e+06 
2.895024e+02 5.663484e+07 5.401467e+06 
2.499856e+02 5.732075e+07 6.100764e+06 
2.943744e+02 5.396430e+07 6.583038e+06 
3.621749e+02 5.938795e+07 3.954645e+06 
2.955272e+02 5.772211e+07 5.329125e+06 
3.885987e+02 5.943799e+07 3.279461e+06 
2.754423e+02 5.728007e+07 5.594376e+06 
3.437684e+02 5.951826e+07 4.268122e+06 
2.088588e+02 5.816221e+07 6.679492e+06 
3.101007e+02 5.855864e+07 5.039761e+06 
3.604846e+02 5.268777e+07 6.004309e+06 
3.339265e+02 5.820416e+07 4.461032e+06 
4.412987e+02 5.549461e+07 3.665280e+06 
2.704866e+02 5.788943e+07 5.787286e+06 
3.697345e+02 5.225347e+07 6.100764e+06 
3.915810e+02 5.400052e+07 5.039761e+06 
3.218575e+02 5.901636e+07 4.750396e+06 
2.487124e+02 5.656332e+07 6.679492e+06 
3.010060e+02 5.378701e+07 6.679492e+06 
2.594566e+02 5.552052e+07 6.583038e+06 
3.630460e+02 5.238095e+07 6.197218e+06 
3.825145e+02 5.349791e+07 5.329125e+06 
4.276804e+02 5.533535e+07 4.051100e+06 
4.404000e+02 5.482421e+07 3.737622e+06 
2.182865e+02 5.730192e+07 6.679492e+06 
2.121261e+02 5.772074e+07 6.679492e+06 
3.834744e+02 5.871001e+07 3.375916e+06 
3.735615e+02 5.909351e+07 3.568826e+06 
3.796464e+02 5.272195e+07 5.522035e+06 
3.963394e+02 5.832497e+07 3.093534e+06 
2.811832e+02 5.864457e+07 5.522035e+06 
3.219470e+02 5.304138e+07 6.390128e+06 
2.300211e+02 5.776647e+07 6.486583e+06 
4.082686e+02 5.738350e+07 3.093534e+06 
2.372162e+02 5.676040e+07 6.679492e+06 
2.247429e+02 5.697454e+07 6.679492e+06 
2.150678e+02 5.755497e+07 6.679492e+06 
4.024358e+02 5.443097e+07 4.846851e+06 
2.637446e+02 5.482129e+07 6.583038e+06 
4.387103e+02 5.465009e+07 3.930532e+06 
2.814246e+02 5.425737e+07 6.679492e+06 
2.544220e+02 5.592873e+07 6.679492e+06 

2.515287e+02 5.610749e+07 6.486583e+06 
3.908782e+02 5.120029e+07 5.859628e+06 
3.770652e+02 5.212466e+07 5.522035e+06 
2.583194e+02 5.555899e+07 6.486583e+06 
3.038645e+02 5.434423e+07 6.293673e+06 
4.213937e+02 5.248200e+07 5.136216e+06 
3.312860e+02 5.935934e+07 3.858190e+06 
2.848889e+02 5.482604e+07 6.293673e+06 
4.305965e+02 5.362079e+07 4.822738e+06 
3.581083e+02 5.908205e+07 3.785848e+06 
2.355040e+02 5.661462e+07 6.679492e+06 
2.088588e+02 5.816221e+07 6.679492e+06 
2.516418e+02 5.699507e+07 6.100764e+06 
3.940688e+02 5.353495e+07 4.895080e+06 
2.680424e+02 5.742675e+07 5.811399e+06 
2.966311e+02 5.828916e+07 5.039761e+06 
3.900811e+02 5.416597e+07 4.509260e+06 
3.945965e+02 5.374212e+07 4.702170e+06 
4.196028e+02 5.274154e+07 5.112102e+06 
3.311768e+02 5.302282e+07 5.980196e+06 
3.255608e+02 5.306265e+07 6.173105e+06 
3.813136e+02 5.826606e+07 3.858190e+06 
3.502349e+02 5.129822e+07 6.052537e+06 
4.113837e+02 5.245562e+07 5.329125e+06 
3.171853e+02 5.388902e+07 6.293673e+06 
3.117667e+02 5.420232e+07 6.293673e+06 
2.210254e+02 5.782296e+07 6.486583e+06 
3.777347e+02 6.016074e+07 3.375916e+06 
3.934966e+02 6.039178e+07 3.279461e+06 
4.173781e+02 5.955134e+07 3.472371e+06 
2.675499e+02 5.527026e+07 6.486583e+06 
2.191486e+02 5.720498e+07 6.679492e+06 
3.722918e+02 5.127847e+07 5.980196e+06 
3.556086e+02 5.982673e+07 3.665280e+06 
4.374875e+02 5.560950e+07 3.858190e+06 
3.213368e+02 5.970157e+07 4.147554e+06 
2.794242e+02 5.819174e+07 5.618490e+06 
2.116599e+02 5.769500e+07 6.679492e+06 
3.174057e+02 5.992243e+07 4.461032e+06 
3.981221e+02 5.150737e+07 5.666718e+06 
3.719128e+02 5.925947e+07 3.665280e+06 
3.362033e+02 5.239202e+07 5.980196e+06 
4.043981e+02 5.971964e+07 3.279461e+06 
4.297758e+02 5.506505e+07 4.051100e+06 
3.990511e+02 5.240856e+07 5.401467e+06 
4.374673e+02 5.387384e+07 4.051100e+06 
2.895537e+02 5.904177e+07 5.329125e+06 
4.162208e+02 5.295913e+07 5.015648e+06 
3.248752e+02 5.343721e+07 6.173105e+06 
4.245834e+02 5.313187e+07 4.919193e+06 

2.428410e+02 5.785822e+07 6.197218e+06 
3.615680e+02 6.072390e+07 3.400029e+06 
2.850202e+02 5.824422e+07 5.039761e+06 
4.481613e+02 5.440042e+07 4.629828e+06 
2.294593e+02 5.683986e+07 6.583038e+06 
2.646690e+02 5.474206e+07 6.583038e+06 
3.582042e+02 5.122909e+07 6.269560e+06 
2.670292e+02 5.703073e+07 5.522035e+06 
3.142196e+02 5.313910e+07 6.269560e+06 
2.460135e+02 5.564383e+07 6.679492e+06 
4.542534e+02 5.640441e+07 4.171668e+06 
4.232126e+02 5.696862e+07 4.075213e+06 
2.088588e+02 5.816221e+07 6.679492e+06 
3.253727e+02 5.279994e+07 6.462470e+06 
4.007357e+02 5.877104e+07 3.303574e+06 
3.037397e+02 5.757669e+07 4.750396e+06 
3.414731e+02 5.689377e+07 4.364577e+06 
4.419860e+02 5.470591e+07 4.244009e+06 
4.001091e+02 5.261629e+07 5.401467e+06 
2.380449e+02 5.618447e+07 6.583038e+06 
3.420224e+02 5.152859e+07 6.390128e+06 
3.698798e+02 5.055368e+07 6.173105e+06 
3.917454e+02 4.994577e+07 6.076650e+06 
3.615320e+02 5.232481e+07 5.473808e+06 
2.616767e+02 5.786164e+07 5.714944e+06 
3.916242e+02 5.877562e+07 3.207120e+06 
4.087528e+02 5.818847e+07 3.496484e+06 
3.723604e+02 6.035321e+07 3.207120e+06 
2.735048e+02 5.416216e+07 6.679492e+06 
3.415146e+02 6.028216e+07 3.882303e+06 
3.742272e+02 5.138442e+07 5.787286e+06 
2.168225e+02 5.714911e+07 6.679492e+06 
4.207720e+02 5.296159e+07 5.015648e+06 
3.865697e+02 5.061256e+07 5.787286e+06 
3.987825e+02 5.738446e+07 3.592939e+06 
3.897943e+02 4.979854e+07 6.269560e+06 
3.239147e+02 5.826620e+07 4.171668e+06 
3.075923e+02 5.353143e+07 6.269560e+06 
3.525132e+02 5.253056e+07 5.473808e+06 
3.811485e+02 5.159967e+07 5.594376e+06 
3.983185e+02 5.266616e+07 5.305012e+06 
2.561543e+02 5.536525e+07 6.679492e+06 
2.130157e+02 5.742074e+07 6.679492e+06 
3.547359e+02 5.291431e+07 5.280899e+06 
4.120436e+02 5.715097e+07 3.978758e+06 
4.219921e+02 5.340575e+07 4.822738e+06 
3.349770e+02 5.223209e+07 6.462470e+06 
3.836536e+02 5.002879e+07 6.269560e+06 
3.720319e+02 5.282029e+07 5.280899e+06 
3.960300e+02 5.855974e+07 3.400029e+06 

3.750061e+02 5.065279e+07 5.980196e+06 
3.103727e+02 5.320393e+07 6.269560e+06 
2.613788e+02 5.635248e+07 6.197218e+06 
3.985171e+02 5.378307e+07 4.605715e+06 
3.814029e+02 5.799936e+07 3.568826e+06 
3.754761e+02 5.436159e+07 4.726283e+06 
4.536944e+02 5.499437e+07 4.219896e+06 
3.579748e+02 5.110562e+07 6.148992e+06 
3.709689e+02 5.745705e+07 3.689394e+06 
3.723498e+02 5.356222e+07 4.991534e+06 
2.088588e+02 5.816221e+07 6.679492e+06 
3.832124e+02 5.015555e+07 5.666718e+06 
3.884020e+02 5.256703e+07 5.280899e+06 
3.396982e+02 5.321729e+07 5.859628e+06 
3.378315e+02 5.885857e+07 4.075213e+06 
2.528904e+02 5.591803e+07 6.679492e+06 
2.574633e+02 5.528857e+07 6.679492e+06 
2.852005e+02 5.804211e+07 5.811399e+06 
2.769455e+02 5.382487e+07 6.679492e+06 
4.202699e+02 5.102895e+07 5.280899e+06 
3.810750e+02 5.042664e+07 6.052537e+06 
2.759352e+02 5.646692e+07 5.907854e+06 
2.418963e+02 5.609156e+07 6.679492e+06 
2.662345e+02 5.459575e+07 6.679492e+06 
2.982829e+02 5.349982e+07 6.462470e+06 
4.450345e+02 5.451885e+07 4.412806e+06 
2.480610e+02 5.638791e+07 6.293673e+06 
2.138914e+02 5.779198e+07 6.679492e+06 
2.226826e+02 5.688875e+07 6.679492e+06 
3.511098e+02 5.811547e+07 3.689394e+06 
3.052795e+02 5.814787e+07 5.329125e+06 
3.170869e+02 5.298270e+07 6.366015e+06 
3.157488e+02 5.944310e+07 4.846851e+06 
4.130016e+02 5.260001e+07 4.702170e+06 
3.466495e+02 5.726577e+07 4.051100e+06 
3.299168e+02 5.905191e+07 4.364577e+06 
3.454804e+02 5.174767e+07 5.980196e+06 
3.272383e+02 5.217618e+07 6.245447e+06 
3.429977e+02 5.839823e+07 3.761735e+06 
2.349333e+02 5.790749e+07 6.390128e+06 
2.150088e+02 5.726630e+07 6.679492e+06 
4.247736e+02 5.515352e+07 4.244009e+06 
3.187019e+02 5.286791e+07 6.052537e+06 
3.989965e+02 5.410290e+07 4.436919e+06 
3.618730e+02 5.846083e+07 3.568826e+06 
3.726514e+02 5.727077e+07 3.882303e+06 
2.643248e+02 5.494342e+07 6.679492e+06 
3.634454e+02 5.071552e+07 6.052537e+06 
3.637582e+02 5.702707e+07 4.075213e+06 
4.046958e+02 5.174119e+07 4.895080e+06 

