9.895950e+03 3.926381e+07 9.551220e+05 
7.353350e+03 2.954600e+07 1.617271e+06 
7.279500e+03 2.964390e+07 1.586361e+06 
7.158300e+03 2.905345e+07 1.787511e+06 
6.579350e+03 2.678128e+07 2.298228e+06 
7.546650e+03 3.065831e+07 1.532152e+06 
1.000135e+04 3.797394e+07 1.021435e+06 
6.828150e+03 2.821414e+07 1.957750e+06 
6.431750e+03 2.650863e+07 2.468467e+06 
7.236950e+03 2.923854e+07 1.702391e+06 
8.570550e+03 3.352571e+07 1.208656e+06 
6.638850e+03 2.678401e+07 2.213108e+06 
6.965650e+03 2.851018e+07 1.872630e+06 
1.089320e+04 4.155656e+07 8.721289e+05 
8.498650e+03 3.347759e+07 1.319353e+06 
7.761900e+03 3.138058e+07 1.447032e+06 
6.792900e+03 2.791181e+07 2.042869e+06 
7.581850e+03 3.076870e+07 1.510820e+06 
6.435150e+03 2.647165e+07 2.553587e+06 
8.686350e+03 3.483089e+07 1.106554e+06 
6.401250e+03 2.652358e+07 2.553587e+06 
8.781400e+03 3.453210e+07 1.133115e+06 
6.427750e+03 2.666594e+07 2.383347e+06 
1.007725e+04 3.990025e+07 9.096400e+05 
6.634700e+03 2.688909e+07 2.127989e+06 

7.673950e+03 3.131851e+07 1.532152e+06 
7.591350e+03 3.124995e+07 1.585351e+06 
9.779350e+03 3.824439e+07 9.820330e+05 
6.260150e+03 2.539087e+07 2.383347e+06 
9.666850e+03 3.808117e+07 1.063994e+06 
6.696050e+03 2.712932e+07 2.127989e+06 
7.671600e+03 3.160495e+07 1.447032e+06 
7.849200e+03 3.252285e+07 1.404473e+06 
6.792900e+03 2.754317e+07 1.872630e+06 
7.226900e+03 2.980700e+07 1.702391e+06 
7.276500e+03 2.973402e+07 1.617271e+06 
9.224650e+03 3.668728e+07 1.208656e+06 
6.641350e+03 2.695037e+07 2.340788e+06 
6.619400e+03 2.700952e+07 2.213108e+06 
7.932100e+03 3.268047e+07 1.361913e+06 
7.643700e+03 3.149299e+07 1.500231e+06 
9.289150e+03 3.721803e+07 1.133115e+06 
6.205150e+03 2.507087e+07 2.468467e+06 
9.298800e+03 3.683364e+07 1.191674e+06 
7.991300e+03 3.330684e+07 1.276793e+06 
9.959000e+03 3.801326e+07 1.106554e+06 
6.637650e+03 2.696040e+07 2.298228e+06 
9.897250e+03 3.830580e+07 9.064920e+05 
6.695400e+03 2.696922e+07 2.213108e+06 
6.776300e+03 2.745696e+07 2.042869e+06 

8.183800e+03 3.315193e+07 1.489592e+06 
8.549100e+03 3.446136e+07 1.191674e+06 
7.143000e+03 2.953384e+07 1.787511e+06 
8.300200e+03 3.351555e+07 1.361913e+06 
1.018005e+04 4.130319e+07 9.064920e+05 
8.825400e+03 3.608898e+07 1.037375e+06 
6.347150e+03 2.601830e+07 2.468467e+06 
7.497700e+03 3.038184e+07 1.532152e+06 
8.723100e+03 3.500095e+07 1.106554e+06 
6.576650e+03 2.714673e+07 2.042869e+06 
7.112550e+03 2.944685e+07 1.872630e+06 
8.300550e+03 3.300088e+07 1.447032e+06 
6.377250e+03 2.606720e+07 2.383347e+06 
9.985450e+03 4.178172e+07 1.021435e+06 
6.480250e+03 2.635519e+07 2.127989e+06 
6.461900e+03 2.636461e+07 2.127989e+06 
8.508550e+03 3.456829e+07 1.191674e+06 
6.392750e+03 2.609812e+07 2.298228e+06 
1.042635e+04 4.192696e+07 8.585176e+05 
7.459650e+03 3.006240e+07 1.702391e+06 
6.608000e+03 2.724853e+07 1.957750e+06 
8.372650e+03 3.318210e+07 1.276793e+06 
6.339000e+03 2.607000e+07 2.468467e+06 
7.424300e+03 3.054635e+07 1.702391e+06 
7.480300e+03 3.010090e+07 1.617271e+06 

9.556850e+03 3.809184e+07 1.191674e+06 
6.690250e+03 2.754040e+07 1.872630e+06 
7.066400e+03 2.854760e+07 1.787511e+06 
7.103500e+03 2.858554e+07 1.702391e+06 
9.344050e+03 3.831423e+07 1.057574e+06 
9.973200e+03 4.228034e+07 9.820330e+05 
6.616400e+03 2.725889e+07 2.127989e+06 
9.538950e+03 3.825292e+07 1.106554e+06 
8.088150e+03 3.229110e+07 1.361913e+06 
9.996200e+03 4.015175e+07 1.021435e+06 
7.218700e+03 2.935938e+07 1.617271e+06 
7.494650e+03 3.063006e+07 1.510820e+06 
6.418900e+03 2.658421e+07 2.383347e+06 
6.552800e+03 2.659934e+07 2.298228e+06 
6.431200e+03 2.650095e+07 2.383347e+06 
8.459250e+03 3.283099e+07 1.359738e+06 
6.712550e+03 2.744119e+07 1.872630e+06 
7.280450e+03 2.977305e+07 1.532152e+06 
6.528350e+03 2.693545e+07 2.213108e+06 
8.056100e+03 3.235131e+07 1.361913e+06 
7.968700e+03 3.193383e+07 1.447032e+06 
6.478350e+03 2.646834e+07 2.383347e+06 
8.345000e+03 3.284696e+07 1.284197e+06 
9.296850e+03 3.558491e+07 1.276793e+06 
6.680450e+03 2.714333e+07 1.957750e+06 

6.474600e+03 2.634037e+07 2.127989e+06 
9.324800e+03 3.526426e+07 1.057574e+06 
8.569000e+03 3.349754e+07 1.284197e+06 
6.488950e+03 2.632430e+07 2.213108e+06 
7.024150e+03 2.807305e+07 1.872630e+06 
1.012395e+04 4.008075e+07 9.363151e+05 
6.950050e+03 2.789824e+07 1.957750e+06 
8.072250e+03 3.200053e+07 1.447032e+06 
9.136200e+03 3.467825e+07 1.106554e+06 
8.462000e+03 3.318055e+07 1.329992e+06 
6.373450e+03 2.651464e+07 2.553587e+06 
8.930250e+03 3.452928e+07 1.133115e+06 
8.651300e+03 3.394106e+07 1.191674e+06 
8.758100e+03 3.354962e+07 1.276793e+06 
8.837350e+03 3.381491e+07 1.208656e+06 
8.249850e+03 3.265706e+07 1.361913e+06 
6.448400e+03 2.625142e+07 2.298228e+06 
7.985100e+03 3.126821e+07 1.510820e+06 
7.319350e+03 3.006616e+07 1.702391e+06 
6.391650e+03 2.629110e+07 2.383347e+06 
9.986550e+03 3.972644e+07 1.021435e+06 
7.716850e+03 3.115548e+07 1.617271e+06 
7.292950e+03 2.935466e+07 1.787511e+06 
6.410750e+03 2.611175e+07 2.383347e+06 
6.487300e+03 2.655976e+07 2.042869e+06 

7.983250e+03 3.336851e+07 1.361913e+06 
8.448650e+03 3.522298e+07 1.284197e+06 
7.991750e+03 3.366531e+07 1.359738e+06 
6.573600e+03 2.691334e+07 2.383347e+06 
7.683050e+03 3.181104e+07 1.510820e+06 
9.899900e+03 3.838467e+07 1.001604e+06 
7.461450e+03 3.097588e+07 1.532152e+06 
8.041500e+03 3.319280e+07 1.435279e+06 
7.359850e+03 3.040083e+07 1.787511e+06 
7.238450e+03 2.988683e+07 1.872630e+06 
9.064600e+03 3.665205e+07 1.021435e+06 
8.458300e+03 3.526857e+07 1.276793e+06 
1.044800e+04 4.197166e+07 9.363151e+05 
6.798900e+03 2.794187e+07 1.957750e+06 
8.963350e+03 3.623368e+07 1.106554e+06 
6.477650e+03 2.736089e+07 2.468467e+06 
6.598850e+03 2.710739e+07 2.298228e+06 
9.391150e+03 3.943278e+07 9.820330e+05 
6.568500e+03 2.727770e+07 2.213108e+06 
6.830100e+03 2.773337e+07 2.042869e+06 
7.696250e+03 3.235866e+07 1.447032e+06 
8.973050e+03 3.631949e+07 1.057574e+06 
8.822500e+03 3.552825e+07 1.208656e+06 
6.633950e+03 2.728157e+07 2.127989e+06 
6.702900e+03 2.783156e+07 2.042869e+06 

8.095200e+03 3.325090e+07 1.361913e+06 
6.548550e+03 2.661227e+07 2.127989e+06 
7.425850e+03 3.087789e+07 1.617271e+06 
6.678950e+03 2.750254e+07 1.957750e+06 
9.005250e+03 3.716576e+07 1.106554e+06 
8.910900e+03 3.628626e+07 1.208656e+06 
6.656750e+03 2.738815e+07 2.042869e+06 
8.331400e+03 3.337113e+07 1.319353e+06 
7.374700e+03 3.090119e+07 1.532152e+06 
6.354000e+03 2.592669e+07 2.213108e+06 
6.714200e+03 2.813068e+07 1.872630e+06 
9.079750e+03 3.780503e+07 9.064920e+05 
7.132650e+03 2.916944e+07 1.787511e+06 
6.203200e+03 2.532045e+07 2.468467e+06 
8.702700e+03 3.498075e+07 1.234234e+06 
9.143400e+03 3.766518e+07 1.021435e+06 
6.239250e+03 2.543499e+07 2.383347e+06 
8.105650e+03 3.290334e+07 1.361913e+06 
6.320900e+03 2.592836e+07 2.213108e+06 
8.857350e+03 3.680248e+07 1.191674e+06 
6.228150e+03 2.517356e+07 2.553587e+06 
6.799100e+03 2.798581e+07 1.872630e+06 
6.309300e+03 2.571902e+07 2.298228e+06 
7.086500e+03 2.942506e+07 1.702391e+06 
6.205200e+03 2.526101e+07 2.468467e+06 

8.132500e+03 3.322292e+07 1.361913e+06 
7.160700e+03 2.954596e+07 1.872630e+06 
7.152550e+03 2.965317e+07 1.872630e+06 
6.558200e+03 2.695766e+07 2.298228e+06 
6.385650e+03 2.606637e+07 2.383347e+06 
8.727400e+03 3.602232e+07 1.133115e+06 
6.264550e+03 2.535186e+07 2.468467e+06 
8.516300e+03 3.530025e+07 1.208656e+06 
8.287300e+03 3.375882e+07 1.276793e+06 
6.609150e+03 2.718589e+07 2.127989e+06 
6.261950e+03 2.547893e+07 2.468467e+06 
7.816900e+03 3.129078e+07 1.532152e+06 
9.884350e+03 4.166891e+07 9.363151e+05 
7.580050e+03 3.159303e+07 1.532152e+06 
6.702150e+03 2.752803e+07 1.957750e+06 
7.235200e+03 3.004572e+07 1.702391e+06 
9.062650e+03 3.738144e+07 1.057574e+06 
8.277100e+03 3.378692e+07 1.284197e+06 
9.269500e+03 3.711423e+07 1.106554e+06 
6.277800e+03 2.531191e+07 2.468467e+06 
7.162000e+03 2.973802e+07 1.787511e+06 
6.648600e+03 2.710159e+07 2.042869e+06 
6.601150e+03 2.693973e+07 2.213108e+06 
7.748750e+03 3.154633e+07 1.447032e+06 
9.018950e+03 3.792638e+07 9.820330e+05 

7.070250e+03 2.944890e+07 1.532152e+06 
8.860450e+03 3.501828e+07 1.057574e+06 
6.541650e+03 2.652870e+07 2.127989e+06 
8.861300e+03 3.560500e+07 9.820330e+05 
6.375100e+03 2.618973e+07 2.553587e+06 
8.472800e+03 3.319746e+07 1.133115e+06 
9.050900e+03 3.708652e+07 9.363151e+05 
6.748900e+03 2.789428e+07 1.830070e+06 
8.432700e+03 3.264763e+07 1.276793e+06 
8.335200e+03 3.353231e+07 1.361913e+06 
6.852600e+03 2.802642e+07 1.787511e+06 
6.958100e+03 2.919088e+07 1.617271e+06 
6.705450e+03 2.754548e+07 1.957750e+06 
6.516200e+03 2.676663e+07 2.298228e+06 
7.296400e+03 3.042822e+07 1.510820e+06 
6.710800e+03 2.757677e+07 1.872630e+06 
8.813150e+03 3.425633e+07 1.106554e+06 
8.546000e+03 3.234326e+07 1.447032e+06 
8.405650e+03 3.249628e+07 1.404473e+06 
6.879700e+03 2.826036e+07 1.702391e+06 
6.521600e+03 2.658055e+07 2.213108e+06 
6.880600e+03 2.820493e+07 1.744951e+06 
8.360850e+03 3.301935e+07 1.191674e+06 
6.356050e+03 2.624467e+07 2.553587e+06 
8.771550e+03 3.525379e+07 9.895141e+05 

6.641950e+03 2.708665e+07 2.127989e+06 
7.179200e+03 2.928477e+07 1.617271e+06 
6.928800e+03 2.799169e+07 1.957750e+06 
6.344750e+03 2.579892e+07 2.553587e+06 
6.603650e+03 2.682242e+07 2.213108e+06 
9.077000e+03 3.760353e+07 1.074634e+06 
6.363450e+03 2.582724e+07 2.468467e+06 
6.348000e+03 2.563724e+07 2.553587e+06 
6.934400e+03 2.805827e+07 1.872630e+06 
6.394150e+03 2.602909e+07 2.383347e+06 
7.459650e+03 3.070246e+07 1.361913e+06 
8.171000e+03 3.315363e+07 1.329992e+06 
7.130250e+03 2.949449e+07 1.617271e+06 
7.441650e+03 3.050726e+07 1.447032e+06 
9.280750e+03 3.620158e+07 1.106554e+06 
8.327400e+03 3.360720e+07 1.276793e+06 
6.997200e+03 2.837419e+07 1.787511e+06 
7.009300e+03 2.884817e+07 1.702391e+06 
7.229450e+03 2.976718e+07 1.532152e+06 
9.669550e+03 3.671784e+07 1.057574e+06 
6.856100e+03 2.778961e+07 2.042869e+06 
8.773650e+03 3.418307e+07 1.191674e+06 
6.580750e+03 2.673063e+07 2.298228e+06 
9.557850e+03 4.005791e+07 9.895141e+05 
6.529000e+03 2.674359e+07 2.298228e+06 

