3.101015e+02 7.966271e+07 6.076652e+06 
3.609873e+02 7.239450e+07 4.629830e+06 
3.185536e+02 7.760659e+07 5.690833e+06 
3.459512e+02 7.341588e+07 4.822740e+06 
3.359585e+02 7.080053e+07 5.401469e+06 
3.723552e+02 7.268553e+07 4.822740e+06 
3.073688e+02 7.777034e+07 6.558926e+06 
3.179097e+02 6.864772e+07 6.269562e+06 
3.599464e+02 7.825689e+07 4.629830e+06 
3.570980e+02 6.981251e+07 4.822740e+06 
3.521510e+02 7.085938e+07 4.822740e+06 
3.140479e+02 7.221583e+07 5.980198e+06 
3.435335e+02 6.913149e+07 5.401469e+06 
3.081625e+02 7.714378e+07 6.558926e+06 
3.380479e+02 7.002533e+07 5.594378e+06 
3.123814e+02 6.790582e+07 6.462472e+06 
3.635720e+02 7.219137e+07 4.629830e+06 
3.573160e+02 6.847780e+07 5.980198e+06 
3.429638e+02 6.930092e+07 5.112104e+06 
3.164436e+02 7.006754e+07 6.076652e+06 
3.150685e+02 7.192601e+07 6.269562e+06 
3.136550e+02 8.121687e+07 5.883743e+06 
3.114712e+02 7.424981e+07 6.173107e+06 
3.403768e+02 7.113259e+07 5.208559e+06 
3.363606e+02 6.983961e+07 5.690833e+06 
3.285238e+02 6.941428e+07 5.787288e+06 
3.543240e+02 7.008927e+07 4.919195e+06 
3.244165e+02 6.795990e+07 6.462472e+06 
3.392194e+02 7.167528e+07 4.919195e+06 
3.366491e+02 7.030369e+07 5.305014e+06 
3.133041e+02 7.223465e+07 6.366017e+06 
3.286212e+02 6.869873e+07 5.980198e+06 
3.393019e+02 6.995361e+07 5.305014e+06 
3.509846e+02 6.989089e+07 5.015650e+06 
3.102373e+02 7.767773e+07 6.076652e+06 
3.307486e+02 7.088609e+07 5.594378e+06 
3.240744e+02 6.875800e+07 6.173107e+06 
3.238281e+02 6.944281e+07 5.883743e+06 
3.465949e+02 6.879192e+07 5.305014e+06 
3.175533e+02 7.714045e+07 5.883743e+06 
3.257599e+02 6.942322e+07 5.883743e+06 
3.286929e+02 6.830578e+07 6.173107e+06 
3.492106e+02 7.200240e+07 4.822740e+06 
3.167832e+02 8.390791e+07 5.787288e+06 
3.611760e+02 7.094034e+07 4.919195e+06 
3.543431e+02 6.960824e+07 4.919195e+06 
3.497650e+02 7.171048e+07 4.726285e+06 
3.207929e+02 6.979096e+07 5.787288e+06 
3.415471e+02 7.118062e+07 5.015650e+06 
3.137844e+02 7.909426e+07 5.883743e+06 
3.109917e+02 7.148725e+07 6.558926e+06 
3.386328e+02 7.478561e+07 5.066556e+06 
3.462120e+02 6.876674e+07 5.401469e+06 
3.222106e+02 7.884014e+07 5.497924e+06 
3.352805e+02 7.207432e+07 5.112104e+06 
3.241155e+02 7.486652e+07 5.497924e+06 
3.260903e+02 7.365960e+07 5.690833e+06 
3.554015e+02 7.094130e+07 4.726285e+06 
3.083996e+02 7.616800e+07 6.269562e+06 
3.411216e+02 6.989543e+07 5.305014e+06 
3.087318e+02 7.549822e+07 6.269562e+06 
3.314124e+02 7.087910e+07 5.401469e+06 
3.197694e+02 7.201878e+07 5.883743e+06 
3.406044e+02 6.872428e+07 5.883743e+06 
3.152329e+02 6.916622e+07 6.269562e+06 
3.607955e+02 7.057575e+07 4.726285e+06 
3.594129e+02 6.907323e+07 4.919195e+06 
3.557171e+02 7.022309e+07 5.112104e+06 
3.331669e+02 7.229215e+07 5.208559e+06 
3.301163e+02 7.326064e+07 5.497924e+06 
3.412196e+02 6.959629e+07 5.690833e+06 
3.210261e+02 7.411372e+07 5.690833e+06 
3.344556e+02 6.906338e+07 5.883743e+06 
3.184952e+02 7.342168e+07 5.883743e+06 
3.354487e+02 7.554315e+07 5.015650e+06 
3.176898e+02 7.028787e+07 5.980198e+06 
3.168357e+02 6.997117e+07 6.076652e+06 
3.133142e+02 7.369533e+07 5.980198e+06 
3.199032e+02 7.139939e+07 5.787288e+06 
3.299637e+02 7.073127e+07 5.690833e+06 
3.485059e+02 6.861378e+07 5.787288e+06 
3.246805e+02 6.874701e+07 6.173107e+06 
3.116399e+02 7.017239e+07 6.655381e+06 
3.221037e+02 7.629951e+07 5.594378e+06 
3.165884e+02 6.893026e+07 6.173107e+06 
3.310256e+02 7.325536e+07 5.305014e+06 
3.269614e+02 7.478448e+07 5.594378e+06 
3.294685e+02 7.203912e+07 5.690833e+06 
3.345728e+02 7.050227e+07 5.497924e+06 
3.498702e+02 7.013401e+07 4.919195e+06 
3.161118e+02 6.897713e+07 6.173107e+06 
3.106474e+02 7.325423e+07 6.751836e+06 
3.274070e+02 6.912746e+07 5.883743e+06 
3.381641e+02 6.852877e+07 6.076652e+06 
3.304381e+02 7.197087e+07 5.401469e+06 
3.518037e+02 6.937862e+07 5.305014e+06 
3.208022e+02 6.814901e+07 6.269562e+06 
3.315214e+02 7.043981e+07 5.690833e+06 
3.172687e+02 6.928191e+07 6.076652e+06 
3.094885e+02 7.364545e+07 6.751836e+06 

3.515041e+02 7.784477e+07 5.208559e+06 
3.339821e+02 8.060635e+07 5.594378e+06 
3.585775e+02 7.297604e+07 6.076652e+06 
3.422138e+02 7.768659e+07 5.305014e+06 
3.575805e+02 7.252664e+07 6.655381e+06 
3.665025e+02 7.503559e+07 5.594378e+06 
3.727111e+02 7.734684e+07 4.726285e+06 
3.472429e+02 7.536102e+07 5.594378e+06 
3.602750e+02 7.242795e+07 6.076652e+06 
3.423528e+02 7.687334e+07 5.497924e+06 
3.304791e+02 8.002251e+07 5.883743e+06 
3.322313e+02 7.729370e+07 5.787288e+06 
3.557564e+02 7.275600e+07 6.655381e+06 
3.264654e+02 7.577351e+07 6.076652e+06 
3.627938e+02 7.514982e+07 5.690833e+06 
3.366035e+02 7.961237e+07 5.690833e+06 
3.501808e+02 7.587624e+07 5.497924e+06 
3.326356e+02 7.382380e+07 6.269562e+06 
3.469518e+02 7.277547e+07 6.655381e+06 
3.639717e+02 7.637405e+07 5.112104e+06 
3.372325e+02 7.318730e+07 6.173107e+06 
3.710202e+02 7.498506e+07 5.594378e+06 
3.217078e+02 7.392764e+07 6.366017e+06 
3.238290e+02 7.754832e+07 6.173107e+06 
3.189246e+02 7.481517e+07 6.366017e+06 
3.556529e+02 7.874890e+07 4.919195e+06 
3.612654e+02 7.901198e+07 4.726285e+06 
3.510209e+02 7.730354e+07 5.305014e+06 
3.397326e+02 7.677039e+07 5.787288e+06 
3.664311e+02 8.010327e+07 4.702171e+06 
3.276156e+02 7.440207e+07 6.173107e+06 
3.574733e+02 7.640544e+07 5.305014e+06 
3.174372e+02 7.555406e+07 6.366017e+06 
3.591787e+02 7.750178e+07 4.919195e+06 
3.285853e+02 7.411144e+07 6.269562e+06 
3.217901e+02 7.541886e+07 6.269562e+06 
3.366091e+02 7.456728e+07 5.883743e+06 
3.337253e+02 7.635502e+07 5.883743e+06 
3.488235e+02 7.302382e+07 5.883743e+06 
3.385714e+02 7.819552e+07 5.594378e+06 
3.409536e+02 7.709980e+07 5.594378e+06 
3.657949e+02 7.301464e+07 5.980198e+06 
3.211223e+02 7.468739e+07 6.366017e+06 
3.749299e+02 7.576950e+07 5.112104e+06 
3.433411e+02 7.304947e+07 6.655381e+06 
3.556296e+02 7.792912e+07 5.112104e+06 
3.473188e+02 7.750580e+07 5.401469e+06 
3.420644e+02 7.307623e+07 6.173107e+06 
3.286888e+02 7.687686e+07 5.980198e+06 
3.264700e+02 7.475785e+07 6.173107e+06 
3.413310e+02 7.444418e+07 5.883743e+06 
3.338497e+02 7.403346e+07 5.980198e+06 
3.316278e+02 7.421654e+07 6.076652e+06 
3.309562e+02 7.628702e+07 5.980198e+06 
3.370316e+02 8.088600e+07 5.497924e+06 
3.208468e+02 7.481328e+07 6.366017e+06 
3.301964e+02 7.401816e+07 6.173107e+06 
3.638754e+02 7.318698e+07 5.690833e+06 
3.605950e+02 7.726514e+07 4.919195e+06 
3.587368e+02 7.443518e+07 5.787288e+06 
3.286204e+02 7.510752e+07 6.076652e+06 
3.749793e+02 7.622737e+07 5.015650e+06 
3.290660e+02 7.460245e+07 6.076652e+06 
3.793266e+02 7.677902e+07 4.822740e+06 
3.260826e+02 8.185544e+07 6.076652e+06 
3.549530e+02 7.677491e+07 5.401469e+06 
3.626099e+02 7.415276e+07 5.787288e+06 
3.325616e+02 7.575229e+07 5.980198e+06 
3.247450e+02 7.448395e+07 6.269562e+06 
3.373652e+02 7.373531e+07 6.076652e+06 
3.367993e+02 7.344772e+07 6.173107e+06 
3.569121e+02 7.283849e+07 6.462472e+06 
3.477777e+02 7.303370e+07 5.883743e+06 
3.305987e+02 7.388501e+07 6.269562e+06 
3.438098e+02 7.349198e+07 5.883743e+06 
3.189010e+02 8.026109e+07 6.173107e+06 
3.687628e+02 7.633240e+07 4.919195e+06 
3.285395e+02 8.136877e+07 5.980198e+06 
3.586338e+02 7.729162e+07 5.208559e+06 
3.635390e+02 7.525036e+07 5.594378e+06 
3.616490e+02 7.646177e+07 5.208559e+06 
3.702724e+02 7.229894e+07 6.076652e+06 
3.286200e+02 8.048657e+07 5.883743e+06 
3.315201e+02 7.935102e+07 5.787288e+06 
3.168671e+02 7.567935e+07 6.366017e+06 
3.361049e+02 7.384196e+07 6.173107e+06 
3.407095e+02 7.544444e+07 5.787288e+06 
3.692303e+02 7.628041e+07 4.919195e+06 
3.413662e+02 7.630781e+07 5.594378e+06 
3.518144e+02 7.720661e+07 5.401469e+06 
3.506951e+02 7.531576e+07 5.787288e+06 
3.303471e+02 7.440405e+07 6.076652e+06 
3.406934e+02 7.748963e+07 5.594378e+06 
3.245347e+02 7.502910e+07 6.173107e+06 
3.404909e+02 7.360891e+07 6.076652e+06 
3.661693e+02 7.663574e+07 4.919195e+06 
3.651218e+02 7.594228e+07 5.232672e+06 
3.580934e+02 7.820208e+07 5.015650e+06 
3.453279e+02 7.589848e+07 5.594378e+06 
3.564931e+02 7.495713e+07 5.787288e+06 

3.322933e+02 7.351580e+07 5.305014e+06 
3.715197e+02 7.288472e+07 4.726285e+06 
3.753765e+02 7.035835e+07 5.112104e+06 
3.422009e+02 7.232595e+07 5.112104e+06 
3.164436e+02 7.895785e+07 6.076652e+06 
3.384517e+02 7.144645e+07 5.208559e+06 
3.577181e+02 7.438088e+07 4.629830e+06 
3.384866e+02 7.123066e+07 5.980198e+06 
3.306577e+02 7.409800e+07 5.266432e+06 
3.349593e+02 7.202955e+07 5.182838e+06 
3.302212e+02 7.260622e+07 5.401469e+06 
3.801107e+02 7.444650e+07 4.533376e+06 
3.430065e+02 7.101418e+07 5.305014e+06 
3.228578e+02 7.405230e+07 5.594378e+06 
3.312351e+02 7.126365e+07 5.401469e+06 
3.333283e+02 8.084500e+07 5.112104e+06 
3.362715e+02 7.592252e+07 5.015650e+06 
3.299899e+02 7.506312e+07 5.208559e+06 
3.423222e+02 7.115291e+07 5.594378e+06 
3.385403e+02 7.322982e+07 5.015650e+06 
3.457331e+02 7.492450e+07 4.848461e+06 
3.688734e+02 7.076047e+07 5.401469e+06 
3.794237e+02 7.318339e+07 4.726285e+06 
3.284986e+02 7.412678e+07 5.433620e+06 
3.404967e+02 7.654541e+07 4.822740e+06 
3.564326e+02 7.771438e+07 4.430490e+06 
3.466880e+02 7.713147e+07 4.597679e+06 
3.189995e+02 7.755919e+07 5.883743e+06 
3.396059e+02 7.302435e+07 5.112104e+06 
3.285010e+02 7.729578e+07 5.208559e+06 
3.279827e+02 7.294755e+07 5.517215e+06 
3.169405e+02 7.756072e+07 6.269562e+06 
3.677757e+02 7.843487e+07 4.346896e+06 
3.547124e+02 7.853052e+07 4.514085e+06 
3.619813e+02 7.464745e+07 4.533376e+06 
3.437597e+02 7.652679e+07 4.726285e+06 
3.289838e+02 7.363875e+07 5.433620e+06 
3.456673e+02 7.599867e+07 4.681273e+06 
3.396868e+02 7.494902e+07 4.919195e+06 
3.445227e+02 7.098556e+07 5.208559e+06 
3.697415e+02 7.652519e+07 4.263302e+06 
3.285960e+02 7.436968e+07 5.401469e+06 
3.174017e+02 7.775520e+07 5.980198e+06 
3.514976e+02 7.086018e+07 5.401469e+06 
3.288981e+02 7.200483e+07 5.690833e+06 
3.334696e+02 7.393327e+07 5.182838e+06 
3.248731e+02 7.778806e+07 5.266432e+06 
3.422421e+02 7.122581e+07 5.305014e+06 
3.455659e+02 7.094142e+07 5.112104e+06 
3.270096e+02 7.212284e+07 5.594378e+06 
3.227098e+02 7.262125e+07 5.787288e+06 
3.343769e+02 7.315150e+07 5.182838e+06 
3.224734e+02 7.342006e+07 5.787288e+06 
3.459238e+02 7.224478e+07 4.919195e+06 
3.518932e+02 7.725952e+07 4.568207e+06 
3.267370e+02 7.438620e+07 5.497924e+06 
3.217682e+02 7.367653e+07 5.787288e+06 
3.279897e+02 7.462157e+07 5.350026e+06 
3.287214e+02 7.250791e+07 5.517215e+06 
3.309563e+02 7.407101e+07 5.350026e+06 
3.462129e+02 7.495159e+07 4.764867e+06 
3.302976e+02 7.147106e+07 5.690833e+06 
3.259847e+02 7.227885e+07 5.600809e+06 
3.206597e+02 7.660852e+07 6.076652e+06 
3.784058e+02 7.085663e+07 4.919195e+06 
3.331813e+02 7.417192e+07 5.208559e+06 
3.336915e+02 7.238882e+07 5.350026e+06 
3.446396e+02 7.134984e+07 5.015650e+06 
3.384953e+02 7.610313e+07 4.932055e+06 
3.731318e+02 7.805513e+07 4.244011e+06 
3.291537e+02 7.177939e+07 5.787288e+06 
3.387185e+02 7.742922e+07 4.848461e+06 
3.655847e+02 7.189870e+07 4.932055e+06 
3.431535e+02 7.845760e+07 4.764867e+06 
3.497639e+02 7.362630e+07 4.822740e+06 
3.791564e+02 7.693162e+07 4.200606e+06 
3.779632e+02 7.089551e+07 4.822740e+06 
3.575114e+02 7.077052e+07 4.919195e+06 
3.377414e+02 7.195034e+07 5.266432e+06 
3.562131e+02 7.471457e+07 4.726285e+06 
3.480654e+02 7.457736e+07 4.764867e+06 
3.434058e+02 7.077374e+07 5.497924e+06 
3.603664e+02 7.042080e+07 5.015650e+06 
3.315883e+02 7.990393e+07 5.182838e+06 
3.685790e+02 7.052998e+07 5.594378e+06 
3.694655e+02 7.632792e+07 4.340466e+06 
3.334847e+02 7.598946e+07 5.015650e+06 
3.524882e+02 7.558332e+07 4.436921e+06 
3.296327e+02 7.318921e+07 5.401469e+06 
3.687732e+02 7.750759e+07 4.263302e+06 
3.423430e+02 7.548681e+07 4.822740e+06 
3.235482e+02 7.269789e+07 5.690833e+06 
3.243795e+02 7.510004e+07 5.517215e+06 
3.285382e+02 8.233131e+07 5.099244e+06 
3.764199e+02 7.073902e+07 5.015650e+06 
3.718161e+02 7.076445e+07 4.919195e+06 
3.389375e+02 7.125815e+07 5.401469e+06 
3.188298e+02 7.737172e+07 5.980198e+06 
3.383435e+02 7.465492e+07 5.112104e+06 
3.275359e+02 7.402282e+07 5.517215e+06 

3.576702e+02 7.983757e+07 5.015650e+06 
3.337760e+02 7.308163e+07 5.305014e+06 
3.212028e+02 7.429833e+07 5.980198e+06 
3.230131e+02 7.560043e+07 5.497924e+06 
3.920317e+02 7.483861e+07 5.015650e+06 
3.351463e+02 7.176280e+07 5.980198e+06 
3.294306e+02 7.191825e+07 5.980198e+06 
3.509529e+02 7.206148e+07 5.497924e+06 
3.660146e+02 7.898669e+07 4.629830e+06 
3.359928e+02 7.376787e+07 5.208559e+06 
3.357428e+02 7.173314e+07 6.269562e+06 
3.249223e+02 7.256761e+07 5.690833e+06 
3.549645e+02 8.035224e+07 5.015650e+06 
3.628821e+02 7.740167e+07 5.015650e+06 
3.378769e+02 7.161383e+07 5.883743e+06 
3.596943e+02 7.903081e+07 5.015650e+06 
3.242702e+02 7.211842e+07 6.173107e+06 
3.260666e+02 7.562371e+07 5.433620e+06 
3.654606e+02 7.546957e+07 5.099244e+06 
3.187561e+02 7.569518e+07 6.173107e+06 
3.659726e+02 7.885698e+07 4.726285e+06 
3.209146e+02 7.559682e+07 5.787288e+06 
3.212329e+02 7.399609e+07 5.980198e+06 
3.266463e+02 7.386128e+07 5.517215e+06 
3.268547e+02 7.287061e+07 5.594378e+06 
3.202275e+02 7.314488e+07 6.366017e+06 
3.647122e+02 7.674078e+07 5.015650e+06 
3.283597e+02 7.491761e+07 5.305014e+06 
3.811442e+02 7.545519e+07 4.919195e+06 
3.285988e+02 7.413518e+07 5.305014e+06 
3.952642e+02 7.462641e+07 4.919195e+06 
3.592570e+02 7.965212e+07 4.919195e+06 
3.707547e+02 7.616533e+07 4.822740e+06 
3.451228e+02 7.157093e+07 5.594378e+06 
3.252137e+02 7.178892e+07 6.269562e+06 
3.326798e+02 7.353968e+07 5.305014e+06 
3.251335e+02 7.426704e+07 5.600809e+06 
3.241474e+02 7.273328e+07 5.883743e+06 
3.333335e+02 7.584351e+07 5.208559e+06 
3.171021e+02 7.471220e+07 6.462472e+06 
3.342086e+02 7.266184e+07 5.433620e+06 
3.265945e+02 7.583334e+07 5.401469e+06 
3.352130e+02 7.177792e+07 5.883743e+06 
3.227688e+02 7.257616e+07 5.980198e+06 
3.329375e+02 7.624159e+07 5.208559e+06 
3.638398e+02 8.300584e+07 4.848461e+06 
3.646771e+02 7.819797e+07 4.919195e+06 
3.612150e+02 7.876042e+07 5.015650e+06 
3.377139e+02 7.186922e+07 5.690833e+06 
3.406469e+02 7.141393e+07 5.690833e+06 
3.863140e+02 7.729758e+07 4.436921e+06 
3.147182e+02 7.589500e+07 6.558926e+06 
3.655559e+02 7.795603e+07 4.919195e+06 
3.203791e+02 7.271094e+07 6.076652e+06 
3.347641e+02 7.396047e+07 5.208559e+06 
3.274057e+02 7.435053e+07 5.350026e+06 
3.334197e+02 7.220450e+07 5.594378e+06 
3.695427e+02 7.747513e+07 4.764867e+06 
3.645361e+02 7.894503e+07 4.919195e+06 
3.237482e+02 7.349725e+07 5.690833e+06 
3.412819e+02 7.213543e+07 5.594378e+06 
3.258688e+02 7.603976e+07 5.350026e+06 
3.239757e+02 7.506912e+07 5.600809e+06 
3.282824e+02 7.199984e+07 5.690833e+06 
3.269925e+02 7.255975e+07 5.980198e+06 
3.915815e+02 7.531388e+07 4.822740e+06 
3.275413e+02 7.396725e+07 5.433620e+06 
3.625539e+02 7.817777e+07 5.015650e+06 
3.309705e+02 7.361702e+07 5.401469e+06 
3.928938e+02 7.668337e+07 4.597679e+06 
3.739841e+02 7.564991e+07 5.015650e+06 
3.182652e+02 7.369311e+07 6.558926e+06 
3.668373e+02 7.622862e+07 5.015650e+06 
3.163942e+02 7.524842e+07 6.751836e+06 
3.292475e+02 7.197963e+07 5.787288e+06 
3.712547e+02 7.569677e+07 4.919195e+06 
3.371683e+02 7.316973e+07 5.208559e+06 
3.220873e+02 7.548169e+07 5.690833e+06 
3.652292e+02 7.933310e+07 4.726285e+06 
3.194314e+02 7.476115e+07 6.366017e+06 
3.420787e+02 7.126456e+07 5.690833e+06 
3.365943e+02 7.474520e+07 5.112104e+06 
3.398259e+02 7.413722e+07 5.112104e+06 
3.385694e+02 7.156842e+07 5.787288e+06 
3.784390e+02 7.548705e+07 4.629830e+06 
3.278077e+02 7.227297e+07 5.497924e+06 
3.186719e+02 7.647519e+07 6.366017e+06 
3.301087e+02 7.179196e+07 5.787288e+06 
3.969297e+02 7.480641e+07 4.822740e+06 
3.268662e+02 7.518398e+07 5.433620e+06 
3.342235e+02 7.293213e+07 5.305014e+06 
3.231502e+02 7.411825e+07 5.690833e+06 
3.199814e+02 7.396703e+07 6.076652e+06 
3.264689e+02 7.197086e+07 6.076652e+06 
3.568013e+02 8.099260e+07 4.919195e+06 
3.396157e+02 7.278489e+07 5.208559e+06 
3.219820e+02 7.437007e+07 5.883743e+06 
3.303500e+02 7.386384e+07 5.305014e+06 
3.644334e+02 7.951443e+07 4.681273e+06 
3.657996e+02 7.756464e+07 4.919195e+06 

3.681984e+02 7.179252e+07 5.112104e+06 
3.691532e+02 6.975243e+07 5.305014e+06 
3.299258e+02 7.423912e+07 6.655381e+06 
3.745753e+02 6.878846e+07 5.305014e+06 
4.144805e+02 7.014624e+07 4.533376e+06 
3.670989e+02 7.184370e+07 5.112104e+06 
3.590660e+02 7.060169e+07 5.305014e+06 
3.717457e+02 6.798539e+07 5.497924e+06 
3.660999e+02 7.000176e+07 5.305014e+06 
3.288653e+02 7.434762e+07 6.655381e+06 
3.569818e+02 6.893093e+07 5.690833e+06 
3.640751e+02 7.216492e+07 5.015650e+06 
3.913903e+02 7.075520e+07 4.629830e+06 
3.466259e+02 7.182288e+07 5.594378e+06 
3.854124e+02 6.983903e+07 5.112104e+06 
3.501706e+02 6.990082e+07 5.690833e+06 
3.591426e+02 6.903698e+07 5.497924e+06 
3.568799e+02 7.666812e+07 5.305014e+06 
3.810217e+02 7.051914e+07 4.822740e+06 
3.765567e+02 7.016039e+07 5.015650e+06 
3.291256e+02 7.527041e+07 6.462472e+06 
3.693473e+02 7.157398e+07 5.112104e+06 
3.614132e+02 7.006686e+07 5.305014e+06 
3.815247e+02 6.795385e+07 5.497924e+06 
3.586283e+02 7.037940e+07 5.401469e+06 
3.836965e+02 7.353400e+07 4.726285e+06 
3.600111e+02 7.040659e+07 5.305014e+06 
3.670290e+02 6.887370e+07 5.497924e+06 
4.145680e+02 6.956017e+07 4.629830e+06 
3.627170e+02 7.077474e+07 5.208559e+06 
3.753463e+02 6.812407e+07 5.690833e+06 
4.014343e+02 7.062913e+07 4.533376e+06 
3.791296e+02 6.858771e+07 5.305014e+06 
3.313141e+02 7.410031e+07 6.655381e+06 
3.602496e+02 7.108415e+07 5.208559e+06 
3.946184e+02 7.046913e+07 4.822740e+06 
3.764349e+02 6.811620e+07 5.497924e+06 
3.347582e+02 7.470039e+07 6.558926e+06 
4.173620e+02 7.233625e+07 4.340466e+06 
3.484161e+02 7.076620e+07 5.497924e+06 
3.443028e+02 7.061709e+07 5.690833e+06 
4.229757e+02 7.015184e+07 4.629830e+06 
3.414215e+02 7.009985e+07 5.690833e+06 
3.985957e+02 7.390479e+07 4.436921e+06 
3.662241e+02 6.969908e+07 5.401469e+06 
4.209337e+02 7.384679e+07 4.244011e+06 
3.559821e+02 7.097985e+07 5.401469e+06 
3.960919e+02 7.046027e+07 4.726285e+06 
3.596410e+02 7.232967e+07 5.208559e+06 
3.425414e+02 7.117149e+07 5.980198e+06 
3.697207e+02 7.144974e+07 5.112104e+06 
3.714046e+02 6.924090e+07 5.208559e+06 
3.469814e+02 6.962211e+07 5.690833e+06 
4.361153e+02 7.418799e+07 4.244011e+06 
3.769079e+02 6.901749e+07 5.305014e+06 
4.269249e+02 6.965220e+07 4.822740e+06 
3.747462e+02 6.877519e+07 5.305014e+06 
3.310966e+02 7.479974e+07 6.655381e+06 
3.701363e+02 6.918819e+07 5.305014e+06 
3.677910e+02 6.995176e+07 5.305014e+06 
4.200944e+02 7.316899e+07 4.436921e+06 
4.106563e+02 7.331521e+07 4.436921e+06 
3.697416e+02 7.088106e+07 5.112104e+06 
3.281582e+02 7.455672e+07 6.655381e+06 
3.785586e+02 6.950406e+07 5.208559e+06 
3.637438e+02 7.184392e+07 5.305014e+06 
3.798840e+02 7.296799e+07 4.919195e+06 
3.739346e+02 6.915053e+07 5.305014e+06 
4.095146e+02 6.992820e+07 4.822740e+06 
3.909266e+02 6.860185e+07 5.112104e+06 
3.825583e+02 6.827868e+07 5.305014e+06 
4.142066e+02 6.996089e+07 4.726285e+06 
3.837562e+02 6.910697e+07 5.208559e+06 
3.965847e+02 7.035639e+07 4.533376e+06 
3.273563e+02 7.461216e+07 6.655381e+06 
3.744244e+02 7.021039e+07 5.112104e+06 
3.311636e+02 7.433528e+07 6.655381e+06 
3.697460e+02 6.861418e+07 5.497924e+06 
4.129888e+02 6.976088e+07 4.629830e+06 
3.887533e+02 6.910596e+07 5.208559e+06 
4.078343e+02 7.342375e+07 4.436921e+06 
3.729818e+02 7.023370e+07 5.112104e+06 
3.741456e+02 6.847571e+07 5.690833e+06 
3.829811e+02 6.976401e+07 5.015650e+06 
3.895006e+02 7.019557e+07 4.919195e+06 
3.349103e+02 7.103102e+07 5.690833e+06 
3.555613e+02 7.003622e+07 5.497924e+06 
3.919841e+02 7.100801e+07 4.629830e+06 
3.846546e+02 7.415888e+07 4.533376e+06 
3.546436e+02 7.030100e+07 5.594378e+06 
3.713406e+02 6.911352e+07 5.350026e+06 
4.041023e+02 7.032154e+07 4.822740e+06 
3.690433e+02 6.938394e+07 5.401469e+06 
4.084852e+02 7.402410e+07 4.340466e+06 
3.573147e+02 7.071061e+07 5.305014e+06 
3.842309e+02 6.904243e+07 5.208559e+06 
3.634725e+02 7.003348e+07 5.305014e+06 
3.555297e+02 8.083595e+07 5.401469e+06 
3.514682e+02 6.833410e+07 5.690833e+06 
3.814502e+02 6.862659e+07 5.305014e+06 

4.113884e+02 6.924210e+07 4.919195e+06 
3.567505e+02 8.341479e+07 4.726285e+06 
3.274694e+02 7.166679e+07 6.462472e+06 
3.577520e+02 7.308939e+07 5.208559e+06 
3.473454e+02 7.584787e+07 5.401469e+06 
3.937751e+02 6.905433e+07 5.112104e+06 
3.262595e+02 7.263749e+07 6.269562e+06 
3.643135e+02 6.934984e+07 5.594378e+06 
3.662997e+02 8.265622e+07 4.726285e+06 
3.610266e+02 7.164464e+07 5.112104e+06 
3.417317e+02 8.258747e+07 5.305014e+06 
3.741335e+02 6.859412e+07 5.883743e+06 
3.232028e+02 7.436197e+07 6.076652e+06 
3.372284e+02 7.059942e+07 6.462472e+06 
3.389465e+02 8.794932e+07 5.594378e+06 
3.770505e+02 6.854602e+07 5.594378e+06 
3.420485e+02 7.080890e+07 5.594378e+06 
3.665007e+02 7.897070e+07 4.919195e+06 
3.489947e+02 6.968439e+07 5.787288e+06 
3.823336e+02 7.737501e+07 4.822740e+06 
3.210032e+02 7.497726e+07 6.269562e+06 
3.544043e+02 7.918096e+07 5.208559e+06 
3.527711e+02 6.942319e+07 5.690833e+06 
3.275085e+02 7.123249e+07 5.883743e+06 
3.585221e+02 7.235074e+07 5.112104e+06 
3.740293e+02 6.944407e+07 5.497924e+06 
3.750534e+02 7.164636e+07 4.919195e+06 
4.040645e+02 7.134473e+07 4.629830e+06 
3.393066e+02 7.255139e+07 5.497924e+06 
3.860112e+02 7.220526e+07 4.822740e+06 
3.270237e+02 7.190760e+07 6.076652e+06 
3.213878e+02 7.326154e+07 6.462472e+06 
3.194193e+02 7.582633e+07 6.269562e+06 
3.937808e+02 6.792893e+07 5.497924e+06 
3.944891e+02 6.783789e+07 5.401469e+06 
3.764956e+02 7.018109e+07 5.208559e+06 
3.590768e+02 8.091849e+07 5.015650e+06 
3.874821e+02 6.897978e+07 5.208559e+06 
4.013446e+02 6.807247e+07 5.208559e+06 
3.587206e+02 8.298581e+07 4.702171e+06 
3.877782e+02 7.114199e+07 4.726285e+06 
3.372801e+02 7.042726e+07 5.787288e+06 
4.053663e+02 6.731946e+07 5.594378e+06 
3.449070e+02 6.970341e+07 5.787288e+06 
3.196723e+02 7.524356e+07 6.655381e+06 
3.237184e+02 7.249872e+07 6.655381e+06 
3.761180e+02 6.998702e+07 5.305014e+06 
3.540378e+02 7.347829e+07 5.305014e+06 
3.499565e+02 7.050742e+07 5.497924e+06 
3.341599e+02 7.065161e+07 5.787288e+06 
3.960570e+02 6.733938e+07 5.787288e+06 
3.495771e+02 6.889975e+07 6.076652e+06 
3.625573e+02 6.918827e+07 5.690833e+06 
3.563636e+02 8.132529e+07 4.822740e+06 
3.778913e+02 6.869045e+07 5.497924e+06 
3.807197e+02 6.838940e+07 5.594378e+06 
3.211175e+02 7.484446e+07 6.269562e+06 
3.840225e+02 6.820236e+07 5.883743e+06 
3.544807e+02 8.366536e+07 4.806663e+06 
3.792221e+02 6.944826e+07 5.401469e+06 
3.740213e+02 6.890962e+07 5.594378e+06 
3.876679e+02 6.937982e+07 5.015650e+06 
3.535301e+02 8.288570e+07 5.015650e+06 
3.533900e+02 8.777599e+07 4.639474e+06 
3.187532e+02 7.547051e+07 6.462472e+06 
3.818822e+02 7.005348e+07 5.015650e+06 
3.537219e+02 7.484107e+07 5.305014e+06 
3.403191e+02 8.387246e+07 5.305014e+06 
3.734966e+02 7.900536e+07 4.726285e+06 
3.268576e+02 7.466623e+07 5.883743e+06 
3.641411e+02 8.017356e+07 4.822740e+06 
4.092169e+02 7.025773e+07 4.726285e+06 
3.825196e+02 6.838052e+07 5.811401e+06 
3.627906e+02 6.874009e+07 5.787288e+06 
3.653788e+02 7.862924e+07 5.015650e+06 
3.993071e+02 6.748700e+07 5.401469e+06 
3.679241e+02 7.101025e+07 5.305014e+06 
3.304293e+02 7.073583e+07 5.690833e+06 
4.059951e+02 6.904401e+07 5.112104e+06 
3.439981e+02 7.966739e+07 5.401469e+06 
3.981236e+02 6.815345e+07 5.305014e+06 
3.552069e+02 7.120991e+07 5.401469e+06 
3.556794e+02 8.663538e+07 4.629830e+06 
3.444915e+02 7.029226e+07 5.594378e+06 
3.494936e+02 8.426189e+07 4.869359e+06 
3.877156e+02 6.803414e+07 5.401469e+06 
4.082063e+02 6.725879e+07 5.401469e+06 
3.538963e+02 6.998488e+07 5.594378e+06 
3.202133e+02 7.500608e+07 6.269562e+06 
3.414997e+02 7.023727e+07 5.787288e+06 
3.949164e+02 7.040150e+07 4.726285e+06 
3.428909e+02 7.014090e+07 5.883743e+06 
3.527698e+02 7.248314e+07 5.401469e+06 
3.448261e+02 7.008297e+07 5.787288e+06 
3.908606e+02 6.953735e+07 4.919195e+06 
3.976343e+02 7.143656e+07 4.629830e+06 
3.402835e+02 7.032989e+07 5.883743e+06 
3.450698e+02 9.052748e+07 5.208559e+06 
3.904191e+02 7.074138e+07 4.726285e+06 
3.771346e+02 6.840211e+07 5.787288e+06 

4.301932e+02 7.344895e+07 4.568207e+06 
3.570475e+02 6.982391e+07 5.690833e+06 
4.557263e+02 7.780803e+07 3.954647e+06 
3.718345e+02 6.806377e+07 6.076652e+06 
3.912864e+02 7.678295e+07 4.952953e+06 
4.243257e+02 7.491845e+07 4.340466e+06 
3.353091e+02 7.075542e+07 5.980198e+06 
3.610729e+02 7.362811e+07 5.315731e+06 
3.297463e+02 7.330759e+07 6.269562e+06 
4.234346e+02 7.635743e+07 4.244011e+06 
3.754684e+02 7.142401e+07 5.112104e+06 
4.189333e+02 7.693848e+07 4.436921e+06 
3.552028e+02 6.914087e+07 5.883743e+06 
3.855058e+02 7.045882e+07 5.208559e+06 
3.633259e+02 7.092451e+07 5.401469e+06 
4.167530e+02 7.491879e+07 4.533376e+06 
3.812254e+02 7.106469e+07 5.266432e+06 
3.323718e+02 7.065343e+07 6.173107e+06 
3.719492e+02 6.825735e+07 5.883743e+06 
3.308025e+02 7.269774e+07 5.980198e+06 
4.285212e+02 7.373921e+07 4.340466e+06 
3.510812e+02 7.684299e+07 5.497924e+06 
3.392389e+02 7.439403e+07 5.690833e+06 
3.896878e+02 7.022971e+07 5.305014e+06 
3.362477e+02 7.289269e+07 5.787288e+06 
3.486160e+02 6.951159e+07 5.883743e+06 
3.549824e+02 7.321519e+07 5.401469e+06 
3.507099e+02 6.885527e+07 6.269562e+06 
3.919946e+02 7.124608e+07 5.112104e+06 
3.791866e+02 6.921085e+07 5.497924e+06 
3.632050e+02 7.224510e+07 5.305014e+06 
3.815848e+02 6.870043e+07 5.497924e+06 
3.452639e+02 6.927236e+07 6.269562e+06 
3.527540e+02 7.181233e+07 5.497924e+06 
3.300569e+02 7.435890e+07 5.980198e+06 
3.299527e+02 7.137047e+07 6.173107e+06 
4.015300e+02 7.378657e+07 4.822740e+06 
3.652710e+02 7.048716e+07 5.497924e+06 
3.599210e+02 7.205554e+07 5.401469e+06 
3.345135e+02 6.975678e+07 6.173107e+06 
3.580873e+02 7.120056e+07 5.497924e+06 
4.549702e+02 7.374630e+07 4.244011e+06 
3.967773e+02 7.155874e+07 5.015650e+06 
3.686326e+02 6.960334e+07 5.690833e+06 
3.485702e+02 6.911284e+07 6.076652e+06 
4.133363e+02 7.445034e+07 4.726285e+06 
3.805551e+02 6.929107e+07 5.401469e+06 
4.443968e+02 7.782800e+07 4.051102e+06 
3.472428e+02 6.955862e+07 6.076652e+06 
4.467033e+02 7.562883e+07 4.051102e+06 
3.750550e+02 6.948138e+07 5.497924e+06 
4.203538e+02 7.401154e+07 4.533376e+06 
3.993916e+02 7.106878e+07 5.112104e+06 
4.155765e+02 7.600389e+07 4.597679e+06 
3.399761e+02 7.007046e+07 6.076652e+06 
3.374515e+02 7.035518e+07 5.980198e+06 
3.357910e+02 7.143316e+07 5.883743e+06 
3.310032e+02 7.183278e+07 5.980198e+06 
3.977927e+02 7.480446e+07 4.919195e+06 
3.580306e+02 6.825323e+07 6.076652e+06 
4.036850e+02 7.005847e+07 5.305014e+06 
3.630237e+02 7.500668e+07 5.208559e+06 
3.772133e+02 6.800106e+07 5.690833e+06 
3.745848e+02 7.214438e+07 5.112104e+06 
3.504445e+02 7.058236e+07 5.787288e+06 
3.686534e+02 7.261717e+07 5.208559e+06 
3.597522e+02 6.926046e+07 5.787288e+06 
3.397208e+02 7.157854e+07 5.690833e+06 
3.422974e+02 7.304810e+07 5.594378e+06 
4.251314e+02 7.557231e+07 4.244011e+06 
3.648202e+02 7.175572e+07 5.305014e+06 
3.370543e+02 7.215227e+07 5.787288e+06 
4.011069e+02 7.045512e+07 5.208559e+06 
4.339907e+02 7.323791e+07 4.340466e+06 
3.473833e+02 7.247100e+07 5.594378e+06 
3.577787e+02 6.886236e+07 5.883743e+06 
4.311504e+02 7.321369e+07 4.629830e+06 
3.743725e+02 7.332134e+07 5.015650e+06 
3.572097e+02 7.477279e+07 5.305014e+06 
3.860014e+02 6.846518e+07 5.497924e+06 
3.394713e+02 7.786968e+07 5.594378e+06 
3.347325e+02 7.299553e+07 5.883743e+06 
4.401479e+02 7.602283e+07 4.069857e+06 
3.443378e+02 6.985529e+07 6.076652e+06 
3.297240e+02 7.161908e+07 6.462472e+06 
3.556496e+02 6.991850e+07 5.594378e+06 
3.654023e+02 6.827750e+07 5.883743e+06 
3.678203e+02 7.146548e+07 5.305014e+06 
3.402321e+02 7.039219e+07 5.883743e+06 
3.336744e+02 7.926408e+07 5.690833e+06 
3.697302e+02 6.875209e+07 5.594378e+06 
3.572349e+02 6.869612e+07 5.980198e+06 
3.751981e+02 6.824254e+07 5.690833e+06 
4.418586e+02 7.472287e+07 4.244011e+06 
3.993157e+02 7.260604e+07 4.932055e+06 
4.625868e+02 7.507638e+07 3.858192e+06 
4.562227e+02 7.714132e+07 3.858192e+06 
4.039917e+02 7.481122e+07 4.681273e+06 
3.322491e+02 7.098468e+07 6.076652e+06 
3.513655e+02 7.148517e+07 5.594378e+06 

3.219453e+02 7.313505e+07 6.173107e+06 
3.324184e+02 7.195026e+07 5.980198e+06 
3.473199e+02 6.829223e+07 6.269562e+06 
3.567482e+02 6.872588e+07 6.076652e+06 
3.201787e+02 7.743506e+07 6.076652e+06 
3.300845e+02 7.798222e+07 5.594378e+06 
3.410164e+02 8.741963e+07 5.208559e+06 
3.235179e+02 7.347749e+07 5.980198e+06 
3.572000e+02 6.986727e+07 5.883743e+06 
3.227745e+02 7.083084e+07 6.655381e+06 
3.450423e+02 6.921957e+07 6.269562e+06 
3.281774e+02 7.748994e+07 5.787288e+06 
3.398059e+02 8.709031e+07 5.305014e+06 
3.468382e+02 6.906124e+07 6.558926e+06 
3.380251e+02 7.261905e+07 5.690833e+06 
3.461301e+02 6.957410e+07 6.173107e+06 
3.217813e+02 7.190501e+07 6.366017e+06 
3.322358e+02 7.408611e+07 5.787288e+06 
3.397711e+02 8.706343e+07 5.594378e+06 
3.488551e+02 7.443799e+07 5.497924e+06 
3.285638e+02 7.595177e+07 5.787288e+06 
3.156157e+02 7.285792e+07 6.462472e+06 
3.370381e+02 7.681881e+07 5.594378e+06 
3.341459e+02 7.055084e+07 6.076652e+06 
3.339364e+02 7.316598e+07 5.883743e+06 
3.530090e+02 7.202895e+07 5.497924e+06 
3.292900e+02 7.021352e+07 6.173107e+06 
3.273754e+02 7.161808e+07 6.076652e+06 
3.205722e+02 7.716337e+07 5.980198e+06 
3.421348e+02 8.579929e+07 5.401469e+06 
3.261763e+02 7.042861e+07 6.655381e+06 
3.215623e+02 7.616909e+07 6.076652e+06 
3.201542e+02 7.138580e+07 6.462472e+06 
3.176810e+02 7.273668e+07 6.558926e+06 
3.300306e+02 6.963983e+07 6.462472e+06 
3.742042e+02 7.761522e+07 5.208559e+06 
3.414603e+02 7.265352e+07 5.594378e+06 
3.372461e+02 7.267261e+07 5.883743e+06 
3.447909e+02 7.333953e+07 5.401469e+06 
3.162230e+02 7.498530e+07 6.366017e+06 
3.523898e+02 6.836957e+07 6.558926e+06 
3.406349e+02 7.260225e+07 5.690833e+06 
3.533622e+02 6.881621e+07 5.883743e+06 
3.574135e+02 7.201992e+07 5.594378e+06 
3.397063e+02 7.063587e+07 5.980198e+06 
3.261049e+02 7.335847e+07 5.980198e+06 
3.449916e+02 7.343815e+07 5.305014e+06 
3.756528e+02 6.948723e+07 5.980198e+06 
3.206578e+02 7.210366e+07 6.269562e+06 
3.390239e+02 7.389605e+07 5.594378e+06 
3.266484e+02 7.113983e+07 6.269562e+06 
3.544925e+02 8.415763e+07 5.208559e+06 
3.199967e+02 7.258577e+07 6.462472e+06 
3.220888e+02 7.150511e+07 6.269562e+06 
3.674723e+02 9.178345e+07 5.112104e+06 
3.409041e+02 9.168358e+07 5.208559e+06 
3.358929e+02 7.357304e+07 5.690833e+06 
3.716457e+02 9.019349e+07 4.932055e+06 
3.173334e+02 7.297481e+07 6.269562e+06 
3.397159e+02 7.144999e+07 5.883743e+06 
3.486419e+02 7.060989e+07 5.980198e+06 
3.496845e+02 7.047954e+07 5.980198e+06 
3.316042e+02 7.738836e+07 5.690833e+06 
3.234671e+02 7.193894e+07 6.076652e+06 
3.319311e+02 7.576431e+07 5.690833e+06 
3.268732e+02 7.890807e+07 5.787288e+06 
3.322965e+02 6.945177e+07 6.462472e+06 
3.439633e+02 7.137520e+07 5.883743e+06 
3.423221e+02 7.447371e+07 5.497924e+06 
3.400571e+02 7.186214e+07 5.883743e+06 
3.534425e+02 7.337902e+07 5.305014e+06 
3.446463e+02 6.900515e+07 6.655381e+06 
3.228205e+02 7.367066e+07 5.980198e+06 
3.426712e+02 6.957983e+07 6.076652e+06 
3.298523e+02 7.072091e+07 6.076652e+06 
3.200116e+02 7.281863e+07 6.269562e+06 
3.305746e+02 7.565431e+07 5.787288e+06 
3.193625e+02 7.425506e+07 6.366017e+06 
3.308022e+02 7.017006e+07 6.173107e+06 
3.257581e+02 8.258202e+07 5.893387e+06 
3.433567e+02 6.923399e+07 6.558926e+06 
3.206557e+02 7.381694e+07 6.173107e+06 
3.358738e+02 6.978376e+07 6.076652e+06 
3.391996e+02 8.639609e+07 5.401469e+06 
3.610822e+02 6.882119e+07 6.173107e+06 
3.733177e+02 7.371360e+07 5.497924e+06 
3.271410e+02 7.022928e+07 6.462472e+06 
3.393225e+02 6.934240e+07 6.269562e+06 
3.497419e+02 6.930831e+07 6.076652e+06 
3.274570e+02 7.103693e+07 6.076652e+06 
3.534052e+02 6.906794e+07 6.076652e+06 
3.241303e+02 7.056995e+07 6.269562e+06 
3.382454e+02 7.177636e+07 5.690833e+06 
3.411681e+02 7.381218e+07 5.594378e+06 
3.193994e+02 7.245704e+07 6.655381e+06 
3.679366e+02 9.051606e+07 5.112104e+06 
3.300848e+02 7.006680e+07 6.269562e+06 
3.631976e+02 6.841688e+07 6.366017e+06 
3.645555e+02 6.861300e+07 6.269562e+06 
3.338604e+02 7.729172e+07 5.594378e+06 

3.215263e+02 7.353054e+07 5.787288e+06 
4.361913e+02 9.759684e+07 4.726285e+06 
3.563572e+02 7.271251e+07 5.401469e+06 
3.559113e+02 7.286736e+07 5.401469e+06 
3.274985e+02 7.563417e+07 5.208559e+06 
3.623363e+02 7.643166e+07 4.822740e+06 
3.624925e+02 7.293013e+07 5.208559e+06 
3.144700e+02 7.389197e+07 5.787288e+06 
3.369248e+02 7.554237e+07 5.112104e+06 
3.286112e+02 7.372531e+07 5.594378e+06 
3.608653e+02 7.751181e+07 4.822740e+06 
3.711221e+02 7.550075e+07 4.822740e+06 
3.558138e+02 7.745034e+07 4.919195e+06 
3.272098e+02 7.286126e+07 5.787288e+06 
3.621368e+02 7.873036e+07 4.822740e+06 
3.237969e+02 7.999583e+07 5.266432e+06 
3.278917e+02 8.167976e+07 5.099244e+06 
3.471249e+02 7.806194e+07 4.919195e+06 
3.442738e+02 7.214772e+07 5.787288e+06 
3.296342e+02 8.133181e+07 5.099244e+06 
3.213047e+02 8.006868e+07 5.433620e+06 
3.252760e+02 7.311773e+07 5.787288e+06 
3.206197e+02 7.414701e+07 5.594378e+06 
3.546557e+02 7.397363e+07 5.305014e+06 
3.310711e+02 7.614500e+07 5.112104e+06 
3.517313e+02 7.313400e+07 5.401469e+06 
3.512892e+02 7.177189e+07 5.497924e+06 
3.409426e+02 7.189014e+07 5.980198e+06 
3.741104e+02 7.187759e+07 5.594378e+06 
3.194401e+02 7.266706e+07 6.366017e+06 
3.274611e+02 7.253402e+07 6.366017e+06 
3.399939e+02 7.241819e+07 5.594378e+06 
3.684165e+02 7.245484e+07 5.208559e+06 
4.452802e+02 9.801219e+07 4.629830e+06 
3.797831e+02 7.415430e+07 4.822740e+06 
3.188336e+02 8.217677e+07 5.401469e+06 
3.790953e+02 7.388871e+07 5.015650e+06 
3.353105e+02 7.552390e+07 5.305014e+06 
3.330070e+02 7.267998e+07 5.594378e+06 
3.589410e+02 7.622973e+07 5.015650e+06 
3.324553e+02 7.309040e+07 5.690833e+06 
3.141221e+02 7.458063e+07 5.787288e+06 
3.127391e+02 7.609874e+07 5.594378e+06 
3.228847e+02 8.201444e+07 5.305014e+06 
3.260534e+02 7.407390e+07 5.401469e+06 
3.100279e+02 7.501664e+07 6.173107e+06 
3.762869e+02 7.242233e+07 5.401469e+06 
3.204614e+02 8.198365e+07 5.401469e+06 
3.747558e+02 7.480916e+07 4.822740e+06 
3.173461e+02 7.346499e+07 5.980198e+06 
3.415923e+02 7.342524e+07 5.497924e+06 
3.486540e+02 7.318326e+07 5.401469e+06 
3.477048e+02 7.319018e+07 5.497924e+06 
3.139766e+02 7.431573e+07 5.980198e+06 
3.182361e+02 7.287660e+07 5.980198e+06 
3.210744e+02 8.131615e+07 5.497924e+06 
3.113936e+02 7.429521e+07 6.173107e+06 
3.130828e+02 7.503339e+07 5.980198e+06 
3.274219e+02 7.276053e+07 5.980198e+06 
3.230487e+02 7.377350e+07 5.594378e+06 
3.202965e+02 7.368754e+07 5.787288e+06 
3.370344e+02 7.864684e+07 4.822740e+06 
3.161000e+02 7.351553e+07 5.980198e+06 
3.218755e+02 7.346374e+07 5.787288e+06 
3.228030e+02 8.257827e+07 5.350026e+06 
3.408148e+02 7.394453e+07 5.497924e+06 
3.211520e+02 7.383714e+07 5.594378e+06 
3.309106e+02 7.315987e+07 5.690833e+06 
3.432319e+02 7.632243e+07 5.015650e+06 
3.156594e+02 7.283039e+07 6.173107e+06 
3.295232e+02 7.268546e+07 5.980198e+06 
3.579632e+02 7.256095e+07 5.208559e+06 
3.141616e+02 7.475471e+07 5.594378e+06 
3.698632e+02 7.359805e+07 5.112104e+06 
3.594867e+02 7.250345e+07 5.401469e+06 
3.286649e+02 7.327958e+07 5.594378e+06 
3.235487e+02 7.956698e+07 5.350026e+06 
3.374693e+02 7.477683e+07 5.112104e+06 
3.476981e+02 7.223868e+07 5.594378e+06 
3.216348e+02 7.637604e+07 5.401469e+06 
3.221241e+02 7.280628e+07 6.173107e+06 
3.379292e+02 7.825694e+07 5.015650e+06 
3.722385e+02 7.245188e+07 5.015650e+06 
3.798037e+02 7.403373e+07 4.822740e+06 
3.129505e+02 7.589303e+07 5.980198e+06 
3.370139e+02 7.415535e+07 5.305014e+06 
3.631039e+02 7.214020e+07 5.883743e+06 
3.243055e+02 7.939808e+07 5.182838e+06 
3.135996e+02 7.383712e+07 6.173107e+06 
3.705936e+02 7.347619e+07 5.015650e+06 
3.636845e+02 7.365607e+07 5.015650e+06 
3.296699e+02 7.238066e+07 5.787288e+06 
3.131024e+02 7.435865e+07 5.980198e+06 
3.784189e+02 7.452313e+07 4.822740e+06 
3.607042e+02 7.712699e+07 4.919195e+06 
3.639394e+02 7.184185e+07 5.401469e+06 
4.360170e+02 9.861454e+07 4.340466e+06 
3.230275e+02 8.041603e+07 5.266432e+06 
3.316306e+02 7.223511e+07 5.787288e+06 
3.229442e+02 7.545644e+07 5.401469e+06 

3.745705e+02 6.935607e+07 5.305014e+06 
3.859858e+02 6.943754e+07 5.015650e+06 
3.383421e+02 7.146025e+07 5.787288e+06 
3.212343e+02 8.241251e+07 6.944746e+06 
3.452459e+02 7.377476e+07 5.208559e+06 
3.820330e+02 6.959373e+07 5.112104e+06 
3.480006e+02 7.131957e+07 5.112104e+06 
3.896134e+02 7.094255e+07 4.629830e+06 
3.301321e+02 7.305375e+07 5.787288e+06 
3.308861e+02 7.278281e+07 5.787288e+06 
3.528078e+02 7.059390e+07 5.305014e+06 
3.522898e+02 7.442542e+07 5.015650e+06 
3.243835e+02 7.982323e+07 6.655381e+06 
3.934355e+02 7.187385e+07 4.533376e+06 
3.221772e+02 8.258688e+07 6.558926e+06 
3.563712e+02 7.001598e+07 5.112104e+06 
3.726606e+02 6.999200e+07 5.015650e+06 
3.446292e+02 7.286918e+07 5.305014e+06 
3.422414e+02 7.073809e+07 5.690833e+06 
3.641968e+02 7.201680e+07 4.681273e+06 
3.374152e+02 7.397060e+07 5.208559e+06 
3.360328e+02 7.268360e+07 5.401469e+06 
3.596098e+02 7.057345e+07 4.726285e+06 
3.980478e+02 7.068665e+07 4.629830e+06 
3.398724e+02 7.119611e+07 5.401469e+06 
3.847407e+02 7.177340e+07 4.533376e+06 
3.287228e+02 7.810942e+07 5.401469e+06 
3.300100e+02 7.534581e+07 5.594378e+06 
3.470520e+02 7.065742e+07 5.208559e+06 
3.502739e+02 7.096630e+07 5.112104e+06 
3.542823e+02 7.035635e+07 5.015650e+06 
3.319530e+02 7.207695e+07 5.787288e+06 
3.901659e+02 7.118265e+07 4.597679e+06 
3.307826e+02 7.434745e+07 5.401469e+06 
3.523487e+02 7.053611e+07 5.401469e+06 
3.351399e+02 7.477202e+07 5.980198e+06 
3.378884e+02 7.152139e+07 5.594378e+06 
3.691787e+02 7.148363e+07 4.629830e+06 
3.662817e+02 6.970403e+07 5.112104e+06 
3.510024e+02 6.978975e+07 5.690833e+06 
3.354264e+02 7.213528e+07 5.594378e+06 
3.376620e+02 7.244724e+07 5.401469e+06 
3.357062e+02 7.322499e+07 5.497924e+06 
3.674490e+02 6.955402e+07 5.112104e+06 
3.336935e+02 7.197894e+07 5.787288e+06 
3.682798e+02 7.036659e+07 4.822740e+06 
3.421509e+02 7.535586e+07 4.919195e+06 
3.752812e+02 6.930026e+07 5.305014e+06 
3.523693e+02 7.081648e+07 4.932055e+06 
3.321302e+02 7.508010e+07 5.015650e+06 
3.378438e+02 7.174612e+07 5.787288e+06 
3.311355e+02 7.277408e+07 5.787288e+06 
3.757757e+02 7.059338e+07 4.822740e+06 
3.335307e+02 7.239691e+07 5.594378e+06 
3.647774e+02 6.970355e+07 5.112104e+06 
3.876101e+02 7.089253e+07 4.629830e+06 
3.271183e+02 8.398779e+07 6.366017e+06 
4.128651e+02 7.475612e+07 4.340466e+06 
3.912801e+02 7.157350e+07 4.533376e+06 
3.748606e+02 7.104872e+07 4.629830e+06 
3.850749e+02 6.988883e+07 5.015650e+06 
3.688154e+02 6.954419e+07 5.112104e+06 
4.027664e+02 7.101031e+07 4.533376e+06 
3.259693e+02 8.095313e+07 6.558926e+06 
3.409965e+02 7.119587e+07 5.594378e+06 
3.278825e+02 7.327431e+07 5.787288e+06 
3.584578e+02 6.988926e+07 5.401469e+06 
3.311084e+02 7.678746e+07 5.208559e+06 
3.569644e+02 7.052371e+07 4.932055e+06 
3.336149e+02 7.200600e+07 5.787288e+06 
3.948117e+02 7.011736e+07 5.015650e+06 
3.319051e+02 7.419623e+07 5.401469e+06 
3.341066e+02 7.182410e+07 5.787288e+06 
3.480835e+02 7.026968e+07 5.497924e+06 
3.359470e+02 7.198375e+07 5.594378e+06 
3.319069e+02 7.254092e+07 5.787288e+06 
3.595262e+02 6.999124e+07 5.112104e+06 
3.349875e+02 7.414057e+07 5.401469e+06 
3.457828e+02 7.087064e+07 5.497924e+06 
3.691285e+02 7.153827e+07 4.629830e+06 
3.553474e+02 7.025568e+07 5.305014e+06 
3.719948e+02 7.051375e+07 4.919195e+06 
3.816218e+02 7.027739e+07 4.822740e+06 
3.680875e+02 7.042660e+07 4.919195e+06 
3.967911e+02 7.049459e+07 4.726285e+06 
3.885767e+02 7.079332e+07 4.726285e+06 
3.309500e+02 7.327039e+07 5.594378e+06 
3.852092e+02 6.971847e+07 5.015650e+06 
3.634645e+02 6.991122e+07 5.112104e+06 
3.462016e+02 7.048169e+07 5.690833e+06 
3.462955e+02 7.032452e+07 5.497924e+06 
3.649948e+02 6.966399e+07 5.305014e+06 
3.965454e+02 7.077813e+07 4.533376e+06 
3.548850e+02 6.994468e+07 5.497924e+06 
3.697220e+02 6.923366e+07 5.112104e+06 
4.014007e+02 7.224036e+07 4.436921e+06 
4.047927e+02 7.300621e+07 4.263302e+06 
3.712622e+02 6.874472e+07 5.112104e+06 
3.534392e+02 7.002563e+07 5.497924e+06 
3.875570e+02 6.994908e+07 4.919195e+06 

