8.648050e+03 3.424578e+07 9.345320e+05 
6.349500e+03 2.568132e+07 2.383347e+06 
8.344800e+03 3.400996e+07 9.426043e+05 
6.351100e+03 2.564093e+07 2.383347e+06 
8.653150e+03 3.416394e+07 9.363151e+05 
7.137350e+03 2.963884e+07 1.532152e+06 
7.899400e+03 3.195567e+07 1.208656e+06 
7.184900e+03 2.994976e+07 1.500231e+06 
7.935700e+03 3.222809e+07 1.106554e+06 
6.300100e+03 2.583125e+07 2.468467e+06 
7.747200e+03 3.170967e+07 1.361913e+06 
6.361950e+03 2.586409e+07 2.213108e+06 
6.492850e+03 2.665349e+07 1.872630e+06 
6.643200e+03 2.752182e+07 1.617271e+06 
6.341150e+03 2.586477e+07 2.213108e+06 
7.100550e+03 2.966211e+07 1.532152e+06 
6.358350e+03 2.570900e+07 2.298228e+06 
6.429450e+03 2.660143e+07 1.957750e+06 
8.162350e+03 3.316060e+07 9.820330e+05 
6.392350e+03 2.624213e+07 2.042869e+06 
6.490050e+03 2.676671e+07 1.787511e+06 
7.152450e+03 2.948541e+07 1.532152e+06 
8.444350e+03 3.357042e+07 9.703035e+05 
6.307200e+03 2.570974e+07 2.298228e+06 
6.572450e+03 2.662284e+07 1.872630e+06 
6.393400e+03 2.621002e+07 2.042869e+06 
6.372000e+03 2.600466e+07 2.127989e+06 
8.587700e+03 3.399446e+07 9.470084e+05 
8.379650e+03 3.391069e+07 9.703035e+05 
7.729150e+03 3.183270e+07 1.361913e+06 
7.159700e+03 2.973783e+07 1.510820e+06 
7.788400e+03 3.209942e+07 1.359738e+06 
7.163950e+03 2.967424e+07 1.510820e+06 
6.549950e+03 2.676235e+07 1.787511e+06 
6.427950e+03 2.661075e+07 1.957750e+06 
6.347150e+03 2.609863e+07 2.127989e+06 
8.621750e+03 3.423956e+07 9.363151e+05 
6.536200e+03 2.705147e+07 1.702391e+06 
6.352300e+03 2.601577e+07 2.127989e+06 
7.215800e+03 2.978745e+07 1.435279e+06 
6.473850e+03 2.680108e+07 1.872630e+06 
6.488750e+03 2.667630e+07 1.872630e+06 
6.434800e+03 2.643737e+07 1.957750e+06 
9.100050e+03 3.634334e+07 8.942892e+05 
8.416500e+03 3.381743e+07 9.703035e+05 
8.592400e+03 3.399259e+07 9.470084e+05 
6.475650e+03 2.674700e+07 1.872630e+06 
8.502900e+03 3.344869e+07 9.703035e+05 
8.571350e+03 3.424321e+07 9.363151e+05 
6.370350e+03 2.630363e+07 2.042869e+06 

