3.426891e+02 1.031636e+08 6.100764e+06 
3.347366e+02 1.027441e+08 6.100764e+06 
3.617287e+02 1.025387e+08 6.486583e+06 
3.377334e+02 9.247145e+07 6.486583e+06 
3.130658e+02 8.936475e+07 6.100764e+06 
3.472884e+02 1.091520e+08 6.390128e+06 
3.523281e+02 1.015030e+08 6.486583e+06 
3.539275e+02 1.054552e+08 6.100764e+06 
3.280466e+02 1.035507e+08 6.390128e+06 
3.152657e+02 9.935917e+07 5.787286e+06 
3.319541e+02 1.097245e+08 6.293673e+06 
3.360830e+02 1.037143e+08 6.679492e+06 
3.473858e+02 1.010245e+08 6.100764e+06 
3.275528e+02 1.081908e+08 6.462470e+06 
3.631501e+02 9.832478e+07 6.486583e+06 
3.626191e+02 9.936865e+07 5.425580e+06 
3.714281e+02 9.937885e+07 6.583038e+06 
3.662141e+02 1.023084e+08 6.679492e+06 
3.420200e+02 9.722891e+07 5.883741e+06 
3.123152e+02 1.019725e+08 6.486583e+06 
3.326732e+02 1.072398e+08 6.679492e+06 
3.347813e+02 1.057891e+08 6.293673e+06 
3.098274e+02 9.918257e+07 6.293673e+06 
3.123731e+02 1.148001e+08 6.679492e+06 
3.583734e+02 9.935359e+07 6.004309e+06 
3.779958e+02 1.008083e+08 6.100764e+06 
3.768610e+02 1.016758e+08 6.293673e+06 
3.207271e+02 9.858902e+07 6.486583e+06 
3.393811e+02 1.021019e+08 6.004309e+06 
3.224417e+02 9.858246e+07 6.100764e+06 
3.259837e+02 9.372247e+07 6.679492e+06 
3.310766e+02 9.543349e+07 6.486583e+06 
3.720172e+02 1.084250e+08 6.390128e+06 
3.119087e+02 1.000611e+08 6.293673e+06 
3.394602e+02 1.003314e+08 6.486583e+06 
3.877043e+02 1.002220e+08 6.293673e+06 
3.416366e+02 1.084854e+08 6.100764e+06 
3.612495e+02 1.003628e+08 6.197218e+06 
3.256930e+02 1.064319e+08 6.486583e+06 
3.608957e+02 1.012987e+08 6.173105e+06 
3.624237e+02 1.017560e+08 6.486583e+06 
3.125605e+02 1.004700e+08 6.100764e+06 
3.360430e+02 1.013472e+08 6.486583e+06 
3.473775e+02 1.078089e+08 6.293673e+06 
3.068599e+02 9.239924e+07 5.787286e+06 
3.150212e+02 1.023924e+08 6.486583e+06 
3.393110e+02 1.012741e+08 6.293673e+06 
3.197244e+02 1.028439e+08 6.293673e+06 
3.336545e+02 9.764770e+07 6.293673e+06 
3.080365e+02 9.724216e+07 6.486583e+06 

3.205145e+02 1.017170e+08 6.679492e+06 
3.155717e+02 9.919590e+07 6.173105e+06 
3.268913e+02 1.030284e+08 6.486583e+06 
3.387539e+02 1.045352e+08 5.787286e+06 
3.483820e+02 1.013978e+08 6.076650e+06 
3.118654e+02 1.066633e+08 6.486583e+06 
3.379547e+02 1.042828e+08 6.100764e+06 
3.017348e+02 1.033859e+08 6.486583e+06 
3.613760e+02 1.007964e+08 6.197218e+06 
3.320751e+02 1.079746e+08 6.293673e+06 
3.172160e+02 9.675386e+07 6.293673e+06 
3.305786e+02 1.044240e+08 6.390128e+06 
3.229338e+02 9.921919e+07 5.980196e+06 
3.359370e+02 1.004391e+08 6.293673e+06 
3.134568e+02 1.007677e+08 5.907854e+06 
3.676630e+02 1.020357e+08 6.100764e+06 
3.296765e+02 9.949624e+07 5.907854e+06 
3.394814e+02 1.097729e+08 6.486583e+06 
3.476163e+02 9.839835e+07 6.293673e+06 
3.615916e+02 1.016887e+08 5.907854e+06 
3.330070e+02 9.102610e+07 5.618490e+06 
3.412834e+02 1.079228e+08 6.486583e+06 
3.348157e+02 1.074387e+08 6.390128e+06 
3.799898e+02 9.209730e+07 6.293673e+06 
3.361716e+02 1.060778e+08 6.100764e+06 
3.433049e+02 1.042407e+08 6.293673e+06 
3.437026e+02 1.062282e+08 6.583038e+06 
3.322646e+02 9.924928e+07 6.197218e+06 
3.208437e+02 9.673290e+07 6.679492e+06 
3.369510e+02 1.013558e+08 6.293673e+06 
3.262108e+02 1.044604e+08 6.583038e+06 
3.395665e+02 1.032883e+08 6.486583e+06 
3.581519e+02 1.025515e+08 6.679492e+06 
3.175385e+02 1.033567e+08 5.714944e+06 
3.337328e+02 1.040954e+08 6.486583e+06 
3.299745e+02 9.914982e+07 6.004309e+06 
3.290428e+02 9.799330e+07 6.486583e+06 
3.510648e+02 1.019058e+08 6.197218e+06 
3.372835e+02 1.016431e+08 6.486583e+06 
3.368605e+02 1.025850e+08 6.366015e+06 
3.465759e+02 1.019352e+08 6.366015e+06 
3.201155e+02 1.021144e+08 6.293673e+06 
3.223898e+02 9.599378e+07 6.293673e+06 
3.046436e+02 9.515101e+07 6.486583e+06 
3.386301e+02 9.551639e+07 6.197218e+06 
3.107454e+02 1.044864e+08 6.293673e+06 
3.326322e+02 1.066439e+08 6.679492e+06 
3.528561e+02 9.857966e+07 5.907854e+06 
3.179512e+02 1.073966e+08 6.486583e+06 
3.050820e+02 9.520075e+07 6.486583e+06 

3.425841e+02 1.072838e+08 6.679492e+06 
3.559011e+02 1.018131e+08 6.293673e+06 
3.480234e+02 1.056354e+08 6.293673e+06 
3.315311e+02 1.013085e+08 6.100764e+06 
3.031679e+02 1.067528e+08 6.486583e+06 
3.131526e+02 1.107937e+08 6.679492e+06 
3.314731e+02 1.022189e+08 6.100764e+06 
3.274812e+02 1.065546e+08 6.390128e+06 
3.645868e+02 1.033444e+08 6.100764e+06 
3.485262e+02 9.732127e+07 6.100764e+06 
3.244406e+02 9.883961e+07 6.293673e+06 
3.229341e+02 1.040789e+08 6.679492e+06 
3.122153e+02 1.082564e+08 6.486583e+06 
3.459426e+02 9.185678e+07 6.679492e+06 
3.397309e+02 1.013340e+08 6.390128e+06 
3.446589e+02 1.051453e+08 6.583038e+06 
3.183952e+02 9.261097e+07 6.100764e+06 
3.449714e+02 1.100490e+08 6.486583e+06 
3.511234e+02 1.007507e+08 6.100764e+06 
3.526914e+02 1.063633e+08 6.679492e+06 
3.479534e+02 1.065061e+08 6.100764e+06 
3.327237e+02 9.931281e+07 6.100764e+06 
3.248798e+02 9.723594e+07 6.486583e+06 
3.806484e+02 1.031500e+08 6.293673e+06 
3.430470e+02 9.692622e+07 5.618490e+06 
3.305418e+02 9.826651e+07 6.486583e+06 
3.265274e+02 1.005143e+08 6.486583e+06 
3.375956e+02 1.001884e+08 6.486583e+06 
3.666488e+02 9.652718e+07 6.100764e+06 
3.248293e+02 1.062966e+08 6.679492e+06 
3.486437e+02 1.120852e+08 6.100764e+06 
3.430329e+02 1.075792e+08 6.679492e+06 
3.392544e+02 1.062580e+08 6.004309e+06 
3.273776e+02 1.036408e+08 6.100764e+06 
3.383467e+02 1.020359e+08 5.618490e+06 
3.617037e+02 9.781917e+07 6.390128e+06 
3.636450e+02 1.027801e+08 6.293673e+06 
3.485420e+02 1.030458e+08 6.679492e+06 
3.275269e+02 1.018459e+08 6.486583e+06 
3.045293e+02 9.825495e+07 5.811399e+06 
3.235746e+02 9.739681e+07 6.197218e+06 
3.027208e+02 9.210519e+07 6.269560e+06 
3.219634e+02 9.682269e+07 6.486583e+06 
3.750719e+02 9.739482e+07 6.004309e+06 
3.544365e+02 9.877872e+07 6.004309e+06 
3.597875e+02 1.015313e+08 6.293673e+06 
3.310700e+02 1.030145e+08 6.679492e+06 
3.254896e+02 1.036688e+08 6.293673e+06 
3.501872e+02 9.927678e+07 5.714944e+06 
3.944513e+02 1.001173e+08 6.486583e+06 

3.083936e+02 9.483684e+07 6.390128e+06 
3.464248e+02 9.717022e+07 6.486583e+06 
3.144262e+02 1.019339e+08 6.486583e+06 
3.690261e+02 1.027494e+08 6.390128e+06 
3.650530e+02 9.966029e+07 5.618490e+06 
3.451359e+02 9.740334e+07 5.811399e+06 
3.532494e+02 9.556547e+07 6.293673e+06 
3.422400e+02 1.060679e+08 6.486583e+06 
3.386036e+02 9.703888e+07 6.100764e+06 
3.295395e+02 1.076718e+08 6.486583e+06 
3.129445e+02 1.017591e+08 6.390128e+06 
3.286198e+02 9.362151e+07 6.486583e+06 
3.422854e+02 1.134669e+08 6.100764e+06 
3.691558e+02 1.011495e+08 6.197218e+06 
3.596195e+02 1.021935e+08 6.100764e+06 
3.151969e+02 1.020569e+08 6.293673e+06 
3.354043e+02 9.665925e+07 6.100764e+06 
3.743720e+02 9.946356e+07 6.486583e+06 
3.722416e+02 1.017036e+08 6.486583e+06 
3.566424e+02 9.136985e+07 5.907854e+06 
3.411202e+02 9.677932e+07 6.486583e+06 
3.139959e+02 1.047527e+08 6.293673e+06 
3.444205e+02 9.792515e+07 6.486583e+06 
3.338610e+02 1.008813e+08 6.486583e+06 
3.336053e+02 9.690536e+07 6.390128e+06 
3.196074e+02 1.090634e+08 6.100764e+06 
3.698108e+02 1.057476e+08 5.907854e+06 
3.367836e+02 9.611783e+07 6.486583e+06 
3.330460e+02 1.060206e+08 5.907854e+06 
3.555038e+02 1.003872e+08 6.293673e+06 
3.275457e+02 1.077399e+08 6.293673e+06 
3.214520e+02 1.051597e+08 6.679492e+06 
3.734021e+02 9.381378e+07 5.714944e+06 
3.430842e+02 1.029033e+08 6.366015e+06 
3.179322e+02 1.016174e+08 6.679492e+06 
3.351191e+02 1.028902e+08 5.714944e+06 
3.485269e+02 1.001700e+08 6.173105e+06 
2.897786e+02 9.543589e+07 6.486583e+06 
3.583923e+02 9.807075e+07 6.486583e+06 
3.123917e+02 1.063551e+08 6.293673e+06 
3.522050e+02 1.072951e+08 6.679492e+06 
3.459637e+02 1.005629e+08 6.197218e+06 
3.626482e+02 1.068844e+08 6.293673e+06 
3.289364e+02 1.078093e+08 5.907854e+06 
3.169664e+02 1.036663e+08 6.293673e+06 
3.510122e+02 1.051826e+08 6.293673e+06 
3.567125e+02 9.307169e+07 6.486583e+06 
3.272054e+02 9.437206e+07 6.293673e+06 
3.245074e+02 1.079632e+08 6.679492e+06 
3.589224e+02 1.042146e+08 6.004309e+06 

3.292284e+02 9.823485e+07 6.100764e+06 
3.436872e+02 9.800070e+07 6.486583e+06 
3.504811e+02 1.003979e+08 6.293673e+06 
3.061896e+02 9.666285e+07 6.293673e+06 
3.277833e+02 1.028847e+08 6.486583e+06 
3.382836e+02 9.752424e+07 6.390128e+06 
3.275661e+02 1.071885e+08 6.486583e+06 
3.258195e+02 9.767975e+07 6.293673e+06 
3.192736e+02 9.718547e+07 6.004309e+06 
3.757522e+02 9.771359e+07 6.100764e+06 
2.973816e+02 1.037449e+08 6.197218e+06 
3.660759e+02 1.000903e+08 6.100764e+06 
3.309933e+02 9.826081e+07 6.293673e+06 
3.527455e+02 1.062423e+08 6.004309e+06 
3.444867e+02 1.032636e+08 6.486583e+06 
3.302730e+02 1.135598e+08 6.100764e+06 
3.753299e+02 1.051848e+08 6.486583e+06 
3.527373e+02 1.074763e+08 6.293673e+06 
3.368336e+02 1.034343e+08 6.486583e+06 
3.526927e+02 1.066532e+08 6.293673e+06 
3.572882e+02 1.048351e+08 6.486583e+06 
3.324921e+02 1.060300e+08 6.679492e+06 
3.430437e+02 1.015295e+08 6.679492e+06 
3.563091e+02 1.011035e+08 6.486583e+06 
3.058619e+02 1.016178e+08 6.679492e+06 
3.122968e+02 1.047302e+08 6.486583e+06 
3.535398e+02 1.113188e+08 6.486583e+06 
3.298567e+02 1.044187e+08 6.293673e+06 
3.555186e+02 9.920028e+07 6.583038e+06 
3.579201e+02 1.087424e+08 6.004309e+06 
3.269035e+02 1.002906e+08 5.907854e+06 
3.327768e+02 1.085410e+08 6.583038e+06 
3.392971e+02 1.032429e+08 6.390128e+06 
3.582322e+02 1.025513e+08 5.907854e+06 
3.593839e+02 1.030629e+08 6.486583e+06 
3.226674e+02 1.051941e+08 6.390128e+06 
3.715935e+02 1.045294e+08 5.907854e+06 
3.580617e+02 9.868466e+07 6.100764e+06 
3.558086e+02 1.013868e+08 6.486583e+06 
3.358136e+02 1.059385e+08 6.679492e+06 
3.296339e+02 9.425475e+07 6.486583e+06 
3.226818e+02 1.082536e+08 6.293673e+06 
3.114300e+02 9.985180e+07 6.486583e+06 
3.602990e+02 9.308090e+07 5.811399e+06 
3.658383e+02 1.057872e+08 6.486583e+06 
3.588540e+02 1.003571e+08 5.618490e+06 
3.079174e+02 1.049423e+08 6.486583e+06 
3.511775e+02 9.646266e+07 6.293673e+06 
3.438218e+02 1.053050e+08 6.293673e+06 
3.270958e+02 1.085505e+08 6.486583e+06 

3.855366e+02 1.053354e+08 6.679492e+06 
3.291066e+02 1.005147e+08 6.486583e+06 
3.237824e+02 1.125996e+08 6.293673e+06 
3.287939e+02 9.889695e+07 6.100764e+06 
3.442435e+02 1.014669e+08 6.486583e+06 
3.707894e+02 1.049874e+08 5.907854e+06 
3.386752e+02 1.021888e+08 6.486583e+06 
3.391085e+02 1.036257e+08 5.907854e+06 
3.388555e+02 1.070340e+08 6.486583e+06 
3.395309e+02 1.005065e+08 6.679492e+06 
3.633033e+02 1.025273e+08 5.811399e+06 
3.458912e+02 1.037204e+08 6.293673e+06 
3.262070e+02 1.095337e+08 6.486583e+06 
3.232661e+02 1.100496e+08 6.366015e+06 
3.336945e+02 9.354422e+07 6.486583e+06 
3.497036e+02 1.132008e+08 6.486583e+06 
3.088209e+02 1.022443e+08 5.714944e+06 
3.367181e+02 1.016559e+08 6.293673e+06 
3.493121e+02 9.950357e+07 6.583038e+06 
3.401429e+02 1.056141e+08 6.293673e+06 
3.431497e+02 9.749582e+07 6.366015e+06 
3.478169e+02 9.869299e+07 6.004309e+06 
3.121215e+02 1.001379e+08 6.293673e+06 
3.198823e+02 9.945715e+07 6.100764e+06 
3.601956e+02 1.071728e+08 6.100764e+06 
3.493401e+02 9.860238e+07 6.486583e+06 
3.230743e+02 9.498249e+07 6.100764e+06 
3.557897e+02 1.025528e+08 6.679492e+06 
3.310235e+02 1.092017e+08 6.558924e+06 
3.419404e+02 9.895418e+07 5.907854e+06 
3.606624e+02 1.051544e+08 6.679492e+06 
3.303861e+02 9.801141e+07 6.293673e+06 
3.171735e+02 1.016861e+08 6.293673e+06 
3.277984e+02 1.000002e+08 6.197218e+06 
3.391435e+02 9.915833e+07 6.245447e+06 
3.601684e+02 9.943778e+07 6.197218e+06 
3.560675e+02 1.056831e+08 6.100764e+06 
3.580839e+02 9.975765e+07 6.486583e+06 
3.501117e+02 1.124813e+08 6.173105e+06 
3.556419e+02 1.011888e+08 5.907854e+06 
3.413832e+02 9.958670e+07 6.293673e+06 
3.382618e+02 1.061085e+08 6.486583e+06 
3.250801e+02 1.036285e+08 6.293673e+06 
3.513330e+02 9.796911e+07 5.907854e+06 
3.256635e+02 9.812460e+07 6.486583e+06 
3.421939e+02 9.912410e+07 6.197218e+06 
3.313134e+02 1.000770e+08 6.679492e+06 
3.272918e+02 1.043452e+08 6.679492e+06 
3.680381e+02 1.026508e+08 6.197218e+06 
3.288146e+02 1.055006e+08 6.100764e+06 

3.457844e+02 9.609225e+07 6.076650e+06 
3.301676e+02 1.039730e+08 6.197218e+06 
3.570523e+02 1.012204e+08 6.100764e+06 
3.336223e+02 1.096621e+08 6.583038e+06 
3.205465e+02 9.735557e+07 6.100764e+06 
3.549609e+02 9.717170e+07 5.787286e+06 
3.302278e+02 9.846624e+07 6.293673e+06 
3.363443e+02 1.053238e+08 6.293673e+06 
3.482251e+02 1.030608e+08 5.980196e+06 
3.434966e+02 9.631919e+07 6.390128e+06 
3.435189e+02 1.068761e+08 6.679492e+06 
3.401043e+02 1.071786e+08 6.679492e+06 
3.004210e+02 8.954855e+07 6.100764e+06 
3.307255e+02 1.098691e+08 6.293673e+06 
3.426802e+02 9.666046e+07 6.293673e+06 
3.225982e+02 1.048598e+08 6.100764e+06 
3.517925e+02 9.872452e+07 6.486583e+06 
3.356904e+02 1.040710e+08 6.679492e+06 
3.242481e+02 1.118217e+08 6.679492e+06 
3.484499e+02 1.013480e+08 5.811399e+06 
3.388895e+02 1.069750e+08 6.100764e+06 
3.246774e+02 9.838622e+07 6.679492e+06 
3.652583e+02 1.004086e+08 5.980196e+06 
3.297313e+02 9.616896e+07 6.486583e+06 
3.333758e+02 1.007587e+08 6.100764e+06 
3.186479e+02 1.021341e+08 6.486583e+06 
3.740099e+02 1.055729e+08 6.100764e+06 
3.343378e+02 9.968201e+07 6.293673e+06 
3.244592e+02 1.008854e+08 5.714944e+06 
3.190813e+02 1.050730e+08 6.486583e+06 
3.518835e+02 1.115398e+08 6.486583e+06 
3.266112e+02 1.075519e+08 6.100764e+06 
3.688501e+02 1.056141e+08 6.293673e+06 
3.339661e+02 9.675529e+07 6.293673e+06 
3.166091e+02 1.007456e+08 6.486583e+06 
3.277920e+02 1.038598e+08 6.366015e+06 
3.312035e+02 1.027180e+08 6.486583e+06 
3.258705e+02 1.087250e+08 6.486583e+06 
3.557588e+02 1.104702e+08 6.197218e+06 
3.113022e+02 1.077834e+08 6.293673e+06 
3.288866e+02 9.404752e+07 6.390128e+06 
3.308495e+02 1.031193e+08 6.076650e+06 
3.398582e+02 9.904640e+07 5.907854e+06 
3.361783e+02 9.617554e+07 5.883741e+06 
3.326947e+02 1.076904e+08 6.679492e+06 
3.350542e+02 1.038204e+08 6.679492e+06 
3.528112e+02 9.394685e+07 5.522035e+06 
3.197683e+02 1.046511e+08 6.293673e+06 
3.581839e+02 1.024684e+08 5.907854e+06 
3.275978e+02 1.071283e+08 6.486583e+06 

3.145621e+02 1.063981e+08 6.293673e+06 
3.162580e+02 1.022718e+08 6.293673e+06 
3.767398e+02 1.125863e+08 6.486583e+06 
3.207163e+02 1.065768e+08 6.293673e+06 
3.236718e+02 1.025711e+08 6.486583e+06 
3.041133e+02 9.498617e+07 6.197218e+06 
3.442031e+02 1.014531e+08 6.486583e+06 
3.562782e+02 1.023969e+08 6.004309e+06 
3.862600e+02 9.948042e+07 6.100764e+06 
3.598285e+02 1.039552e+08 6.293673e+06 
3.382901e+02 1.003936e+08 6.293673e+06 
3.709830e+02 1.128752e+08 6.679492e+06 
3.123314e+02 1.079533e+08 6.486583e+06 
3.506730e+02 1.018371e+08 6.173105e+06 
3.743094e+02 1.027113e+08 6.100764e+06 
3.301587e+02 1.093636e+08 6.293673e+06 
3.304847e+02 1.092020e+08 6.679492e+06 
3.298465e+02 1.072933e+08 6.100764e+06 
3.540067e+02 1.074322e+08 6.293673e+06 
3.301092e+02 1.095227e+08 6.486583e+06 
3.341251e+02 9.928010e+07 6.679492e+06 
3.346304e+02 9.911551e+07 6.293673e+06 
3.490887e+02 1.109268e+08 6.679492e+06 
3.620495e+02 1.078494e+08 6.679492e+06 
3.560212e+02 9.921036e+07 6.390128e+06 
3.318137e+02 9.926090e+07 6.100764e+06 
3.735160e+02 1.032716e+08 6.679492e+06 
3.439285e+02 9.940246e+07 6.076650e+06 
3.507499e+02 1.106946e+08 6.679492e+06 
3.228941e+02 1.020978e+08 6.679492e+06 
3.294905e+02 9.986510e+07 6.486583e+06 
3.179070e+02 1.041386e+08 6.390128e+06 
3.273823e+02 9.590101e+07 6.486583e+06 
3.508783e+02 1.070890e+08 6.486583e+06 
3.308894e+02 9.602783e+07 6.558924e+06 
3.468107e+02 9.779230e+07 6.100764e+06 
3.289792e+02 1.008453e+08 6.197218e+06 
3.282708e+02 1.137304e+08 6.679492e+06 
3.370157e+02 9.961408e+07 6.486583e+06 
3.690858e+02 1.069059e+08 6.100764e+06 
3.430550e+02 1.100703e+08 6.583038e+06 
3.592958e+02 1.060996e+08 6.486583e+06 
3.304453e+02 1.061981e+08 5.907854e+06 
3.458739e+02 1.030258e+08 6.004309e+06 
3.092573e+02 9.379149e+07 6.679492e+06 
3.584581e+02 1.034409e+08 6.100764e+06 
3.150969e+02 1.013877e+08 6.293673e+06 
3.473337e+02 1.019464e+08 6.004309e+06 
3.419637e+02 1.032653e+08 6.293673e+06 
3.186204e+02 1.057323e+08 6.486583e+06 

3.381255e+02 1.115744e+08 6.100764e+06 
3.634714e+02 1.034701e+08 5.907854e+06 
3.501056e+02 1.071800e+08 6.197218e+06 
3.214936e+02 9.765583e+07 5.980196e+06 
3.133205e+02 1.040024e+08 6.679492e+06 
3.380482e+02 9.897043e+07 6.100764e+06 
3.275659e+02 1.000624e+08 6.390128e+06 
3.270633e+02 9.442703e+07 6.197218e+06 
3.386672e+02 1.141056e+08 6.583038e+06 
3.112504e+02 1.033204e+08 6.197218e+06 
3.379803e+02 1.013602e+08 5.522035e+06 
3.465005e+02 1.049010e+08 6.173105e+06 
3.271572e+02 1.066886e+08 6.486583e+06 
3.303332e+02 1.037068e+08 6.004309e+06 
2.970448e+02 1.005428e+08 5.907854e+06 
3.449520e+02 9.996265e+07 6.486583e+06 
3.556976e+02 1.038317e+08 6.293673e+06 
3.376388e+02 1.066158e+08 6.293673e+06 
3.446524e+02 1.045102e+08 6.100764e+06 
3.263437e+02 1.008314e+08 6.679492e+06 
3.222597e+02 1.001843e+08 6.486583e+06 
3.418811e+02 1.035577e+08 5.907854e+06 
2.932361e+02 1.067993e+08 6.486583e+06 
3.369232e+02 1.097792e+08 6.679492e+06 
3.296273e+02 9.417090e+07 6.293673e+06 
3.349089e+02 1.070423e+08 6.486583e+06 
3.447186e+02 9.928363e+07 6.486583e+06 
3.569644e+02 1.036321e+08 6.004309e+06 
3.354905e+02 1.051790e+08 6.293673e+06 
3.344099e+02 9.501385e+07 6.293673e+06 
3.138741e+02 9.946699e+07 5.811399e+06 
3.409141e+02 1.010514e+08 5.907854e+06 
3.359044e+02 9.889938e+07 6.100764e+06 
3.425065e+02 9.794156e+07 6.293673e+06 
3.481928e+02 9.733573e+07 6.583038e+06 
3.502690e+02 1.106145e+08 6.486583e+06 
3.582506e+02 1.069328e+08 6.390128e+06 
3.411065e+02 9.785834e+07 6.293673e+06 
3.569873e+02 9.879708e+07 6.390128e+06 
3.528167e+02 1.043321e+08 6.679492e+06 
3.055145e+02 1.044458e+08 6.679492e+06 
3.574877e+02 1.025204e+08 6.004309e+06 
3.361917e+02 1.039167e+08 6.679492e+06 
3.253276e+02 9.824621e+07 6.004309e+06 
3.048023e+02 1.035156e+08 6.486583e+06 
3.592840e+02 9.938423e+07 6.293673e+06 
3.209445e+02 1.033261e+08 6.100764e+06 
3.253639e+02 9.901419e+07 6.100764e+06 
3.119064e+02 9.928677e+07 5.907854e+06 
3.414077e+02 9.869732e+07 6.583038e+06 

3.542821e+02 9.980506e+07 6.679492e+06 
3.830201e+02 1.076498e+08 6.100764e+06 
3.493763e+02 9.757321e+07 6.583038e+06 
3.263500e+02 1.037871e+08 6.269560e+06 
3.460812e+02 1.098427e+08 6.679492e+06 
3.421360e+02 1.034357e+08 6.293673e+06 
3.546645e+02 1.053849e+08 6.486583e+06 
3.423778e+02 1.076277e+08 6.486583e+06 
3.321047e+02 1.035351e+08 5.714944e+06 
3.079580e+02 9.333090e+07 6.293673e+06 
3.546316e+02 1.072374e+08 5.907854e+06 
3.264327e+02 9.911691e+07 6.679492e+06 
3.073621e+02 1.012667e+08 6.486583e+06 
3.345104e+02 1.044390e+08 6.486583e+06 
3.494235e+02 1.048559e+08 6.293673e+06 
3.365646e+02 9.495202e+07 6.390128e+06 
3.368863e+02 1.013604e+08 6.293673e+06 
3.284577e+02 9.721079e+07 6.173105e+06 
3.308367e+02 9.559606e+07 6.390128e+06 
3.464303e+02 1.051232e+08 6.390128e+06 
3.366591e+02 9.768750e+07 5.618490e+06 
3.571095e+02 1.111791e+08 5.714944e+06 
3.178346e+02 9.972762e+07 6.486583e+06 
3.954916e+02 1.067353e+08 6.100764e+06 
3.255303e+02 9.800121e+07 5.714944e+06 
3.656806e+02 9.945814e+07 6.293673e+06 
3.296998e+02 1.014255e+08 6.390128e+06 
3.587576e+02 9.669074e+07 6.293673e+06 
3.365023e+02 1.007926e+08 6.100764e+06 
3.334776e+02 1.031658e+08 6.679492e+06 
3.525993e+02 1.099145e+08 6.679492e+06 
3.452444e+02 1.072893e+08 6.679492e+06 
3.372456e+02 9.834070e+07 6.197218e+06 
3.136227e+02 9.420758e+07 6.100764e+06 
3.293908e+02 1.106794e+08 6.293673e+06 
3.486176e+02 1.035888e+08 6.583038e+06 
3.277144e+02 1.030302e+08 6.486583e+06 
3.294285e+02 1.022531e+08 5.907854e+06 
3.129198e+02 9.676709e+07 6.293673e+06 
3.382452e+02 1.026003e+08 6.293673e+06 
3.352060e+02 1.049888e+08 6.679492e+06 
3.225370e+02 1.043750e+08 6.679492e+06 
4.315095e+02 1.040379e+08 6.293673e+06 
3.709868e+02 1.076696e+08 6.486583e+06 
3.326925e+02 1.051243e+08 6.486583e+06 
3.431338e+02 1.126545e+08 6.269560e+06 
3.327410e+02 1.012654e+08 6.100764e+06 
3.380747e+02 1.038702e+08 6.366015e+06 
3.382600e+02 1.076931e+08 6.486583e+06 
3.696403e+02 1.009452e+08 6.486583e+06 

