100
1	19,5115505000	4927023,7599999990	311466,0000000000	1st path (commodity 0): 262 257 258 261 31 30 29  2nd path (commodity 0): 262 257 258 261 31 30 29 47 48 49 65 64 63 86 126 127 244 307 143 172  3rd path (commodity 0): 262 257 258 261 31 30 29 47 48 49 65 64 63 86 126  4th path (commodity 0): 262 257 258 261 31 30 29 47 48 49 65 64 63 86 126 127 244 142  5th path (commodity 1): 209 210 211 180 179 207 206 205  6th path (commodity 1): 209 210 211 180 179 207 206 205 177 250 249 248 170 155 143 307 244 113 112  
4	19,4317282000	5258956,0799999990	415288,0000000000	1st path (commodity 0): 262 257 258 261 31 30 29  2nd path (commodity 0): 262 257 258 261 31 30 29 47 48 49 65 64 63 86 126 127  3rd path (commodity 0): 262 257 258 261 31 30 29 47 48 49 65 64 63 86 126  4th path (commodity 0): 262 257 258 261 31 30 29 47 48 49 65 64 63 86 126 127 244 307  5th path (commodity 1): 209 210 211 180 179 207 206 205  6th path (commodity 1): 209 210 211 180 179 207 206 205 177 250 249 248 170 155 143 307 244 113 114  
5	19,5115505000	4927023,7599999990	311466,0000000000	1st path (commodity 0): 262 257 258 261 31 30 29 47  2nd path (commodity 0): 262 257 258 261 31 30 29 47 48 49 65 64 63 86 126 127 244 307 143  3rd path (commodity 0): 262 257 258 261 31 30 29 47 48 49 65 64 63 86 126 127  4th path (commodity 0): 262 257 258 261 31 30 29 47 48 49 65 64 63 86 126 127 244 142 143  5th path (commodity 1): 209 210 211 180 179 207 206 205 177 250 249  6th path (commodity 1): 209 210 211 180 179 207 206 205 177 250 249 248 170 155 143 307 244 113 112 102  
6	19,9064154000	4851364,5799999990	415288,0000000000	1st path (commodity 0): 262 257 258 261 31 30 29 47  2nd path (commodity 0): 262 257 258 261 31 30 29 47 48 49 65 64 63 86 126 127 244  3rd path (commodity 0): 262 257 258 261 31 30 29 47 48 49 65 64 63 86 126 127  4th path (commodity 0): 262 257 258 261 31 30 29 47 48 49 65 64 63 86 126 127 244  5th path (commodity 1): 209 210 211 180 179 207 206 205 177  6th path (commodity 1): 209 210 211 180 179 207 206 205 177 250 249 248 170 155 143 307 244 113 114 296  
9	19,4385452000	5242315,0799999990	401572,0800000000	1st path (commodity 0): 262 257 258 261 31 30 29 47 48  2nd path (commodity 0): 262 257 258 261 31 30 29 47 48 49 65 64 63 86 126 127 244 307 143 172  3rd path (commodity 0): 262 257 258 261 31 30 29 47 48 49 65 64 63 86 126 127 244 142 143  4th path (commodity 0): 262 257 258 261 31 30 29 47 48 49 65 64 63 86 126 127  5th path (commodity 1): 209 210 211 180 179 207 206 205 177 250 249 248  6th path (commodity 1): 209 210 211 180 179 207 206 205 177 250 249 248 170 155 143 307 244 113 114  
11	19,4385452000	5242315,0799999990	401572,0800000000	1st path (commodity 0): 262 257 258 261 31 30  2nd path (commodity 0): 262 257 258 261 31 30 29 47 48 49 65 64 63 86 126 127 244 307 143  3rd path (commodity 0): 262 257 258 261 31 30 29 47 48 49 65 64 63 86  4th path (commodity 0): 262 257 258 261 31 30 29 47 48 49 65 64 63 86 126 127 244 142 143  5th path (commodity 1): 209 210 211 180 179 207 206 205 177  6th path (commodity 1): 209 210 211 180 179 207 206 205 177 250 249 248 170 155 143 307 244 113  
12	30,0276307000	5077163,7599999990	207644,0000000000	1st path (commodity 0): 262 257 258 261 31 30 29  2nd path (commodity 0): 262 257 258 261 31 30 29 47 48 49 65 64 63 86 126 127  3rd path (commodity 0): 262 257 258 261 31 30 29 47 48 49 65 64 63 86 126 127 244 142 143 172  4th path (commodity 0): 262 257 258 261 31 30 227 228 256 222 18 6 5 4 3 2 1 0  5th path (commodity 1): 209 210 211 180 179 207  6th path (commodity 1): 209 210 211 180 179 207 206 205 177 250 249 248 170 155 143 307 244 113 112  
14	19,6518372000	4904101,7599999990	256724,0000000000	1st path (commodity 0): 262 257 258 261 31 32  2nd path (commodity 0): 262 257 258 261 31 30 29 47 48 49 65 64 63 86 126 127 244  3rd path (commodity 0): 262 257 258 261 31 30 29 47 48 49 65 64 63 86 126 127 244 142  4th path (commodity 0): 262 257 258 261 31 30 29 47 48 49 65 64 63 86 126 127 244 142 143  5th path (commodity 1): 209 210 211 180 179 207 206 205 177 250 249  6th path (commodity 1): 209 210 211 180 179 207 206 205 177 250 249 248 170 155 143 307 244 113 112 102  
17	19,4317282000	5258956,0799999990	415288,0000000000	1st path (commodity 0): 262 257 258 261 31 30  2nd path (commodity 0): 262 257 258 261 31 30 29 47 48 49 65 64 63 86 126 127 244 307 143  3rd path (commodity 0): 262 257 258 261 31 30 29 47 48 49 65 64 63 86  4th path (commodity 0): 262 257 258 261 31 30 29 47 48 49 65 64 63 86 126 127 244  5th path (commodity 1): 209 210 211 180 179 207 206  6th path (commodity 1): 209 210 211 180 179 207 206 205 177 250 249 248 170 155 143 307 244 113  
18	19,4385452000	5242315,0799999990	401572,0800000000	1st path (commodity 0): 262 257 258 261  2nd path (commodity 0): 262 257 258 261 31 30 29 47 48 49 65 64 63 86 126 127 244  3rd path (commodity 0): 262 257 258 261 31 30 29 47 48 49 65 64 63 86 126 127 244 142  4th path (commodity 0): 262 257 258 261 31 30 29 47 48 49 65 64 63 86 126 127 244  5th path (commodity 1): 209 210 211 180 179 207 206 205 177  6th path (commodity 1): 209 210 211 180 179 207 206 205 177 250 249 248 170 155 143 307 244 113  
22	19,5115505000	4927023,7599999990	311466,0000000000	1st path (commodity 0): 262 257 258 261 31 30  2nd path (commodity 0): 262 257 258 261 31 30 29 47 48 49 65 64 63 86 126 127 244 307 143  3rd path (commodity 0): 262 257 258 261 31 30 29 47 48 49 65 64 63 86  4th path (commodity 0): 262 257 258 261 31 30 29 47 48 49 65 64 63 86 126 127 244 142 143  5th path (commodity 1): 209 210 211 180 179 207 206 205 177  6th path (commodity 1): 209 210 211 180 179 207 206 205 177 250 249 248 170 155 143 307 244 113 112 102  
23	19,4385452000	5242315,0799999990	401572,0800000000	1st path (commodity 0): 262 257 258 261 31 30 29 47  2nd path (commodity 0): 262 257 258 261 31 30 29 47 48 49 65 64 63 86 126 127 244  3rd path (commodity 0): 262 257 258 261 31 30 29 47 48 49 65 64 63 86 126 127  4th path (commodity 0): 262 257 258 261 31 30 29 47 48 49 65 64 63 86 126 127 244 142 143  5th path (commodity 1): 209 210 211 180 179 207 206 205 177  6th path (commodity 1): 209 210 211 180 179 207 206 205 177 250 249 248 170 155 143 307  
26	19,5115505000	4927023,7599999990	311466,0000000000	1st path (commodity 0): 262 257 258 261 31  2nd path (commodity 0): 262 257 258 261 31 30 29 47 48 49 65 64 63 86 126 127 244 307 143 172  3rd path (commodity 0): 262 257 258 261 31 30 29 47 48 49 65 64 63 86 126 127 244  4th path (commodity 0): 262 257 258 261 31 30 29 47 48 49 65 64 63 86 126 127 244 142 143 172  5th path (commodity 1): 209 210 211 180 179 207 206 205 177 250  6th path (commodity 1): 209 210 211 180 179 207 206 205 177 250 249 248 170 155 143 307 244 113 112  
27	19,5251845000	4893741,7599999990	273288,0000000000	1st path (commodity 0): 262 257 258 261 31  2nd path (commodity 0): 262 257 258 261 31 30 29 47 48 49 65 64 63 86 126 127 244 142  3rd path (commodity 0): 262 257 258 261 31 30 29 47 48 49 65 64 63 86 126 127 244 142 143  4th path (commodity 0): 262 257 258 261 31 30 29 47 48 49 65 64 63 86 126 127 244 142  5th path (commodity 1): 209 210 211 180 179 207 206 205 177 250  6th path (commodity 1): 209 210 211 180 179 207 206 205 177 250 249 248 170 155 143 307 244 113 112  
29	19,4385452000	5242315,0799999990	401572,0800000000	1st path (commodity 0): 262 257 258 261 31 30 29 47 48 49  2nd path (commodity 0): 262 257 258 261 31 30 29 47 48 49 65 64 63 86 126 127 244 307 143  3rd path (commodity 0): 262 257 258 261 31 30 29 47 48 49 65 64 63 86 126 127 244 142  4th path (commodity 0): 262 257 258 261 31 30 29 47 48 49 65 64 63 86 126 127 244  5th path (commodity 1): 209 210 211 180 179 207 206 205 177 250 249  6th path (commodity 1): 209 210 211 180 179 207 206 205 177 250 249 248 170 155 143 307 244 113  
30	19,5251845000	4893741,7599999990	273288,0000000000	1st path (commodity 0): 262 257 258 261 31  2nd path (commodity 0): 262 257 258 261 31 30 29 47 48 49 65 64 63 86 126 127 244 142  3rd path (commodity 0): 262 257 258 261 31 30 29 47 48 49 65 64 63 86 126 127 244 142 143  4th path (commodity 0): 262 257 258 261 31 30 29 47 48 49 65 64 63 86 126 127 244 142  5th path (commodity 1): 209 210 211 180 179 207 206 205  6th path (commodity 1): 209 210 211 180 179 207 206 205 177 250 249 248 170 155 143 307 244 113 112 102 103  
32	19,5115505000	4927023,7599999990	311466,0000000000	1st path (commodity 0): 262 257 258 261 31  2nd path (commodity 0): 262 257 258 261 31 30 29 47 48 49 65 64 63 86 126 127 244 307  3rd path (commodity 0): 262 257 258 261 31 30 29 47 48 49 65 64 63 86 126  4th path (commodity 0): 262 257 258 261 31 30 29 47 48 49 65 64 63 86 126 127 244 142  5th path (commodity 1): 209 210 211 180 179 207 206 205  6th path (commodity 1): 209 210 211 180 179 207 206 205 177 250 249 248 170 155 143 307 244 113 112  
34	19,4385452000	5242315,0799999990	401572,0800000000	1st path (commodity 0): 262 257 258 261 31 30 29 47  2nd path (commodity 0): 262 257 258 261 31 30 29 47 48 49 65 64 63 86 126 127 244 307 143  3rd path (commodity 0): 262 257 258 261 31 30 29 47 48 49 65 64 63 86 126 127  4th path (commodity 0): 262 257 258 261 31 30 29 47 48 49 65 64 63 86 126 127 244 142 143  5th path (commodity 1): 209 210 211 180 179 207 206 205 177 250 249  6th path (commodity 1): 209 210 211 180 179 207 206 205 177 250 249 248 170 155 143 307 244 113  
36	19,5047335000	4943664,7599999990	415288,0000000000	1st path (commodity 0): 262 257 258 261  2nd path (commodity 0): 262 257 258 261 31 30 29 47 48 49 65 64 63 86 126 127 244  3rd path (commodity 0): 262 257 258 261 31 30 29 47 48 49 65 64 63 86 126 127  4th path (commodity 0): 262 257 258 261 31 30 29 47 48 49 65 64 63 86 126  5th path (commodity 1): 209 210 211 180 179 207 206 205 177  6th path (commodity 1): 209 210 211 180 179 207 206 205 177 250 249 248 170 155 143 307 244 113 112 102  
37	19,4317282000	5258956,0799999990	415288,0000000000	1st path (commodity 0): 262 257 258 261  2nd path (commodity 0): 262 257 258 261 31 30 29 47 48 49 65 64 63 86 126 127 244 307 143  3rd path (commodity 0): 262 257 258 261 31 30 29 47 48 49 65 64 63 86  4th path (commodity 0): 262 257 258 261 31 30 29 47 48 49 65 64 63 86 126 127 244  5th path (commodity 1): 209 210 211 180 179 207 206 205 177  6th path (commodity 1): 209 210 211 180 179 207 206 205 177 250 249 248 170 155 143 307 244 113  
38	19,9064154000	4851364,5799999990	415288,0000000000	1st path (commodity 0): 262 257 258 261 31 30  2nd path (commodity 0): 262 257 258 261 31 30 29 47 48 49 65 64 63 86 126 127 244  3rd path (commodity 0): 262 257 258 261 31 30 29 47 48 49 65 64 63 86  4th path (commodity 0): 262 257 258 261 31 30 29 47 48 49 65 64 63 86 126 127 244  5th path (commodity 1): 209 210 211 180 179 207 206  6th path (commodity 1): 209 210 211 180 179 207 206 205 177 250 249 248 170 155 143 307 244 113 114 296  
42	19,4453622000	5225674,0799999990	401572,0800000000	1st path (commodity 0): 262 257 258 261 31 30 29  2nd path (commodity 0): 262 257 258 261 31 30 29 47 48 49 65 64 63 86 126 127 244 307  3rd path (commodity 0): 262 257 258 261 31 30 29 47 48 49 65 64 63 86 126 127 244 142 143  4th path (commodity 0): 262 257 258 261 31 30 29 47 48 49 65 64 63 86 126 127 244 142  5th path (commodity 1): 209 210 211 180 179 207 206 205 177 250  6th path (commodity 1): 209 210 211 180 179 207 206 205 177 250 249 248 170 155 143 307 244  
44	19,4317282000	5258956,0799999990	415288,0000000000	1st path (commodity 0): 262 257 258 261  2nd path (commodity 0): 262 257 258 261 31 30 29 47 48 49 65 64 63 86 126 127 244  3rd path (commodity 0): 262 257 258 261 31 30 29 47 48 49 65 64 63 86 126 127  4th path (commodity 0): 262 257 258 261 31 30 29 47 48 49 65 64 63 86 126  5th path (commodity 1): 209 210 211 180 179 207 206  6th path (commodity 1): 209 210 211 180 179 207 206 205 177 250 249 248 170 155 143 307 244 113  
46	19,5047335000	4943664,7599999990	415288,0000000000	1st path (commodity 0): 262 257 258 261 31 30 29 47  2nd path (commodity 0): 262 257 258 261 31 30 29 47 48 49 65 64 63 86 126 127 244 307 143  3rd path (commodity 0): 262 257 258 261 31 30 29 47 48 49 65 64 63 86  4th path (commodity 0): 262 257 258 261 31 30 29 47 48 49 65 64 63 86 126  5th path (commodity 1): 209 210 211 180 179 207 206  6th path (commodity 1): 209 210 211 180 179 207 206 205 177 250 249 248 170 155 143 307 244 113 112 102  
47	19,5183675000	4910382,7599999990	256724,0000000000	1st path (commodity 0): 262 257 258 261 31 30  2nd path (commodity 0): 262 257 258 261 31 30 29 47 48 49 65 64 63 86 126 127 244 142 143  3rd path (commodity 0): 262 257 258 261 31 30 29 47 48 49 65 64 63 86 126 127 244 142 143 172  4th path (commodity 0): 262 257 258 261 31 30 29 47 48 49 65 64 63 86 126 127 244  5th path (commodity 1): 209 210 211 180 179 207 206 205 177  6th path (commodity 1): 209 210 211 180 179 207 206 205 177 250 249 248 170 155 143 307 244 113 112 102  
48	19,4317282000	5258956,0799999990	415288,0000000000	1st path (commodity 0): 262 257 258 261  2nd path (commodity 0): 262 257 258 261 31 30 29 47 48 49 65 64 63 86 126 127 244  3rd path (commodity 0): 262 257 258 261 31 30 29 47 48 49 65 64 63 86 126 127 244 307  4th path (commodity 0): 262 257 258 261 31 30 29 47 48 49 65 64 63 86 126  5th path (commodity 1): 209 210 211 180 179 207 206 205 177  6th path (commodity 1): 209 210 211 180 179 207 206 205 177 250 249 248 170 155 143 307 244 113  
49	19,5183675000	4910382,7599999990	256724,0000000000	1st path (commodity 0): 262 257 258 261 31  2nd path (commodity 0): 262 257 258 261 31 30 29 47 48 49 65 64 63 86 126 127 244 307  3rd path (commodity 0): 262 257 258 261 31 30 29 47 48 49 65 64 63 86 126 127 244 142 143  4th path (commodity 0): 262 257 258 261 31 30 29 47 48 49 65 64 63 86 126 127 244 142  5th path (commodity 1): 209 210 211 180 179 207 206 205 177 250  6th path (commodity 1): 209 210 211 180 179 207 206 205 177 250 249 248 170 155 143 307 244 113 112  
52	19,5115505000	4927023,7599999990	311466,0000000000	1st path (commodity 0): 262 257 258 261 31  2nd path (commodity 0): 262 257 258 261 31 30 29 47 48 49 65 64 63 86 126 127 244 307  3rd path (commodity 0): 262 257 258 261 31 30 29 47 48 49 65 64 63 86 126 127 244  4th path (commodity 0): 262 257 258 261 31 30 29 47 48 49 65 64 63 86 126 127 244 142  5th path (commodity 1): 209 210 211 180 179 207 206 205 177 250  6th path (commodity 1): 209 210 211 180 179 207 206 205 177 250 249 248 170 155 143 307 244 113 112  
53	19,9200494000	4818082,5799999990	256724,0000000000	1st path (commodity 0): 262 257 258 261 31 30 29 47  2nd path (commodity 0): 262 257 258 261 31 30 29 47 48 49 65 64 63 86 126 127 244  3rd path (commodity 0): 262 257 258 261 31 30 29 47 48 49 65 64 63 86 126 127 244 142  4th path (commodity 0): 262 257 258 261 31 30 29 47 48 49 65 64 63 86 126 127 244 142 143  5th path (commodity 1): 209 210 211 180 179 207 206 205 177  6th path (commodity 1): 209 210 211 180 179 207 206 205 177 250 249 248 170 155 143 307 244 113 114 296  
54	30,5819797000	5057336,7599999990	207644,0000000000	1st path (commodity 0): 262 257 258 261 31 30 29 47 46 45 231 62 63  2nd path (commodity 0): 262 257 258 261 31 30 29 47 48 49 65 64 63 86 126 127  3rd path (commodity 0): 262 257 258 261 31 30 29 47 48 49 65 64 63 86 126 127 244 142  4th path (commodity 0): 262 257 258 261 31 30 227 228 256 222 18 6 5 4 3 2 1 0 220 193  5th path (commodity 1): 209 210 211 180 179 207 206 205 177 250 249 248  6th path (commodity 1): 209 210 211 180 179 207 206 205 177 250 249 248 170 155 143 307 244 113 112  
55	19,4317282000	5258956,0799999990	415288,0000000000	1st path (commodity 0): 262 257 258 261 31 30 29 47  2nd path (commodity 0): 262 257 258 261 31 30 29 47 48 49 65 64 63 86 126 127 244  3rd path (commodity 0): 262 257 258 261 31 30 29 47 48 49 65 64 63 86  4th path (commodity 0): 262 257 258 261 31 30 29 47 48 49 65 64 63 86 126 127 244  5th path (commodity 1): 209 210 211 180 179 207 206 205 177  6th path (commodity 1): 209 210 211 180 179 207 206 205 177 250 249 248 170 155 143 307  
58	19,5251845000	4893741,7599999990	273288,0000000000	1st path (commodity 0): 262 257 258 261 31  2nd path (commodity 0): 262 257 258 261 31 30 29 47 48 49 65 64 63 86 126 127 244 142  3rd path (commodity 0): 262 257 258 261 31 30 29 47 48 49 65 64 63 86 126 127 244 142 143  4th path (commodity 0): 262 257 258 261 31 30 29 47 48 49 65 64 63 86 126 127 244 142  5th path (commodity 1): 209 210 211 180 179 207 206 205  6th path (commodity 1): 209 210 211 180 179 207 206 205 177 250 249 248 170 155 143 307 244 113 112 102 103  
59	19,9064154000	4851364,5799999990	415288,0000000000	1st path (commodity 0): 262 257 258 261 31 30  2nd path (commodity 0): 262 257 258 261 31 30 29 47 48 49 65 64 63 86 126  3rd path (commodity 0): 262 257 258 261 31 30 29 47 48 49 65 64 63 86 126 127  4th path (commodity 0): 262 257 258 261 31 30 29 47 48 49 65 64 63 86 126  5th path (commodity 1): 209 210 211 180 179 207 206 205 177  6th path (commodity 1): 209 210 211 180 179 207 206 205 177 250 249 248 170 155 143 307 244 113 114 296  
60	19,9064154000	4851364,5799999990	415288,0000000000	1st path (commodity 0): 262 257 258 261 31 30 29 47  2nd path (commodity 0): 262 257 258 261 31 30 29 47 48 49 65 64 63 86 126 127 244  3rd path (commodity 0): 262 257 258 261 31 30 29 47 48 49 65 64 63 86 126 127  4th path (commodity 0): 262 257 258 261 31 30 29 47 48 49 65 64 63 86 126 127 244  5th path (commodity 1): 209 210 211 180 179 207 206 205 177  6th path (commodity 1): 209 210 211 180 179 207 206 205 177 250 249 248 170 155 143 307 244 113 114 296  
61	19,4317282000	5258956,0799999990	415288,0000000000	1st path (commodity 0): 262 257 258 261  2nd path (commodity 0): 262 257 258 261 31 30 29 47 48 49 65 64 63 86 126 127 244  3rd path (commodity 0): 262 257 258 261 31 30 29 47 48 49 65 64 63 86  4th path (commodity 0): 262 257 258 261 31 30 29 47 48 49 65 64 63 86 126  5th path (commodity 1): 209 210 211 180 179 207 206  6th path (commodity 1): 209 210 211 180 179 207 206 205 177 250 249 248 170 155 143 307 244 113  
63	19,9132324000	4834723,5799999990	311466,0000000000	1st path (commodity 0): 262 257 258 261 31 30 29 47  2nd path (commodity 0): 262 257 258 261 31 30 29 47 48 49 65 64 63 86 126 127 244 307 143  3rd path (commodity 0): 262 257 258 261 31 30 29 47 48 49 65 64 63 86 126 127 244 142  4th path (commodity 0): 262 257 258 261 31 30 29 47 48 49 65 64 63 86 126 127 244  5th path (commodity 1): 209 210 211 180 179 207 206 205 177 250 249  6th path (commodity 1): 209 210 211 180 179 207 206 205 177 250 249 248 170 155 143 307 244 113 114 296  
65	19,4317282000	5258956,0799999990	415288,0000000000	1st path (commodity 0): 262 257 258 261 31 30 29 47 48  2nd path (commodity 0): 262 257 258 261 31 30 29 47 48 49 65 64 63 86 126 127 244 307  3rd path (commodity 0): 262 257 258 261 31 30 29 47 48 49 65 64 63 86 126 127 244  4th path (commodity 0): 262 257 258 261 31 30 29 47 48 49 65 64 63 86 126 127  5th path (commodity 1): 209 210 211 180 179 207 206 205 177 250  6th path (commodity 1): 209 210 211 180 179 207 206 205 177 250 249 248 170 155 143 307 244 113 114  
67	19,5115505000	4927023,7599999990	311466,0000000000	1st path (commodity 0): 262 257 258 261 31  2nd path (commodity 0): 262 257 258 261 31 30 29 47 48 49 65 64 63 86 126 127 244 307 143 172  3rd path (commodity 0): 262 257 258 261 31 30 29 47 48 49 65 64 63 86 126  4th path (commodity 0): 262 257 258 261 31 30 29 47 48 49 65 64 63 86 126 127 244 142  5th path (commodity 1): 209 210 211 180 179 207 206 205  6th path (commodity 1): 209 210 211 180 179 207 206 205 177 250 249 248 170 155 143 307 244 113 112  
69	19,4385452000	5242315,0799999990	401572,0800000000	1st path (commodity 0): 262 257 258 261  2nd path (commodity 0): 262 257 258 261 31 30 29 47 48 49 65 64 63 86 126 127 244  3rd path (commodity 0): 262 257 258 261 31 30 29 47 48 49 65 64 63 86 126 127 244 142  4th path (commodity 0): 262 257 258 261 31 30 29 47 48 49 65 64 63 86 126 127 244  5th path (commodity 1): 209 210 211 180 179 207 206 205 177  6th path (commodity 1): 209 210 211 180 179 207 206 205 177 250 249 248 170 155 143 307 244 113  
70	19,5047335000	4943664,7599999990	415288,0000000000	1st path (commodity 0): 262 257 258 261 31 30  2nd path (commodity 0): 262 257 258 261 31 30 29 47 48 49 65 64 63 86 126 127 244 307 143  3rd path (commodity 0): 262 257 258 261 31 30 29 47 48 49 65 64 63 86  4th path (commodity 0): 262 257 258 261 31 30 29 47 48 49 65 64 63 86 126 127 244  5th path (commodity 1): 209 210 211 180 179 207 206 205 177  6th path (commodity 1): 209 210 211 180 179 207 206 205 177 250 249 248 170 155 143 307 244 113 112 102  
71	19,5115505000	4927023,7599999990	311466,0000000000	1st path (commodity 0): 262 257 258 261 31  2nd path (commodity 0): 262 257 258 261 31 30 29 47 48 49 65 64 63 86 126 127 244 307  3rd path (commodity 0): 262 257 258 261 31 30 29 47 48 49 65 64 63 86 126  4th path (commodity 0): 262 257 258 261 31 30 29 47 48 49 65 64 63 86 126 127 244 142  5th path (commodity 1): 209 210 211 180 179 207 206 205  6th path (commodity 1): 209 210 211 180 179 207 206 205 177 250 249 248 170 155 143 307 244 113 112 102 103  
73	19,6518372000	4904101,7599999990	256724,0000000000	1st path (commodity 0): 262 257 258 261 31 32 267  2nd path (commodity 0): 262 257 258 261 31 30 29 47 48 49 65 64 63 86 126 127 244 142  3rd path (commodity 0): 262 257 258 261 31 30 29 47 48 49 65 64 63 86 126 127 244  4th path (commodity 0): 262 257 258 261 31 30 29 47 48 49 65 64 63 86 126 127 244 142  5th path (commodity 1): 209 210 211 180 179 207 206 205 177 250  6th path (commodity 1): 209 210 211 180 179 207 206 205 177 250 249 248 170 155 143 307 244 113 112  
76	19,5047335000	4943664,7599999990	415288,0000000000	1st path (commodity 0): 262 257 258 261 31 30  2nd path (commodity 0): 262 257 258 261 31 30 29 47 48 49 65 64 63 86 126 127 244  3rd path (commodity 0): 262 257 258 261 31 30 29 47 48 49 65 64 63 86  4th path (commodity 0): 262 257 258 261 31 30 29 47 48 49 65 64 63 86 126  5th path (commodity 1): 209 210 211 180 179 207 206  6th path (commodity 1): 209 210 211 180 179 207 206 205 177 250 249 248 170 155 143 307 244 113 112 102  
79	19,5115505000	4927023,7599999990	311466,0000000000	1st path (commodity 0): 262 257 258 261 31  2nd path (commodity 0): 262 257 258 261 31 30 29 47 48 49 65 64 63 86 126 127 244 307  3rd path (commodity 0): 262 257 258 261 31 30 29 47 48 49 65 64 63 86 126 127 244  4th path (commodity 0): 262 257 258 261 31 30 29 47 48 49 65 64 63 86 126 127 244 142  5th path (commodity 1): 209 210 211 180 179 207 206 205 177 250  6th path (commodity 1): 209 210 211 180 179 207 206 205 177 250 249 248 170 155 143 307 244 113 112 102 103  
81	19,4385452000	5242315,0799999990	401572,0800000000	1st path (commodity 0): 262 257 258 261 31 30 29  2nd path (commodity 0): 262 257 258 261 31 30 29 47 48 49 65 64 63 86 126 127 244 307  3rd path (commodity 0): 262 257 258 261 31 30 29 47 48 49 65 64 63 86 126  4th path (commodity 0): 262 257 258 261 31 30 29 47 48 49 65 64 63 86 126 127 244 142  5th path (commodity 1): 209 210 211 180 179 207 206 205 177 250  6th path (commodity 1): 209 210 211 180 179 207 206 205 177 250 249 248 170 155 143 307 244  
87	19,5183675000	4910382,7599999990	256724,0000000000	1st path (commodity 0): 262 257 258 261 31 30  2nd path (commodity 0): 262 257 258 261 31 30 29 47 48 49 65 64 63 86 126 127 244  3rd path (commodity 0): 262 257 258 261 31 30 29 47 48 49 65 64 63 86 126 127 244 142  4th path (commodity 0): 262 257 258 261 31 30 29 47 48 49 65 64 63 86 126 127 244 142 143  5th path (commodity 1): 209 210 211 180 179 207 206 205 177  6th path (commodity 1): 209 210 211 180 179 207 206 205 177 250 249 248 170 155 143 307 244 113 112 102  
89	19,5115505000	4927023,7599999990	311466,0000000000	1st path (commodity 0): 262 257 258 261 31 30 29  2nd path (commodity 0): 262 257 258 261 31 30 29 47 48 49 65 64 63 86 126 127 244 307  3rd path (commodity 0): 262 257 258 261 31 30 29 47 48 49 65 64 63 86 126  4th path (commodity 0): 262 257 258 261 31 30 29 47 48 49 65 64 63 86 126 127 244 142  5th path (commodity 1): 209 210 211 180 179 207 206 205 177 250  6th path (commodity 1): 209 210 211 180 179 207 206 205 177 250 249 248 170 155 143 307 244 113 112  
92	30,0344477000	5060522,7599999990	200786,0400000000	1st path (commodity 0): 262 257 258 261 31 30 29  2nd path (commodity 0): 262 257 258 261 31 30 29 47 48 49 65 64 63 86 126 127 244 142  3rd path (commodity 0): 262 257 258 261 31 30 29 47 48 49 65 64 63 86 126 127 244 142  4th path (commodity 0): 262 257 258 261 31 30 227 228 256 222 18 6 5 4 3 2 1 0  5th path (commodity 1): 209 210 211 180 179 207 206 205 177 250  6th path (commodity 1): 209 210 211 180 179 207 206 205 177 250 249 248 170 155 143 307 244 113 112 102 103  
94	19,9132324000	4834723,5799999990	311466,0000000000	1st path (commodity 0): 262 257 258 261 31 30 29 47 48  2nd path (commodity 0): 262 257 258 261 31 30 29 47 48 49 65 64 63 86 126 127 244 307  3rd path (commodity 0): 262 257 258 261 31 30 29 47 48 49 65 64 63 86 126 127 244  4th path (commodity 0): 262 257 258 261 31 30 29 47 48 49 65 64 63 86 126 127 244 142  5th path (commodity 1): 209 210 211 180 179 207 206 205 177 250  6th path (commodity 1): 209 210 211 180 179 207 206 205 177 250 249 248 170 155 143 307 244 113 114 296 105  
99	19,5115505000	4927023,7599999990	311466,0000000000	1st path (commodity 0): 262 257 258 261 31  2nd path (commodity 0): 262 257 258 261 31 30 29 47 48 49 65 64 63 86 126 127 244 307  3rd path (commodity 0): 262 257 258 261 31 30 29 47 48 49 65 64 63 86 126 127 244 142 143  4th path (commodity 0): 262 257 258 261 31 30 29 47 48 49 65 64 63 86 126 127  5th path (commodity 1): 209 210 211 180 179 207 206 205  6th path (commodity 1): 209 210 211 180 179 207 206 205 177 250 249 248 170 155 143 307 244 113 112  
100	19,5047335000	4943664,7599999990	415288,0000000000	1st path (commodity 0): 262 257 258 261 31 30 29  2nd path (commodity 0): 262 257 258 261 31 30 29 47 48 49 65 64 63 86 126 127 244 307  3rd path (commodity 0): 262 257 258 261 31 30 29 47 48 49 65 64 63 86 126  4th path (commodity 0): 262 257 258 261 31 30 29 47 48 49 65 64 63 86 126 127  5th path (commodity 1): 209 210 211 180 179 207 206 205  6th path (commodity 1): 209 210 211 180 179 207 206 205 177 250 249 248 170 155 143 307 244 113 112  
101	19,4317282000	5258956,0799999990	415288,0000000000	1st path (commodity 0): 262 257 258 261 31 30  2nd path (commodity 0): 262 257 258 261 31 30 29 47 48 49 65 64 63 86 126 127 244  3rd path (commodity 0): 262 257 258 261 31 30 29 47 48 49 65 64 63 86  4th path (commodity 0): 262 257 258 261 31 30 29 47 48 49 65 64 63 86 126 127 244  5th path (commodity 1): 209 210 211 180 179 207 206 205 177  6th path (commodity 1): 209 210 211 180 179 207 206 205 177 250 249 248 170 155 143 307 244 113  
102	19,5115505000	4927023,7599999990	311466,0000000000	1st path (commodity 0): 262 257 258 261 31 30  2nd path (commodity 0): 262 257 258 261 31 30 29 47 48 49 65 64 63 86 126 127 244 307 143  3rd path (commodity 0): 262 257 258 261 31 30 29 47 48 49 65 64 63 86 126 127  4th path (commodity 0): 262 257 258 261 31 30 29 47 48 49 65 64 63 86 126 127 244 142 143  5th path (commodity 1): 209 210 211 180 179 207 206 205 177  6th path (commodity 1): 209 210 211 180 179 207 206 205 177 250 249 248 170 155 143 307 244 113 112 102  
103	19,4317282000	5258956,0799999990	415288,0000000000	1st path (commodity 0): 262 257 258 261 31 30  2nd path (commodity 0): 262 257 258 261 31 30 29 47 48 49 65 64 63 86 126 127 244 307 143  3rd path (commodity 0): 262 257 258 261 31 30 29 47 48 49 65 64 63 86 126 127  4th path (commodity 0): 262 257 258 261 31 30 29 47 48 49 65 64 63 86 126 127 244  5th path (commodity 1): 209 210 211 180 179 207 206  6th path (commodity 1): 209 210 211 180 179 207 206 205 177 250 249 248 170 155 143 307 244 113  
104	19,5183675000	4910382,7599999990	256724,0000000000	1st path (commodity 0): 262 257 258 261 31  2nd path (commodity 0): 262 257 258 261 31 30 29 47 48 49 65 64 63 86 126 127 244 142  3rd path (commodity 0): 262 257 258 261 31 30 29 47 48 49 65 64 63 86 126 127 244  4th path (commodity 0): 262 257 258 261 31 30 29 47 48 49 65 64 63 86 126 127 244 142  5th path (commodity 1): 209 210 211 180 179 207 206 205  6th path (commodity 1): 209 210 211 180 179 207 206 205 177 250 249 248 170 155 143 307 244 113 112  
106	19,5115505000	4927023,7599999990	311466,0000000000	1st path (commodity 0): 262 257 258 261 31 30 29  2nd path (commodity 0): 262 257 258 261 31 30 29 47 48 49 65 64 63 86 126 127 244 307  3rd path (commodity 0): 262 257 258 261 31 30 29 47 48 49 65 64 63 86 126  4th path (commodity 0): 262 257 258 261 31 30 29 47 48 49 65 64 63 86 126 127 244 142  5th path (commodity 1): 209 210 211 180 179 207 206 205 177 250  6th path (commodity 1): 209 210 211 180 179 207 206 205 177 250 249 248 170 155 143 307 244 113 112  
110	19,4317282000	5258956,0799999990	415288,0000000000	1st path (commodity 0): 262 257 258 261 31 30 29 47 48  2nd path (commodity 0): 262 257 258 261 31 30 29 47 48 49 65 64 63 86 126 127 244 307  3rd path (commodity 0): 262 257 258 261 31 30 29 47 48 49 65 64 63 86 126 127 244  4th path (commodity 0): 262 257 258 261 31 30 29 47 48 49 65 64 63 86 126 127  5th path (commodity 1): 209 210 211 180 179 207 206 205 177 250  6th path (commodity 1): 209 210 211 180 179 207 206 205 177 250 249 248 170 155 143 307 244 113 114  
112	19,4385452000	5242315,0799999990	401572,0800000000	1st path (commodity 0): 262 257 258 261 31 30  2nd path (commodity 0): 262 257 258 261 31 30 29 47 48 49 65 64 63 86 126 127 244  3rd path (commodity 0): 262 257 258 261 31 30 29 47 48 49 65 64 63 86 126 127 244 142  4th path (commodity 0): 262 257 258 261 31 30 29 47 48 49 65 64 63 86 126  5th path (commodity 1): 209 210 211 180 179 207 206  6th path (commodity 1): 209 210 211 180 179 207 206 205 177 250 249 248 170 155 143 307 244 113  
114	19,5047335000	4943664,7599999990	415288,0000000000	1st path (commodity 0): 262 257 258 261 31  2nd path (commodity 0): 262 257 258 261 31 30 29 47 48 49 65 64 63 86 126 127 244 307  3rd path (commodity 0): 262 257 258 261 31 30 29 47 48 49 65 64 63 86 126 127 244  4th path (commodity 0): 262 257 258 261 31 30 29 47 48 49 65 64 63 86 126 127  5th path (commodity 1): 209 210 211 180 179 207 206 205  6th path (commodity 1): 209 210 211 180 179 207 206 205 177 250 249 248 170 155 143 307 244 113 112  
115	19,5047335000	4943664,7599999990	415288,0000000000	1st path (commodity 0): 262 257 258 261 31 30 29 47  2nd path (commodity 0): 262 257 258 261 31 30 29 47 48 49 65 64 63 86 126 127 244  3rd path (commodity 0): 262 257 258 261 31 30 29 47 48 49 65 64 63 86  4th path (commodity 0): 262 257 258 261 31 30 29 47 48 49 65 64 63 86 126 127 244  5th path (commodity 1): 209 210 211 180 179 207 206 205 177  6th path (commodity 1): 209 210 211 180 179 207 206 205 177 250 249 248 170 155 143 307 244 113 112 102  
116	19,4317282000	5258956,0799999990	415288,0000000000	1st path (commodity 0): 262 257 258 261 31 30  2nd path (commodity 0): 262 257 258 261 31 30 29 47 48 49 65 64 63 86 126 127 244 307 143  3rd path (commodity 0): 262 257 258 261 31 30 29 47 48 49 65 64 63 86 126 127  4th path (commodity 0): 262 257 258 261 31 30 29 47 48 49 65 64 63 86 126 127 244  5th path (commodity 1): 209 210 211 180 179 207 206 205 177  6th path (commodity 1): 209 210 211 180 179 207 206 205 177 250 249 248 170 155 143 307 244 113  
117	30,0276307000	5077163,7599999990	207644,0000000000	1st path (commodity 0): 262 257 258 261 31 30 29  2nd path (commodity 0): 262 257 258 261 31 30 29 47 48 49 65 64 63 86 126 127 244 307  3rd path (commodity 0): 262 257 258 261 31 30 29 47 48 49 65 64 63 86 126 127 244 142  4th path (commodity 0): 262 257 258 261 31 30 227 228 256 222 18 6 5 4 3 2 1 0  5th path (commodity 1): 209 210 211 180 179 207  6th path (commodity 1): 209 210 211 180 179 207 206 205 177 250 249 248 170 155 143 307 244 113 112 102 103  
119	19,5047335000	4943664,7599999990	415288,0000000000	1st path (commodity 0): 262 257 258 261 31 30  2nd path (commodity 0): 262 257 258 261 31 30 29 47 48 49 65 64 63 86 126 127 244 307 143  3rd path (commodity 0): 262 257 258 261 31 30 29 47 48 49 65 64 63 86 126 127  4th path (commodity 0): 262 257 258 261 31 30 29 47 48 49 65 64 63 86 126 127 244  5th path (commodity 1): 209 210 211 180 179 207 206 205 177  6th path (commodity 1): 209 210 211 180 179 207 206 205 177 250 249 248 170 155 143 307 244 113 112 102  
122	19,5115505000	4927023,7599999990	311466,0000000000	1st path (commodity 0): 262 257 258 261 31 30 29  2nd path (commodity 0): 262 257 258 261 31 30 29 47 48 49 65 64 63 86 126 127 244 307  3rd path (commodity 0): 262 257 258 261 31 30 29 47 48 49 65 64 63 86 126  4th path (commodity 0): 262 257 258 261 31 30 29 47 48 49 65 64 63 86 126 127 244 142  5th path (commodity 1): 209 210 211 180 179 207 206 205 177 250 249 248  6th path (commodity 1): 209 210 211 180 179 207 206 205 177 250 249 248 170 155 143 307 244 113 112  
125	19,4385452000	5242315,0799999990	401572,0800000000	1st path (commodity 0): 262 257 258 261 31 30 29  2nd path (commodity 0): 262 257 258 261 31 30 29 47 48 49 65 64 63 86 126 127  3rd path (commodity 0): 262 257 258 261 31 30 29 47 48 49 65 64 63 86 126  4th path (commodity 0): 262 257 258 261 31 30 29 47 48 49 65 64 63 86 126 127 244 142  5th path (commodity 1): 209 210 211 180 179 207 206 205 177 250  6th path (commodity 1): 209 210 211 180 179 207 206 205 177 250 249 248 170 155 143 307 244 113 114  
128	19,5115505000	4927023,7599999990	311466,0000000000	1st path (commodity 0): 262 257 258 261  2nd path (commodity 0): 262 257 258 261 31 30 29 47 48 49 65 64 63 86 126 127 244  3rd path (commodity 0): 262 257 258 261 31 30 29 47 48 49 65 64 63 86 126 127 244 142  4th path (commodity 0): 262 257 258 261 31 30 29 47 48 49 65 64 63 86 126 127 244  5th path (commodity 1): 209 210 211 180 179 207 206  6th path (commodity 1): 209 210 211 180 179 207 206 205 177 250 249 248 170 155 143 307 244 113 112 102  
129	19,4317282000	5258956,0799999990	415288,0000000000	1st path (commodity 0): 262 257 258 261 31 30 29 47 48  2nd path (commodity 0): 262 257 258 261 31 30 29 47 48 49 65 64 63 86 126 127 244 307  3rd path (commodity 0): 262 257 258 261 31 30 29 47 48 49 65 64 63 86 126 127 244  4th path (commodity 0): 262 257 258 261 31 30 29 47 48 49 65 64 63 86 126 127  5th path (commodity 1): 209 210 211 180 179 207 206 205 177 250  6th path (commodity 1): 209 210 211 180 179 207 206 205 177 250 249 248 170 155 143 307 244 113 114  
131	19,5047335000	4943664,7599999990	415288,0000000000	1st path (commodity 0): 262 257 258 261 31 30  2nd path (commodity 0): 262 257 258 261 31 30 29 47 48 49 65 64 63 86 126 127 244  3rd path (commodity 0): 262 257 258 261 31 30 29 47 48 49 65 64 63 86 126 127  4th path (commodity 0): 262 257 258 261 31 30 29 47 48 49 65 64 63 86 126 127 244  5th path (commodity 1): 209 210 211 180 179 207 206 205 177 250 249  6th path (commodity 1): 209 210 211 180 179 207 206 205 177 250 249 248 170 155 143 307 244 113 112 102  
133	19,5115505000	4927023,7599999990	311466,0000000000	1st path (commodity 0): 262 257 258 261  2nd path (commodity 0): 262 257 258 261 31 30 29 47 48 49 65 64 63 86 126 127 244  3rd path (commodity 0): 262 257 258 261 31 30 29 47 48 49 65 64 63 86 126 127 244 142  4th path (commodity 0): 262 257 258 261 31 30 29 47 48 49 65 64 63 86 126 127 244  5th path (commodity 1): 209 210 211 180 179 207 206 205 177  6th path (commodity 1): 209 210 211 180 179 207 206 205 177 250 249 248 170 155 143 307 244 113 112 102 103 104  
137	30,5819797000	5057336,7599999990	207644,0000000000	1st path (commodity 0): 262 257 258 261 31 30 29 47 46 45 231 62  2nd path (commodity 0): 262 257 258 261 31 30 29 47 48 49 65 64 63 86 126 127 244  3rd path (commodity 0): 262 257 258 261 31 30 29 47 48 49 65 64 63 86 126 127 244 142 143  4th path (commodity 0): 262 257 258 261 31 30 227 228 256 222 18 6 5 4 3 2 1 0 220 193 190  5th path (commodity 1): 209 210 211 180 179 207 206 205 177 250 249 248 170  6th path (commodity 1): 209 210 211 180 179 207 206 205 177 250 249 248 170 155 143 307 244 113 112 102  
139	19,9064154000	4851364,5799999990	415288,0000000000	1st path (commodity 0): 262 257 258 261  2nd path (commodity 0): 262 257 258 261 31 30 29 47 48 49 65 64 63  3rd path (commodity 0): 262 257 258 261 31 30 29 47 48 49 65 64  4th path (commodity 0): 262 257 258 261 31 30 29 47 48 49 65 64 63 86 126  5th path (commodity 1): 209 210 211 180 179 207 206  6th path (commodity 1): 209 210 211 180 179 207 206 205 177 250 249 248 170 155 143 307 244 113 114 296  
141	19,5047335000	4943664,7599999990	415288,0000000000	1st path (commodity 0): 262 257 258 261  2nd path (commodity 0): 262 257 258 261 31 30 29 47 48 49 65 64 63 86 126 127 244 307 143  3rd path (commodity 0): 262 257 258 261 31 30 29 47 48 49 65 64 63 86  4th path (commodity 0): 262 257 258 261 31 30 29 47 48 49 65 64 63 86 126 127 244  5th path (commodity 1): 209 210 211 180 179 207 206  6th path (commodity 1): 209 210 211 180 179 207 206 205 177 250 249 248 170 155 143 307 244 113 112 102  
143	19,5047335000	4943664,7599999990	415288,0000000000	1st path (commodity 0): 262 257 258 261 31 30 29  2nd path (commodity 0): 262 257 258 261 31 30 29 47 48 49 65 64 63 86 126 127 244 307  3rd path (commodity 0): 262 257 258 261 31 30 29 47 48 49 65 64 63 86 126  4th path (commodity 0): 262 257 258 261 31 30 29 47 48 49 65 64 63 86 126 127  5th path (commodity 1): 209 210 211 180 179 207 206 205  6th path (commodity 1): 209 210 211 180 179 207 206 205 177 250 249 248 170 155 143 307 244 113 112  
148	19,5183675000	4910382,7599999990	256724,0000000000	1st path (commodity 0): 262 257 258 261 31 30  2nd path (commodity 0): 262 257 258 261 31 30 29 47 48 49 65 64 63 86 126 127 244 307 143  3rd path (commodity 0): 262 257 258 261 31 30 29 47 48 49 65 64 63 86 126 127 244 142  4th path (commodity 0): 262 257 258 261 31 30 29 47 48 49 65 64 63 86 126 127 244 142 143  5th path (commodity 1): 209 210 211 180 179 207 206 205 177 250 249  6th path (commodity 1): 209 210 211 180 179 207 206 205 177 250 249 248 170 155 143 307 244 113 112 102  
150	19,5047335000	4943664,7599999990	415288,0000000000	1st path (commodity 0): 262 257 258 261 31  2nd path (commodity 0): 262 257 258 261 31 30 29 47 48 49 65 64 63 86 126 127 244 307  3rd path (commodity 0): 262 257 258 261 31 30 29 47 48 49 65 64 63 86 126  4th path (commodity 0): 262 257 258 261 31 30 29 47 48 49 65 64 63 86 126 127  5th path (commodity 1): 209 210 211 180 179 207 206 205 177 250  6th path (commodity 1): 209 210 211 180 179 207 206 205 177 250 249 248 170 155 143 307 244 113 112 102 103  
153	19,9132324000	4834723,5799999990	311466,0000000000	1st path (commodity 0): 262 257 258 261 31 30 29  2nd path (commodity 0): 262 257 258 261 31 30 29 47 48 49 65 64 63 86 126 127 244 307  3rd path (commodity 0): 262 257 258 261 31 30 29 47 48 49 65 64 63 86 126  4th path (commodity 0): 262 257 258 261 31 30 29 47 48 49 65 64 63 86 126 127 244 142  5th path (commodity 1): 209 210 211 180 179 207 206 205  6th path (commodity 1): 209 210 211 180 179 207 206 205 177 250 249 248 170 155 143 307 244 113 114 296 105  
156	19,5047335000	4943664,7599999990	415288,0000000000	1st path (commodity 0): 262 257 258 261 31  2nd path (commodity 0): 262 257 258 261 31 30 29 47 48 49 65 64 63 86 126 127 244 307  3rd path (commodity 0): 262 257 258 261 31 30 29 47 48 49 65 64 63 86 126  4th path (commodity 0): 262 257 258 261 31 30 29 47 48 49 65 64 63 86 126 127  5th path (commodity 1): 209 210 211 180 179 207 206 205  6th path (commodity 1): 209 210 211 180 179 207 206 205 177 250 249 248 170 155 143 307 244 113 112  
158	19,4317282000	5258956,0799999990	415288,0000000000	1st path (commodity 0): 262 257 258 261  2nd path (commodity 0): 262 257 258 261 31 30 29 47 48 49 65 64 63 86 126 127 244  3rd path (commodity 0): 262 257 258 261 31 30 29 47 48 49 65 64 63 86 126 127  4th path (commodity 0): 262 257 258 261 31 30 29 47 48 49 65 64 63 86 126  5th path (commodity 1): 209 210 211 180 179 207 206 205 177  6th path (commodity 1): 209 210 211 180 179 207 206 205 177 250 249 248 170 155 143 307 244 113  
159	19,6586542000	4887460,7599999990	273288,0000000000	1st path (commodity 0): 262 257 258 261 31 32  2nd path (commodity 0): 262 257 258 261 31 30 29 47 48 49 65 64 63 86 126 127 244 142 143  3rd path (commodity 0): 262 257 258 261 31 30 29 47 48 49 65 64 63 86 126 127 244 142  4th path (commodity 0): 262 257 258 261 31 30 29 47 48 49 65 64 63 86 126 127 244 142 143  5th path (commodity 1): 209 210 211 180 179 207 206  6th path (commodity 1): 209 210 211 180 179 207 206 205 177 250 249 248 170 155 143 307 244 113 112 102 103 104  
162	19,4385452000	5242315,0799999990	401572,0800000000	1st path (commodity 0): 262 257 258 261  2nd path (commodity 0): 262 257 258 261 31 30 29 47 48 49 65 64 63 86 126 127 244 307 143  3rd path (commodity 0): 262 257 258 261 31 30 29 47 48 49 65 64 63 86 126 127  4th path (commodity 0): 262 257 258 261 31 30 29 47 48 49 65 64 63 86 126 127 244 142 143  5th path (commodity 1): 209 210 211 180 179 207 206 205 177  6th path (commodity 1): 209 210 211 180 179 207 206 205 177 250 249 248 170 155 143 307 244 113  
164	19,4317282000	5258956,0799999990	415288,0000000000	1st path (commodity 0): 262 257 258 261 31  2nd path (commodity 0): 262 257 258 261 31 30 29 47 48 49 65 64 63 86 126 127  3rd path (commodity 0): 262 257 258 261 31 30 29 47 48 49 65 64 63  4th path (commodity 0): 262 257 258 261 31 30 29 47 48 49 65 64 63 86 126 127  5th path (commodity 1): 209 210 211 180 179 207  6th path (commodity 1): 209 210 211 180 179 207 206 205 177 250 249 248 170 155 143 307 244 113 114  
166	19,4317282000	5258956,0799999990	415288,0000000000	1st path (commodity 0): 262 257 258 261 31 30 29 47 48  2nd path (commodity 0): 262 257 258 261 31 30 29 47 48 49 65 64 63 86 126 127  3rd path (commodity 0): 262 257 258 261 31 30 29 47 48 49 65 64 63 86 126  4th path (commodity 0): 262 257 258 261 31 30 29 47 48 49 65 64 63 86 126 127  5th path (commodity 1): 209 210 211 180 179 207 206 205 177 250  6th path (commodity 1): 209 210 211 180 179 207 206 205 177 250 249 248 170 155 143 307 244 113 114  
167	30,5887967000	5040695,7599999990	200786,0400000000	1st path (commodity 0): 262 257 258 261 31 30 29 47 46 45 231 62 63  2nd path (commodity 0): 262 257 258 261 31 30 29 47 48 49 65 64 63 86 126 127 244 142  3rd path (commodity 0): 262 257 258 261 31 30 29 47 48 49 65 64 63 86 126 127 244 142  4th path (commodity 0): 262 257 258 261 31 30 227 228 256 222 18 6 5 4 3 2 1 0 220 193 190 189  5th path (commodity 1): 209 210 211 180 179 207 206 205 177 250 249 248  6th path (commodity 1): 209 210 211 180 179 207 206 205 177 250 249 248 170 155 143 307 244 113 112  
171	19,4453622000	5225674,0799999990	401572,0800000000	1st path (commodity 0): 262 257 258 261 31 30 29 47 48  2nd path (commodity 0): 262 257 258 261 31 30 29 47 48 49 65 64 63 86 126 127 244 307  3rd path (commodity 0): 262 257 258 261 31 30 29 47 48 49 65 64 63 86 126 127 244 142 143  4th path (commodity 0): 262 257 258 261 31 30 29 47 48 49 65 64 63 86 126 127 244 142  5th path (commodity 1): 209 210 211 180 179 207 206 205 177 250  6th path (commodity 1): 209 210 211 180 179 207 206 205 177 250 249 248 170 155 143 307 244  
173	19,4385452000	5242315,0799999990	401572,0800000000	1st path (commodity 0): 262 257 258 261 31 30  2nd path (commodity 0): 262 257 258 261 31 30 29 47 48 49 65 64 63 86 126 127 244  3rd path (commodity 0): 262 257 258 261 31 30 29 47 48 49 65 64 63 86 126 127 244 142  4th path (commodity 0): 262 257 258 261 31 30 29 47 48 49 65 64 63 86 126 127 244  5th path (commodity 1): 209 210 211 180 179 207 206 205 177 250 249  6th path (commodity 1): 209 210 211 180 179 207 206 205 177 250 249 248 170 155 143 307 244 113  
174	30,5819797000	5057336,7599999990	207644,0000000000	1st path (commodity 0): 262 257 258 261 31 30 29 47 46 45 231 62 63  2nd path (commodity 0): 262 257 258 261 31 30 29 47 48 49 65 64 63 86 126 127  3rd path (commodity 0): 262 257 258 261 31 30 29 47 48 49 65 64 63 86 126 127 244 142 143 172  4th path (commodity 0): 262 257 258 261 31 30 227 228 256 222 18 6 5 4 3 2 1 0 220 193  5th path (commodity 1): 209 210 211 180 179 207 206 205 177 250 249 248  6th path (commodity 1): 209 210 211 180 179 207 206 205 177 250 249 248 170 155 143 307 244 113 112  
176	19,4317282000	5258956,0799999990	415288,0000000000	1st path (commodity 0): 262 257 258 261  2nd path (commodity 0): 262 257 258 261 31 30 29 47 48 49 65 64 63 86 126 127 244 307 143  3rd path (commodity 0): 262 257 258 261 31 30 29 47 48 49 65 64 63 86  4th path (commodity 0): 262 257 258 261 31 30 29 47 48 49 65 64 63 86 126 127 244  5th path (commodity 1): 209 210 211 180 179 207 206 205 177  6th path (commodity 1): 209 210 211 180 179 207 206 205 177 250 249 248 170 155 143 307 244 113  
180	19,5115505000	4927023,7599999990	311466,0000000000	1st path (commodity 0): 262 257 258 261 31  2nd path (commodity 0): 262 257 258 261 31 30 29 47 48 49 65 64 63 86 126 127 244 307  3rd path (commodity 0): 262 257 258 261 31 30 29 47 48 49 65 64 63 86 126  4th path (commodity 0): 262 257 258 261 31 30 29 47 48 49 65 64 63 86 126 127 244 142 143 172  5th path (commodity 1): 209 210 211 180 179 207 206 205 177 250  6th path (commodity 1): 209 210 211 180 179 207 206 205 177 250 249 248 170 155 143 307 244 113 112  
181	19,4317282000	5258956,0799999990	415288,0000000000	1st path (commodity 0): 262 257 258 261 31 30  2nd path (commodity 0): 262 257 258 261 31 30 29 47 48 49 65 64 63 86 126 127 244  3rd path (commodity 0): 262 257 258 261 31 30 29 47 48 49 65 64 63 86  4th path (commodity 0): 262 257 258 261 31 30 29 47 48 49 65 64 63 86 126 127 244  5th path (commodity 1): 209 210 211 180 179 207 206 205 177  6th path (commodity 1): 209 210 211 180 179 207 206 205 177 250 249 248 170 155 143 307 244 113  
183	19,5115505000	4927023,7599999990	311466,0000000000	1st path (commodity 0): 262 257 258 261 31  2nd path (commodity 0): 262 257 258 261 31 30 29 47 48 49 65 64 63 86 126 127 244 307  3rd path (commodity 0): 262 257 258 261 31 30 29 47 48 49 65 64 63 86 126 127 244  4th path (commodity 0): 262 257 258 261 31 30 29 47 48 49 65 64 63 86 126 127 244 142  5th path (commodity 1): 209 210 211 180 179 207 206 205 177 250  6th path (commodity 1): 209 210 211 180 179 207 206 205 177 250 249 248 170 155 143 307 244 113 112  
184	19,4521792000	5209033,0799999990	401572,0800000000	1st path (commodity 0): 262 257 258 261  2nd path (commodity 0): 262 257 258 261 31 30 29 47 48 49 65 64 63 86 126 127 244 142 143  3rd path (commodity 0): 262 257 258 261 31 30 29 47 48 49 65 64 63 86 126 127 244 142  4th path (commodity 0): 262 257 258 261 31 30 29 47 48 49 65 64 63 86 126 127 244 142 143  5th path (commodity 1): 209 210 211 180 179 207 206 205 177  6th path (commodity 1): 209 210 211 180 179 207 206 205 177 250 249 248 170 155 143 307 244 113  
185	19,4317282000	5258956,0799999990	415288,0000000000	1st path (commodity 0): 262 257 258 261 31 30 29  2nd path (commodity 0): 262 257 258 261 31 30 29 47 48 49 65 64 63 86 126 127  3rd path (commodity 0): 262 257 258 261 31 30 29 47 48 49 65 64 63 86 126  4th path (commodity 0): 262 257 258 261 31 30 29 47 48 49 65 64 63 86 126 127  5th path (commodity 1): 209 210 211 180 179 207 206 205  6th path (commodity 1): 209 210 211 180 179 207 206 205 177 250 249 248 170 155 143 307 244 113 114  
187	19,4453622000	5225674,0799999990	401572,0800000000	1st path (commodity 0): 262 257 258 261 31 30 29 47  2nd path (commodity 0): 262 257 258 261 31 30 29 47 48 49 65 64 63 86 126 127 244 307 143  3rd path (commodity 0): 262 257 258 261 31 30 29 47 48 49 65 64 63 86 126 127 244 142 143 172  4th path (commodity 0): 262 257 258 261 31 30 29 47 48 49 65 64 63 86 126 127 244 142 143  5th path (commodity 1): 209 210 211 180 179 207 206 205 177 250 249  6th path (commodity 1): 209 210 211 180 179 207 206 205 177 250 249 248 170 155 143 307 244 113  
188	19,4317282000	5258956,0799999990	415288,0000000000	1st path (commodity 0): 262 257 258 261 31 30  2nd path (commodity 0): 262 257 258 261 31 30 29 47 48 49 65 64 63 86 126 127 244  3rd path (commodity 0): 262 257 258 261 31 30 29 47 48 49 65 64 63 86  4th path (commodity 0): 262 257 258 261 31 30 29 47 48 49 65 64 63 86 126 127 244  5th path (commodity 1): 209 210 211 180 179 207 206 205 177  6th path (commodity 1): 209 210 211 180 179 207 206 205 177 250 249 248 170 155 143 307 244 113  
189	19,5115505000	4927023,7599999990	311466,0000000000	1st path (commodity 0): 262 257 258 261 31 30  2nd path (commodity 0): 262 257 258 261 31 30 29 47 48 49 65 64 63 86 126 127 244 307 143  3rd path (commodity 0): 262 257 258 261 31 30 29 47 48 49 65 64 63 86 126 127 244 142  4th path (commodity 0): 262 257 258 261 31 30 29 47 48 49 65 64 63 86 126 127 244  5th path (commodity 1): 209 210 211 180 179 207 206 205 177  6th path (commodity 1): 209 210 211 180 179 207 206 205 177 250 249 248 170 155 143 307 244 113 112 102  
193	19,9132324000	4834723,5799999990	311466,0000000000	1st path (commodity 0): 262 257 258 261 31 30  2nd path (commodity 0): 262 257 258 261 31 30 29 47 48 49 65 64 63 86 126 127 244  3rd path (commodity 0): 262 257 258 261 31 30 29 47 48 49 65 64 63 86 126 127 244 142  4th path (commodity 0): 262 257 258 261 31 30 29 47 48 49 65 64 63 86 126 127 244  5th path (commodity 1): 209 210 211 180 179 207 206 205 177  6th path (commodity 1): 209 210 211 180 179 207 206 205 177 250 249 248 170 155 143 307 244 113 114 296  
195	19,4453622000	5225674,0799999990	401572,0800000000	1st path (commodity 0): 262 257 258 261  2nd path (commodity 0): 262 257 258 261 31 30 29 47 48 49 65 64 63 86 126 127 244  3rd path (commodity 0): 262 257 258 261 31 30 29 47 48 49 65 64 63 86 126 127 244 142 143 172  4th path (commodity 0): 262 257 258 261 31 30 29 47 48 49 65 64 63 86 126 127 244 142 143  5th path (commodity 1): 209 210 211 180 179 207 206 205 177  6th path (commodity 1): 209 210 211 180 179 207 206 205 177 250 249 248 170 155 143 307 244 113  
196	19,4317282000	5258956,0799999990	415288,0000000000	1st path (commodity 0): 262 257 258 261 31  2nd path (commodity 0): 262 257 258 261 31 30 29 47 48 49 65 64 63 86 126 127 244 307  3rd path (commodity 0): 262 257 258 261 31 30 29 47 48 49 65 64 63 86 126  4th path (commodity 0): 262 257 258 261 31 30 29 47 48 49 65 64 63 86 126 127 244 307  5th path (commodity 1): 209 210 211 180 179 207  6th path (commodity 1): 209 210 211 180 179 207 206 205 177 250 249 248 170 155 143 307 244  
197	19,4317282000	5258956,0799999990	415288,0000000000	1st path (commodity 0): 262 257 258 261 31 30 29  2nd path (commodity 0): 262 257 258 261 31 30 29 47 48 49 65 64 63 86 126 127  3rd path (commodity 0): 262 257 258 261 31 30 29 47 48 49 65 64 63 86 126 127 244  4th path (commodity 0): 262 257 258 261 31 30 29 47 48 49 65 64 63 86 126 127 244 307  5th path (commodity 1): 209 210 211 180 179 207 206 205  6th path (commodity 1): 209 210 211 180 179 207 206 205 177 250 249 248 170 155 143 307 244 113 114  
198	19,5047335000	4943664,7599999990	415288,0000000000	1st path (commodity 0): 262 257 258 261 31 30 29 47  2nd path (commodity 0): 262 257 258 261 31 30 29 47 48 49 65 64 63 86 126 127 244  3rd path (commodity 0): 262 257 258 261 31 30 29 47 48 49 65 64 63 86  4th path (commodity 0): 262 257 258 261 31 30 29 47 48 49 65 64 63 86 126  5th path (commodity 1): 209 210 211 180 179 207 206  6th path (commodity 1): 209 210 211 180 179 207 206 205 177 250 249 248 170 155 143 307 244 113 112 102  
END
