1.991972e+01 4.753022e+06 4.152880e+05 
1.980580e+01 4.865861e+06 4.152880e+05 
1.995203e+01 4.698444e+06 4.152880e+05 
1.980580e+01 4.865861e+06 4.152880e+05 
2.022091e+01 4.603561e+06 4.152880e+05 
1.965957e+01 5.033278e+06 4.152880e+05 
1.991972e+01 4.753022e+06 4.152880e+05 
1.990356e+01 4.780311e+06 4.152880e+05 
2.023706e+01 4.576272e+06 4.152880e+05 
2.358848e+01 4.355229e+06 4.152880e+05 
1.956180e+01 5.118828e+06 4.152880e+05 
2.360464e+01 4.327940e+06 4.152880e+05 
2.362080e+01 4.300651e+06 4.152880e+05 
2.018859e+01 4.658139e+06 4.152880e+05 
2.048978e+01 4.508678e+06 4.152880e+05 
2.362080e+01 4.300651e+06 4.152880e+05 
2.085387e+01 4.401282e+06 4.152880e+05 
1.943173e+01 5.258956e+06 4.152880e+05 
1.943173e+01 5.258956e+06 4.152880e+05 
1.943173e+01 5.258956e+06 4.152880e+05 
1.943173e+01 5.258956e+06 4.152880e+05 
1.943173e+01 5.258956e+06 4.152880e+05 
1.980580e+01 4.865861e+06 4.152880e+05 
2.360464e+01 4.327940e+06 4.152880e+05 
1.977349e+01 4.920439e+06 4.152880e+05 
1.988740e+01 4.807600e+06 4.152880e+05 
2.671950e+01 4.147201e+06 4.152880e+05 
2.358848e+01 4.355229e+06 4.152880e+05 
1.995203e+01 4.698444e+06 4.152880e+05 
2.023706e+01 4.576272e+06 4.152880e+05 
2.085387e+01 4.401282e+06 4.152880e+05 
2.670335e+01 4.174490e+06 4.152880e+05 
2.396873e+01 4.220544e+06 4.152880e+05 
2.085387e+01 4.401282e+06 4.152880e+05 
1.969188e+01 4.978700e+06 4.152880e+05 
2.395258e+01 4.247833e+06 4.152880e+05 
2.705128e+01 4.094383e+06 4.152880e+05 
2.358848e+01 4.355229e+06 4.152880e+05 
1.965957e+01 5.033278e+06 4.152880e+05 
1.967572e+01 5.005989e+06 4.152880e+05 
2.396873e+01 4.220544e+06 4.152880e+05 
2.668719e+01 4.201779e+06 4.152880e+05 
2.048978e+01 4.508678e+06 4.152880e+05 
1.956180e+01 5.118828e+06 4.152880e+05 
2.022091e+01 4.603561e+06 4.152880e+05 
1.954565e+01 5.146117e+06 4.152880e+05 
1.991972e+01 4.753022e+06 4.152880e+05 
1.993588e+01 4.725733e+06 4.152880e+05 
2.050594e+01 4.481389e+06 4.152880e+05 
1.982196e+01 4.838572e+06 4.152880e+05 
2.098734e+01 4.395001e+06 4.152880e+05 
2.670335e+01 4.174490e+06 4.152880e+05 
1.954565e+01 5.146117e+06 4.152880e+05 
1.954565e+01 5.146117e+06 4.152880e+05 
1.978964e+01 4.893150e+06 4.152880e+05 
2.048978e+01 4.508678e+06 4.152880e+05 
2.023706e+01 4.576272e+06 4.152880e+05 
2.020475e+01 4.630850e+06 4.152880e+05 
2.020475e+01 4.630850e+06 4.152880e+05 
1.967572e+01 5.005989e+06 4.152880e+05 
1.988740e+01 4.807600e+06 4.152880e+05 
2.085387e+01 4.401282e+06 4.152880e+05 
2.022091e+01 4.603561e+06 4.152880e+05 
1.965957e+01 5.033278e+06 4.152880e+05 
1.980580e+01 4.865861e+06 4.152880e+05 
1.977349e+01 4.920439e+06 4.152880e+05 
1.969188e+01 4.978700e+06 4.152880e+05 
1.952949e+01 5.208927e+06 4.152880e+05 
1.964341e+01 5.096088e+06 4.152880e+05 
2.360464e+01 4.327940e+06 4.152880e+05 
1.993588e+01 4.725733e+06 4.152880e+05 
1.954565e+01 5.146117e+06 4.152880e+05 
2.524924e+01 4.988486e+06 4.015721e+05 
1.967572e+01 5.005989e+06 4.152880e+05 
1.952949e+01 5.208927e+06 4.152880e+05 
1.964341e+01 5.096088e+06 4.152880e+05 
2.052209e+01 4.454100e+06 4.152880e+05 
1.956180e+01 5.118828e+06 4.152880e+05 
1.978964e+01 4.893150e+06 4.152880e+05 
2.358848e+01 4.355229e+06 4.152880e+05 
1.988740e+01 4.807600e+06 4.152880e+05 
1.977349e+01 4.920439e+06 4.152880e+05 
1.978964e+01 4.893150e+06 4.152880e+05 
1.954565e+01 5.146117e+06 4.152880e+05 
1.993588e+01 4.725733e+06 4.152880e+05 
2.171766e+01 5.114213e+06 4.015721e+05 
1.993588e+01 4.725733e+06 4.152880e+05 
1.990356e+01 4.780311e+06 4.152880e+05 
2.020475e+01 4.630850e+06 4.152880e+05 
1.952949e+01 5.208927e+06 4.152880e+05 
2.158420e+01 5.120494e+06 4.015721e+05 
1.991972e+01 4.753022e+06 4.152880e+05 
1.988740e+01 4.807600e+06 4.152880e+05 
1.967572e+01 5.005989e+06 4.152880e+05 
1.978964e+01 4.893150e+06 4.152880e+05 
1.980580e+01 4.865861e+06 4.152880e+05 
1.978964e+01 4.893150e+06 4.152880e+05 
1.956180e+01 5.118828e+06 4.152880e+05 
1.964341e+01 5.096088e+06 4.152880e+05 
1.993588e+01 4.725733e+06 4.152880e+05 

1.980580e+01 4.865861e+06 4.152880e+05 
1.978964e+01 4.893150e+06 4.152880e+05 
1.977349e+01 4.920439e+06 4.152880e+05 
2.608482e+01 4.500701e+06 4.152880e+05 
1.943173e+01 5.258956e+06 4.152880e+05 
1.943173e+01 5.258956e+06 4.152880e+05 
1.943173e+01 5.258956e+06 4.152880e+05 
1.943173e+01 5.258956e+06 4.152880e+05 
1.943173e+01 5.258956e+06 4.152880e+05 
2.316805e+01 4.566003e+06 4.152880e+05 
2.600321e+01 4.558962e+06 4.152880e+05 
2.301842e+01 4.599573e+06 4.152880e+05 
1.993588e+01 4.725733e+06 4.152880e+05 
2.610097e+01 4.473412e+06 4.152880e+05 
2.600321e+01 4.558962e+06 4.152880e+05 
2.600321e+01 4.558962e+06 4.152880e+05 
2.611713e+01 4.446123e+06 4.152880e+05 
2.601937e+01 4.531673e+06 4.152880e+05 
2.300227e+01 4.626862e+06 4.152880e+05 
2.613329e+01 4.418834e+06 4.152880e+05 
1.978964e+01 4.893150e+06 4.152880e+05 
1.964341e+01 5.096088e+06 4.152880e+05 
2.610097e+01 4.473412e+06 4.152880e+05 
2.292066e+01 4.685123e+06 4.152880e+05 
2.601937e+01 4.531673e+06 4.152880e+05 
2.300227e+01 4.626862e+06 4.152880e+05 
2.292066e+01 4.685123e+06 4.152880e+05 
2.298611e+01 4.654151e+06 4.152880e+05 
2.319915e+01 4.565209e+06 4.152880e+05 
2.600321e+01 4.558962e+06 4.152880e+05 
1.952949e+01 5.208927e+06 4.152880e+05 
2.292066e+01 4.685123e+06 4.152880e+05 
2.611713e+01 4.446123e+06 4.152880e+05 
2.298611e+01 4.654151e+06 4.152880e+05 
1.956180e+01 5.118828e+06 4.152880e+05 
1.991972e+01 4.753022e+06 4.152880e+05 
1.982196e+01 4.838572e+06 4.152880e+05 
2.614944e+01 4.391545e+06 4.152880e+05 
1.980580e+01 4.865861e+06 4.152880e+05 
1.964341e+01 5.096088e+06 4.152880e+05 
1.978964e+01 4.893150e+06 4.152880e+05 
1.954565e+01 5.146117e+06 4.152880e+05 
1.954565e+01 5.146117e+06 4.152880e+05 
2.610097e+01 4.473412e+06 4.152880e+05 
1.952949e+01 5.208927e+06 4.152880e+05 
2.608482e+01 4.500701e+06 4.152880e+05 
1.982196e+01 4.838572e+06 4.152880e+05 
2.303458e+01 4.572284e+06 4.152880e+05 
1.969188e+01 4.978700e+06 4.152880e+05 
2.300227e+01 4.626862e+06 4.152880e+05 
1.991972e+01 4.753022e+06 4.152880e+05 
1.956180e+01 5.118828e+06 4.152880e+05 
1.980580e+01 4.865861e+06 4.152880e+05 
1.990356e+01 4.780311e+06 4.152880e+05 
1.956180e+01 5.118828e+06 4.152880e+05 
1.956180e+01 5.118828e+06 4.152880e+05 
1.991972e+01 4.753022e+06 4.152880e+05 
2.613329e+01 4.418834e+06 4.152880e+05 
1.980580e+01 4.865861e+06 4.152880e+05 
2.303458e+01 4.572284e+06 4.152880e+05 
2.298611e+01 4.654151e+06 4.152880e+05 
2.292066e+01 4.685123e+06 4.152880e+05 
1.965957e+01 5.033278e+06 4.152880e+05 
2.601937e+01 4.531673e+06 4.152880e+05 
1.967572e+01 5.005989e+06 4.152880e+05 
1.967572e+01 5.005989e+06 4.152880e+05 
2.601937e+01 4.531673e+06 4.152880e+05 
1.978964e+01 4.893150e+06 4.152880e+05 
1.980580e+01 4.865861e+06 4.152880e+05 
2.316805e+01 4.566003e+06 4.152880e+05 
1.995203e+01 4.698444e+06 4.152880e+05 
2.300227e+01 4.626862e+06 4.152880e+05 
2.298611e+01 4.654151e+06 4.152880e+05 
1.952949e+01 5.208927e+06 4.152880e+05 
2.613329e+01 4.418834e+06 4.152880e+05 
1.965957e+01 5.033278e+06 4.152880e+05 
1.964341e+01 5.096088e+06 4.152880e+05 
1.967572e+01 5.005989e+06 4.152880e+05 
2.611713e+01 4.446123e+06 4.152880e+05 
2.600321e+01 4.558962e+06 4.152880e+05 
1.965957e+01 5.033278e+06 4.152880e+05 
1.952949e+01 5.208927e+06 4.152880e+05 
1.967572e+01 5.005989e+06 4.152880e+05 
1.977349e+01 4.920439e+06 4.152880e+05 
1.988740e+01 4.807600e+06 4.152880e+05 
1.988740e+01 4.807600e+06 4.152880e+05 
1.952949e+01 5.208927e+06 4.152880e+05 
1.954565e+01 5.146117e+06 4.152880e+05 
1.982196e+01 4.838572e+06 4.152880e+05 
1.956180e+01 5.118828e+06 4.152880e+05 
1.988740e+01 4.807600e+06 4.152880e+05 
2.303458e+01 4.572284e+06 4.152880e+05 
1.969188e+01 4.978700e+06 4.152880e+05 
1.969188e+01 4.978700e+06 4.152880e+05 
2.610097e+01 4.473412e+06 4.152880e+05 
1.954565e+01 5.146117e+06 4.152880e+05 
1.965957e+01 5.033278e+06 4.152880e+05 
1.978964e+01 4.893150e+06 4.152880e+05 
1.969188e+01 4.978700e+06 4.152880e+05 
2.611713e+01 4.446123e+06 4.152880e+05 

2.301842e+01 4.599573e+06 4.152880e+05 
2.610097e+01 4.473412e+06 4.152880e+05 
1.978964e+01 4.893150e+06 4.152880e+05 
2.305074e+01 4.544995e+06 4.152880e+05 
1.995203e+01 4.698444e+06 4.152880e+05 
2.614944e+01 4.391545e+06 4.152880e+05 
2.608482e+01 4.500701e+06 4.152880e+05 
2.301842e+01 4.599573e+06 4.152880e+05 
1.943173e+01 5.258956e+06 4.152880e+05 
1.943173e+01 5.258956e+06 4.152880e+05 
1.943173e+01 5.258956e+06 4.152880e+05 
1.943173e+01 5.258956e+06 4.152880e+05 
1.943173e+01 5.258956e+06 4.152880e+05 
1.943173e+01 5.258956e+06 4.152880e+05 
2.613329e+01 4.418834e+06 4.152880e+05 
1.978964e+01 4.893150e+06 4.152880e+05 
1.991972e+01 4.753022e+06 4.152880e+05 
2.601937e+01 4.531673e+06 4.152880e+05 
2.303458e+01 4.572284e+06 4.152880e+05 
2.300227e+01 4.626862e+06 4.152880e+05 
2.601937e+01 4.531673e+06 4.152880e+05 
1.990356e+01 4.780311e+06 4.152880e+05 
1.991972e+01 4.753022e+06 4.152880e+05 
1.982196e+01 4.838572e+06 4.152880e+05 
1.988740e+01 4.807600e+06 4.152880e+05 
2.608482e+01 4.500701e+06 4.152880e+05 
1.969188e+01 4.978700e+06 4.152880e+05 
2.608482e+01 4.500701e+06 4.152880e+05 
2.610097e+01 4.473412e+06 4.152880e+05 
1.995203e+01 4.698444e+06 4.152880e+05 
2.300227e+01 4.626862e+06 4.152880e+05 
1.990356e+01 4.780311e+06 4.152880e+05 
1.980580e+01 4.865861e+06 4.152880e+05 
1.993588e+01 4.725733e+06 4.152880e+05 
1.980580e+01 4.865861e+06 4.152880e+05 
2.611713e+01 4.446123e+06 4.152880e+05 
1.977349e+01 4.920439e+06 4.152880e+05 
1.990356e+01 4.780311e+06 4.152880e+05 
1.967572e+01 5.005989e+06 4.152880e+05 
1.969188e+01 4.978700e+06 4.152880e+05 
1.993588e+01 4.725733e+06 4.152880e+05 
1.967572e+01 5.005989e+06 4.152880e+05 
1.991972e+01 4.753022e+06 4.152880e+05 
2.298611e+01 4.654151e+06 4.152880e+05 
2.300227e+01 4.626862e+06 4.152880e+05 
1.967572e+01 5.005989e+06 4.152880e+05 
1.993588e+01 4.725733e+06 4.152880e+05 
2.610097e+01 4.473412e+06 4.152880e+05 
1.952949e+01 5.208927e+06 4.152880e+05 
1.954565e+01 5.146117e+06 4.152880e+05 
1.954565e+01 5.146117e+06 4.152880e+05 
1.969188e+01 4.978700e+06 4.152880e+05 
2.298611e+01 4.654151e+06 4.152880e+05 
1.964341e+01 5.096088e+06 4.152880e+05 
1.969188e+01 4.978700e+06 4.152880e+05 
2.301842e+01 4.599573e+06 4.152880e+05 
1.954565e+01 5.146117e+06 4.152880e+05 
1.969188e+01 4.978700e+06 4.152880e+05 
1.956180e+01 5.118828e+06 4.152880e+05 
1.978964e+01 4.893150e+06 4.152880e+05 
1.964341e+01 5.096088e+06 4.152880e+05 
1.965957e+01 5.033278e+06 4.152880e+05 
2.303458e+01 4.572284e+06 4.152880e+05 
2.303458e+01 4.572284e+06 4.152880e+05 
1.952949e+01 5.208927e+06 4.152880e+05 
2.305074e+01 4.544995e+06 4.152880e+05 
1.965957e+01 5.033278e+06 4.152880e+05 
1.952949e+01 5.208927e+06 4.152880e+05 
1.956180e+01 5.118828e+06 4.152880e+05 
1.980580e+01 4.865861e+06 4.152880e+05 
1.956180e+01 5.118828e+06 4.152880e+05 
2.611713e+01 4.446123e+06 4.152880e+05 
1.980580e+01 4.865861e+06 4.152880e+05 
1.991972e+01 4.753022e+06 4.152880e+05 
1.980580e+01 4.865861e+06 4.152880e+05 
1.954565e+01 5.146117e+06 4.152880e+05 
1.978964e+01 4.893150e+06 4.152880e+05 
1.967572e+01 5.005989e+06 4.152880e+05 
1.952949e+01 5.208927e+06 4.152880e+05 
1.978964e+01 4.893150e+06 4.152880e+05 
1.991972e+01 4.753022e+06 4.152880e+05 
1.956180e+01 5.118828e+06 4.152880e+05 
1.982196e+01 4.838572e+06 4.152880e+05 
2.300227e+01 4.626862e+06 4.152880e+05 
2.303458e+01 4.572284e+06 4.152880e+05 
1.965957e+01 5.033278e+06 4.152880e+05 
1.993588e+01 4.725733e+06 4.152880e+05 
1.952949e+01 5.208927e+06 4.152880e+05 
1.982196e+01 4.838572e+06 4.152880e+05 
2.292066e+01 4.685123e+06 4.152880e+05 
1.965957e+01 5.033278e+06 4.152880e+05 
1.964341e+01 5.096088e+06 4.152880e+05 
1.969188e+01 4.978700e+06 4.152880e+05 
2.611713e+01 4.446123e+06 4.152880e+05 
2.301842e+01 4.599573e+06 4.152880e+05 
1.965957e+01 5.033278e+06 4.152880e+05 
1.954565e+01 5.146117e+06 4.152880e+05 
2.301842e+01 4.599573e+06 4.152880e+05 
1.956180e+01 5.118828e+06 4.152880e+05 
1.952949e+01 5.208927e+06 4.152880e+05 

2.020475e+01 4.630850e+06 4.152880e+05 
2.649738e+01 4.311438e+06 4.152880e+05 
2.377377e+01 4.523039e+06 4.015721e+05 
2.794492e+01 4.242658e+06 4.015721e+05 
2.487853e+01 4.341530e+06 4.015721e+05 
2.487171e+01 4.358171e+06 4.152880e+05 
2.486237e+01 4.368819e+06 4.015721e+05 
2.796108e+01 4.215369e+06 4.015721e+05 
2.468662e+01 4.487800e+06 4.015721e+05 
2.325926e+01 4.615664e+06 4.015721e+05 
2.208243e+01 5.126433e+06 4.015721e+05 
2.226316e+01 5.092069e+06 4.015721e+05 
1.943173e+01 5.258956e+06 4.152880e+05 
1.943173e+01 5.258956e+06 4.152880e+05 
1.943173e+01 5.258956e+06 4.152880e+05 
1.943173e+01 5.258956e+06 4.152880e+05 
2.648122e+01 4.338727e+06 4.152880e+05 
2.347400e+01 4.536829e+06 4.015721e+05 
2.797042e+01 4.204721e+06 4.152880e+05 
2.483940e+01 4.412749e+06 4.152880e+05 
1.965957e+01 5.033278e+06 4.152880e+05 
1.954565e+01 5.146117e+06 4.152880e+05 
1.995203e+01 4.698444e+06 4.152880e+05 
2.483006e+01 4.458918e+06 4.015721e+05 
2.174069e+01 4.566198e+06 4.152880e+05 
2.487171e+01 4.358171e+06 4.152880e+05 
1.978964e+01 4.893150e+06 4.152880e+05 
2.338252e+01 4.492177e+06 4.152880e+05 
2.485556e+01 4.385460e+06 4.152880e+05 
2.175685e+01 4.538909e+06 4.152880e+05 
2.487171e+01 4.358171e+06 4.152880e+05 
2.177301e+01 4.511620e+06 4.152880e+05 
1.990356e+01 4.780311e+06 4.152880e+05 
2.487171e+01 4.358171e+06 4.152880e+05 
2.483940e+01 4.412749e+06 4.152880e+05 
1.964341e+01 5.096088e+06 4.152880e+05 
1.978964e+01 4.893150e+06 4.152880e+05 
1.969188e+01 4.978700e+06 4.152880e+05 
1.980580e+01 4.865861e+06 4.152880e+05 
2.175685e+01 4.538909e+06 4.152880e+05 
2.485556e+01 4.385460e+06 4.152880e+05 
2.177301e+01 4.511620e+06 4.152880e+05 
2.795426e+01 4.232010e+06 4.152880e+05 
2.201153e+01 5.249856e+06 4.015721e+05 
1.969188e+01 4.978700e+06 4.152880e+05 
2.175685e+01 4.538909e+06 4.152880e+05 
2.338252e+01 4.492177e+06 4.152880e+05 
2.029997e+01 4.618337e+06 4.152880e+05 
2.793810e+01 4.259299e+06 4.152880e+05 
2.174069e+01 4.566198e+06 4.152880e+05 
2.177301e+01 4.511620e+06 4.152880e+05 
1.956180e+01 5.118828e+06 4.152880e+05 
2.484622e+01 4.396108e+06 4.015721e+05 
1.965957e+01 5.033278e+06 4.152880e+05 
1.943173e+01 5.258956e+06 4.152880e+05 
1.978964e+01 4.893150e+06 4.152880e+05 
1.965957e+01 5.033278e+06 4.152880e+05 
1.988740e+01 4.807600e+06 4.152880e+05 
1.988740e+01 4.807600e+06 4.152880e+05 
2.797042e+01 4.204721e+06 4.152880e+05 
1.964341e+01 5.096088e+06 4.152880e+05 
1.952949e+01 5.208927e+06 4.152880e+05 
1.952949e+01 5.208927e+06 4.152880e+05 
1.969188e+01 4.978700e+06 4.152880e+05 
1.982196e+01 4.838572e+06 4.152880e+05 
1.952949e+01 5.208927e+06 4.152880e+05 
2.483940e+01 4.412749e+06 4.152880e+05 
1.967572e+01 5.005989e+06 4.152880e+05 
1.967572e+01 5.005989e+06 4.152880e+05 
1.952949e+01 5.208927e+06 4.152880e+05 
1.977349e+01 4.920439e+06 4.152880e+05 
2.793810e+01 4.259299e+06 4.152880e+05 
1.982196e+01 4.838572e+06 4.152880e+05 
1.956180e+01 5.118828e+06 4.152880e+05 
2.338252e+01 4.492177e+06 4.152880e+05 
1.988740e+01 4.807600e+06 4.152880e+05 
2.485556e+01 4.385460e+06 4.152880e+05 
2.797042e+01 4.204721e+06 4.152880e+05 
1.967572e+01 5.005989e+06 4.152880e+05 
1.982196e+01 4.838572e+06 4.152880e+05 
2.487171e+01 4.358171e+06 4.152880e+05 
1.956180e+01 5.118828e+06 4.152880e+05 
1.977349e+01 4.920439e+06 4.152880e+05 
1.991972e+01 4.753022e+06 4.152880e+05 
1.954565e+01 5.146117e+06 4.152880e+05 
1.954565e+01 5.146117e+06 4.152880e+05 
1.978964e+01 4.893150e+06 4.152880e+05 
1.977349e+01 4.920439e+06 4.152880e+05 
2.338252e+01 4.492177e+06 4.152880e+05 
1.954565e+01 5.146117e+06 4.152880e+05 
2.649738e+01 4.311438e+06 4.152880e+05 
1.980580e+01 4.865861e+06 4.152880e+05 
1.964341e+01 5.096088e+06 4.152880e+05 
2.339867e+01 4.464888e+06 4.152880e+05 
2.474845e+01 4.481658e+06 4.015721e+05 
1.990356e+01 4.780311e+06 4.152880e+05 
2.175685e+01 4.538909e+06 4.152880e+05 
1.980580e+01 4.865861e+06 4.152880e+05 
1.965957e+01 5.033278e+06 4.152880e+05 
2.174069e+01 4.566198e+06 4.152880e+05 

2.290451e+01 4.712412e+06 4.152880e+05 
2.305074e+01 4.544995e+06 4.152880e+05 
2.611713e+01 4.446123e+06 4.152880e+05 
2.290451e+01 4.712412e+06 4.152880e+05 
2.298611e+01 4.654151e+06 4.152880e+05 
2.006935e+01 4.719452e+06 4.152880e+05 
2.613329e+01 4.418834e+06 4.152880e+05 
1.943173e+01 5.258956e+06 4.152880e+05 
1.943173e+01 5.258956e+06 4.152880e+05 
1.943173e+01 5.258956e+06 4.152880e+05 
1.943173e+01 5.258956e+06 4.152880e+05 
1.943173e+01 5.258956e+06 4.152880e+05 
2.010044e+01 4.718658e+06 4.152880e+05 
1.978964e+01 4.893150e+06 4.152880e+05 
2.290451e+01 4.712412e+06 4.152880e+05 
2.601937e+01 4.531673e+06 4.152880e+05 
2.301842e+01 4.599573e+06 4.152880e+05 
2.610097e+01 4.473412e+06 4.152880e+05 
2.301842e+01 4.599573e+06 4.152880e+05 
2.290451e+01 4.712412e+06 4.152880e+05 
1.982196e+01 4.838572e+06 4.152880e+05 
2.305074e+01 4.544995e+06 4.152880e+05 
1.982196e+01 4.838572e+06 4.152880e+05 
2.298611e+01 4.654151e+06 4.152880e+05 
2.300227e+01 4.626862e+06 4.152880e+05 
2.610097e+01 4.473412e+06 4.152880e+05 
2.610097e+01 4.473412e+06 4.152880e+05 
2.611713e+01 4.446123e+06 4.152880e+05 
1.977349e+01 4.920439e+06 4.152880e+05 
1.991972e+01 4.753022e+06 4.152880e+05 
2.290451e+01 4.712412e+06 4.152880e+05 
1.991972e+01 4.753022e+06 4.152880e+05 
1.969188e+01 4.978700e+06 4.152880e+05 
1.993588e+01 4.725733e+06 4.152880e+05 
1.991972e+01 4.753022e+06 4.152880e+05 
1.969188e+01 4.978700e+06 4.152880e+05 
1.993588e+01 4.725733e+06 4.152880e+05 
2.300227e+01 4.626862e+06 4.152880e+05 
1.956180e+01 5.118828e+06 4.152880e+05 
2.300227e+01 4.626862e+06 4.152880e+05 
2.610097e+01 4.473412e+06 4.152880e+05 
2.613329e+01 4.418834e+06 4.152880e+05 
2.303458e+01 4.572284e+06 4.152880e+05 
2.611713e+01 4.446123e+06 4.152880e+05 
1.993588e+01 4.725733e+06 4.152880e+05 
2.303458e+01 4.572284e+06 4.152880e+05 
2.601937e+01 4.531673e+06 4.152880e+05 
1.954565e+01 5.146117e+06 4.152880e+05 
1.965957e+01 5.033278e+06 4.152880e+05 
1.993588e+01 4.725733e+06 4.152880e+05 
1.964341e+01 5.096088e+06 4.152880e+05 
2.601937e+01 4.531673e+06 4.152880e+05 
2.303458e+01 4.572284e+06 4.152880e+05 
1.990356e+01 4.780311e+06 4.152880e+05 
2.292066e+01 4.685123e+06 4.152880e+05 
1.956180e+01 5.118828e+06 4.152880e+05 
2.303458e+01 4.572284e+06 4.152880e+05 
1.967572e+01 5.005989e+06 4.152880e+05 
2.613329e+01 4.418834e+06 4.152880e+05 
2.301842e+01 4.599573e+06 4.152880e+05 
1.990356e+01 4.780311e+06 4.152880e+05 
1.954565e+01 5.146117e+06 4.152880e+05 
1.969188e+01 4.978700e+06 4.152880e+05 
1.952949e+01 5.208927e+06 4.152880e+05 
2.608482e+01 4.500701e+06 4.152880e+05 
1.969188e+01 4.978700e+06 4.152880e+05 
1.978964e+01 4.893150e+06 4.152880e+05 
2.305074e+01 4.544995e+06 4.152880e+05 
1.978964e+01 4.893150e+06 4.152880e+05 
2.006935e+01 4.719452e+06 4.152880e+05 
1.990356e+01 4.780311e+06 4.152880e+05 
1.952949e+01 5.208927e+06 4.152880e+05 
1.964341e+01 5.096088e+06 4.152880e+05 
1.965957e+01 5.033278e+06 4.152880e+05 
1.967572e+01 5.005989e+06 4.152880e+05 
1.980580e+01 4.865861e+06 4.152880e+05 
1.954565e+01 5.146117e+06 4.152880e+05 
1.952949e+01 5.208927e+06 4.152880e+05 
1.964341e+01 5.096088e+06 4.152880e+05 
2.613329e+01 4.418834e+06 4.152880e+05 
1.954565e+01 5.146117e+06 4.152880e+05 
1.952949e+01 5.208927e+06 4.152880e+05 
2.292066e+01 4.685123e+06 4.152880e+05 
2.610097e+01 4.473412e+06 4.152880e+05 
2.292066e+01 4.685123e+06 4.152880e+05 
2.292066e+01 4.685123e+06 4.152880e+05 
1.988740e+01 4.807600e+06 4.152880e+05 
1.991972e+01 4.753022e+06 4.152880e+05 
2.601937e+01 4.531673e+06 4.152880e+05 
1.965957e+01 5.033278e+06 4.152880e+05 
1.978964e+01 4.893150e+06 4.152880e+05 
2.614944e+01 4.391545e+06 4.152880e+05 
1.977349e+01 4.920439e+06 4.152880e+05 
1.980580e+01 4.865861e+06 4.152880e+05 
1.980580e+01 4.865861e+06 4.152880e+05 
1.965957e+01 5.033278e+06 4.152880e+05 
1.956180e+01 5.118828e+06 4.152880e+05 
1.967572e+01 5.005989e+06 4.152880e+05 
1.967572e+01 5.005989e+06 4.152880e+05 
1.954565e+01 5.146117e+06 4.152880e+05 

1.993588e+01 4.725733e+06 4.152880e+05 
2.328730e+01 4.504690e+06 4.152880e+05 
2.406609e+01 5.142035e+06 4.015721e+05 
2.404994e+01 5.169324e+06 4.015721e+05 
1.965957e+01 5.033278e+06 4.152880e+05 
2.613329e+01 4.418834e+06 4.152880e+05 
1.967572e+01 5.005989e+06 4.152880e+05 
1.965957e+01 5.033278e+06 4.152880e+05 
2.641832e+01 4.296662e+06 4.152880e+05 
2.333577e+01 4.422823e+06 4.152880e+05 
2.328730e+01 4.504690e+06 4.152880e+05 
2.330345e+01 4.477401e+06 4.152880e+05 
1.943173e+01 5.258956e+06 4.152880e+05 
1.943173e+01 5.258956e+06 4.152880e+05 
1.943173e+01 5.258956e+06 4.152880e+05 
1.943173e+01 5.258956e+06 4.152880e+05 
1.943173e+01 5.258956e+06 4.152880e+05 
1.943173e+01 5.258956e+06 4.152880e+05 
1.943173e+01 5.258956e+06 4.152880e+05 
1.943173e+01 5.258956e+06 4.152880e+05 
1.943173e+01 5.258956e+06 4.152880e+05 
2.630440e+01 4.409501e+06 4.152880e+05 
2.641832e+01 4.296662e+06 4.152880e+05 
2.301842e+01 4.599573e+06 4.152880e+05 
2.643447e+01 4.269373e+06 4.152880e+05 
1.993588e+01 4.725733e+06 4.152880e+05 
1.991972e+01 4.753022e+06 4.152880e+05 
2.301842e+01 4.599573e+06 4.152880e+05 
2.022091e+01 4.603561e+06 4.152880e+05 
1.954565e+01 5.146117e+06 4.152880e+05 
2.380594e+01 5.422291e+06 4.015721e+05 
1.969188e+01 4.978700e+06 4.152880e+05 
1.991972e+01 4.753022e+06 4.152880e+05 
2.630440e+01 4.409501e+06 4.152880e+05 
2.331961e+01 4.450112e+06 4.152880e+05 
2.022091e+01 4.603561e+06 4.152880e+05 
2.301842e+01 4.599573e+06 4.152880e+05 
2.661382e+01 5.024314e+06 4.015721e+05 
2.380594e+01 5.422291e+06 4.015721e+05 
2.301842e+01 4.599573e+06 4.152880e+05 
1.969188e+01 4.978700e+06 4.152880e+05 
2.638600e+01 4.351240e+06 4.152880e+05 
1.988740e+01 4.807600e+06 4.152880e+05 
1.993588e+01 4.725733e+06 4.152880e+05 
2.613329e+01 4.418834e+06 4.152880e+05 
1.965957e+01 5.033278e+06 4.152880e+05 
1.991972e+01 4.753022e+06 4.152880e+05 
2.305074e+01 4.544995e+06 4.152880e+05 
1.978964e+01 4.893150e+06 4.152880e+05 
1.977349e+01 4.920439e+06 4.152880e+05 
1.956180e+01 5.118828e+06 4.152880e+05 
1.993588e+01 4.725733e+06 4.152880e+05 
1.991972e+01 4.753022e+06 4.152880e+05 
1.952949e+01 5.208927e+06 4.152880e+05 
1.954565e+01 5.146117e+06 4.152880e+05 
2.330345e+01 4.477401e+06 4.152880e+05 
2.328730e+01 4.504690e+06 4.152880e+05 
1.967572e+01 5.005989e+06 4.152880e+05 
2.640216e+01 4.323951e+06 4.152880e+05 
2.303458e+01 4.572284e+06 4.152880e+05 
1.980580e+01 4.865861e+06 4.152880e+05 
1.988740e+01 4.807600e+06 4.152880e+05 
1.982196e+01 4.838572e+06 4.152880e+05 
2.649990e+01 5.137153e+06 4.015721e+05 
1.964341e+01 5.096088e+06 4.152880e+05 
1.965957e+01 5.033278e+06 4.152880e+05 
1.978964e+01 4.893150e+06 4.152880e+05 
1.982196e+01 4.838572e+06 4.152880e+05 
2.331961e+01 4.450112e+06 4.152880e+05 
2.020475e+01 4.630850e+06 4.152880e+05 
2.301842e+01 4.599573e+06 4.152880e+05 
1.980580e+01 4.865861e+06 4.152880e+05 
1.952949e+01 5.208927e+06 4.152880e+05 
1.977349e+01 4.920439e+06 4.152880e+05 
2.018859e+01 4.658139e+06 4.152880e+05 
2.301842e+01 4.599573e+06 4.152880e+05 
2.640216e+01 4.323951e+06 4.152880e+05 
1.956180e+01 5.118828e+06 4.152880e+05 
2.640216e+01 4.323951e+06 4.152880e+05 
1.965957e+01 5.033278e+06 4.152880e+05 
1.952949e+01 5.208927e+06 4.152880e+05 
1.967572e+01 5.005989e+06 4.152880e+05 
2.641832e+01 4.296662e+06 4.152880e+05 
1.990356e+01 4.780311e+06 4.152880e+05 
1.995203e+01 4.698444e+06 4.152880e+05 
2.630440e+01 4.409501e+06 4.152880e+05 
1.954565e+01 5.146117e+06 4.152880e+05 
1.980580e+01 4.865861e+06 4.152880e+05 
1.964341e+01 5.096088e+06 4.152880e+05 
1.977349e+01 4.920439e+06 4.152880e+05 
1.956180e+01 5.118828e+06 4.152880e+05 
1.967572e+01 5.005989e+06 4.152880e+05 
2.641832e+01 4.296662e+06 4.152880e+05 
1.990356e+01 4.780311e+06 4.152880e+05 
1.978964e+01 4.893150e+06 4.152880e+05 
1.952949e+01 5.208927e+06 4.152880e+05 
1.964341e+01 5.096088e+06 4.152880e+05 
1.956180e+01 5.118828e+06 4.152880e+05 
2.613329e+01 4.418834e+06 4.152880e+05 
2.636357e+01 4.392796e+06 4.152880e+05 

1.993588e+01 4.725733e+06 4.152880e+05 
2.611713e+01 4.446123e+06 4.152880e+05 
1.990356e+01 4.780311e+06 4.152880e+05 
2.613329e+01 4.418834e+06 4.152880e+05 
1.943173e+01 5.258956e+06 4.152880e+05 
1.943173e+01 5.258956e+06 4.152880e+05 
1.943173e+01 5.258956e+06 4.152880e+05 
1.943173e+01 5.258956e+06 4.152880e+05 
1.943173e+01 5.258956e+06 4.152880e+05 
1.965957e+01 5.033278e+06 4.152880e+05 
2.608482e+01 4.500701e+06 4.152880e+05 
2.301842e+01 4.599573e+06 4.152880e+05 
2.298611e+01 4.654151e+06 4.152880e+05 
2.629786e+01 4.411759e+06 4.152880e+05 
1.980580e+01 4.865861e+06 4.152880e+05 
2.292066e+01 4.685123e+06 4.152880e+05 
2.610097e+01 4.473412e+06 4.152880e+05 
2.608482e+01 4.500701e+06 4.152880e+05 
2.303458e+01 4.572284e+06 4.152880e+05 
2.292066e+01 4.685123e+06 4.152880e+05 
1.977349e+01 4.920439e+06 4.152880e+05 
1.967572e+01 5.005989e+06 4.152880e+05 
1.988740e+01 4.807600e+06 4.152880e+05 
2.600321e+01 4.558962e+06 4.152880e+05 
2.301842e+01 4.599573e+06 4.152880e+05 
1.988740e+01 4.807600e+06 4.152880e+05 
1.964341e+01 5.096088e+06 4.152880e+05 
2.303458e+01 4.572284e+06 4.152880e+05 
2.006935e+01 4.719452e+06 4.152880e+05 
1.991972e+01 4.753022e+06 4.152880e+05 
2.600321e+01 4.558962e+06 4.152880e+05 
1.978964e+01 4.893150e+06 4.152880e+05 
1.982196e+01 4.838572e+06 4.152880e+05 
1.982196e+01 4.838572e+06 4.152880e+05 
1.977349e+01 4.920439e+06 4.152880e+05 
2.600321e+01 4.558962e+06 4.152880e+05 
1.977349e+01 4.920439e+06 4.152880e+05 
1.980580e+01 4.865861e+06 4.152880e+05 
1.978964e+01 4.893150e+06 4.152880e+05 
2.608482e+01 4.500701e+06 4.152880e+05 
2.301842e+01 4.599573e+06 4.152880e+05 
1.990356e+01 4.780311e+06 4.152880e+05 
2.600321e+01 4.558962e+06 4.152880e+05 
1.988740e+01 4.807600e+06 4.152880e+05 
1.964341e+01 5.096088e+06 4.152880e+05 
1.967572e+01 5.005989e+06 4.152880e+05 
1.977349e+01 4.920439e+06 4.152880e+05 
2.298611e+01 4.654151e+06 4.152880e+05 
1.964341e+01 5.096088e+06 4.152880e+05 
2.576875e+01 4.568946e+06 4.152880e+05 
1.952949e+01 5.208927e+06 4.152880e+05 
2.601937e+01 4.531673e+06 4.152880e+05 
2.290451e+01 4.712412e+06 4.152880e+05 
2.300227e+01 4.626862e+06 4.152880e+05 
2.626676e+01 4.412553e+06 4.152880e+05 
2.608482e+01 4.500701e+06 4.152880e+05 
1.990356e+01 4.780311e+06 4.152880e+05 
1.956180e+01 5.118828e+06 4.152880e+05 
2.300227e+01 4.626862e+06 4.152880e+05 
1.952949e+01 5.208927e+06 4.152880e+05 
1.991972e+01 4.753022e+06 4.152880e+05 
2.611713e+01 4.446123e+06 4.152880e+05 
1.969188e+01 4.978700e+06 4.152880e+05 
1.954565e+01 5.146117e+06 4.152880e+05 
2.290451e+01 4.712412e+06 4.152880e+05 
2.611713e+01 4.446123e+06 4.152880e+05 
1.969188e+01 4.978700e+06 4.152880e+05 
1.952949e+01 5.208927e+06 4.152880e+05 
1.965957e+01 5.033278e+06 4.152880e+05 
1.964341e+01 5.096088e+06 4.152880e+05 
1.990356e+01 4.780311e+06 4.152880e+05 
1.956180e+01 5.118828e+06 4.152880e+05 
1.967572e+01 5.005989e+06 4.152880e+05 
1.978964e+01 4.893150e+06 4.152880e+05 
2.301842e+01 4.599573e+06 4.152880e+05 
1.969188e+01 4.978700e+06 4.152880e+05 
2.300227e+01 4.626862e+06 4.152880e+05 
2.300227e+01 4.626862e+06 4.152880e+05 
2.290451e+01 4.712412e+06 4.152880e+05 
1.965957e+01 5.033278e+06 4.152880e+05 
1.980580e+01 4.865861e+06 4.152880e+05 
2.608482e+01 4.500701e+06 4.152880e+05 
1.956180e+01 5.118828e+06 4.152880e+05 
1.954565e+01 5.146117e+06 4.152880e+05 
1.956180e+01 5.118828e+06 4.152880e+05 
1.954565e+01 5.146117e+06 4.152880e+05 
1.988740e+01 4.807600e+06 4.152880e+05 
1.980580e+01 4.865861e+06 4.152880e+05 
1.954565e+01 5.146117e+06 4.152880e+05 
1.952949e+01 5.208927e+06 4.152880e+05 
1.991972e+01 4.753022e+06 4.152880e+05 
1.969188e+01 4.978700e+06 4.152880e+05 
1.967572e+01 5.005989e+06 4.152880e+05 
1.952949e+01 5.208927e+06 4.152880e+05 
1.965957e+01 5.033278e+06 4.152880e+05 
2.613329e+01 4.418834e+06 4.152880e+05 
1.980580e+01 4.865861e+06 4.152880e+05 
2.300227e+01 4.626862e+06 4.152880e+05 
1.988740e+01 4.807600e+06 4.152880e+05 
2.298611e+01 4.654151e+06 4.152880e+05 

1.982196e+01 4.838572e+06 4.152880e+05 
1.991972e+01 4.753022e+06 4.152880e+05 
2.611713e+01 4.446123e+06 4.152880e+05 
1.995203e+01 4.698444e+06 4.152880e+05 
2.292066e+01 4.685123e+06 4.152880e+05 
2.601937e+01 4.531673e+06 4.152880e+05 
1.980580e+01 4.865861e+06 4.152880e+05 
2.611713e+01 4.446123e+06 4.152880e+05 
1.980580e+01 4.865861e+06 4.152880e+05 
1.991972e+01 4.753022e+06 4.152880e+05 
1.943173e+01 5.258956e+06 4.152880e+05 
1.943173e+01 5.258956e+06 4.152880e+05 
1.943173e+01 5.258956e+06 4.152880e+05 
1.943173e+01 5.258956e+06 4.152880e+05 
1.943173e+01 5.258956e+06 4.152880e+05 
1.943173e+01 5.258956e+06 4.152880e+05 
2.292066e+01 4.685123e+06 4.152880e+05 
2.610097e+01 4.473412e+06 4.152880e+05 
1.982196e+01 4.838572e+06 4.152880e+05 
1.993588e+01 4.725733e+06 4.152880e+05 
2.613329e+01 4.418834e+06 4.152880e+05 
2.613329e+01 4.418834e+06 4.152880e+05 
1.965957e+01 5.033278e+06 4.152880e+05 
2.305074e+01 4.544995e+06 4.152880e+05 
1.982196e+01 4.838572e+06 4.152880e+05 
2.611713e+01 4.446123e+06 4.152880e+05 
1.954565e+01 5.146117e+06 4.152880e+05 
2.292066e+01 4.685123e+06 4.152880e+05 
1.964341e+01 5.096088e+06 4.152880e+05 
1.978964e+01 4.893150e+06 4.152880e+05 
1.954565e+01 5.146117e+06 4.152880e+05 
2.301842e+01 4.599573e+06 4.152880e+05 
1.988740e+01 4.807600e+06 4.152880e+05 
1.993588e+01 4.725733e+06 4.152880e+05 
2.613329e+01 4.418834e+06 4.152880e+05 
1.978964e+01 4.893150e+06 4.152880e+05 
1.980580e+01 4.865861e+06 4.152880e+05 
1.993588e+01 4.725733e+06 4.152880e+05 
1.964341e+01 5.096088e+06 4.152880e+05 
2.300227e+01 4.626862e+06 4.152880e+05 
1.965957e+01 5.033278e+06 4.152880e+05 
1.991972e+01 4.753022e+06 4.152880e+05 
1.982196e+01 4.838572e+06 4.152880e+05 
2.608482e+01 4.500701e+06 4.152880e+05 
1.965957e+01 5.033278e+06 4.152880e+05 
1.967572e+01 5.005989e+06 4.152880e+05 
1.969188e+01 4.978700e+06 4.152880e+05 
2.300227e+01 4.626862e+06 4.152880e+05 
1.980580e+01 4.865861e+06 4.152880e+05 
2.611713e+01 4.446123e+06 4.152880e+05 
1.952949e+01 5.208927e+06 4.152880e+05 
1.993588e+01 4.725733e+06 4.152880e+05 
1.993588e+01 4.725733e+06 4.152880e+05 
1.952949e+01 5.208927e+06 4.152880e+05 
2.292066e+01 4.685123e+06 4.152880e+05 
1.967572e+01 5.005989e+06 4.152880e+05 
2.301842e+01 4.599573e+06 4.152880e+05 
2.303458e+01 4.572284e+06 4.152880e+05 
1.988740e+01 4.807600e+06 4.152880e+05 
1.977349e+01 4.920439e+06 4.152880e+05 
1.967572e+01 5.005989e+06 4.152880e+05 
1.952949e+01 5.208927e+06 4.152880e+05 
2.298611e+01 4.654151e+06 4.152880e+05 
1.954565e+01 5.146117e+06 4.152880e+05 
1.969188e+01 4.978700e+06 4.152880e+05 
1.967572e+01 5.005989e+06 4.152880e+05 
2.303458e+01 4.572284e+06 4.152880e+05 
2.613329e+01 4.418834e+06 4.152880e+05 
2.301842e+01 4.599573e+06 4.152880e+05 
1.965957e+01 5.033278e+06 4.152880e+05 
2.301842e+01 4.599573e+06 4.152880e+05 
2.303458e+01 4.572284e+06 4.152880e+05 
1.956180e+01 5.118828e+06 4.152880e+05 
2.601937e+01 4.531673e+06 4.152880e+05 
1.964341e+01 5.096088e+06 4.152880e+05 
1.982196e+01 4.838572e+06 4.152880e+05 
1.956180e+01 5.118828e+06 4.152880e+05 
1.969188e+01 4.978700e+06 4.152880e+05 
2.608482e+01 4.500701e+06 4.152880e+05 
1.965957e+01 5.033278e+06 4.152880e+05 
1.964341e+01 5.096088e+06 4.152880e+05 
1.956180e+01 5.118828e+06 4.152880e+05 
1.954565e+01 5.146117e+06 4.152880e+05 
1.969188e+01 4.978700e+06 4.152880e+05 
1.990356e+01 4.780311e+06 4.152880e+05 
1.956180e+01 5.118828e+06 4.152880e+05 
1.980580e+01 4.865861e+06 4.152880e+05 
1.982196e+01 4.838572e+06 4.152880e+05 
2.301842e+01 4.599573e+06 4.152880e+05 
2.300227e+01 4.626862e+06 4.152880e+05 
1.969188e+01 4.978700e+06 4.152880e+05 
1.956180e+01 5.118828e+06 4.152880e+05 
1.991972e+01 4.753022e+06 4.152880e+05 
1.967572e+01 5.005989e+06 4.152880e+05 
1.952949e+01 5.208927e+06 4.152880e+05 
1.964341e+01 5.096088e+06 4.152880e+05 
1.952949e+01 5.208927e+06 4.152880e+05 
1.954565e+01 5.146117e+06 4.152880e+05 
1.954565e+01 5.146117e+06 4.152880e+05 
1.977349e+01 4.920439e+06 4.152880e+05 

2.608482e+01 4.500701e+06 4.152880e+05 
2.611713e+01 4.446123e+06 4.152880e+05 
1.982196e+01 4.838572e+06 4.152880e+05 
1.988740e+01 4.807600e+06 4.152880e+05 
1.988740e+01 4.807600e+06 4.152880e+05 
1.980580e+01 4.865861e+06 4.152880e+05 
1.993588e+01 4.725733e+06 4.152880e+05 
2.610097e+01 4.473412e+06 4.152880e+05 
1.956180e+01 5.118828e+06 4.152880e+05 
2.303458e+01 4.572284e+06 4.152880e+05 
2.300227e+01 4.626862e+06 4.152880e+05 
2.298611e+01 4.654151e+06 4.152880e+05 
2.613329e+01 4.418834e+06 4.152880e+05 
1.943173e+01 5.258956e+06 4.152880e+05 
1.943173e+01 5.258956e+06 4.152880e+05 
1.943173e+01 5.258956e+06 4.152880e+05 
1.943173e+01 5.258956e+06 4.152880e+05 
1.943173e+01 5.258956e+06 4.152880e+05 
1.977349e+01 4.920439e+06 4.152880e+05 
1.988740e+01 4.807600e+06 4.152880e+05 
1.995203e+01 4.698444e+06 4.152880e+05 
2.292066e+01 4.685123e+06 4.152880e+05 
1.995203e+01 4.698444e+06 4.152880e+05 
2.300227e+01 4.626862e+06 4.152880e+05 
1.993588e+01 4.725733e+06 4.152880e+05 
2.300227e+01 4.626862e+06 4.152880e+05 
2.303458e+01 4.572284e+06 4.152880e+05 
2.611713e+01 4.446123e+06 4.152880e+05 
1.990356e+01 4.780311e+06 4.152880e+05 
2.613329e+01 4.418834e+06 4.152880e+05 
1.988740e+01 4.807600e+06 4.152880e+05 
2.601937e+01 4.531673e+06 4.152880e+05 
2.608482e+01 4.500701e+06 4.152880e+05 
1.969188e+01 4.978700e+06 4.152880e+05 
1.978964e+01 4.893150e+06 4.152880e+05 
1.990356e+01 4.780311e+06 4.152880e+05 
1.977349e+01 4.920439e+06 4.152880e+05 
1.954565e+01 5.146117e+06 4.152880e+05 
2.613329e+01 4.418834e+06 4.152880e+05 
1.991972e+01 4.753022e+06 4.152880e+05 
1.969188e+01 4.978700e+06 4.152880e+05 
1.991972e+01 4.753022e+06 4.152880e+05 
2.301842e+01 4.599573e+06 4.152880e+05 
1.964341e+01 5.096088e+06 4.152880e+05 
1.990356e+01 4.780311e+06 4.152880e+05 
2.611713e+01 4.446123e+06 4.152880e+05 
1.990356e+01 4.780311e+06 4.152880e+05 
1.964341e+01 5.096088e+06 4.152880e+05 
2.301842e+01 4.599573e+06 4.152880e+05 
2.303458e+01 4.572284e+06 4.152880e+05 
1.995203e+01 4.698444e+06 4.152880e+05 
1.980580e+01 4.865861e+06 4.152880e+05 
1.954565e+01 5.146117e+06 4.152880e+05 
2.601937e+01 4.531673e+06 4.152880e+05 
1.993588e+01 4.725733e+06 4.152880e+05 
1.977349e+01 4.920439e+06 4.152880e+05 
1.978964e+01 4.893150e+06 4.152880e+05 
2.601937e+01 4.531673e+06 4.152880e+05 
2.300227e+01 4.626862e+06 4.152880e+05 
1.990356e+01 4.780311e+06 4.152880e+05 
1.978964e+01 4.893150e+06 4.152880e+05 
1.967572e+01 5.005989e+06 4.152880e+05 
1.991972e+01 4.753022e+06 4.152880e+05 
2.301842e+01 4.599573e+06 4.152880e+05 
1.965957e+01 5.033278e+06 4.152880e+05 
1.965957e+01 5.033278e+06 4.152880e+05 
2.301842e+01 4.599573e+06 4.152880e+05 
2.300227e+01 4.626862e+06 4.152880e+05 
1.964341e+01 5.096088e+06 4.152880e+05 
1.952949e+01 5.208927e+06 4.152880e+05 
1.964341e+01 5.096088e+06 4.152880e+05 
1.977349e+01 4.920439e+06 4.152880e+05 
1.980580e+01 4.865861e+06 4.152880e+05 
2.613329e+01 4.418834e+06 4.152880e+05 
1.956180e+01 5.118828e+06 4.152880e+05 
1.965957e+01 5.033278e+06 4.152880e+05 
2.301842e+01 4.599573e+06 4.152880e+05 
1.965957e+01 5.033278e+06 4.152880e+05 
1.967572e+01 5.005989e+06 4.152880e+05 
2.305074e+01 4.544995e+06 4.152880e+05 
1.952949e+01 5.208927e+06 4.152880e+05 
2.601937e+01 4.531673e+06 4.152880e+05 
2.611713e+01 4.446123e+06 4.152880e+05 
1.965957e+01 5.033278e+06 4.152880e+05 
2.614944e+01 4.391545e+06 4.152880e+05 
1.954565e+01 5.146117e+06 4.152880e+05 
1.956180e+01 5.118828e+06 4.152880e+05 
2.303458e+01 4.572284e+06 4.152880e+05 
1.969188e+01 4.978700e+06 4.152880e+05 
2.601937e+01 4.531673e+06 4.152880e+05 
1.952949e+01 5.208927e+06 4.152880e+05 
1.967572e+01 5.005989e+06 4.152880e+05 
1.991972e+01 4.753022e+06 4.152880e+05 
1.944789e+01 5.231667e+06 4.152880e+05 
1.980580e+01 4.865861e+06 4.152880e+05 
1.977349e+01 4.920439e+06 4.152880e+05 
1.956180e+01 5.118828e+06 4.152880e+05 
1.967572e+01 5.005989e+06 4.152880e+05 
1.954565e+01 5.146117e+06 4.152880e+05 
1.952949e+01 5.208927e+06 4.152880e+05 

1.982196e+01 4.838572e+06 4.152880e+05 
1.956180e+01 5.118828e+06 4.152880e+05 
1.991972e+01 4.753022e+06 4.152880e+05 
2.610097e+01 4.473412e+06 4.152880e+05 
2.006935e+01 4.719452e+06 4.152880e+05 
2.601937e+01 4.531673e+06 4.152880e+05 
2.611713e+01 4.446123e+06 4.152880e+05 
1.954565e+01 5.146117e+06 4.152880e+05 
1.943173e+01 5.258956e+06 4.152880e+05 
1.943173e+01 5.258956e+06 4.152880e+05 
1.943173e+01 5.258956e+06 4.152880e+05 
1.943173e+01 5.258956e+06 4.152880e+05 
1.943173e+01 5.258956e+06 4.152880e+05 
1.943173e+01 5.258956e+06 4.152880e+05 
2.290451e+01 4.712412e+06 4.152880e+05 
2.883636e+01 4.416290e+06 4.152880e+05 
2.600321e+01 4.558962e+06 4.152880e+05 
1.977349e+01 4.920439e+06 4.152880e+05 
2.300227e+01 4.626862e+06 4.152880e+05 
2.292066e+01 4.685123e+06 4.152880e+05 
1.990356e+01 4.780311e+06 4.152880e+05 
2.316805e+01 4.566003e+06 4.152880e+05 
2.611713e+01 4.446123e+06 4.152880e+05 
2.290451e+01 4.712412e+06 4.152880e+05 
2.298611e+01 4.654151e+06 4.152880e+05 
2.611713e+01 4.446123e+06 4.152880e+05 
2.601937e+01 4.531673e+06 4.152880e+05 
2.303458e+01 4.572284e+06 4.152880e+05 
1.991972e+01 4.753022e+06 4.152880e+05 
1.988740e+01 4.807600e+06 4.152880e+05 
2.610097e+01 4.473412e+06 4.152880e+05 
2.290451e+01 4.712412e+06 4.152880e+05 
2.601937e+01 4.531673e+06 4.152880e+05 
1.993588e+01 4.725733e+06 4.152880e+05 
2.613329e+01 4.418834e+06 4.152880e+05 
1.964341e+01 5.096088e+06 4.152880e+05 
1.954565e+01 5.146117e+06 4.152880e+05 
1.956180e+01 5.118828e+06 4.152880e+05 
1.978964e+01 4.893150e+06 4.152880e+05 
1.980580e+01 4.865861e+06 4.152880e+05 
2.290451e+01 4.712412e+06 4.152880e+05 
1.952949e+01 5.208927e+06 4.152880e+05 
2.301842e+01 4.599573e+06 4.152880e+05 
1.977349e+01 4.920439e+06 4.152880e+05 
1.990356e+01 4.780311e+06 4.152880e+05 
1.980580e+01 4.865861e+06 4.152880e+05 
2.608482e+01 4.500701e+06 4.152880e+05 
1.980580e+01 4.865861e+06 4.152880e+05 
1.988740e+01 4.807600e+06 4.152880e+05 
2.300227e+01 4.626862e+06 4.152880e+05 
2.600321e+01 4.558962e+06 4.152880e+05 
1.978964e+01 4.893150e+06 4.152880e+05 
2.298611e+01 4.654151e+06 4.152880e+05 
1.965957e+01 5.033278e+06 4.152880e+05 
1.977349e+01 4.920439e+06 4.152880e+05 
2.600321e+01 4.558962e+06 4.152880e+05 
2.292066e+01 4.685123e+06 4.152880e+05 
1.956180e+01 5.118828e+06 4.152880e+05 
1.952949e+01 5.208927e+06 4.152880e+05 
1.952949e+01 5.208927e+06 4.152880e+05 
2.303458e+01 4.572284e+06 4.152880e+05 
1.990356e+01 4.780311e+06 4.152880e+05 
1.954565e+01 5.146117e+06 4.152880e+05 
1.954565e+01 5.146117e+06 4.152880e+05 
1.977349e+01 4.920439e+06 4.152880e+05 
2.613329e+01 4.418834e+06 4.152880e+05 
1.978964e+01 4.893150e+06 4.152880e+05 
2.300227e+01 4.626862e+06 4.152880e+05 
1.967572e+01 5.005989e+06 4.152880e+05 
1.954565e+01 5.146117e+06 4.152880e+05 
1.980580e+01 4.865861e+06 4.152880e+05 
2.613329e+01 4.418834e+06 4.152880e+05 
1.965957e+01 5.033278e+06 4.152880e+05 
1.965957e+01 5.033278e+06 4.152880e+05 
1.969188e+01 4.978700e+06 4.152880e+05 
1.967572e+01 5.005989e+06 4.152880e+05 
1.990356e+01 4.780311e+06 4.152880e+05 
1.956180e+01 5.118828e+06 4.152880e+05 
1.965957e+01 5.033278e+06 4.152880e+05 
1.964341e+01 5.096088e+06 4.152880e+05 
1.988740e+01 4.807600e+06 4.152880e+05 
2.608482e+01 4.500701e+06 4.152880e+05 
2.300227e+01 4.626862e+06 4.152880e+05 
2.600321e+01 4.558962e+06 4.152880e+05 
1.969188e+01 4.978700e+06 4.152880e+05 
1.991972e+01 4.753022e+06 4.152880e+05 
1.954565e+01 5.146117e+06 4.152880e+05 
1.977349e+01 4.920439e+06 4.152880e+05 
1.952949e+01 5.208927e+06 4.152880e+05 
2.298611e+01 4.654151e+06 4.152880e+05 
1.969188e+01 4.978700e+06 4.152880e+05 
1.988740e+01 4.807600e+06 4.152880e+05 
1.980580e+01 4.865861e+06 4.152880e+05 
1.969188e+01 4.978700e+06 4.152880e+05 
1.978964e+01 4.893150e+06 4.152880e+05 
2.301842e+01 4.599573e+06 4.152880e+05 
1.967572e+01 5.005989e+06 4.152880e+05 
1.967572e+01 5.005989e+06 4.152880e+05 
1.965957e+01 5.033278e+06 4.152880e+05 
2.290451e+01 4.712412e+06 4.152880e+05 

