2.656790e+02 5.263279e+07 2.700734e+06 
2.572305e+02 4.505710e+07 3.814935e+06 
2.544529e+02 4.530762e+07 3.212577e+06 
2.312045e+02 4.664628e+07 4.015721e+06 
2.527730e+02 4.532017e+07 3.614149e+06 
2.674357e+02 5.115548e+07 2.700734e+06 
2.423467e+02 4.640125e+07 3.212577e+06 
2.635273e+02 4.465040e+07 3.614149e+06 
2.393961e+02 4.712849e+07 3.413363e+06 
2.423106e+02 4.588928e+07 3.614149e+06 
2.278584e+02 4.792963e+07 4.417293e+06 
2.638607e+02 4.774994e+07 2.811005e+06 
2.460964e+02 4.524798e+07 3.011791e+06 
2.413891e+02 4.605189e+07 3.614149e+06 
2.375322e+02 4.605757e+07 3.814935e+06 
2.289139e+02 4.743720e+07 4.216507e+06 
2.284666e+02 4.761825e+07 4.417293e+06 
2.469651e+02 4.546652e+07 3.614149e+06 
2.591555e+02 4.497706e+07 3.614149e+06 
2.584104e+02 4.496434e+07 3.614149e+06 
2.327939e+02 4.635109e+07 3.814935e+06 
2.694980e+02 5.107982e+07 2.610219e+06 
2.355505e+02 4.728437e+07 3.614149e+06 
2.518787e+02 4.532206e+07 3.814935e+06 
2.298237e+02 4.681625e+07 4.015721e+06 
2.659080e+02 4.516660e+07 3.011791e+06 
2.592445e+02 4.545242e+07 3.011791e+06 
2.757884e+02 5.053311e+07 2.700734e+06 
2.672811e+02 5.162619e+07 2.700734e+06 
2.685074e+02 5.030263e+07 2.610219e+06 
2.305050e+02 4.675264e+07 4.015721e+06 
2.395538e+02 4.708338e+07 3.212577e+06 
2.318185e+02 4.659466e+07 3.814935e+06 
2.421587e+02 4.603665e+07 3.614149e+06 
2.401406e+02 4.638552e+07 3.011791e+06 
2.418455e+02 4.659417e+07 3.011791e+06 
2.307786e+02 4.677523e+07 4.015721e+06 
2.588533e+02 4.512010e+07 3.011791e+06 
2.468714e+02 4.609139e+07 3.011791e+06 
2.432202e+02 4.603828e+07 3.212577e+06 
2.388032e+02 4.616148e+07 3.614149e+06 
2.331489e+02 4.620082e+07 4.015721e+06 
2.279311e+02 4.745045e+07 4.216507e+06 
2.437417e+02 4.570342e+07 3.614149e+06 
2.341976e+02 4.774499e+07 3.614149e+06 
2.277202e+02 4.978245e+07 5.220437e+06 
2.422183e+02 4.600320e+07 3.614149e+06 
2.300721e+02 4.703740e+07 4.216507e+06 
2.681068e+02 5.078909e+07 2.700734e+06 
2.347131e+02 4.770918e+07 3.614149e+06 
2.726935e+02 4.487029e+07 3.614149e+06 
2.524149e+02 4.522876e+07 3.011791e+06 
2.768335e+02 5.296782e+07 2.507825e+06 
2.419822e+02 4.534921e+07 3.614149e+06 
2.299351e+02 4.713004e+07 4.417293e+06 
2.654315e+02 5.272690e+07 2.700734e+06 
2.444207e+02 4.635534e+07 3.011791e+06 
2.433093e+02 4.538437e+07 3.011791e+06 
2.772759e+02 5.052693e+07 2.507825e+06 
2.405316e+02 4.644165e+07 3.212577e+06 
2.401216e+02 4.647995e+07 3.212577e+06 
2.267726e+02 4.888940e+07 4.818865e+06 
2.611448e+02 4.489878e+07 3.814935e+06 
2.702289e+02 5.068485e+07 2.604280e+06 
2.780988e+02 5.209648e+07 2.507825e+06 
2.324409e+02 4.657344e+07 4.015721e+06 
2.329509e+02 4.610595e+07 3.814935e+06 
2.542393e+02 4.515724e+07 3.614149e+06 
2.376696e+02 4.660767e+07 3.212577e+06 
2.342676e+02 4.867753e+07 3.614149e+06 
2.375264e+02 4.644599e+07 3.614149e+06 
2.307767e+02 4.713827e+07 3.814935e+06 
2.288974e+02 4.812579e+07 4.216507e+06 
2.568616e+02 4.510974e+07 3.814935e+06 
2.291496e+02 4.755753e+07 4.216507e+06 
2.519929e+02 4.522675e+07 3.614149e+06 
2.576762e+02 4.527980e+07 3.212577e+06 
2.273029e+02 4.826573e+07 4.417293e+06 
2.297432e+02 4.762847e+07 4.015721e+06 
2.545016e+02 4.529128e+07 3.614149e+06 
2.293316e+02 4.724235e+07 4.417293e+06 
2.292901e+02 4.713125e+07 4.015721e+06 
2.439578e+02 4.563212e+07 3.212577e+06 
2.305503e+02 4.633957e+07 3.814935e+06 
2.374832e+02 4.664002e+07 3.614149e+06 
2.847454e+02 5.062560e+07 2.507825e+06 
2.665686e+02 5.262645e+07 2.700734e+06 
2.590598e+02 4.769583e+07 2.811005e+06 
2.659192e+02 5.291143e+07 2.700734e+06 
2.654055e+02 5.289558e+07 2.700734e+06 
2.351596e+02 4.697081e+07 3.614149e+06 
2.421386e+02 4.591376e+07 3.011791e+06 
2.275247e+02 4.790167e+07 4.417293e+06 
2.493390e+02 4.539850e+07 3.614149e+06 
2.505400e+02 4.499349e+07 3.814935e+06 
2.709421e+02 5.098439e+07 2.604280e+06 
2.643137e+02 4.494153e+07 3.814935e+06 
2.568803e+02 4.521192e+07 3.011791e+06 
2.381830e+02 4.619547e+07 3.814935e+06 
2.552342e+02 4.523351e+07 3.814935e+06 

2.590959e+02 4.375341e+07 2.811005e+06 
2.347340e+02 4.608259e+07 3.011791e+06 
2.284943e+02 4.794990e+07 4.015721e+06 
2.554645e+02 4.439178e+07 2.610219e+06 
2.587967e+02 4.390232e+07 2.610219e+06 
2.257395e+02 4.892484e+07 4.417293e+06 
2.694942e+02 4.299681e+07 2.610219e+06 
2.379586e+02 4.555546e+07 3.011791e+06 
2.528295e+02 4.408512e+07 3.011791e+06 
2.290424e+02 4.763492e+07 4.015721e+06 
2.359737e+02 4.580681e+07 3.212577e+06 
2.654416e+02 4.342566e+07 2.610219e+06 
2.489385e+02 4.688612e+07 2.610219e+06 
2.660616e+02 4.338210e+07 2.610219e+06 
2.244368e+02 5.003919e+07 4.417293e+06 
2.340955e+02 4.618505e+07 3.212577e+06 
2.279722e+02 4.840356e+07 4.618079e+06 
2.733809e+02 4.296778e+07 2.610219e+06 
2.534089e+02 4.414193e+07 2.797189e+06 
2.651570e+02 4.340657e+07 2.811005e+06 
2.651546e+02 4.356129e+07 2.610219e+06 
2.506343e+02 4.425939e+07 2.811005e+06 
2.617061e+02 4.356936e+07 2.700734e+06 
2.266421e+02 4.889271e+07 4.417293e+06 
2.648213e+02 4.356007e+07 2.811005e+06 
2.286672e+02 4.737611e+07 4.015721e+06 
2.293365e+02 4.710463e+07 3.814935e+06 
2.408754e+02 4.469071e+07 2.811005e+06 
2.452470e+02 4.477473e+07 2.700734e+06 
2.324105e+02 4.692804e+07 3.814935e+06 
2.457985e+02 4.445074e+07 2.797189e+06 
2.373462e+02 4.567466e+07 2.811005e+06 
2.739161e+02 4.277752e+07 2.610219e+06 
2.328630e+02 4.668163e+07 3.413363e+06 
2.446254e+02 4.603322e+07 2.700734e+06 
2.379303e+02 4.536861e+07 2.811005e+06 
2.624091e+02 4.366322e+07 2.610219e+06 
2.571649e+02 4.381079e+07 2.811005e+06 
2.266161e+02 4.889042e+07 4.015721e+06 
2.560526e+02 4.398058e+07 2.811005e+06 
2.551450e+02 4.401365e+07 3.011791e+06 
2.379702e+02 4.601958e+07 2.811005e+06 
2.678682e+02 4.317908e+07 2.610219e+06 
2.326812e+02 4.653385e+07 3.614149e+06 
2.319563e+02 4.721116e+07 3.814935e+06 
2.450059e+02 4.583545e+07 2.700734e+06 
2.606689e+02 4.365937e+07 2.610219e+06 
2.562474e+02 4.430968e+07 2.610219e+06 
2.334370e+02 4.653884e+07 3.212577e+06 
2.697847e+02 4.311448e+07 2.610219e+06 
2.256472e+02 4.916960e+07 4.818865e+06 
2.543731e+02 4.405548e+07 2.700734e+06 
2.504646e+02 4.475748e+07 2.610219e+06 
2.358159e+02 4.576631e+07 3.011791e+06 
2.545529e+02 4.446805e+07 2.610219e+06 
2.509687e+02 4.429351e+07 2.700734e+06 
2.396199e+02 4.526652e+07 3.011791e+06 
2.295118e+02 4.744292e+07 4.015721e+06 
2.381627e+02 4.526441e+07 3.011791e+06 
2.346925e+02 4.581833e+07 3.011791e+06 
2.403851e+02 4.591894e+07 2.797189e+06 
2.580277e+02 4.427420e+07 2.610219e+06 
2.412007e+02 4.483197e+07 2.811005e+06 
2.273730e+02 4.810398e+07 4.417293e+06 
2.534874e+02 4.453693e+07 2.610219e+06 
2.485953e+02 4.618014e+07 2.610219e+06 
2.329664e+02 4.617110e+07 3.413363e+06 
2.559476e+02 4.400115e+07 2.700734e+06 
2.487940e+02 4.425723e+07 2.811005e+06 
2.338774e+02 4.596368e+07 3.212577e+06 
2.661207e+02 4.353377e+07 2.610219e+06 
2.644563e+02 4.357602e+07 2.610219e+06 
2.269615e+02 4.823907e+07 4.417293e+06 
2.578312e+02 4.370841e+07 2.700734e+06 
2.497951e+02 4.478052e+07 2.610219e+06 
2.407078e+02 4.493815e+07 2.811005e+06 
2.471914e+02 4.443634e+07 2.700734e+06 
2.537727e+02 4.450369e+07 2.610219e+06 
2.464247e+02 4.447511e+07 2.700734e+06 
2.559345e+02 4.408675e+07 2.700734e+06 
2.676196e+02 4.337680e+07 2.811005e+06 
2.714688e+02 4.305323e+07 2.610219e+06 
2.315562e+02 4.719075e+07 3.614149e+06 
2.413206e+02 4.586674e+07 2.797189e+06 
2.318510e+02 4.704182e+07 4.015721e+06 
2.367024e+02 4.561569e+07 3.011791e+06 
2.335705e+02 4.630667e+07 3.212577e+06 
2.283194e+02 4.832407e+07 4.216507e+06 
2.681156e+02 4.330843e+07 2.610219e+06 
2.399404e+02 4.509128e+07 2.811005e+06 
2.424726e+02 4.460677e+07 2.797189e+06 
2.333268e+02 4.664465e+07 3.614149e+06 
2.540916e+02 4.423287e+07 2.700734e+06 
2.419525e+02 4.584430e+07 2.797189e+06 
2.332568e+02 4.713189e+07 3.212577e+06 
2.322826e+02 4.684822e+07 4.015721e+06 
2.543247e+02 4.414564e+07 2.700734e+06 
2.429025e+02 4.459828e+07 2.797189e+06 
2.456988e+02 4.444731e+07 2.797189e+06 
2.604923e+02 4.388079e+07 2.610219e+06 

2.436830e+02 4.640484e+07 3.212577e+06 
2.591526e+02 4.768076e+07 2.604280e+06 
2.399837e+02 4.678198e+07 3.614149e+06 
2.609603e+02 4.856548e+07 2.411370e+06 
2.456279e+02 4.679047e+07 3.011791e+06 
2.434973e+02 5.009454e+07 2.811005e+06 
2.607124e+02 4.873334e+07 2.411370e+06 
2.404980e+02 4.672025e+07 3.614149e+06 
2.426192e+02 4.753918e+07 3.011791e+06 
2.358167e+02 4.809763e+07 3.614149e+06 
2.479379e+02 4.867213e+07 2.610219e+06 
2.652353e+02 4.854217e+07 2.507825e+06 
2.326038e+02 4.849657e+07 3.814935e+06 
2.423609e+02 4.689499e+07 3.212577e+06 
2.339336e+02 4.849128e+07 3.814935e+06 
2.509378e+02 4.571228e+07 3.413363e+06 
2.422558e+02 4.632940e+07 3.614149e+06 
2.453471e+02 4.890107e+07 2.811005e+06 
2.645718e+02 4.571808e+07 3.413363e+06 
2.500991e+02 4.935722e+07 2.507825e+06 
2.448824e+02 4.686407e+07 3.011791e+06 
2.453200e+02 4.894948e+07 2.811005e+06 
2.608438e+02 4.817749e+07 2.507825e+06 
2.620571e+02 4.574415e+07 3.413363e+06 
2.465407e+02 4.622409e+07 3.614149e+06 
2.543011e+02 4.603846e+07 3.011791e+06 
2.449255e+02 4.942027e+07 2.811005e+06 
2.516512e+02 4.872081e+07 2.507825e+06 
2.401416e+02 4.672467e+07 3.413363e+06 
2.427331e+02 4.639766e+07 3.413363e+06 
2.344882e+02 4.821388e+07 3.814935e+06 
2.394611e+02 4.783209e+07 3.413363e+06 
2.390447e+02 4.703437e+07 3.614149e+06 
2.346430e+02 4.757115e+07 4.015721e+06 
2.476682e+02 4.812899e+07 2.811005e+06 
2.370273e+02 4.732434e+07 3.614149e+06 
2.420296e+02 4.639280e+07 3.413363e+06 
2.348718e+02 4.869130e+07 3.614149e+06 
2.331881e+02 4.913543e+07 3.614149e+06 
2.405707e+02 4.948332e+07 3.212577e+06 
2.513961e+02 4.854624e+07 2.507825e+06 
2.455880e+02 4.608554e+07 3.413363e+06 
2.318679e+02 4.936490e+07 3.814935e+06 
2.511646e+02 4.564500e+07 3.413363e+06 
2.407698e+02 4.664974e+07 3.614149e+06 
2.539603e+02 4.589415e+07 3.212577e+06 
2.449883e+02 4.686095e+07 3.011791e+06 
2.479468e+02 4.621234e+07 3.011791e+06 
2.315410e+02 5.081326e+07 4.417293e+06 
2.488328e+02 4.620692e+07 3.011791e+06 
2.502321e+02 4.785235e+07 2.610219e+06 
2.416442e+02 4.756978e+07 3.212577e+06 
2.546008e+02 4.759109e+07 2.811005e+06 
2.564025e+02 4.585429e+07 3.413363e+06 
2.416572e+02 4.660979e+07 3.614149e+06 
2.317885e+02 4.925018e+07 3.814935e+06 
2.394010e+02 4.758109e+07 3.413363e+06 
2.407939e+02 4.666699e+07 3.614149e+06 
2.437275e+02 4.695918e+07 3.011791e+06 
2.479634e+02 4.597557e+07 3.212577e+06 
2.454555e+02 4.822434e+07 2.610219e+06 
2.353263e+02 4.798868e+07 3.814935e+06 
2.563302e+02 4.562224e+07 3.212577e+06 
2.429566e+02 4.624097e+07 3.413363e+06 
2.365538e+02 4.735570e+07 4.015721e+06 
2.457069e+02 4.669859e+07 3.011791e+06 
2.534694e+02 4.769660e+07 2.604280e+06 
2.495688e+02 4.778196e+07 2.811005e+06 
2.368572e+02 4.705159e+07 3.814935e+06 
2.530060e+02 4.582832e+07 3.011791e+06 
2.699199e+02 4.845067e+07 2.411370e+06 
2.631845e+02 4.766435e+07 2.610219e+06 
2.424517e+02 4.623788e+07 3.614149e+06 
2.505503e+02 4.591471e+07 3.413363e+06 
2.325770e+02 4.912356e+07 4.015721e+06 
2.326392e+02 4.906701e+07 4.015721e+06 
2.356615e+02 4.758887e+07 4.015721e+06 
2.333547e+02 4.887447e+07 4.216507e+06 
2.341189e+02 4.931498e+07 3.614149e+06 
2.409046e+02 4.788027e+07 3.212577e+06 
2.430271e+02 4.632145e+07 3.413363e+06 
2.480832e+02 4.803163e+07 2.811005e+06 
2.310541e+02 5.008695e+07 4.417293e+06 
2.485059e+02 4.817765e+07 2.604280e+06 
2.455373e+02 4.611675e+07 3.413363e+06 
2.450093e+02 5.055174e+07 2.811005e+06 
2.436268e+02 4.696525e+07 3.011791e+06 
2.427857e+02 4.899972e+07 3.011791e+06 
2.415044e+02 4.706818e+07 3.212577e+06 
2.665821e+02 4.571729e+07 3.212577e+06 
2.611612e+02 4.945778e+07 2.411370e+06 
2.459707e+02 4.627688e+07 3.011791e+06 
2.529864e+02 4.766760e+07 2.604280e+06 
2.361478e+02 4.651347e+07 3.814935e+06 
2.382999e+02 4.692308e+07 3.814935e+06 
2.467614e+02 4.588117e+07 3.413363e+06 
2.328422e+02 4.786633e+07 3.814935e+06 
2.516783e+02 4.768639e+07 2.811005e+06 
2.620939e+02 4.888637e+07 2.411370e+06 
2.467147e+02 4.588881e+07 3.212577e+06 

2.465766e+02 4.570764e+07 3.413363e+06 
2.440065e+02 4.658747e+07 3.413363e+06 
2.481133e+02 4.608029e+07 3.212577e+06 
2.350965e+02 4.674173e+07 4.618079e+06 
2.661123e+02 4.460178e+07 3.212577e+06 
2.273139e+02 5.144109e+07 4.818865e+06 
2.407686e+02 4.845260e+07 3.614149e+06 
2.345949e+02 4.668941e+07 4.618079e+06 
2.415422e+02 4.656002e+07 3.614149e+06 
2.379782e+02 4.617212e+07 3.814935e+06 
2.317477e+02 4.741123e+07 4.417293e+06 
2.571778e+02 4.475813e+07 3.413363e+06 
2.236570e+02 5.154246e+07 5.220437e+06 
2.738016e+02 4.463611e+07 3.212577e+06 
2.455941e+02 4.540540e+07 3.614149e+06 
2.546660e+02 4.519594e+07 3.212577e+06 
2.333548e+02 4.701976e+07 4.216507e+06 
2.456872e+02 4.510409e+07 3.614149e+06 
2.517596e+02 4.499688e+07 3.614149e+06 
2.238471e+02 5.081931e+07 5.019651e+06 
2.374795e+02 4.635475e+07 4.015721e+06 
2.464977e+02 4.558337e+07 3.614149e+06 
2.818233e+02 4.457902e+07 3.212577e+06 
2.473330e+02 4.530971e+07 3.814935e+06 
2.280966e+02 5.032441e+07 4.818865e+06 
2.235855e+02 5.093870e+07 5.019651e+06 
2.500680e+02 4.532015e+07 3.212577e+06 
2.260528e+02 5.076278e+07 4.818865e+06 
2.487552e+02 4.603654e+07 3.212577e+06 
2.354885e+02 4.655466e+07 4.015721e+06 
2.296970e+02 4.764695e+07 4.417293e+06 
2.376584e+02 4.631432e+07 4.216507e+06 
2.612448e+02 4.505464e+07 3.212577e+06 
2.450695e+02 4.563129e+07 4.015721e+06 
2.682594e+02 4.468357e+07 3.212577e+06 
2.374940e+02 4.636973e+07 4.216507e+06 
2.473272e+02 4.626579e+07 3.212577e+06 
2.316424e+02 4.686927e+07 4.216507e+06 
2.410457e+02 4.672283e+07 3.614149e+06 
2.403859e+02 4.809170e+07 3.614149e+06 
2.240563e+02 5.126352e+07 5.019651e+06 
2.411965e+02 4.611657e+07 4.618079e+06 
2.246043e+02 5.098674e+07 5.220437e+06 
2.285884e+02 4.870495e+07 4.417293e+06 
2.715701e+02 4.459035e+07 3.212577e+06 
2.274428e+02 5.024286e+07 5.019651e+06 
2.298226e+02 4.867790e+07 4.216507e+06 
2.801642e+02 4.459989e+07 3.212577e+06 
2.424972e+02 4.770760e+07 3.413363e+06 
2.372954e+02 4.732917e+07 3.814935e+06 
2.486617e+02 4.501706e+07 3.413363e+06 
2.342374e+02 4.878049e+07 4.015721e+06 
2.543447e+02 4.510591e+07 3.212577e+06 
2.489776e+02 4.546386e+07 3.212577e+06 
2.267564e+02 5.052165e+07 5.019651e+06 
2.246828e+02 5.072519e+07 5.019651e+06 
2.287793e+02 4.949964e+07 4.417293e+06 
2.342557e+02 5.089423e+07 4.015721e+06 
2.261631e+02 5.070080e+07 5.220437e+06 
2.352228e+02 4.746274e+07 4.015721e+06 
2.354729e+02 4.676703e+07 4.216507e+06 
2.466190e+02 4.799288e+07 3.212577e+06 
2.260869e+02 5.073687e+07 5.019651e+06 
2.374651e+02 4.636545e+07 4.015721e+06 
2.476680e+02 4.554244e+07 3.413363e+06 
2.506944e+02 4.507364e+07 3.614149e+06 
2.369277e+02 4.674989e+07 3.814935e+06 
2.343208e+02 4.678281e+07 4.618079e+06 
2.414759e+02 4.730892e+07 3.212577e+06 
2.275648e+02 5.040586e+07 5.019651e+06 
2.467166e+02 4.566795e+07 3.413363e+06 
2.441681e+02 4.645712e+07 3.614149e+06 
2.277523e+02 4.853797e+07 4.618079e+06 
2.691656e+02 4.466118e+07 3.212577e+06 
2.420787e+02 4.570838e+07 3.814935e+06 
2.379104e+02 4.653173e+07 3.814935e+06 
2.428267e+02 4.584013e+07 3.814935e+06 
2.337162e+02 4.915070e+07 4.015721e+06 
2.273793e+02 5.052547e+07 4.818865e+06 
2.404137e+02 4.619038e+07 4.015721e+06 
2.257520e+02 5.086422e+07 5.019651e+06 
2.520238e+02 4.466070e+07 3.413363e+06 
2.451401e+02 4.592946e+07 3.614149e+06 
2.462455e+02 4.577350e+07 3.413363e+06 
2.407848e+02 4.604438e+07 4.015721e+06 
2.301483e+02 4.746838e+07 4.618079e+06 
2.366847e+02 4.650194e+07 4.618079e+06 
2.391987e+02 4.871148e+07 3.614149e+06 
2.441924e+02 4.615071e+07 3.614149e+06 
2.395930e+02 4.599846e+07 4.216507e+06 
2.499294e+02 4.518394e+07 3.614149e+06 
2.330719e+02 4.688526e+07 4.618079e+06 
2.638042e+02 4.488841e+07 3.212577e+06 
2.285984e+02 4.748520e+07 4.417293e+06 
2.497313e+02 4.497827e+07 3.614149e+06 
2.563886e+02 4.507126e+07 3.212577e+06 
2.357950e+02 4.656289e+07 4.015721e+06 
2.472792e+02 4.560901e+07 3.413363e+06 
2.290674e+02 4.786035e+07 4.618079e+06 
2.529603e+02 4.492436e+07 3.614149e+06 

2.400146e+02 4.488718e+07 2.610219e+06 
2.310808e+02 5.362576e+07 3.413363e+06 
2.289993e+02 4.658700e+07 4.417293e+06 
2.349616e+02 4.614893e+07 3.212577e+06 
2.445845e+02 4.273306e+07 2.610219e+06 
2.350109e+02 4.812169e+07 3.061987e+06 
2.383671e+02 4.474623e+07 3.011791e+06 
2.509057e+02 4.648418e+07 2.409432e+06 
2.418895e+02 4.450274e+07 2.610219e+06 
2.637513e+02 4.337148e+07 2.218460e+06 
2.413420e+02 4.283967e+07 2.610219e+06 
2.371988e+02 4.544847e+07 2.700734e+06 
2.228706e+02 4.691759e+07 4.015721e+06 
2.432002e+02 4.305854e+07 2.610219e+06 
2.685924e+02 4.385142e+07 2.218460e+06 
2.278186e+02 4.594482e+07 4.015721e+06 
2.332026e+02 5.319668e+07 3.011791e+06 
2.333154e+02 4.912197e+07 3.262773e+06 
2.308579e+02 5.366624e+07 3.413363e+06 
2.389755e+02 4.445312e+07 2.811005e+06 
2.390689e+02 4.673276e+07 2.610219e+06 
2.331349e+02 5.359676e+07 3.212577e+06 
2.446534e+02 4.427815e+07 2.411370e+06 
2.625309e+02 4.374845e+07 2.218460e+06 
2.221068e+02 4.742120e+07 4.818865e+06 
2.334295e+02 4.911593e+07 3.262773e+06 
2.480731e+02 4.234943e+07 2.411370e+06 
2.242924e+02 4.720145e+07 4.216507e+06 
2.253738e+02 4.679385e+07 4.216507e+06 
2.474326e+02 4.278831e+07 2.610219e+06 
2.396396e+02 4.445808e+07 2.811005e+06 
2.276254e+02 4.680119e+07 4.015721e+06 
2.279678e+02 4.575076e+07 3.814935e+06 
2.308763e+02 4.638903e+07 4.015721e+06 
2.361431e+02 4.644170e+07 2.811005e+06 
2.424598e+02 4.501231e+07 2.507825e+06 
2.451261e+02 4.629734e+07 2.411370e+06 
2.317181e+02 4.885841e+07 3.463559e+06 
2.434319e+02 4.297396e+07 2.811005e+06 
2.330672e+02 4.938280e+07 3.262773e+06 
2.326146e+02 5.151724e+07 3.413363e+06 
2.407514e+02 4.668012e+07 2.507825e+06 
2.346230e+02 4.833502e+07 3.061987e+06 
2.375407e+02 4.512419e+07 3.011791e+06 
2.308488e+02 4.731995e+07 3.614149e+06 
2.374635e+02 4.598561e+07 2.700734e+06 
2.405609e+02 4.351170e+07 3.011791e+06 
2.364861e+02 4.641031e+07 2.797189e+06 
2.419410e+02 4.345177e+07 2.811005e+06 
2.619368e+02 4.315345e+07 2.284084e+06 
2.347252e+02 4.588451e+07 3.011791e+06 
2.559179e+02 4.290918e+07 2.314915e+06 
2.577176e+02 4.333535e+07 2.284084e+06 
2.662279e+02 4.271175e+07 2.387906e+06 
2.412313e+02 4.388179e+07 2.700734e+06 
2.398756e+02 4.433255e+07 2.811005e+06 
2.418197e+02 4.342074e+07 3.011791e+06 
2.339641e+02 4.836555e+07 3.262773e+06 
2.336929e+02 4.521348e+07 3.614149e+06 
2.331417e+02 4.618178e+07 3.614149e+06 
2.293197e+02 4.521437e+07 3.814935e+06 
2.642885e+02 4.309276e+07 2.284084e+06 
2.581325e+02 4.341713e+07 2.284084e+06 
2.474428e+02 4.351223e+07 2.507825e+06 
2.411147e+02 4.420082e+07 2.700734e+06 
2.400070e+02 4.531237e+07 2.610219e+06 
2.361152e+02 5.208692e+07 2.811005e+06 
2.262715e+02 4.650131e+07 4.216507e+06 
2.286977e+02 4.536998e+07 3.614149e+06 
2.382541e+02 4.722687e+07 2.610219e+06 
2.588159e+02 4.433357e+07 2.218460e+06 
2.474701e+02 4.323209e+07 2.507825e+06 
2.359763e+02 4.586154e+07 3.212577e+06 
2.548348e+02 4.396876e+07 2.411370e+06 
2.402240e+02 4.509951e+07 2.700734e+06 
2.245595e+02 4.705716e+07 4.015721e+06 
2.542717e+02 4.384168e+07 2.507825e+06 
2.361168e+02 4.689156e+07 3.011791e+06 
2.335952e+02 4.523068e+07 3.614149e+06 
2.347556e+02 4.923611e+07 3.061987e+06 
2.377211e+02 4.497478e+07 2.811005e+06 
2.223866e+02 4.757215e+07 4.618079e+06 
2.324249e+02 4.600601e+07 3.814935e+06 
2.534786e+02 4.275081e+07 2.314915e+06 
2.592624e+02 4.497203e+07 2.218460e+06 
2.585055e+02 4.508067e+07 2.218460e+06 
2.566265e+02 4.534000e+07 2.218460e+06 
2.348983e+02 4.571988e+07 3.814935e+06 
2.362231e+02 4.530579e+07 3.011791e+06 
2.511109e+02 4.272123e+07 2.610219e+06 
2.440561e+02 4.292656e+07 2.610219e+06 
2.601980e+02 4.266034e+07 2.314915e+06 
2.511548e+02 4.206418e+07 2.409432e+06 
2.527641e+02 4.546684e+07 2.314915e+06 
2.641786e+02 4.290750e+07 2.314915e+06 
2.330963e+02 5.369747e+07 3.413363e+06 
2.561621e+02 4.381281e+07 2.284084e+06 
2.272866e+02 4.670739e+07 4.015721e+06 
2.573344e+02 4.270605e+07 2.409432e+06 
2.377942e+02 4.498897e+07 3.011791e+06 

2.596534e+02 4.419041e+07 2.507825e+06 
2.479184e+02 4.455498e+07 2.507825e+06 
2.299116e+02 4.842717e+07 4.015721e+06 
2.470801e+02 4.495970e+07 2.411370e+06 
2.367969e+02 4.697652e+07 3.814935e+06 
2.308941e+02 4.783262e+07 4.216507e+06 
2.361055e+02 4.723941e+07 4.216507e+06 
2.303091e+02 4.789971e+07 4.015721e+06 
2.287972e+02 4.851038e+07 4.015721e+06 
2.387945e+02 4.543799e+07 2.797189e+06 
2.278843e+02 4.919298e+07 4.216507e+06 
2.398220e+02 4.603119e+07 2.604280e+06 
2.405657e+02 4.548305e+07 2.604280e+06 
2.563569e+02 4.478678e+07 2.409432e+06 
2.299125e+02 4.996516e+07 3.814935e+06 
2.326797e+02 4.777683e+07 4.015721e+06 
2.329157e+02 4.833519e+07 3.814935e+06 
2.535015e+02 4.416859e+07 2.604280e+06 
2.513769e+02 4.424617e+07 2.700734e+06 
2.327488e+02 4.815986e+07 3.614149e+06 
2.337030e+02 4.764421e+07 4.015721e+06 
2.332623e+02 4.764972e+07 3.814935e+06 
2.448345e+02 4.444032e+07 2.604280e+06 
2.451943e+02 4.438643e+07 2.604280e+06 
2.293505e+02 4.831255e+07 4.015721e+06 
2.360044e+02 4.672589e+07 3.413363e+06 
2.381034e+02 4.564537e+07 3.011791e+06 
2.280181e+02 5.023474e+07 4.216507e+06 
2.424171e+02 4.468376e+07 2.700734e+06 
2.541611e+02 4.371650e+07 2.604280e+06 
2.422989e+02 4.496988e+07 2.610219e+06 
2.447632e+02 4.461526e+07 2.610219e+06 
2.392936e+02 4.536556e+07 2.610219e+06 
2.443837e+02 4.559136e+07 2.507825e+06 
2.518304e+02 4.483050e+07 2.409432e+06 
2.364811e+02 4.725930e+07 3.413363e+06 
2.338225e+02 5.064150e+07 3.614149e+06 
2.556966e+02 4.420007e+07 2.507825e+06 
2.405030e+02 4.514464e+07 2.700734e+06 
2.377223e+02 4.610739e+07 3.413363e+06 
2.523581e+02 4.425912e+07 2.604280e+06 
2.296205e+02 4.844343e+07 3.814935e+06 
2.530249e+02 4.420279e+07 2.700734e+06 
2.413003e+02 4.509987e+07 2.811005e+06 
2.531767e+02 4.417644e+07 2.604280e+06 
2.532360e+02 4.459649e+07 2.411370e+06 
2.400981e+02 4.549584e+07 3.011791e+06 
2.292023e+02 4.884441e+07 4.015721e+06 
2.375278e+02 4.647415e+07 3.212577e+06 
2.410191e+02 4.585810e+07 2.604280e+06 
2.403207e+02 4.475021e+07 2.700734e+06 
2.438882e+02 4.498569e+07 2.604280e+06 
2.394716e+02 4.605317e+07 2.610219e+06 
2.591770e+02 4.417136e+07 2.507825e+06 
2.376738e+02 4.601464e+07 3.011791e+06 
2.571567e+02 4.408457e+07 2.604280e+06 
2.521078e+02 4.545239e+07 2.409432e+06 
2.399080e+02 4.569720e+07 2.604280e+06 
2.461599e+02 4.446015e+07 2.700734e+06 
2.425885e+02 4.519248e+07 2.507825e+06 
2.550695e+02 4.434772e+07 2.507825e+06 
2.292159e+02 4.874505e+07 4.618079e+06 
2.435654e+02 4.467104e+07 2.610219e+06 
2.445240e+02 4.463237e+07 2.604280e+06 
2.434367e+02 4.465249e+07 2.610219e+06 
2.343864e+02 4.768443e+07 3.614149e+06 
2.294040e+02 4.993359e+07 3.814935e+06 
2.395623e+02 4.533467e+07 2.700734e+06 
2.438437e+02 4.451048e+07 2.700734e+06 
2.378502e+02 4.653619e+07 2.811005e+06 
2.557652e+02 4.483321e+07 2.387906e+06 
2.297975e+02 4.799166e+07 3.814935e+06 
2.369559e+02 4.678052e+07 3.413363e+06 
2.296350e+02 4.831874e+07 3.814935e+06 
2.377785e+02 4.604787e+07 2.811005e+06 
2.276753e+02 4.920235e+07 4.216507e+06 
2.570629e+02 4.494892e+07 2.387906e+06 
2.346146e+02 4.723347e+07 3.614149e+06 
2.457453e+02 4.499218e+07 2.411370e+06 
2.312959e+02 4.945100e+07 3.614149e+06 
2.552206e+02 4.416287e+07 2.700734e+06 
2.359340e+02 4.738862e+07 3.614149e+06 
2.433288e+02 4.597464e+07 2.507825e+06 
2.280997e+02 4.949377e+07 4.818865e+06 
2.374629e+02 4.632995e+07 3.413363e+06 
2.369792e+02 4.656397e+07 3.413363e+06 
2.393060e+02 4.589444e+07 3.011791e+06 
2.467024e+02 4.426824e+07 2.610219e+06 
2.300204e+02 4.737137e+07 4.015721e+06 
2.401957e+02 4.560746e+07 2.604280e+06 
2.457466e+02 4.447632e+07 2.411370e+06 
2.301722e+02 4.832831e+07 4.015721e+06 
2.513638e+02 4.424874e+07 2.604280e+06 
2.469305e+02 4.429565e+07 2.610219e+06 
2.448918e+02 4.479384e+07 2.507825e+06 
2.295714e+02 4.863686e+07 3.814935e+06 
2.308482e+02 4.758899e+07 3.814935e+06 
2.404196e+02 4.459411e+07 2.700734e+06 
2.351651e+02 4.759471e+07 3.814935e+06 
2.375961e+02 4.673220e+07 3.212577e+06 

2.352656e+02 4.363487e+07 3.212577e+06 
2.279096e+02 4.489756e+07 3.413363e+06 
2.224673e+02 4.609649e+07 4.015721e+06 
2.499768e+02 4.580035e+07 2.811005e+06 
2.204966e+02 4.797631e+07 4.216507e+06 
2.349110e+02 4.572317e+07 3.011791e+06 
2.233564e+02 4.605891e+07 3.614149e+06 
2.250564e+02 4.524809e+07 3.614149e+06 
2.296405e+02 4.470507e+07 3.212577e+06 
2.328274e+02 4.460770e+07 3.212577e+06 
2.191805e+02 4.836425e+07 4.618079e+06 
2.203644e+02 4.754444e+07 4.618079e+06 
2.284861e+02 4.513563e+07 3.212577e+06 
2.203498e+02 4.735628e+07 4.216507e+06 
2.500613e+02 4.603707e+07 2.811005e+06 
2.359148e+02 4.517991e+07 3.011791e+06 
2.237032e+02 4.594173e+07 4.015721e+06 
2.342458e+02 4.424108e+07 3.413363e+06 
2.279065e+02 4.571482e+07 3.011791e+06 
2.329297e+02 4.567177e+07 3.011791e+06 
2.582292e+02 4.573518e+07 2.811005e+06 
2.205113e+02 4.716421e+07 4.216507e+06 
2.297008e+02 4.431967e+07 3.413363e+06 
2.245702e+02 4.520535e+07 3.614149e+06 
2.274814e+02 4.493068e+07 3.212577e+06 
2.258836e+02 4.511335e+07 3.413363e+06 
2.226518e+02 4.656577e+07 3.814935e+06 
2.474865e+02 4.644465e+07 2.811005e+06 
2.204385e+02 4.647382e+07 4.015721e+06 
2.233084e+02 4.552575e+07 3.614149e+06 
2.483298e+02 4.644211e+07 2.811005e+06 
2.237033e+02 4.560271e+07 3.614149e+06 
2.277361e+02 4.526079e+07 3.212577e+06 
2.256051e+02 4.498581e+07 3.413363e+06 
2.197885e+02 4.768880e+07 4.618079e+06 
2.243134e+02 4.558040e+07 3.614149e+06 
2.196504e+02 4.741352e+07 4.417293e+06 
2.223915e+02 4.640246e+07 4.015721e+06 
2.198856e+02 4.738960e+07 4.216507e+06 
2.250620e+02 4.569325e+07 3.413363e+06 
2.234980e+02 4.595402e+07 3.814935e+06 
2.189619e+02 4.699346e+07 5.019651e+06 
2.186997e+02 4.726632e+07 4.618079e+06 
2.233000e+02 4.725787e+07 3.614149e+06 
2.249160e+02 4.544937e+07 3.614149e+06 
2.238659e+02 4.701626e+07 3.413363e+06 
2.207021e+02 4.617261e+07 3.814935e+06 
2.223575e+02 4.738471e+07 3.614149e+06 
2.217161e+02 4.720796e+07 3.814935e+06 
2.264355e+02 4.490126e+07 3.413363e+06 
2.208283e+02 4.642350e+07 4.015721e+06 
2.279677e+02 4.456352e+07 3.413363e+06 
2.296766e+02 4.596452e+07 3.011791e+06 
2.342556e+02 4.433281e+07 3.212577e+06 
2.198995e+02 4.756632e+07 4.417293e+06 
2.503894e+02 4.582372e+07 2.811005e+06 
2.249710e+02 4.542983e+07 3.614149e+06 
2.192069e+02 4.756343e+07 4.417293e+06 
2.382458e+02 4.526334e+07 3.011791e+06 
2.279226e+02 4.525493e+07 3.212577e+06 
2.252459e+02 4.537465e+07 3.413363e+06 
2.241337e+02 4.581035e+07 3.413363e+06 
2.292672e+02 4.509382e+07 3.212577e+06 
2.218933e+02 4.670189e+07 3.814935e+06 
2.211407e+02 4.618041e+07 4.216507e+06 
2.263293e+02 4.480299e+07 3.413363e+06 
2.249697e+02 4.582226e+07 3.413363e+06 
2.485387e+02 4.612548e+07 2.811005e+06 
2.270298e+02 4.465195e+07 3.413363e+06 
2.512598e+02 4.590396e+07 2.811005e+06 
2.203983e+02 4.808775e+07 4.216507e+06 
2.299512e+02 4.442555e+07 3.413363e+06 
2.364812e+02 4.435950e+07 3.212577e+06 
2.281073e+02 4.673903e+07 3.011791e+06 
2.276350e+02 4.450756e+07 3.212577e+06 
2.249859e+02 4.521153e+07 3.413363e+06 
2.205189e+02 4.679276e+07 4.216507e+06 
2.449123e+02 4.815505e+07 2.811005e+06 
2.202235e+02 4.679485e+07 4.417293e+06 
2.202714e+02 4.704724e+07 4.417293e+06 
2.274476e+02 4.631428e+07 3.212577e+06 
2.340775e+02 4.416636e+07 3.212577e+06 
2.273586e+02 4.529371e+07 3.212577e+06 
2.201814e+02 4.676626e+07 4.618079e+06 
2.202417e+02 4.710714e+07 4.417293e+06 
2.187305e+02 4.783716e+07 4.818865e+06 
2.190614e+02 4.825502e+07 4.417293e+06 
2.218073e+02 4.574566e+07 4.015721e+06 
2.194245e+02 4.708382e+07 4.618079e+06 
2.204167e+02 4.733609e+07 4.216507e+06 
2.246583e+02 4.795342e+07 3.413363e+06 
2.205885e+02 4.668245e+07 4.417293e+06 
2.293053e+02 4.464922e+07 3.212577e+06 
2.466447e+02 4.640774e+07 2.811005e+06 
2.520067e+02 4.597901e+07 2.610219e+06 
2.191476e+02 4.766386e+07 4.818865e+06 
2.190093e+02 4.702385e+07 4.618079e+06 
2.486744e+02 4.613383e+07 2.811005e+06 
2.220957e+02 4.666078e+07 3.814935e+06 
2.502226e+02 4.596874e+07 2.811005e+06 

2.429832e+02 4.648176e+07 4.618079e+06 
2.527262e+02 4.560908e+07 4.417293e+06 
2.341255e+02 4.822404e+07 3.413363e+06 
2.475201e+02 4.577178e+07 4.216507e+06 
2.620662e+02 5.233572e+07 3.011791e+06 
2.273648e+02 4.844948e+07 4.216507e+06 
2.614002e+02 5.317123e+07 3.212577e+06 
2.394695e+02 4.700310e+07 4.417293e+06 
2.438933e+02 4.648435e+07 4.417293e+06 
2.348668e+02 4.755299e+07 3.614149e+06 
2.344389e+02 4.762554e+07 4.216507e+06 
2.410694e+02 4.665006e+07 4.216507e+06 
2.332799e+02 4.851182e+07 3.614149e+06 
2.353797e+02 4.757564e+07 3.814935e+06 
2.330399e+02 4.768233e+07 3.614149e+06 
2.285206e+02 4.842202e+07 4.015721e+06 
2.361227e+02 4.852374e+07 3.413363e+06 
2.318626e+02 4.934460e+07 3.814935e+06 
2.334288e+02 4.767401e+07 3.814935e+06 
2.668714e+02 5.216223e+07 3.011791e+06 
2.493090e+02 4.539828e+07 4.417293e+06 
2.549270e+02 4.559873e+07 4.015721e+06 
2.568334e+02 4.547985e+07 4.216507e+06 
2.462961e+02 4.635368e+07 4.216507e+06 
2.373003e+02 4.712853e+07 4.618079e+06 
2.308548e+02 4.784819e+07 4.015721e+06 
2.531954e+02 4.531128e+07 4.417293e+06 
2.754507e+02 4.509594e+07 4.216507e+06 
2.600361e+02 4.556011e+07 4.216507e+06 
2.484806e+02 4.581135e+07 4.417293e+06 
2.620496e+02 5.306941e+07 3.011791e+06 
2.324890e+02 4.845525e+07 3.814935e+06 
2.435037e+02 4.635647e+07 4.216507e+06 
2.392739e+02 4.658824e+07 4.417293e+06 
2.262093e+02 4.841513e+07 4.417293e+06 
2.404196e+02 4.715013e+07 3.413363e+06 
2.520879e+02 4.607012e+07 4.015721e+06 
2.307000e+02 4.803283e+07 4.216507e+06 
2.536303e+02 4.579821e+07 4.015721e+06 
2.503449e+02 4.710783e+07 3.413363e+06 
2.641182e+02 5.238577e+07 3.212577e+06 
2.307094e+02 4.822797e+07 4.015721e+06 
2.515249e+02 4.696673e+07 3.413363e+06 
2.273809e+02 4.967754e+07 4.216507e+06 
2.354968e+02 4.780916e+07 3.413363e+06 
2.344017e+02 4.747748e+07 4.818865e+06 
2.321203e+02 4.759314e+07 4.015721e+06 
2.608311e+02 5.337418e+07 3.212577e+06 
2.632926e+02 5.247793e+07 3.011791e+06 
2.616398e+02 5.382091e+07 3.011791e+06 
2.462809e+02 4.599768e+07 4.417293e+06 
2.421166e+02 4.650677e+07 4.015721e+06 
2.673399e+02 4.493295e+07 4.015721e+06 
2.307761e+02 4.793239e+07 4.015721e+06 
2.614799e+02 5.241200e+07 3.212577e+06 
2.314884e+02 4.901926e+07 3.814935e+06 
2.596069e+02 5.372552e+07 3.011791e+06 
2.386599e+02 4.718882e+07 4.015721e+06 
2.364855e+02 4.739329e+07 3.413363e+06 
2.267880e+02 4.904028e+07 4.618079e+06 
2.294237e+02 4.832766e+07 4.216507e+06 
2.463150e+02 4.613688e+07 4.015721e+06 
2.286864e+02 4.841597e+07 4.216507e+06 
2.618627e+02 5.365181e+07 2.811005e+06 
2.439808e+02 4.613724e+07 4.417293e+06 
2.356511e+02 4.731144e+07 4.015721e+06 
2.279521e+02 4.893366e+07 4.015721e+06 
2.386425e+02 4.684306e+07 4.015721e+06 
2.304820e+02 4.822150e+07 4.216507e+06 
2.475049e+02 4.703886e+07 3.413363e+06 
2.279849e+02 5.023843e+07 4.015721e+06 
2.302294e+02 4.817582e+07 4.417293e+06 
2.509033e+02 4.559609e+07 4.216507e+06 
2.523846e+02 4.606469e+07 4.015721e+06 
2.328616e+02 4.772654e+07 4.015721e+06 
2.713817e+02 4.517404e+07 4.015721e+06 
2.455041e+02 4.622523e+07 4.417293e+06 
2.307988e+02 4.802956e+07 4.015721e+06 
2.305193e+02 4.811216e+07 4.417293e+06 
2.455289e+02 4.650337e+07 4.015721e+06 
2.525887e+02 4.598960e+07 4.015721e+06 
2.371046e+02 4.726884e+07 4.818865e+06 
2.365657e+02 4.715050e+07 4.216507e+06 
2.416059e+02 4.668989e+07 4.417293e+06 
2.508367e+02 4.571387e+07 4.417293e+06 
2.412583e+02 4.677437e+07 4.618079e+06 
2.291030e+02 4.826860e+07 4.015721e+06 
2.313962e+02 4.797108e+07 4.015721e+06 
2.530135e+02 4.580491e+07 4.015721e+06 
2.645705e+02 4.501020e+07 4.015721e+06 
2.622058e+02 4.547819e+07 4.015721e+06 
2.381318e+02 4.685851e+07 4.618079e+06 
2.430768e+02 4.708484e+07 3.413363e+06 
2.446653e+02 4.584374e+07 4.417293e+06 
2.644750e+02 5.323828e+07 2.811005e+06 
2.639210e+02 4.541732e+07 4.015721e+06 
2.457570e+02 4.665947e+07 3.614149e+06 
2.654593e+02 4.523665e+07 4.015721e+06 
2.609022e+02 4.542400e+07 4.015721e+06 
2.283618e+02 4.850328e+07 4.618079e+06 

2.282939e+02 5.131245e+07 5.220437e+06 
2.554725e+02 4.436956e+07 2.411370e+06 
2.339629e+02 4.641208e+07 2.700734e+06 
2.478137e+02 4.462635e+07 2.700734e+06 
2.310142e+02 4.793157e+07 4.015721e+06 
2.399566e+02 4.515566e+07 2.700734e+06 
2.507249e+02 4.517743e+07 2.411370e+06 
2.516605e+02 4.442193e+07 2.604280e+06 
2.393245e+02 4.545025e+07 2.811005e+06 
2.505765e+02 4.449425e+07 2.604280e+06 
2.550930e+02 4.456026e+07 2.411370e+06 
2.338384e+02 4.641217e+07 3.011791e+06 
2.300527e+02 4.718293e+07 3.814935e+06 
2.421256e+02 4.497042e+07 2.604280e+06 
2.457937e+02 4.520104e+07 2.507825e+06 
2.411758e+02 4.502711e+07 2.604280e+06 
2.303268e+02 4.859909e+07 4.417293e+06 
2.393441e+02 4.617278e+07 2.610219e+06 
2.499019e+02 4.444179e+07 2.604280e+06 
2.523480e+02 4.449365e+07 2.507825e+06 
2.295559e+02 4.818011e+07 4.417293e+06 
2.423581e+02 4.499357e+07 2.700734e+06 
2.454111e+02 4.472803e+07 2.604280e+06 
2.562960e+02 4.490114e+07 2.409432e+06 
2.588155e+02 4.445841e+07 2.387906e+06 
2.601896e+02 4.436483e+07 2.387906e+06 
2.300496e+02 4.840972e+07 4.216507e+06 
2.393023e+02 4.534747e+07 2.700734e+06 
2.499843e+02 4.564493e+07 2.411370e+06 
2.393363e+02 4.534409e+07 2.700734e+06 
2.392242e+02 4.561576e+07 2.610219e+06 
2.555152e+02 4.508840e+07 2.409432e+06 
2.436836e+02 4.480790e+07 2.604280e+06 
2.543604e+02 4.423156e+07 2.507825e+06 
2.465456e+02 4.482467e+07 2.507825e+06 
2.352862e+02 4.611952e+07 2.811005e+06 
2.487143e+02 4.455350e+07 2.507825e+06 
2.375347e+02 4.587290e+07 2.811005e+06 
2.534362e+02 4.519255e+07 2.409432e+06 
2.286592e+02 5.108955e+07 5.421223e+06 
2.528635e+02 4.419094e+07 2.604280e+06 
2.378732e+02 4.578192e+07 2.700734e+06 
2.274873e+02 5.105269e+07 5.421223e+06 
2.358082e+02 4.598644e+07 3.212577e+06 
2.342878e+02 4.611094e+07 3.011791e+06 
2.587311e+02 4.414968e+07 2.411370e+06 
2.498001e+02 4.584800e+07 2.411370e+06 
2.567197e+02 4.432913e+07 2.411370e+06 
2.382354e+02 4.561882e+07 2.700734e+06 
2.692021e+02 4.462247e+07 2.387906e+06 
2.348073e+02 4.585890e+07 3.011791e+06 
2.454501e+02 4.554613e+07 2.507825e+06 
2.553691e+02 4.526684e+07 2.387906e+06 
2.288346e+02 4.869445e+07 4.618079e+06 
2.568909e+02 4.513222e+07 2.387906e+06 
2.398038e+02 4.530757e+07 2.604280e+06 
2.320555e+02 4.692118e+07 3.212577e+06 
2.427248e+02 4.491487e+07 2.604280e+06 
2.508982e+02 4.552166e+07 2.411370e+06 
2.427706e+02 4.479946e+07 2.604280e+06 
2.502955e+02 4.556599e+07 2.411370e+06 
2.369572e+02 4.589388e+07 2.811005e+06 
2.385312e+02 4.528888e+07 2.811005e+06 
2.370106e+02 4.582828e+07 2.811005e+06 
2.320901e+02 4.708541e+07 3.814935e+06 
2.457107e+02 4.448614e+07 2.604280e+06 
2.611493e+02 4.450348e+07 2.409432e+06 
2.328977e+02 4.661438e+07 3.614149e+06 
2.285918e+02 4.976825e+07 4.818865e+06 
2.405080e+02 4.535520e+07 2.700734e+06 
2.309199e+02 4.699957e+07 3.614149e+06 
2.459144e+02 4.467243e+07 2.604280e+06 
2.506726e+02 4.535973e+07 2.411370e+06 
2.313168e+02 4.756545e+07 3.614149e+06 
2.456992e+02 4.499415e+07 2.507825e+06 
2.328861e+02 4.667214e+07 3.011791e+06 
2.332021e+02 4.628915e+07 3.614149e+06 
2.315402e+02 4.677801e+07 3.614149e+06 
2.517468e+02 4.414620e+07 2.604280e+06 
2.332424e+02 4.654174e+07 3.413363e+06 
2.369965e+02 4.608735e+07 2.700734e+06 
2.332211e+02 4.624907e+07 3.212577e+06 
2.337809e+02 4.604385e+07 3.011791e+06 
2.518858e+02 4.437767e+07 2.604280e+06 
2.449580e+02 4.454324e+07 2.610219e+06 
2.288486e+02 4.879276e+07 4.618079e+06 
2.322691e+02 4.772838e+07 3.413363e+06 
2.312087e+02 4.746616e+07 4.015721e+06 
2.552573e+02 4.442585e+07 2.507825e+06 
2.327838e+02 4.665506e+07 3.614149e+06 
2.584057e+02 4.514499e+07 2.387906e+06 
2.561077e+02 4.491026e+07 2.409432e+06 
2.385678e+02 4.563140e+07 2.700734e+06 
2.327311e+02 4.680688e+07 3.614149e+06 
2.565823e+02 4.420977e+07 2.507825e+06 
2.484143e+02 4.473593e+07 2.507825e+06 
2.416963e+02 4.507283e+07 2.700734e+06 
2.598311e+02 4.428681e+07 2.411370e+06 
2.349638e+02 4.589578e+07 2.700734e+06 
2.513422e+02 4.484985e+07 2.411370e+06 

2.368553e+02 4.395626e+07 3.011791e+06 
2.294962e+02 4.534510e+07 3.814935e+06 
2.353514e+02 4.468682e+07 3.212577e+06 
2.288800e+02 4.586145e+07 4.015721e+06 
2.293853e+02 4.556661e+07 3.614149e+06 
2.368139e+02 4.382306e+07 3.011791e+06 
2.711806e+02 4.266512e+07 2.811005e+06 
2.389554e+02 4.339948e+07 3.011791e+06 
2.346437e+02 4.455335e+07 3.614149e+06 
2.339720e+02 4.441015e+07 3.413363e+06 
2.251195e+02 4.750725e+07 4.818865e+06 
2.512626e+02 4.309984e+07 3.011791e+06 
2.333595e+02 4.485497e+07 3.413363e+06 
2.363962e+02 4.408777e+07 3.212577e+06 
2.291677e+02 4.553008e+07 4.015721e+06 
2.324535e+02 4.526006e+07 3.413363e+06 
2.412464e+02 4.320344e+07 3.011791e+06 
2.402292e+02 4.373033e+07 2.811005e+06 
2.574873e+02 4.298530e+07 3.011791e+06 
2.333335e+02 4.486490e+07 3.413363e+06 
2.474467e+02 4.309493e+07 2.811005e+06 
2.718466e+02 4.285060e+07 2.811005e+06 
2.335745e+02 4.609209e+07 3.212577e+06 
2.352074e+02 4.432964e+07 3.413363e+06 
2.451829e+02 4.351723e+07 2.811005e+06 
2.585819e+02 4.294759e+07 2.811005e+06 
2.277538e+02 4.629362e+07 4.618079e+06 
2.577525e+02 4.926111e+07 2.797189e+06 
2.349146e+02 4.387666e+07 3.413363e+06 
2.390063e+02 4.449189e+07 2.811005e+06 
2.257133e+02 4.626469e+07 4.417293e+06 
2.434327e+02 4.360425e+07 2.811005e+06 
2.354142e+02 4.487966e+07 3.212577e+06 
2.257904e+02 4.695293e+07 4.417293e+06 
2.244402e+02 4.782643e+07 4.618079e+06 
2.622563e+02 4.293144e+07 2.811005e+06 
2.335376e+02 4.446453e+07 3.413363e+06 
2.290518e+02 4.524340e+07 3.614149e+06 
2.289165e+02 4.599191e+07 3.814935e+06 
2.342321e+02 4.432620e+07 3.614149e+06 
2.391266e+02 4.371863e+07 3.212577e+06 
2.580959e+02 4.801862e+07 2.797189e+06 
2.595978e+02 4.303466e+07 2.811005e+06 
2.347024e+02 4.542696e+07 3.011791e+06 
2.361721e+02 4.399915e+07 3.413363e+06 
2.310425e+02 4.485237e+07 4.015721e+06 
2.535775e+02 4.315047e+07 2.811005e+06 
2.252061e+02 4.673658e+07 4.618079e+06 
2.261072e+02 4.674174e+07 4.417293e+06 
2.378658e+02 4.468166e+07 2.811005e+06 
2.377954e+02 4.529673e+07 2.811005e+06 
2.355041e+02 4.412513e+07 3.212577e+06 
2.451728e+02 4.342621e+07 3.011791e+06 
2.345407e+02 4.431896e+07 3.413363e+06 
2.352316e+02 4.424852e+07 3.614149e+06 
2.305346e+02 4.529761e+07 3.614149e+06 
2.414875e+02 4.344379e+07 3.212577e+06 
2.596593e+02 4.850700e+07 2.797189e+06 
2.388691e+02 4.390266e+07 2.811005e+06 
2.339368e+02 4.470458e+07 3.413363e+06 
2.327446e+02 4.527256e+07 3.212577e+06 
2.306774e+02 4.468402e+07 3.614149e+06 
2.330480e+02 4.477183e+07 3.614149e+06 
2.245990e+02 4.803318e+07 5.019651e+06 
2.280975e+02 4.692919e+07 4.015721e+06 
2.254291e+02 4.747486e+07 4.818865e+06 
2.424473e+02 4.353817e+07 2.811005e+06 
2.386902e+02 4.463452e+07 2.811005e+06 
2.278110e+02 4.606400e+07 4.216507e+06 
2.279219e+02 4.650254e+07 3.814935e+06 
2.370683e+02 4.474245e+07 2.811005e+06 
2.280784e+02 4.560567e+07 4.015721e+06 
2.253694e+02 4.643224e+07 4.417293e+06 
2.484297e+02 4.338681e+07 2.811005e+06 
2.356394e+02 4.422429e+07 3.413363e+06 
2.268450e+02 4.638995e+07 4.417293e+06 
2.585859e+02 4.901767e+07 2.797189e+06 
2.465778e+02 4.324683e+07 2.811005e+06 
2.341876e+02 4.505150e+07 3.011791e+06 
2.358571e+02 4.413275e+07 3.413363e+06 
2.271073e+02 4.587595e+07 4.015721e+06 
2.323003e+02 4.509326e+07 3.413363e+06 
2.329548e+02 4.463646e+07 4.015721e+06 
2.262626e+02 4.646360e+07 4.618079e+06 
2.329925e+02 4.471841e+07 3.814935e+06 
2.320849e+02 4.560448e+07 3.413363e+06 
2.254500e+02 4.720133e+07 4.618079e+06 
2.318884e+02 4.625451e+07 3.413363e+06 
2.277464e+02 4.875143e+07 4.216507e+06 
2.395467e+02 4.425553e+07 2.811005e+06 
2.281792e+02 4.591189e+07 4.216507e+06 
2.350932e+02 4.486396e+07 3.212577e+06 
2.504487e+02 4.329377e+07 3.011791e+06 
2.348250e+02 4.436238e+07 3.614149e+06 
2.431815e+02 4.377301e+07 3.011791e+06 
2.270384e+02 4.653000e+07 4.216507e+06 
2.344276e+02 4.432334e+07 3.814935e+06 
2.342659e+02 4.462844e+07 3.413363e+06 
2.622968e+02 4.295574e+07 2.811005e+06 
2.371450e+02 4.464692e+07 2.811005e+06 

