9.895950e+03 3.926381e+07 9.551220e+05 
8.655950e+03 3.452124e+07 1.191674e+06 
7.755350e+03 3.093199e+07 1.702391e+06 
7.685600e+03 3.114792e+07 1.617271e+06 
8.678800e+03 3.439362e+07 1.208656e+06 
1.000135e+04 3.797394e+07 1.021435e+06 
7.307350e+03 3.030186e+07 1.755590e+06 
6.593450e+03 2.713283e+07 2.298228e+06 
6.558450e+03 2.698585e+07 2.383347e+06 
6.760250e+03 2.718769e+07 2.127989e+06 
1.008690e+04 3.981093e+07 9.166462e+05 
7.033050e+03 2.877152e+07 1.872630e+06 
1.089320e+04 4.155656e+07 8.721289e+05 
6.933250e+03 2.855160e+07 1.957750e+06 
7.287350e+03 2.983815e+07 1.808789e+06 
9.257700e+03 3.722378e+07 1.102899e+06 
6.648900e+03 2.686156e+07 2.213108e+06 
8.014600e+03 3.325361e+07 1.532152e+06 
6.885000e+03 2.836298e+07 2.042869e+06 
7.334200e+03 2.983365e+07 1.755590e+06 
8.686350e+03 3.483089e+07 1.106554e+06 
6.591850e+03 2.697530e+07 2.383347e+06 
8.781400e+03 3.453210e+07 1.133115e+06 
6.597250e+03 2.730411e+07 2.127989e+06 
1.007725e+04 3.990025e+07 9.096400e+05 

6.831350e+03 2.792653e+07 2.213108e+06 
6.370250e+03 2.623711e+07 2.553587e+06 
9.851550e+03 3.858538e+07 9.363151e+05 
7.673950e+03 3.131851e+07 1.532152e+06 
7.982750e+03 3.338574e+07 1.276793e+06 
7.692750e+03 3.129820e+07 1.585351e+06 
9.954700e+03 3.870454e+07 9.064920e+05 
7.671600e+03 3.160495e+07 1.447032e+06 
6.716000e+03 2.813583e+07 2.213108e+06 
7.384700e+03 3.022780e+07 1.617271e+06 
9.224650e+03 3.668728e+07 1.208656e+06 
6.571950e+03 2.724131e+07 2.383347e+06 
6.849200e+03 2.782028e+07 2.127989e+06 
6.433600e+03 2.643558e+07 2.468467e+06 
7.932100e+03 3.268047e+07 1.361913e+06 
9.676300e+03 3.813468e+07 1.106554e+06 
6.670100e+03 2.794083e+07 2.298228e+06 
9.289150e+03 3.721803e+07 1.133115e+06 
6.418400e+03 2.649869e+07 2.468467e+06 
9.298800e+03 3.683364e+07 1.191674e+06 
7.010650e+03 2.863601e+07 1.957750e+06 
7.319600e+03 3.007546e+07 1.872630e+06 
7.991300e+03 3.330684e+07 1.276793e+06 
9.917550e+03 3.857578e+07 1.063994e+06 
6.919450e+03 2.813114e+07 2.042869e+06 

8.313700e+03 3.347262e+07 1.447032e+06 
8.436650e+03 3.437775e+07 1.361913e+06 
8.549100e+03 3.446136e+07 1.191674e+06 
7.603250e+03 3.116967e+07 1.617271e+06 
7.154350e+03 2.978211e+07 1.957750e+06 
1.018005e+04 4.130319e+07 9.064920e+05 
6.519300e+03 2.689741e+07 2.298228e+06 
8.825400e+03 3.608898e+07 1.037375e+06 
8.532800e+03 3.463991e+07 1.191674e+06 
8.723100e+03 3.500095e+07 1.106554e+06 
6.690850e+03 2.771701e+07 2.213108e+06 
6.697250e+03 2.760434e+07 2.213108e+06 
7.443500e+03 3.137181e+07 1.702391e+06 
6.725750e+03 2.792583e+07 2.127989e+06 
8.549400e+03 3.430122e+07 1.361913e+06 
7.359850e+03 3.055168e+07 1.787511e+06 
6.450850e+03 2.655775e+07 2.383347e+06 
6.733550e+03 2.771393e+07 2.127989e+06 
9.985450e+03 4.178172e+07 1.021435e+06 
7.704700e+03 3.143958e+07 1.532152e+06 
1.042635e+04 4.192696e+07 8.585176e+05 
7.518250e+03 3.102943e+07 1.702391e+06 
6.820600e+03 2.797503e+07 2.042869e+06 
7.250600e+03 3.003000e+07 1.872630e+06 
6.783350e+03 2.806280e+07 2.042869e+06 

6.718750e+03 2.738826e+07 2.213108e+06 
6.795900e+03 2.807537e+07 2.127989e+06 
6.839800e+03 2.762416e+07 2.127989e+06 
9.973200e+03 4.228034e+07 9.820330e+05 
6.806400e+03 2.774259e+07 2.042869e+06 
8.318250e+03 3.277959e+07 1.532152e+06 
9.538950e+03 3.825292e+07 1.106554e+06 
6.644800e+03 2.744934e+07 2.298228e+06 
8.417150e+03 3.398728e+07 1.359738e+06 
9.996200e+03 4.015175e+07 1.021435e+06 
7.250100e+03 2.910283e+07 1.702391e+06 
9.442500e+03 3.810098e+07 1.191674e+06 
6.797350e+03 2.808749e+07 1.957750e+06 
6.613050e+03 2.737136e+07 2.383347e+06 
8.413800e+03 3.391028e+07 1.361913e+06 
8.376600e+03 3.387533e+07 1.447032e+06 
6.737300e+03 2.752028e+07 2.213108e+06 
8.661850e+03 3.602285e+07 1.284197e+06 
6.897300e+03 2.790975e+07 1.957750e+06 
6.693300e+03 2.751624e+07 2.213108e+06 
7.367400e+03 2.981205e+07 1.617271e+06 
6.878800e+03 2.801318e+07 1.872630e+06 
9.787300e+03 3.941499e+07 1.057574e+06 
9.296850e+03 3.558491e+07 1.276793e+06 
8.165050e+03 3.294745e+07 1.532152e+06 

7.636500e+03 3.056758e+07 1.787511e+06 
6.601000e+03 2.725645e+07 2.468467e+06 
9.324800e+03 3.526426e+07 1.057574e+06 
6.863150e+03 2.833257e+07 2.042869e+06 
1.012395e+04 4.008075e+07 9.363151e+05 
7.683750e+03 3.090397e+07 1.702391e+06 
8.197200e+03 3.216154e+07 1.532152e+06 
9.136200e+03 3.467825e+07 1.106554e+06 
8.462000e+03 3.318055e+07 1.329992e+06 
7.233800e+03 2.933806e+07 1.957750e+06 
8.930250e+03 3.452928e+07 1.133115e+06 
8.651300e+03 3.394106e+07 1.191674e+06 
6.721850e+03 2.780339e+07 2.298228e+06 
8.837350e+03 3.381491e+07 1.208656e+06 
6.730200e+03 2.784530e+07 2.213108e+06 
8.249850e+03 3.265706e+07 1.361913e+06 
8.199200e+03 3.238594e+07 1.500231e+06 
6.812400e+03 2.810905e+07 2.127989e+06 
7.372850e+03 2.977001e+07 1.872630e+06 
8.126650e+03 3.197656e+07 1.617271e+06 
6.578250e+03 2.731052e+07 2.383347e+06 
8.589550e+03 3.369531e+07 1.284197e+06 
9.986550e+03 3.972644e+07 1.021435e+06 
6.602550e+03 2.725249e+07 2.383347e+06 
6.787650e+03 2.828325e+07 2.127989e+06 

7.087150e+03 2.956187e+07 2.213108e+06 
7.198750e+03 2.974096e+07 1.957750e+06 
8.448650e+03 3.522298e+07 1.284197e+06 
7.991750e+03 3.366531e+07 1.359738e+06 
7.519350e+03 3.175710e+07 1.702391e+06 
9.899900e+03 3.838467e+07 1.001604e+06 
7.582800e+03 3.133616e+07 1.617271e+06 
7.658000e+03 3.162352e+07 1.532152e+06 
7.065250e+03 2.959318e+07 2.213108e+06 
7.096550e+03 2.966240e+07 2.127989e+06 
7.781900e+03 3.289161e+07 1.489592e+06 
7.986800e+03 3.366571e+07 1.404473e+06 
7.332850e+03 3.031261e+07 1.872630e+06 
9.064600e+03 3.665205e+07 1.021435e+06 
8.530000e+03 3.602194e+07 1.208656e+06 
7.380200e+03 3.074846e+07 1.787511e+06 
7.571350e+03 3.167854e+07 1.532152e+06 
1.044800e+04 4.197166e+07 9.363151e+05 
7.177600e+03 3.019426e+07 1.957750e+06 
8.963350e+03 3.623368e+07 1.106554e+06 
7.667100e+03 3.207621e+07 1.510820e+06 
8.025850e+03 3.361553e+07 1.404473e+06 
9.391150e+03 3.943278e+07 9.820330e+05 
7.427700e+03 3.047721e+07 1.787511e+06 
8.973050e+03 3.631949e+07 1.057574e+06 

6.869850e+03 2.843985e+07 1.957750e+06 
6.353600e+03 2.575993e+07 2.298228e+06 
9.005250e+03 3.716576e+07 1.106554e+06 
8.910900e+03 3.628626e+07 1.208656e+06 
7.639500e+03 3.234635e+07 1.532152e+06 
6.379500e+03 2.575484e+07 2.383347e+06 
6.546400e+03 2.665809e+07 2.213108e+06 
6.420700e+03 2.590316e+07 2.298228e+06 
6.418150e+03 2.572317e+07 2.298228e+06 
9.150650e+03 3.849566e+07 9.064920e+05 
6.914850e+03 2.863706e+07 1.872630e+06 
7.132650e+03 2.916944e+07 1.787511e+06 
7.602150e+03 3.220031e+07 1.670470e+06 
8.702700e+03 3.498075e+07 1.234234e+06 
6.383100e+03 2.575278e+07 2.383347e+06 
8.390850e+03 3.380352e+07 1.447032e+06 
8.336650e+03 3.405880e+07 1.361913e+06 
7.670700e+03 3.228157e+07 1.617271e+06 
8.857350e+03 3.680248e+07 1.191674e+06 
8.672250e+03 3.875378e+07 9.363151e+05 
6.342800e+03 2.582574e+07 2.383347e+06 
9.127600e+03 3.828633e+07 9.820330e+05 
7.086500e+03 2.942506e+07 1.702391e+06 
9.129950e+03 3.777599e+07 1.021435e+06 
6.631400e+03 2.695553e+07 2.127989e+06 

8.295000e+03 3.384011e+07 1.276793e+06 
6.773050e+03 2.826242e+07 2.127989e+06 
6.553900e+03 2.715230e+07 2.383347e+06 
6.512000e+03 2.669269e+07 2.553587e+06 
6.509450e+03 2.678118e+07 2.553587e+06 
7.858750e+03 3.253099e+07 1.447032e+06 
7.588150e+03 3.158298e+07 1.532152e+06 
8.839400e+03 3.602783e+07 1.133115e+06 
9.884350e+03 4.166891e+07 9.363151e+05 
7.298750e+03 3.029371e+07 1.702391e+06 
8.642550e+03 3.562288e+07 1.208656e+06 
7.135450e+03 2.977913e+07 1.872630e+06 
6.885050e+03 2.846076e+07 1.957750e+06 
9.062650e+03 3.738144e+07 1.057574e+06 
9.269500e+03 3.711423e+07 1.106554e+06 
6.885550e+03 2.825400e+07 2.042869e+06 
6.529800e+03 2.684572e+07 2.468467e+06 
7.215300e+03 3.007902e+07 1.787511e+06 
6.781700e+03 2.803153e+07 2.127989e+06 
6.801550e+03 2.801587e+07 2.127989e+06 
7.929500e+03 3.250173e+07 1.447032e+06 
6.744000e+03 2.787839e+07 2.213108e+06 
8.194900e+03 3.353080e+07 1.361913e+06 
6.592300e+03 2.729472e+07 2.298228e+06 
9.018950e+03 3.792638e+07 9.820330e+05 

6.602800e+03 2.758641e+07 2.511027e+06 
7.444900e+03 3.165204e+07 1.617271e+06 
8.860450e+03 3.501828e+07 1.057574e+06 
6.730850e+03 2.789098e+07 2.042869e+06 
8.426050e+03 3.464991e+07 1.284197e+06 
8.663350e+03 3.538075e+07 1.102899e+06 
8.861300e+03 3.560500e+07 9.820330e+05 
8.108200e+03 3.330448e+07 1.447032e+06 
9.050900e+03 3.708652e+07 9.363151e+05 
7.490650e+03 3.105491e+07 1.617271e+06 
6.609750e+03 2.753456e+07 2.383347e+06 
6.849750e+03 2.846212e+07 1.872630e+06 
6.623450e+03 2.735771e+07 2.213108e+06 
8.302900e+03 3.388846e+07 1.435279e+06 
7.892400e+03 3.235036e+07 1.510820e+06 
8.813150e+03 3.425633e+07 1.106554e+06 
8.683300e+03 3.387541e+07 1.276793e+06 
7.824650e+03 3.279043e+07 1.586361e+06 
6.649700e+03 2.738734e+07 2.127989e+06 
8.701550e+03 3.397784e+07 1.191674e+06 
7.118950e+03 2.965299e+07 1.787511e+06 
7.429650e+03 3.093163e+07 1.702391e+06 
6.749450e+03 2.780694e+07 1.957750e+06 
6.756100e+03 2.775692e+07 2.085429e+06 
8.771550e+03 3.525379e+07 9.895141e+05 

6.645850e+03 2.733968e+07 2.468467e+06 
6.901000e+03 2.803489e+07 1.957750e+06 
6.817500e+03 2.763889e+07 2.213108e+06 
7.234150e+03 2.993805e+07 1.702391e+06 
7.542800e+03 3.153382e+07 1.447032e+06 
9.077000e+03 3.760353e+07 1.074634e+06 
7.472950e+03 3.102454e+07 1.617271e+06 
6.858000e+03 2.780639e+07 2.042869e+06 
7.009000e+03 2.903955e+07 1.787511e+06 
8.171150e+03 3.382621e+07 1.329992e+06 
8.234650e+03 3.297013e+07 1.361913e+06 
6.934400e+03 2.805827e+07 1.872630e+06 
7.102550e+03 2.923933e+07 1.755590e+06 
8.786950e+03 3.467526e+07 1.191674e+06 
9.280750e+03 3.620158e+07 1.106554e+06 
8.666750e+03 3.395254e+07 1.276793e+06 
6.699750e+03 2.754199e+07 2.383347e+06 
9.669550e+03 3.671784e+07 1.057574e+06 
7.565850e+03 3.113909e+07 1.585351e+06 
8.685200e+03 3.420797e+07 1.244873e+06 
8.090300e+03 3.353853e+07 1.359738e+06 
9.557850e+03 4.005791e+07 9.895141e+05 
6.933800e+03 2.799998e+07 1.957750e+06 
7.481100e+03 3.074302e+07 1.670470e+06 
7.745650e+03 3.138147e+07 1.500231e+06 

