2.576743e+02 6.357801e+07 5.859628e+06 
2.578947e+02 6.167666e+07 6.052537e+06 
2.691007e+02 6.406144e+07 5.329125e+06 
2.819790e+02 7.518798e+07 4.846851e+06 
2.782865e+02 6.282201e+07 5.666718e+06 
2.469984e+02 6.463358e+07 6.293673e+06 
2.531930e+02 6.435051e+07 5.859628e+06 
2.767832e+02 6.376745e+07 5.594376e+06 
2.731674e+02 6.292504e+07 5.787286e+06 
2.760047e+02 6.205069e+07 5.666718e+06 
2.520516e+02 6.544822e+07 5.980196e+06 
2.810460e+02 6.306179e+07 5.473808e+06 
2.665213e+02 6.493519e+07 5.329125e+06 
2.913839e+02 7.591446e+07 4.846851e+06 
2.511531e+02 6.377573e+07 6.100764e+06 
2.553744e+02 6.535299e+07 5.594376e+06 
2.465676e+02 6.569496e+07 6.100764e+06 
2.998789e+02 6.513842e+07 5.136216e+06 
3.021601e+02 6.743147e+07 5.015648e+06 
2.531722e+02 6.528030e+07 5.859628e+06 
2.462222e+02 6.572584e+07 5.787286e+06 
2.791377e+02 6.327227e+07 5.329125e+06 
2.701707e+02 6.682103e+07 5.208557e+06 
2.810924e+02 6.243767e+07 5.980196e+06 
2.555786e+02 6.499536e+07 5.787286e+06 
2.666011e+02 6.305445e+07 5.859628e+06 
2.656428e+02 6.365854e+07 5.763173e+06 
2.450898e+02 6.747188e+07 5.787286e+06 
2.512269e+02 6.693144e+07 5.401467e+06 
2.659062e+02 6.518384e+07 5.401467e+06 
2.659081e+02 6.472474e+07 5.522035e+06 
2.798910e+02 6.851728e+07 4.943306e+06 
2.551165e+02 6.347795e+07 5.980196e+06 
2.904809e+02 7.816388e+07 4.750396e+06 
2.477067e+02 6.320978e+07 6.293673e+06 
2.527274e+02 6.500739e+07 5.980196e+06 
2.532626e+02 6.526090e+07 5.690831e+06 
2.564361e+02 6.436914e+07 5.787286e+06 
2.656665e+02 6.453318e+07 5.714944e+06 
2.474625e+02 6.723296e+07 5.208557e+06 
2.505826e+02 6.486440e+07 6.100764e+06 
2.721456e+02 6.279842e+07 5.859628e+06 
3.020101e+02 7.614095e+07 4.653942e+06 
2.452918e+02 6.645157e+07 5.594376e+06 
2.751807e+02 6.913715e+07 4.943306e+06 
2.832477e+02 6.669367e+07 5.015648e+06 
2.599100e+02 6.395502e+07 5.787286e+06 
2.912776e+02 7.652928e+07 4.618574e+06 
2.530760e+02 6.373985e+07 6.100764e+06 
2.715252e+02 6.563370e+07 5.305012e+06 
2.720530e+02 6.331334e+07 5.666718e+06 
2.545283e+02 6.350735e+07 5.980196e+06 
2.615800e+02 6.334815e+07 5.980196e+06 
2.635307e+02 6.524748e+07 5.329125e+06 
2.658301e+02 6.327988e+07 5.594376e+06 
2.521741e+02 6.528632e+07 6.052537e+06 
2.521708e+02 6.199983e+07 6.293673e+06 
3.012237e+02 7.805919e+07 4.557487e+06 
2.573052e+02 6.467405e+07 5.666718e+06 
2.881208e+02 6.644745e+07 5.136216e+06 
2.567831e+02 6.188512e+07 6.173105e+06 
2.678756e+02 6.384417e+07 5.473808e+06 
2.631050e+02 6.479770e+07 5.522035e+06 
2.721039e+02 6.246918e+07 5.980196e+06 
2.592738e+02 6.411110e+07 5.787286e+06 
2.929848e+02 7.663145e+07 4.653942e+06 
2.631786e+02 6.532313e+07 5.473808e+06 
2.507637e+02 6.388176e+07 6.173105e+06 
2.735860e+02 6.745074e+07 5.015648e+06 
2.710772e+02 6.524083e+07 5.136216e+06 
2.684111e+02 6.482457e+07 5.329125e+06 
2.686701e+02 6.694823e+07 5.136216e+06 
2.556036e+02 6.181247e+07 6.173105e+06 
2.671396e+02 6.296015e+07 5.787286e+06 
2.629455e+02 6.556574e+07 5.329125e+06 
2.811663e+02 6.406103e+07 5.329125e+06 
2.534604e+02 6.395426e+07 5.980196e+06 
2.573011e+02 6.334026e+07 5.931969e+06 
2.562889e+02 6.224268e+07 6.173105e+06 
2.508067e+02 6.545353e+07 5.907854e+06 
2.472818e+02 6.388730e+07 6.173105e+06 
2.512928e+02 6.574582e+07 5.594376e+06 
2.554669e+02 6.535784e+07 5.401467e+06 
2.535535e+02 6.275760e+07 6.173105e+06 
2.754416e+02 6.555553e+07 5.208557e+06 
2.484779e+02 6.451279e+07 6.173105e+06 
2.526905e+02 6.661079e+07 5.401467e+06 
2.895918e+02 7.531169e+07 4.869356e+06 
2.588977e+02 6.251818e+07 6.052537e+06 
2.997378e+02 7.566318e+07 4.846851e+06 
2.471458e+02 6.551709e+07 6.100764e+06 
2.606945e+02 6.309915e+07 5.859628e+06 
2.513764e+02 6.595649e+07 5.497922e+06 
2.527367e+02 6.405825e+07 5.980196e+06 
2.794745e+02 6.323389e+07 5.594376e+06 
2.751971e+02 7.061133e+07 4.943306e+06 
2.742774e+02 6.360454e+07 5.473808e+06 
2.707515e+02 6.533951e+07 5.329125e+06 
2.640709e+02 6.391016e+07 5.787286e+06 
2.508880e+02 6.342562e+07 6.173105e+06 

2.608245e+02 6.439756e+07 5.594376e+06 
2.674962e+02 6.257448e+07 5.305012e+06 
2.765788e+02 6.357918e+07 5.280899e+06 
2.634667e+02 6.328693e+07 5.907854e+06 
2.723641e+02 6.165901e+07 5.690831e+06 
2.450878e+02 6.538028e+07 6.751834e+06 
2.712952e+02 6.219860e+07 5.401467e+06 
2.905055e+02 6.435798e+07 4.822738e+06 
2.628888e+02 6.217618e+07 6.052537e+06 
2.556107e+02 6.161353e+07 6.245447e+06 
2.556276e+02 6.679808e+07 5.666718e+06 
2.711538e+02 6.418195e+07 5.112102e+06 
2.756387e+02 6.187702e+07 5.883741e+06 
2.741122e+02 6.143131e+07 6.173105e+06 
2.733316e+02 6.283391e+07 5.305012e+06 
2.846723e+02 6.267070e+07 5.208557e+06 
2.784392e+02 6.145064e+07 5.883741e+06 
2.570205e+02 6.473273e+07 5.956082e+06 
2.556393e+02 6.260096e+07 6.173105e+06 
2.590089e+02 6.312024e+07 5.980196e+06 
2.578416e+02 6.400974e+07 5.859628e+06 
2.492868e+02 6.312987e+07 6.366015e+06 
2.725675e+02 6.295498e+07 5.208557e+06 
2.489696e+02 6.408613e+07 6.366015e+06 
2.548062e+02 6.330102e+07 6.052537e+06 
2.789179e+02 6.223722e+07 5.594376e+06 
2.545396e+02 6.567656e+07 5.763173e+06 
2.725218e+02 6.334827e+07 5.305012e+06 
2.503634e+02 6.311641e+07 6.269560e+06 
2.602343e+02 6.229918e+07 5.956082e+06 
2.567533e+02 6.480949e+07 5.907854e+06 
2.569599e+02 6.126333e+07 6.245447e+06 
2.476496e+02 6.498667e+07 6.751834e+06 
2.703338e+02 6.251693e+07 5.666718e+06 
2.500276e+02 6.222897e+07 6.366015e+06 
2.599832e+02 6.105912e+07 6.366015e+06 
2.889996e+02 6.187905e+07 5.787286e+06 
2.871965e+02 6.220064e+07 5.497922e+06 
2.542779e+02 6.615325e+07 5.980196e+06 
2.585517e+02 6.310874e+07 6.052537e+06 
2.616828e+02 6.172632e+07 6.052537e+06 
2.595240e+02 6.382353e+07 5.956082e+06 
2.651986e+02 6.173451e+07 6.148992e+06 
2.481257e+02 6.415907e+07 6.245447e+06 
2.518326e+02 6.181140e+07 6.679492e+06 
2.510226e+02 6.523589e+07 6.052537e+06 
2.504354e+02 6.322738e+07 6.558924e+06 
2.549598e+02 6.050126e+07 6.366015e+06 
2.652824e+02 6.327644e+07 5.714944e+06 
2.904066e+02 6.341702e+07 5.208557e+06 
2.537038e+02 6.124662e+07 6.245447e+06 
2.608579e+02 6.513039e+07 5.401467e+06 
2.750954e+02 6.537023e+07 5.112102e+06 
2.826825e+02 6.389852e+07 5.208557e+06 
2.530460e+02 6.742512e+07 5.859628e+06 
2.599422e+02 6.237921e+07 6.052537e+06 
2.637876e+02 6.428988e+07 5.473808e+06 
2.651462e+02 6.341504e+07 5.666718e+06 
2.646795e+02 6.388972e+07 5.787286e+06 
2.549495e+02 6.439125e+07 5.980196e+06 
2.736162e+02 6.259619e+07 5.305012e+06 
2.480852e+02 6.528327e+07 6.245447e+06 
2.810169e+02 6.154382e+07 6.076650e+06 
2.573595e+02 6.085540e+07 6.558924e+06 
2.582324e+02 6.149444e+07 6.148992e+06 
2.549688e+02 6.491605e+07 5.980196e+06 
2.426224e+02 6.639938e+07 6.751834e+06 
2.697901e+02 6.333351e+07 5.401467e+06 
2.626466e+02 6.069863e+07 6.245447e+06 
2.450567e+02 6.537430e+07 6.558924e+06 
2.720813e+02 6.405722e+07 5.208557e+06 
2.556295e+02 6.324777e+07 5.980196e+06 
2.538311e+02 6.106900e+07 6.366015e+06 
2.719990e+02 6.400865e+07 5.280899e+06 
2.527602e+02 6.869734e+07 5.907854e+06 
2.616378e+02 6.141931e+07 6.148992e+06 
2.749229e+02 6.426449e+07 5.015648e+06 
2.597383e+02 6.390720e+07 5.594376e+06 
2.558804e+02 6.170900e+07 6.148992e+06 
2.733855e+02 6.254235e+07 5.497922e+06 
2.574887e+02 6.122600e+07 6.245447e+06 
2.534289e+02 6.261266e+07 6.173105e+06 
2.665494e+02 6.310647e+07 5.666718e+06 
2.656651e+02 6.336176e+07 5.690831e+06 
2.631524e+02 6.101179e+07 6.245447e+06 
2.691836e+02 6.228592e+07 5.497922e+06 
2.573889e+02 6.273809e+07 6.076650e+06 
2.884767e+02 7.235385e+07 4.991534e+06 
2.505822e+02 6.288946e+07 6.173105e+06 
2.877599e+02 6.185029e+07 5.305012e+06 
2.761627e+02 6.443684e+07 5.112102e+06 
2.523819e+02 6.322504e+07 6.148992e+06 
2.833559e+02 6.442049e+07 5.087989e+06 
2.649045e+02 6.183593e+07 5.787286e+06 
2.533845e+02 6.144931e+07 6.245447e+06 
2.621125e+02 6.457148e+07 5.401467e+06 
2.515540e+02 6.152658e+07 6.245447e+06 
2.489413e+02 6.416216e+07 6.100764e+06 
2.511651e+02 6.388276e+07 6.052537e+06 
2.499209e+02 6.347319e+07 6.366015e+06 

2.867416e+02 6.629081e+07 5.401467e+06 
2.551825e+02 7.058285e+07 5.763173e+06 
2.826485e+02 6.618361e+07 5.522035e+06 
2.818611e+02 6.658057e+07 5.208557e+06 
2.595765e+02 6.600364e+07 6.100764e+06 
2.966099e+02 6.572142e+07 5.015648e+06 
2.842709e+02 6.560152e+07 5.401467e+06 
2.691969e+02 6.656670e+07 5.473808e+06 
2.988804e+02 6.630192e+07 5.015648e+06 
2.794401e+02 6.620688e+07 5.208557e+06 
2.933291e+02 6.580905e+07 5.329125e+06 
2.808443e+02 6.857966e+07 5.329125e+06 
2.655299e+02 6.472991e+07 5.714944e+06 
2.625912e+02 6.609220e+07 5.666718e+06 
2.590129e+02 6.600203e+07 5.787286e+06 
2.574106e+02 6.979048e+07 6.148992e+06 
2.583828e+02 6.603630e+07 5.907854e+06 
2.716906e+02 6.553810e+07 6.221332e+06 
2.483575e+02 7.146964e+07 5.956082e+06 
2.715996e+02 6.896338e+07 5.425580e+06 
2.634148e+02 6.699402e+07 5.522035e+06 
2.553629e+02 7.019389e+07 5.956082e+06 
2.671996e+02 6.493825e+07 6.100764e+06 
2.992488e+02 6.548201e+07 5.522035e+06 
2.584695e+02 6.655499e+07 5.907854e+06 
2.867437e+02 6.753025e+07 5.015648e+06 
2.932553e+02 6.647639e+07 5.015648e+06 
3.030726e+02 6.579578e+07 5.136216e+06 
2.744859e+02 6.514424e+07 5.594376e+06 
2.978443e+02 6.916780e+07 4.943306e+06 
2.601871e+02 6.499139e+07 5.594376e+06 
2.597690e+02 6.674324e+07 5.787286e+06 
2.639094e+02 6.505104e+07 5.907854e+06 
2.785114e+02 6.510451e+07 5.594376e+06 
2.924036e+02 6.570385e+07 5.522035e+06 
2.602177e+02 6.728646e+07 5.714944e+06 
3.100598e+02 6.560906e+07 5.425580e+06 
2.702171e+02 6.742242e+07 5.401467e+06 
3.394878e+02 7.464764e+07 4.919193e+06 
2.516449e+02 6.923382e+07 6.341902e+06 
2.532533e+02 7.059716e+07 6.148992e+06 
2.777660e+02 6.536258e+07 5.714944e+06 
2.697659e+02 6.448430e+07 6.100764e+06 
2.716591e+02 6.522907e+07 5.787286e+06 
2.505412e+02 7.094307e+07 6.148992e+06 
2.880257e+02 6.738801e+07 5.015648e+06 
2.666028e+02 6.970308e+07 5.522035e+06 
2.475722e+02 7.230224e+07 5.956082e+06 
2.579993e+02 6.895024e+07 5.787286e+06 
2.477451e+02 7.082544e+07 5.763173e+06 
2.550478e+02 7.038239e+07 6.148992e+06 
2.833699e+02 6.628494e+07 5.015648e+06 
2.718075e+02 6.806042e+07 5.401467e+06 
2.611779e+02 6.553588e+07 5.787286e+06 
2.630983e+02 6.742670e+07 5.522035e+06 
2.642895e+02 6.555897e+07 5.714944e+06 
2.518449e+02 7.068650e+07 6.148992e+06 
2.852568e+02 6.616882e+07 5.208557e+06 
2.992589e+02 6.552722e+07 5.522035e+06 
2.489524e+02 7.274451e+07 5.763173e+06 
2.688748e+02 6.864338e+07 5.280899e+06 
2.725700e+02 6.454593e+07 6.100764e+06 
2.890194e+02 6.613707e+07 5.208557e+06 
2.616448e+02 6.783226e+07 5.473808e+06 
2.944388e+02 6.774434e+07 5.015648e+06 
2.764675e+02 6.627105e+07 5.208557e+06 
2.586041e+02 6.606451e+07 5.907854e+06 
2.590936e+02 6.607969e+07 5.714944e+06 
2.769342e+02 6.454924e+07 5.883741e+06 
2.669614e+02 6.658054e+07 5.522035e+06 
2.732308e+02 6.487264e+07 5.907854e+06 
2.837296e+02 6.783629e+07 5.015648e+06 
2.659899e+02 6.609341e+07 5.594376e+06 
2.646494e+02 7.265816e+07 5.570263e+06 
2.688436e+02 6.493071e+07 5.907854e+06 
2.686703e+02 6.845093e+07 5.473808e+06 
2.632462e+02 6.504212e+07 6.100764e+06 
2.552072e+02 6.918354e+07 6.148992e+06 
2.512452e+02 7.077571e+07 6.148992e+06 
2.920834e+02 6.723927e+07 5.015648e+06 
2.546250e+02 6.971034e+07 5.763173e+06 
2.977116e+02 6.577721e+07 5.208557e+06 
2.889947e+02 6.609222e+07 5.329125e+06 
2.811297e+02 6.699686e+07 5.401467e+06 
2.623552e+02 6.547934e+07 5.907854e+06 
2.547556e+02 7.056840e+07 5.956082e+06 
2.469506e+02 6.889285e+07 6.341902e+06 
3.006463e+02 6.531949e+07 5.522035e+06 
2.971480e+02 6.611427e+07 5.015648e+06 
2.482991e+02 7.102505e+07 6.341902e+06 
2.604908e+02 6.549522e+07 5.907854e+06 
2.660233e+02 6.598121e+07 5.522035e+06 
3.083318e+02 6.872410e+07 4.943306e+06 
2.689220e+02 6.627539e+07 5.473808e+06 
2.959841e+02 6.594168e+07 5.401467e+06 
2.772097e+02 6.384853e+07 5.980196e+06 
2.621325e+02 6.789096e+07 5.594376e+06 
2.507660e+02 7.014426e+07 6.341902e+06 
2.675488e+02 7.623786e+07 5.497922e+06 
2.480374e+02 7.107939e+07 6.341902e+06 

2.689498e+02 6.686695e+07 5.208557e+06 
2.948562e+02 7.393390e+07 4.364577e+06 
2.582539e+02 6.540182e+07 5.594376e+06 
2.665235e+02 6.765951e+07 5.136216e+06 
2.614541e+02 6.827250e+07 5.329125e+06 
2.964642e+02 7.229160e+07 4.750396e+06 
2.924667e+02 6.741219e+07 5.036545e+06 
2.635153e+02 6.391907e+07 5.714944e+06 
2.529916e+02 6.700063e+07 5.787286e+06 
2.707383e+02 6.849645e+07 4.822738e+06 
2.935889e+02 7.307605e+07 4.557487e+06 
2.722524e+02 6.570553e+07 5.329125e+06 
2.741729e+02 6.649580e+07 5.232670e+06 
2.836274e+02 6.551679e+07 5.329125e+06 
2.624342e+02 6.725395e+07 5.401467e+06 
2.650010e+02 6.538206e+07 5.522035e+06 
2.953176e+02 6.632051e+07 4.919193e+06 
2.865275e+02 7.146885e+07 4.943306e+06 
2.898017e+02 7.668958e+07 4.597676e+06 
2.684243e+02 6.424078e+07 5.522035e+06 
2.598702e+02 6.712311e+07 5.401467e+06 
2.521283e+02 6.688500e+07 5.714944e+06 
2.877612e+02 7.448800e+07 4.726283e+06 
2.550402e+02 6.516858e+07 5.907854e+06 
2.697970e+02 6.440883e+07 5.594376e+06 
2.552761e+02 6.462369e+07 6.100764e+06 
2.651620e+02 6.517843e+07 5.594376e+06 
2.589260e+02 6.882011e+07 5.401467e+06 
2.972270e+02 7.056696e+07 4.846851e+06 
2.914786e+02 6.566195e+07 5.112102e+06 
2.733555e+02 6.405072e+07 5.522035e+06 
2.919263e+02 7.223151e+07 4.806660e+06 
2.934924e+02 7.267689e+07 4.653942e+06 
2.776173e+02 6.714443e+07 5.136216e+06 
2.890292e+02 6.524536e+07 5.112102e+06 
2.539518e+02 6.467951e+07 5.714944e+06 
2.669061e+02 6.447969e+07 5.522035e+06 
2.562416e+02 6.461684e+07 6.100764e+06 
2.668975e+02 6.494133e+07 5.522035e+06 
2.510579e+02 6.663312e+07 5.980196e+06 
2.581402e+02 6.575943e+07 5.621704e+06 
2.924238e+02 7.266477e+07 4.750396e+06 
2.993074e+02 7.305149e+07 4.436919e+06 
2.992146e+02 7.270409e+07 4.436919e+06 
2.954035e+02 6.475888e+07 5.208557e+06 
2.543784e+02 6.579973e+07 5.621704e+06 
2.576280e+02 6.862933e+07 5.401467e+06 
2.661085e+02 6.506323e+07 5.594376e+06 
2.596792e+02 6.472718e+07 5.714944e+06 
2.547138e+02 6.958126e+07 5.594376e+06 
3.037675e+02 7.049111e+07 4.846851e+06 
2.587698e+02 6.643578e+07 5.522035e+06 
2.559188e+02 6.455188e+07 5.714944e+06 
2.603987e+02 6.858698e+07 5.136216e+06 
2.942842e+02 6.670857e+07 5.015648e+06 
2.657276e+02 6.418394e+07 6.100764e+06 
2.934089e+02 7.122999e+07 4.846851e+06 
2.644333e+02 6.699518e+07 5.401467e+06 
2.892042e+02 7.407207e+07 4.597676e+06 
3.016421e+02 7.195769e+07 4.822738e+06 
2.634670e+02 6.370251e+07 5.907854e+06 
2.661703e+02 6.544268e+07 5.401467e+06 
2.669151e+02 6.555890e+07 5.522035e+06 
2.806361e+02 6.610193e+07 5.203733e+06 
2.857122e+02 7.420793e+07 4.764864e+06 
2.840548e+02 6.578946e+07 5.305012e+06 
2.647675e+02 6.902198e+07 5.136216e+06 
2.640923e+02 6.439684e+07 5.714944e+06 
2.944826e+02 7.118387e+07 4.750396e+06 
2.901520e+02 7.334971e+07 4.364577e+06 
2.532667e+02 6.520799e+07 5.907854e+06 
2.845291e+02 6.594714e+07 5.112102e+06 
2.842071e+02 6.587176e+07 5.112102e+06 
2.599185e+02 6.583367e+07 5.522035e+06 
2.719670e+02 6.867305e+07 5.015648e+06 
2.861774e+02 7.348967e+07 4.750396e+06 
2.804998e+02 6.548089e+07 5.401467e+06 
2.951206e+02 7.249265e+07 4.639472e+06 
2.920664e+02 7.266636e+07 4.557487e+06 
2.804407e+02 6.626052e+07 5.112102e+06 
2.995877e+02 6.998260e+07 4.750396e+06 
2.594541e+02 6.961780e+07 5.329125e+06 
2.556764e+02 6.573010e+07 5.594376e+06 
2.798082e+02 6.520694e+07 5.425580e+06 
2.614287e+02 7.045082e+07 5.136216e+06 
2.840897e+02 6.516660e+07 5.208557e+06 
2.880024e+02 6.536600e+07 5.401467e+06 
2.856637e+02 6.528654e+07 5.522035e+06 
2.928874e+02 7.031717e+07 4.943306e+06 
2.514712e+02 6.750168e+07 5.980196e+06 
2.540593e+02 6.522445e+07 5.714944e+06 
2.854819e+02 6.566808e+07 5.208557e+06 
2.807186e+02 6.648949e+07 5.112102e+06 
2.746944e+02 6.594471e+07 5.208557e+06 
2.648454e+02 6.550822e+07 5.522035e+06 
2.958395e+02 6.969927e+07 4.943306e+06 
2.621698e+02 6.441913e+07 5.714944e+06 
2.819441e+02 6.609831e+07 5.112102e+06 
2.669822e+02 6.680390e+07 4.952950e+06 
2.669091e+02 6.568867e+07 5.329125e+06 

2.568457e+02 6.822779e+07 5.739060e+06 
2.764876e+02 6.642801e+07 5.811401e+06 
2.490935e+02 6.684344e+07 6.052537e+06 
2.783699e+02 6.966162e+07 5.546150e+06 
2.574613e+02 6.720412e+07 5.931969e+06 
2.490862e+02 6.703566e+07 6.124879e+06 
2.826637e+02 7.297882e+07 4.534980e+06 
2.671616e+02 7.204950e+07 4.919193e+06 
3.109587e+02 6.990483e+07 4.629828e+06 
2.932953e+02 7.017786e+07 5.425582e+06 
2.828941e+02 7.150565e+07 4.869356e+06 
2.818505e+02 7.431841e+07 4.268122e+06 
2.429833e+02 7.764262e+07 6.679492e+06 
2.947929e+02 7.126692e+07 4.702168e+06 
2.574203e+02 7.587557e+07 5.401467e+06 
2.945452e+02 7.151208e+07 4.653942e+06 
2.862634e+02 6.923236e+07 5.546150e+06 
2.923898e+02 7.165723e+07 4.533374e+06 
2.749216e+02 7.258526e+07 4.846851e+06 
2.553238e+02 6.757745e+07 5.811401e+06 
2.685276e+02 7.536595e+07 4.653942e+06 
2.739752e+02 6.604049e+07 5.811401e+06 
2.588722e+02 7.482104e+07 5.522035e+06 
2.555807e+02 7.215950e+07 5.714944e+06 
2.632264e+02 7.164763e+07 5.594376e+06 
2.535674e+02 6.976713e+07 5.859628e+06 
2.705740e+02 6.683746e+07 5.618492e+06 
2.507111e+02 6.795139e+07 5.931969e+06 
2.700632e+02 7.274248e+07 4.653942e+06 
2.543140e+02 7.271808e+07 5.714944e+06 
2.661630e+02 7.207334e+07 5.039761e+06 
2.684283e+02 7.198935e+07 5.039761e+06 
2.869261e+02 7.055468e+07 5.353240e+06 
2.478877e+02 6.801738e+07 6.052537e+06 
2.834403e+02 6.862927e+07 5.546150e+06 
2.809253e+02 7.482316e+07 4.430488e+06 
2.656087e+02 7.330167e+07 5.112102e+06 
2.804189e+02 7.268806e+07 4.702168e+06 
2.905761e+02 7.029357e+07 4.750396e+06 
2.827855e+02 7.167176e+07 4.653942e+06 
2.722255e+02 7.266744e+07 4.846851e+06 
2.909254e+02 7.226218e+07 4.534980e+06 
2.682417e+02 6.637576e+07 5.980196e+06 
2.639951e+02 7.429714e+07 5.232670e+06 
2.650982e+02 6.574588e+07 5.859628e+06 
2.926602e+02 7.307637e+07 4.461032e+06 
2.621772e+02 6.810208e+07 5.739060e+06 
2.492725e+02 6.598324e+07 6.245447e+06 
3.011945e+02 7.084961e+07 4.557487e+06 
2.538781e+02 7.089248e+07 5.811401e+06 
2.864553e+02 7.475544e+07 4.268122e+06 
2.482872e+02 6.549162e+07 6.245447e+06 
2.651656e+02 7.123805e+07 5.232670e+06 
2.495592e+02 6.673214e+07 6.124879e+06 
2.891460e+02 7.159611e+07 4.726283e+06 
2.733893e+02 6.993963e+07 5.546150e+06 
2.865001e+02 6.649115e+07 5.618492e+06 
2.724076e+02 7.029915e+07 5.353240e+06 
2.670600e+02 7.113421e+07 5.305012e+06 
2.627782e+02 6.716421e+07 5.618492e+06 
2.580391e+02 6.697033e+07 6.004311e+06 
2.816482e+02 6.916637e+07 5.546150e+06 
2.615106e+02 6.673001e+07 5.811401e+06 
2.569654e+02 6.573578e+07 6.052537e+06 
2.449416e+02 6.597815e+07 6.245447e+06 
2.819867e+02 7.513587e+07 4.461032e+06 
2.894326e+02 7.023008e+07 4.726283e+06 
2.602790e+02 7.393931e+07 5.401467e+06 
2.892203e+02 7.133569e+07 4.919193e+06 
2.643922e+02 6.553747e+07 6.245447e+06 
2.719307e+02 6.744880e+07 5.618492e+06 
2.657323e+02 7.235477e+07 5.039761e+06 
2.611516e+02 6.531452e+07 6.245447e+06 
2.794756e+02 7.599799e+07 4.534980e+06 
2.561967e+02 6.853867e+07 5.642605e+06 
2.660225e+02 7.245950e+07 4.919193e+06 
2.725323e+02 6.592768e+07 5.931969e+06 
2.894267e+02 6.652178e+07 5.618492e+06 
2.793330e+02 6.986541e+07 5.425582e+06 
2.612520e+02 6.689072e+07 5.931969e+06 
2.820076e+02 6.870377e+07 5.546150e+06 
2.798429e+02 7.382135e+07 4.534980e+06 
2.601968e+02 7.449166e+07 5.305012e+06 
2.538949e+02 6.581373e+07 6.124879e+06 
2.643259e+02 7.614073e+07 5.039761e+06 
2.489616e+02 7.230566e+07 5.980196e+06 
2.941053e+02 7.135228e+07 4.533374e+06 
2.566680e+02 6.650864e+07 6.052537e+06 
2.600487e+02 7.317166e+07 5.594376e+06 
2.897561e+02 7.429058e+07 4.268122e+06 
2.699053e+02 7.170344e+07 4.919193e+06 
2.651860e+02 7.446887e+07 5.203733e+06 
2.925134e+02 7.178092e+07 4.533374e+06 
2.590007e+02 6.588462e+07 6.317788e+06 
3.016885e+02 7.248608e+07 4.514082e+06 
2.501277e+02 7.021872e+07 5.931969e+06 
2.532189e+02 8.094016e+07 5.907854e+06 
2.913730e+02 7.249728e+07 4.461032e+06 
2.821428e+02 7.232988e+07 4.726283e+06 
2.681614e+02 7.428155e+07 4.846851e+06 

2.693579e+02 6.715674e+07 5.039761e+06 
2.577896e+02 6.867466e+07 5.907854e+06 
2.690374e+02 6.643825e+07 5.232670e+06 
3.098947e+02 6.865433e+07 4.750396e+06 
2.624983e+02 6.532440e+07 5.907854e+06 
2.601120e+02 6.957217e+07 5.522035e+06 
2.587002e+02 6.853652e+07 5.714944e+06 
3.074913e+02 7.079496e+07 4.461032e+06 
2.644866e+02 6.652291e+07 5.618490e+06 
2.940579e+02 6.407499e+07 5.522035e+06 
2.645656e+02 6.562334e+07 5.907854e+06 
2.890025e+02 6.420235e+07 5.522035e+06 
2.581669e+02 6.794613e+07 6.100764e+06 
2.685521e+02 6.647271e+07 5.136216e+06 
2.647129e+02 6.548430e+07 5.329125e+06 
2.624181e+02 6.590223e+07 5.907854e+06 
2.832914e+02 6.392709e+07 5.907854e+06 
2.595887e+02 6.718818e+07 5.714944e+06 
2.614049e+02 6.643967e+07 5.714944e+06 
2.703348e+02 6.507069e+07 4.952950e+06 
2.738234e+02 6.476758e+07 4.869356e+06 
2.632712e+02 6.581494e+07 5.714944e+06 
2.667668e+02 6.555227e+07 5.907854e+06 
2.880388e+02 6.286204e+07 5.907854e+06 
2.845222e+02 6.324254e+07 5.714944e+06 
2.703880e+02 6.554073e+07 5.907854e+06 
3.109551e+02 7.029418e+07 4.364577e+06 
3.089714e+02 7.496625e+07 4.364577e+06 
2.777820e+02 6.454329e+07 5.039761e+06 
2.708127e+02 6.503352e+07 5.232670e+06 
2.624661e+02 6.667911e+07 5.136216e+06 
2.639757e+02 6.600715e+07 5.811399e+06 
2.828388e+02 6.407962e+07 5.907854e+06 
3.077324e+02 6.885237e+07 4.533374e+06 
2.716415e+02 6.470801e+07 4.943306e+06 
2.870511e+02 6.363901e+07 5.714944e+06 
2.907523e+02 6.669203e+07 4.774510e+06 
2.632251e+02 6.739826e+07 5.522035e+06 
3.017961e+02 7.193673e+07 4.557487e+06 
2.814559e+02 6.606963e+07 4.653942e+06 
2.818994e+02 6.515921e+07 4.557487e+06 
2.713888e+02 6.386720e+07 4.846851e+06 
2.696140e+02 6.575664e+07 5.136216e+06 
2.661607e+02 6.749596e+07 5.136216e+06 
2.803991e+02 6.466985e+07 4.846851e+06 
2.876199e+02 6.358862e+07 5.907854e+06 
2.682954e+02 6.561569e+07 5.039761e+06 
2.605492e+02 6.556759e+07 5.907854e+06 
3.044508e+02 7.114793e+07 4.461032e+06 
3.038827e+02 7.093835e+07 4.461032e+06 
2.659986e+02 6.677455e+07 5.329125e+06 
3.078202e+02 7.135132e+07 4.340464e+06 
2.728518e+02 6.464763e+07 5.160329e+06 
2.585323e+02 6.608511e+07 5.714944e+06 
3.121613e+02 7.369520e+07 4.268122e+06 
2.839671e+02 6.351855e+07 5.714944e+06 
3.039711e+02 7.048696e+07 4.461032e+06 
3.025045e+02 7.076706e+07 4.461032e+06 
2.816853e+02 6.411451e+07 5.714944e+06 
2.575601e+02 6.811924e+07 6.100764e+06 
2.699645e+02 6.626900e+07 5.039761e+06 
2.732692e+02 6.453124e+07 4.846851e+06 
2.815704e+02 6.304125e+07 5.714944e+06 
2.573506e+02 6.890114e+07 5.522035e+06 
2.583985e+02 6.760976e+07 5.907854e+06 
2.663578e+02 6.571929e+07 5.714944e+06 
2.601684e+02 6.861801e+07 5.618490e+06 
2.675469e+02 6.610390e+07 5.136216e+06 
2.587186e+02 6.731307e+07 6.100764e+06 
2.731186e+02 6.481980e+07 4.869356e+06 
2.586042e+02 7.050335e+07 5.714944e+06 
2.833835e+02 6.493668e+07 4.785762e+06 
2.682256e+02 6.575494e+07 5.329125e+06 
2.702053e+02 6.407305e+07 5.039761e+06 
3.042924e+02 6.878555e+07 4.557487e+06 
2.643469e+02 6.659618e+07 5.618490e+06 
2.672209e+02 6.632323e+07 5.329125e+06 
2.800406e+02 6.531327e+07 4.750396e+06 
2.993424e+02 6.402913e+07 5.522035e+06 
3.091671e+02 7.276993e+07 4.367791e+06 
2.794536e+02 6.532906e+07 4.557487e+06 
2.610840e+02 6.599553e+07 6.100764e+06 
2.887837e+02 6.379647e+07 5.522035e+06 
2.891090e+02 6.411168e+07 5.522035e+06 
2.965707e+02 6.334206e+07 5.522035e+06 
3.088045e+02 7.366047e+07 4.200603e+06 
2.590066e+02 6.616201e+07 5.907854e+06 
2.587803e+02 6.787962e+07 5.907854e+06 
2.589373e+02 6.654550e+07 6.293673e+06 
2.867830e+02 6.554758e+07 4.702168e+06 
2.569430e+02 6.983204e+07 5.811399e+06 
2.982148e+02 6.895538e+07 4.653942e+06 
2.752908e+02 6.439136e+07 5.039761e+06 
2.799485e+02 6.417343e+07 5.039761e+06 
2.884639e+02 6.540999e+07 4.774510e+06 
2.584362e+02 6.794586e+07 6.004309e+06 
2.710948e+02 6.456141e+07 6.100764e+06 
2.688873e+02 6.540671e+07 5.136216e+06 
3.106078e+02 6.989721e+07 4.557487e+06 
2.789366e+02 6.437077e+07 6.100764e+06 

2.511166e+02 6.662347e+07 5.120139e+06 
2.564078e+02 6.219750e+07 5.497922e+06 
2.398002e+02 6.677604e+07 5.714944e+06 
2.465771e+02 7.005559e+07 5.208557e+06 
2.565827e+02 6.278525e+07 5.377354e+06 
2.583029e+02 7.481001e+07 4.846851e+06 
2.634330e+02 7.455734e+07 4.534980e+06 
2.417524e+02 6.316765e+07 5.522035e+06 
2.705861e+02 6.746003e+07 4.785762e+06 
2.411900e+02 6.901779e+07 5.391819e+06 
2.474276e+02 6.373408e+07 5.497922e+06 
2.455671e+02 6.886741e+07 5.208557e+06 
2.650529e+02 6.409330e+07 5.208557e+06 
2.523036e+02 6.493056e+07 5.208557e+06 
2.455995e+02 6.869856e+07 5.224631e+06 
2.631428e+02 6.668971e+07 4.822738e+06 
2.544310e+02 6.463246e+07 5.120139e+06 
2.506138e+02 6.292486e+07 5.305012e+06 
2.520446e+02 6.728864e+07 4.869356e+06 
2.534723e+02 6.710543e+07 4.952950e+06 
2.691431e+02 6.485065e+07 5.112102e+06 
2.544165e+02 6.575645e+07 4.952950e+06 
2.407624e+02 6.876780e+07 5.391819e+06 
2.582169e+02 6.436268e+07 5.208557e+06 
2.404259e+02 6.381682e+07 5.787286e+06 
2.391362e+02 6.520812e+07 5.714944e+06 
2.603630e+02 6.565339e+07 5.015648e+06 
2.628560e+02 6.367885e+07 5.208557e+06 
2.474232e+02 6.521454e+07 5.287327e+06 
2.392750e+02 6.555112e+07 5.907854e+06 
2.431015e+02 6.250295e+07 5.907854e+06 
2.643131e+02 6.726496e+07 4.822738e+06 
2.609735e+02 6.824805e+07 4.822738e+06 
2.439395e+02 6.392908e+07 5.329125e+06 
2.403713e+02 6.386629e+07 5.907854e+06 
2.498739e+02 6.286016e+07 5.305012e+06 
2.453593e+02 6.391478e+07 5.473808e+06 
2.398779e+02 6.589154e+07 5.497922e+06 
2.754184e+02 6.614886e+07 4.822738e+06 
2.449070e+02 6.279019e+07 5.522035e+06 
2.419454e+02 6.377206e+07 5.714944e+06 
2.394649e+02 7.074654e+07 5.401467e+06 
2.595620e+02 7.222004e+07 4.869356e+06 
2.400911e+02 6.438328e+07 5.907854e+06 
2.645154e+02 7.282473e+07 4.534980e+06 
2.664050e+02 7.440098e+07 4.533374e+06 
2.611337e+02 6.905296e+07 4.919193e+06 
2.511725e+02 6.277447e+07 5.305012e+06 
2.486510e+02 6.988787e+07 5.120139e+06 
2.403587e+02 6.334918e+07 5.714944e+06 
2.601121e+02 6.299723e+07 5.287327e+06 
2.587584e+02 6.317416e+07 5.280899e+06 
2.537709e+02 6.566899e+07 5.120139e+06 
2.382662e+02 7.074676e+07 5.522035e+06 
2.631963e+02 7.626233e+07 4.534980e+06 
2.544346e+02 6.633018e+07 5.015648e+06 
2.427143e+02 6.605654e+07 5.454515e+06 
2.517642e+02 6.915291e+07 4.895080e+06 
2.547580e+02 6.414596e+07 5.280899e+06 
2.665071e+02 7.551393e+07 4.653942e+06 
2.638683e+02 6.516132e+07 5.015648e+06 
2.520253e+02 6.268731e+07 5.497922e+06 
2.501667e+02 6.247644e+07 5.690831e+06 
2.411851e+02 6.835312e+07 5.391819e+06 
2.534049e+02 6.606567e+07 5.015648e+06 
2.701580e+02 6.513596e+07 5.015648e+06 
2.613926e+02 7.705311e+07 4.726283e+06 
2.608139e+02 6.416139e+07 5.208557e+06 
2.424623e+02 6.246982e+07 5.522035e+06 
2.628153e+02 6.581634e+07 4.952950e+06 
2.520068e+02 6.509182e+07 5.208557e+06 
2.403358e+02 6.935914e+07 5.401467e+06 
2.568010e+02 6.550444e+07 5.015648e+06 
2.566465e+02 7.265052e+07 4.726283e+06 
2.492022e+02 6.529241e+07 5.208557e+06 
2.612908e+02 6.702046e+07 4.629828e+06 
2.596499e+02 6.586495e+07 4.943306e+06 
2.397572e+02 6.449854e+07 5.980196e+06 
2.623063e+02 7.287084e+07 4.726283e+06 
2.466148e+02 6.657596e+07 5.208557e+06 
2.541888e+02 6.299699e+07 5.287327e+06 
2.492429e+02 7.026222e+07 5.015648e+06 
2.508757e+02 6.281387e+07 5.497922e+06 
2.460036e+02 6.990170e+07 5.120139e+06 
2.738966e+02 6.639647e+07 4.822738e+06 
2.598615e+02 6.453937e+07 4.991534e+06 
2.485893e+02 7.113714e+07 5.087989e+06 
2.382241e+02 6.941039e+07 5.618490e+06 
2.468507e+02 6.912893e+07 5.120139e+06 
2.588533e+02 6.397668e+07 5.208557e+06 
2.626132e+02 6.523809e+07 4.952950e+06 
2.672801e+02 6.646522e+07 4.822738e+06 
2.690151e+02 7.612753e+07 4.534980e+06 
2.521442e+02 6.231344e+07 5.690831e+06 
2.496778e+02 7.065982e+07 4.952950e+06 
2.518360e+02 7.020681e+07 4.952950e+06 
2.452676e+02 6.891318e+07 5.208557e+06 
2.489545e+02 6.639014e+07 5.208557e+06 
2.558066e+02 6.441398e+07 5.208557e+06 
2.499474e+02 6.458285e+07 5.287327e+06 

2.550096e+02 6.694086e+07 5.907854e+06 
2.774174e+02 7.118027e+07 5.015647e+06 
2.664982e+02 6.785515e+07 5.401467e+06 
2.723522e+02 6.386307e+07 5.907854e+06 
2.526851e+02 7.046783e+07 5.594376e+06 
2.826277e+02 7.051745e+07 5.015648e+06 
2.871801e+02 7.214179e+07 4.848458e+06 
2.694160e+02 7.316703e+07 5.287327e+06 
2.631718e+02 7.489360e+07 5.280899e+06 
2.504233e+02 7.137630e+07 5.666718e+06 
2.637299e+02 6.571049e+07 5.714944e+06 
2.633120e+02 7.351492e+07 5.280899e+06 
2.742092e+02 6.911565e+07 5.087989e+06 
2.801325e+02 6.561940e+07 5.522035e+06 
2.701538e+02 7.345338e+07 5.184444e+06 
2.794650e+02 6.894600e+07 5.184444e+06 
2.587835e+02 7.274202e+07 5.350023e+06 
2.529917e+02 6.998537e+07 5.594376e+06 
2.547758e+02 6.938565e+07 5.473808e+06 
2.750657e+02 6.431802e+07 5.907854e+06 
2.543099e+02 6.629994e+07 6.100764e+06 
2.537857e+02 6.687783e+07 5.907854e+06 
2.651867e+02 6.523438e+07 5.787286e+06 
2.746320e+02 7.194869e+07 4.848458e+06 
2.795626e+02 6.907286e+07 5.087989e+06 
2.727058e+02 7.277458e+07 4.848458e+06 
2.807351e+02 7.131196e+07 4.848458e+06 
2.489971e+02 6.719299e+07 6.100764e+06 
2.718181e+02 6.417397e+07 6.100764e+06 
2.681687e+02 6.553113e+07 5.714944e+06 
2.703302e+02 6.848690e+07 5.305012e+06 
2.719478e+02 6.887764e+07 5.280899e+06 
2.715452e+02 6.437165e+07 5.714944e+06 
2.714673e+02 7.354651e+07 4.848458e+06 
2.829041e+02 6.972308e+07 5.087989e+06 
2.881514e+02 7.139375e+07 4.932053e+06 
2.533777e+02 6.941267e+07 5.473808e+06 
2.859966e+02 6.836129e+07 5.280899e+06 
2.762489e+02 7.049121e+07 5.015647e+06 
2.602005e+02 6.927155e+07 5.401467e+06 
2.760301e+02 6.871922e+07 5.280899e+06 
2.678354e+02 6.431259e+07 5.787286e+06 
2.520083e+02 7.069458e+07 5.473808e+06 
2.799621e+02 7.257427e+07 4.848458e+06 
2.742522e+02 6.575539e+07 5.522035e+06 
2.491092e+02 6.701342e+07 5.714944e+06 
2.707235e+02 7.185249e+07 5.182835e+06 
2.634877e+02 6.825781e+07 5.329125e+06 
2.508981e+02 7.095659e+07 5.473808e+06 
2.644126e+02 6.788459e+07 5.401467e+06 
2.544137e+02 6.553942e+07 5.907854e+06 
2.789374e+02 6.877245e+07 5.245531e+06 
2.738468e+02 7.088491e+07 5.161937e+06 
2.485657e+02 7.184866e+07 5.859628e+06 
2.725809e+02 7.154081e+07 5.182835e+06 
2.782701e+02 7.043969e+07 5.087989e+06 
2.724251e+02 7.246755e+07 5.015648e+06 
2.488964e+02 7.063729e+07 5.787286e+06 
2.607623e+02 6.556544e+07 5.594376e+06 
2.513614e+02 7.025724e+07 5.666718e+06 
2.868882e+02 6.611256e+07 5.522035e+06 
2.634398e+02 6.876759e+07 5.401467e+06 
2.495035e+02 6.988858e+07 6.052537e+06 
2.698965e+02 6.533691e+07 5.714944e+06 
2.576985e+02 7.385498e+07 5.305012e+06 
2.649318e+02 6.649850e+07 5.401467e+06 
2.737612e+02 6.934721e+07 5.329125e+06 
2.769157e+02 6.747553e+07 5.329125e+06 
2.751782e+02 7.166079e+07 5.015647e+06 
2.655936e+02 6.520623e+07 5.787286e+06 
2.702026e+02 7.310531e+07 5.112102e+06 
2.692103e+02 6.577459e+07 5.522035e+06 
2.736416e+02 7.137990e+07 5.087989e+06 
2.651784e+02 6.822699e+07 5.401467e+06 
2.465140e+02 7.169730e+07 5.980196e+06 
2.716049e+02 7.256560e+07 5.015648e+06 
2.530809e+02 7.409353e+07 5.350023e+06 
2.505477e+02 6.774272e+07 5.907854e+06 
2.739645e+02 7.049025e+07 5.182835e+06 
2.707279e+02 6.532961e+07 5.714944e+06 
2.534850e+02 6.634492e+07 6.293673e+06 
2.714966e+02 6.485964e+07 5.787286e+06 
2.798941e+02 6.910399e+07 5.099241e+06 
2.703010e+02 7.257674e+07 5.087989e+06 
2.718345e+02 7.008766e+07 5.245531e+06 
2.738987e+02 6.560465e+07 5.594376e+06 
2.728871e+02 6.513774e+07 5.714944e+06 
2.571782e+02 6.580323e+07 5.522035e+06 
2.675471e+02 6.468314e+07 5.787286e+06 
2.693388e+02 6.443866e+07 5.907854e+06 
2.724643e+02 7.204782e+07 5.015648e+06 
2.604209e+02 6.615243e+07 5.522035e+06 
2.699183e+02 7.049875e+07 5.208557e+06 
2.498103e+02 7.176493e+07 5.666718e+06 
2.665451e+02 6.895873e+07 5.305012e+06 
2.809082e+02 6.889994e+07 5.280899e+06 
2.671836e+02 6.578256e+07 5.401467e+06 
2.758975e+02 6.542832e+07 5.618490e+06 
2.792802e+02 6.480620e+07 5.714944e+06 
2.612293e+02 6.471013e+07 5.907854e+06 

3.026236e+02 7.429909e+07 4.653942e+06 
3.046613e+02 7.416605e+07 4.618574e+06 
2.448065e+02 6.709072e+07 6.100764e+06 
3.051722e+02 7.475287e+07 4.653942e+06 
2.506992e+02 6.644792e+07 5.690831e+06 
3.022632e+02 7.749529e+07 4.461032e+06 
2.632079e+02 6.460112e+07 5.980196e+06 
2.647922e+02 6.852857e+07 5.305012e+06 
2.498749e+02 6.504210e+07 6.076650e+06 
2.676121e+02 6.551455e+07 5.594376e+06 
2.609093e+02 6.657552e+07 5.401467e+06 
3.016769e+02 7.491127e+07 4.653942e+06 
2.588506e+02 6.798572e+07 5.401467e+06 
2.528331e+02 6.702840e+07 5.594376e+06 
2.506821e+02 6.483749e+07 5.980196e+06 
2.392313e+02 6.821082e+07 6.173105e+06 
2.446209e+02 6.826094e+07 5.980196e+06 
2.551907e+02 6.474377e+07 5.883741e+06 
2.574700e+02 6.718523e+07 5.454515e+06 
2.459341e+02 6.460952e+07 6.173105e+06 
2.967818e+02 7.423315e+07 5.112102e+06 
2.429478e+02 6.863678e+07 5.980196e+06 
3.007839e+02 7.412127e+07 4.846851e+06 
2.452374e+02 6.906755e+07 5.594376e+06 
2.409072e+02 6.756637e+07 6.076650e+06 
2.969318e+02 7.584384e+07 4.785762e+06 
2.626368e+02 6.744201e+07 5.497922e+06 
2.502098e+02 6.491817e+07 6.076650e+06 
2.722308e+02 6.470617e+07 5.787286e+06 
3.025510e+02 7.314915e+07 5.039761e+06 
2.495671e+02 6.830097e+07 5.690831e+06 
3.001424e+02 7.472371e+07 4.726283e+06 
2.451498e+02 6.825353e+07 5.980196e+06 
2.526508e+02 6.484447e+07 5.883741e+06 
2.407331e+02 6.749154e+07 6.173105e+06 
2.435408e+02 7.107345e+07 5.787286e+06 
2.549844e+02 6.730667e+07 5.497922e+06 
2.514170e+02 6.859977e+07 5.305012e+06 
2.507560e+02 6.451291e+07 6.076650e+06 
2.627416e+02 6.564125e+07 5.594376e+06 
2.614696e+02 6.416550e+07 5.980196e+06 
3.024781e+02 7.400098e+07 4.822738e+06 
2.686186e+02 7.033153e+07 5.208557e+06 
2.500609e+02 6.724086e+07 5.690831e+06 
2.684989e+02 7.535810e+07 5.280899e+06 
2.519464e+02 6.440089e+07 6.173105e+06 
2.406130e+02 6.749169e+07 6.173105e+06 
2.713387e+02 6.597734e+07 5.497922e+06 
2.477551e+02 6.878732e+07 5.594376e+06 
2.518567e+02 6.448698e+07 6.173105e+06 
2.940013e+02 7.556861e+07 5.039761e+06 
2.423117e+02 6.521324e+07 6.173105e+06 
2.543783e+02 6.555397e+07 5.594376e+06 
2.990116e+02 7.423484e+07 4.785762e+06 
2.419007e+02 6.874862e+07 5.980196e+06 
2.473626e+02 6.605694e+07 5.787286e+06 
2.592480e+02 6.504389e+07 5.787286e+06 
2.479419e+02 6.506262e+07 5.980196e+06 
3.041317e+02 7.360865e+07 5.136216e+06 
2.544136e+02 6.468614e+07 5.980196e+06 
2.575728e+02 6.544348e+07 5.594376e+06 
2.981831e+02 7.529812e+07 4.846851e+06 
2.541426e+02 6.523513e+07 5.787286e+06 
2.581876e+02 6.681809e+07 5.401467e+06 
2.484472e+02 6.841528e+07 5.305012e+06 
2.493481e+02 6.443153e+07 6.173105e+06 
3.059527e+02 7.613202e+07 4.618574e+06 
3.111454e+02 7.432320e+07 4.726283e+06 
2.638897e+02 6.643687e+07 5.497922e+06 
2.495282e+02 6.463834e+07 6.173105e+06 
2.959101e+02 7.445364e+07 5.015648e+06 
2.989222e+02 7.348514e+07 4.846851e+06 
2.530657e+02 6.496425e+07 5.883741e+06 
2.447770e+02 7.009893e+07 5.811399e+06 
2.972339e+02 7.573069e+07 4.726283e+06 
2.570513e+02 6.490004e+07 5.883741e+06 
3.058575e+02 7.521749e+07 4.629828e+06 
2.979231e+02 7.372950e+07 5.208557e+06 
2.592559e+02 6.533451e+07 5.787286e+06 
3.011839e+02 7.498100e+07 4.653942e+06 
3.013565e+02 7.379094e+07 4.943306e+06 
2.660207e+02 6.662840e+07 5.497922e+06 
2.411958e+02 6.643666e+07 6.486583e+06 
2.402271e+02 6.849681e+07 6.366015e+06 
2.546562e+02 6.465194e+07 6.076650e+06 
2.543387e+02 6.562520e+07 5.763173e+06 
2.459231e+02 6.676587e+07 5.883741e+06 
2.719504e+02 6.795877e+07 5.305012e+06 
2.539363e+02 6.755530e+07 5.570263e+06 
2.732890e+02 6.780914e+07 5.401467e+06 
2.554328e+02 6.398232e+07 6.076650e+06 
2.675684e+02 6.524343e+07 5.787286e+06 
2.646013e+02 6.762883e+07 5.473808e+06 
2.456747e+02 6.549973e+07 6.076650e+06 
2.981600e+02 7.397146e+07 4.919193e+06 
2.968922e+02 7.399864e+07 5.039761e+06 
2.454720e+02 6.474010e+07 6.173105e+06 
2.952031e+02 7.430836e+07 5.039761e+06 
2.481813e+02 6.584621e+07 5.787286e+06 
2.663915e+02 7.543943e+07 5.280899e+06 

2.635409e+02 6.514536e+07 5.401467e+06 
2.571226e+02 6.439056e+07 5.714944e+06 
2.582903e+02 6.731425e+07 5.136216e+06 
2.665939e+02 6.394049e+07 5.401467e+06 
2.676536e+02 6.498078e+07 5.232670e+06 
2.763827e+02 6.456058e+07 5.039761e+06 
2.673795e+02 6.386513e+07 5.305012e+06 
2.573663e+02 6.995122e+07 5.136216e+06 
2.646403e+02 6.566349e+07 5.329125e+06 
2.722731e+02 6.524365e+07 5.136216e+06 
2.809061e+02 6.630219e+07 4.678055e+06 
2.641300e+02 6.885697e+07 4.952950e+06 
2.657873e+02 7.008235e+07 4.785762e+06 
2.782553e+02 6.749716e+07 4.461032e+06 
2.936993e+02 6.575209e+07 4.750396e+06 
2.592147e+02 6.622083e+07 5.208557e+06 
2.656843e+02 6.884560e+07 4.943306e+06 
2.689454e+02 6.611113e+07 5.039761e+06 
2.672956e+02 6.879801e+07 4.785762e+06 
2.692344e+02 6.566119e+07 5.136216e+06 
2.626879e+02 6.413429e+07 5.907854e+06 
2.709889e+02 6.469978e+07 5.305012e+06 
2.831905e+02 6.746646e+07 4.750396e+06 
2.849539e+02 6.515630e+07 4.943306e+06 
2.982421e+02 6.944254e+07 4.367791e+06 
2.648632e+02 6.552903e+07 5.329125e+06 
2.848243e+02 6.583493e+07 4.943306e+06 
2.654386e+02 6.592110e+07 5.136216e+06 
2.553567e+02 6.480767e+07 5.907854e+06 
2.530061e+02 6.557181e+07 5.714944e+06 
2.591192e+02 6.408905e+07 5.714944e+06 
2.771271e+02 6.874157e+07 4.653942e+06 
2.749898e+02 6.592360e+07 4.943306e+06 
2.663245e+02 6.676629e+07 4.943306e+06 
2.830170e+02 6.735521e+07 4.557487e+06 
2.692415e+02 7.058594e+07 4.750396e+06 
2.643921e+02 6.402177e+07 5.714944e+06 
2.854197e+02 6.816458e+07 4.461032e+06 
2.832811e+02 6.777853e+07 4.653942e+06 
2.798552e+02 6.361881e+07 5.714944e+06 
2.818924e+02 6.744990e+07 4.461032e+06 
2.909187e+02 6.753895e+07 4.557487e+06 
2.566541e+02 6.832599e+07 5.256784e+06 
2.739119e+02 6.524983e+07 5.136216e+06 
2.731520e+02 6.700448e+07 4.846851e+06 
2.663605e+02 6.381089e+07 5.907854e+06 
2.569083e+02 6.439956e+07 5.907854e+06 
2.811526e+02 6.867218e+07 4.461032e+06 
2.631302e+02 7.061751e+07 4.943306e+06 
2.528798e+02 6.760923e+07 5.522035e+06 
2.677301e+02 6.665672e+07 4.943306e+06 
2.571762e+02 6.527567e+07 5.522035e+06 
2.758139e+02 6.354675e+07 5.787286e+06 
2.947626e+02 6.656693e+07 4.750396e+06 
2.786563e+02 6.392384e+07 5.329125e+06 
2.720927e+02 6.392907e+07 5.714944e+06 
2.614965e+02 6.498031e+07 5.425580e+06 
2.665816e+02 6.350748e+07 5.594376e+06 
2.592235e+02 6.407361e+07 5.714944e+06 
2.858281e+02 6.587369e+07 4.750396e+06 
2.665958e+02 6.400708e+07 5.618490e+06 
2.628708e+02 6.449710e+07 5.522035e+06 
2.736927e+02 6.566739e+07 4.943306e+06 
2.688958e+02 6.529716e+07 5.136216e+06 
2.747896e+02 6.632850e+07 4.750396e+06 
2.542446e+02 6.540544e+07 5.907854e+06 
2.579826e+02 6.486163e+07 5.522035e+06 
2.960497e+02 6.638046e+07 4.822738e+06 
2.632334e+02 6.388578e+07 5.522035e+06 
2.728231e+02 6.656324e+07 4.943306e+06 
2.677366e+02 6.547998e+07 5.015648e+06 
2.765580e+02 6.428412e+07 5.232670e+06 
2.914703e+02 6.695778e+07 4.750396e+06 
2.631705e+02 6.586417e+07 5.329125e+06 
2.682716e+02 6.622823e+07 5.112102e+06 
2.643891e+02 6.339177e+07 5.714944e+06 
2.598729e+02 7.096821e+07 4.943306e+06 
2.530603e+02 6.734476e+07 5.329125e+06 
2.622420e+02 6.449622e+07 5.401467e+06 
2.793108e+02 6.944274e+07 4.461032e+06 
2.553964e+02 6.571313e+07 5.618490e+06 
2.733957e+02 6.950551e+07 4.364577e+06 
2.582660e+02 6.792959e+07 5.329125e+06 
2.543509e+02 6.644173e+07 5.522035e+06 
2.527105e+02 6.514056e+07 5.714944e+06 
2.673993e+02 7.230374e+07 4.750396e+06 
2.700772e+02 6.400593e+07 5.425580e+06 
2.840359e+02 6.599188e+07 4.822738e+06 
2.585710e+02 6.543877e+07 5.497922e+06 
2.607238e+02 6.870295e+07 5.136216e+06 
2.674528e+02 7.153407e+07 4.557487e+06 
2.783137e+02 6.512300e+07 5.015648e+06 
2.567209e+02 6.419608e+07 5.594376e+06 
2.726725e+02 7.072300e+07 4.557487e+06 
2.530690e+02 6.425410e+07 5.714944e+06 
2.605451e+02 6.482201e+07 5.522035e+06 
2.655114e+02 6.541442e+07 5.329125e+06 
2.604022e+02 6.514725e+07 5.425580e+06 
2.732929e+02 6.751447e+07 4.750396e+06 
2.607460e+02 6.446871e+07 5.522035e+06 

