1.536577e+02 3.281182e+07 2.208646e+06 
1.605311e+02 3.242790e+07 2.055676e+06 
1.553169e+02 3.240623e+07 2.159498e+06 
1.640548e+02 3.276526e+07 1.951854e+06 
1.588097e+02 3.402206e+07 2.007860e+06 
1.662174e+02 3.195355e+07 2.055676e+06 
1.615702e+02 3.417713e+07 1.848032e+06 
1.685223e+02 3.405202e+07 1.807074e+06 
1.667910e+02 3.571077e+07 1.744210e+06 
1.526549e+02 3.866100e+07 3.614149e+06 
1.665997e+02 3.169576e+07 2.159498e+06 
1.615184e+02 3.437272e+07 1.848032e+06 
1.660351e+02 3.492322e+07 1.832641e+06 
1.684291e+02 3.165664e+07 2.159498e+06 
1.693503e+02 3.428724e+07 1.744210e+06 
1.589921e+02 3.381103e+07 2.007860e+06 
1.533692e+02 3.811722e+07 3.212577e+06 
1.527434e+02 3.832589e+07 3.212577e+06 
1.726670e+02 3.163017e+07 2.159498e+06 
1.675595e+02 3.451388e+07 1.744210e+06 
1.537637e+02 3.383359e+07 2.409432e+06 
1.540217e+02 3.289055e+07 2.208646e+06 
1.671343e+02 3.473563e+07 1.744210e+06 
1.530901e+02 3.888723e+07 3.011791e+06 
1.523986e+02 3.877420e+07 3.814935e+06 
1.538532e+02 3.293506e+07 2.409432e+06 
1.527910e+02 3.330470e+07 2.409432e+06 
1.679553e+02 3.167264e+07 2.159498e+06 
1.527922e+02 3.851322e+07 3.814935e+06 
1.580609e+02 3.216054e+07 2.159498e+06 
1.592247e+02 3.211099e+07 2.159498e+06 
1.718527e+02 3.536564e+07 1.736186e+06 
1.664068e+02 3.442082e+07 1.832641e+06 
1.631730e+02 3.206716e+07 2.055676e+06 
1.663068e+02 3.500222e+07 1.744210e+06 
1.548605e+02 3.273613e+07 2.208646e+06 
1.615894e+02 3.236543e+07 2.055676e+06 
1.587494e+02 3.243959e+07 2.055676e+06 
1.701856e+02 3.259243e+07 1.951854e+06 
1.661212e+02 3.243814e+07 2.055676e+06 
1.619701e+02 3.229747e+07 2.055676e+06 
1.560330e+02 3.323995e+07 2.055676e+06 
1.741539e+02 3.188669e+07 2.055676e+06 
1.708982e+02 3.163590e+07 2.159498e+06 
1.731414e+02 3.262454e+07 1.951854e+06 
1.568433e+02 3.260921e+07 2.055676e+06 
1.553538e+02 3.493019e+07 2.055676e+06 
1.585378e+02 3.196020e+07 2.159498e+06 
1.729547e+02 3.297555e+07 1.848032e+06 
1.631853e+02 3.175778e+07 2.159498e+06 
1.557603e+02 3.234638e+07 2.159498e+06 
1.590933e+02 3.542515e+07 1.848032e+06 
1.690634e+02 3.441363e+07 1.744210e+06 
1.563087e+02 3.304008e+07 2.055676e+06 
1.572572e+02 3.508925e+07 2.007860e+06 
1.572719e+02 3.481284e+07 2.007860e+06 
1.677226e+02 3.271453e+07 1.951854e+06 
1.522848e+02 3.901447e+07 3.614149e+06 
1.673753e+02 3.181169e+07 2.055676e+06 
1.689625e+02 3.444292e+07 1.744210e+06 
1.604729e+02 3.182080e+07 2.159498e+06 
1.675344e+02 3.172805e+07 2.159498e+06 
1.571105e+02 3.518034e+07 2.007860e+06 
1.580602e+02 3.220697e+07 2.159498e+06 
1.530072e+02 3.830561e+07 3.413363e+06 
1.582684e+02 3.436227e+07 2.007860e+06 
1.725312e+02 3.373403e+07 1.744210e+06 
1.561386e+02 3.468717e+07 2.055676e+06 
1.585127e+02 3.416437e+07 1.951854e+06 
1.549364e+02 3.523213e+07 2.055676e+06 
1.682579e+02 3.169061e+07 2.159498e+06 
1.546215e+02 3.280823e+07 2.409432e+06 
1.709512e+02 3.175562e+07 2.055676e+06 
1.613894e+02 3.444879e+07 1.848032e+06 
1.564764e+02 3.281410e+07 2.055676e+06 
1.704156e+02 3.390959e+07 1.744210e+06 
1.621586e+02 3.301374e+07 1.848032e+06 
1.661875e+02 3.444223e+07 1.807074e+06 
1.630693e+02 3.182399e+07 2.159498e+06 
1.668604e+02 3.426090e+07 1.807074e+06 
1.703607e+02 3.407488e+07 1.744210e+06 
1.521974e+02 3.879634e+07 3.614149e+06 
1.600195e+02 3.393060e+07 1.951854e+06 
1.614384e+02 3.378945e+07 2.007860e+06 
1.670992e+02 3.494010e+07 1.744210e+06 
1.660837e+02 3.174985e+07 2.159498e+06 
1.689738e+02 3.284455e+07 1.848032e+06 
1.653367e+02 3.179085e+07 2.159498e+06 
1.547851e+02 3.216082e+07 2.159498e+06 
1.642377e+02 3.354005e+07 1.848032e+06 
1.737659e+02 3.382735e+07 1.744210e+06 
1.594071e+02 3.478984e+07 1.848032e+06 
1.612472e+02 3.196621e+07 2.159498e+06 
1.583089e+02 3.483829e+07 1.951854e+06 
1.585067e+02 3.256755e+07 2.055676e+06 
1.579564e+02 3.511505e+07 1.951854e+06 
1.582011e+02 3.496714e+07 2.007860e+06 
1.562048e+02 3.309650e+07 2.055676e+06 
1.592109e+02 3.464151e+07 1.848032e+06 
1.619490e+02 3.234848e+07 2.055676e+06 

1.608853e+02 3.238821e+07 2.076440e+06 
1.580137e+02 3.280770e+07 2.610219e+06 
1.601473e+02 3.213114e+07 2.076440e+06 
1.570216e+02 3.325343e+07 2.610219e+06 
1.521553e+02 3.546914e+07 3.413363e+06 
1.760404e+02 3.184813e+07 2.076440e+06 
1.576219e+02 3.302551e+07 2.610219e+06 
1.661055e+02 3.452055e+07 1.764974e+06 
1.773163e+02 3.180887e+07 2.208646e+06 
1.569493e+02 3.301955e+07 2.610219e+06 
1.578582e+02 3.335139e+07 2.208646e+06 
1.540096e+02 3.409356e+07 3.011791e+06 
1.571626e+02 3.319225e+07 2.811005e+06 
1.590767e+02 3.252526e+07 2.076440e+06 
1.581049e+02 3.241500e+07 2.076440e+06 
1.712772e+02 3.446094e+07 1.868796e+06 
1.794921e+02 3.335307e+07 1.972618e+06 
1.527604e+02 3.444163e+07 3.212577e+06 
1.642594e+02 3.184758e+07 2.076440e+06 
1.626145e+02 3.199316e+07 2.076440e+06 
1.602098e+02 3.247240e+07 2.208646e+06 
1.535599e+02 3.431756e+07 3.212577e+06 
1.657202e+02 3.485884e+07 1.764974e+06 
1.552279e+02 3.381652e+07 3.011791e+06 
1.694422e+02 3.337206e+07 1.972618e+06 
1.558718e+02 3.348259e+07 2.610219e+06 
1.703663e+02 3.315125e+07 1.972618e+06 
1.752442e+02 3.170546e+07 2.076440e+06 
1.550046e+02 3.439829e+07 2.811005e+06 
1.647238e+02 3.191852e+07 2.076440e+06 
1.580861e+02 3.288174e+07 2.208646e+06 
1.538764e+02 3.418339e+07 3.011791e+06 
1.568234e+02 3.348337e+07 2.208646e+06 
1.525166e+02 3.456487e+07 3.212577e+06 
1.535584e+02 3.455410e+07 3.011791e+06 
1.656927e+02 3.492573e+07 1.807074e+06 
1.826823e+02 3.287758e+07 1.972618e+06 
1.617494e+02 3.223420e+07 2.076440e+06 
1.579372e+02 3.345120e+07 2.409432e+06 
1.514936e+02 3.565977e+07 3.614149e+06 
1.661518e+02 3.444881e+07 1.868796e+06 
1.673409e+02 3.463512e+07 1.764974e+06 
1.539682e+02 3.397316e+07 3.011791e+06 
1.655553e+02 3.533317e+07 1.807074e+06 
1.619177e+02 3.414168e+07 1.972618e+06 
1.615069e+02 3.475641e+07 1.972618e+06 
1.774533e+02 3.317895e+07 2.007860e+06 
1.709349e+02 3.187828e+07 2.076440e+06 
1.618340e+02 3.443968e+07 2.007860e+06 
1.668792e+02 3.360619e+07 2.007860e+06 
1.668054e+02 3.469665e+07 1.832641e+06 
1.579494e+02 3.329831e+07 2.208646e+06 
1.781680e+02 3.171063e+07 2.076440e+06 
1.563263e+02 3.339272e+07 2.811005e+06 
1.630331e+02 3.391510e+07 1.972618e+06 
1.616869e+02 3.438652e+07 1.972618e+06 
1.538504e+02 3.405127e+07 3.212577e+06 
1.540515e+02 3.375954e+07 3.011791e+06 
1.729288e+02 3.171693e+07 2.076440e+06 
1.538352e+02 3.434778e+07 3.011791e+06 
1.537824e+02 3.426018e+07 3.212577e+06 
1.618542e+02 3.458461e+07 1.972618e+06 
1.668706e+02 3.447214e+07 1.868796e+06 
1.674054e+02 3.348276e+07 1.972618e+06 
1.575222e+02 3.392071e+07 2.409432e+06 
1.554725e+02 3.336542e+07 2.610219e+06 
1.554757e+02 3.350116e+07 2.811005e+06 
1.651384e+02 3.547614e+07 1.807074e+06 
1.518603e+02 3.567011e+07 3.614149e+06 
1.717451e+02 3.186054e+07 2.076440e+06 
1.607530e+02 3.390802e+07 2.007860e+06 
1.651499e+02 3.470453e+07 1.868796e+06 
1.660458e+02 3.458743e+07 1.868796e+06 
1.649566e+02 3.569921e+07 1.868796e+06 
1.799407e+02 3.305647e+07 1.972618e+06 
1.647068e+02 3.449606e+07 1.868796e+06 
1.545452e+02 3.402766e+07 3.212577e+06 
1.627177e+02 3.365028e+07 1.972618e+06 
1.520845e+02 3.440064e+07 3.212577e+06 
1.556063e+02 3.372120e+07 2.610219e+06 
1.831755e+02 3.328576e+07 1.972618e+06 
1.607614e+02 3.479078e+07 2.007860e+06 
1.576233e+02 3.299315e+07 2.811005e+06 
1.641896e+02 3.197570e+07 2.076440e+06 
1.658690e+02 3.560716e+07 1.764974e+06 
1.547501e+02 3.461993e+07 2.811005e+06 
1.677728e+02 3.350991e+07 1.972618e+06 
1.580018e+02 3.350602e+07 2.208646e+06 
1.698522e+02 3.327470e+07 1.972618e+06 
1.564433e+02 3.333659e+07 2.610219e+06 
1.868396e+02 3.304341e+07 1.972618e+06 
1.619775e+02 3.215285e+07 2.076440e+06 
1.538165e+02 3.407935e+07 3.011791e+06 
1.581429e+02 3.259403e+07 2.076440e+06 
1.526521e+02 3.445116e+07 3.413363e+06 
1.688338e+02 3.442194e+07 1.868796e+06 
1.814404e+02 3.170439e+07 2.076440e+06 
1.612601e+02 3.237076e+07 2.076440e+06 
1.553504e+02 3.412667e+07 2.811005e+06 
1.698991e+02 3.456350e+07 1.764974e+06 

1.630391e+02 3.202739e+07 1.972618e+06 
1.674874e+02 3.165692e+07 1.972618e+06 
1.584372e+02 3.435513e+07 2.409432e+06 
1.690887e+02 3.134029e+07 2.076440e+06 
1.614179e+02 3.471053e+07 1.764974e+06 
1.685036e+02 3.927764e+07 1.639732e+06 
1.769027e+02 3.335478e+07 1.807074e+06 
1.711554e+02 3.361197e+07 1.807074e+06 
1.746887e+02 3.135851e+07 1.972618e+06 
1.631801e+02 3.459753e+07 1.764974e+06 
1.792071e+02 3.220178e+07 1.868796e+06 
1.698316e+02 3.152777e+07 1.972618e+06 
1.581990e+02 3.627498e+07 2.007860e+06 
1.614389e+02 3.289224e+07 2.076440e+06 
1.597407e+02 3.476865e+07 1.868796e+06 
1.779399e+02 3.128012e+07 1.972618e+06 
1.611937e+02 3.323439e+07 2.007860e+06 
1.691414e+02 3.374345e+07 1.807074e+06 
1.705534e+02 3.372115e+07 1.807074e+06 
1.634857e+02 3.301308e+07 1.868796e+06 
1.663948e+02 3.154958e+07 2.076440e+06 
1.682884e+02 3.136626e+07 2.076440e+06 
1.620028e+02 3.258156e+07 2.208646e+06 
1.647710e+02 3.185752e+07 1.972618e+06 
1.707569e+02 3.819273e+07 1.639732e+06 
1.617224e+02 3.465449e+07 1.832641e+06 
1.729949e+02 3.221378e+07 1.868796e+06 
1.627543e+02 3.228417e+07 2.007860e+06 
1.705537e+02 3.418397e+07 1.807074e+06 
1.605792e+02 3.318426e+07 2.208646e+06 
1.632974e+02 3.384669e+07 1.868796e+06 
1.583134e+02 3.577854e+07 2.811005e+06 
1.676367e+02 3.140645e+07 2.076440e+06 
1.635025e+02 3.451610e+07 1.764974e+06 
1.569628e+02 3.578758e+07 3.011791e+06 
1.797367e+02 3.123881e+07 1.972618e+06 
1.624291e+02 3.223388e+07 2.076440e+06 
1.588294e+02 3.364329e+07 2.208646e+06 
1.663861e+02 3.277136e+07 1.868796e+06 
1.686516e+02 3.202491e+07 2.007860e+06 
1.798444e+02 3.107462e+07 2.076440e+06 
1.851583e+02 3.220102e+07 1.868796e+06 
1.588863e+02 3.325243e+07 2.208646e+06 
1.737587e+02 3.062976e+07 2.076440e+06 
1.606827e+02 3.645349e+07 1.764974e+06 
1.607290e+02 3.378564e+07 2.007860e+06 
1.669304e+02 3.890545e+07 1.661152e+06 
1.701305e+02 3.124390e+07 2.076440e+06 
1.621073e+02 3.297980e+07 1.972618e+06 
1.739704e+02 3.138253e+07 1.972618e+06 
1.640235e+02 3.196942e+07 1.972618e+06 
1.608821e+02 3.286957e+07 2.208646e+06 
1.662934e+02 3.814202e+07 1.736186e+06 
1.747796e+02 3.250431e+07 1.868796e+06 
1.758131e+02 3.131916e+07 1.972618e+06 
1.613524e+02 3.374966e+07 1.972618e+06 
1.580720e+02 3.698748e+07 2.208646e+06 
1.711641e+02 3.687274e+07 1.736186e+06 
1.616643e+02 3.333918e+07 1.972618e+06 
1.683151e+02 3.688668e+07 1.736186e+06 
1.756538e+02 3.347112e+07 1.807074e+06 
1.615234e+02 3.492445e+07 2.007860e+06 
1.816189e+02 3.158356e+07 1.868796e+06 
1.615111e+02 3.267874e+07 2.007860e+06 
1.735341e+02 3.657728e+07 1.736186e+06 
1.626622e+02 3.466084e+07 1.764974e+06 
1.743635e+02 3.152335e+07 2.076440e+06 
1.705257e+02 3.701342e+07 1.661152e+06 
1.675781e+02 3.148960e+07 2.076440e+06 
1.624588e+02 3.474238e+07 1.764974e+06 
1.638818e+02 3.445205e+07 1.764974e+06 
1.818240e+02 3.122572e+07 2.007860e+06 
1.720608e+02 3.147190e+07 1.972618e+06 
1.710402e+02 3.816325e+07 1.639732e+06 
1.603959e+02 3.499238e+07 1.832641e+06 
1.600044e+02 3.433090e+07 2.007860e+06 
1.608280e+02 3.360213e+07 2.007860e+06 
1.804803e+02 3.154246e+07 1.972618e+06 
1.653068e+02 3.167402e+07 2.076440e+06 
1.694467e+02 3.901369e+07 1.639732e+06 
1.872698e+02 3.110987e+07 1.972618e+06 
1.724347e+02 3.146777e+07 1.972618e+06 
1.613390e+02 3.305236e+07 2.076440e+06 
1.606714e+02 3.446495e+07 2.610219e+06 
1.640569e+02 3.189103e+07 2.076440e+06 
1.680885e+02 3.260061e+07 1.868796e+06 
1.743366e+02 3.168237e+07 1.972618e+06 
1.593758e+02 3.506819e+07 1.807074e+06 
1.577887e+02 3.709836e+07 2.409432e+06 
1.669876e+02 3.723161e+07 1.661152e+06 
1.658795e+02 3.298447e+07 1.868796e+06 
1.697555e+02 3.841551e+07 1.639732e+06 
1.604324e+02 3.394273e+07 1.868796e+06 
1.672817e+02 3.413354e+07 1.807074e+06 
1.751931e+02 3.135486e+07 1.972618e+06 
1.716105e+02 3.149047e+07 1.972618e+06 
1.630625e+02 3.220677e+07 2.076440e+06 
1.704522e+02 3.239775e+07 1.868796e+06 
1.794849e+02 3.202682e+07 1.868796e+06 
1.663333e+02 3.298122e+07 1.868796e+06 

1.572746e+02 3.309837e+07 1.764974e+06 
1.575070e+02 3.233315e+07 1.764974e+06 
1.590354e+02 3.182259e+07 1.832641e+06 
1.511745e+02 3.442903e+07 3.212577e+06 
1.663864e+02 3.477444e+07 1.606288e+06 
1.521900e+02 3.579240e+07 3.413363e+06 
1.574882e+02 3.416214e+07 1.736186e+06 
1.536143e+02 3.425075e+07 2.409432e+06 
1.564388e+02 3.240855e+07 1.868796e+06 
1.530133e+02 3.458771e+07 2.811005e+06 
1.557951e+02 3.294182e+07 1.868796e+06 
1.547497e+02 3.319424e+07 2.007860e+06 
1.543282e+02 3.354607e+07 2.007860e+06 
1.593584e+02 3.196911e+07 1.832641e+06 
1.604335e+02 3.321961e+07 1.736186e+06 
1.532335e+02 3.423802e+07 2.610219e+06 
1.551488e+02 3.296210e+07 2.007860e+06 
1.558402e+02 3.270054e+07 1.832641e+06 
1.567672e+02 3.250432e+07 1.868796e+06 
1.616454e+02 3.203783e+07 1.764974e+06 
1.525868e+02 3.494885e+07 3.212577e+06 
1.620728e+02 3.320599e+07 1.736186e+06 
1.538575e+02 3.401058e+07 2.610219e+06 
1.668797e+02 3.502861e+07 1.606288e+06 
1.570312e+02 3.216839e+07 1.832641e+06 
1.553393e+02 3.245470e+07 2.007860e+06 
1.573006e+02 3.315652e+07 1.764974e+06 
1.584925e+02 3.199284e+07 1.764974e+06 
1.557356e+02 3.290114e+07 1.868796e+06 
1.562315e+02 3.255133e+07 2.007860e+06 
1.700758e+02 3.395983e+07 1.639732e+06 
1.535357e+02 3.407346e+07 2.811005e+06 
1.560759e+02 3.349877e+07 1.807074e+06 
1.648676e+02 3.307437e+07 1.736186e+06 
1.724884e+02 3.407831e+07 1.606288e+06 
1.534721e+02 3.428493e+07 2.610219e+06 
1.625774e+02 3.449282e+07 1.639732e+06 
1.577907e+02 3.454187e+07 1.736186e+06 
1.541645e+02 3.385377e+07 2.409432e+06 
1.560667e+02 3.280213e+07 1.832641e+06 
1.557668e+02 3.250350e+07 1.868796e+06 
1.555401e+02 3.291037e+07 1.832641e+06 
1.613596e+02 3.198763e+07 1.764974e+06 
1.564465e+02 3.235490e+07 1.832641e+06 
1.551809e+02 3.299185e+07 2.208646e+06 
1.587483e+02 3.332045e+07 1.736186e+06 
1.606738e+02 3.189614e+07 1.868796e+06 
1.547298e+02 3.303144e+07 2.007860e+06 
1.565911e+02 3.279690e+07 1.807074e+06 
1.542630e+02 3.325485e+07 2.409432e+06 
1.649202e+02 3.302888e+07 1.661152e+06 
1.618182e+02 3.417052e+07 1.639732e+06 
1.520848e+02 3.426197e+07 3.011791e+06 
1.559384e+02 3.273473e+07 2.007860e+06 
1.585526e+02 3.349430e+07 1.736186e+06 
1.542147e+02 3.342760e+07 2.409432e+06 
1.544112e+02 3.364584e+07 2.007860e+06 
1.676383e+02 3.431571e+07 1.606288e+06 
1.603043e+02 3.344359e+07 1.661152e+06 
1.569132e+02 3.199731e+07 1.832641e+06 
1.535277e+02 3.431023e+07 2.409432e+06 
1.598667e+02 3.331770e+07 1.661152e+06 
1.540194e+02 3.386179e+07 2.610219e+06 
1.571026e+02 3.310053e+07 1.764974e+06 
1.696773e+02 3.413552e+07 1.639732e+06 
1.577822e+02 3.209678e+07 1.868796e+06 
1.692886e+02 3.418476e+07 1.606288e+06 
1.538492e+02 3.424144e+07 2.208646e+06 
1.541676e+02 3.314856e+07 2.208646e+06 
1.599732e+02 3.498652e+07 1.661152e+06 
1.545121e+02 3.304145e+07 2.007860e+06 
1.581436e+02 3.363205e+07 1.736186e+06 
1.577575e+02 3.411378e+07 1.736186e+06 
1.698824e+02 3.412109e+07 1.606288e+06 
1.526743e+02 3.464070e+07 3.011791e+06 
1.560634e+02 3.258397e+07 1.832641e+06 
1.573209e+02 3.245080e+07 1.764974e+06 
1.569903e+02 3.313346e+07 1.764974e+06 
1.536236e+02 3.463725e+07 2.409432e+06 
1.554429e+02 3.288569e+07 2.007860e+06 
1.582721e+02 3.196731e+07 1.868796e+06 
1.543361e+02 3.416109e+07 2.076440e+06 
1.577148e+02 3.188006e+07 1.832641e+06 
1.538255e+02 3.389936e+07 2.208646e+06 
1.563011e+02 3.253139e+07 1.832641e+06 
1.692660e+02 3.304272e+07 1.661152e+06 
1.704385e+02 3.392112e+07 1.606288e+06 
1.569258e+02 3.223980e+07 1.868796e+06 
1.565695e+02 3.253007e+07 1.868796e+06 
1.544402e+02 3.357606e+07 2.007860e+06 
1.550255e+02 3.313494e+07 2.007860e+06 
1.530015e+02 3.452574e+07 3.011791e+06 
1.648923e+02 3.187057e+07 1.972618e+06 
1.525226e+02 3.442539e+07 2.409432e+06 
1.561482e+02 3.247486e+07 1.868796e+06 
1.666262e+02 3.414499e+07 1.639732e+06 
1.580322e+02 3.405354e+07 1.736186e+06 
1.537321e+02 3.420054e+07 2.610219e+06 
1.559716e+02 3.241577e+07 2.007860e+06 
1.561804e+02 3.354857e+07 1.807074e+06 

1.570517e+02 3.208103e+07 2.076440e+06 
1.714214e+02 3.114341e+07 1.972618e+06 
1.585389e+02 3.186463e+07 1.972618e+06 
1.826500e+02 3.775476e+07 1.639732e+06 
1.534234e+02 3.457602e+07 2.610219e+06 
1.638411e+02 3.354290e+07 1.807074e+06 
1.624983e+02 3.132047e+07 1.972618e+06 
1.609923e+02 3.227422e+07 1.868796e+06 
1.828733e+02 3.713513e+07 1.661152e+06 
1.749027e+02 3.437376e+07 1.736186e+06 
1.824984e+02 3.188462e+07 1.868796e+06 
1.798043e+02 3.219128e+07 1.868796e+06 
1.639037e+02 3.234951e+07 1.868796e+06 
1.730192e+02 4.021655e+07 1.736186e+06 
1.585479e+02 3.185659e+07 1.972618e+06 
1.657320e+02 3.329250e+07 1.807074e+06 
1.594994e+02 3.184558e+07 1.972618e+06 
1.582500e+02 3.395805e+07 1.868796e+06 
1.733349e+02 3.279950e+07 1.764974e+06 
1.712762e+02 3.278151e+07 1.807074e+06 
1.591812e+02 3.190500e+07 1.972618e+06 
1.732086e+02 3.445866e+07 1.736186e+06 
1.555482e+02 3.217492e+07 2.076440e+06 
1.773108e+02 3.101382e+07 1.972618e+06 
1.734793e+02 3.957570e+07 1.639732e+06 
1.537026e+02 3.404128e+07 2.811005e+06 
1.650014e+02 3.194476e+07 1.868796e+06 
1.700432e+02 3.122751e+07 1.972618e+06 
1.750797e+02 3.910407e+07 1.639732e+06 
1.698147e+02 3.188097e+07 1.868796e+06 
1.678298e+02 3.270302e+07 1.764974e+06 
1.647058e+02 3.319680e+07 1.832641e+06 
1.669128e+02 3.292315e+07 1.807074e+06 
1.663295e+02 3.303472e+07 1.832641e+06 
1.609270e+02 3.157023e+07 1.972618e+06 
1.531157e+02 3.437727e+07 2.610219e+06 
1.544016e+02 3.437976e+07 2.409432e+06 
1.587119e+02 3.362167e+07 1.868796e+06 
1.566151e+02 3.226276e+07 2.007860e+06 
1.602329e+02 3.340584e+07 1.868796e+06 
1.547345e+02 3.356726e+07 2.409432e+06 
1.538260e+02 3.422150e+07 2.610219e+06 
1.632155e+02 3.307924e+07 1.832641e+06 
1.547008e+02 3.269492e+07 2.007860e+06 
1.520881e+02 3.503635e+07 2.811005e+06 
1.623174e+02 3.370826e+07 1.832641e+06 
1.602436e+02 3.173738e+07 1.972618e+06 
1.525797e+02 3.548910e+07 3.011791e+06 
1.750246e+02 3.954284e+07 1.639732e+06 
1.708508e+02 3.864310e+07 1.736186e+06 
1.663970e+02 3.131347e+07 1.972618e+06 
1.546254e+02 3.295454e+07 2.007860e+06 
1.768558e+02 3.246826e+07 1.764974e+06 
1.605439e+02 3.174197e+07 1.972618e+06 
1.706780e+02 3.128659e+07 2.076440e+06 
1.607772e+02 3.173077e+07 1.972618e+06 
1.844192e+02 3.275911e+07 1.764974e+06 
1.643422e+02 3.144510e+07 1.972618e+06 
1.756965e+02 3.953289e+07 1.639732e+06 
1.544037e+02 3.417433e+07 2.409432e+06 
1.666360e+02 3.124257e+07 2.076440e+06 
1.557763e+02 3.210255e+07 1.972618e+06 
1.726568e+02 3.102483e+07 1.972618e+06 
1.665653e+02 3.338564e+07 1.764974e+06 
1.808388e+02 3.735269e+07 1.661152e+06 
1.639554e+02 3.221780e+07 1.868796e+06 
1.736426e+02 3.435779e+07 1.736186e+06 
1.626689e+02 3.347895e+07 1.832641e+06 
1.651181e+02 3.335201e+07 1.764974e+06 
1.582824e+02 3.204658e+07 1.972618e+06 
1.655783e+02 3.334028e+07 1.807074e+06 
1.631326e+02 3.365459e+07 1.807074e+06 
1.650080e+02 3.348649e+07 1.807074e+06 
1.796888e+02 3.772724e+07 1.639732e+06 
1.673608e+02 3.333446e+07 1.764974e+06 
1.542557e+02 3.404636e+07 2.610219e+06 
1.627522e+02 3.403454e+07 1.807074e+06 
1.812939e+02 3.713823e+07 1.661152e+06 
1.621421e+02 3.505271e+07 1.807074e+06 
1.770636e+02 3.742727e+07 1.661152e+06 
1.743079e+02 3.117516e+07 1.972618e+06 
1.547574e+02 3.284395e+07 2.007860e+06 
1.731064e+02 3.782967e+07 1.661152e+06 
1.631728e+02 3.364588e+07 1.832641e+06 
1.545210e+02 3.345167e+07 2.610219e+06 
1.631727e+02 3.282746e+07 1.868796e+06 
1.528266e+02 3.549817e+07 2.811005e+06 
1.544070e+02 3.362587e+07 2.208646e+06 
1.676096e+02 3.302941e+07 1.807074e+06 
1.716980e+02 3.822688e+07 1.736186e+06 
1.599053e+02 3.178819e+07 1.972618e+06 
1.644554e+02 3.218275e+07 1.868796e+06 
1.753168e+02 3.110888e+07 1.972618e+06 
1.752417e+02 3.774746e+07 1.661152e+06 
1.848343e+02 3.719622e+07 1.661152e+06 
1.530118e+02 3.444661e+07 2.610219e+06 
1.731734e+02 3.448473e+07 1.736186e+06 
1.629801e+02 3.373180e+07 1.807074e+06 
1.533437e+02 3.428050e+07 3.011791e+06 
1.554795e+02 3.263659e+07 2.007860e+06 

1.639003e+02 3.350706e+07 1.868796e+06 
1.731989e+02 3.221835e+07 2.076440e+06 
1.619761e+02 3.279221e+07 1.972618e+06 
1.710718e+02 3.519677e+07 1.764974e+06 
1.624601e+02 3.235835e+07 2.076440e+06 
1.585456e+02 3.317284e+07 2.076440e+06 
1.744848e+02 3.274607e+07 1.868796e+06 
1.718056e+02 3.234575e+07 2.007860e+06 
1.680409e+02 3.599752e+07 1.764974e+06 
1.551752e+02 3.702693e+07 3.413363e+06 
1.599549e+02 3.303973e+07 2.076440e+06 
1.610222e+02 3.279496e+07 2.076440e+06 
1.564412e+02 3.436553e+07 2.811005e+06 
1.813000e+02 3.856096e+07 1.736186e+06 
1.597696e+02 3.318876e+07 2.007860e+06 
1.722514e+02 3.243126e+07 1.972618e+06 
1.887589e+02 3.678540e+07 1.736186e+06 
1.926318e+02 3.711295e+07 1.736186e+06 
1.711297e+02 3.486896e+07 1.832641e+06 
1.785975e+02 3.288572e+07 1.868796e+06 
1.559451e+02 3.727102e+07 3.212577e+06 
1.554676e+02 3.706609e+07 3.413363e+06 
1.684835e+02 3.563047e+07 1.807074e+06 
1.572535e+02 3.407681e+07 2.610219e+06 
1.703158e+02 3.536499e+07 1.764974e+06 
1.581983e+02 3.422820e+07 2.208646e+06 
1.622066e+02 3.374757e+07 1.868796e+06 
1.591965e+02 3.348310e+07 2.055676e+06 
1.805238e+02 3.775970e+07 1.736186e+06 
1.732144e+02 3.504290e+07 1.807074e+06 
1.551820e+02 3.721293e+07 3.413363e+06 
1.757074e+02 3.196690e+07 2.076440e+06 
1.629110e+02 3.255412e+07 1.972618e+06 
1.597925e+02 3.286273e+07 2.076440e+06 
1.731998e+02 3.488076e+07 1.832641e+06 
1.650839e+02 3.335323e+07 1.868796e+06 
1.652079e+02 3.604672e+07 1.832641e+06 
1.565256e+02 3.470442e+07 2.811005e+06 
1.564089e+02 3.654911e+07 3.413363e+06 
1.687582e+02 3.488767e+07 1.832641e+06 
1.700293e+02 3.539893e+07 1.764974e+06 
1.717379e+02 3.504020e+07 1.764974e+06 
1.609590e+02 3.287223e+07 2.076440e+06 
1.581539e+02 3.395416e+07 2.409432e+06 
1.727441e+02 3.215883e+07 1.972618e+06 
1.710929e+02 3.488457e+07 1.832641e+06 
1.549229e+02 3.760158e+07 3.413363e+06 
1.587369e+02 3.371556e+07 2.076440e+06 
1.633650e+02 3.365081e+07 1.868796e+06 
1.677729e+02 3.664757e+07 1.764974e+06 
1.656239e+02 3.233922e+07 2.076440e+06 
1.665379e+02 3.324877e+07 1.868796e+06 
1.838845e+02 3.213040e+07 1.972618e+06 
1.634273e+02 3.360706e+07 1.868796e+06 
1.663259e+02 3.253387e+07 1.972618e+06 
1.707037e+02 3.245555e+07 1.972618e+06 
1.875793e+02 3.720891e+07 1.736186e+06 
1.670537e+02 3.576721e+07 1.832641e+06 
1.598375e+02 3.289444e+07 1.972618e+06 
1.612828e+02 3.419842e+07 1.868796e+06 
1.731741e+02 3.301578e+07 1.868796e+06 
1.707507e+02 3.525814e+07 1.764974e+06 
1.594684e+02 3.330155e+07 2.007860e+06 
1.584370e+02 3.326177e+07 2.208646e+06 
1.629510e+02 3.256623e+07 2.076440e+06 
1.715620e+02 3.525671e+07 1.764974e+06 
1.694196e+02 3.227679e+07 2.076440e+06 
1.723885e+02 3.229901e+07 2.007860e+06 
1.585612e+02 3.345464e+07 2.208646e+06 
1.754625e+02 3.202230e+07 2.076440e+06 
1.561381e+02 3.676930e+07 3.413363e+06 
1.671944e+02 3.617879e+07 1.807074e+06 
1.559793e+02 3.708750e+07 3.212577e+06 
1.616871e+02 3.283932e+07 2.076440e+06 
1.700135e+02 3.528241e+07 1.807074e+06 
1.604844e+02 3.304367e+07 1.972618e+06 
1.597758e+02 3.310216e+07 2.076440e+06 
1.617670e+02 3.386074e+07 1.868796e+06 
1.577903e+02 3.426604e+07 2.610219e+06 
1.684097e+02 3.250819e+07 1.972618e+06 
1.578720e+02 3.406555e+07 2.409432e+06 
1.687218e+02 3.540002e+07 1.807074e+06 
1.802333e+02 3.822290e+07 1.736186e+06 
1.726334e+02 3.321277e+07 1.868796e+06 
1.801223e+02 3.851257e+07 1.736186e+06 
1.571806e+02 3.468765e+07 2.610219e+06 
1.616209e+02 3.279939e+07 1.972618e+06 
1.594680e+02 3.336337e+07 2.007860e+06 
1.684721e+02 3.531061e+07 1.832641e+06 
1.579650e+02 3.387784e+07 2.409432e+06 
1.676533e+02 3.608862e+07 1.807074e+06 
1.759764e+02 3.215683e+07 1.972618e+06 
1.675138e+02 3.237920e+07 2.076440e+06 
1.622914e+02 3.387641e+07 1.868796e+06 
1.658798e+02 3.239727e+07 2.076440e+06 
1.808182e+02 3.224425e+07 1.972618e+06 
1.592190e+02 3.324964e+07 2.208646e+06 
1.605038e+02 3.287151e+07 2.007860e+06 
1.679682e+02 3.565505e+07 1.764974e+06 
1.595836e+02 3.328412e+07 1.972618e+06 

1.589598e+02 3.506471e+07 1.807074e+06 
1.664260e+02 3.411322e+07 1.807074e+06 
1.554379e+02 3.360120e+07 1.972618e+06 
1.583677e+02 3.341348e+07 1.868796e+06 
1.539320e+02 3.306518e+07 2.076440e+06 
1.660881e+02 3.716925e+07 1.639732e+06 
1.642806e+02 3.586136e+07 1.736186e+06 
1.619077e+02 3.216657e+07 1.972618e+06 
1.631769e+02 3.664824e+07 1.661152e+06 
1.650722e+02 3.577252e+07 1.736186e+06 
1.647462e+02 3.986513e+07 1.639732e+06 
1.588383e+02 3.237320e+07 1.972618e+06 
1.645882e+02 3.294447e+07 1.868796e+06 
1.673860e+02 3.194409e+07 1.972618e+06 
1.516944e+02 3.418191e+07 3.011791e+06 
1.539271e+02 3.334563e+07 2.007860e+06 
1.575118e+02 3.390902e+07 1.868796e+06 
1.526971e+02 3.448142e+07 2.409432e+06 
1.555536e+02 3.289364e+07 1.972618e+06 
1.545925e+02 3.265678e+07 2.076440e+06 
1.655694e+02 4.051753e+07 1.606288e+06 
1.512906e+02 3.611066e+07 3.413363e+06 
1.617288e+02 3.680484e+07 1.661152e+06 
1.675500e+02 3.556597e+07 1.661152e+06 
1.684338e+02 3.696354e+07 1.639732e+06 
1.580583e+02 3.364381e+07 1.868796e+06 
1.574695e+02 3.241513e+07 1.972618e+06 
1.648964e+02 3.773021e+07 1.639732e+06 
1.598913e+02 3.477705e+07 1.764974e+06 
1.578637e+02 3.373960e+07 1.868796e+06 
1.645916e+02 3.997694e+07 1.606288e+06 
1.536618e+02 3.384589e+07 2.007860e+06 
1.642145e+02 3.292384e+07 1.868796e+06 
1.516476e+02 3.459730e+07 3.011791e+06 
1.667139e+02 3.381090e+07 1.764974e+06 
1.594489e+02 3.226630e+07 1.972618e+06 
1.637164e+02 3.206989e+07 1.972618e+06 
1.602785e+02 3.323619e+07 1.868796e+06 
1.525614e+02 3.507050e+07 3.011791e+06 
1.528587e+02 3.387581e+07 2.409432e+06 
1.594262e+02 3.226884e+07 1.972618e+06 
1.532767e+02 3.382541e+07 2.007860e+06 
1.579731e+02 3.239292e+07 1.972618e+06 
1.546281e+02 3.281819e+07 2.076440e+06 
1.553015e+02 3.415836e+07 1.972618e+06 
1.673520e+02 3.568354e+07 1.736186e+06 
1.576855e+02 3.443255e+07 1.868796e+06 
1.588854e+02 3.230446e+07 1.972618e+06 
1.556538e+02 3.275498e+07 2.076440e+06 
1.626854e+02 3.643925e+07 1.661152e+06 
1.529566e+02 3.376395e+07 2.208646e+06 
1.532078e+02 3.349484e+07 2.208646e+06 
1.669281e+02 3.370868e+07 1.764974e+06 
1.525888e+02 3.448883e+07 2.610219e+06 
1.574675e+02 3.244760e+07 2.076440e+06 
1.625609e+02 4.030460e+07 1.606288e+06 
1.597424e+02 3.433584e+07 1.764974e+06 
1.617727e+02 3.664796e+07 1.661152e+06 
1.632262e+02 3.598218e+07 1.661152e+06 
1.659739e+02 3.430100e+07 1.807074e+06 
1.527929e+02 3.353695e+07 2.208646e+06 
1.553314e+02 3.277673e+07 2.007860e+06 
1.543862e+02 3.295339e+07 2.007860e+06 
1.716718e+02 3.827831e+07 1.606288e+06 
1.608416e+02 3.226538e+07 1.972618e+06 
1.513240e+02 3.503227e+07 3.212577e+06 
1.634787e+02 3.199817e+07 1.972618e+06 
1.536130e+02 3.310749e+07 2.208646e+06 
1.521713e+02 3.426718e+07 2.811005e+06 
1.562860e+02 3.273736e+07 1.972618e+06 
1.570629e+02 3.265344e+07 1.972618e+06 
1.521161e+02 3.537373e+07 3.212577e+06 
1.673985e+02 3.197120e+07 1.972618e+06 
1.571688e+02 3.263083e+07 1.972618e+06 
1.545341e+02 3.368913e+07 1.972618e+06 
1.645802e+02 3.590633e+07 1.661152e+06 
1.734772e+02 3.548410e+07 1.661152e+06 
1.658667e+02 3.575210e+07 1.661152e+06 
1.620379e+02 3.208966e+07 1.972618e+06 
1.743854e+02 3.653355e+07 1.639732e+06 
1.674561e+02 3.570884e+07 1.661152e+06 
1.594623e+02 3.506381e+07 1.807074e+06 
1.531548e+02 3.313154e+07 2.076440e+06 
1.656564e+02 3.733596e+07 1.606288e+06 
1.680955e+02 3.541146e+07 1.661152e+06 
1.570604e+02 3.270674e+07 2.007860e+06 
1.553611e+02 3.259659e+07 2.076440e+06 
1.538109e+02 3.320438e+07 2.076440e+06 
1.811056e+02 3.684680e+07 1.639732e+06 
1.633388e+02 3.206332e+07 1.972618e+06 
1.521098e+02 3.584670e+07 3.413363e+06 
1.604827e+02 3.219284e+07 1.972618e+06 
1.680896e+02 3.382806e+07 1.764974e+06 
1.607269e+02 3.309626e+07 1.868796e+06 
1.589196e+02 3.334621e+07 1.868796e+06 
1.571401e+02 3.244064e+07 2.076440e+06 
1.622166e+02 3.217801e+07 1.972618e+06 
1.542224e+02 3.285473e+07 2.208646e+06 
1.580773e+02 3.235276e+07 1.972618e+06 
1.683217e+02 3.185342e+07 1.972618e+06 

1.900826e+02 3.491769e+07 1.661152e+06 
1.636888e+02 3.455931e+07 1.807074e+06 
1.639780e+02 3.221834e+07 1.972618e+06 
1.700691e+02 3.212766e+07 1.972618e+06 
1.668786e+02 3.290645e+07 1.832641e+06 
1.674534e+02 3.242121e+07 1.868796e+06 
1.787273e+02 3.535241e+07 1.661152e+06 
1.585251e+02 3.432507e+07 2.610219e+06 
1.625820e+02 3.407772e+07 1.832641e+06 
1.681773e+02 3.534558e+07 1.736186e+06 
1.671873e+02 3.249222e+07 1.868796e+06 
1.648172e+02 3.414777e+07 1.764974e+06 
1.635703e+02 3.497620e+07 1.807074e+06 
1.624257e+02 3.341467e+07 1.868796e+06 
1.688147e+02 3.220402e+07 1.868796e+06 
1.611966e+02 3.377630e+07 2.007860e+06 
1.693174e+02 3.210135e+07 1.972618e+06 
1.627523e+02 3.314107e+07 1.972618e+06 
1.804542e+02 3.539670e+07 1.661152e+06 
1.660013e+02 3.261228e+07 1.868796e+06 
1.898644e+02 3.466240e+07 1.661152e+06 
1.662440e+02 3.409146e+07 1.807074e+06 
1.613456e+02 3.430380e+07 1.972618e+06 
1.693036e+02 3.300854e+07 1.807074e+06 
1.619764e+02 3.383535e+07 1.868796e+06 
1.662559e+02 3.393773e+07 1.764974e+06 
1.688499e+02 3.319850e+07 1.764974e+06 
1.660141e+02 3.254447e+07 1.868796e+06 
1.625297e+02 3.324948e+07 1.972618e+06 
1.589409e+02 3.554655e+07 2.409432e+06 
1.706016e+02 3.170479e+07 1.972618e+06 
1.686391e+02 3.258520e+07 1.832641e+06 
1.672803e+02 3.268487e+07 1.832641e+06 
1.636845e+02 3.456748e+07 1.764974e+06 
1.659426e+02 3.251774e+07 1.972618e+06 
1.696435e+02 3.258138e+07 1.764974e+06 
1.605685e+02 3.469525e+07 2.007860e+06 
1.688988e+02 3.213000e+07 1.972618e+06 
1.683482e+02 3.356291e+07 1.764974e+06 
1.621633e+02 3.326431e+07 1.868796e+06 
1.577683e+02 3.787037e+07 3.212577e+06 
1.671199e+02 3.253395e+07 1.868796e+06 
1.575458e+02 3.546332e+07 2.610219e+06 
1.713355e+02 3.219704e+07 1.868796e+06 
1.728443e+02 3.235541e+07 1.832641e+06 
1.646228e+02 3.282157e+07 1.868796e+06 
1.891114e+02 3.489954e+07 1.661152e+06 
1.679868e+02 3.381201e+07 1.764974e+06 
1.695191e+02 3.312623e+07 1.764974e+06 
1.638105e+02 3.320928e+07 1.832641e+06 
1.682758e+02 3.224326e+07 1.868796e+06 
1.755011e+02 3.484635e+07 1.736186e+06 
1.621052e+02 3.366732e+07 1.868796e+06 
1.636674e+02 3.304140e+07 1.868796e+06 
1.592339e+02 4.202863e+07 2.208646e+06 
1.647327e+02 3.425945e+07 1.764974e+06 
1.634337e+02 3.270810e+07 1.972618e+06 
1.688948e+02 3.224109e+07 1.868796e+06 
1.659969e+02 3.298770e+07 1.832641e+06 
1.681786e+02 3.374464e+07 1.764974e+06 
1.601337e+02 4.201966e+07 2.208646e+06 
1.640891e+02 3.474163e+07 1.832641e+06 
1.708233e+02 3.331561e+07 1.764974e+06 
1.578297e+02 3.528982e+07 2.610219e+06 
1.595242e+02 3.448538e+07 2.409432e+06 
1.845625e+02 3.467302e+07 1.736186e+06 
1.605394e+02 3.412073e+07 2.208646e+06 
1.748044e+02 3.522265e+07 1.736186e+06 
1.629543e+02 3.345396e+07 1.832641e+06 
1.753986e+02 3.522227e+07 1.736186e+06 
1.671998e+02 3.247447e+07 1.868796e+06 
1.622570e+02 3.298079e+07 2.007860e+06 
1.642588e+02 3.283645e+07 1.868796e+06 
1.575251e+02 3.589102e+07 3.011791e+06 
1.688240e+02 3.355474e+07 1.764974e+06 
1.774788e+02 3.233977e+07 1.764974e+06 
1.681892e+02 3.259971e+07 1.832641e+06 
1.754560e+02 3.185846e+07 1.764974e+06 
1.644261e+02 3.428381e+07 1.764974e+06 
1.687153e+02 3.529235e+07 1.736186e+06 
1.610659e+02 3.508305e+07 1.848032e+06 
1.640674e+02 3.416565e+07 1.807074e+06 
1.681206e+02 3.215891e+07 1.972618e+06 
1.577452e+02 3.500210e+07 2.610219e+06 
1.682265e+02 3.228099e+07 1.972618e+06 
1.642395e+02 3.286865e+07 1.868796e+06 
1.651448e+02 3.265893e+07 1.868796e+06 
1.806197e+02 3.184757e+07 2.076440e+06 
1.586467e+02 3.490995e+07 2.610219e+06 
1.618933e+02 3.358550e+07 2.007860e+06 
1.612013e+02 3.525007e+07 2.007860e+06 
1.608830e+02 3.444093e+07 1.868796e+06 
1.641178e+02 3.292284e+07 1.868796e+06 
1.626474e+02 3.320407e+07 1.868796e+06 
1.792665e+02 3.464662e+07 1.736186e+06 
1.636232e+02 3.305675e+07 1.868796e+06 
1.618644e+02 3.471760e+07 1.832641e+06 
1.819525e+02 3.492404e+07 1.661152e+06 
1.637844e+02 3.432941e+07 1.807074e+06 
1.641826e+02 3.291650e+07 1.868796e+06 

1.538240e+02 3.495339e+07 3.212577e+06 
1.605648e+02 3.215223e+07 2.409432e+06 
1.800574e+02 3.211301e+07 2.076440e+06 
1.691838e+02 3.232068e+07 1.972618e+06 
1.774340e+02 3.211117e+07 1.972618e+06 
1.853513e+02 3.177621e+07 2.208646e+06 
1.662117e+02 3.371591e+07 1.868796e+06 
1.827932e+02 3.177797e+07 2.208646e+06 
1.716597e+02 3.332065e+07 1.868796e+06 
1.574432e+02 3.318220e+07 2.610219e+06 
1.601345e+02 3.273481e+07 2.409432e+06 
1.594498e+02 3.301204e+07 2.208646e+06 
1.668471e+02 3.371512e+07 1.868796e+06 
1.539538e+02 3.484372e+07 3.212577e+06 
1.588302e+02 3.361557e+07 2.208646e+06 
1.528478e+02 3.463519e+07 3.212577e+06 
1.547715e+02 3.477108e+07 3.011791e+06 
1.780137e+02 3.319037e+07 1.868796e+06 
1.575977e+02 3.309640e+07 2.610219e+06 
1.682323e+02 3.351939e+07 1.868796e+06 
1.617215e+02 3.445165e+07 2.076440e+06 
1.650681e+02 3.269313e+07 1.972618e+06 
1.831453e+02 3.170537e+07 2.208646e+06 
1.671792e+02 3.249384e+07 1.972618e+06 
1.537587e+02 3.489885e+07 3.011791e+06 
1.640931e+02 3.275225e+07 1.972618e+06 
1.604577e+02 3.237845e+07 2.208646e+06 
1.685812e+02 3.191639e+07 2.208646e+06 
1.637629e+02 3.281489e+07 2.076440e+06 
1.837178e+02 3.211732e+07 1.972618e+06 
1.540992e+02 3.487593e+07 3.011791e+06 
1.609296e+02 3.250009e+07 2.208646e+06 
1.581167e+02 3.313038e+07 2.409432e+06 
1.570347e+02 3.350423e+07 2.610219e+06 
1.584203e+02 3.303459e+07 2.409432e+06 
1.696023e+02 3.226598e+07 1.972618e+06 
1.579744e+02 3.299171e+07 2.610219e+06 
1.541417e+02 3.523500e+07 3.011791e+06 
1.554122e+02 3.475751e+07 3.011791e+06 
1.669156e+02 3.470343e+07 1.832641e+06 
1.586690e+02 3.363206e+07 2.208646e+06 
1.869937e+02 3.416461e+07 1.807074e+06 
1.605205e+02 3.259707e+07 2.409432e+06 
1.661479e+02 3.414264e+07 1.868796e+06 
1.593922e+02 3.278104e+07 2.409432e+06 
1.618116e+02 3.309548e+07 2.007860e+06 
1.587255e+02 3.286685e+07 2.409432e+06 
1.630999e+02 3.306633e+07 1.972618e+06 
1.789167e+02 3.216663e+07 1.972618e+06 
1.668673e+02 3.252367e+07 2.076440e+06 
1.544802e+02 3.486607e+07 3.011791e+06 
1.624454e+02 3.281910e+07 1.972618e+06 
1.702393e+02 3.413907e+07 1.807074e+06 
1.659519e+02 3.373464e+07 1.868796e+06 
1.545134e+02 3.475774e+07 3.011791e+06 
1.569949e+02 3.320421e+07 2.610219e+06 
1.703050e+02 3.490304e+07 1.807074e+06 
1.716928e+02 3.315254e+07 1.868796e+06 
1.756285e+02 3.291871e+07 1.868796e+06 
1.558975e+02 3.376293e+07 2.610219e+06 
1.616429e+02 3.343935e+07 2.076440e+06 
1.565260e+02 3.327275e+07 2.610219e+06 
1.604468e+02 3.266738e+07 2.409432e+06 
1.658661e+02 3.257525e+07 1.972618e+06 
1.826860e+02 3.173848e+07 1.972618e+06 
1.585512e+02 3.287775e+07 2.409432e+06 
1.631703e+02 3.232353e+07 2.208646e+06 
1.556877e+02 3.475158e+07 3.011791e+06 
1.578131e+02 3.369950e+07 2.409432e+06 
1.681257e+02 3.520734e+07 1.832641e+06 
1.954083e+02 3.173309e+07 2.409432e+06 
1.675308e+02 3.352357e+07 1.868796e+06 
1.573604e+02 3.399947e+07 2.409432e+06 
1.807054e+02 3.180181e+07 2.208646e+06 
1.757128e+02 3.215916e+07 1.972618e+06 
1.666916e+02 3.194210e+07 2.208646e+06 
1.671510e+02 3.358711e+07 1.868796e+06 
1.569943e+02 3.385200e+07 2.409432e+06 
1.586888e+02 3.273896e+07 2.409432e+06 
1.637939e+02 3.214293e+07 2.208646e+06 
1.682927e+02 3.350035e+07 1.868796e+06 
1.590524e+02 3.303301e+07 2.208646e+06 
1.692502e+02 3.349915e+07 1.868796e+06 
1.538043e+02 3.509912e+07 3.212577e+06 
1.705087e+02 3.414168e+07 1.832641e+06 
1.558614e+02 3.359250e+07 2.610219e+06 
1.622334e+02 3.241593e+07 2.208646e+06 
1.624397e+02 3.220545e+07 2.208646e+06 
1.589726e+02 3.385857e+07 2.208646e+06 
1.557791e+02 3.371162e+07 2.811005e+06 
1.774831e+02 3.203016e+07 1.972618e+06 
1.657770e+02 3.219803e+07 2.208646e+06 
1.815373e+02 3.183103e+07 2.208646e+06 
1.917650e+02 3.176303e+07 2.208646e+06 
1.578799e+02 3.324767e+07 2.610219e+06 
1.662874e+02 3.188716e+07 2.208646e+06 
1.559117e+02 3.352419e+07 2.811005e+06 
1.704364e+02 3.214550e+07 2.076440e+06 
1.666535e+02 3.524926e+07 1.832641e+06 
1.782919e+02 3.186716e+07 1.972618e+06 

1.535821e+02 3.592147e+07 3.011791e+06 
1.554522e+02 3.378592e+07 2.811005e+06 
1.553155e+02 3.474351e+07 2.610219e+06 
1.569243e+02 3.405010e+07 2.007860e+06 
1.685412e+02 3.355804e+07 1.832641e+06 
1.584086e+02 3.269356e+07 2.208646e+06 
1.665984e+02 3.389913e+07 1.807074e+06 
1.605335e+02 3.165141e+07 2.076440e+06 
1.635969e+02 3.134394e+07 1.972618e+06 
1.558112e+02 3.327000e+07 2.409432e+06 
1.752352e+02 3.340644e+07 1.807074e+06 
1.562063e+02 3.360372e+07 2.208646e+06 
1.650944e+02 3.436905e+07 1.807074e+06 
1.599585e+02 3.170083e+07 1.972618e+06 
1.656613e+02 3.388460e+07 1.832641e+06 
1.704968e+02 3.131525e+07 1.972618e+06 
1.654654e+02 3.129582e+07 1.972618e+06 
1.637399e+02 3.498458e+07 1.832641e+06 
1.833797e+02 3.334644e+07 1.807074e+06 
1.653813e+02 3.152857e+07 1.868796e+06 
1.586181e+02 3.228230e+07 2.007860e+06 
1.585752e+02 3.248629e+07 2.208646e+06 
1.544506e+02 3.519404e+07 3.011791e+06 
1.568763e+02 3.466686e+07 2.007860e+06 
1.686159e+02 3.125530e+07 1.972618e+06 
1.715212e+02 3.493278e+07 1.764974e+06 
1.702874e+02 3.450435e+07 1.764974e+06 
1.769340e+02 3.332863e+07 1.807074e+06 
1.574404e+02 3.368287e+07 2.007860e+06 
1.599720e+02 3.284310e+07 1.868796e+06 
1.667125e+02 3.431799e+07 1.807074e+06 
1.536721e+02 3.557858e+07 2.811005e+06 
1.596005e+02 3.196897e+07 1.972618e+06 
1.620685e+02 3.218767e+07 1.868796e+06 
1.572604e+02 3.275981e+07 2.409432e+06 
1.630963e+02 3.183641e+07 1.868796e+06 
1.561127e+02 3.406877e+07 2.007860e+06 
1.527889e+02 3.550026e+07 3.212577e+06 
1.683861e+02 3.363956e+07 1.832641e+06 
1.549112e+02 3.429126e+07 2.811005e+06 
1.745997e+02 3.380241e+07 1.764974e+06 
1.537862e+02 3.556916e+07 3.212577e+06 
1.668905e+02 3.144851e+07 1.868796e+06 
1.723468e+02 3.372038e+07 1.764974e+06 
1.555464e+02 3.330725e+07 2.409432e+06 
1.561705e+02 3.335057e+07 2.610219e+06 
1.705228e+02 3.123969e+07 1.972618e+06 
1.573442e+02 3.403898e+07 2.007860e+06 
1.637764e+02 3.155610e+07 1.972618e+06 
1.585639e+02 3.214957e+07 2.076440e+06 
1.628682e+02 3.161243e+07 2.076440e+06 
1.561545e+02 3.323086e+07 2.409432e+06 
1.732086e+02 3.327749e+07 1.832641e+06 
1.539366e+02 3.503699e+07 3.212577e+06 
1.562988e+02 3.261102e+07 2.208646e+06 
1.631846e+02 3.169337e+07 1.972618e+06 
1.754636e+02 3.141305e+07 1.868796e+06 
1.643980e+02 3.458543e+07 1.832641e+06 
1.537225e+02 3.589222e+07 3.011791e+06 
1.610051e+02 3.171490e+07 1.972618e+06 
1.613956e+02 3.234859e+07 1.868796e+06 
1.539647e+02 3.504389e+07 2.811005e+06 
1.577393e+02 3.236105e+07 2.076440e+06 
1.676982e+02 3.384497e+07 1.832641e+06 
1.694400e+02 3.351142e+07 1.832641e+06 
1.544696e+02 3.423830e+07 2.811005e+06 
1.701818e+02 3.134836e+07 1.868796e+06 
1.599751e+02 3.190121e+07 1.972618e+06 
1.693779e+02 3.136694e+07 1.868796e+06 
1.563799e+02 3.294471e+07 2.208646e+06 
1.662020e+02 3.166511e+07 1.868796e+06 
1.786093e+02 3.306822e+07 1.807074e+06 
1.555518e+02 3.428429e+07 2.409432e+06 
1.642584e+02 3.143068e+07 1.972618e+06 
1.535265e+02 3.599513e+07 3.212577e+06 
1.555712e+02 3.357600e+07 2.610219e+06 
1.642526e+02 3.155862e+07 1.868796e+06 
1.629670e+02 3.218198e+07 1.868796e+06 
1.547147e+02 3.448710e+07 2.811005e+06 
1.540991e+02 3.542551e+07 2.811005e+06 
1.633718e+02 3.481102e+07 1.832641e+06 
1.654085e+02 3.135359e+07 1.972618e+06 
1.661747e+02 3.436822e+07 1.807074e+06 
1.602990e+02 3.267012e+07 1.868796e+06 
1.554096e+02 3.425471e+07 2.610219e+06 
1.576880e+02 3.316172e+07 1.972618e+06 
1.697273e+02 3.343175e+07 1.807074e+06 
1.536431e+02 3.566369e+07 3.011791e+06 
1.719950e+02 3.130928e+07 1.972618e+06 
1.633964e+02 3.163938e+07 1.972618e+06 
1.594077e+02 3.185375e+07 1.972618e+06 
1.603688e+02 3.236861e+07 1.868796e+06 
1.553698e+02 3.433521e+07 2.610219e+06 
1.680220e+02 3.134363e+07 1.972618e+06 
1.674797e+02 3.141523e+07 1.868796e+06 
1.604663e+02 3.186618e+07 1.972618e+06 
1.689763e+02 3.357875e+07 1.807074e+06 
1.600254e+02 3.419779e+07 1.868796e+06 
1.587157e+02 3.234199e+07 2.076440e+06 
1.595046e+02 3.390754e+07 1.868796e+06 

