8.828350e+03 3.544221e+07 9.121750e+05 
8.992100e+03 3.502186e+07 9.064920e+05 
8.759950e+03 3.555996e+07 9.479465e+05 
8.915850e+03 3.437678e+07 9.363151e+05 
8.437100e+03 3.475892e+07 1.074634e+06 
8.251100e+03 3.420110e+07 1.159753e+06 
7.879650e+03 3.300242e+07 1.276793e+06 
7.731850e+03 3.186307e+07 1.617271e+06 
8.476250e+03 3.461659e+07 9.820330e+05 
7.612500e+03 3.241619e+07 1.617271e+06 
8.324600e+03 3.438130e+07 1.106554e+06 
8.330400e+03 3.402227e+07 9.895141e+05 
8.301450e+03 3.417759e+07 1.133115e+06 
7.829000e+03 3.298391e+07 1.284197e+06 
7.137950e+03 3.044467e+07 2.042869e+06 
7.643850e+03 3.233217e+07 1.284197e+06 
7.748400e+03 3.202263e+07 1.532152e+06 
7.688900e+03 3.220297e+07 1.702391e+06 
7.703150e+03 3.222901e+07 1.787511e+06 
7.648100e+03 3.236088e+07 1.361913e+06 
7.188850e+03 3.069382e+07 2.042869e+06 
7.410950e+03 3.101778e+07 1.957750e+06 
7.211400e+03 3.058459e+07 1.957750e+06 
7.256800e+03 3.059624e+07 1.872630e+06 
7.194500e+03 3.039663e+07 2.127989e+06 

8.345200e+03 3.368051e+07 1.191674e+06 
8.313500e+03 3.400426e+07 1.276793e+06 
6.647700e+03 2.757651e+07 2.383347e+06 
7.310200e+03 3.065370e+07 1.872630e+06 
8.577450e+03 3.487465e+07 9.363151e+05 
8.376100e+03 3.376100e+07 1.106554e+06 
8.689900e+03 3.478370e+07 9.121750e+05 
8.554900e+03 3.476013e+07 9.820330e+05 
8.633350e+03 3.458224e+07 9.363151e+05 
8.677350e+03 3.469217e+07 9.121750e+05 
8.703800e+03 3.455645e+07 9.363151e+05 
8.652800e+03 3.441170e+07 9.479465e+05 
8.743850e+03 3.469698e+07 9.121750e+05 
7.325700e+03 3.036260e+07 1.787511e+06 
8.675400e+03 3.476365e+07 9.121750e+05 
8.350750e+03 3.282792e+07 1.133115e+06 
7.871800e+03 3.315866e+07 1.617271e+06 
8.588150e+03 3.493004e+07 9.363151e+05 
8.446350e+03 3.397056e+07 9.895141e+05 
8.104000e+03 3.315898e+07 1.361913e+06 
7.940150e+03 3.292401e+07 1.532152e+06 
7.189500e+03 3.009058e+07 1.957750e+06 
8.406300e+03 3.333725e+07 1.106554e+06 
8.344350e+03 3.333920e+07 1.284197e+06 
8.616550e+03 3.477840e+07 9.121750e+05 

6.694650e+03 2.807039e+07 2.127989e+06 
7.378650e+03 3.065068e+07 1.702391e+06 
6.723550e+03 2.789726e+07 2.127989e+06 
7.488900e+03 3.130187e+07 1.670470e+06 
7.390500e+03 3.062210e+07 1.702391e+06 
7.511100e+03 3.123466e+07 1.617271e+06 
6.875750e+03 2.853162e+07 1.957750e+06 
6.778350e+03 2.784237e+07 2.127989e+06 
6.665400e+03 2.732166e+07 2.383347e+06 
6.831150e+03 2.887617e+07 1.872630e+06 
7.460950e+03 3.131972e+07 1.617271e+06 
6.829500e+03 2.871376e+07 2.000309e+06 
6.580100e+03 2.755164e+07 2.468467e+06 
8.581550e+03 3.463435e+07 9.820330e+05 
6.799250e+03 2.843058e+07 2.085429e+06 
6.711150e+03 2.732081e+07 2.298228e+06 
6.863400e+03 2.873300e+07 1.957750e+06 
6.708000e+03 2.758089e+07 2.340788e+06 
6.928350e+03 2.873783e+07 2.000309e+06 
8.390350e+03 3.394721e+07 1.133115e+06 
8.273050e+03 3.392067e+07 1.404473e+06 
6.713400e+03 2.760349e+07 2.213108e+06 
6.845450e+03 2.771924e+07 2.170549e+06 
8.283200e+03 3.381191e+07 1.329992e+06 
6.689600e+03 2.767240e+07 2.213108e+06 

7.602400e+03 3.209394e+07 1.447032e+06 
7.995550e+03 3.318162e+07 9.837181e+05 
6.862150e+03 2.851995e+07 2.383347e+06 
7.539050e+03 3.168806e+07 1.532152e+06 
7.903900e+03 3.290162e+07 1.106554e+06 
6.885950e+03 2.909385e+07 2.266307e+06 
7.520600e+03 3.159307e+07 1.702391e+06 
6.942550e+03 2.959187e+07 2.010949e+06 
8.126250e+03 3.421386e+07 9.363151e+05 
6.971750e+03 2.940104e+07 1.957750e+06 
7.501550e+03 3.246399e+07 1.553430e+06 
6.951500e+03 2.950448e+07 2.096068e+06 
7.559250e+03 3.211683e+07 1.500231e+06 
6.875900e+03 2.911827e+07 2.298228e+06 
8.568900e+03 3.505714e+07 8.987604e+05 
6.917450e+03 2.921836e+07 2.181188e+06 
6.890050e+03 2.861844e+07 2.213108e+06 
7.608350e+03 3.216803e+07 1.276793e+06 
7.564700e+03 3.156314e+07 1.617271e+06 
7.585250e+03 3.142941e+07 1.755590e+06 
6.940850e+03 2.941596e+07 2.127989e+06 
7.521600e+03 3.163568e+07 1.617271e+06 
7.530300e+03 3.204795e+07 1.553430e+06 
7.361750e+03 3.178995e+07 1.585351e+06 
7.493150e+03 3.100438e+07 1.787511e+06 

8.641350e+03 3.590908e+07 8.765331e+05 
8.327950e+03 3.411952e+07 9.064920e+05 
6.518950e+03 2.694813e+07 2.383347e+06 
7.900000e+03 3.185906e+07 1.276793e+06 
6.514450e+03 2.684658e+07 2.468467e+06 
7.312400e+03 3.033550e+07 1.447032e+06 
7.227350e+03 2.994131e+07 1.617271e+06 
7.865950e+03 3.237951e+07 9.820330e+05 
7.026950e+03 2.973983e+07 2.064148e+06 
7.039050e+03 2.961557e+07 2.010949e+06 
7.198450e+03 2.975657e+07 1.659831e+06 
7.881200e+03 3.191569e+07 1.276793e+06 
7.242650e+03 2.982241e+07 1.617271e+06 
6.531350e+03 2.679586e+07 2.383347e+06 
7.292450e+03 3.066901e+07 1.532152e+06 
7.101400e+03 2.922529e+07 1.702391e+06 
7.078800e+03 2.952932e+07 1.787511e+06 
7.958800e+03 3.290585e+07 9.363151e+05 
7.298450e+03 3.029219e+07 1.532152e+06 
6.557550e+03 2.702588e+07 2.298228e+06 
8.123250e+03 3.316270e+07 9.121750e+05 
7.816750e+03 3.203748e+07 1.191674e+06 
7.854500e+03 3.194508e+07 1.106554e+06 
7.337750e+03 3.011944e+07 1.532152e+06 
7.216500e+03 3.005126e+07 1.617271e+06 

8.799000e+03 3.701716e+07 9.895141e+05 
8.364550e+03 3.478717e+07 1.133115e+06 
8.621550e+03 3.592975e+07 1.074634e+06 
7.167950e+03 3.005174e+07 1.872630e+06 
8.625550e+03 3.530397e+07 9.558168e+05 
8.322500e+03 3.493783e+07 1.276793e+06 
7.324650e+03 3.067281e+07 1.702391e+06 
8.346750e+03 3.492702e+07 1.276793e+06 
8.277950e+03 3.502267e+07 1.276793e+06 
8.300550e+03 3.559090e+07 1.133115e+06 
7.516250e+03 3.109728e+07 1.617271e+06 
7.519600e+03 3.038566e+07 1.532152e+06 
8.363050e+03 3.496161e+07 1.208656e+06 
8.688850e+03 3.615247e+07 9.363151e+05 
7.606150e+03 3.094116e+07 1.500231e+06 
8.396850e+03 3.519224e+07 1.106554e+06 
8.390900e+03 3.536763e+07 1.106554e+06 
8.405300e+03 3.507144e+07 1.106554e+06 
7.618600e+03 3.103328e+07 1.447032e+06 
7.249450e+03 3.016439e+07 1.840710e+06 
8.338700e+03 3.504453e+07 1.133115e+06 
7.120250e+03 2.983724e+07 1.957750e+06 
8.366400e+03 3.466788e+07 1.208656e+06 
8.306050e+03 3.512628e+07 1.191674e+06 
8.199600e+03 3.422492e+07 1.361913e+06 

8.211300e+03 3.449732e+07 1.106554e+06 
8.335850e+03 3.404100e+07 9.363151e+05 
8.262950e+03 3.414407e+07 9.363151e+05 
8.222250e+03 3.376736e+07 9.820330e+05 
7.307200e+03 3.044863e+07 1.702391e+06 
6.617800e+03 2.773347e+07 2.298228e+06 
7.548750e+03 3.157931e+07 1.404473e+06 
8.360500e+03 3.460497e+07 8.764034e+05 
7.178300e+03 3.026263e+07 2.042869e+06 
7.515700e+03 3.194171e+07 1.659831e+06 
7.971800e+03 3.233683e+07 1.276793e+06 
6.539500e+03 2.765195e+07 2.468467e+06 
6.625000e+03 2.777075e+07 2.213108e+06 
7.245200e+03 3.079687e+07 1.872630e+06 
8.190450e+03 3.452036e+07 1.133115e+06 
6.563450e+03 2.780847e+07 2.298228e+06 
7.971800e+03 3.247669e+07 1.149114e+06 
7.206650e+03 2.984125e+07 1.957750e+06 
6.641850e+03 2.764831e+07 2.213108e+06 
6.599100e+03 2.776759e+07 2.383347e+06 
6.585700e+03 2.777593e+07 2.298228e+06 
7.197450e+03 3.024240e+07 2.042869e+06 
7.090800e+03 2.986785e+07 2.127989e+06 
7.202000e+03 2.995117e+07 1.957750e+06 
6.622100e+03 2.792745e+07 2.213108e+06 

8.746350e+03 3.613706e+07 9.064920e+05 
8.314800e+03 3.376051e+07 1.447032e+06 
8.585000e+03 3.552964e+07 9.895141e+05 
8.627800e+03 3.518315e+07 1.159753e+06 
6.694100e+03 2.737448e+07 2.468467e+06 
8.346850e+03 3.366646e+07 1.359738e+06 
7.634150e+03 3.133052e+07 1.957750e+06 
7.660650e+03 3.166531e+07 1.872630e+06 
6.790200e+03 2.772608e+07 2.383347e+06 
8.317550e+03 3.491670e+07 1.415112e+06 
8.341100e+03 3.312118e+07 1.447032e+06 
6.696150e+03 2.729642e+07 2.468467e+06 
8.162150e+03 3.379021e+07 1.447032e+06 
7.608450e+03 3.152277e+07 2.042869e+06 
7.556150e+03 3.153415e+07 2.042869e+06 
8.254300e+03 3.377703e+07 1.447032e+06 
7.624150e+03 3.181957e+07 1.702391e+06 
8.325050e+03 3.331040e+07 1.361913e+06 
7.455850e+03 3.163907e+07 2.042869e+06 
7.715250e+03 3.153438e+07 1.872630e+06 
7.519350e+03 3.166819e+07 1.872630e+06 
7.562400e+03 3.141035e+07 2.213108e+06 
7.450650e+03 3.145353e+07 2.127989e+06 
7.618750e+03 3.170529e+07 1.957750e+06 
7.576550e+03 3.213810e+07 1.787511e+06 

8.454300e+03 3.534352e+07 1.191674e+06 
8.821150e+03 3.658962e+07 9.363151e+05 
8.693100e+03 3.656911e+07 9.064920e+05 
8.654400e+03 3.619534e+07 9.363151e+05 
6.593850e+03 2.709215e+07 2.298228e+06 
6.583300e+03 2.693828e+07 2.383347e+06 
6.578550e+03 2.710323e+07 2.383347e+06 
6.558900e+03 2.724813e+07 2.213108e+06 
6.778250e+03 2.821271e+07 2.042869e+06 
8.267900e+03 3.344344e+07 1.208656e+06 
6.783900e+03 2.816871e+07 1.872630e+06 
6.551700e+03 2.716736e+07 2.298228e+06 
7.774400e+03 3.251973e+07 1.585351e+06 
6.841050e+03 2.810014e+07 1.957750e+06 
8.745200e+03 3.771865e+07 9.363151e+05 
8.162550e+03 3.380395e+07 1.208656e+06 
7.807500e+03 3.246828e+07 1.670470e+06 
7.749050e+03 3.200314e+07 1.702391e+06 
7.825250e+03 3.265219e+07 1.415112e+06 
7.854750e+03 3.255668e+07 1.447032e+06 
6.866600e+03 2.845788e+07 1.787511e+06 
8.495500e+03 3.563281e+07 9.820330e+05 
7.831800e+03 3.244126e+07 1.532152e+06 
6.780050e+03 2.800476e+07 2.042869e+06 
8.025150e+03 3.281565e+07 1.276793e+06 

7.308750e+03 2.992272e+07 1.404473e+06 
7.355800e+03 3.012693e+07 1.359738e+06 
6.644200e+03 2.741422e+07 2.042869e+06 
6.533450e+03 2.669822e+07 2.468467e+06 
8.105100e+03 3.260017e+07 1.202313e+06 
8.094650e+03 3.273267e+07 1.106554e+06 
7.867700e+03 3.185575e+07 1.276793e+06 
8.349000e+03 3.318026e+07 9.954608e+05 
7.872750e+03 3.198893e+07 1.244873e+06 
7.294100e+03 2.976574e+07 1.447032e+06 
6.584500e+03 2.689492e+07 2.213108e+06 
8.134200e+03 3.241611e+07 1.149114e+06 
7.293500e+03 2.996565e+07 1.447032e+06 
6.740050e+03 2.774413e+07 1.872630e+06 
8.146350e+03 3.232057e+07 1.191674e+06 
8.060550e+03 3.268759e+07 1.234234e+06 
7.333000e+03 2.997820e+07 1.361913e+06 
7.257500e+03 2.956598e+07 1.532152e+06 
6.528650e+03 2.671525e+07 2.298228e+06 
7.647650e+03 3.137539e+07 1.284197e+06 
8.065500e+03 3.289163e+07 1.202313e+06 
8.090450e+03 3.251465e+07 1.234234e+06 
6.646700e+03 2.731984e+07 2.127989e+06 
7.253550e+03 2.982490e+07 1.617271e+06 
6.661050e+03 2.737912e+07 1.957750e+06 

