3.014957e+02 5.698751e+07 5.232670e+06 
3.256215e+02 5.225654e+07 6.076650e+06 
3.862565e+02 5.470519e+07 4.436919e+06 
3.083303e+02 5.783998e+07 4.919193e+06 
3.143874e+02 5.746406e+07 4.822738e+06 
2.588730e+02 5.707606e+07 6.197218e+06 
3.294797e+02 5.567765e+07 5.015648e+06 
3.351568e+02 5.178552e+07 6.197218e+06 
3.220574e+02 5.231193e+07 5.883741e+06 
3.175482e+02 5.246243e+07 6.173105e+06 
2.974332e+02 5.533281e+07 5.594376e+06 
2.555056e+02 5.708515e+07 6.293673e+06 
3.339572e+02 5.742226e+07 4.147554e+06 
3.023857e+02 5.457627e+07 5.787286e+06 
2.316213e+02 5.671238e+07 6.679492e+06 
2.759590e+02 5.483449e+07 6.269560e+06 
2.986802e+02 5.333378e+07 6.558924e+06 
3.673077e+02 5.624704e+07 4.244009e+06 
3.748882e+02 5.552418e+07 4.340464e+06 
4.072004e+02 5.289575e+07 5.015648e+06 
3.294228e+02 5.223205e+07 6.269560e+06 
2.922867e+02 5.373967e+07 6.558924e+06 
2.088588e+02 5.816221e+07 6.679492e+06 
3.196647e+02 5.240282e+07 6.293673e+06 
4.208888e+02 5.307635e+07 4.822738e+06 
2.937302e+02 5.342431e+07 6.462470e+06 
3.615406e+02 5.430831e+07 4.629828e+06 
3.629188e+02 5.215329e+07 5.594376e+06 
2.603522e+02 5.522948e+07 6.486583e+06 
3.320065e+02 5.205732e+07 6.076650e+06 
4.185159e+02 5.362217e+07 4.436919e+06 
2.826817e+02 5.390134e+07 6.462470e+06 
3.059737e+02 5.324079e+07 6.076650e+06 
3.379168e+02 5.324262e+07 5.401467e+06 
3.526722e+02 5.324197e+07 5.208557e+06 
2.820029e+02 5.530031e+07 5.980196e+06 
3.388573e+02 5.755579e+07 3.954645e+06 
3.737842e+02 5.698349e+07 3.665280e+06 
2.461421e+02 5.647119e+07 6.679492e+06 
3.461615e+02 5.759127e+07 3.858190e+06 
2.332245e+02 5.745605e+07 6.486583e+06 
3.441745e+02 5.154814e+07 6.173105e+06 
2.716850e+02 5.468295e+07 6.583038e+06 
2.267444e+02 5.794084e+07 6.583038e+06 
3.812827e+02 5.728556e+07 3.568826e+06 
3.348912e+02 5.395793e+07 5.208557e+06 
2.796860e+02 5.428735e+07 6.462470e+06 
3.527451e+02 5.753729e+07 3.568826e+06 
2.218476e+02 5.701356e+07 6.679492e+06 
2.385729e+02 5.651315e+07 6.679492e+06 
3.694798e+02 5.765101e+07 3.375916e+06 
2.117415e+02 5.770778e+07 6.679492e+06 
2.263631e+02 5.691389e+07 6.679492e+06 
3.481567e+02 5.722905e+07 3.665280e+06 
2.742943e+02 5.709349e+07 5.811399e+06 
3.862149e+02 5.786345e+07 3.255348e+06 
2.639016e+02 5.508256e+07 6.462470e+06 
3.316647e+02 5.733671e+07 4.340464e+06 
2.953373e+02 5.728917e+07 5.522035e+06 
3.801092e+02 5.677455e+07 4.051100e+06 
2.519293e+02 5.590341e+07 6.679492e+06 
3.133438e+02 5.287629e+07 6.173105e+06 
3.744705e+02 5.796901e+07 3.351803e+06 
4.176272e+02 5.315957e+07 4.629828e+06 
3.644614e+02 5.160323e+07 5.883741e+06 
3.151168e+02 5.277949e+07 6.390128e+06 
2.499656e+02 5.636323e+07 6.679492e+06 
2.834990e+02 5.717995e+07 5.618490e+06 
2.097646e+02 5.779941e+07 6.679492e+06 
3.058283e+02 5.770662e+07 5.015648e+06 
3.578639e+02 5.251779e+07 5.401467e+06 
2.138688e+02 5.731203e+07 6.679492e+06 
2.622510e+02 5.802129e+07 6.004309e+06 
2.672443e+02 5.495189e+07 6.679492e+06 
2.914354e+02 5.379726e+07 6.462470e+06 
3.010207e+02 5.305715e+07 6.558924e+06 
3.187577e+02 5.487939e+07 5.305012e+06 
2.511215e+02 5.621861e+07 6.679492e+06 
3.269143e+02 5.676731e+07 4.629828e+06 
2.445912e+02 5.746821e+07 6.390128e+06 
3.806079e+02 5.731269e+07 3.472371e+06 
2.203386e+02 5.703544e+07 6.679492e+06 
3.316233e+02 5.210371e+07 6.366015e+06 
2.742169e+02 5.453086e+07 6.462470e+06 
2.124356e+02 5.750784e+07 6.679492e+06 
3.365583e+02 5.780287e+07 4.051100e+06 
2.748900e+02 5.437791e+07 6.462470e+06 
2.718561e+02 5.461602e+07 6.462470e+06 
3.035596e+02 5.289451e+07 6.462470e+06 
2.568957e+02 5.566565e+07 6.679492e+06 
3.687296e+02 5.192252e+07 5.690831e+06 
3.404751e+02 5.634436e+07 4.436919e+06 
2.143666e+02 5.707365e+07 6.679492e+06 
3.639502e+02 5.804298e+07 3.472371e+06 
3.276113e+02 5.716968e+07 4.436919e+06 
3.352689e+02 5.177625e+07 6.366015e+06 
3.898324e+02 5.744108e+07 3.351803e+06 
3.242537e+02 5.765011e+07 4.726283e+06 
3.595776e+02 5.375600e+07 5.015648e+06 
2.347155e+02 5.660687e+07 6.679492e+06 

3.561770e+02 5.548845e+07 4.533374e+06 
2.977897e+02 5.344792e+07 6.076650e+06 
3.392849e+02 5.161058e+07 6.197218e+06 
2.955041e+02 5.672065e+07 5.425580e+06 
2.262838e+02 5.742985e+07 6.583038e+06 
3.436344e+02 5.896068e+07 4.051100e+06 
2.154526e+02 5.734161e+07 6.679492e+06 
2.913173e+02 5.521365e+07 5.714944e+06 
2.433571e+02 5.745689e+07 6.293673e+06 
3.226273e+02 5.541879e+07 5.087989e+06 
3.669172e+02 5.429443e+07 4.605715e+06 
2.787928e+02 5.400751e+07 6.462470e+06 
2.698871e+02 5.462208e+07 6.583038e+06 
3.582130e+02 5.764814e+07 4.051100e+06 
3.442157e+02 5.769881e+07 4.147554e+06 
3.447842e+02 5.274914e+07 5.907854e+06 
3.164476e+02 5.213805e+07 6.462470e+06 
2.518926e+02 5.557104e+07 6.679492e+06 
3.004588e+02 5.250297e+07 6.462470e+06 
3.821509e+02 5.551713e+07 4.340464e+06 
3.055840e+02 5.230471e+07 6.462470e+06 
3.068739e+02 5.219000e+07 6.462470e+06 
2.088588e+02 5.816221e+07 6.679492e+06 
3.255251e+02 5.173296e+07 6.462470e+06 
3.425953e+02 5.261894e+07 6.004309e+06 
3.849905e+02 5.497956e+07 4.412806e+06 
2.990489e+02 5.259995e+07 6.462470e+06 
3.627920e+02 5.591925e+07 4.219896e+06 
2.688900e+02 5.528208e+07 6.100764e+06 
3.341712e+02 5.919093e+07 4.171668e+06 
3.628356e+02 5.319508e+07 5.280899e+06 
3.004910e+02 5.604338e+07 5.329125e+06 
3.554577e+02 5.795358e+07 3.954645e+06 
3.327891e+02 5.761616e+07 4.533374e+06 
3.018794e+02 5.242104e+07 6.462470e+06 
2.451805e+02 5.747792e+07 6.197218e+06 
4.023013e+02 5.348022e+07 4.798625e+06 
2.939165e+02 5.285802e+07 6.462470e+06 
3.458694e+02 5.439084e+07 4.798625e+06 
2.627578e+02 5.511122e+07 6.462470e+06 
3.152558e+02 5.882376e+07 5.015648e+06 
2.371876e+02 5.700457e+07 6.486583e+06 
2.648070e+02 5.492003e+07 6.462470e+06 
3.538737e+02 5.135150e+07 6.197218e+06 
2.821066e+02 5.649084e+07 5.714944e+06 
2.194850e+02 5.718005e+07 6.679492e+06 
2.814680e+02 5.387823e+07 6.462470e+06 
3.967609e+02 5.361426e+07 4.605715e+06 
3.268009e+02 5.849650e+07 4.557487e+06 
2.886701e+02 5.325098e+07 6.462470e+06 
2.273512e+02 5.678515e+07 6.679492e+06 
3.181037e+02 5.180954e+07 6.462470e+06 
2.740204e+02 5.728765e+07 5.811399e+06 
2.961099e+02 5.273805e+07 6.462470e+06 
3.179102e+02 5.864744e+07 4.629828e+06 
2.759969e+02 5.436059e+07 6.462470e+06 
4.029002e+02 5.328580e+07 4.919193e+06 
3.490707e+02 5.838834e+07 3.954645e+06 
3.060716e+02 5.776837e+07 5.136216e+06 
2.771563e+02 5.409968e+07 6.366015e+06 
3.387785e+02 5.468925e+07 4.822738e+06 
3.458475e+02 5.141968e+07 6.197218e+06 
3.582837e+02 5.347442e+07 5.015648e+06 
3.769926e+02 5.481105e+07 4.533374e+06 
2.839552e+02 5.361185e+07 6.462470e+06 
2.391348e+02 5.635840e+07 6.679492e+06 
3.317916e+02 5.836044e+07 4.340464e+06 
3.358342e+02 5.166358e+07 6.390128e+06 
3.372470e+02 5.887638e+07 4.147554e+06 
2.167881e+02 5.719583e+07 6.679492e+06 
2.964842e+02 5.270066e+07 6.462470e+06 
2.586685e+02 5.783803e+07 5.907854e+06 
3.275738e+02 5.880403e+07 4.436919e+06 
3.802209e+02 5.580193e+07 4.219896e+06 
2.923506e+02 5.295162e+07 6.462470e+06 
2.220549e+02 5.714267e+07 6.679492e+06 
2.148132e+02 5.736636e+07 6.679492e+06 
3.256444e+02 5.242630e+07 6.076650e+06 
3.572208e+02 5.155265e+07 6.004309e+06 
3.064128e+02 5.222423e+07 6.462470e+06 
3.117667e+02 5.486877e+07 5.522035e+06 
2.338117e+02 5.664006e+07 6.679492e+06 
3.183337e+02 5.298958e+07 5.907854e+06 
2.765204e+02 5.595538e+07 5.811399e+06 
2.568536e+02 5.526621e+07 6.366015e+06 
2.480713e+02 5.840757e+07 6.004309e+06 
3.330485e+02 5.171262e+07 6.486583e+06 
3.239560e+02 5.439567e+07 5.280899e+06 
2.978908e+02 5.426954e+07 5.907854e+06 
2.128815e+02 5.766205e+07 6.679492e+06 
3.164887e+02 5.950998e+07 4.822738e+06 
2.428067e+02 5.608375e+07 6.679492e+06 
2.480980e+02 5.584973e+07 6.583038e+06 
3.331525e+02 5.880163e+07 4.244009e+06 
3.568817e+02 5.123872e+07 6.293673e+06 
2.850750e+02 5.333504e+07 6.462470e+06 
2.683798e+02 5.480945e+07 6.583038e+06 
2.834971e+02 5.379561e+07 6.462470e+06 
3.384779e+02 5.384684e+07 5.401467e+06 
2.902275e+02 5.791517e+07 5.522035e+06 

3.372765e+02 5.049577e+07 6.148992e+06 
2.914460e+02 5.400136e+07 5.980196e+06 
3.734001e+02 5.233047e+07 5.401467e+06 
3.063712e+02 5.434654e+07 5.787286e+06 
3.435951e+02 5.502705e+07 5.015648e+06 
2.573432e+02 5.529947e+07 6.679492e+06 
4.245233e+02 5.668190e+07 3.882303e+06 
3.030167e+02 5.165458e+07 6.341902e+06 
3.748704e+02 5.714287e+07 4.653942e+06 
3.544703e+02 5.706644e+07 4.846851e+06 
3.956065e+02 5.934804e+07 3.785848e+06 
3.531161e+02 4.967414e+07 6.366015e+06 
3.552315e+02 5.202766e+07 5.763173e+06 
2.867981e+02 5.304351e+07 6.341902e+06 
3.800936e+02 5.173739e+07 5.594376e+06 
2.985560e+02 5.634634e+07 5.232670e+06 
2.683259e+02 5.563042e+07 6.004309e+06 
4.296445e+02 5.722266e+07 3.400029e+06 
2.901598e+02 5.294511e+07 6.317788e+06 
3.438258e+02 5.099305e+07 5.956082e+06 
4.113849e+02 5.412828e+07 5.136216e+06 
4.008407e+02 5.414998e+07 4.943306e+06 
3.324805e+02 5.079097e+07 6.438356e+06 
2.732250e+02 5.378565e+07 6.317788e+06 
2.088588e+02 5.816221e+07 6.679492e+06 
4.323052e+02 5.759073e+07 3.196224e+06 
2.819900e+02 5.319106e+07 6.317788e+06 
4.417429e+02 5.755588e+07 3.207120e+06 
3.849106e+02 5.850751e+07 3.978758e+06 
3.685382e+02 5.627384e+07 4.750396e+06 
4.139784e+02 5.888174e+07 3.207120e+06 
4.103905e+02 5.512082e+07 4.750396e+06 
3.578059e+02 5.334943e+07 5.208557e+06 
3.716852e+02 5.212582e+07 5.473808e+06 
3.915079e+02 5.562668e+07 4.653942e+06 
3.580644e+02 4.951955e+07 6.366015e+06 
3.028090e+02 5.168587e+07 6.438356e+06 
3.937123e+02 5.259839e+07 5.208557e+06 
2.938462e+02 5.254346e+07 6.221334e+06 
2.587164e+02 5.519855e+07 6.679492e+06 
4.355655e+02 5.742433e+07 3.303574e+06 
3.269093e+02 5.492250e+07 5.401467e+06 
2.807221e+02 5.736735e+07 5.425580e+06 
3.424943e+02 5.006121e+07 6.341902e+06 
4.673843e+02 5.565046e+07 4.268122e+06 
2.201298e+02 5.769914e+07 6.583038e+06 
2.912705e+02 5.722440e+07 5.232670e+06 
2.710647e+02 5.731193e+07 5.714944e+06 
3.530360e+02 5.079626e+07 5.835514e+06 
2.766398e+02 5.365659e+07 6.317788e+06 
3.082414e+02 5.161280e+07 6.317788e+06 
2.228467e+02 5.689271e+07 6.679492e+06 
2.363389e+02 5.657019e+07 6.679492e+06 
3.983555e+02 5.888640e+07 3.400029e+06 
2.391306e+02 5.768065e+07 6.293673e+06 
2.632306e+02 5.451471e+07 6.679492e+06 
3.284771e+02 5.209378e+07 5.835514e+06 
2.720888e+02 5.386883e+07 6.558924e+06 
3.806523e+02 5.834397e+07 4.364577e+06 
2.907579e+02 5.257169e+07 6.317788e+06 
3.605510e+02 4.916769e+07 6.366015e+06 
4.567596e+02 5.611287e+07 3.882303e+06 
4.104719e+02 5.577661e+07 4.557487e+06 
2.131555e+02 5.758369e+07 6.679492e+06 
2.852765e+02 5.309451e+07 6.341902e+06 
2.782270e+02 5.691351e+07 5.618490e+06 
2.983745e+02 5.228004e+07 6.317788e+06 
2.335590e+02 5.749336e+07 6.390128e+06 
2.459106e+02 5.768401e+07 6.197218e+06 
3.367055e+02 5.064869e+07 6.462470e+06 
2.681753e+02 5.709544e+07 5.787286e+06 
2.306808e+02 5.682488e+07 6.679492e+06 
4.049361e+02 5.747002e+07 4.075213e+06 
2.165002e+02 5.722066e+07 6.679492e+06 
2.292433e+02 5.707948e+07 6.486583e+06 
2.958734e+02 5.230946e+07 6.317788e+06 
2.326777e+02 5.671998e+07 6.679492e+06 
3.406871e+02 5.038534e+07 6.269560e+06 
4.440106e+02 5.627634e+07 3.496484e+06 
2.829101e+02 5.779335e+07 5.329125e+06 
3.008650e+02 5.213504e+07 6.462470e+06 
2.496969e+02 5.591367e+07 6.679492e+06 
3.678356e+02 5.062108e+07 5.980196e+06 
2.625361e+02 5.472191e+07 6.679492e+06 
2.947977e+02 5.783614e+07 5.039761e+06 
3.576916e+02 5.424513e+07 5.015648e+06 
2.803531e+02 5.350331e+07 6.317788e+06 
3.138953e+02 5.103628e+07 6.341902e+06 
3.104142e+02 5.134007e+07 6.221334e+06 
2.588681e+02 5.749374e+07 6.004309e+06 
2.443110e+02 5.607521e+07 6.679492e+06 
3.931506e+02 5.148532e+07 5.787286e+06 
2.505426e+02 5.538587e+07 6.679492e+06 
4.045174e+02 5.442979e+07 4.846851e+06 
2.372469e+02 5.611209e+07 6.679492e+06 
3.293089e+02 5.093671e+07 6.341902e+06 
2.205345e+02 5.710978e+07 6.679492e+06 
2.598773e+02 5.498038e+07 6.679492e+06 
2.135404e+02 5.737033e+07 6.679492e+06 
3.770186e+02 4.970686e+07 6.052537e+06 

2.838151e+02 5.400829e+07 6.486583e+06 
3.557471e+02 5.771942e+07 4.075213e+06 
2.448380e+02 5.616079e+07 6.583038e+06 
2.879927e+02 5.339716e+07 6.486583e+06 
2.735070e+02 5.510465e+07 5.907854e+06 
3.756305e+02 5.223688e+07 6.076650e+06 
4.482650e+02 5.168335e+07 5.618490e+06 
2.162272e+02 5.724228e+07 6.679492e+06 
3.128475e+02 5.793559e+07 5.136216e+06 
2.854242e+02 5.378522e+07 6.486583e+06 
3.862246e+02 5.203354e+07 6.173105e+06 
2.761990e+02 5.408294e+07 6.390128e+06 
2.575421e+02 5.530310e+07 6.679492e+06 
3.060178e+02 5.294048e+07 6.390128e+06 
3.941585e+02 5.639914e+07 4.461032e+06 
3.445945e+02 5.737801e+07 4.653942e+06 
2.291799e+02 5.680886e+07 6.486583e+06 
2.464491e+02 5.586607e+07 6.583038e+06 
3.737894e+02 5.230185e+07 6.076650e+06 
2.492334e+02 5.558572e+07 6.486583e+06 
2.955598e+02 5.617853e+07 5.522035e+06 
4.256170e+02 5.144143e+07 5.811399e+06 
3.109615e+02 5.269343e+07 6.390128e+06 
4.052115e+02 5.296613e+07 5.425580e+06 
4.177900e+02 5.200694e+07 5.618490e+06 
3.798470e+02 5.384091e+07 5.039761e+06 
2.088588e+02 5.816221e+07 6.679492e+06 
3.380187e+02 5.818689e+07 5.039761e+06 
4.273641e+02 5.139432e+07 5.811399e+06 
2.876534e+02 5.361993e+07 6.486583e+06 
2.881863e+02 5.428471e+07 6.100764e+06 
3.114294e+02 5.532139e+07 5.618490e+06 
3.004351e+02 5.842306e+07 5.329125e+06 
2.806521e+02 5.522182e+07 5.811399e+06 
4.023821e+02 5.652054e+07 4.340464e+06 
2.557993e+02 5.547588e+07 6.679492e+06 
3.203239e+02 5.468165e+07 5.714944e+06 
3.618171e+02 5.267186e+07 5.907854e+06 
3.002380e+02 5.309061e+07 6.486583e+06 
3.496836e+02 5.367892e+07 5.618490e+06 
2.984881e+02 5.312529e+07 6.390128e+06 
3.480219e+02 5.820872e+07 4.461032e+06 
3.906060e+02 5.186669e+07 6.197218e+06 
2.741497e+02 5.446720e+07 6.486583e+06 
2.345422e+02 5.747910e+07 6.293673e+06 
2.136894e+02 5.734928e+07 6.679492e+06 
3.636387e+02 5.464681e+07 4.846851e+06 
2.721429e+02 5.450495e+07 6.583038e+06 
2.145082e+02 5.728728e+07 6.679492e+06 
3.612174e+02 5.307649e+07 5.618490e+06 
2.558511e+02 5.784885e+07 5.907854e+06 
2.844813e+02 5.387326e+07 6.486583e+06 
2.273440e+02 5.686985e+07 6.679492e+06 
2.211428e+02 5.696272e+07 6.679492e+06 
3.911208e+02 5.180711e+07 6.197218e+06 
2.774181e+02 5.774097e+07 5.522035e+06 
4.056365e+02 5.766157e+07 4.244009e+06 
3.049539e+02 5.311120e+07 6.197218e+06 
3.014856e+02 5.863861e+07 5.232670e+06 
2.445578e+02 5.642938e+07 6.293673e+06 
3.689471e+02 5.254545e+07 6.076650e+06 
3.515277e+02 5.731838e+07 4.268122e+06 
2.337462e+02 5.650585e+07 6.679492e+06 
3.773621e+02 5.208131e+07 6.173105e+06 
2.113772e+02 5.756635e+07 6.679492e+06 
3.444678e+02 5.610782e+07 4.846851e+06 
4.489848e+02 5.276797e+07 4.846851e+06 
4.377517e+02 5.093001e+07 5.811399e+06 
3.435244e+02 5.313744e+07 5.907854e+06 
3.980490e+02 5.883318e+07 3.978758e+06 
2.944802e+02 5.775849e+07 5.425580e+06 
3.999006e+02 5.158557e+07 5.883741e+06 
3.777619e+02 5.419810e+07 4.846851e+06 
2.603640e+02 5.520697e+07 6.486583e+06 
2.622575e+02 5.501836e+07 6.679492e+06 
2.476843e+02 5.569333e+07 6.583038e+06 
3.939975e+02 5.163925e+07 6.197218e+06 
2.537170e+02 5.555022e+07 6.583038e+06 
2.290988e+02 5.663901e+07 6.679492e+06 
2.119573e+02 5.747925e+07 6.679492e+06 
4.098911e+02 5.778141e+07 4.051100e+06 
2.626641e+02 5.725592e+07 5.811399e+06 
4.531160e+02 5.264234e+07 5.039761e+06 
2.713105e+02 5.457257e+07 6.583038e+06 
3.426320e+02 5.576405e+07 5.039761e+06 
4.130555e+02 5.158240e+07 5.811399e+06 
3.738445e+02 5.521063e+07 4.653942e+06 
2.181236e+02 5.705004e+07 6.679492e+06 
2.465523e+02 5.747092e+07 6.004309e+06 
2.343451e+02 5.622577e+07 6.679492e+06 
3.405416e+02 5.736156e+07 4.846851e+06 
2.731755e+02 5.804027e+07 5.714944e+06 
2.644939e+02 5.480692e+07 6.486583e+06 
3.578008e+02 5.535230e+07 4.653942e+06 
3.935592e+02 5.170243e+07 6.076650e+06 
2.658786e+02 5.589346e+07 5.907854e+06 
4.230502e+02 5.256818e+07 5.232670e+06 
2.979973e+02 5.328491e+07 6.390128e+06 
4.070399e+02 5.854358e+07 3.978758e+06 
3.029805e+02 5.415682e+07 6.004309e+06 

3.092751e+02 5.587181e+07 5.136216e+06 
2.371078e+02 5.646913e+07 6.679492e+06 
3.119496e+02 5.252647e+07 6.679492e+06 
3.043602e+02 5.639792e+07 4.919193e+06 
3.431747e+02 5.657812e+07 4.509260e+06 
2.506375e+02 5.635505e+07 6.293673e+06 
3.159042e+02 5.233572e+07 6.679492e+06 
2.763736e+02 5.521826e+07 6.100764e+06 
2.673908e+02 5.497087e+07 6.486583e+06 
3.212392e+02 5.233351e+07 6.486583e+06 
3.499847e+02 5.716628e+07 4.244009e+06 
3.305664e+02 5.141919e+07 6.679492e+06 
2.847272e+02 5.414394e+07 6.679492e+06 
2.983138e+02 5.508838e+07 5.618490e+06 
3.597179e+02 5.565531e+07 4.412806e+06 
2.745890e+02 5.485322e+07 6.679492e+06 
2.841607e+02 5.426989e+07 6.679492e+06 
2.889099e+02 5.337354e+07 6.679492e+06 
3.583983e+02 5.221051e+07 6.293673e+06 
3.063555e+02 5.391958e+07 6.100764e+06 
3.705378e+02 5.676781e+07 4.171668e+06 
2.648479e+02 5.753451e+07 5.907854e+06 
3.018095e+02 5.288101e+07 6.679492e+06 
2.943855e+02 5.643740e+07 5.208557e+06 
4.044532e+02 5.450424e+07 4.051100e+06 
3.042427e+02 5.281159e+07 6.679492e+06 
2.088588e+02 5.816221e+07 6.679492e+06 
3.205826e+02 5.300696e+07 6.197218e+06 
3.959016e+02 5.379320e+07 4.702170e+06 
3.444726e+02 5.389796e+07 5.015648e+06 
2.797588e+02 5.439881e+07 6.679492e+06 
2.850520e+02 5.379929e+07 6.679492e+06 
4.431090e+02 5.375191e+07 4.051100e+06 
4.158092e+02 5.213273e+07 5.497922e+06 
2.755062e+02 5.702518e+07 5.811399e+06 
2.997307e+02 5.306669e+07 6.679492e+06 
2.864388e+02 5.654868e+07 5.618490e+06 
4.232747e+02 5.451234e+07 3.858190e+06 
4.444597e+02 5.330377e+07 4.123441e+06 
2.954999e+02 5.310650e+07 6.679492e+06 
4.144602e+02 5.248904e+07 5.305012e+06 
2.839489e+02 5.572552e+07 5.714944e+06 
3.009184e+02 5.298260e+07 6.679492e+06 
3.839858e+02 5.689050e+07 3.785848e+06 
4.103546e+02 5.256429e+07 5.112102e+06 
3.150179e+02 5.248736e+07 6.679492e+06 
3.907750e+02 5.257176e+07 5.497922e+06 
2.591561e+02 5.548995e+07 6.486583e+06 
3.502940e+02 5.344799e+07 5.208557e+06 
2.297978e+02 5.788876e+07 6.486583e+06 
2.395714e+02 5.623382e+07 6.679492e+06 
2.585089e+02 5.698732e+07 6.004309e+06 
2.654605e+02 5.522098e+07 6.293673e+06 
2.253086e+02 5.699382e+07 6.679492e+06 
3.371320e+02 5.610337e+07 4.629828e+06 
2.889677e+02 5.455038e+07 6.293673e+06 
2.795979e+02 5.449534e+07 6.679492e+06 
2.308439e+02 5.813038e+07 6.390128e+06 
2.190068e+02 5.715146e+07 6.679492e+06 
3.825944e+02 5.479215e+07 4.244009e+06 
3.200554e+02 5.213909e+07 6.679492e+06 
3.794804e+02 5.585323e+07 3.978758e+06 
2.210288e+02 5.707556e+07 6.679492e+06 
3.209487e+02 5.167947e+07 6.679492e+06 
3.251753e+02 5.684877e+07 4.846851e+06 
2.784124e+02 5.471349e+07 6.679492e+06 
2.814611e+02 5.700748e+07 5.714944e+06 
4.039310e+02 5.226038e+07 5.497922e+06 
2.481484e+02 5.550867e+07 6.679492e+06 
3.080111e+02 5.268322e+07 6.679492e+06 
2.271261e+02 5.693865e+07 6.679492e+06 
2.409311e+02 5.814367e+07 6.100764e+06 
4.260503e+02 5.356691e+07 4.436919e+06 
2.215088e+02 5.702882e+07 6.679492e+06 
2.883767e+02 5.712086e+07 5.594376e+06 
2.755443e+02 5.481777e+07 6.679492e+06 
2.130911e+02 5.742028e+07 6.679492e+06 
3.266922e+02 5.383564e+07 5.570263e+06 
3.909098e+02 5.483714e+07 3.858190e+06 
3.467171e+02 5.471078e+07 4.822738e+06 
3.126090e+02 5.438026e+07 5.666718e+06 
2.924780e+02 5.627286e+07 5.401467e+06 
2.192313e+02 5.712994e+07 6.679492e+06 
2.118523e+02 5.760386e+07 6.679492e+06 
3.318823e+02 5.506000e+07 4.919193e+06 
3.185012e+02 5.220911e+07 6.679492e+06 
3.605373e+02 5.694987e+07 4.219896e+06 
2.319622e+02 5.650535e+07 6.679492e+06 
4.204574e+02 5.406909e+07 4.123441e+06 
3.913117e+02 5.415529e+07 4.509260e+06 
2.161326e+02 5.728339e+07 6.679492e+06 
3.358621e+02 5.374837e+07 5.280899e+06 
3.281074e+02 5.682036e+07 4.726283e+06 
3.470403e+02 5.513360e+07 4.629828e+06 
3.645322e+02 5.324586e+07 5.377354e+06 
2.468056e+02 5.587432e+07 6.486583e+06 
3.192580e+02 5.489705e+07 5.184444e+06 
2.213560e+02 5.745884e+07 6.583038e+06 
2.149110e+02 5.731633e+07 6.679492e+06 
3.059432e+02 5.275786e+07 6.679492e+06 

3.102307e+02 5.398377e+07 5.570263e+06 
3.062322e+02 5.334724e+07 5.763173e+06 
2.591086e+02 5.518073e+07 6.679492e+06 
2.398882e+02 5.606893e+07 6.679492e+06 
2.187974e+02 5.697858e+07 6.679492e+06 
2.995403e+02 5.867190e+07 5.136216e+06 
3.380349e+02 5.693303e+07 4.605715e+06 
2.705335e+02 5.409923e+07 6.679492e+06 
3.167097e+02 5.277499e+07 6.076650e+06 
3.560965e+02 5.611127e+07 4.653942e+06 
2.379574e+02 5.616008e+07 6.679492e+06 
2.534244e+02 5.821193e+07 5.907854e+06 
3.358604e+02 5.414587e+07 5.087989e+06 
3.333835e+02 5.806031e+07 4.364577e+06 
3.185521e+02 5.832500e+07 4.364577e+06 
2.719414e+02 5.502653e+07 6.293673e+06 
2.741119e+02 5.408100e+07 6.679492e+06 
3.361341e+02 5.320903e+07 5.473808e+06 
2.242523e+02 5.746446e+07 6.583038e+06 
3.258063e+02 5.307531e+07 5.666718e+06 
2.892731e+02 5.299950e+07 6.583038e+06 
3.494240e+02 5.701428e+07 4.364577e+06 
3.205151e+02 5.683779e+07 4.702170e+06 
3.305090e+02 5.462538e+07 4.991534e+06 
2.372783e+02 5.630474e+07 6.679492e+06 
2.774965e+02 5.373563e+07 6.486583e+06 
2.805244e+02 5.369431e+07 6.679492e+06 
3.178864e+02 5.875038e+07 4.557487e+06 
2.088588e+02 5.816221e+07 6.679492e+06 
3.469813e+02 5.574037e+07 4.702170e+06 
2.636039e+02 5.475522e+07 6.679492e+06 
2.930541e+02 5.272945e+07 6.583038e+06 
3.435545e+02 5.273062e+07 5.473808e+06 
3.479184e+02 5.856155e+07 3.978758e+06 
2.405957e+02 5.732891e+07 6.197218e+06 
2.457184e+02 5.564135e+07 6.679492e+06 
2.540033e+02 5.530596e+07 6.679492e+06 
3.573370e+02 5.331574e+07 5.401467e+06 
2.512790e+02 5.770747e+07 6.004309e+06 
2.578292e+02 5.520969e+07 6.679492e+06 
2.463306e+02 5.651944e+07 6.390128e+06 
3.041950e+02 5.834169e+07 4.943306e+06 
3.409416e+02 5.466219e+07 4.895080e+06 
2.336162e+02 5.789431e+07 6.486583e+06 
2.350463e+02 5.657634e+07 6.679492e+06 
3.181936e+02 5.627057e+07 4.798625e+06 
2.442478e+02 5.596165e+07 6.679492e+06 
2.313019e+02 5.659608e+07 6.679492e+06 
2.156320e+02 5.730436e+07 6.679492e+06 
3.619311e+02 5.686031e+07 4.268122e+06 
2.567269e+02 5.558421e+07 6.583038e+06 
3.520126e+02 5.786563e+07 4.171668e+06 
2.819257e+02 5.366559e+07 6.486583e+06 
2.297200e+02 5.683335e+07 6.679492e+06 
2.417615e+02 5.598085e+07 6.679492e+06 
2.359909e+02 5.652110e+07 6.583038e+06 
3.574905e+02 5.658623e+07 4.461032e+06 
2.911273e+02 5.814669e+07 5.329125e+06 
2.489815e+02 5.535423e+07 6.679492e+06 
3.015047e+02 5.241369e+07 6.679492e+06 
3.066819e+02 5.203981e+07 6.583038e+06 
3.065882e+02 5.866421e+07 4.750396e+06 
2.753827e+02 5.400799e+07 6.679492e+06 
2.670205e+02 5.552310e+07 6.293673e+06 
2.673329e+02 5.435777e+07 6.679492e+06 
2.997843e+02 5.450780e+07 5.666718e+06 
2.606431e+02 5.811497e+07 5.714944e+06 
3.143360e+02 5.460736e+07 5.184444e+06 
2.116479e+02 5.769215e+07 6.679492e+06 
2.686082e+02 5.657005e+07 5.907854e+06 
2.119694e+02 5.748210e+07 6.679492e+06 
3.018477e+02 5.736354e+07 5.208557e+06 
3.661068e+02 5.773035e+07 3.978758e+06 
2.165991e+02 5.708281e+07 6.679492e+06 
2.115137e+02 5.793346e+07 6.679492e+06 
3.349727e+02 5.925764e+07 4.268122e+06 
2.623255e+02 5.476442e+07 6.679492e+06 
2.699291e+02 5.429831e+07 6.583038e+06 
3.229168e+02 5.273653e+07 5.763173e+06 
2.600647e+02 5.502416e+07 6.679492e+06 
2.615824e+02 5.778969e+07 5.714944e+06 
2.839147e+02 5.336334e+07 6.679492e+06 
2.961853e+02 5.264597e+07 6.679492e+06 
2.902267e+02 5.687569e+07 5.522035e+06 
3.386045e+02 5.864948e+07 4.075213e+06 
2.357452e+02 5.824888e+07 6.390128e+06 
3.374407e+02 5.251994e+07 5.859628e+06 
2.763278e+02 5.374973e+07 6.679492e+06 
2.946438e+02 5.544963e+07 5.473808e+06 
3.821398e+02 5.354345e+07 5.232670e+06 
2.840433e+02 5.441919e+07 5.980196e+06 
3.434494e+02 5.900203e+07 3.978758e+06 
2.236311e+02 5.687742e+07 6.679492e+06 
2.423441e+02 5.740621e+07 6.100764e+06 
3.110619e+02 5.551437e+07 5.087989e+06 
2.880726e+02 5.310215e+07 6.583038e+06 
2.989602e+02 5.364592e+07 5.859628e+06 
2.132071e+02 5.738635e+07 6.679492e+06 
2.789075e+02 5.530525e+07 5.570263e+06 
2.365365e+02 5.634996e+07 6.679492e+06 

2.325875e+02 5.699576e+07 6.583038e+06 
2.123216e+02 5.762068e+07 6.679492e+06 
2.497102e+02 5.578087e+07 6.679492e+06 
3.966902e+02 5.294012e+07 4.581602e+06 
3.451113e+02 5.063909e+07 5.859628e+06 
2.770435e+02 5.711459e+07 5.811399e+06 
2.562886e+02 5.561256e+07 6.679492e+06 
3.725028e+02 5.603517e+07 4.268122e+06 
3.338187e+02 5.763980e+07 4.653942e+06 
2.729110e+02 5.402808e+07 6.558924e+06 
3.327147e+02 5.170938e+07 5.739060e+06 
3.058568e+02 5.627903e+07 5.087989e+06 
4.173818e+02 5.645859e+07 3.785848e+06 
3.060873e+02 5.508197e+07 5.184444e+06 
3.659064e+02 5.779996e+07 3.785848e+06 
2.633553e+02 5.479033e+07 6.679492e+06 
4.189145e+02 5.941905e+07 3.400029e+06 
2.088588e+02 5.816221e+07 6.679492e+06 
3.528031e+02 5.042843e+07 5.739060e+06 
3.082935e+02 5.249729e+07 6.076650e+06 
2.804307e+02 5.783245e+07 5.714944e+06 
2.596597e+02 5.506710e+07 6.679492e+06 
2.621486e+02 5.500796e+07 6.679492e+06 
3.993255e+02 5.249774e+07 4.774512e+06 
3.437849e+02 5.086404e+07 5.859628e+06 
3.539339e+02 5.500594e+07 4.461032e+06 
2.490618e+02 5.631692e+07 6.390128e+06 
2.394216e+02 5.622608e+07 6.583038e+06 
4.419713e+02 5.751284e+07 3.400029e+06 
2.879367e+02 5.750166e+07 5.522035e+06 
3.131776e+02 5.246442e+07 6.052537e+06 
2.484668e+02 5.590227e+07 6.679492e+06 
4.052423e+02 5.796181e+07 3.592939e+06 
3.385482e+02 5.159567e+07 5.859628e+06 
2.345438e+02 5.652095e+07 6.679492e+06 
3.765412e+02 5.194241e+07 5.063876e+06 
2.689349e+02 5.754217e+07 5.907854e+06 
2.854906e+02 5.337513e+07 6.679492e+06 
3.154470e+02 5.225424e+07 6.173105e+06 
3.514579e+02 5.055706e+07 5.739060e+06 
2.575616e+02 5.515437e+07 6.486583e+06 
3.246066e+02 5.425304e+07 4.991534e+06 
2.916614e+02 5.282111e+07 6.679492e+06 
3.522635e+02 5.815821e+07 4.171668e+06 
3.412959e+02 5.143307e+07 5.739060e+06 
3.395405e+02 5.926724e+07 4.364577e+06 
3.287949e+02 5.670099e+07 4.726283e+06 
3.033934e+02 5.731726e+07 5.112102e+06 
4.535570e+02 5.609482e+07 3.785848e+06 
2.795201e+02 5.393660e+07 6.679492e+06 
2.265191e+02 5.705357e+07 6.679492e+06 
2.729682e+02 5.492573e+07 6.197218e+06 
2.670139e+02 5.742734e+07 6.004309e+06 
3.480016e+02 5.066703e+07 5.546150e+06 
4.072353e+02 5.257255e+07 4.581602e+06 
2.385096e+02 5.636267e+07 6.679492e+06 
3.994097e+02 5.120481e+07 5.063876e+06 
3.549751e+02 5.255831e+07 5.160331e+06 
2.188756e+02 5.722660e+07 6.679492e+06 
3.145854e+02 5.238659e+07 6.390128e+06 
2.907011e+02 5.675401e+07 5.425580e+06 
3.344133e+02 5.164291e+07 5.739060e+06 
2.927209e+02 5.417162e+07 5.956082e+06 
4.544080e+02 5.573151e+07 3.978758e+06 
2.133210e+02 5.727351e+07 6.679492e+06 
2.441508e+02 5.607020e+07 6.679492e+06 
3.873074e+02 5.725226e+07 3.882303e+06 
3.402772e+02 5.155692e+07 5.666718e+06 
3.235062e+02 5.193112e+07 5.980196e+06 
2.204529e+02 5.709700e+07 6.679492e+06 
2.436829e+02 5.763667e+07 6.293673e+06 
3.919847e+02 5.085453e+07 5.160331e+06 
2.657331e+02 5.464111e+07 6.486583e+06 
2.983561e+02 5.557701e+07 5.377354e+06 
2.940858e+02 5.276145e+07 6.679492e+06 
3.656561e+02 5.111755e+07 5.160331e+06 
3.378987e+02 5.768163e+07 4.557487e+06 
3.098776e+02 5.313828e+07 5.666718e+06 
3.658768e+02 4.997446e+07 5.931969e+06 
2.298396e+02 5.701483e+07 6.679492e+06 
2.261162e+02 5.803615e+07 6.486583e+06 
4.264553e+02 5.688421e+07 3.592939e+06 
4.472880e+02 5.540916e+07 4.171668e+06 
3.764126e+02 5.457724e+07 4.461032e+06 
2.121261e+02 5.772074e+07 6.679492e+06 
3.096936e+02 5.705938e+07 4.991534e+06 
3.181906e+02 5.206076e+07 6.124879e+06 
3.279713e+02 5.172691e+07 6.076650e+06 
4.143708e+02 5.709900e+07 3.592939e+06 
2.671064e+02 5.427312e+07 6.679492e+06 
3.624527e+02 5.064303e+07 5.353240e+06 
3.552597e+02 4.997967e+07 5.546150e+06 
3.260707e+02 5.296622e+07 5.353240e+06 
3.584578e+02 5.811987e+07 3.978758e+06 
2.803086e+02 5.377128e+07 6.558924e+06 
2.362097e+02 5.826313e+07 6.390128e+06 
3.387820e+02 5.510136e+07 4.653942e+06 
2.851348e+02 5.353457e+07 6.679492e+06 
2.619962e+02 5.768092e+07 6.100764e+06 
3.042688e+02 5.269147e+07 6.679492e+06 

2.418039e+02 5.663501e+07 6.390128e+06 
3.847958e+02 5.730751e+07 3.785848e+06 
3.107314e+02 5.763989e+07 4.750396e+06 
2.607008e+02 5.798790e+07 5.811399e+06 
3.921286e+02 5.702704e+07 3.882303e+06 
3.023533e+02 5.435211e+07 5.907854e+06 
4.063522e+02 5.325926e+07 4.412806e+06 
2.259796e+02 5.680641e+07 6.583038e+06 
2.937155e+02 5.704627e+07 5.232670e+06 
2.792020e+02 5.402467e+07 6.583038e+06 
3.072985e+02 5.285387e+07 6.679492e+06 
3.638421e+02 5.856915e+07 3.882303e+06 
2.867326e+02 5.771836e+07 5.329125e+06 
3.560609e+02 5.685105e+07 4.268122e+06 
3.876229e+02 5.152589e+07 5.473808e+06 
3.239709e+02 5.799384e+07 4.364577e+06 
3.128662e+02 5.422997e+07 5.714944e+06 
4.360977e+02 5.187682e+07 4.605715e+06 
2.586544e+02 5.531328e+07 6.583038e+06 
3.230520e+02 5.492509e+07 5.232670e+06 
3.732981e+02 5.234417e+07 5.787286e+06 
3.675705e+02 5.344360e+07 5.184444e+06 
2.628770e+02 5.580411e+07 6.100764e+06 
3.093893e+02 5.282319e+07 6.293673e+06 
2.677594e+02 5.487486e+07 6.583038e+06 
2.088588e+02 5.816221e+07 6.679492e+06 
2.710056e+02 5.413827e+07 6.583038e+06 
2.910605e+02 5.342494e+07 6.583038e+06 
3.233901e+02 5.545082e+07 5.039761e+06 
3.793546e+02 5.392268e+07 4.798625e+06 
2.996069e+02 5.596722e+07 5.136216e+06 
3.686200e+02 5.517132e+07 4.533374e+06 
3.818828e+02 5.229000e+07 5.473808e+06 
3.069279e+02 5.526374e+07 5.425580e+06 
3.482419e+02 5.397807e+07 5.401467e+06 
3.200570e+02 5.266942e+07 5.907854e+06 
3.166458e+02 5.638837e+07 4.846851e+06 
2.390534e+02 5.807789e+07 6.197218e+06 
4.322018e+02 5.201870e+07 4.605715e+06 
3.870366e+02 5.414147e+07 4.605715e+06 
3.314363e+02 5.708191e+07 4.364577e+06 
3.518720e+02 5.356702e+07 5.497922e+06 
3.175856e+02 5.248020e+07 6.293673e+06 
3.035146e+02 5.778774e+07 4.943306e+06 
3.616638e+02 5.460397e+07 4.919193e+06 
2.141826e+02 5.756298e+07 6.679492e+06 
2.274904e+02 5.647294e+07 6.679492e+06 
3.811619e+02 5.629261e+07 4.171668e+06 
2.534842e+02 5.558358e+07 6.583038e+06 
2.678231e+02 5.727242e+07 5.522035e+06 
4.035679e+02 5.235619e+07 5.087989e+06 
3.883728e+02 5.466307e+07 4.412806e+06 
2.253001e+02 5.682416e+07 6.679492e+06 
2.200975e+02 5.696733e+07 6.679492e+06 
2.994914e+02 5.297705e+07 6.583038e+06 
2.966857e+02 5.404336e+07 6.100764e+06 
2.126732e+02 5.762076e+07 6.679492e+06 
3.530523e+02 5.895316e+07 3.978758e+06 
2.505637e+02 5.785866e+07 6.004309e+06 
3.837575e+02 5.184615e+07 5.666718e+06 
3.949347e+02 5.201968e+07 5.280899e+06 
3.882187e+02 5.696220e+07 3.978758e+06 
3.714488e+02 5.699922e+07 4.075213e+06 
2.969973e+02 5.777662e+07 5.136216e+06 
2.327161e+02 5.763777e+07 6.390128e+06 
3.871026e+02 5.276799e+07 4.895080e+06 
2.150508e+02 5.747928e+07 6.679492e+06 
3.086643e+02 5.261739e+07 6.486583e+06 
3.921703e+02 5.587426e+07 4.075213e+06 
3.261394e+02 5.845533e+07 4.268122e+06 
3.699509e+02 5.243582e+07 5.787286e+06 
3.813566e+02 5.821776e+07 3.689394e+06 
2.814703e+02 5.648041e+07 5.522035e+06 
3.690546e+02 5.831903e+07 3.785848e+06 
2.576621e+02 5.548921e+07 6.583038e+06 
2.592848e+02 5.530543e+07 6.583038e+06 
2.472226e+02 5.774521e+07 6.100764e+06 
2.156482e+02 5.724155e+07 6.679492e+06 
2.171640e+02 5.717414e+07 6.679492e+06 
3.286483e+02 5.609511e+07 4.846851e+06 
2.654510e+02 5.513293e+07 6.583038e+06 
2.220793e+02 5.797636e+07 6.583038e+06 
2.883396e+02 5.538128e+07 5.907854e+06 
4.234090e+02 5.246714e+07 4.605715e+06 
3.898865e+02 5.738050e+07 3.689394e+06 
2.259865e+02 5.778744e+07 6.486583e+06 
2.116599e+02 5.769500e+07 6.679492e+06 
4.002904e+02 5.359362e+07 4.219896e+06 
4.089277e+02 5.337449e+07 4.219896e+06 
3.130354e+02 5.743916e+07 4.653942e+06 
2.110219e+02 5.809794e+07 6.679492e+06 
2.540579e+02 5.786611e+07 5.907854e+06 
2.802841e+02 5.443799e+07 6.293673e+06 
3.594274e+02 5.313861e+07 5.594376e+06 
2.488155e+02 5.716560e+07 6.100764e+06 
2.349986e+02 5.634949e+07 6.679492e+06 
2.794413e+02 5.742268e+07 5.425580e+06 
2.435076e+02 5.593650e+07 6.679492e+06 
2.806585e+02 5.380675e+07 6.486583e+06 
2.834775e+02 5.348669e+07 6.486583e+06 

2.622831e+02 5.526353e+07 6.679492e+06 
2.263011e+02 5.786837e+07 6.486583e+06 
3.817219e+02 5.335558e+07 4.726283e+06 
4.245487e+02 5.764577e+07 3.375916e+06 
3.199261e+02 5.182443e+07 6.679492e+06 
3.547135e+02 5.503514e+07 4.340464e+06 
2.746890e+02 5.475556e+07 6.679492e+06 
2.734664e+02 5.656183e+07 5.811399e+06 
2.847673e+02 5.413864e+07 6.679492e+06 
3.606223e+02 5.716572e+07 3.978758e+06 
3.090227e+02 5.671060e+07 4.943306e+06 
2.322057e+02 5.669726e+07 6.583038e+06 
4.557964e+02 5.503506e+07 4.051100e+06 
3.229042e+02 5.414719e+07 5.329125e+06 
3.055480e+02 5.661500e+07 5.039761e+06 
3.275976e+02 5.446489e+07 5.136216e+06 
3.052457e+02 5.291888e+07 6.679492e+06 
3.445023e+02 5.260455e+07 5.907854e+06 
4.172994e+02 5.636085e+07 3.472371e+06 
2.088588e+02 5.816221e+07 6.679492e+06 
3.025206e+02 5.473894e+07 5.522035e+06 
2.631130e+02 5.517452e+07 6.679492e+06 
3.412719e+02 5.798847e+07 4.364577e+06 
4.065468e+02 5.747292e+07 3.472371e+06 
3.460612e+02 5.155117e+07 6.486583e+06 
3.272545e+02 5.148108e+07 6.679492e+06 
2.655563e+02 5.494663e+07 6.679492e+06 
3.160663e+02 5.672494e+07 4.846851e+06 
3.501157e+02 5.741037e+07 4.171668e+06 
3.852298e+02 5.391127e+07 4.340464e+06 
2.977445e+02 5.328520e+07 6.679492e+06 
2.440181e+02 5.796196e+07 6.197218e+06 
3.306690e+02 5.667392e+07 4.653942e+06 
3.293359e+02 5.559345e+07 4.726283e+06 
3.975966e+02 5.367716e+07 4.436919e+06 
3.363919e+02 5.615643e+07 4.436919e+06 
4.325442e+02 5.534185e+07 3.737622e+06 
3.454064e+02 5.430177e+07 4.533374e+06 
2.781188e+02 5.462925e+07 6.679492e+06 
2.874319e+02 5.386013e+07 6.583038e+06 
2.755751e+02 5.750546e+07 5.714944e+06 
2.456672e+02 5.557085e+07 6.679492e+06 
2.832504e+02 5.431961e+07 6.679492e+06 
4.291471e+02 5.780211e+07 3.279461e+06 
2.671424e+02 5.820224e+07 5.907854e+06 
4.398031e+02 5.554339e+07 3.544712e+06 
2.355124e+02 5.636851e+07 6.679492e+06 
3.240268e+02 5.291836e+07 6.100764e+06 
3.945873e+02 5.402947e+07 4.244009e+06 
2.825612e+02 5.449226e+07 6.679492e+06 
3.187216e+02 5.206644e+07 6.679492e+06 
3.015717e+02 5.322624e+07 6.679492e+06 
3.128263e+02 5.569301e+07 5.136216e+06 
3.422903e+02 5.131029e+07 6.679492e+06 
2.490264e+02 5.726989e+07 6.100764e+06 
3.164831e+02 5.230106e+07 6.679492e+06 
2.955466e+02 5.728560e+07 5.136216e+06 
3.144046e+02 5.252254e+07 6.679492e+06 
2.164036e+02 5.718287e+07 6.679492e+06 
4.387675e+02 5.665474e+07 3.183006e+06 
2.864499e+02 5.408400e+07 6.679492e+06 
2.611257e+02 5.541085e+07 6.679492e+06 
4.062678e+02 5.342990e+07 4.533374e+06 
4.422749e+02 5.773500e+07 3.062438e+06 
3.040599e+02 5.318909e+07 6.679492e+06 
2.310471e+02 5.688277e+07 6.679492e+06 
2.737401e+02 5.551350e+07 6.197218e+06 
4.351656e+02 5.755476e+07 3.255348e+06 
2.547335e+02 5.757741e+07 6.004309e+06 
2.916272e+02 5.369419e+07 6.679492e+06 
3.973993e+02 5.740947e+07 3.568826e+06 
3.661197e+02 5.478973e+07 4.244009e+06 
3.796866e+02 5.733917e+07 3.858190e+06 
2.839075e+02 5.423492e+07 6.679492e+06 
3.078241e+02 5.262406e+07 6.679492e+06 
3.817186e+02 5.744131e+07 3.665280e+06 
2.927271e+02 5.353210e+07 6.679492e+06 
4.414765e+02 5.515723e+07 3.858190e+06 
3.033302e+02 5.359934e+07 6.293673e+06 
2.125495e+02 5.739500e+07 6.679492e+06 
3.346896e+02 5.229466e+07 6.293673e+06 
2.169988e+02 5.712078e+07 6.679492e+06 
2.193764e+02 5.697930e+07 6.679492e+06 
3.161647e+02 5.382171e+07 6.100764e+06 
4.626992e+02 5.574556e+07 3.255348e+06 
2.361728e+02 5.777015e+07 6.390128e+06 
4.599050e+02 5.544611e+07 3.665280e+06 
2.864316e+02 5.454101e+07 6.100764e+06 
2.961836e+02 5.343495e+07 6.679492e+06 
2.389344e+02 5.644711e+07 6.390128e+06 
2.433223e+02 5.573212e+07 6.583038e+06 
3.837095e+02 5.632637e+07 3.978758e+06 
2.588618e+02 5.546691e+07 6.679492e+06 
2.204536e+02 5.811227e+07 6.583038e+06 
2.857081e+02 5.728600e+07 5.522035e+06 
2.941385e+02 5.673479e+07 5.425580e+06 
2.429545e+02 5.823478e+07 6.293673e+06 
2.597564e+02 5.646478e+07 6.004309e+06 
4.636015e+02 5.588025e+07 3.062438e+06 
3.597551e+02 5.383897e+07 4.726283e+06 

2.964424e+02 5.308448e+07 6.148992e+06 
2.944903e+02 5.469988e+07 5.690831e+06 
3.083390e+02 5.715952e+07 4.822738e+06 
3.599595e+02 5.504868e+07 4.726283e+06 
2.858363e+02 5.380626e+07 6.245447e+06 
2.999568e+02 5.655615e+07 5.015648e+06 
3.321484e+02 5.170900e+07 5.763173e+06 
3.326383e+02 5.137968e+07 6.124879e+06 
2.399724e+02 5.581404e+07 6.583038e+06 
2.504460e+02 5.706401e+07 6.197218e+06 
3.234788e+02 5.731805e+07 4.629828e+06 
3.074143e+02 5.256895e+07 6.124879e+06 
3.271825e+02 5.170018e+07 5.931969e+06 
2.705144e+02 5.748141e+07 5.714944e+06 
2.898536e+02 5.372021e+07 6.148992e+06 
2.881214e+02 5.725162e+07 5.329125e+06 
3.114910e+02 5.221245e+07 6.124879e+06 
3.747540e+02 5.182087e+07 5.280899e+06 
3.254372e+02 5.174836e+07 6.124879e+06 
3.639387e+02 5.836082e+07 3.978758e+06 
3.757210e+02 5.694960e+07 3.978758e+06 
3.329465e+02 5.134405e+07 6.124879e+06 
3.108606e+02 5.328101e+07 5.690831e+06 
3.021815e+02 5.352577e+07 5.787286e+06 
2.593024e+02 5.492596e+07 6.679492e+06 
3.653851e+02 5.733104e+07 3.978758e+06 
2.817910e+02 5.739726e+07 5.522035e+06 
3.206874e+02 5.180806e+07 6.124879e+06 
2.809656e+02 5.473761e+07 5.980196e+06 
2.088588e+02 5.816221e+07 6.679492e+06 
2.823997e+02 5.459595e+07 6.148992e+06 
3.778891e+02 5.894305e+07 3.882303e+06 
2.416420e+02 5.575303e+07 6.679492e+06 
3.437074e+02 5.177776e+07 5.377354e+06 
3.487824e+02 5.345726e+07 5.112102e+06 
3.078835e+02 5.243638e+07 6.245447e+06 
4.011656e+02 5.954034e+07 3.207120e+06 
2.931613e+02 5.339610e+07 6.148992e+06 
2.666500e+02 5.728922e+07 5.811399e+06 
2.772803e+02 5.464536e+07 6.148992e+06 
2.976820e+02 5.636210e+07 5.208557e+06 
3.011489e+02 5.283942e+07 6.438356e+06 
4.066026e+02 5.894489e+07 3.496484e+06 
2.914327e+02 5.676690e+07 5.305012e+06 
3.073085e+02 5.455790e+07 5.305012e+06 
3.504476e+02 5.872269e+07 4.268122e+06 
2.157641e+02 5.720762e+07 6.679492e+06 
3.519990e+02 5.120049e+07 5.883741e+06 
2.833809e+02 5.645855e+07 5.618490e+06 
3.893933e+02 5.929874e+07 3.496484e+06 
4.058598e+02 5.907721e+07 3.207120e+06 
3.082145e+02 5.628897e+07 5.015648e+06 
3.036096e+02 5.270198e+07 6.245447e+06 
2.341760e+02 5.647216e+07 6.679492e+06 
3.917649e+02 5.974914e+07 3.400029e+06 
2.201478e+02 5.701791e+07 6.679492e+06 
3.642676e+02 5.082530e+07 5.666718e+06 
3.160749e+02 5.213607e+07 6.124879e+06 
3.701314e+02 5.131193e+07 5.473808e+06 
3.804239e+02 5.732299e+07 3.882303e+06 
2.629733e+02 5.486324e+07 6.679492e+06 
3.060466e+02 5.269563e+07 6.052537e+06 
2.252806e+02 5.781312e+07 6.583038e+06 
3.494899e+02 5.129408e+07 5.859628e+06 
3.664101e+02 5.164081e+07 5.473808e+06 
3.374549e+02 5.557497e+07 4.629828e+06 
2.360459e+02 5.757509e+07 6.390128e+06 
2.554962e+02 5.807138e+07 6.100764e+06 
2.387649e+02 5.618085e+07 6.679492e+06 
2.956431e+02 5.797384e+07 5.232670e+06 
4.144213e+02 5.832204e+07 3.592939e+06 
3.413636e+02 5.424574e+07 5.015648e+06 
4.174867e+02 5.896232e+07 3.303574e+06 
2.592269e+02 5.831459e+07 5.907854e+06 
2.117190e+02 5.722783e+07 6.679492e+06 
3.459186e+02 5.467357e+07 4.822738e+06 
3.633898e+02 5.671662e+07 4.364577e+06 
2.226826e+02 5.688875e+07 6.679492e+06 
3.110861e+02 5.236276e+07 6.245447e+06 
3.677203e+02 5.691413e+07 4.171668e+06 
2.474747e+02 5.751137e+07 6.293673e+06 
4.200713e+02 5.977782e+07 3.196224e+06 
3.971835e+02 5.868174e+07 3.689394e+06 
2.506373e+02 5.547902e+07 6.679492e+06 
2.671115e+02 5.477142e+07 6.486583e+06 
2.626821e+02 5.616397e+07 6.100764e+06 
3.314104e+02 5.164944e+07 6.124879e+06 
2.465530e+02 5.568159e+07 6.583038e+06 
2.833379e+02 5.439054e+07 6.269560e+06 
2.185737e+02 5.713859e+07 6.679492e+06 
2.762079e+02 5.752498e+07 5.618490e+06 
3.564788e+02 5.823340e+07 4.075213e+06 
2.943520e+02 5.329779e+07 6.148992e+06 
2.839468e+02 5.394734e+07 6.269560e+06 
2.312613e+02 5.687350e+07 6.679492e+06 
2.569558e+02 5.520949e+07 6.679492e+06 
3.221908e+02 5.303992e+07 5.473808e+06 
2.372631e+02 5.638034e+07 6.679492e+06 
2.268630e+02 5.741298e+07 6.486583e+06 
3.473876e+02 5.561760e+07 4.436919e+06 

