2.904631e+02 5.728584e+07 5.329125e+06 
3.429053e+02 5.952368e+07 4.171668e+06 
3.011283e+02 5.200907e+07 6.462470e+06 
4.599672e+02 5.106373e+07 5.280899e+06 
2.679478e+02 5.692007e+07 6.004309e+06 
4.459118e+02 5.523871e+07 4.268122e+06 
4.820250e+02 5.653118e+07 3.110665e+06 
2.460534e+02 5.727284e+07 6.100764e+06 
2.088588e+02 5.816221e+07 6.679492e+06 
4.787879e+02 5.671038e+07 3.076653e+06 
3.280766e+02 5.122022e+07 6.341902e+06 
3.025637e+02 5.189858e+07 6.462470e+06 
3.243436e+02 5.128719e+07 6.366015e+06 
2.891044e+02 5.790864e+07 5.714944e+06 
3.017019e+02 5.758749e+07 4.943306e+06 
4.258299e+02 5.117290e+07 5.618490e+06 
4.517525e+02 5.210190e+07 4.991534e+06 
2.869143e+02 5.283976e+07 6.438356e+06 
2.727285e+02 5.441939e+07 6.558924e+06 
2.438766e+02 5.632699e+07 6.679492e+06 
3.247521e+02 5.809959e+07 4.750396e+06 
3.804080e+02 5.975683e+07 3.110665e+06 
4.122307e+02 5.472026e+07 4.629828e+06 
2.387012e+02 5.807612e+07 6.390128e+06 
3.713180e+02 5.936307e+07 3.400029e+06 
4.602744e+02 5.108622e+07 5.184444e+06 
4.451049e+02 5.101381e+07 5.377354e+06 
2.799173e+02 5.297788e+07 6.438356e+06 
4.500056e+02 5.578879e+07 3.882303e+06 
4.820918e+02 5.622485e+07 3.496484e+06 
2.713303e+02 5.482119e+07 6.558924e+06 
2.558054e+02 5.543316e+07 6.679492e+06 
4.147716e+02 5.265016e+07 4.919193e+06 
3.533905e+02 5.928588e+07 3.978758e+06 
3.602474e+02 5.993459e+07 3.785848e+06 
3.108041e+02 5.140580e+07 6.221334e+06 
4.839367e+02 5.626063e+07 3.207120e+06 
3.880929e+02 5.919739e+07 3.086552e+06 
3.289670e+02 5.797842e+07 4.557487e+06 
4.425034e+02 5.827149e+07 3.076653e+06 
4.202520e+02 5.608160e+07 3.689394e+06 
3.630060e+02 5.966726e+07 3.592939e+06 
2.296433e+02 5.698148e+07 6.679492e+06 
2.967690e+02 5.247387e+07 6.462470e+06 
2.097646e+02 5.779941e+07 6.679492e+06 
4.273322e+02 5.504386e+07 4.461032e+06 
2.191304e+02 5.718889e+07 6.679492e+06 
2.768227e+02 5.391944e+07 6.438356e+06 
2.642113e+02 5.489316e+07 6.558924e+06 
2.136379e+02 5.754662e+07 6.679492e+06 

2.724276e+02 5.768394e+07 5.618490e+06 
3.801332e+02 5.237318e+07 5.546150e+06 
3.411607e+02 5.114692e+07 6.124879e+06 
3.603873e+02 4.989969e+07 6.124879e+06 
4.039809e+02 5.111232e+07 5.449695e+06 
2.499719e+02 5.655218e+07 6.679492e+06 
3.308229e+02 5.152946e+07 6.124879e+06 
4.000741e+02 5.090775e+07 5.642605e+06 
3.463658e+02 5.050929e+07 6.124879e+06 
4.432537e+02 5.264413e+07 4.485147e+06 
3.469186e+02 5.044429e+07 6.124879e+06 
2.088588e+02 5.816221e+07 6.679492e+06 
3.184209e+02 5.198861e+07 6.221334e+06 
3.381617e+02 5.131645e+07 6.124879e+06 
2.817467e+02 5.469524e+07 6.583038e+06 
3.780681e+02 5.075026e+07 5.835514e+06 
2.651409e+02 5.761602e+07 5.811399e+06 
2.480679e+02 5.773366e+07 6.100764e+06 
2.615140e+02 5.576924e+07 6.583038e+06 
3.215660e+02 5.183712e+07 6.245447e+06 
3.586998e+02 5.025014e+07 6.124879e+06 
3.061970e+02 5.287071e+07 6.221334e+06 
4.285485e+02 5.235237e+07 4.774512e+06 
2.144270e+02 5.739845e+07 6.679492e+06 
3.310184e+02 5.777112e+07 4.798625e+06 
3.930394e+02 5.073700e+07 5.931969e+06 
2.960930e+02 5.328795e+07 6.583038e+06 
4.106804e+02 5.165553e+07 5.256786e+06 
2.254384e+02 5.677138e+07 6.679492e+06 
3.162858e+02 5.228559e+07 6.221334e+06 
4.117784e+02 5.171254e+07 5.063876e+06 
3.666070e+02 4.988927e+07 6.124879e+06 
4.402969e+02 5.495016e+07 4.292238e+06 
3.120789e+02 5.771190e+07 4.991534e+06 
4.437550e+02 5.324940e+07 4.292238e+06 
2.904891e+02 5.380784e+07 6.583038e+06 
2.321457e+02 5.747306e+07 6.583038e+06 
2.128815e+02 5.766205e+07 6.679492e+06 
2.656001e+02 5.502152e+07 6.583038e+06 
2.922712e+02 5.838412e+07 5.329125e+06 
3.675954e+02 5.261153e+07 5.739060e+06 
4.282876e+02 5.183187e+07 4.870966e+06 
3.417885e+02 5.642894e+07 4.605715e+06 
3.813553e+02 5.080875e+07 5.739060e+06 
2.171566e+02 5.727160e+07 6.679492e+06 
2.844134e+02 5.415721e+07 6.583038e+06 
2.546131e+02 5.601384e+07 6.583038e+06 
3.648194e+02 5.665921e+07 4.412806e+06 
3.146254e+02 5.245011e+07 6.245447e+06 
3.436360e+02 5.092085e+07 6.124879e+06 

3.122865e+02 5.720790e+07 5.039761e+06 
2.382800e+02 5.635774e+07 6.679492e+06 
2.328038e+02 5.694639e+07 6.679492e+06 
3.090674e+02 5.260603e+07 6.583038e+06 
2.445600e+02 5.581375e+07 6.679492e+06 
3.691231e+02 5.140902e+07 6.269560e+06 
3.407633e+02 5.780244e+07 4.171668e+06 
3.256079e+02 5.736938e+07 4.653942e+06 
4.027662e+02 5.458875e+07 4.364577e+06 
3.834363e+02 5.643908e+07 4.075213e+06 
4.031366e+02 5.732662e+07 3.568826e+06 
3.028472e+02 5.782923e+07 5.425580e+06 
2.521276e+02 5.757990e+07 6.197218e+06 
4.137264e+02 5.531944e+07 3.689394e+06 
3.834653e+02 5.211476e+07 5.377354e+06 
3.956748e+02 5.083441e+07 5.594376e+06 
2.088588e+02 5.816221e+07 6.679492e+06 
2.305762e+02 5.766587e+07 6.486583e+06 
4.008092e+02 5.390696e+07 4.533374e+06 
3.217819e+02 5.223175e+07 6.486583e+06 
2.501453e+02 5.540942e+07 6.583038e+06 
4.373058e+02 5.120364e+07 5.184444e+06 
3.838733e+02 5.090445e+07 5.956082e+06 
2.925542e+02 5.380125e+07 6.583038e+06 
3.881125e+02 5.070614e+07 5.787286e+06 
4.552817e+02 5.303826e+07 4.822738e+06 
3.999444e+02 5.413000e+07 4.436919e+06 
3.003781e+02 5.346348e+07 6.583038e+06 
3.927831e+02 5.068492e+07 5.787286e+06 
3.152139e+02 5.242842e+07 6.486583e+06 
4.367388e+02 5.116287e+07 5.280899e+06 
4.360798e+02 5.466810e+07 3.882303e+06 
2.234366e+02 5.714421e+07 6.679492e+06 
3.704998e+02 5.746108e+07 3.785848e+06 
2.139860e+02 5.775087e+07 6.679492e+06 
2.716736e+02 5.878965e+07 5.811399e+06 
3.556006e+02 5.273249e+07 5.666718e+06 
3.865681e+02 5.079516e+07 5.666718e+06 
2.688198e+02 5.471459e+07 6.679492e+06 
3.349816e+02 5.780169e+07 4.364577e+06 
3.030087e+02 5.323581e+07 6.583038e+06 
2.581520e+02 5.485113e+07 6.679492e+06 
2.808512e+02 5.441635e+07 6.679492e+06 
2.901509e+02 5.819228e+07 5.618490e+06 
3.975059e+02 5.032292e+07 6.076650e+06 
4.081273e+02 5.059113e+07 5.666718e+06 
2.165826e+02 5.737194e+07 6.679492e+06 
2.870756e+02 5.408634e+07 6.462470e+06 
3.744876e+02 5.128584e+07 5.956082e+06 
3.452444e+02 5.205747e+07 6.293673e+06 

4.014869e+02 5.646060e+07 4.147554e+06 
3.131873e+02 5.308111e+07 6.341902e+06 
3.215919e+02 5.227442e+07 6.558924e+06 
2.931241e+02 5.410384e+07 6.558924e+06 
3.646121e+02 5.797298e+07 3.544712e+06 
2.972566e+02 5.862827e+07 5.208557e+06 
4.006420e+02 5.966494e+07 3.093534e+06 
3.545688e+02 5.927407e+07 3.351803e+06 
4.002768e+02 5.265320e+07 4.702170e+06 
3.643881e+02 5.007903e+07 6.438356e+06 
2.088588e+02 5.816221e+07 6.679492e+06 
3.038922e+02 5.929314e+07 4.822738e+06 
2.705611e+02 5.700755e+07 5.907854e+06 
4.142666e+02 5.205037e+07 5.305012e+06 
4.225318e+02 5.110504e+07 5.305012e+06 
3.799325e+02 5.818592e+07 3.351803e+06 
4.067501e+02 5.078769e+07 5.883741e+06 
3.401089e+02 5.110453e+07 6.438356e+06 
3.872084e+02 5.234597e+07 4.798625e+06 
3.286062e+02 5.925350e+07 3.954645e+06 
2.648425e+02 5.491597e+07 6.679492e+06 
2.477558e+02 5.575925e+07 6.679492e+06 
3.842349e+02 5.022960e+07 5.956082e+06 
3.787329e+02 5.852625e+07 3.255348e+06 
3.813496e+02 5.987989e+07 3.093534e+06 
2.207077e+02 5.705928e+07 6.679492e+06 
3.511393e+02 5.067002e+07 6.438356e+06 
3.900276e+02 5.655525e+07 3.954645e+06 
3.586964e+02 5.043905e+07 6.317788e+06 
3.923960e+02 5.661459e+07 3.761735e+06 
2.119573e+02 5.747925e+07 6.679492e+06 
3.705389e+02 5.947637e+07 3.158893e+06 
2.891515e+02 5.716741e+07 5.522035e+06 
3.746403e+02 5.736167e+07 3.641167e+06 
3.810932e+02 5.871011e+07 3.158893e+06 
3.225327e+02 5.219654e+07 6.558924e+06 
2.362828e+02 5.653740e+07 6.679492e+06 
2.525070e+02 5.691443e+07 6.293673e+06 
3.170774e+02 5.896648e+07 4.412806e+06 
3.189026e+02 5.268791e+07 6.341902e+06 
3.619700e+02 5.026487e+07 6.438356e+06 
2.369103e+02 5.676369e+07 6.486583e+06 
3.435810e+02 5.880632e+07 3.641167e+06 
3.243973e+02 5.174350e+07 6.438356e+06 
2.505484e+02 5.533186e+07 6.679492e+06 
3.748121e+02 5.350972e+07 4.605715e+06 
3.454814e+02 5.103480e+07 6.317788e+06 
3.060780e+02 5.328869e+07 6.462470e+06 
3.331389e+02 5.158198e+07 6.462470e+06 
4.135769e+02 5.101881e+07 5.690831e+06 

2.662850e+02 5.500157e+07 6.486583e+06 
3.860424e+02 5.155161e+07 5.353240e+06 
4.278308e+02 5.838747e+07 3.132043e+06 
3.505042e+02 5.087666e+07 6.341902e+06 
3.345091e+02 5.080238e+07 6.438356e+06 
3.889347e+02 5.655681e+07 3.592939e+06 
4.100217e+02 5.099354e+07 5.956082e+06 
3.370456e+02 5.902366e+07 4.051100e+06 
3.929084e+02 5.193657e+07 4.967421e+06 
3.844233e+02 5.175422e+07 5.280899e+06 
4.087338e+02 5.557797e+07 3.785848e+06 
2.088588e+02 5.816221e+07 6.679492e+06 
2.736660e+02 5.447754e+07 6.583038e+06 
3.789535e+02 5.181419e+07 5.087989e+06 
2.928017e+02 5.283808e+07 6.558924e+06 
3.424805e+02 5.889133e+07 3.858190e+06 
4.346727e+02 5.836976e+07 3.132043e+06 
3.623336e+02 5.508239e+07 4.557487e+06 
2.937627e+02 5.787761e+07 5.232670e+06 
2.971721e+02 5.210378e+07 6.438356e+06 
4.126677e+02 5.849084e+07 3.207120e+06 
3.498664e+02 5.470344e+07 4.750396e+06 
2.272684e+02 5.661326e+07 6.679492e+06 
2.924047e+02 5.294529e+07 6.438356e+06 
3.683712e+02 5.181146e+07 5.232672e+06 
2.756407e+02 5.728409e+07 5.690831e+06 
3.287423e+02 5.921696e+07 4.244009e+06 
3.808894e+02 5.700521e+07 3.665280e+06 
3.819693e+02 5.489372e+07 4.702170e+06 
2.190068e+02 5.715146e+07 6.679492e+06 
3.985879e+02 5.527784e+07 4.171668e+06 
3.267704e+02 5.126799e+07 6.438356e+06 
2.808764e+02 5.364856e+07 6.583038e+06 
4.322398e+02 5.729985e+07 3.400029e+06 
4.096710e+02 5.549128e+07 3.978758e+06 
2.418128e+02 5.635890e+07 6.679492e+06 
4.413189e+02 5.755261e+07 3.196224e+06 
2.587015e+02 5.564964e+07 6.679492e+06 
3.882586e+02 5.283666e+07 4.774512e+06 
2.288552e+02 5.738464e+07 6.486583e+06 
3.155858e+02 5.162622e+07 6.438356e+06 
3.074170e+02 5.180679e+07 6.317788e+06 
3.518366e+02 5.884322e+07 3.761735e+06 
3.021629e+02 5.739482e+07 5.039761e+06 
4.118172e+02 5.522467e+07 4.268122e+06 
3.155929e+02 5.851062e+07 4.653942e+06 
2.833562e+02 5.690845e+07 5.497922e+06 
3.988302e+02 5.609098e+07 3.592939e+06 
2.149110e+02 5.731633e+07 6.679492e+06 
2.508440e+02 5.759646e+07 6.100764e+06 

2.927145e+02 5.381032e+07 6.583038e+06 
4.836270e+02 5.571461e+07 3.351803e+06 
3.018553e+02 5.318442e+07 6.583038e+06 
4.350239e+02 5.867700e+07 3.093534e+06 
4.813751e+02 5.707076e+07 3.086552e+06 
2.989036e+02 5.338756e+07 6.583038e+06 
2.776324e+02 5.461051e+07 6.366015e+06 
3.455046e+02 5.110555e+07 6.293673e+06 
3.596353e+02 5.110245e+07 6.269560e+06 
4.478291e+02 5.205053e+07 4.678057e+06 
4.261284e+02 5.366745e+07 4.026986e+06 
3.162212e+02 5.214771e+07 6.486583e+06 
3.414642e+02 5.132052e+07 6.486583e+06 
4.865861e+02 5.559457e+07 3.472371e+06 
4.376171e+02 5.260677e+07 4.412806e+06 
2.981848e+02 5.880005e+07 4.846851e+06 
2.088588e+02 5.816221e+07 6.679492e+06 
3.302044e+02 5.137273e+07 6.486583e+06 
2.622004e+02 5.928342e+07 5.618490e+06 
2.499756e+02 5.639372e+07 6.583038e+06 
3.212856e+02 5.188230e+07 6.583038e+06 
2.786693e+02 5.847447e+07 5.136216e+06 
2.952693e+02 5.353088e+07 6.583038e+06 
4.461585e+02 5.151735e+07 4.870966e+06 
2.856278e+02 5.428966e+07 6.583038e+06 
4.239913e+02 5.314555e+07 4.219896e+06 
3.856809e+02 5.977158e+07 3.785848e+06 
4.862634e+02 5.590245e+07 3.279461e+06 
3.182393e+02 5.199515e+07 6.486583e+06 
2.331957e+02 5.807390e+07 6.486583e+06 
2.875245e+02 5.413785e+07 6.583038e+06 
2.156320e+02 5.730436e+07 6.679492e+06 
4.791486e+02 5.657314e+07 3.093534e+06 
3.139606e+02 5.805296e+07 4.653942e+06 
3.129888e+02 5.251001e+07 6.583038e+06 
2.433172e+02 5.846946e+07 6.197218e+06 
4.152323e+02 6.040952e+07 3.110665e+06 
3.978456e+02 6.022488e+07 3.400029e+06 
4.032133e+02 6.000228e+07 3.207120e+06 
3.060754e+02 5.291558e+07 6.583038e+06 
4.256188e+02 5.300543e+07 4.340464e+06 
2.629266e+02 5.516873e+07 6.366015e+06 
2.556964e+02 5.571674e+07 6.583038e+06 
3.269432e+02 5.873821e+07 4.268122e+06 
2.236311e+02 5.687742e+07 6.679492e+06 
4.715593e+02 5.545508e+07 3.785848e+06 
4.774612e+02 5.717137e+07 3.207120e+06 
3.662650e+02 5.889770e+07 4.075213e+06 
3.933555e+02 6.078387e+07 3.592939e+06 
2.116479e+02 5.769215e+07 6.679492e+06 

4.157278e+02 5.735826e+07 3.093534e+06 
4.156586e+02 5.255515e+07 4.991534e+06 
4.488451e+02 5.613322e+07 3.279461e+06 
3.168992e+02 5.826832e+07 4.846851e+06 
3.810732e+02 5.214015e+07 5.787286e+06 
3.329005e+02 5.813334e+07 4.461032e+06 
3.678669e+02 5.115880e+07 6.269560e+06 
2.895024e+02 5.663484e+07 5.401467e+06 
2.499856e+02 5.732075e+07 6.100764e+06 
2.943744e+02 5.396430e+07 6.583038e+06 
3.621749e+02 5.938795e+07 3.954645e+06 
2.754423e+02 5.728007e+07 5.594376e+06 
3.437684e+02 5.951826e+07 4.268122e+06 
2.088588e+02 5.816221e+07 6.679492e+06 
3.404304e+02 5.215862e+07 6.269560e+06 
3.101007e+02 5.855864e+07 5.039761e+06 
3.686982e+02 5.195795e+07 5.980196e+06 
4.052162e+02 5.432314e+07 4.605715e+06 
4.412987e+02 5.549461e+07 3.665280e+06 
3.321333e+02 5.263481e+07 6.269560e+06 
2.704866e+02 5.788943e+07 5.787286e+06 
3.495040e+02 5.181645e+07 6.269560e+06 
4.154031e+02 5.266030e+07 4.919193e+06 
4.240661e+02 5.452322e+07 3.930532e+06 
3.010060e+02 5.378701e+07 6.679492e+06 
2.594566e+02 5.552052e+07 6.583038e+06 
3.590731e+02 5.139802e+07 6.269560e+06 
3.788060e+02 5.241065e+07 5.690831e+06 
4.042562e+02 5.252758e+07 5.039761e+06 
2.182865e+02 5.730192e+07 6.679492e+06 
3.352841e+02 5.222628e+07 6.269560e+06 
4.260766e+02 5.480693e+07 3.737622e+06 
3.670702e+02 5.200415e+07 5.883741e+06 
2.121261e+02 5.772074e+07 6.679492e+06 
3.712003e+02 5.145063e+07 6.076650e+06 
3.735615e+02 5.909351e+07 3.568826e+06 
3.963394e+02 5.832497e+07 3.093534e+06 
3.219470e+02 5.304138e+07 6.390128e+06 
4.337612e+02 5.444881e+07 4.123441e+06 
2.300211e+02 5.776647e+07 6.486583e+06 
2.372162e+02 5.676040e+07 6.679492e+06 
2.247429e+02 5.697454e+07 6.679492e+06 
4.153139e+02 5.303838e+07 4.822738e+06 
4.122223e+02 5.318034e+07 4.726283e+06 
2.637446e+02 5.482129e+07 6.583038e+06 
3.838057e+02 5.083301e+07 6.173105e+06 
3.548445e+02 5.161137e+07 6.269560e+06 
3.852482e+02 5.970755e+07 3.279461e+06 
2.814246e+02 5.425737e+07 6.679492e+06 
2.544220e+02 5.592873e+07 6.679492e+06 

2.515287e+02 5.610749e+07 6.486583e+06 
4.115507e+02 5.034987e+07 5.353240e+06 
4.085278e+02 4.963764e+07 5.859628e+06 
2.628753e+02 5.528013e+07 6.486583e+06 
2.583194e+02 5.555899e+07 6.486583e+06 
3.312860e+02 5.935934e+07 3.858190e+06 
2.848889e+02 5.482604e+07 6.293673e+06 
3.451029e+02 5.076520e+07 6.028424e+06 
2.355040e+02 5.661462e+07 6.679492e+06 
2.088588e+02 5.816221e+07 6.679492e+06 
2.516418e+02 5.699507e+07 6.100764e+06 
3.294483e+02 5.142922e+07 5.931969e+06 
4.054982e+02 5.943416e+07 3.279461e+06 
2.680424e+02 5.742675e+07 5.811399e+06 
2.899268e+02 5.392354e+07 6.052537e+06 
2.966311e+02 5.828916e+07 5.039761e+06 
3.825263e+02 5.286401e+07 4.774512e+06 
3.055168e+02 5.320558e+07 6.052537e+06 
3.945965e+02 5.374212e+07 4.702170e+06 
3.407431e+02 5.130966e+07 6.173105e+06 
3.987187e+02 5.227743e+07 4.774512e+06 
4.164577e+02 5.116245e+07 5.160331e+06 
2.210254e+02 5.782296e+07 6.486583e+06 
4.060877e+02 5.847089e+07 3.568826e+06 
4.025975e+02 5.003490e+07 5.666718e+06 
3.953195e+02 5.933967e+07 3.472371e+06 
3.777347e+02 6.016074e+07 3.375916e+06 
3.143816e+02 6.008282e+07 4.461032e+06 
3.064322e+02 5.260127e+07 6.052537e+06 
4.259700e+02 5.451389e+07 4.436919e+06 
3.640844e+02 5.034543e+07 5.739060e+06 
4.467311e+02 5.436540e+07 3.858190e+06 
4.032380e+02 4.991014e+07 5.739060e+06 
2.191486e+02 5.720498e+07 6.679492e+06 
3.556086e+02 5.982673e+07 3.665280e+06 
3.101343e+02 6.005211e+07 4.653942e+06 
3.258273e+02 5.196277e+07 6.173105e+06 
3.213368e+02 5.970157e+07 4.147554e+06 
2.794242e+02 5.819174e+07 5.618490e+06 
2.116599e+02 5.769500e+07 6.679492e+06 
3.885410e+02 5.947404e+07 3.279461e+06 
3.882348e+02 4.975510e+07 6.245447e+06 
3.722954e+02 5.012082e+07 5.931969e+06 
3.164686e+02 5.228171e+07 6.052537e+06 
4.235522e+02 5.561675e+07 4.051100e+06 
3.800075e+02 5.333383e+07 4.774512e+06 
4.374673e+02 5.387384e+07 4.051100e+06 
2.895537e+02 5.904177e+07 5.329125e+06 
3.955555e+02 5.009217e+07 5.546150e+06 
4.072807e+02 5.035188e+07 5.280899e+06 

3.941047e+02 5.352476e+07 4.219896e+06 
3.899320e+02 5.193011e+07 5.280899e+06 
3.988998e+02 5.339685e+07 4.412806e+06 
3.607464e+02 6.024568e+07 3.400029e+06 
2.428410e+02 5.785822e+07 6.197218e+06 
2.850202e+02 5.824422e+07 5.039761e+06 
2.294593e+02 5.683986e+07 6.583038e+06 
2.646690e+02 5.474206e+07 6.583038e+06 
2.670292e+02 5.703073e+07 5.522035e+06 
3.142196e+02 5.313910e+07 6.269560e+06 
2.460135e+02 5.564383e+07 6.679492e+06 
3.876027e+02 5.204746e+07 5.184444e+06 
4.232126e+02 5.696862e+07 4.075213e+06 
2.088588e+02 5.816221e+07 6.679492e+06 
3.849020e+02 5.292829e+07 4.605715e+06 
4.007357e+02 5.877104e+07 3.303574e+06 
3.037397e+02 5.757669e+07 4.750396e+06 
3.847478e+02 5.155096e+07 5.594376e+06 
2.380449e+02 5.618447e+07 6.583038e+06 
3.420224e+02 5.152859e+07 6.390128e+06 
3.917454e+02 4.994577e+07 6.076650e+06 
3.702730e+02 5.035012e+07 5.980196e+06 
2.616767e+02 5.786164e+07 5.714944e+06 
3.916242e+02 5.877562e+07 3.207120e+06 
4.418926e+02 5.607508e+07 4.147554e+06 
3.723604e+02 6.035321e+07 3.207120e+06 
2.735048e+02 5.416216e+07 6.679492e+06 
3.415146e+02 6.028216e+07 3.882303e+06 
3.298438e+02 5.192582e+07 6.366015e+06 
2.168225e+02 5.714911e+07 6.679492e+06 
3.277512e+02 5.245998e+07 6.366015e+06 
3.865697e+02 5.061256e+07 5.787286e+06 
3.987825e+02 5.738446e+07 3.592939e+06 
3.798431e+02 5.015436e+07 6.269560e+06 
3.239147e+02 5.826620e+07 4.171668e+06 
3.668590e+02 5.262382e+07 5.087989e+06 
3.829148e+02 4.995009e+07 6.269560e+06 
3.075923e+02 5.353143e+07 6.269560e+06 
3.256751e+02 5.275257e+07 6.366015e+06 
4.280950e+02 5.754788e+07 3.400029e+06 
2.561543e+02 5.536525e+07 6.679492e+06 
2.130157e+02 5.742074e+07 6.679492e+06 
3.731417e+02 5.282842e+07 4.991534e+06 
3.215355e+02 5.842666e+07 4.461032e+06 
3.563495e+02 5.074964e+07 6.269560e+06 
3.910492e+02 5.335907e+07 4.509260e+06 
4.120436e+02 5.715097e+07 3.978758e+06 
3.546849e+02 6.077629e+07 3.592939e+06 
3.883140e+02 4.974154e+07 6.269560e+06 
3.433089e+02 5.359185e+07 5.473808e+06 

3.103727e+02 5.320393e+07 6.269560e+06 
2.613788e+02 5.635248e+07 6.197218e+06 
4.121259e+02 5.258574e+07 4.509260e+06 
3.258995e+02 5.868957e+07 4.557487e+06 
3.965980e+02 4.972709e+07 5.787286e+06 
3.579748e+02 5.110562e+07 6.148992e+06 
2.649391e+02 5.496323e+07 6.679492e+06 
4.018144e+02 5.046633e+07 5.594376e+06 
3.828012e+02 5.671901e+07 3.761735e+06 
2.088588e+02 5.816221e+07 6.679492e+06 
3.158036e+02 5.288555e+07 6.052537e+06 
4.135421e+02 5.144510e+07 4.895080e+06 
4.149261e+02 5.122386e+07 5.087989e+06 
3.832124e+02 5.015555e+07 5.666718e+06 
2.528904e+02 5.591803e+07 6.679492e+06 
2.574633e+02 5.528857e+07 6.679492e+06 
3.877450e+02 5.455810e+07 4.147554e+06 
3.712854e+02 5.529967e+07 4.919193e+06 
2.852005e+02 5.804211e+07 5.811399e+06 
2.769455e+02 5.382487e+07 6.679492e+06 
4.202699e+02 5.102895e+07 5.280899e+06 
2.759352e+02 5.646692e+07 5.907854e+06 
2.418963e+02 5.609156e+07 6.679492e+06 
4.101629e+02 5.093718e+07 5.401467e+06 
2.662345e+02 5.459575e+07 6.679492e+06 
2.982829e+02 5.349982e+07 6.462470e+06 
4.201576e+02 5.221292e+07 4.702170e+06 
4.110565e+02 5.425999e+07 4.316351e+06 
2.480610e+02 5.638791e+07 6.293673e+06 
3.312784e+02 5.828888e+07 4.244009e+06 
3.382817e+02 5.782225e+07 4.051100e+06 
2.138914e+02 5.779198e+07 6.679492e+06 
2.226826e+02 5.688875e+07 6.679492e+06 
3.052795e+02 5.814787e+07 5.329125e+06 
3.157488e+02 5.944310e+07 4.846851e+06 
3.776553e+02 5.037907e+07 5.666718e+06 
3.454804e+02 5.174767e+07 5.980196e+06 
3.272383e+02 5.217618e+07 6.245447e+06 
3.472683e+02 5.164161e+07 6.269560e+06 
3.429977e+02 5.839823e+07 3.761735e+06 
2.349333e+02 5.790749e+07 6.390128e+06 
2.150088e+02 5.726630e+07 6.679492e+06 
3.547763e+02 5.805251e+07 3.665280e+06 
3.576749e+02 5.769629e+07 3.568826e+06 
3.624078e+02 5.710445e+07 3.568826e+06 
3.755298e+02 5.057627e+07 5.980196e+06 
4.145821e+02 5.363932e+07 4.436919e+06 
3.634454e+02 5.071552e+07 6.052537e+06 
4.033000e+02 5.434135e+07 4.244009e+06 
3.516082e+02 5.152291e+07 6.148992e+06 

