2.240357e+02 5.444832e+07 3.714541e+06 
2.277070e+02 5.483249e+07 3.460313e+06 
2.277379e+02 4.770667e+07 2.610219e+06 
2.380029e+02 5.324567e+07 3.212577e+06 
2.371413e+02 4.928168e+07 3.212577e+06 
2.251375e+02 5.151337e+07 3.463559e+06 
2.206396e+02 4.654137e+07 3.011791e+06 
1.973152e+02 5.094685e+07 4.166309e+06 
2.194053e+02 5.457368e+07 3.714541e+06 
2.233158e+02 5.260460e+07 3.463559e+06 
2.352757e+02 5.011461e+07 3.212577e+06 
2.358238e+02 5.117946e+07 3.212577e+06 
2.187596e+02 5.094879e+07 3.262773e+06 
2.148234e+02 5.256206e+07 3.061987e+06 
2.061221e+02 5.220830e+07 3.413363e+06 
2.041546e+02 4.976977e+07 3.011791e+06 
2.398919e+02 5.266336e+07 3.061987e+06 
2.246932e+02 5.178680e+07 2.610219e+06 
2.334127e+02 5.345209e+07 3.262773e+06 
2.237923e+02 4.906848e+07 3.011791e+06 
1.989086e+02 5.144363e+07 3.614149e+06 
2.317875e+02 4.966474e+07 3.463559e+06 
2.565091e+02 5.137080e+07 3.714541e+06 
2.121126e+02 5.126365e+07 4.116113e+06 
2.412665e+02 5.273411e+07 3.664345e+06 
2.520091e+02 4.659658e+07 3.413363e+06 
2.297709e+02 4.875094e+07 2.861201e+06 
2.479588e+02 5.010315e+07 3.865131e+06 
2.542577e+02 5.439815e+07 3.212577e+06 
2.060217e+02 5.286652e+07 3.463559e+06 
2.215185e+02 5.289107e+07 4.116113e+06 
2.086755e+02 5.053341e+07 4.166309e+06 
2.050139e+02 5.070331e+07 3.513755e+06 
2.239922e+02 5.607238e+07 3.413363e+06 
1.922689e+02 5.189342e+07 3.814933e+06 
2.123946e+02 5.686312e+07 3.513755e+06 
2.181641e+02 4.828469e+07 4.065917e+06 
2.446515e+02 5.416866e+07 4.316899e+06 
2.302327e+02 4.725054e+07 3.513755e+06 
2.467191e+02 4.942907e+07 3.212577e+06 
2.343027e+02 4.918615e+07 3.212577e+06 
2.141300e+02 4.957181e+07 3.112183e+06 
2.192798e+02 5.184153e+07 4.316899e+06 
2.135054e+02 5.001597e+07 3.011791e+06 
2.097439e+02 5.239014e+07 3.714541e+06 
2.246495e+02 5.111467e+07 3.413363e+06 
2.432880e+02 4.948852e+07 3.714541e+06 
2.143972e+02 4.923990e+07 3.664345e+06 
2.097898e+02 4.800501e+07 3.011791e+06 
2.260304e+02 5.106663e+07 3.714541e+06 
2.039389e+02 5.082435e+07 3.011791e+06 
2.232974e+02 5.059577e+07 3.212577e+06 
2.250246e+02 4.879889e+07 3.664345e+06 
2.374846e+02 4.731289e+07 3.814935e+06 
2.138054e+02 5.418443e+07 3.965523e+06 
2.180986e+02 4.803697e+07 3.614149e+06 
2.444399e+02 4.716995e+07 3.664345e+06 
2.319055e+02 5.343116e+07 3.614149e+06 
2.191478e+02 5.300207e+07 3.162378e+06 
2.587203e+02 5.056680e+07 3.614149e+06 
2.161149e+02 5.045704e+07 3.463559e+06 
2.319614e+02 4.966789e+07 3.614149e+06 
1.879692e+02 5.169427e+07 3.714541e+06 
2.317567e+02 5.155035e+07 4.116113e+06 
1.964792e+02 4.611236e+07 3.714541e+06 
2.322437e+02 5.012268e+07 3.413363e+06 
1.951593e+02 5.431584e+07 3.714541e+06 
2.047067e+02 4.788775e+07 3.212577e+06 
2.123743e+02 5.025406e+07 3.614149e+06 
2.118349e+02 5.071612e+07 3.664345e+06 
2.253214e+02 5.068772e+07 3.011791e+06 
2.042830e+02 5.194669e+07 2.811005e+06 
2.232239e+02 5.014807e+07 3.312969e+06 
1.976509e+02 4.454220e+07 2.610219e+06 
2.179851e+02 4.734539e+07 3.262773e+06 
2.152129e+02 5.206159e+07 3.463559e+06 
2.160528e+02 4.911904e+07 3.011791e+06 
2.418839e+02 4.988089e+07 3.614149e+06 
2.229492e+02 5.383438e+07 3.614149e+06 
2.118407e+02 5.025077e+07 3.212577e+06 
2.273337e+02 5.223250e+07 3.664345e+06 
2.111292e+02 4.903071e+07 3.413363e+06 
1.977238e+02 4.742415e+07 3.112183e+06 
2.238572e+02 5.455468e+07 2.811005e+06 
2.056996e+02 4.668220e+07 3.011791e+06 
2.202546e+02 5.455328e+07 3.011791e+06 
2.197165e+02 5.170278e+07 3.764737e+06 
2.194103e+02 4.841867e+07 3.614149e+06 
2.266597e+02 4.876798e+07 3.212577e+06 
2.279642e+02 4.890640e+07 3.212577e+06 
2.143825e+02 4.781404e+07 3.262773e+06 
2.433767e+02 4.834139e+07 3.714541e+06 
2.052111e+02 5.155829e+07 3.965523e+06 
2.272882e+02 4.611160e+07 2.811005e+06 
2.237577e+02 5.200112e+07 3.513755e+06 
2.324588e+02 4.995248e+07 3.312969e+06 
2.240836e+02 5.204925e+07 3.262773e+06 
2.089456e+02 4.767852e+07 3.413363e+06 
2.146539e+02 5.218856e+07 3.212577e+06 
2.399522e+02 5.291991e+07 3.764737e+06 

2.184559e+02 4.969257e+07 3.865131e+06 
2.094145e+02 5.241776e+07 4.116113e+06 
2.106617e+02 5.029382e+07 3.262773e+06 
2.165237e+02 5.194765e+07 3.011791e+06 
2.102794e+02 5.273034e+07 3.262773e+06 
2.193198e+02 5.241502e+07 4.367095e+06 
2.225284e+02 5.201191e+07 4.116113e+06 
2.332851e+02 5.114336e+07 3.212577e+06 
1.987657e+02 5.306420e+07 2.610219e+06 
2.117383e+02 5.092689e+07 3.061987e+06 
2.342904e+02 5.105201e+07 3.413363e+06 
1.986732e+02 5.237077e+07 3.363165e+06 
2.150009e+02 4.983675e+07 3.212577e+06 
2.265457e+02 4.719749e+07 3.011791e+06 
2.246247e+02 5.043133e+07 2.811005e+06 
2.216548e+02 5.720697e+07 4.919255e+06 
2.184865e+02 5.207746e+07 3.714541e+06 
2.185347e+02 5.303048e+07 3.212577e+06 
2.167492e+02 5.030727e+07 3.262773e+06 
2.077628e+02 5.002729e+07 3.212577e+06 
2.314330e+02 5.173650e+07 3.413363e+06 
1.984177e+02 5.036066e+07 3.011791e+06 
2.299939e+02 5.096075e+07 3.061987e+06 
2.354806e+02 5.128712e+07 3.614149e+06 
2.291553e+02 5.152751e+07 3.413363e+06 
2.249342e+02 5.041908e+07 3.212577e+06 
2.304024e+02 5.461912e+07 3.513755e+06 
2.268478e+02 5.157035e+07 3.664345e+06 
2.387407e+02 5.130948e+07 3.614149e+06 
2.290885e+02 4.919210e+07 3.312969e+06 
2.274224e+02 4.883870e+07 3.664345e+06 
2.476019e+02 4.884918e+07 3.413363e+06 
2.060124e+02 5.532564e+07 3.865131e+06 
2.035445e+02 5.511902e+07 3.714541e+06 
2.295708e+02 5.203816e+07 3.714541e+06 
2.661940e+02 4.831022e+07 3.212577e+06 
2.197004e+02 4.622833e+07 3.915327e+06 
2.093485e+02 5.317820e+07 3.614149e+06 
2.211862e+02 5.025223e+07 3.011791e+06 
2.366056e+02 5.122975e+07 2.861201e+06 
2.093336e+02 5.178617e+07 3.915327e+06 
2.249522e+02 4.888175e+07 3.011791e+06 
2.099000e+02 5.082865e+07 3.915327e+06 
2.167146e+02 5.289964e+07 2.911396e+06 
2.157357e+02 5.120145e+07 3.312969e+06 
2.066521e+02 4.959123e+07 3.664345e+06 
2.115800e+02 4.976057e+07 2.459628e+06 
2.274151e+02 5.361514e+07 3.664345e+06 
2.114947e+02 5.038524e+07 3.614149e+06 
2.395941e+02 5.171202e+07 3.714541e+06 
2.091291e+02 4.863145e+07 3.262773e+06 
2.051780e+02 4.866834e+07 3.865131e+06 
2.193673e+02 5.434951e+07 3.262773e+06 
2.184716e+02 5.067584e+07 3.262773e+06 
2.156138e+02 4.938712e+07 3.463559e+06 
2.174407e+02 4.712179e+07 3.413363e+06 
2.403494e+02 4.983322e+07 3.413363e+06 
2.268210e+02 5.287562e+07 3.011791e+06 
2.113664e+02 4.973762e+07 2.811005e+06 
2.137639e+02 5.253478e+07 3.614149e+06 
2.269752e+02 4.816444e+07 3.915327e+06 
2.222604e+02 5.101798e+07 3.413363e+06 
2.117722e+02 5.227169e+07 3.915327e+06 
2.097379e+02 4.914000e+07 3.865131e+06 
2.224872e+02 5.591594e+07 3.965523e+06 
2.097783e+02 4.924159e+07 3.212577e+06 
2.012838e+02 4.956770e+07 3.413363e+06 
2.282243e+02 5.043810e+07 3.011791e+06 
1.964620e+02 5.196829e+07 3.515239e+06 
2.120311e+02 5.011732e+07 3.513755e+06 
2.043819e+02 4.863118e+07 3.614149e+06 
1.906535e+02 4.878471e+07 3.212577e+06 
2.542617e+02 4.894673e+07 3.463559e+06 
2.127392e+02 5.095502e+07 3.212577e+06 
2.067853e+02 5.108900e+07 3.865131e+06 
2.139526e+02 5.231278e+07 4.166309e+06 
2.330030e+02 5.234113e+07 3.664345e+06 
2.089639e+02 5.311055e+07 3.814935e+06 
2.191659e+02 5.313937e+07 4.116113e+06 
2.333532e+02 5.017417e+07 3.212577e+06 
2.124187e+02 4.952320e+07 3.212577e+06 
2.100530e+02 4.915814e+07 3.664345e+06 
2.211130e+02 5.318314e+07 3.814935e+06 
2.180762e+02 5.480141e+07 3.915327e+06 
2.253459e+02 5.101629e+07 3.865131e+06 
2.150845e+02 4.929209e+07 3.664345e+06 
2.206196e+02 4.954245e+07 3.664345e+06 
2.373722e+02 5.037133e+07 3.463559e+06 
2.511616e+02 4.989260e+07 3.011791e+06 
2.292967e+02 5.001517e+07 2.746280e+06 
2.082244e+02 4.960613e+07 3.413363e+06 
2.236449e+02 4.833859e+07 3.814935e+06 
2.443738e+02 5.060074e+07 3.413363e+06 
2.471743e+02 5.592358e+07 3.714541e+06 
2.330843e+02 4.836994e+07 3.262773e+06 
2.025362e+02 4.986960e+07 4.065917e+06 
2.396211e+02 4.983208e+07 3.061987e+06 
2.064126e+02 5.337041e+07 3.463559e+06 
2.364856e+02 4.972486e+07 3.262773e+06 
2.118318e+02 5.065560e+07 3.262773e+06 

2.261282e+02 5.372817e+07 3.513755e+06 
2.223605e+02 5.042659e+07 2.811005e+06 
2.148404e+02 4.916809e+07 3.865131e+06 
2.173265e+02 5.000602e+07 3.513755e+06 
2.230459e+02 4.895052e+07 2.610219e+06 
2.199207e+02 5.544582e+07 3.664345e+06 
2.150988e+02 5.326330e+07 3.212577e+06 
2.059378e+02 5.086156e+07 3.413363e+06 
1.998394e+02 5.347365e+07 3.212577e+06 
2.083755e+02 5.382461e+07 3.714541e+06 
2.173620e+02 4.987163e+07 3.413363e+06 
2.299653e+02 5.486479e+07 4.065917e+06 
2.291504e+02 5.283160e+07 3.413363e+06 
2.337905e+02 5.034706e+07 3.061987e+06 
2.220328e+02 4.647004e+07 3.664345e+06 
2.278537e+02 5.395584e+07 4.116113e+06 
2.232215e+02 5.288687e+07 3.212577e+06 
2.108570e+02 5.093387e+07 3.212577e+06 
2.035673e+02 5.306131e+07 4.417291e+06 
1.940496e+02 5.539174e+07 4.367095e+06 
2.322938e+02 4.964254e+07 4.116113e+06 
2.491794e+02 5.079047e+07 3.011791e+06 
2.217749e+02 5.060733e+07 4.116113e+06 
2.212768e+02 5.141532e+07 3.915327e+06 
1.961871e+02 4.718958e+07 3.011791e+06 
2.362165e+02 5.457790e+07 3.463559e+06 
2.222975e+02 5.357399e+07 3.915327e+06 
2.104189e+02 5.258967e+07 3.764737e+06 
2.601604e+02 4.993569e+07 4.166309e+06 
2.281667e+02 5.176142e+07 3.463559e+06 
2.276031e+02 5.032046e+07 3.212577e+06 
2.292626e+02 5.231718e+07 3.915327e+06 
2.245188e+02 4.817894e+07 3.664345e+06 
2.111057e+02 5.327402e+07 3.463559e+06 
2.099866e+02 4.710046e+07 2.610219e+06 
2.388513e+02 4.989206e+07 3.011791e+06 
2.380061e+02 5.122875e+07 3.011791e+06 
2.290981e+02 5.039110e+07 3.212577e+06 
2.286362e+02 4.917811e+07 3.212577e+06 
2.048242e+02 5.301482e+07 4.166309e+06 
2.236981e+02 5.045812e+07 3.212577e+06 
2.307966e+02 4.978013e+07 3.463559e+06 
2.332180e+02 4.899364e+07 2.610219e+06 
2.581828e+02 5.471259e+07 3.463559e+06 
2.149805e+02 5.107710e+07 3.312969e+06 
1.957186e+02 5.047844e+07 3.664345e+06 
2.244964e+02 5.431943e+07 3.714541e+06 
2.169692e+02 5.156768e+07 3.061987e+06 
2.220956e+02 5.522638e+07 3.764737e+06 
2.302231e+02 4.951021e+07 3.664345e+06 
2.092137e+02 4.955063e+07 3.312969e+06 
2.110236e+02 5.373608e+07 3.915327e+06 
2.270756e+02 4.937165e+07 3.664345e+06 
2.308146e+02 4.905782e+07 3.614149e+06 
2.437104e+02 4.532684e+07 3.061987e+06 
2.242062e+02 5.270527e+07 3.463559e+06 
2.346001e+02 5.267599e+07 3.463559e+06 
2.411902e+02 5.082081e+07 2.811005e+06 
2.174083e+02 5.289838e+07 3.463559e+06 
2.048234e+02 5.285892e+07 3.262773e+06 
2.106271e+02 5.414823e+07 2.811005e+06 
2.214564e+02 4.884118e+07 3.061987e+06 
2.015236e+02 4.726732e+07 3.011791e+06 
2.215193e+02 5.340412e+07 3.664345e+06 
2.112381e+02 4.828408e+07 3.011791e+06 
2.344292e+02 4.679995e+07 2.861201e+06 
2.386618e+02 5.133413e+07 3.463559e+06 
2.250201e+02 5.117535e+07 3.413363e+06 
2.370789e+02 4.994560e+07 3.614149e+06 
2.188338e+02 4.902213e+07 3.262773e+06 
2.166513e+02 5.247100e+07 3.413363e+06 
2.199166e+02 5.385730e+07 3.915327e+06 
2.084359e+02 4.870184e+07 3.061987e+06 
2.410915e+02 5.025213e+07 3.463559e+06 
2.683722e+02 5.029180e+07 3.614149e+06 
2.283986e+02 4.720581e+07 2.861201e+06 
1.996087e+02 5.185738e+07 3.413363e+06 
2.378495e+02 4.683244e+07 3.011791e+06 
2.290604e+02 4.978419e+07 3.664345e+06 
2.233306e+02 5.176907e+07 2.811005e+06 
2.437198e+02 5.138537e+07 3.212577e+06 
2.107294e+02 5.045553e+07 3.262773e+06 
2.155797e+02 5.207717e+07 3.463559e+06 
2.110902e+02 5.511407e+07 3.614149e+06 
2.411076e+02 5.017586e+07 3.714541e+06 
2.287496e+02 4.814463e+07 3.212577e+06 
1.971124e+02 5.200001e+07 3.262773e+06 
2.146293e+02 5.348756e+07 4.166309e+06 
2.236132e+02 5.110798e+07 3.865131e+06 
2.349552e+02 5.068594e+07 3.463559e+06 
2.186778e+02 4.978335e+07 3.061987e+06 
2.142955e+02 5.187126e+07 3.865131e+06 
2.200549e+02 5.297731e+07 3.262773e+06 
2.532138e+02 5.255656e+07 3.513755e+06 
2.128326e+02 5.071822e+07 3.011791e+06 
2.234259e+02 4.802976e+07 3.865131e+06 
2.455870e+02 4.878715e+07 2.861201e+06 
1.924106e+02 5.261482e+07 3.463559e+06 
2.114654e+02 5.094778e+07 3.865131e+06 
2.201107e+02 5.298474e+07 3.011791e+06 

2.013883e+02 4.615380e+07 3.011791e+06 
2.229853e+02 4.928331e+07 2.610219e+06 
2.290043e+02 5.090774e+07 3.463559e+06 
2.001602e+02 4.994396e+07 3.011791e+06 
2.336279e+02 4.856417e+07 3.814935e+06 
2.155160e+02 5.242979e+07 3.463559e+06 
2.199920e+02 5.141425e+07 3.212577e+06 
2.280673e+02 4.822502e+07 3.162378e+06 
2.253450e+02 5.223231e+07 3.112183e+06 
2.315950e+02 4.943003e+07 2.409432e+06 
2.138826e+02 4.983047e+07 3.212577e+06 
2.553039e+02 5.472993e+07 3.513755e+06 
2.164926e+02 5.038518e+07 3.463559e+06 
2.410317e+02 4.969670e+07 3.614149e+06 
2.118277e+02 4.938712e+07 2.811005e+06 
2.047190e+02 5.185152e+07 3.664345e+06 
2.099252e+02 5.094496e+07 4.166309e+06 
2.286939e+02 5.117134e+07 3.463559e+06 
2.138099e+02 4.994248e+07 3.865131e+06 
2.368360e+02 5.384064e+07 3.212577e+06 
2.451670e+02 5.136393e+07 3.011791e+06 
2.510600e+02 4.910660e+07 3.262773e+06 
2.048121e+02 4.859284e+07 3.212577e+06 
2.119143e+02 5.033476e+07 3.463559e+06 
2.142850e+02 4.880020e+07 3.212577e+06 
2.277492e+02 5.409959e+07 3.865131e+06 
2.452338e+02 4.657687e+07 3.664345e+06 
2.609359e+02 5.203575e+07 2.811005e+06 
2.471112e+02 5.012765e+07 3.061987e+06 
2.590818e+02 4.975895e+07 3.513755e+06 
2.382610e+02 5.086891e+07 3.262773e+06 
2.131600e+02 4.719059e+07 2.258842e+06 
2.142292e+02 5.303494e+07 3.614149e+06 
2.193411e+02 5.148529e+07 2.471652e+06 
2.125374e+02 5.155521e+07 3.312969e+06 
2.204918e+02 5.056403e+07 3.614149e+06 
2.486969e+02 5.119330e+07 3.664345e+06 
1.989152e+02 4.688770e+07 2.007860e+06 
2.178499e+02 5.410275e+07 3.413363e+06 
2.435719e+02 4.730406e+07 3.664345e+06 
2.166982e+02 4.758039e+07 3.915327e+06 
2.036521e+02 5.100239e+07 3.915327e+06 
2.338708e+02 5.019164e+07 3.463559e+06 
2.356665e+02 4.990745e+07 2.811005e+06 
2.544948e+02 4.956073e+07 3.865131e+06 
2.133897e+02 5.394666e+07 3.714541e+06 
2.011060e+02 5.173438e+07 3.011791e+06 
2.009216e+02 5.439004e+07 3.965523e+06 
2.470218e+02 4.797408e+07 3.011791e+06 
2.355394e+02 4.735695e+07 3.614149e+06 
2.247060e+02 4.607225e+07 3.061987e+06 
2.124271e+02 5.188785e+07 3.714541e+06 
1.917988e+02 4.803225e+07 2.861201e+06 
2.133582e+02 5.178338e+07 3.563951e+06 
2.135127e+02 4.911974e+07 3.513755e+06 
2.122946e+02 4.926151e+07 2.911396e+06 
1.977312e+02 4.841960e+07 2.811005e+06 
2.302731e+02 5.285227e+07 3.965523e+06 
2.366555e+02 5.120294e+07 4.015719e+06 
2.027141e+02 5.044259e+07 3.312969e+06 
2.183925e+02 5.532074e+07 3.413363e+06 
2.391788e+02 5.208869e+07 3.061987e+06 
2.402470e+02 4.919286e+07 3.212577e+06 
2.058663e+02 4.750680e+07 3.312969e+06 
2.183521e+02 5.028322e+07 2.811005e+06 
2.318740e+02 5.215794e+07 3.212577e+06 
2.209232e+02 5.245839e+07 3.112183e+06 
1.917407e+02 4.942006e+07 3.664345e+06 
2.290412e+02 5.308677e+07 3.865131e+06 
2.239702e+02 4.980432e+07 3.614149e+06 
2.485728e+02 4.840107e+07 3.212577e+06 
2.066840e+02 5.280301e+07 3.011791e+06 
2.437470e+02 5.019610e+07 2.610219e+06 
1.981069e+02 5.151103e+07 3.463559e+06 
2.274052e+02 5.032020e+07 3.413363e+06 
2.282466e+02 4.853921e+07 3.212577e+06 
1.996328e+02 4.731113e+07 3.011791e+06 
2.176785e+02 5.288286e+07 3.865131e+06 
2.111079e+02 5.466369e+07 3.463559e+06 
2.059783e+02 5.204060e+07 3.513755e+06 
2.166616e+02 5.132029e+07 2.811005e+06 
2.160042e+02 4.729012e+07 3.061987e+06 
2.000132e+02 5.018800e+07 3.463559e+06 
2.122848e+02 4.876463e+07 3.262773e+06 
2.454799e+02 5.199154e+07 3.614149e+06 
2.210141e+02 5.077554e+07 3.664345e+06 
2.494789e+02 5.213224e+07 3.212577e+06 
2.182615e+02 5.199329e+07 3.664345e+06 
2.057313e+02 5.063928e+07 3.764737e+06 
2.251086e+02 5.163801e+07 3.463559e+06 
2.168598e+02 4.993825e+07 3.011791e+06 
2.193714e+02 5.101384e+07 3.714541e+06 
2.310151e+02 4.931531e+07 3.614149e+06 
2.161251e+02 5.176669e+07 3.614149e+06 
2.528849e+02 5.116246e+07 3.664345e+06 
2.409126e+02 5.103098e+07 3.212577e+06 
2.023197e+02 5.022617e+07 4.116113e+06 
2.110482e+02 5.555243e+07 3.413363e+06 
2.019263e+02 5.024855e+07 4.065917e+06 
2.308562e+02 5.047554e+07 3.664345e+06 

2.076463e+02 5.093313e+07 3.011791e+06 
2.348699e+02 4.948636e+07 3.262773e+06 
2.307938e+02 5.094774e+07 2.811005e+06 
2.452558e+02 5.033998e+07 3.865131e+06 
2.008689e+02 5.243935e+07 3.664345e+06 
2.066436e+02 4.855265e+07 3.463559e+06 
2.188576e+02 5.362354e+07 3.570164e+06 
2.121464e+02 5.149379e+07 4.367095e+06 
2.029314e+02 5.130106e+07 4.116113e+06 
2.353479e+02 5.433157e+07 3.212577e+06 
2.097349e+02 5.220147e+07 3.865131e+06 
2.189186e+02 5.255479e+07 3.463559e+06 
2.118950e+02 5.030385e+07 3.262773e+06 
2.094920e+02 4.818833e+07 3.413363e+06 
2.668821e+02 5.047495e+07 3.011791e+06 
2.044290e+02 5.043169e+07 3.413363e+06 
2.274453e+02 5.061719e+07 3.011791e+06 
2.399327e+02 4.954620e+07 3.614149e+06 
2.150891e+02 5.098333e+07 3.664345e+06 
2.375401e+02 5.225543e+07 3.262773e+06 
2.239250e+02 5.182850e+07 3.513755e+06 
2.135317e+02 5.173423e+07 3.312969e+06 
2.089784e+02 5.169551e+07 3.413363e+06 
2.241512e+02 5.058777e+07 3.212577e+06 
2.200265e+02 4.992530e+07 3.814935e+06 
2.337321e+02 5.301542e+07 3.614149e+06 
2.237131e+02 4.877131e+07 3.212577e+06 
2.349870e+02 5.151109e+07 3.212577e+06 
1.974458e+02 4.871410e+07 2.861201e+06 
2.247851e+02 4.716525e+07 3.212577e+06 
2.300724e+02 4.754164e+07 2.861201e+06 
1.975699e+02 4.947987e+07 3.915327e+06 
2.263339e+02 5.186135e+07 3.212577e+06 
2.370987e+02 5.256572e+07 3.413363e+06 
2.171704e+02 5.097887e+07 3.413363e+06 
2.335106e+02 5.197218e+07 3.061987e+06 
2.134129e+02 4.855379e+07 3.463559e+06 
1.923663e+02 5.009121e+07 3.363165e+06 
2.039031e+02 5.079028e+07 3.664345e+06 
2.446609e+02 5.339457e+07 3.212577e+06 
2.191831e+02 5.235026e+07 3.915327e+06 
2.207040e+02 5.296808e+07 3.664345e+06 
2.578158e+02 5.443378e+07 3.061987e+06 
2.084008e+02 4.767641e+07 3.463559e+06 
2.476343e+02 4.951779e+07 3.413363e+06 
2.021972e+02 4.877833e+07 3.212577e+06 
2.155675e+02 4.812224e+07 3.011791e+06 
2.114237e+02 5.011007e+07 3.664345e+06 
2.162603e+02 5.469909e+07 3.212577e+06 
2.296598e+02 4.893859e+07 2.208646e+06 
2.519224e+02 5.283225e+07 3.463559e+06 
2.504024e+02 4.701541e+07 3.011791e+06 
2.117677e+02 4.950177e+07 3.312969e+06 
1.989903e+02 5.045538e+07 3.463559e+06 
2.273877e+02 5.387130e+07 3.714541e+06 
2.508182e+02 5.324858e+07 3.865131e+06 
2.325819e+02 5.214383e+07 3.413363e+06 
2.485819e+02 5.105213e+07 3.463559e+06 
2.062866e+02 5.226546e+07 3.112183e+06 
2.189116e+02 5.240055e+07 3.915327e+06 
2.381171e+02 5.025916e+07 3.011791e+06 
2.140099e+02 5.082118e+07 3.162378e+06 
2.230617e+02 5.474146e+07 3.664345e+06 
2.134028e+02 5.313510e+07 2.811005e+06 
2.146882e+02 5.072235e+07 3.262773e+06 
2.420167e+02 4.762086e+07 3.865131e+06 
2.075074e+02 5.129784e+07 3.463559e+06 
2.286945e+02 4.899162e+07 3.714541e+06 
2.451411e+02 4.665467e+07 3.413363e+06 
2.111824e+02 5.549848e+07 3.513755e+06 
1.960440e+02 5.051633e+07 3.262773e+06 
2.100935e+02 4.742173e+07 3.413363e+06 
2.544392e+02 5.266747e+07 3.814935e+06 
2.265485e+02 5.383225e+07 3.664345e+06 
2.260129e+02 5.355817e+07 4.116113e+06 
2.163242e+02 5.290885e+07 3.463559e+06 
2.016374e+02 5.369007e+07 3.915327e+06 
2.133614e+02 4.847024e+07 3.061987e+06 
2.539802e+02 5.307512e+07 3.664345e+06 
2.075518e+02 5.463126e+07 2.660414e+06 
2.226823e+02 5.291487e+07 3.413363e+06 
2.157769e+02 4.839150e+07 2.811005e+06 
2.221821e+02 5.066525e+07 3.262773e+06 
2.012767e+02 4.874323e+07 3.212577e+06 
2.231717e+02 4.823175e+07 3.413363e+06 
2.041714e+02 5.301905e+07 3.614149e+06 
2.502549e+02 5.203287e+07 3.513755e+06 
2.175808e+02 5.113915e+07 3.011791e+06 
2.391297e+02 5.229614e+07 4.316899e+06 
2.233075e+02 5.027164e+07 3.262773e+06 
2.128993e+02 4.900877e+07 3.865131e+06 
2.148990e+02 5.268544e+07 3.664345e+06 
2.264300e+02 5.730066e+07 4.567881e+06 
2.237660e+02 4.845222e+07 3.212577e+06 
2.187386e+02 4.920692e+07 3.513755e+06 
2.545713e+02 4.886898e+07 3.061987e+06 
2.509596e+02 5.284710e+07 3.413363e+06 
1.993995e+02 5.099204e+07 3.463559e+06 
2.196763e+02 4.639490e+07 3.011791e+06 
2.259398e+02 5.362493e+07 3.714541e+06 

2.488633e+02 5.322713e+07 3.463559e+06 
2.384235e+02 4.876665e+07 3.664345e+06 
2.114960e+02 5.319356e+07 3.865131e+06 
2.073339e+02 5.493525e+07 4.166309e+06 
2.197713e+02 5.787519e+07 4.116113e+06 
2.223067e+02 4.717816e+07 3.212577e+06 
2.234917e+02 5.177749e+07 3.664345e+06 
2.498626e+02 5.279817e+07 3.061987e+06 
2.100796e+02 5.203946e+07 3.865131e+06 
2.176972e+02 4.929654e+07 2.811005e+06 
2.269470e+02 5.012182e+07 3.614149e+06 
2.302774e+02 5.291240e+07 3.513755e+06 
2.144356e+02 5.242436e+07 3.463559e+06 
2.078410e+02 5.057060e+07 3.061987e+06 
2.301218e+02 4.824230e+07 2.861201e+06 
2.316965e+02 5.257149e+07 3.865131e+06 
2.449448e+02 4.939712e+07 3.212577e+06 
2.117107e+02 4.945885e+07 3.212577e+06 
2.019015e+02 5.803227e+07 4.216505e+06 
2.253056e+02 5.459704e+07 3.714541e+06 
2.251186e+02 5.492400e+07 3.865131e+06 
2.163344e+02 4.961668e+07 3.463559e+06 
2.365238e+02 5.115255e+07 3.513755e+06 
2.248185e+02 5.452963e+07 3.413363e+06 
1.940613e+02 5.224344e+07 3.513755e+06 
2.035468e+02 5.171773e+07 3.664345e+06 
2.416780e+02 5.086350e+07 3.664345e+06 
2.462509e+02 4.911102e+07 3.463559e+06 
1.991561e+02 4.878458e+07 3.011791e+06 
2.313785e+02 5.294990e+07 3.463559e+06 
2.378621e+02 4.795722e+07 3.413363e+06 
2.335190e+02 5.596147e+07 3.714541e+06 
2.301278e+02 5.107492e+07 3.463559e+06 
2.261896e+02 5.326605e+07 3.664345e+06 
2.119442e+02 5.274955e+07 3.965523e+06 
2.157037e+02 5.299801e+07 3.865131e+06 
2.162595e+02 4.945461e+07 3.061987e+06 
2.394366e+02 5.232916e+07 3.915327e+06 
2.115133e+02 4.988182e+07 3.413363e+06 
2.467778e+02 5.044585e+07 3.463559e+06 
2.187652e+02 5.238106e+07 3.513755e+06 
2.496481e+02 5.036969e+07 3.513755e+06 
2.127248e+02 5.429979e+07 2.746280e+06 
2.356778e+02 5.365224e+07 3.664345e+06 
2.453514e+02 5.143822e+07 3.865131e+06 
2.511458e+02 5.266300e+07 3.664345e+06 
2.054257e+02 4.902787e+07 3.011791e+06 
2.156722e+02 4.819630e+07 3.011791e+06 
2.218857e+02 5.033967e+07 3.061987e+06 
1.952386e+02 5.286252e+07 3.240611e+06 
2.133159e+02 4.894046e+07 3.112183e+06 
2.418355e+02 5.070106e+07 3.915327e+06 
2.111885e+02 5.127730e+07 3.513755e+06 
2.360142e+02 5.191022e+07 3.463559e+06 
2.668719e+02 4.775257e+07 3.614149e+06 
2.104276e+02 4.911954e+07 3.413363e+06 
2.362745e+02 5.271418e+07 3.664345e+06 
2.322622e+02 4.974397e+07 3.413363e+06 
2.237500e+02 5.483738e+07 3.714541e+06 
2.303682e+02 4.974027e+07 3.714541e+06 
2.130527e+02 4.870748e+07 3.262773e+06 
2.273996e+02 5.015033e+07 3.463559e+06 
2.271270e+02 5.272072e+07 3.664345e+06 
2.020826e+02 4.873376e+07 3.061987e+06 
2.326120e+02 4.862756e+07 2.811005e+06 
2.216265e+02 5.089696e+07 3.865131e+06 
2.247045e+02 4.913402e+07 3.262773e+06 
2.290715e+02 5.058183e+07 3.262773e+06 
2.233122e+02 4.784000e+07 2.861201e+06 
2.245918e+02 4.769667e+07 2.660414e+06 
2.193545e+02 5.035877e+07 3.011791e+06 
2.286334e+02 4.964621e+07 2.660414e+06 
1.979147e+02 5.133000e+07 3.915327e+06 
2.344610e+02 4.959971e+07 3.614149e+06 
2.432328e+02 5.444010e+07 3.714541e+06 
2.025470e+02 5.049112e+07 3.262773e+06 
1.969502e+02 5.442925e+07 3.020908e+06 
2.285110e+02 5.119258e+07 3.312969e+06 
2.494992e+02 5.102778e+07 2.610219e+06 
2.218325e+02 5.049665e+07 4.116113e+06 
1.990850e+02 5.240653e+07 2.471652e+06 
2.402053e+02 4.965871e+07 3.513755e+06 
2.193971e+02 4.872315e+07 3.915327e+06 
2.285638e+02 5.464771e+07 3.413363e+06 
2.172109e+02 5.358765e+07 3.463559e+06 
2.316124e+02 5.298675e+07 3.011791e+06 
2.614157e+02 5.225892e+07 3.262773e+06 
2.455976e+02 4.947561e+07 4.116113e+06 
1.995318e+02 5.200174e+07 4.216505e+06 
1.951884e+02 5.121023e+07 3.240611e+06 
2.195971e+02 5.023186e+07 3.312969e+06 
2.348794e+02 5.014237e+07 2.911396e+06 
2.145376e+02 5.073008e+07 3.011791e+06 
2.217035e+02 5.251878e+07 3.413363e+06 
2.112922e+02 4.902011e+07 3.262773e+06 
2.174249e+02 4.716207e+07 2.610219e+06 
2.293278e+02 5.106261e+07 3.262773e+06 
2.186857e+02 5.258773e+07 2.861201e+06 
2.339570e+02 5.105190e+07 4.316899e+06 
2.093505e+02 5.462145e+07 3.212577e+06 

2.191903e+02 4.785733e+07 2.861201e+06 
2.376220e+02 5.248096e+07 3.212577e+06 
2.245347e+02 5.044891e+07 3.413363e+06 
2.352316e+02 4.845131e+07 3.413363e+06 
2.154948e+02 5.099848e+07 3.262773e+06 
2.220317e+02 5.759064e+07 3.413363e+06 
1.919313e+02 4.689617e+07 2.861201e+06 
2.373307e+02 5.132410e+07 3.413363e+06 
2.405696e+02 4.521928e+07 3.212577e+06 
2.147094e+02 4.979050e+07 3.212577e+06 
2.301064e+02 5.103888e+07 3.262773e+06 
2.253339e+02 5.791957e+07 3.463559e+06 
2.184441e+02 5.298638e+07 3.865131e+06 
2.127784e+02 4.908936e+07 3.463559e+06 
2.656588e+02 5.492855e+07 3.965523e+06 
2.309729e+02 5.454570e+07 3.764737e+06 
2.346896e+02 4.947148e+07 4.316899e+06 
2.104679e+02 5.370442e+07 3.563951e+06 
1.912012e+02 4.483914e+07 2.459628e+06 
1.981155e+02 5.164428e+07 3.714541e+06 
2.244029e+02 5.308335e+07 3.162378e+06 
2.151865e+02 4.916635e+07 3.915327e+06 
2.059504e+02 4.815657e+07 3.262773e+06 
2.120498e+02 4.979306e+07 3.463559e+06 
1.959024e+02 5.159749e+07 3.814935e+06 
2.638065e+02 5.031251e+07 3.413363e+06 
2.234855e+02 5.007443e+07 3.463559e+06 
1.989191e+02 5.171904e+07 3.011791e+06 
2.196381e+02 5.332729e+07 3.865131e+06 
2.153033e+02 5.081734e+07 3.262773e+06 
2.209758e+02 4.988291e+07 2.610219e+06 
2.171770e+02 5.026016e+07 3.011791e+06 
2.011218e+02 5.108748e+07 3.714541e+06 
2.462349e+02 5.158807e+07 3.262773e+06 
2.335303e+02 5.305816e+07 3.413363e+06 
2.024209e+02 4.961804e+07 3.212577e+06 
2.293645e+02 5.013038e+07 3.011791e+06 
2.178974e+02 5.167836e+07 3.714541e+06 
2.095324e+02 5.100628e+07 3.463559e+06 
2.322305e+02 5.148815e+07 3.664345e+06 
2.393468e+02 5.302022e+07 3.463559e+06 
2.211986e+02 4.899518e+07 3.212577e+06 
1.942722e+02 5.088308e+07 3.262773e+06 
2.212338e+02 5.036645e+07 3.011791e+06 
2.056195e+02 5.181427e+07 3.262773e+06 
2.186336e+02 5.158045e+07 3.614149e+06 
2.302757e+02 5.110520e+07 3.413363e+06 
2.320548e+02 5.103467e+07 2.811005e+06 
2.110435e+02 5.013766e+07 2.610219e+06 
2.295847e+02 5.359644e+07 3.865131e+06 
2.171635e+02 5.201382e+07 3.764737e+06 
2.107260e+02 5.287421e+07 3.915327e+06 
2.157746e+02 4.850754e+07 3.463559e+06 
2.026404e+02 5.036981e+07 3.262773e+06 
2.340953e+02 5.055827e+07 3.212577e+06 
2.069243e+02 4.947315e+07 3.061987e+06 
2.198482e+02 5.342990e+07 3.262773e+06 
1.941499e+02 5.415342e+07 3.011791e+06 
2.407026e+02 4.821820e+07 2.610219e+06 
1.943467e+02 5.008758e+07 3.212577e+06 
2.285068e+02 5.070884e+07 3.262773e+06 
2.277973e+02 5.271447e+07 3.463559e+06 
2.346107e+02 5.312746e+07 3.915327e+06 
1.844011e+02 4.588115e+07 2.811005e+06 
2.318721e+02 5.122299e+07 3.413363e+06 
2.147956e+02 4.725787e+07 2.409432e+06 
2.404290e+02 5.403421e+07 4.065917e+06 
2.053333e+02 5.269994e+07 3.814935e+06 
2.250333e+02 5.195788e+07 2.811005e+06 
2.204913e+02 5.316708e+07 3.463559e+06 
2.485993e+02 4.583221e+07 3.011791e+06 
2.084877e+02 5.150273e+07 3.212577e+06 
2.380251e+02 5.578621e+07 3.965523e+06 
2.183273e+02 5.058281e+07 3.011791e+06 
2.141351e+02 5.168985e+07 3.865131e+06 
2.213511e+02 5.231503e+07 3.463559e+06 
2.100499e+02 5.380780e+07 3.865131e+06 
2.124036e+02 5.225489e+07 3.212577e+06 
2.548050e+02 5.211509e+07 3.463559e+06 
2.462098e+02 4.718225e+07 3.814935e+06 
2.184437e+02 5.223110e+07 3.262773e+06 
1.818818e+02 5.071255e+07 3.112183e+06 
2.165033e+02 5.324117e+07 3.413363e+06 
2.451927e+02 5.178260e+07 3.262773e+06 
2.298200e+02 5.123786e+07 3.513755e+06 
1.916951e+02 5.274473e+07 3.185685e+06 
2.109316e+02 4.840978e+07 3.262773e+06 
2.237889e+02 5.088429e+07 3.011791e+06 
2.479341e+02 5.491763e+07 3.212577e+06 
2.117529e+02 4.892900e+07 3.463559e+06 
2.152525e+02 4.798312e+07 3.312969e+06 
2.223059e+02 5.158654e+07 4.116113e+06 
2.385998e+02 5.144305e+07 3.814935e+06 
2.109944e+02 4.906243e+07 3.061987e+06 
2.236320e+02 4.938357e+07 3.614149e+06 
2.489261e+02 4.980155e+07 3.212577e+06 
2.385110e+02 5.416640e+07 3.664345e+06 
2.382155e+02 4.940368e+07 3.061987e+06 
2.067474e+02 5.259837e+07 3.262773e+06 
2.291515e+02 5.008901e+07 3.011791e+06 

2.036038e+02 5.146940e+07 3.513755e+06 
1.991175e+02 4.946176e+07 3.011791e+06 
2.207628e+02 5.408414e+07 3.262773e+06 
2.422388e+02 5.395611e+07 3.212577e+06 
2.500459e+02 5.258780e+07 3.011791e+06 
2.063416e+02 5.282023e+07 2.861201e+06 
2.238793e+02 5.017510e+07 3.764737e+06 
1.972109e+02 5.127133e+07 3.664345e+06 
2.008267e+02 5.232515e+07 3.463559e+06 
2.511732e+02 5.522095e+07 3.865131e+06 
2.104120e+02 5.145402e+07 3.664345e+06 
2.311934e+02 4.831619e+07 3.614149e+06 
2.363019e+02 5.148432e+07 3.513755e+06 
2.350979e+02 4.897179e+07 3.212577e+06 
2.526519e+02 5.055418e+07 3.011791e+06 
2.116785e+02 4.734901e+07 3.011791e+06 
2.403514e+02 5.346861e+07 3.664345e+06 
2.476737e+02 5.369351e+07 3.664345e+06 
2.054917e+02 5.519440e+07 3.865131e+06 
2.231045e+02 5.227425e+07 3.714541e+06 
2.214030e+02 5.068806e+07 3.764737e+06 
2.357702e+02 5.311660e+07 3.011791e+06 
2.500100e+02 5.203122e+07 3.212577e+06 
2.277705e+02 5.395663e+07 3.614149e+06 
2.061163e+02 5.428373e+07 4.316897e+06 
1.988670e+02 5.131283e+07 2.459628e+06 
2.145185e+02 5.192927e+07 4.116113e+06 
2.429803e+02 5.080536e+07 3.463559e+06 
2.066431e+02 5.358735e+07 4.367095e+06 
2.207378e+02 5.572034e+07 3.714541e+06 
2.369660e+02 5.117681e+07 3.915327e+06 
2.053316e+02 4.951415e+07 3.614149e+06 
2.170228e+02 4.980645e+07 3.463559e+06 
2.269084e+02 5.029798e+07 3.865131e+06 
2.031789e+02 4.990657e+07 3.865131e+06 
2.359775e+02 5.279417e+07 3.664345e+06 
2.334689e+02 4.878109e+07 3.212577e+06 
2.475443e+02 5.013864e+07 3.011791e+06 
2.118397e+02 4.714749e+07 2.660414e+06 
2.344975e+02 5.465493e+07 3.664345e+06 
2.579590e+02 4.910916e+07 3.614149e+06 
2.359211e+02 5.028118e+07 3.413363e+06 
2.243545e+02 4.648304e+07 3.413363e+06 
2.082672e+02 5.392684e+07 3.212577e+06 
2.185783e+02 5.170885e+07 3.061987e+06 
2.206821e+02 4.995597e+07 3.714541e+06 
2.033102e+02 4.687038e+07 3.011791e+06 
2.084677e+02 5.080658e+07 3.262773e+06 
1.993180e+02 5.017673e+07 3.463559e+06 
2.184143e+02 4.965025e+07 2.861201e+06 
2.241364e+02 4.962501e+07 3.011791e+06 
2.263795e+02 5.463698e+07 3.614149e+06 
2.270194e+02 5.147525e+07 3.664345e+06 
2.305077e+02 5.083608e+07 3.212577e+06 
2.346597e+02 5.131526e+07 3.714541e+06 
2.138703e+02 5.155698e+07 3.262773e+06 
2.165080e+02 5.450312e+07 3.664345e+06 
2.107186e+02 5.296144e+07 3.262773e+06 
2.445539e+02 4.799790e+07 2.861201e+06 
2.331468e+02 5.585188e+07 3.664345e+06 
2.242015e+02 5.036913e+07 3.312969e+06 
2.259205e+02 5.163628e+07 3.262773e+06 
2.301940e+02 5.229359e+07 3.563951e+06 
2.187883e+02 4.969750e+07 3.513755e+06 
2.168128e+02 5.139417e+07 3.262773e+06 
2.127979e+02 4.932189e+07 2.811005e+06 
2.334242e+02 5.306659e+07 3.212577e+06 
2.122381e+02 5.363212e+07 3.865131e+06 
2.251784e+02 5.103460e+07 3.915327e+06 
2.223728e+02 5.070145e+07 4.166309e+06 
2.186746e+02 4.884624e+07 3.061987e+06 
2.147432e+02 5.035737e+07 3.212577e+06 
2.300094e+02 5.074571e+07 3.865131e+06 
2.261389e+02 5.296778e+07 3.262773e+06 
1.988344e+02 5.305412e+07 3.865131e+06 
2.176868e+02 4.942602e+07 3.011791e+06 
2.037993e+02 5.177189e+07 4.316899e+06 
1.961851e+02 5.343795e+07 3.463559e+06 
2.162021e+02 5.072108e+07 3.513755e+06 
2.105280e+02 4.796183e+07 3.011791e+06 
2.149057e+02 5.161805e+07 3.463559e+06 
2.352164e+02 5.134484e+07 3.463559e+06 
2.325726e+02 5.396633e+07 3.814935e+06 
2.255050e+02 5.470174e+07 3.865131e+06 
2.095003e+02 5.357459e+07 3.664345e+06 
2.309239e+02 5.258974e+07 3.664345e+06 
2.259260e+02 5.416902e+07 4.567881e+06 
2.123965e+02 4.983395e+07 3.212577e+06 
2.169168e+02 5.480842e+07 3.413363e+06 
2.454070e+02 5.010768e+07 3.212577e+06 
2.499391e+02 5.497604e+07 3.664345e+06 
2.252183e+02 4.899505e+07 3.212577e+06 
2.077581e+02 5.591258e+07 2.861201e+06 
2.075301e+02 5.708426e+07 4.367095e+06 
2.258043e+02 5.330780e+07 2.861201e+06 
2.171604e+02 4.938491e+07 3.714541e+06 
2.397494e+02 5.142431e+07 3.413363e+06 
2.252074e+02 5.478755e+07 3.262773e+06 
2.061229e+02 5.234737e+07 3.814935e+06 
2.202928e+02 4.970556e+07 3.413363e+06 

2.353958e+02 5.090030e+07 2.660414e+06 
2.070041e+02 5.723868e+07 3.915327e+06 
2.476526e+02 5.044868e+07 3.614149e+06 
2.168626e+02 5.056816e+07 3.463559e+06 
2.339504e+02 4.859522e+07 2.610219e+06 
2.186779e+02 5.090756e+07 3.463559e+06 
2.077218e+02 4.940355e+07 3.212577e+06 
2.233873e+02 5.103983e+07 3.664345e+06 
2.167611e+02 5.040580e+07 3.614149e+06 
2.065350e+02 4.827863e+07 3.463559e+06 
2.117800e+02 5.065858e+07 3.262773e+06 
2.242357e+02 4.893054e+07 3.011791e+06 
2.213752e+02 5.144897e+07 2.811005e+06 
1.984236e+02 5.461639e+07 3.413363e+06 
2.163232e+02 5.110324e+07 3.513755e+06 
2.015188e+02 4.904151e+07 3.312969e+06 
2.261207e+02 4.633793e+07 3.915327e+06 
2.383008e+02 5.510162e+07 4.166309e+06 
2.128318e+02 5.148172e+07 4.166309e+06 
1.953176e+02 4.974128e+07 3.262773e+06 
2.416473e+02 5.296676e+07 3.664345e+06 
1.946743e+02 5.401232e+07 3.463559e+06 
2.052417e+02 4.935849e+07 3.011791e+06 
2.288597e+02 5.294540e+07 3.513755e+06 
2.264731e+02 5.074580e+07 3.664345e+06 
2.316307e+02 4.833901e+07 3.011791e+06 
1.984680e+02 5.007887e+07 3.664345e+06 
2.118861e+02 5.300165e+07 3.965523e+06 
2.309102e+02 5.348255e+07 3.212577e+06 
2.226776e+02 5.182889e+07 3.965523e+06 
2.245521e+02 4.873690e+07 3.011791e+06 
2.182024e+02 5.028795e+07 3.865131e+06 
2.240747e+02 5.425899e+07 3.463559e+06 
2.185633e+02 5.422011e+07 3.463559e+06 
1.820141e+02 5.413327e+07 4.417291e+06 
2.329615e+02 5.432164e+07 3.363165e+06 
2.111008e+02 4.794624e+07 3.212577e+06 
2.303285e+02 5.160249e+07 3.664345e+06 
2.147642e+02 5.329658e+07 3.463559e+06 
2.324166e+02 5.474228e+07 3.061987e+06 
2.270646e+02 5.036645e+07 3.664345e+06 
2.405572e+02 4.693927e+07 2.610219e+06 
2.092330e+02 4.988466e+07 3.262773e+06 
2.286961e+02 5.061921e+07 3.664345e+06 
2.089835e+02 4.742709e+07 2.610219e+06 
2.158512e+02 5.071791e+07 3.664345e+06 
2.305725e+02 5.480172e+07 3.865131e+06 
2.112967e+02 4.824384e+07 3.614149e+06 
2.275396e+02 5.064018e+07 3.463559e+06 
2.220432e+02 4.848899e+07 3.011791e+06 
2.258265e+02 5.155190e+07 3.413363e+06 
2.378506e+02 5.060883e+07 3.312969e+06 
2.298698e+02 5.000153e+07 3.664345e+06 
2.373354e+02 5.083704e+07 3.413363e+06 
2.217527e+02 5.291783e+07 3.262773e+06 
2.220573e+02 5.129394e+07 3.061987e+06 
2.283921e+02 4.940910e+07 2.811005e+06 
2.162006e+02 5.068702e+07 3.915327e+06 
2.147805e+02 4.759506e+07 3.814935e+06 
2.403277e+02 5.204441e+07 3.463559e+06 
2.008583e+02 5.215737e+07 4.166309e+06 
2.083472e+02 5.386985e+07 3.212577e+06 
2.303057e+02 4.882739e+07 4.065917e+06 
2.196177e+02 5.249085e+07 4.065917e+06 
2.179421e+02 5.297424e+07 3.463559e+06 
2.064971e+02 5.036498e+07 3.865131e+06 
2.066261e+02 5.193734e+07 4.216505e+06 
2.044489e+02 5.010352e+07 4.065917e+06 
2.120329e+02 5.147395e+07 3.011791e+06 
2.568978e+02 4.988735e+07 3.463559e+06 
2.058809e+02 5.205310e+07 3.463559e+06 
2.109774e+02 5.041262e+07 3.463559e+06 
2.106047e+02 5.055377e+07 3.011791e+06 
2.053691e+02 5.338093e+07 3.664345e+06 
2.361007e+02 5.179667e+07 3.413363e+06 
2.251427e+02 5.105860e+07 3.011791e+06 
2.174215e+02 4.866059e+07 3.664345e+06 
2.114699e+02 5.004566e+07 3.664345e+06 
2.243192e+02 4.908330e+07 3.061987e+06 
2.365910e+02 4.850332e+07 3.011791e+06 
2.391531e+02 5.425229e+07 3.513755e+06 
2.297974e+02 4.955440e+07 3.262773e+06 
2.437085e+02 5.422087e+07 3.262773e+06 
2.409733e+02 5.072433e+07 3.413363e+06 
2.125704e+02 4.996994e+07 3.312969e+06 
2.058510e+02 5.156529e+07 3.865131e+06 
2.055851e+02 5.419640e+07 3.714541e+06 
2.278974e+02 5.573044e+07 3.614149e+06 
2.343357e+02 5.313889e+07 3.413363e+06 
1.999461e+02 5.277825e+07 3.413363e+06 
2.039060e+02 4.693146e+07 2.811005e+06 
2.194601e+02 5.419985e+07 3.463559e+06 
2.363002e+02 5.029327e+07 3.413363e+06 
2.265016e+02 5.129568e+07 3.865131e+06 
2.346647e+02 4.958957e+07 2.610219e+06 
2.149519e+02 5.123170e+07 3.764737e+06 
2.079148e+02 5.500119e+07 3.011791e+06 
1.962453e+02 5.177875e+07 3.513755e+06 
2.215217e+02 5.018866e+07 3.664345e+06 
2.127281e+02 5.119247e+07 3.262773e+06 

2.265756e+02 5.136087e+07 3.915327e+06 
2.401946e+02 4.982135e+07 3.413363e+06 
2.358624e+02 4.946526e+07 3.011791e+06 
2.394521e+02 5.180933e+07 3.714541e+06 
2.145380e+02 5.074620e+07 3.212577e+06 
2.199218e+02 5.072490e+07 3.664345e+06 
2.238201e+02 4.888988e+07 3.262773e+06 
2.098978e+02 4.884916e+07 3.463559e+06 
2.110195e+02 5.046662e+07 3.011791e+06 
2.591044e+02 5.197988e+07 2.861201e+06 
2.005057e+02 5.096179e+07 4.116113e+06 
2.237199e+02 5.488369e+07 4.618077e+06 
2.019536e+02 5.373418e+07 3.262773e+06 
2.368890e+02 5.174031e+07 3.212577e+06 
2.063300e+02 4.883998e+07 3.061987e+06 
2.125791e+02 5.205171e+07 3.262773e+06 
2.270439e+02 4.917698e+07 3.664345e+06 
2.052779e+02 5.038484e+07 3.865131e+06 
2.024809e+02 4.950530e+07 3.262773e+06 
2.078436e+02 5.192313e+07 3.312969e+06 
2.330417e+02 5.556183e+07 4.216505e+06 
2.296068e+02 5.556289e+07 3.413363e+06 
2.397328e+02 5.132727e+07 3.262773e+06 
2.313515e+02 5.108208e+07 4.116113e+06 
2.148913e+02 5.046342e+07 3.463559e+06 
2.168734e+02 5.167731e+07 3.463559e+06 
2.213079e+02 5.046073e+07 3.413363e+06 
2.037268e+02 4.963157e+07 3.363165e+06 
2.173694e+02 5.080206e+07 3.513755e+06 
2.370735e+02 5.267297e+07 3.262773e+06 
2.062991e+02 5.047943e+07 3.413363e+06 
2.295724e+02 5.217776e+07 3.513755e+06 
2.203479e+02 5.472801e+07 4.116113e+06 
2.222110e+02 5.076744e+07 3.915327e+06 
2.333198e+02 5.449436e+07 3.061987e+06 
2.711705e+02 5.125077e+07 2.811005e+06 
2.403328e+02 5.392987e+07 3.463559e+06 
2.361186e+02 5.341580e+07 3.463559e+06 
2.366405e+02 4.768098e+07 3.614149e+06 
2.350561e+02 5.205139e+07 3.814935e+06 
2.238211e+02 5.306267e+07 3.463559e+06 
2.339273e+02 4.719300e+07 3.262773e+06 
2.241718e+02 5.235390e+07 3.463559e+06 
2.523152e+02 5.405058e+07 4.316899e+06 
2.194204e+02 5.423441e+07 3.011791e+06 
2.247678e+02 5.274113e+07 3.664345e+06 
2.214162e+02 5.016028e+07 3.865131e+06 
2.202611e+02 5.023732e+07 3.011791e+06 
2.372422e+02 5.476295e+07 3.513755e+06 
2.245987e+02 4.917913e+07 2.610219e+06 
2.038978e+02 5.161684e+07 3.714541e+06 
2.191179e+02 5.333286e+07 3.915327e+06 
1.977115e+02 5.172474e+07 3.664345e+06 
2.375763e+02 5.205666e+07 3.614149e+06 
2.137684e+02 5.101198e+07 4.367095e+06 
2.028882e+02 5.199995e+07 4.467487e+06 
2.005308e+02 5.068826e+07 3.463559e+06 
2.123632e+02 4.961857e+07 3.262773e+06 
2.025901e+02 4.938521e+07 3.915327e+06 
2.269257e+02 5.114146e+07 3.463559e+06 
2.181756e+02 5.104908e+07 3.513755e+06 
2.317430e+02 5.270498e+07 3.061987e+06 
2.184062e+02 5.208459e+07 3.664345e+06 
2.231309e+02 5.517933e+07 3.262773e+06 
2.941199e+02 5.018032e+07 2.610219e+06 
2.468504e+02 4.997635e+07 3.212577e+06 
2.309202e+02 4.790558e+07 3.614149e+06 
1.982427e+02 5.251539e+07 3.915327e+06 
2.179529e+02 5.438571e+07 3.915327e+06 
2.030261e+02 5.319410e+07 3.865131e+06 
2.204695e+02 4.900678e+07 3.513755e+06 
1.988865e+02 5.033434e+07 3.664345e+06 
2.256004e+02 5.182928e+07 3.312969e+06 
2.198727e+02 5.388168e+07 3.664345e+06 
2.408396e+02 5.194014e+07 4.116113e+06 
2.374665e+02 4.880249e+07 3.865131e+06 
2.223327e+02 5.514003e+07 3.965523e+06 
2.162246e+02 5.129785e+07 3.664345e+06 
2.396719e+02 4.971452e+07 3.513755e+06 
2.200988e+02 5.289192e+07 2.760806e+06 
2.161782e+02 5.206402e+07 3.664345e+06 
2.097168e+02 5.087253e+07 3.664345e+06 
2.242401e+02 5.264596e+07 3.312969e+06 
2.225594e+02 5.235372e+07 4.116113e+06 
2.358253e+02 4.973785e+07 3.212577e+06 
2.168065e+02 4.872200e+07 3.664345e+06 
2.064252e+02 5.204795e+07 3.463559e+06 
2.064205e+02 5.501904e+07 3.262773e+06 
2.232820e+02 5.171337e+07 3.614149e+06 
2.551374e+02 5.052937e+07 3.614149e+06 
2.341342e+02 5.689334e+07 3.865131e+06 
2.128698e+02 5.383630e+07 3.011791e+06 
2.191670e+02 4.886254e+07 2.610219e+06 
2.115764e+02 4.791313e+07 3.212577e+06 
2.025334e+02 5.226515e+07 3.061987e+06 
2.176543e+02 5.349172e+07 3.463559e+06 
2.126033e+02 5.041593e+07 2.861201e+06 
1.936604e+02 5.079004e+07 3.011791e+06 
2.099857e+02 4.944889e+07 3.011791e+06 
2.100892e+02 4.973631e+07 3.413363e+06 

