8.992100e+03 3.502186e+07 9.064920e+05 
8.915850e+03 3.437678e+07 9.363151e+05 
8.829500e+03 3.601811e+07 9.121750e+05 
6.818250e+03 2.868508e+07 2.468467e+06 
8.159450e+03 3.409859e+07 1.208656e+06 
8.250250e+03 3.394320e+07 1.133115e+06 
7.930500e+03 3.288707e+07 1.361913e+06 
6.880300e+03 2.856403e+07 2.127989e+06 
8.180700e+03 3.364507e+07 1.284197e+06 
7.539950e+03 3.191773e+07 1.872630e+06 
8.221000e+03 3.364221e+07 1.159753e+06 
7.539750e+03 3.208998e+07 1.617271e+06 
8.255400e+03 3.375703e+07 1.133115e+06 
8.184950e+03 3.344820e+07 1.276793e+06 
8.380400e+03 3.406067e+07 9.895141e+05 
7.904000e+03 3.353262e+07 1.447032e+06 
6.858500e+03 2.876055e+07 2.383347e+06 
7.573700e+03 3.183293e+07 1.702391e+06 
7.536800e+03 3.197516e+07 1.702391e+06 
8.478750e+03 3.448018e+07 9.820330e+05 
7.509650e+03 3.193780e+07 1.787511e+06 
8.214950e+03 3.366622e+07 1.159753e+06 
8.263250e+03 3.361998e+07 1.244873e+06 
7.478850e+03 3.212893e+07 1.702391e+06 
8.292850e+03 3.348509e+07 1.159753e+06 

8.685950e+03 3.521317e+07 9.820330e+05 
8.462400e+03 3.384771e+07 1.074634e+06 
8.455100e+03 3.412886e+07 1.159753e+06 
7.553200e+03 3.209435e+07 1.447032e+06 
8.404400e+03 3.400705e+07 1.244873e+06 
7.581500e+03 3.235742e+07 1.361913e+06 
7.936400e+03 3.330265e+07 1.329992e+06 
8.770750e+03 3.509051e+07 9.121750e+05 
6.861350e+03 2.874011e+07 2.298228e+06 
7.562600e+03 3.176068e+07 1.532152e+06 
8.619100e+03 3.449701e+07 9.895141e+05 
7.386050e+03 3.146867e+07 1.702391e+06 
6.886850e+03 2.837203e+07 2.042869e+06 
7.465750e+03 3.114528e+07 1.702391e+06 
6.858750e+03 2.884937e+07 2.468467e+06 
6.863650e+03 2.863465e+07 2.298228e+06 
6.852800e+03 2.901057e+07 2.383347e+06 
8.696900e+03 3.505233e+07 9.363151e+05 
6.872450e+03 2.841361e+07 2.127989e+06 
7.512850e+03 3.179366e+07 1.532152e+06 
7.478300e+03 3.149585e+07 1.617271e+06 
7.458950e+03 3.138101e+07 1.702391e+06 
7.573000e+03 3.206515e+07 1.447032e+06 
7.434300e+03 3.179628e+07 1.617271e+06 
8.555650e+03 3.454308e+07 1.057574e+06 

6.627300e+03 2.712571e+07 2.511027e+06 
6.817350e+03 2.860348e+07 2.085429e+06 
8.593850e+03 3.439753e+07 1.106554e+06 
7.915500e+03 3.276903e+07 1.319353e+06 
7.949650e+03 3.240091e+07 1.319353e+06 
6.802600e+03 2.864299e+07 2.085429e+06 
6.583900e+03 2.703413e+07 2.553587e+06 
6.627400e+03 2.707693e+07 2.468467e+06 
7.876600e+03 3.312564e+07 1.284197e+06 
8.580700e+03 3.486880e+07 1.057574e+06 
6.638150e+03 2.719033e+07 2.383347e+06 
6.623950e+03 2.747461e+07 2.383347e+06 
6.823950e+03 2.871045e+07 2.042869e+06 
6.627750e+03 2.743049e+07 2.340788e+06 
8.531950e+03 3.512114e+07 1.133115e+06 
8.581550e+03 3.463435e+07 9.820330e+05 
6.635650e+03 2.745556e+07 2.213108e+06 
8.453300e+03 3.414916e+07 1.276793e+06 
6.583800e+03 2.721529e+07 2.468467e+06 
7.474600e+03 3.111877e+07 1.617271e+06 
7.587850e+03 3.126692e+07 1.447032e+06 
7.602300e+03 3.124786e+07 1.435279e+06 
6.629900e+03 2.723368e+07 2.383347e+06 
8.443100e+03 3.429240e+07 1.191674e+06 
6.875000e+03 2.880190e+07 1.830070e+06 

8.407400e+03 3.598506e+07 9.300608e+05 
8.230850e+03 3.454398e+07 1.106554e+06 
8.131200e+03 3.436161e+07 1.361913e+06 
8.520850e+03 3.485444e+07 9.363151e+05 
8.083300e+03 3.468705e+07 1.276793e+06 
8.209650e+03 3.435875e+07 1.361913e+06 
6.754950e+03 2.843800e+07 2.213108e+06 
8.382200e+03 3.419413e+07 1.191674e+06 
8.236450e+03 3.503245e+07 9.820330e+05 
8.160650e+03 3.439028e+07 1.191674e+06 
7.519100e+03 3.139346e+07 1.532152e+06 
6.781500e+03 2.837417e+07 2.127989e+06 
7.376400e+03 3.129264e+07 1.617271e+06 
7.590250e+03 3.182679e+07 1.447032e+06 
8.385000e+03 3.405073e+07 1.276793e+06 
7.341950e+03 3.111284e+07 1.702391e+06 
8.568900e+03 3.505714e+07 8.987604e+05 
7.472900e+03 3.138001e+07 1.585351e+06 
7.338700e+03 3.119082e+07 1.787511e+06 
8.113750e+03 3.467087e+07 1.276793e+06 
8.189000e+03 3.465340e+07 1.106554e+06 
8.117500e+03 3.458247e+07 1.361913e+06 
7.354350e+03 3.085694e+07 1.787511e+06 
7.380350e+03 3.104655e+07 1.617271e+06 
7.368950e+03 3.108422e+07 1.702391e+06 

8.641350e+03 3.590908e+07 8.765331e+05 
8.286350e+03 3.423960e+07 9.064920e+05 
8.705750e+03 3.610131e+07 9.043945e+05 
8.384400e+03 3.472910e+07 9.820330e+05 
7.511500e+03 3.101613e+07 1.447032e+06 
7.252550e+03 3.020283e+07 1.755590e+06 
6.615300e+03 2.711285e+07 2.298228e+06 
7.865950e+03 3.237951e+07 9.820330e+05 
7.577750e+03 3.101786e+07 1.276793e+06 
7.369950e+03 3.012620e+07 1.532152e+06 
7.741900e+03 3.115712e+07 1.208656e+06 
6.891100e+03 2.890948e+07 1.872630e+06 
6.615900e+03 2.731719e+07 2.213108e+06 
7.599050e+03 3.179041e+07 1.191674e+06 
7.334400e+03 3.021696e+07 1.830070e+06 
6.779900e+03 2.822972e+07 1.957750e+06 
6.565700e+03 2.703064e+07 2.383347e+06 
7.552900e+03 3.123324e+07 1.361913e+06 
7.958800e+03 3.290585e+07 9.363151e+05 
8.123250e+03 3.316270e+07 9.121750e+05 
7.684650e+03 3.084484e+07 1.361913e+06 
7.333150e+03 3.046746e+07 1.670470e+06 
7.696450e+03 3.080372e+07 1.359738e+06 
7.552400e+03 3.064207e+07 1.447032e+06 
7.706850e+03 3.099834e+07 1.276793e+06 

8.763100e+03 3.634480e+07 9.363151e+05 
8.099400e+03 3.215802e+07 1.447032e+06 
7.303750e+03 3.078684e+07 2.042869e+06 
7.581450e+03 3.149960e+07 1.617271e+06 
7.317450e+03 3.063965e+07 2.042869e+06 
8.334300e+03 3.438042e+07 1.244873e+06 
8.539650e+03 3.472177e+07 1.021435e+06 
8.737700e+03 3.598647e+07 9.895141e+05 
8.454500e+03 3.506074e+07 1.159753e+06 
7.601450e+03 3.171459e+07 1.532152e+06 
7.494650e+03 3.154106e+07 1.617271e+06 
7.838650e+03 3.235460e+07 1.447032e+06 
7.481900e+03 3.143907e+07 1.702391e+06 
7.306650e+03 3.072698e+07 2.127989e+06 
7.202650e+03 2.980504e+07 2.298228e+06 
7.462200e+03 3.129580e+07 1.787511e+06 
7.375350e+03 3.023090e+07 2.042869e+06 
8.427200e+03 3.513989e+07 1.159753e+06 
7.250250e+03 3.071862e+07 2.213108e+06 
7.310650e+03 3.072725e+07 2.042869e+06 
7.302400e+03 3.086142e+07 2.127989e+06 
7.414450e+03 3.148116e+07 1.702391e+06 
8.329200e+03 3.419862e+07 1.415112e+06 
7.282550e+03 2.997980e+07 2.213108e+06 
7.331250e+03 3.062056e+07 1.957750e+06 

8.395800e+03 3.460707e+07 9.064920e+05 
8.335850e+03 3.404100e+07 9.363151e+05 
8.262950e+03 3.414407e+07 9.363151e+05 
8.222250e+03 3.376736e+07 9.820330e+05 
7.770250e+03 3.373580e+07 1.659831e+06 
7.964850e+03 3.396944e+07 1.447032e+06 
8.497350e+03 3.550727e+07 8.853436e+05 
7.384100e+03 3.138027e+07 2.000309e+06 
7.751100e+03 3.248603e+07 1.702391e+06 
7.985450e+03 3.391827e+07 1.447032e+06 
8.088500e+03 3.397317e+07 1.415112e+06 
7.825200e+03 3.269639e+07 1.617271e+06 
7.974850e+03 3.336387e+07 1.489592e+06 
7.490200e+03 3.101634e+07 1.957750e+06 
6.696300e+03 2.759993e+07 2.127989e+06 
7.795650e+03 3.380559e+07 1.532152e+06 
8.097800e+03 3.367159e+07 1.319353e+06 
7.505250e+03 3.135745e+07 1.744951e+06 
8.003900e+03 3.336350e+07 1.447032e+06 
7.982450e+03 3.307124e+07 1.532152e+06 
6.661100e+03 2.738346e+07 2.213108e+06 
8.149050e+03 3.338013e+07 1.191674e+06 
8.027800e+03 3.303109e+07 1.532152e+06 
8.022250e+03 3.323562e+07 1.447032e+06 
8.349750e+03 3.524025e+07 9.064920e+05 

8.597850e+03 3.538284e+07 1.191674e+06 
8.746350e+03 3.613706e+07 9.064920e+05 
8.670650e+03 3.583308e+07 9.820330e+05 
7.446050e+03 3.084445e+07 1.957750e+06 
6.574250e+03 2.684231e+07 2.553587e+06 
6.571950e+03 2.685575e+07 2.468467e+06 
6.613000e+03 2.739813e+07 2.213108e+06 
8.634050e+03 3.545537e+07 1.106554e+06 
7.453350e+03 3.131883e+07 1.787511e+06 
6.540900e+03 2.695021e+07 2.468467e+06 
6.591300e+03 2.699268e+07 2.383347e+06 
8.661650e+03 3.590949e+07 1.021435e+06 
7.855000e+03 3.309345e+07 1.447032e+06 
6.568100e+03 2.692154e+07 2.468467e+06 
7.847550e+03 3.284849e+07 1.532152e+06 
6.556150e+03 2.704330e+07 2.383347e+06 
8.617150e+03 3.551242e+07 1.057574e+06 
8.575100e+03 3.542224e+07 1.133115e+06 
7.880150e+03 3.360816e+07 1.404473e+06 
6.583150e+03 2.721938e+07 2.298228e+06 
7.819350e+03 3.292770e+07 1.489592e+06 
7.801400e+03 3.358367e+07 1.489592e+06 
7.756950e+03 3.278232e+07 1.659831e+06 
8.659500e+03 3.544858e+07 1.057574e+06 
7.912200e+03 3.350186e+07 1.404473e+06 

8.752650e+03 3.638483e+07 9.363151e+05 
8.868250e+03 3.711844e+07 9.064920e+05 
7.600550e+03 3.142240e+07 1.532152e+06 
7.690750e+03 3.175320e+07 1.447032e+06 
7.686100e+03 3.196027e+07 1.415112e+06 
7.706950e+03 3.196639e+07 1.361913e+06 
7.633400e+03 3.182873e+07 1.447032e+06 
6.417100e+03 2.615970e+07 2.213108e+06 
7.631300e+03 3.206343e+07 1.457672e+06 
6.446550e+03 2.628278e+07 2.127989e+06 
7.004900e+03 2.970232e+07 1.787511e+06 
7.542100e+03 3.148792e+07 1.510820e+06 
7.045800e+03 2.938391e+07 1.872630e+06 
7.634800e+03 3.182720e+07 1.447032e+06 
7.016900e+03 2.947128e+07 1.787511e+06 
6.975150e+03 2.925430e+07 1.957750e+06 
6.971300e+03 2.943202e+07 1.872630e+06 
6.417650e+03 2.647490e+07 2.042869e+06 
8.495500e+03 3.563281e+07 9.820330e+05 
6.501850e+03 2.645565e+07 2.042869e+06 
7.709800e+03 3.234964e+07 1.359738e+06 
7.534000e+03 3.170465e+07 1.532152e+06 
7.081300e+03 2.938516e+07 1.872630e+06 
7.058150e+03 2.939589e+07 1.702391e+06 
7.089900e+03 2.975435e+07 1.617271e+06 

6.572350e+03 2.713397e+07 2.000309e+06 
7.585900e+03 3.106043e+07 1.361913e+06 
7.672650e+03 3.130521e+07 1.329992e+06 
7.770100e+03 3.167535e+07 1.284197e+06 
7.502800e+03 3.107638e+07 1.500231e+06 
7.552200e+03 3.101497e+07 1.447032e+06 
6.554050e+03 2.681916e+07 2.042869e+06 
8.349000e+03 3.318026e+07 9.954608e+05 
6.696600e+03 2.753598e+07 1.702391e+06 
6.629650e+03 2.747708e+07 1.872630e+06 
6.537200e+03 2.683765e+07 2.042869e+06 
6.658550e+03 2.737466e+07 1.872630e+06 
6.534500e+03 2.680853e+07 2.127989e+06 
8.247650e+03 3.251619e+07 1.106554e+06 
6.658700e+03 2.760264e+07 1.787511e+06 
6.668750e+03 2.729579e+07 1.872630e+06 
6.625500e+03 2.748367e+07 1.872630e+06 
7.594950e+03 3.098702e+07 1.447032e+06 
8.116300e+03 3.237197e+07 1.159753e+06 
6.591100e+03 2.702489e+07 1.957750e+06 
6.703850e+03 2.758463e+07 1.617271e+06 
6.523450e+03 2.685825e+07 2.127989e+06 
7.548100e+03 3.103537e+07 1.500231e+06 
6.576450e+03 2.705611e+07 1.957750e+06 
6.679450e+03 2.730175e+07 1.787511e+06 

