8.559900e+03 3.500178e+07 9.096400e+05 
8.597600e+03 3.524415e+07 1.021435e+06 
8.296450e+03 3.421815e+07 9.895141e+05 
8.110050e+03 3.405728e+07 1.057574e+06 
8.071150e+03 3.405273e+07 1.191674e+06 
8.551250e+03 3.496910e+07 1.057574e+06 
8.091100e+03 3.397885e+07 1.208656e+06 
8.514300e+03 3.485394e+07 9.363151e+05 
6.858050e+03 2.797815e+07 2.127989e+06 
8.036300e+03 3.392968e+07 1.361913e+06 
7.368000e+03 3.176686e+07 1.872630e+06 
6.719100e+03 2.752897e+07 2.298228e+06 
7.603750e+03 3.322670e+07 1.532152e+06 
7.335900e+03 3.176967e+07 1.872630e+06 
7.736450e+03 3.288497e+07 1.532152e+06 
7.409650e+03 3.190513e+07 1.787511e+06 
7.742700e+03 3.274984e+07 1.447032e+06 
6.702700e+03 2.749459e+07 2.383347e+06 
7.696950e+03 3.292100e+07 1.532152e+06 
7.583600e+03 3.268177e+07 1.617271e+06 
6.871100e+03 2.777462e+07 2.213108e+06 
6.767350e+03 2.799763e+07 2.213108e+06 
8.098200e+03 3.355133e+07 1.074634e+06 
8.235950e+03 3.432422e+07 9.895141e+05 
8.630850e+03 3.538835e+07 9.064920e+05 

7.828650e+03 3.222538e+07 1.057574e+06 
8.062350e+03 3.292303e+07 1.037375e+06 
7.736450e+03 3.202657e+07 1.276793e+06 
7.790100e+03 3.201499e+07 1.276793e+06 
8.237600e+03 3.490756e+07 1.021435e+06 
8.618300e+03 3.487943e+07 9.363151e+05 
8.285150e+03 3.498580e+07 9.820330e+05 
6.763150e+03 2.869301e+07 2.213108e+06 
7.775100e+03 3.208638e+07 1.074634e+06 
7.613250e+03 3.177458e+07 1.361913e+06 
7.322750e+03 3.023804e+07 1.617271e+06 
6.739800e+03 2.811528e+07 2.383347e+06 
7.332550e+03 3.015158e+07 1.702391e+06 
6.745300e+03 2.808702e+07 2.383347e+06 
6.781250e+03 2.830535e+07 2.213108e+06 
7.237700e+03 3.029266e+07 1.617271e+06 
6.970250e+03 2.943113e+07 2.127989e+06 
7.260550e+03 2.993276e+07 1.787511e+06 
6.952100e+03 2.955348e+07 2.127989e+06 
7.701500e+03 3.170086e+07 1.361913e+06 
8.654450e+03 3.612763e+07 9.820330e+05 
7.429050e+03 3.070156e+07 1.532152e+06 
8.466250e+03 3.572830e+07 9.064920e+05 
8.394150e+03 3.446202e+07 9.820330e+05 
7.034900e+03 2.921862e+07 2.127989e+06 

8.469550e+03 3.516415e+07 9.363151e+05 
8.296300e+03 3.400538e+07 9.479465e+05 
6.850350e+03 2.874695e+07 2.127989e+06 
7.920200e+03 3.336322e+07 1.057574e+06 
7.815750e+03 3.313250e+07 1.191674e+06 
6.855900e+03 2.849413e+07 2.127989e+06 
6.840100e+03 2.820722e+07 2.213108e+06 
7.357950e+03 3.097799e+07 1.532152e+06 
7.242900e+03 3.085425e+07 1.787511e+06 
7.599950e+03 3.138153e+07 1.447032e+06 
6.766450e+03 2.836115e+07 2.213108e+06 
7.298650e+03 3.077282e+07 1.787511e+06 
7.809450e+03 3.322031e+07 1.133115e+06 
8.504300e+03 3.571966e+07 9.121750e+05 
7.879450e+03 3.347625e+07 1.057574e+06 
7.589500e+03 3.153798e+07 1.447032e+06 
6.812750e+03 2.824809e+07 2.298228e+06 
7.331050e+03 3.107226e+07 1.617271e+06 
8.032850e+03 3.370698e+07 1.021435e+06 
7.591600e+03 3.211189e+07 1.208656e+06 
7.247600e+03 3.081331e+07 1.702391e+06 
8.298150e+03 3.522081e+07 9.820330e+05 
8.217600e+03 3.439564e+07 9.820330e+05 
8.522200e+03 3.459458e+07 9.363151e+05 
8.752600e+03 3.625306e+07 9.121750e+05 

7.969700e+03 3.349578e+07 9.363151e+05 
7.964500e+03 3.377889e+07 1.021435e+06 
7.670950e+03 3.245807e+07 1.244873e+06 
7.908150e+03 3.368214e+07 9.363151e+05 
7.829250e+03 3.324590e+07 9.820330e+05 
7.101000e+03 2.998293e+07 2.042869e+06 
6.594800e+03 2.733193e+07 2.468467e+06 
7.372550e+03 3.035619e+07 1.787511e+06 
7.034150e+03 2.954058e+07 2.213108e+06 
7.497350e+03 3.160320e+07 1.447032e+06 
6.601300e+03 2.730560e+07 2.468467e+06 
6.721250e+03 2.804642e+07 2.298228e+06 
7.717850e+03 3.240362e+07 1.074634e+06 
6.729200e+03 2.800326e+07 2.298228e+06 
7.629850e+03 3.262665e+07 1.244873e+06 
7.492450e+03 3.157151e+07 1.532152e+06 
6.598450e+03 2.743714e+07 2.383347e+06 
7.487450e+03 3.168298e+07 1.447032e+06 
7.664150e+03 3.242116e+07 1.284197e+06 
7.120700e+03 3.028656e+07 1.957750e+06 
7.771900e+03 3.277194e+07 1.021435e+06 
7.577100e+03 3.191024e+07 1.532152e+06 
8.847700e+03 3.686026e+07 9.064920e+05 
7.546300e+03 3.212367e+07 1.329992e+06 
7.276850e+03 3.031216e+07 1.872630e+06 

7.939650e+03 3.245922e+07 1.021435e+06 
7.830250e+03 3.242912e+07 1.191674e+06 
7.835650e+03 3.217012e+07 1.057574e+06 
8.052550e+03 3.309596e+07 1.057574e+06 
7.206350e+03 3.036953e+07 1.787511e+06 
7.237500e+03 3.004931e+07 1.872630e+06 
7.989650e+03 3.280913e+07 9.820330e+05 
7.763350e+03 3.169956e+07 1.359738e+06 
7.245150e+03 3.002037e+07 1.872630e+06 
7.254200e+03 3.011285e+07 1.787511e+06 
7.212900e+03 3.007991e+07 1.872630e+06 
6.864450e+03 2.791076e+07 1.957750e+06 
6.678900e+03 2.779692e+07 2.213108e+06 
8.360250e+03 3.394073e+07 9.121750e+05 
7.512350e+03 3.091492e+07 1.447032e+06 
6.810600e+03 2.829022e+07 1.957750e+06 
6.716200e+03 2.768192e+07 2.042869e+06 
7.675650e+03 3.118210e+07 1.361913e+06 
7.169900e+03 3.019187e+07 1.872630e+06 
6.699050e+03 2.771418e+07 2.127989e+06 
7.271150e+03 2.992639e+07 1.787511e+06 
6.683850e+03 2.779544e+07 2.127989e+06 
8.166400e+03 3.334718e+07 9.479465e+05 
6.828800e+03 2.827298e+07 1.957750e+06 
8.500900e+03 3.409243e+07 9.820330e+05 

6.486200e+03 2.692436e+07 2.606786e+06 
6.552400e+03 2.689069e+07 2.521666e+06 
7.557900e+03 3.103937e+07 1.617271e+06 
6.710550e+03 2.771876e+07 2.213108e+06 
7.781250e+03 3.135266e+07 1.329992e+06 
6.909300e+03 2.841659e+07 2.127989e+06 
7.990500e+03 3.430808e+07 1.191674e+06 
8.110700e+03 3.388350e+07 1.276793e+06 
8.128350e+03 3.374347e+07 1.208656e+06 
8.059400e+03 3.393992e+07 1.284197e+06 
7.605650e+03 3.075266e+07 1.447032e+06 
8.062250e+03 3.388619e+07 1.133115e+06 
7.584200e+03 3.091442e+07 1.500231e+06 
7.139100e+03 2.996146e+07 1.787511e+06 
6.510400e+03 2.697513e+07 2.521666e+06 
7.642300e+03 3.101806e+07 1.415112e+06 
8.147850e+03 3.479779e+07 9.820330e+05 
8.080850e+03 3.341244e+07 1.284197e+06 
7.242900e+03 3.020047e+07 1.702391e+06 
8.704000e+03 3.655669e+07 9.064920e+05 
8.074300e+03 3.410353e+07 1.057574e+06 
8.009750e+03 3.406166e+07 1.191674e+06 
7.963850e+03 3.411778e+07 1.298072e+06 
7.568050e+03 3.087007e+07 1.670470e+06 
7.669900e+03 3.101989e+07 1.359738e+06 

8.461500e+03 3.432441e+07 9.788749e+05 
8.213300e+03 3.307105e+07 1.057574e+06 
8.304000e+03 3.382653e+07 9.820330e+05 
8.208550e+03 3.341282e+07 1.234234e+06 
7.974100e+03 3.239606e+07 1.361913e+06 
7.617350e+03 3.215921e+07 1.744951e+06 
8.000100e+03 3.226324e+07 1.359738e+06 
7.717350e+03 3.176439e+07 1.574712e+06 
7.868300e+03 3.236922e+07 1.447032e+06 
7.945150e+03 3.267841e+07 1.404473e+06 
7.941750e+03 3.210302e+07 1.447032e+06 
7.923800e+03 3.221396e+07 1.532152e+06 
7.618200e+03 3.154295e+07 1.702391e+06 
7.683450e+03 3.184624e+07 1.659831e+06 
9.167400e+03 3.643416e+07 9.363151e+05 
8.247900e+03 3.339018e+07 1.021435e+06 
7.543600e+03 3.153995e+07 1.830070e+06 
6.604850e+03 2.723877e+07 2.213108e+06 
7.630750e+03 3.137833e+07 1.872630e+06 
6.507850e+03 2.727394e+07 2.213108e+06 
7.792750e+03 3.164701e+07 1.617271e+06 
7.789150e+03 3.166766e+07 1.617271e+06 
7.477500e+03 3.115142e+07 2.000309e+06 
7.688950e+03 3.153717e+07 1.659831e+06 
6.629550e+03 2.756493e+07 2.127989e+06 

7.378000e+03 3.044741e+07 1.787511e+06 
7.396400e+03 3.047391e+07 1.447032e+06 
6.929050e+03 2.851217e+07 2.213108e+06 
7.667150e+03 3.252339e+07 1.057574e+06 
7.785600e+03 3.263481e+07 1.021435e+06 
6.901650e+03 2.851026e+07 2.298228e+06 
7.344300e+03 3.066852e+07 1.617271e+06 
7.378850e+03 3.057101e+07 1.532152e+06 
7.392600e+03 3.028936e+07 1.702391e+06 
7.069800e+03 2.903035e+07 1.957750e+06 
7.741450e+03 3.214855e+07 1.057574e+06 
6.926550e+03 2.873133e+07 2.213108e+06 
7.479750e+03 3.037616e+07 1.617271e+06 
7.008700e+03 2.878788e+07 2.042869e+06 
7.848750e+03 3.295998e+07 9.820330e+05 
6.941950e+03 2.848825e+07 2.213108e+06 
7.565100e+03 3.183513e+07 1.276793e+06 
7.650000e+03 3.223703e+07 1.133115e+06 
7.363700e+03 3.060483e+07 1.532152e+06 
7.513000e+03 3.167196e+07 1.361913e+06 
8.301050e+03 3.456190e+07 9.121750e+05 
7.599350e+03 3.195545e+07 1.191674e+06 
7.562050e+03 3.201542e+07 1.276793e+06 
8.263600e+03 3.482741e+07 9.121750e+05 
7.391350e+03 3.035443e+07 1.787511e+06 

8.504050e+03 3.456727e+07 1.021435e+06 
8.183300e+03 3.359257e+07 1.021435e+06 
6.735000e+03 2.731480e+07 2.127989e+06 
6.638550e+03 2.737499e+07 2.383347e+06 
7.285400e+03 3.015910e+07 1.787511e+06 
7.339700e+03 3.050080e+07 1.617271e+06 
6.697350e+03 2.725574e+07 2.298228e+06 
8.057950e+03 3.339235e+07 1.133115e+06 
6.837850e+03 2.809664e+07 1.872630e+06 
6.687700e+03 2.735653e+07 2.213108e+06 
7.836650e+03 3.204169e+07 1.276793e+06 
6.686700e+03 2.758065e+07 2.213108e+06 
6.783350e+03 2.799271e+07 1.957750e+06 
6.707150e+03 2.764585e+07 2.383347e+06 
7.921400e+03 3.230814e+07 1.191674e+06 
8.069500e+03 3.382760e+07 1.057574e+06 
6.700950e+03 2.763324e+07 2.468467e+06 
6.630700e+03 2.741066e+07 2.383347e+06 
6.659400e+03 2.726909e+07 2.298228e+06 
6.897550e+03 2.864152e+07 2.042869e+06 
7.276100e+03 3.023326e+07 1.702391e+06 
7.770350e+03 3.225249e+07 1.532152e+06 
8.565100e+03 3.475048e+07 9.363151e+05 
7.771250e+03 3.131864e+07 1.361913e+06 
8.456050e+03 3.437027e+07 9.820330e+05 

8.040950e+03 3.160631e+07 9.866524e+05 
7.761050e+03 3.042978e+07 1.041847e+06 
6.836400e+03 2.777740e+07 1.872630e+06 
7.268400e+03 3.030845e+07 1.284197e+06 
7.448500e+03 2.994497e+07 1.276793e+06 
7.481450e+03 2.979858e+07 1.276793e+06 
6.935500e+03 2.881446e+07 1.617271e+06 
6.956200e+03 2.906232e+07 1.447032e+06 
6.404100e+03 2.625309e+07 2.298228e+06 
6.885850e+03 2.879079e+07 1.702391e+06 
6.971100e+03 2.904605e+07 1.532152e+06 
6.648800e+03 2.751969e+07 2.042869e+06 
7.042000e+03 2.945044e+07 1.361913e+06 
6.615250e+03 2.757293e+07 2.042869e+06 
6.935200e+03 2.909773e+07 1.617271e+06 
7.911550e+03 3.101488e+07 1.021435e+06 
7.043950e+03 2.944853e+07 1.361913e+06 
7.422150e+03 3.000047e+07 1.276793e+06 
6.336100e+03 2.608182e+07 2.468467e+06 
7.464350e+03 2.992828e+07 1.191674e+06 
7.064200e+03 2.925334e+07 1.361913e+06 
6.649650e+03 2.741028e+07 1.957750e+06 
6.630200e+03 2.743310e+07 2.127989e+06 
6.347050e+03 2.613476e+07 2.383347e+06 
6.991650e+03 2.904028e+07 1.447032e+06 

