1.556346e+02 3.419507e+07 2.409432e+06 
1.580028e+02 3.278916e+07 2.208646e+06 
1.588405e+02 3.418170e+07 2.007860e+06 
1.613730e+02 3.336715e+07 2.055676e+06 
1.640548e+02 3.276526e+07 1.951854e+06 
1.674881e+02 3.504689e+07 1.807074e+06 
1.578448e+02 3.283576e+07 2.208646e+06 
1.615702e+02 3.417713e+07 1.848032e+06 
1.559469e+02 3.316918e+07 2.208646e+06 
1.574861e+02 3.286666e+07 2.208646e+06 
1.688783e+02 3.280222e+07 1.951854e+06 
1.547611e+02 3.744595e+07 3.011791e+06 
1.531357e+02 3.901453e+07 3.413363e+06 
1.711618e+02 3.266478e+07 2.055676e+06 
1.635367e+02 3.338230e+07 1.848032e+06 
1.600345e+02 3.478785e+07 1.951854e+06 
1.533692e+02 3.811722e+07 3.212577e+06 
1.545322e+02 3.772357e+07 3.614149e+06 
1.527434e+02 3.832589e+07 3.212577e+06 
1.536706e+02 3.828416e+07 3.413363e+06 
1.699879e+02 3.247759e+07 2.055676e+06 
1.601047e+02 3.265813e+07 2.610219e+06 
1.609999e+02 3.262152e+07 2.208646e+06 
1.698105e+02 3.414317e+07 1.807074e+06 
1.547944e+02 3.450466e+07 3.212577e+06 
1.706125e+02 3.431033e+07 1.744210e+06 
1.752235e+02 3.262685e+07 1.951854e+06 
1.555982e+02 3.371627e+07 2.610219e+06 
1.578575e+02 3.260482e+07 2.208646e+06 
1.612847e+02 3.255026e+07 2.208646e+06 
1.632031e+02 3.244432e+07 2.208646e+06 
1.543942e+02 3.854096e+07 3.011791e+06 
1.624499e+02 3.237163e+07 2.208646e+06 
1.551756e+02 3.381993e+07 2.811005e+06 
1.552514e+02 3.418759e+07 2.610219e+06 
1.581297e+02 3.268647e+07 2.208646e+06 
1.552894e+02 3.334544e+07 2.811005e+06 
1.701856e+02 3.259243e+07 1.951854e+06 
1.574450e+02 3.490058e+07 2.007860e+06 
1.680371e+02 3.664514e+07 1.807074e+06 
1.701901e+02 3.434823e+07 1.744210e+06 
1.624154e+02 3.467301e+07 1.848032e+06 
1.526111e+02 3.960385e+07 3.814935e+06 
1.584394e+02 3.259869e+07 2.208646e+06 
1.616299e+02 3.253306e+07 2.409432e+06 
1.544351e+02 3.874472e+07 3.011791e+06 
1.565804e+02 3.289498e+07 2.208646e+06 
1.604343e+02 3.601224e+07 1.848032e+06 
1.729547e+02 3.297555e+07 1.848032e+06 
1.558474e+02 3.347123e+07 2.610219e+06 
1.589784e+02 3.393645e+07 2.055676e+06 
1.562961e+02 3.284052e+07 2.208646e+06 
1.643389e+02 3.291966e+07 1.951854e+06 
1.551188e+02 3.747658e+07 3.011791e+06 
1.574726e+02 3.281657e+07 2.208646e+06 
1.551161e+02 3.402565e+07 2.610219e+06 
1.531708e+02 3.851655e+07 3.212577e+06 
1.612958e+02 3.241776e+07 2.409432e+06 
1.603790e+02 3.410454e+07 1.951854e+06 
1.627921e+02 3.314567e+07 2.007860e+06 
1.544076e+02 3.765094e+07 3.011791e+06 
1.533084e+02 3.836287e+07 3.614149e+06 
1.625623e+02 3.336420e+07 2.007860e+06 
1.600070e+02 3.253415e+07 2.208646e+06 
1.771458e+02 3.387894e+07 1.807074e+06 
1.571105e+02 3.518034e+07 2.007860e+06 
1.608310e+02 3.387093e+07 2.055676e+06 
1.686634e+02 3.452400e+07 1.807074e+06 
1.602573e+02 3.341964e+07 2.159498e+06 
1.697862e+02 3.464652e+07 1.744210e+06 
1.729896e+02 3.387338e+07 1.744210e+06 
1.691732e+02 3.269629e+07 2.055676e+06 
1.557083e+02 3.319770e+07 2.409432e+06 
1.578100e+02 3.507693e+07 2.007860e+06 
1.585127e+02 3.416437e+07 1.951854e+06 
1.577772e+02 3.265841e+07 2.208646e+06 
1.583071e+02 3.502681e+07 2.007860e+06 
1.662474e+02 3.630738e+07 1.832641e+06 
1.704156e+02 3.390959e+07 1.744210e+06 
1.621586e+02 3.301374e+07 1.848032e+06 
1.566815e+02 3.510894e+07 2.055676e+06 
1.714824e+02 3.403269e+07 1.807074e+06 
1.600195e+02 3.393060e+07 1.951854e+06 
1.706897e+02 3.273540e+07 1.951854e+06 
1.753656e+02 3.276525e+07 2.159498e+06 
1.661958e+02 3.553425e+07 1.832641e+06 
1.689738e+02 3.284455e+07 1.848032e+06 
1.559406e+02 3.285850e+07 2.208646e+06 
1.610189e+02 3.252404e+07 2.208646e+06 
1.556515e+02 3.407492e+07 3.011791e+06 
1.702474e+02 3.437784e+07 1.744210e+06 
1.720689e+02 3.413382e+07 1.744210e+06 
1.559593e+02 3.291503e+07 2.208646e+06 
1.647942e+02 3.314056e+07 1.848032e+06 
1.556481e+02 3.412260e+07 3.011791e+06 
1.579564e+02 3.511505e+07 1.951854e+06 
1.545045e+02 3.790319e+07 3.011791e+06 
1.613148e+02 3.388465e+07 2.055676e+06 
1.679574e+02 3.438041e+07 1.807074e+06 
1.726209e+02 3.412904e+07 1.744210e+06 

1.716420e+02 3.255282e+07 2.811005e+06 
1.734983e+02 3.348897e+07 1.972618e+06 
1.625421e+02 3.311787e+07 2.076440e+06 
1.670618e+02 3.284847e+07 2.076440e+06 
1.751349e+02 3.346414e+07 1.972618e+06 
1.616014e+02 3.333983e+07 2.076440e+06 
1.735626e+02 3.284537e+07 2.076440e+06 
1.661588e+02 3.662563e+07 1.868796e+06 
1.540484e+02 3.466316e+07 3.413363e+06 
1.645799e+02 3.269956e+07 2.076440e+06 
1.571595e+02 3.350175e+07 2.610219e+06 
1.643801e+02 3.259320e+07 2.610219e+06 
1.654490e+02 3.610506e+07 1.868796e+06 
1.698964e+02 3.270031e+07 2.076440e+06 
1.616129e+02 3.427642e+07 2.007860e+06 
1.715724e+02 3.235350e+07 2.076440e+06 
1.684440e+02 3.519436e+07 1.764974e+06 
1.610926e+02 3.307729e+07 2.610219e+06 
1.627531e+02 3.275721e+07 2.811005e+06 
1.607108e+02 3.293226e+07 2.610219e+06 
1.635060e+02 3.258308e+07 2.610219e+06 
1.722214e+02 3.249676e+07 2.076440e+06 
1.688196e+02 3.256712e+07 2.811005e+06 
1.674139e+02 3.603231e+07 1.832641e+06 
1.596847e+02 3.406653e+07 2.208646e+06 
1.554576e+02 3.501114e+07 3.011791e+06 
1.718418e+02 3.253295e+07 2.076440e+06 
1.635340e+02 3.454589e+07 1.972618e+06 
1.566000e+02 3.353434e+07 2.610219e+06 
1.688615e+02 3.520123e+07 1.764974e+06 
1.709350e+02 3.262590e+07 2.076440e+06 
1.670599e+02 3.389302e+07 1.972618e+06 
1.578471e+02 3.321476e+07 2.610219e+06 
1.626655e+02 3.290631e+07 2.610219e+06 
1.611732e+02 3.366508e+07 2.208646e+06 
1.736881e+02 3.341774e+07 1.972618e+06 
1.660477e+02 3.422283e+07 1.972618e+06 
1.645614e+02 3.383716e+07 1.972618e+06 
1.641622e+02 3.515469e+07 1.972618e+06 
1.663169e+02 3.288861e+07 2.076440e+06 
1.743321e+02 3.329898e+07 1.972618e+06 
1.673886e+02 3.524488e+07 1.764974e+06 
1.629754e+02 3.284188e+07 2.610219e+06 
1.547636e+02 3.430306e+07 3.212577e+06 
1.599259e+02 3.390843e+07 2.208646e+06 
1.571120e+02 3.322945e+07 2.811005e+06 
1.791835e+02 3.327065e+07 1.972618e+06 
1.689432e+02 3.351539e+07 1.972618e+06 
1.538479e+02 3.501117e+07 3.413363e+06 
1.695281e+02 3.267012e+07 2.076440e+06 
1.668792e+02 3.360619e+07 2.007860e+06 
1.605683e+02 3.310354e+07 2.811005e+06 
1.657210e+02 3.499925e+07 1.868796e+06 
1.600322e+02 3.373128e+07 2.208646e+06 
1.594378e+02 3.315785e+07 2.610219e+06 
1.738524e+02 3.341660e+07 1.972618e+06 
1.669227e+02 3.605187e+07 1.807074e+06 
1.542964e+02 3.461073e+07 3.413363e+06 
1.538504e+02 3.405127e+07 3.212577e+06 
1.675322e+02 3.573458e+07 1.807074e+06 
1.614715e+02 3.299645e+07 2.610219e+06 
1.701607e+02 3.353622e+07 1.972618e+06 
1.681796e+02 3.460339e+07 1.868796e+06 
1.639860e+02 3.428311e+07 1.972618e+06 
1.537839e+02 3.545192e+07 3.413363e+06 
1.585764e+02 3.325203e+07 2.610219e+06 
1.784562e+02 3.220281e+07 2.076440e+06 
1.606002e+02 3.380218e+07 2.076440e+06 
1.554725e+02 3.336542e+07 2.610219e+06 
1.607854e+02 3.324535e+07 2.076440e+06 
1.605816e+02 3.377781e+07 2.076440e+06 
1.596590e+02 3.389556e+07 2.208646e+06 
1.607530e+02 3.390802e+07 2.007860e+06 
1.679760e+02 3.247931e+07 2.811005e+06 
1.538843e+02 3.591410e+07 3.614149e+06 
1.680400e+02 3.547190e+07 1.764974e+06 
1.607960e+02 3.309822e+07 2.610219e+06 
1.681684e+02 3.381430e+07 1.972618e+06 
1.630205e+02 3.285946e+07 2.610219e+06 
1.595884e+02 3.302563e+07 2.610219e+06 
1.755903e+02 3.330140e+07 1.972618e+06 
1.632406e+02 3.283498e+07 2.610219e+06 
1.630543e+02 3.496555e+07 1.972618e+06 
1.676132e+02 3.459333e+07 1.868796e+06 
1.631355e+02 3.298071e+07 2.076440e+06 
1.555463e+02 3.365200e+07 2.811005e+06 
1.565311e+02 3.362384e+07 2.610219e+06 
1.543952e+02 3.480412e+07 3.212577e+06 
1.553799e+02 3.473591e+07 3.011791e+06 
1.671225e+02 3.570042e+07 1.764974e+06 
1.673397e+02 3.505108e+07 1.868796e+06 
1.629336e+02 3.293983e+07 2.076440e+06 
1.662755e+02 3.519999e+07 1.868796e+06 
1.596461e+02 3.464406e+07 2.409432e+06 
1.606834e+02 3.368484e+07 2.208646e+06 
1.579012e+02 3.327479e+07 2.610219e+06 
1.596635e+02 3.312390e+07 2.610219e+06 
1.727051e+02 3.246350e+07 2.076440e+06 
1.615439e+02 3.330216e+07 2.208646e+06 
1.666894e+02 3.613630e+07 1.832641e+06 

1.699385e+02 3.289742e+07 1.972618e+06 
1.670114e+02 3.448425e+07 1.807074e+06 
1.606698e+02 3.462547e+07 2.409432e+06 
1.614439e+02 3.419127e+07 2.811005e+06 
1.685036e+02 3.927764e+07 1.639732e+06 
1.700757e+02 3.284970e+07 1.868796e+06 
1.648744e+02 3.258277e+07 2.076440e+06 
1.618550e+02 3.391899e+07 2.610219e+06 
1.608782e+02 3.541836e+07 1.868796e+06 
1.863682e+02 3.124046e+07 2.076440e+06 
1.625006e+02 3.353538e+07 2.409432e+06 
1.604412e+02 3.652204e+07 1.868796e+06 
1.697583e+02 3.301206e+07 1.972618e+06 
1.738237e+02 3.229702e+07 1.972618e+06 
1.614129e+02 3.443728e+07 2.811005e+06 
1.596790e+02 3.528370e+07 2.610219e+06 
1.608093e+02 3.574604e+07 1.868796e+06 
1.636049e+02 3.329045e+07 2.208646e+06 
1.691414e+02 3.374345e+07 1.807074e+06 
1.705534e+02 3.372115e+07 1.807074e+06 
1.669055e+02 3.235051e+07 2.076440e+06 
1.693295e+02 3.271239e+07 2.007860e+06 
1.590216e+02 3.663696e+07 2.610219e+06 
1.603784e+02 3.658262e+07 1.868796e+06 
1.594143e+02 3.679680e+07 2.409432e+06 
1.646787e+02 3.294407e+07 2.076440e+06 
1.622714e+02 3.414098e+07 2.208646e+06 
1.707569e+02 3.819273e+07 1.639732e+06 
1.794029e+02 3.535270e+07 1.764974e+06 
1.763563e+02 3.531513e+07 1.764974e+06 
1.587979e+02 3.752966e+07 2.811005e+06 
1.784955e+02 3.180562e+07 2.076440e+06 
1.632974e+02 3.384669e+07 1.868796e+06 
1.692932e+02 3.287792e+07 2.007860e+06 
1.724315e+02 3.213961e+07 2.076440e+06 
1.617285e+02 3.438394e+07 2.610219e+06 
1.591072e+02 3.736733e+07 2.811005e+06 
1.618145e+02 3.443034e+07 2.208646e+06 
1.740422e+02 3.192952e+07 2.076440e+06 
1.794864e+02 3.171837e+07 2.076440e+06 
1.606319e+02 3.508056e+07 2.811005e+06 
1.606827e+02 3.645349e+07 1.764974e+06 
1.657982e+02 3.458300e+07 1.807074e+06 
1.669304e+02 3.890545e+07 1.661152e+06 
1.704951e+02 3.859273e+07 1.639732e+06 
1.598092e+02 3.541453e+07 2.811005e+06 
1.628435e+02 3.348803e+07 2.007860e+06 
1.662934e+02 3.814202e+07 1.736186e+06 
1.597346e+02 3.692176e+07 2.208646e+06 
1.697302e+02 3.535599e+07 1.764974e+06 
1.658307e+02 3.230101e+07 2.076440e+06 
1.598570e+02 3.652348e+07 2.007860e+06 
1.716371e+02 3.456763e+07 1.807074e+06 
1.670573e+02 3.340784e+07 1.868796e+06 
1.597767e+02 3.693752e+07 2.007860e+06 
1.619483e+02 3.390940e+07 2.409432e+06 
1.704730e+02 3.198147e+07 2.076440e+06 
1.682909e+02 3.333867e+07 1.868796e+06 
1.683151e+02 3.688668e+07 1.736186e+06 
1.652107e+02 3.310314e+07 1.972618e+06 
1.756538e+02 3.347112e+07 1.807074e+06 
1.787854e+02 3.509467e+07 1.764974e+06 
1.735341e+02 3.657728e+07 1.736186e+06 
1.705257e+02 3.701342e+07 1.661152e+06 
1.612495e+02 3.462588e+07 2.610219e+06 
1.924094e+02 3.178708e+07 2.076440e+06 
1.771902e+02 3.353096e+07 1.807074e+06 
1.593438e+02 3.620700e+07 2.409432e+06 
1.712315e+02 3.305932e+07 1.868796e+06 
1.776665e+02 3.185930e+07 1.972618e+06 
1.710402e+02 3.816325e+07 1.639732e+06 
1.618977e+02 3.408338e+07 2.409432e+06 
1.616582e+02 3.638192e+07 1.807074e+06 
1.604570e+02 3.616963e+07 2.007860e+06 
1.673624e+02 3.728293e+07 1.661152e+06 
1.707065e+02 3.235638e+07 1.972618e+06 
1.605745e+02 3.516156e+07 2.811005e+06 
1.604667e+02 3.614144e+07 2.409432e+06 
1.601986e+02 3.614765e+07 2.208646e+06 
1.694352e+02 3.309647e+07 1.868796e+06 
1.694467e+02 3.901369e+07 1.639732e+06 
1.611778e+02 3.480982e+07 2.208646e+06 
1.650585e+02 3.320133e+07 1.972618e+06 
1.663476e+02 3.362975e+07 1.868796e+06 
1.764171e+02 3.285022e+07 1.868796e+06 
1.737164e+02 3.197291e+07 2.076440e+06 
1.669876e+02 3.723161e+07 1.661152e+06 
1.623517e+02 3.583626e+07 1.764974e+06 
1.850112e+02 3.188033e+07 1.972618e+06 
1.633441e+02 3.351131e+07 2.409432e+06 
1.684388e+02 3.700585e+07 1.736186e+06 
1.697555e+02 3.841551e+07 1.639732e+06 
1.651213e+02 3.295250e+07 2.076440e+06 
1.744959e+02 3.179894e+07 2.076440e+06 
1.672817e+02 3.413354e+07 1.807074e+06 
1.616921e+02 3.452278e+07 2.208646e+06 
1.729731e+02 3.371993e+07 1.807074e+06 
1.617474e+02 3.400853e+07 2.610219e+06 
1.618101e+02 3.544386e+07 1.764974e+06 
1.591370e+02 3.752339e+07 2.208646e+06 

1.650910e+02 3.481009e+07 1.661152e+06 
1.709627e+02 3.387542e+07 1.661152e+06 
1.655782e+02 3.304579e+07 1.868796e+06 
1.556620e+02 3.383431e+07 2.610219e+06 
1.621072e+02 3.500539e+07 1.661152e+06 
1.653288e+02 3.439070e+07 1.736186e+06 
1.553977e+02 3.449158e+07 2.610219e+06 
1.570292e+02 3.255355e+07 2.007860e+06 
1.633359e+02 3.461565e+07 1.736186e+06 
1.703912e+02 3.387874e+07 1.736186e+06 
1.604655e+02 3.306832e+07 1.868796e+06 
1.558575e+02 3.386346e+07 2.409432e+06 
1.635674e+02 3.381113e+07 1.807074e+06 
1.598726e+02 3.386488e+07 1.868796e+06 
1.551772e+02 3.385341e+07 2.811005e+06 
1.615862e+02 3.419111e+07 1.807074e+06 
1.653839e+02 3.414570e+07 1.661152e+06 
1.676115e+02 3.339481e+07 1.764974e+06 
1.644264e+02 3.439439e+07 1.736186e+06 
1.558984e+02 3.354380e+07 2.610219e+06 
1.560315e+02 3.350569e+07 2.409432e+06 
1.563512e+02 3.318336e+07 2.208646e+06 
1.674109e+02 3.556378e+07 1.639732e+06 
1.557079e+02 3.327777e+07 2.610219e+06 
1.607833e+02 3.429842e+07 1.764974e+06 
1.561396e+02 3.301312e+07 2.409432e+06 
1.659280e+02 3.438165e+07 1.736186e+06 
1.634580e+02 3.436063e+07 1.764974e+06 
1.648150e+02 3.357269e+07 1.807074e+06 
1.642605e+02 3.221665e+07 1.972618e+06 
1.670753e+02 3.495661e+07 1.639732e+06 
1.682210e+02 3.400135e+07 1.661152e+06 
1.654838e+02 3.457201e+07 1.736186e+06 
1.562315e+02 3.255133e+07 2.007860e+06 
1.687814e+02 3.313263e+07 1.764974e+06 
1.668122e+02 3.390986e+07 1.661152e+06 
1.565575e+02 3.262496e+07 2.007860e+06 
1.560817e+02 3.333111e+07 2.409432e+06 
1.661673e+02 3.449145e+07 1.661152e+06 
1.560732e+02 3.324760e+07 2.409432e+06 
1.563613e+02 3.307869e+07 2.208646e+06 
1.562093e+02 3.454381e+07 2.208646e+06 
1.551929e+02 3.474782e+07 2.811005e+06 
1.629207e+02 3.399495e+07 1.807074e+06 
1.555499e+02 3.379589e+07 2.811005e+06 
1.620548e+02 3.481597e+07 1.764974e+06 
1.613493e+02 3.288765e+07 1.868796e+06 
1.744415e+02 3.394354e+07 1.736186e+06 
1.629142e+02 3.471468e+07 1.764974e+06 
1.564934e+02 3.304505e+07 2.208646e+06 
1.672667e+02 3.417894e+07 1.661152e+06 
1.694746e+02 3.347633e+07 1.764974e+06 
1.628792e+02 3.493685e+07 1.661152e+06 
1.635569e+02 3.374056e+07 1.807074e+06 
1.665253e+02 3.423981e+07 1.661152e+06 
1.637336e+02 3.365214e+07 1.764974e+06 
1.660405e+02 3.518975e+07 1.639732e+06 
1.644375e+02 3.374724e+07 1.764974e+06 
1.558055e+02 3.362574e+07 2.610219e+06 
1.553095e+02 3.383634e+07 2.610219e+06 
1.677785e+02 3.294882e+07 1.868796e+06 
1.639094e+02 3.385184e+07 1.764974e+06 
1.561789e+02 3.366258e+07 2.208646e+06 
1.627948e+02 3.460300e+07 1.661152e+06 
1.554870e+02 3.403731e+07 2.811005e+06 
1.562068e+02 3.263594e+07 2.208646e+06 
1.556743e+02 3.385965e+07 2.409432e+06 
1.554109e+02 3.453037e+07 2.409432e+06 
1.625370e+02 3.441675e+07 1.736186e+06 
1.585263e+02 3.291750e+07 1.868796e+06 
1.691308e+02 3.359654e+07 1.764974e+06 
1.642892e+02 3.375101e+07 1.764974e+06 
1.572564e+02 3.309102e+07 1.972618e+06 
1.642884e+02 3.345226e+07 1.807074e+06 
1.679444e+02 3.368621e+07 1.764974e+06 
1.612474e+02 3.457318e+07 1.807074e+06 
1.661741e+02 3.392619e+07 1.736186e+06 
1.657685e+02 3.543875e+07 1.639732e+06 
1.726893e+02 3.363611e+07 1.736186e+06 
1.628263e+02 3.406416e+07 1.807074e+06 
1.569292e+02 3.324644e+07 1.972618e+06 
1.550875e+02 3.399532e+07 2.409432e+06 
1.619587e+02 3.630519e+07 1.764974e+06 
1.680511e+02 3.505697e+07 1.639732e+06 
1.622385e+02 3.408664e+07 1.807074e+06 
1.555592e+02 3.418337e+07 2.610219e+06 
1.551926e+02 3.491621e+07 2.811005e+06 
1.630388e+02 3.393739e+07 1.807074e+06 
1.560556e+02 3.343611e+07 2.610219e+06 
1.728107e+02 3.322431e+07 1.764974e+06 
1.627633e+02 3.438036e+07 1.807074e+06 
1.661185e+02 3.459889e+07 1.661152e+06 
1.632469e+02 3.377079e+07 1.807074e+06 
1.648923e+02 3.187057e+07 1.972618e+06 
1.575773e+02 3.233932e+07 1.972618e+06 
1.625229e+02 3.377669e+07 1.807074e+06 
1.661194e+02 3.350845e+07 1.807074e+06 
1.573192e+02 3.219430e+07 1.972618e+06 
1.559797e+02 3.412748e+07 2.208646e+06 
1.574118e+02 3.249538e+07 2.007860e+06 

1.592111e+02 3.267844e+07 2.076440e+06 
1.651351e+02 3.538494e+07 1.832641e+06 
1.826500e+02 3.775476e+07 1.639732e+06 
1.588536e+02 3.342256e+07 1.972618e+06 
1.545536e+02 3.372233e+07 2.208646e+06 
1.687739e+02 3.185839e+07 2.076440e+06 
1.642186e+02 3.347046e+07 1.868796e+06 
1.688414e+02 3.498441e+07 1.807074e+06 
1.674778e+02 3.480543e+07 1.832641e+06 
1.743764e+02 3.403094e+07 1.764974e+06 
1.593782e+02 3.241791e+07 2.076440e+06 
1.724734e+02 3.828152e+07 1.736186e+06 
1.631966e+02 3.193319e+07 2.076440e+06 
1.642860e+02 3.215880e+07 1.972618e+06 
1.649478e+02 3.501354e+07 1.832641e+06 
1.673748e+02 3.193112e+07 2.076440e+06 
1.630670e+02 3.207530e+07 2.076440e+06 
1.801235e+02 3.752782e+07 1.736186e+06 
1.819977e+02 3.835708e+07 1.639732e+06 
1.732850e+02 3.176079e+07 1.972618e+06 
1.543892e+02 3.692196e+07 3.614149e+06 
1.694223e+02 3.193337e+07 2.076440e+06 
1.779551e+02 3.734751e+07 1.736186e+06 
1.556241e+02 3.382286e+07 2.409432e+06 
1.550917e+02 3.667536e+07 3.614149e+06 
1.625002e+02 3.210672e+07 2.076440e+06 
1.800390e+02 3.861081e+07 1.639732e+06 
1.582913e+02 3.320251e+07 1.972618e+06 
1.694574e+02 3.546340e+07 1.807074e+06 
1.718642e+02 4.015867e+07 1.736186e+06 
1.595988e+02 3.251538e+07 2.076440e+06 
1.742148e+02 3.314778e+07 1.868796e+06 
1.583691e+02 3.286351e+07 1.972618e+06 
1.752133e+02 3.177147e+07 1.972618e+06 
1.785406e+02 3.174994e+07 1.972618e+06 
1.658880e+02 3.214682e+07 1.972618e+06 
1.748704e+02 3.176532e+07 2.076440e+06 
1.598545e+02 3.236438e+07 1.972618e+06 
1.718509e+02 3.460849e+07 1.764974e+06 
1.573259e+02 3.313035e+07 2.076440e+06 
1.544458e+02 3.409962e+07 2.409432e+06 
1.569325e+02 3.356954e+07 2.208646e+06 
1.597089e+02 3.257747e+07 1.972618e+06 
1.545110e+02 3.698662e+07 3.614149e+06 
1.575561e+02 3.316690e+07 2.076440e+06 
1.585917e+02 3.267829e+07 1.972618e+06 
1.624557e+02 3.371698e+07 1.868796e+06 
1.566555e+02 3.370071e+07 2.208646e+06 
1.805886e+02 3.415886e+07 1.832641e+06 
1.661010e+02 3.260356e+07 1.972618e+06 
1.761904e+02 3.803948e+07 1.736186e+06 
1.718540e+02 3.454063e+07 1.807074e+06 
1.750246e+02 3.954284e+07 1.639732e+06 
1.680151e+02 3.412837e+07 1.832641e+06 
1.566351e+02 3.367502e+07 2.409432e+06 
1.724383e+02 4.055812e+07 1.736186e+06 
1.568691e+02 3.350020e+07 2.208646e+06 
1.561201e+02 3.368476e+07 2.409432e+06 
1.850591e+02 3.879016e+07 1.639732e+06 
1.584531e+02 3.271376e+07 2.076440e+06 
1.762739e+02 4.010113e+07 1.639732e+06 
1.835171e+02 3.754116e+07 1.661152e+06 
1.547239e+02 3.674423e+07 3.614149e+06 
1.579776e+02 3.319203e+07 2.007860e+06 
1.678048e+02 3.451855e+07 1.832641e+06 
1.557016e+02 3.411042e+07 2.208646e+06 
1.823810e+02 3.811960e+07 1.639732e+06 
1.606642e+02 3.222770e+07 2.076440e+06 
1.744352e+02 3.321955e+07 1.868796e+06 
1.665898e+02 3.495781e+07 1.832641e+06 
1.672436e+02 3.193555e+07 1.972618e+06 
1.617959e+02 3.199193e+07 2.076440e+06 
1.746194e+02 3.942646e+07 1.661152e+06 
1.724590e+02 3.907433e+07 1.736186e+06 
1.574617e+02 3.318741e+07 2.007860e+06 
1.644292e+02 3.539431e+07 1.832641e+06 
1.572418e+02 3.386361e+07 2.007860e+06 
1.542910e+02 3.710525e+07 3.614149e+06 
1.575370e+02 3.293375e+07 2.007860e+06 
1.812939e+02 3.713823e+07 1.661152e+06 
1.601549e+02 3.216642e+07 1.972618e+06 
1.552868e+02 3.436408e+07 2.409432e+06 
1.770636e+02 3.742727e+07 1.661152e+06 
1.649421e+02 3.320751e+07 1.868796e+06 
1.674721e+02 3.193822e+07 2.076440e+06 
1.723020e+02 3.415053e+07 1.764974e+06 
1.641125e+02 3.200427e+07 2.076440e+06 
1.886795e+02 3.816050e+07 1.639732e+06 
1.580005e+02 3.294040e+07 2.076440e+06 
1.734361e+02 3.182752e+07 1.972618e+06 
1.786658e+02 3.421826e+07 1.764974e+06 
1.621140e+02 3.440570e+07 1.868796e+06 
1.713988e+02 3.190636e+07 1.972618e+06 
1.662200e+02 3.206797e+07 1.972618e+06 
1.744764e+02 3.831565e+07 1.661152e+06 
1.578991e+02 3.291566e+07 2.076440e+06 
1.713643e+02 3.458081e+07 1.764974e+06 
1.706107e+02 3.454651e+07 1.807074e+06 
1.631049e+02 3.396153e+07 1.868796e+06 
1.569097e+02 3.343151e+07 2.208646e+06 

1.686478e+02 3.559573e+07 1.832641e+06 
1.683869e+02 3.620279e+07 1.807074e+06 
1.619761e+02 3.279221e+07 1.972618e+06 
1.710718e+02 3.519677e+07 1.764974e+06 
1.572414e+02 3.735399e+07 3.011791e+06 
1.684823e+02 3.605502e+07 1.764974e+06 
1.691905e+02 3.570630e+07 1.764974e+06 
1.662935e+02 3.357682e+07 1.868796e+06 
1.588559e+02 3.425406e+07 2.208646e+06 
1.762201e+02 3.262221e+07 2.007860e+06 
1.672144e+02 3.347912e+07 1.868796e+06 
1.551752e+02 3.702693e+07 3.413363e+06 
1.688507e+02 3.255764e+07 2.076440e+06 
1.595470e+02 3.358148e+07 2.055676e+06 
1.887589e+02 3.678540e+07 1.736186e+06 
1.624920e+02 3.298912e+07 2.076440e+06 
1.926318e+02 3.711295e+07 1.736186e+06 
1.711297e+02 3.486896e+07 1.832641e+06 
1.681298e+02 3.576268e+07 1.832641e+06 
1.588790e+02 3.412408e+07 2.409432e+06 
1.559451e+02 3.727102e+07 3.212577e+06 
1.578420e+02 3.633485e+07 2.811005e+06 
1.597855e+02 3.339404e+07 2.076440e+06 
1.563236e+02 3.693590e+07 3.413363e+06 
1.581983e+02 3.422820e+07 2.208646e+06 
1.710803e+02 3.272924e+07 2.007860e+06 
1.591965e+02 3.348310e+07 2.055676e+06 
1.805238e+02 3.775970e+07 1.736186e+06 
1.732144e+02 3.504290e+07 1.807074e+06 
1.605538e+02 3.368802e+07 1.972618e+06 
1.724081e+02 3.251005e+07 2.076440e+06 
1.572229e+02 3.683730e+07 3.011791e+06 
1.551820e+02 3.721293e+07 3.413363e+06 
1.695080e+02 3.560894e+07 1.807074e+06 
1.595538e+02 3.342867e+07 2.208646e+06 
1.560062e+02 3.779550e+07 3.212577e+06 
1.731998e+02 3.488076e+07 1.832641e+06 
1.648441e+02 3.274634e+07 2.076440e+06 
1.591217e+02 3.375214e+07 2.208646e+06 
1.652079e+02 3.604672e+07 1.832641e+06 
1.564089e+02 3.654911e+07 3.413363e+06 
1.687582e+02 3.488767e+07 1.832641e+06 
1.689137e+02 3.271416e+07 2.076440e+06 
1.676788e+02 3.597042e+07 1.832641e+06 
1.622842e+02 3.488821e+07 1.868796e+06 
1.710929e+02 3.488457e+07 1.832641e+06 
1.620758e+02 3.309164e+07 2.208646e+06 
1.549229e+02 3.760158e+07 3.413363e+06 
1.587756e+02 3.438392e+07 2.409432e+06 
1.633650e+02 3.365081e+07 1.868796e+06 
1.589727e+02 3.394601e+07 2.409432e+06 
1.617776e+02 3.309786e+07 2.076440e+06 
1.564499e+02 3.687940e+07 3.413363e+06 
1.616791e+02 3.430602e+07 1.868796e+06 
1.875793e+02 3.720891e+07 1.736186e+06 
1.575284e+02 3.646112e+07 3.212577e+06 
1.602533e+02 3.330314e+07 2.076440e+06 
1.581301e+02 3.637148e+07 3.011791e+06 
1.581908e+02 3.437981e+07 2.610219e+06 
1.588674e+02 3.414440e+07 2.409432e+06 
1.772787e+02 3.262551e+07 2.076440e+06 
1.585834e+02 3.452779e+07 2.610219e+06 
1.571588e+02 3.660137e+07 3.413363e+06 
1.660002e+02 3.677299e+07 1.832641e+06 
1.805794e+02 3.847375e+07 1.736186e+06 
1.645870e+02 3.280891e+07 1.972618e+06 
1.715620e+02 3.525671e+07 1.764974e+06 
1.579625e+02 3.654095e+07 2.610219e+06 
1.577055e+02 3.719654e+07 2.811005e+06 
1.593223e+02 3.419218e+07 2.208646e+06 
1.622380e+02 3.389096e+07 1.868796e+06 
1.608210e+02 3.306521e+07 1.972618e+06 
1.561601e+02 3.707453e+07 3.413363e+06 
1.720528e+02 3.253237e+07 2.076440e+06 
1.594113e+02 3.342651e+07 2.076440e+06 
1.645030e+02 3.371104e+07 1.868796e+06 
1.559793e+02 3.708750e+07 3.212577e+06 
1.581128e+02 3.719522e+07 2.811005e+06 
1.586008e+02 3.420368e+07 2.409432e+06 
1.605921e+02 3.325879e+07 2.076440e+06 
1.660059e+02 3.349860e+07 1.868796e+06 
1.626785e+02 3.294201e+07 2.007860e+06 
1.653564e+02 3.277021e+07 1.972618e+06 
1.687907e+02 3.577102e+07 1.764974e+06 
1.600011e+02 3.444198e+07 2.007860e+06 
1.565283e+02 3.634131e+07 3.212577e+06 
1.603530e+02 3.325094e+07 2.076440e+06 
1.802333e+02 3.822290e+07 1.736186e+06 
1.801223e+02 3.851257e+07 1.736186e+06 
1.568424e+02 3.674575e+07 3.413363e+06 
1.583090e+02 3.521239e+07 2.811005e+06 
1.617362e+02 3.287828e+07 1.972618e+06 
1.557312e+02 3.708823e+07 3.413363e+06 
1.639459e+02 3.278140e+07 2.076440e+06 
1.594920e+02 3.334984e+07 2.076440e+06 
1.565366e+02 3.687317e+07 3.212577e+06 
1.686507e+02 3.635693e+07 1.764974e+06 
1.639922e+02 3.263658e+07 2.076440e+06 
1.702895e+02 3.548816e+07 1.807074e+06 
1.595836e+02 3.328412e+07 1.972618e+06 

1.704224e+02 3.780070e+07 1.639732e+06 
1.707577e+02 3.611513e+07 1.661152e+06 
1.673154e+02 4.090249e+07 1.606288e+06 
1.547438e+02 3.462164e+07 2.208646e+06 
1.534422e+02 3.538151e+07 2.610219e+06 
1.556543e+02 3.393847e+07 2.007860e+06 
1.584267e+02 3.423021e+07 1.868796e+06 
1.633859e+02 3.235262e+07 1.972618e+06 
1.602246e+02 3.797318e+07 1.848032e+06 
1.681673e+02 3.674765e+07 1.661152e+06 
1.647462e+02 3.986513e+07 1.639732e+06 
1.580476e+02 3.289602e+07 1.972618e+06 
1.578749e+02 3.295493e+07 2.007860e+06 
1.650399e+02 3.233387e+07 1.972618e+06 
1.544836e+02 3.507544e+07 2.208646e+06 
1.547813e+02 3.375908e+07 2.007860e+06 
1.536667e+02 3.575077e+07 3.011791e+06 
1.598835e+02 3.403305e+07 1.868796e+06 
1.600184e+02 3.267401e+07 1.972618e+06 
1.634676e+02 3.839563e+07 1.661152e+06 
1.616352e+02 3.350140e+07 1.868796e+06 
1.620672e+02 3.242147e+07 1.972618e+06 
1.546257e+02 3.443287e+07 2.208646e+06 
1.666295e+02 3.978298e+07 1.606288e+06 
1.599342e+02 3.395148e+07 1.868796e+06 
1.544846e+02 3.452939e+07 2.208646e+06 
1.679454e+02 3.592436e+07 1.736186e+06 
1.603484e+02 3.589594e+07 1.807074e+06 
1.648964e+02 3.773021e+07 1.639732e+06 
1.595941e+02 3.247500e+07 1.972618e+06 
1.602491e+02 3.510717e+07 1.807074e+06 
1.645916e+02 3.997694e+07 1.606288e+06 
1.546279e+02 3.407006e+07 2.007860e+06 
1.597913e+02 3.480561e+07 1.868796e+06 
1.583339e+02 3.455925e+07 1.868796e+06 
1.565490e+02 3.307572e+07 2.007860e+06 
1.819502e+02 3.435754e+07 1.764974e+06 
1.628681e+02 3.945027e+07 1.736186e+06 
1.632843e+02 3.346464e+07 1.868796e+06 
1.614063e+02 3.443200e+07 1.764974e+06 
1.646335e+02 3.485178e+07 1.764974e+06 
1.687834e+02 3.654656e+07 1.661152e+06 
1.548914e+02 3.418461e+07 2.007860e+06 
1.672629e+02 3.710676e+07 1.661152e+06 
1.718338e+02 3.335651e+07 1.868796e+06 
1.598136e+02 3.272019e+07 1.972618e+06 
1.660731e+02 3.663277e+07 1.736186e+06 
1.584896e+02 3.404977e+07 1.868796e+06 
1.563749e+02 3.365119e+07 2.208646e+06 
1.675112e+02 3.689171e+07 1.661152e+06 
1.645159e+02 4.032682e+07 1.639732e+06 
1.719512e+02 3.868590e+07 1.606288e+06 
1.619435e+02 3.356328e+07 1.868796e+06 
1.601792e+02 3.860564e+07 1.832641e+06 
1.544778e+02 3.461948e+07 2.208646e+06 
1.594088e+02 3.278003e+07 1.972618e+06 
1.634751e+02 3.920129e+07 1.736186e+06 
1.540981e+02 3.474328e+07 2.409432e+06 
1.535187e+02 3.529662e+07 2.610219e+06 
1.591303e+02 3.281432e+07 1.972618e+06 
1.539182e+02 3.467825e+07 2.610219e+06 
1.696618e+02 3.651877e+07 1.661152e+06 
1.626472e+02 3.974798e+07 1.736186e+06 
1.717664e+02 3.653574e+07 1.661152e+06 
1.536000e+02 3.442966e+07 2.610219e+06 
1.577117e+02 3.332545e+07 1.972618e+06 
1.665533e+02 3.441843e+07 1.764974e+06 
1.715019e+02 3.444581e+07 1.807074e+06 
1.541454e+02 3.434061e+07 2.409432e+06 
1.577138e+02 3.402584e+07 1.951854e+06 
1.727679e+02 3.596630e+07 1.736186e+06 
1.536972e+02 3.551059e+07 2.610219e+06 
1.730339e+02 3.461066e+07 1.764974e+06 
1.562511e+02 3.342443e+07 2.007860e+06 
1.653840e+02 4.102366e+07 1.639732e+06 
1.537747e+02 3.487983e+07 2.811005e+06 
1.580866e+02 3.291156e+07 1.972618e+06 
1.732098e+02 3.929206e+07 1.606288e+06 
1.561338e+02 3.376684e+07 2.208646e+06 
1.584833e+02 3.287447e+07 1.972618e+06 
1.682457e+02 3.678104e+07 1.661152e+06 
1.726385e+02 3.338028e+07 1.868796e+06 
1.583640e+02 3.288764e+07 1.972618e+06 
1.635730e+02 3.733206e+07 1.736186e+06 
1.642161e+02 3.972513e+07 1.661152e+06 
1.641427e+02 3.344384e+07 1.868796e+06 
1.610420e+02 3.370271e+07 1.868796e+06 
1.610259e+02 3.388183e+07 1.868796e+06 
1.573020e+02 3.310344e+07 2.007860e+06 
1.567134e+02 3.312101e+07 2.007860e+06 
1.566117e+02 3.350471e+07 2.409432e+06 
1.618754e+02 3.221344e+07 1.972618e+06 
1.553739e+02 3.409264e+07 2.007860e+06 
1.727365e+02 3.829257e+07 1.606288e+06 
1.589947e+02 3.267798e+07 1.972618e+06 
1.533718e+02 3.591211e+07 3.011791e+06 
1.621590e+02 3.853318e+07 1.764974e+06 
1.533435e+02 3.622013e+07 2.811005e+06 
1.622166e+02 3.217801e+07 1.972618e+06 
1.538757e+02 3.474667e+07 2.409432e+06 

1.606557e+02 3.490580e+07 2.409432e+06 
1.748608e+02 3.291065e+07 2.076440e+06 
1.611364e+02 3.504044e+07 2.208646e+06 
1.820182e+02 3.363824e+07 1.764974e+06 
1.654970e+02 3.346067e+07 2.076440e+06 
1.670402e+02 3.308449e+07 2.076440e+06 
1.644987e+02 3.400233e+07 1.868796e+06 
1.695721e+02 3.404113e+07 1.764974e+06 
1.649524e+02 3.363070e+07 1.972618e+06 
1.632666e+02 3.410900e+07 2.409432e+06 
1.593492e+02 4.223886e+07 2.409432e+06 
1.665049e+02 3.326099e+07 2.076440e+06 
1.619242e+02 3.425672e+07 2.208646e+06 
1.613456e+02 3.430380e+07 1.972618e+06 
1.642106e+02 3.539904e+07 1.868796e+06 
1.590426e+02 3.524701e+07 2.610219e+06 
1.746147e+02 3.271414e+07 2.076440e+06 
1.603932e+02 3.480665e+07 2.610219e+06 
1.679762e+02 3.436337e+07 1.764974e+06 
1.670542e+02 3.304656e+07 2.076440e+06 
1.618738e+02 3.431539e+07 2.208646e+06 
1.580219e+02 3.592331e+07 2.811005e+06 
1.767579e+02 3.270016e+07 2.076440e+06 
1.609730e+02 3.423322e+07 2.208646e+06 
1.589409e+02 3.554655e+07 2.409432e+06 
1.650952e+02 3.486598e+07 1.832641e+06 
1.649339e+02 3.331289e+07 2.076440e+06 
1.674718e+02 3.426919e+07 1.764974e+06 
1.665446e+02 3.343497e+07 2.076440e+06 
1.769654e+02 3.275855e+07 2.076440e+06 
1.655442e+02 3.397789e+07 1.868796e+06 
1.730061e+02 3.301464e+07 2.076440e+06 
1.761165e+02 3.279693e+07 2.076440e+06 
1.675425e+02 3.326849e+07 2.076440e+06 
1.615043e+02 3.452642e+07 2.076440e+06 
1.704874e+02 3.418644e+07 1.764974e+06 
1.613200e+02 3.478888e+07 2.208646e+06 
1.625609e+02 3.408080e+07 1.972618e+06 
1.684774e+02 3.392310e+07 1.868796e+06 
1.633115e+02 3.363302e+07 2.076440e+06 
1.630146e+02 3.392830e+07 2.208646e+06 
1.639282e+02 3.394725e+07 1.972618e+06 
1.665451e+02 3.455273e+07 1.764974e+06 
1.726239e+02 3.370003e+07 1.764974e+06 
1.635693e+02 3.364284e+07 2.159498e+06 
1.688704e+02 3.327690e+07 1.868796e+06 
1.770969e+02 3.299674e+07 1.868796e+06 
1.635098e+02 3.395746e+07 1.972618e+06 
1.707427e+02 3.307619e+07 2.076440e+06 
1.592339e+02 4.202863e+07 2.208646e+06 
1.731665e+02 3.271976e+07 2.076440e+06 
1.587145e+02 3.571316e+07 3.011791e+06 
1.637455e+02 3.571793e+07 1.868796e+06 
1.787067e+02 3.243620e+07 2.076440e+06 
1.657291e+02 3.512577e+07 1.832641e+06 
1.692440e+02 3.294007e+07 2.076440e+06 
1.804317e+02 3.304033e+07 1.868796e+06 
1.745936e+02 3.299913e+07 2.076440e+06 
1.688127e+02 3.586136e+07 1.736186e+06 
1.588389e+02 3.538708e+07 2.811005e+06 
1.578297e+02 3.528982e+07 2.610219e+06 
1.788574e+02 3.255844e+07 2.076440e+06 
1.588362e+02 3.518856e+07 2.610219e+06 
1.748044e+02 3.522265e+07 1.736186e+06 
1.671836e+02 3.453568e+07 1.807074e+06 
1.606275e+02 4.204676e+07 2.208646e+06 
1.791373e+02 3.387711e+07 1.764974e+06 
1.718864e+02 3.309033e+07 1.868796e+06 
1.672905e+02 3.294979e+07 2.076440e+06 
1.628820e+02 3.417350e+07 2.076440e+06 
1.685255e+02 3.323853e+07 1.868796e+06 
1.739706e+02 3.548931e+07 1.736186e+06 
1.673577e+02 3.470111e+07 1.807074e+06 
1.591687e+02 3.485905e+07 2.610219e+06 
1.613717e+02 3.469006e+07 1.972618e+06 
1.608145e+02 3.550860e+07 2.208646e+06 
1.753934e+02 3.303525e+07 1.868796e+06 
1.631371e+02 3.399566e+07 2.076440e+06 
1.634588e+02 3.544032e+07 1.868796e+06 
1.689454e+02 3.308283e+07 1.868796e+06 
1.639745e+02 3.358881e+07 2.076440e+06 
1.687153e+02 3.529235e+07 1.736186e+06 
1.651460e+02 3.494395e+07 1.868796e+06 
1.649630e+02 3.561462e+07 1.832641e+06 
1.653176e+02 3.359545e+07 2.076440e+06 
1.637935e+02 3.375453e+07 1.972618e+06 
1.668057e+02 3.331175e+07 2.076440e+06 
1.660075e+02 3.337809e+07 1.972618e+06 
1.666921e+02 3.336640e+07 2.076440e+06 
1.679054e+02 3.532337e+07 1.764974e+06 
1.806197e+02 3.184757e+07 2.076440e+06 
1.649529e+02 3.513899e+07 1.848032e+06 
1.585021e+02 3.626504e+07 2.610219e+06 
1.800789e+02 3.302106e+07 1.972618e+06 
1.592969e+02 3.490830e+07 2.610219e+06 
1.678240e+02 3.318552e+07 2.076440e+06 
1.778214e+02 3.244508e+07 2.076440e+06 
1.658715e+02 3.369512e+07 1.972618e+06 
1.765511e+02 3.369920e+07 1.764974e+06 
1.682243e+02 3.421553e+07 1.764974e+06 

1.646629e+02 3.338433e+07 2.076440e+06 
1.538240e+02 3.495339e+07 3.212577e+06 
1.574211e+02 3.386335e+07 2.610219e+06 
1.583245e+02 3.360702e+07 2.610219e+06 
1.715858e+02 3.288203e+07 2.076440e+06 
1.664393e+02 3.256219e+07 2.208646e+06 
1.564898e+02 3.457494e+07 3.011791e+06 
1.608800e+02 3.281532e+07 2.208646e+06 
1.640875e+02 3.390730e+07 2.007860e+06 
1.808608e+02 3.208207e+07 2.409432e+06 
1.697447e+02 3.443789e+07 1.868796e+06 
1.539538e+02 3.484372e+07 3.212577e+06 
1.641301e+02 3.272777e+07 2.208646e+06 
1.528478e+02 3.463519e+07 3.212577e+06 
1.547715e+02 3.477108e+07 3.011791e+06 
1.644264e+02 3.349700e+07 2.076440e+06 
1.589771e+02 3.323497e+07 2.409432e+06 
1.614077e+02 3.294041e+07 2.409432e+06 
1.537587e+02 3.489885e+07 3.011791e+06 
1.717401e+02 3.447928e+07 1.868796e+06 
1.650193e+02 3.266354e+07 2.208646e+06 
1.862890e+02 3.181498e+07 2.208646e+06 
1.624241e+02 3.278929e+07 2.208646e+06 
1.843436e+02 3.203824e+07 2.409432e+06 
1.743525e+02 3.411174e+07 1.868796e+06 
1.750150e+02 3.212424e+07 2.409432e+06 
1.576933e+02 3.366899e+07 2.610219e+06 
1.704107e+02 3.296816e+07 2.076440e+06 
1.681255e+02 3.304353e+07 1.972618e+06 
1.790349e+02 3.212659e+07 2.208646e+06 
1.704910e+02 3.311229e+07 1.972618e+06 
1.710227e+02 3.239096e+07 2.208646e+06 
1.562025e+02 3.441237e+07 3.011791e+06 
1.541417e+02 3.523500e+07 3.011791e+06 
1.693532e+02 3.255409e+07 2.208646e+06 
1.546421e+02 3.476622e+07 3.212577e+06 
1.597282e+02 3.322798e+07 2.208646e+06 
1.721595e+02 3.258261e+07 2.076440e+06 
1.563701e+02 3.431847e+07 2.610219e+06 
1.723804e+02 3.414423e+07 1.868796e+06 
1.544802e+02 3.486607e+07 3.011791e+06 
1.629689e+02 3.495846e+07 2.007860e+06 
1.596661e+02 3.300892e+07 2.409432e+06 
1.730394e+02 3.281854e+07 2.076440e+06 
1.558621e+02 3.474486e+07 3.011791e+06 
1.627218e+02 3.275983e+07 2.208646e+06 
1.677622e+02 3.247573e+07 2.208646e+06 
1.808517e+02 3.217678e+07 2.208646e+06 
1.765635e+02 3.219073e+07 2.208646e+06 
1.796047e+02 3.303118e+07 1.972618e+06 
1.749249e+02 3.234635e+07 2.208646e+06 
1.567753e+02 3.453780e+07 2.610219e+06 
1.640611e+02 3.363693e+07 2.007860e+06 
1.559782e+02 3.432779e+07 3.212577e+06 
1.870722e+02 3.198248e+07 2.208646e+06 
1.665064e+02 3.413588e+07 1.972618e+06 
1.698884e+02 3.251010e+07 2.208646e+06 
1.606284e+02 3.307903e+07 2.208646e+06 
1.604949e+02 3.314299e+07 2.409432e+06 
1.600397e+02 3.320289e+07 2.409432e+06 
1.761059e+02 3.216438e+07 2.409432e+06 
1.560645e+02 3.449061e+07 3.011791e+06 
1.634451e+02 3.280463e+07 2.208646e+06 
1.663246e+02 3.332178e+07 2.007860e+06 
1.562668e+02 3.387657e+07 2.811005e+06 
1.626688e+02 3.292048e+07 2.409432e+06 
1.869341e+02 3.202888e+07 2.208646e+06 
1.592436e+02 3.400682e+07 2.208646e+06 
1.649260e+02 3.361077e+07 2.007860e+06 
1.556877e+02 3.475158e+07 3.011791e+06 
1.783536e+02 3.375075e+07 1.868796e+06 
1.587228e+02 3.326662e+07 2.409432e+06 
1.573604e+02 3.399947e+07 2.409432e+06 
1.680845e+02 3.316995e+07 2.076440e+06 
1.608162e+02 3.304942e+07 2.208646e+06 
1.634690e+02 3.367428e+07 2.007860e+06 
1.721606e+02 3.298138e+07 1.972618e+06 
1.569943e+02 3.385200e+07 2.409432e+06 
1.671935e+02 3.325807e+07 2.007860e+06 
1.590524e+02 3.303301e+07 2.208646e+06 
1.662904e+02 3.330161e+07 1.972618e+06 
1.619482e+02 3.406116e+07 2.076440e+06 
1.556568e+02 3.474459e+07 3.212577e+06 
1.733190e+02 3.419346e+07 1.868796e+06 
1.806486e+02 3.192372e+07 2.208646e+06 
1.655604e+02 3.274077e+07 2.208646e+06 
1.589726e+02 3.385857e+07 2.208646e+06 
1.563230e+02 3.463199e+07 3.212577e+06 
1.629497e+02 3.386076e+07 2.007860e+06 
1.815373e+02 3.183103e+07 2.208646e+06 
1.684488e+02 3.232113e+07 2.208646e+06 
1.660106e+02 3.257145e+07 2.208646e+06 
1.875198e+02 3.195095e+07 2.208646e+06 
1.778483e+02 3.414030e+07 1.868796e+06 
1.584073e+02 3.372977e+07 2.409432e+06 
1.585015e+02 3.326186e+07 2.409432e+06 
1.568639e+02 3.391151e+07 2.811005e+06 
1.584299e+02 3.367587e+07 2.610219e+06 
1.579629e+02 3.380147e+07 2.610219e+06 
1.671851e+02 3.261531e+07 2.208646e+06 

1.627124e+02 3.263280e+07 2.076440e+06 
1.693679e+02 3.390498e+07 1.832641e+06 
1.584334e+02 3.347679e+07 2.409432e+06 
1.576214e+02 3.369759e+07 2.409432e+06 
1.630051e+02 3.315257e+07 1.868796e+06 
1.616193e+02 3.350714e+07 1.868796e+06 
1.721843e+02 3.199123e+07 1.972618e+06 
1.762107e+02 3.366940e+07 1.807074e+06 
1.686405e+02 3.430658e+07 1.807074e+06 
1.630643e+02 3.264215e+07 1.972618e+06 
1.587406e+02 3.295193e+07 2.007860e+06 
1.682017e+02 3.473460e+07 1.807074e+06 
1.652419e+02 3.225355e+07 2.076440e+06 
1.668002e+02 3.211300e+07 1.972618e+06 
1.604728e+02 3.396934e+07 1.868796e+06 
1.605201e+02 3.313727e+07 1.972618e+06 
1.615532e+02 3.301708e+07 1.972618e+06 
1.621460e+02 3.262467e+07 2.076440e+06 
1.637399e+02 3.498458e+07 1.832641e+06 
1.711712e+02 3.229426e+07 1.868796e+06 
1.628019e+02 3.225969e+07 2.007860e+06 
1.632628e+02 3.273661e+07 1.972618e+06 
1.708743e+02 3.413648e+07 1.807074e+06 
1.567481e+02 3.452320e+07 3.011791e+06 
1.579219e+02 3.550641e+07 2.409432e+06 
1.686745e+02 3.298682e+07 1.868796e+06 
1.693221e+02 3.291447e+07 1.868796e+06 
1.706217e+02 3.421970e+07 1.807074e+06 
1.699172e+02 3.285840e+07 1.868796e+06 
1.589967e+02 3.308460e+07 2.208646e+06 
1.565910e+02 3.577788e+07 3.011791e+06 
1.594080e+02 3.293393e+07 2.409432e+06 
1.700174e+02 3.186060e+07 1.972618e+06 
1.809553e+02 3.373194e+07 1.807074e+06 
1.562495e+02 3.464570e+07 3.212577e+06 
1.649965e+02 3.229079e+07 1.972618e+06 
1.572045e+02 3.446520e+07 3.011791e+06 
1.651200e+02 3.202873e+07 2.007860e+06 
1.620680e+02 3.266964e+07 2.076440e+06 
1.602527e+02 3.298931e+07 2.076440e+06 
1.560878e+02 3.528399e+07 3.212577e+06 
1.679711e+02 3.479693e+07 1.807074e+06 
1.610767e+02 3.320025e+07 1.868796e+06 
1.635279e+02 3.247405e+07 2.076440e+06 
1.662367e+02 3.431978e+07 1.832641e+06 
1.717862e+02 3.234439e+07 1.868796e+06 
1.557179e+02 3.584623e+07 3.212577e+06 
1.641735e+02 3.247183e+07 1.972618e+06 
1.563359e+02 3.529546e+07 3.212577e+06 
1.637184e+02 3.236702e+07 2.076440e+06 
1.735691e+02 3.400527e+07 1.807074e+06 
1.617542e+02 3.289258e+07 2.007860e+06 
1.661611e+02 3.204654e+07 2.076440e+06 
1.566718e+02 3.490695e+07 3.011791e+06 
1.727078e+02 3.363262e+07 1.832641e+06 
1.673139e+02 3.208215e+07 1.972618e+06 
1.643980e+02 3.458543e+07 1.832641e+06 
1.626148e+02 3.249869e+07 2.076440e+06 
1.608593e+02 3.294095e+07 2.076440e+06 
1.701099e+02 3.268725e+07 1.868796e+06 
1.580507e+02 3.383468e+07 2.610219e+06 
1.598703e+02 3.267319e+07 2.208646e+06 
1.702458e+02 3.410143e+07 1.807074e+06 
1.568427e+02 3.497508e+07 3.011791e+06 
1.603794e+02 3.271747e+07 2.208646e+06 
1.667828e+02 3.291503e+07 1.868796e+06 
1.607963e+02 3.266265e+07 2.007860e+06 
1.588831e+02 3.337975e+07 2.409432e+06 
1.568042e+02 3.578207e+07 3.011791e+06 
1.745816e+02 3.392284e+07 1.807074e+06 
1.572555e+02 3.519044e+07 2.811005e+06 
1.626383e+02 3.284492e+07 1.972618e+06 
1.638594e+02 3.242170e+07 1.972618e+06 
1.598403e+02 3.300036e+07 2.076440e+06 
1.660612e+02 3.220108e+07 1.972618e+06 
1.765773e+02 3.197409e+07 1.972618e+06 
1.592351e+02 3.380271e+07 2.007860e+06 
1.600469e+02 3.375541e+07 1.868796e+06 
1.758339e+02 3.369131e+07 1.807074e+06 
1.650963e+02 3.205602e+07 2.076440e+06 
1.580371e+02 3.399702e+07 2.409432e+06 
1.571141e+02 3.356099e+07 2.610219e+06 
1.543019e+02 3.660954e+07 3.212577e+06 
1.555975e+02 3.642601e+07 3.212577e+06 
1.633718e+02 3.481102e+07 1.832641e+06 
1.670398e+02 3.424240e+07 1.832641e+06 
1.555454e+02 3.696055e+07 3.212577e+06 
1.737389e+02 3.198996e+07 1.972618e+06 
1.587705e+02 3.370757e+07 2.208646e+06 
1.556754e+02 3.581444e+07 3.212577e+06 
1.670347e+02 3.196450e+07 1.972618e+06 
1.682052e+02 3.475385e+07 1.807074e+06 
1.578449e+02 3.405310e+07 2.610219e+06 
1.583335e+02 3.346296e+07 2.409432e+06 
1.573104e+02 3.459298e+07 2.610219e+06 
1.566883e+02 3.456492e+07 3.011791e+06 
1.628703e+02 3.270265e+07 1.972618e+06 
1.667763e+02 3.297221e+07 1.868796e+06 
1.595046e+02 3.390754e+07 1.868796e+06 
1.577886e+02 3.437140e+07 2.610219e+06 

