3.014957e+02 5.698751e+07 5.232670e+06 
2.823057e+02 5.427088e+07 6.462470e+06 
3.000130e+02 5.331581e+07 6.462470e+06 
2.588730e+02 5.707606e+07 6.197218e+06 
3.294797e+02 5.567765e+07 5.015648e+06 
3.264236e+02 5.352298e+07 5.690831e+06 
2.749669e+02 5.491192e+07 6.583038e+06 
3.380923e+02 5.334168e+07 5.594376e+06 
3.225877e+02 5.486611e+07 5.305012e+06 
3.101407e+02 5.506159e+07 5.497922e+06 
2.752071e+02 5.465323e+07 6.462470e+06 
2.926409e+02 5.437383e+07 6.100764e+06 
3.206833e+02 5.316040e+07 5.980196e+06 
2.680044e+02 5.508469e+07 6.462470e+06 
3.481633e+02 5.560480e+07 4.822738e+06 
3.023857e+02 5.457627e+07 5.787286e+06 
2.316213e+02 5.671238e+07 6.679492e+06 
2.759590e+02 5.483449e+07 6.269560e+06 
2.528948e+02 5.611545e+07 6.486583e+06 
3.502750e+02 5.208054e+07 6.197218e+06 
2.805368e+02 5.429352e+07 6.462470e+06 
2.088588e+02 5.816221e+07 6.679492e+06 
2.662468e+02 5.549540e+07 6.679492e+06 
3.292030e+02 5.414855e+07 5.401467e+06 
3.117416e+02 5.560367e+07 5.305012e+06 
3.638240e+02 5.246096e+07 5.690831e+06 
2.868416e+02 5.408593e+07 6.269560e+06 
2.954311e+02 5.561095e+07 5.690831e+06 
2.826817e+02 5.390134e+07 6.462470e+06 
3.589630e+02 5.222500e+07 5.811399e+06 
3.738914e+02 5.525944e+07 4.436919e+06 
3.073761e+02 5.763068e+07 5.208557e+06 
3.294732e+02 5.302112e+07 5.883741e+06 
2.461421e+02 5.647119e+07 6.679492e+06 
2.332245e+02 5.745605e+07 6.486583e+06 
3.104550e+02 5.314029e+07 6.269560e+06 
2.773277e+02 5.452380e+07 6.462470e+06 
2.267444e+02 5.794084e+07 6.583038e+06 
3.115965e+02 5.374386e+07 5.980196e+06 
2.556973e+02 5.741268e+07 6.293673e+06 
3.047599e+02 5.327929e+07 6.269560e+06 
3.762634e+02 5.514864e+07 4.629828e+06 
2.958084e+02 5.378799e+07 6.462470e+06 
2.676343e+02 5.661628e+07 6.100764e+06 
3.632635e+02 5.555882e+07 4.436919e+06 
3.579123e+02 5.199587e+07 6.197218e+06 
2.218476e+02 5.701356e+07 6.679492e+06 
2.385729e+02 5.651315e+07 6.679492e+06 
2.860623e+02 5.584660e+07 5.787286e+06 
3.687630e+02 5.196410e+07 6.004309e+06 
3.456699e+02 5.228978e+07 6.197218e+06 
3.068043e+02 5.424715e+07 5.883741e+06 
2.117415e+02 5.770778e+07 6.679492e+06 
3.355473e+02 5.290595e+07 6.100764e+06 
2.263631e+02 5.691389e+07 6.679492e+06 
3.059260e+02 5.324521e+07 6.390128e+06 
3.196834e+02 5.700968e+07 4.919193e+06 
3.111758e+02 5.294917e+07 6.390128e+06 
2.742943e+02 5.709349e+07 5.811399e+06 
3.728405e+02 5.179625e+07 6.004309e+06 
3.293829e+02 5.450176e+07 5.305012e+06 
3.167089e+02 5.743355e+07 5.015648e+06 
2.953373e+02 5.728917e+07 5.522035e+06 
2.519293e+02 5.590341e+07 6.679492e+06 
3.372946e+02 5.241585e+07 6.197218e+06 
3.467202e+02 5.250863e+07 5.883741e+06 
3.499801e+02 5.499403e+07 5.136216e+06 
3.113821e+02 5.691901e+07 5.039761e+06 
2.499656e+02 5.636323e+07 6.679492e+06 
3.063995e+02 5.577394e+07 5.497922e+06 
2.834990e+02 5.717995e+07 5.618490e+06 
2.097646e+02 5.779941e+07 6.679492e+06 
2.413681e+02 5.668526e+07 6.486583e+06 
3.014880e+02 5.501365e+07 5.690831e+06 
3.578639e+02 5.251779e+07 5.401467e+06 
2.138688e+02 5.731203e+07 6.679492e+06 
2.622510e+02 5.802129e+07 6.004309e+06 
2.672443e+02 5.495189e+07 6.679492e+06 
3.469014e+02 5.274096e+07 5.690831e+06 
2.914354e+02 5.379726e+07 6.462470e+06 
2.634947e+02 5.556015e+07 6.486583e+06 
3.451453e+02 5.239450e+07 6.197218e+06 
2.511215e+02 5.621861e+07 6.679492e+06 
3.269143e+02 5.676731e+07 4.629828e+06 
2.445912e+02 5.746821e+07 6.390128e+06 
2.203386e+02 5.703544e+07 6.679492e+06 
2.124356e+02 5.750784e+07 6.679492e+06 
2.568957e+02 5.566565e+07 6.679492e+06 
3.404751e+02 5.634436e+07 4.436919e+06 
2.143666e+02 5.707365e+07 6.679492e+06 
2.750426e+02 5.565712e+07 6.100764e+06 
3.495851e+02 5.300612e+07 5.401467e+06 
3.242537e+02 5.765011e+07 4.726283e+06 
3.214543e+02 5.678320e+07 4.822738e+06 
3.251253e+02 5.590138e+07 5.112102e+06 
3.471391e+02 5.222499e+07 6.197218e+06 
2.923571e+02 5.535017e+07 5.787286e+06 
2.347155e+02 5.660687e+07 6.679492e+06 
2.846489e+02 5.499535e+07 6.076650e+06 
2.570135e+02 5.635493e+07 6.293673e+06 

3.017243e+02 5.374203e+07 6.462470e+06 
2.955041e+02 5.672065e+07 5.425580e+06 
2.262838e+02 5.742985e+07 6.583038e+06 
3.436344e+02 5.896068e+07 4.051100e+06 
3.463893e+02 5.474030e+07 5.208557e+06 
2.154526e+02 5.734161e+07 6.679492e+06 
3.516392e+02 5.449202e+07 5.015648e+06 
2.913173e+02 5.521365e+07 5.714944e+06 
2.433571e+02 5.745689e+07 6.293673e+06 
2.915021e+02 5.421749e+07 6.366015e+06 
3.537404e+02 5.370789e+07 5.329125e+06 
3.725194e+02 5.369006e+07 5.208557e+06 
3.263577e+02 5.291508e+07 6.293673e+06 
2.723596e+02 5.487233e+07 6.462470e+06 
3.582130e+02 5.764814e+07 4.051100e+06 
3.442157e+02 5.769881e+07 4.147554e+06 
3.447842e+02 5.274914e+07 5.907854e+06 
3.273739e+02 5.289200e+07 6.390128e+06 
3.307525e+02 5.823736e+07 4.533374e+06 
4.112927e+02 5.495352e+07 4.846851e+06 
3.316079e+02 5.979724e+07 4.461032e+06 
3.641487e+02 5.624587e+07 4.533374e+06 
3.164895e+02 5.523170e+07 5.329125e+06 
3.380713e+02 5.663822e+07 4.750396e+06 
2.623521e+02 5.528152e+07 6.583038e+06 
2.518926e+02 5.557104e+07 6.679492e+06 
3.351541e+02 5.807988e+07 4.268122e+06 
2.403693e+02 5.653384e+07 6.679492e+06 
2.642753e+02 5.508792e+07 6.558924e+06 
3.113809e+02 5.491781e+07 5.522035e+06 
3.081424e+02 5.334568e+07 6.583038e+06 
3.777856e+02 5.659285e+07 4.461032e+06 
3.171051e+02 5.327804e+07 6.100764e+06 
2.088588e+02 5.816221e+07 6.679492e+06 
3.499741e+02 5.577366e+07 4.943306e+06 
3.686505e+02 5.622499e+07 4.653942e+06 
2.853142e+02 5.445975e+07 6.100764e+06 
2.976560e+02 5.382588e+07 6.100764e+06 
2.571901e+02 5.536413e+07 6.679492e+06 
3.281485e+02 5.274227e+07 6.486583e+06 
2.543107e+02 5.721651e+07 6.100764e+06 
2.688900e+02 5.528208e+07 6.100764e+06 
3.066771e+02 5.446828e+07 5.714944e+06 
3.341712e+02 5.919093e+07 4.171668e+06 
3.004910e+02 5.604338e+07 5.329125e+06 
3.554577e+02 5.795358e+07 3.954645e+06 
3.327891e+02 5.761616e+07 4.533374e+06 
2.451805e+02 5.747792e+07 6.197218e+06 
2.627578e+02 5.511122e+07 6.462470e+06 
3.152558e+02 5.882376e+07 5.015648e+06 
2.371876e+02 5.700457e+07 6.486583e+06 
2.648070e+02 5.492003e+07 6.462470e+06 
2.821066e+02 5.649084e+07 5.714944e+06 
3.725580e+02 5.395233e+07 5.015648e+06 
2.194850e+02 5.718005e+07 6.679492e+06 
2.896194e+02 5.434059e+07 6.366015e+06 
2.273512e+02 5.678515e+07 6.679492e+06 
3.409848e+02 5.211337e+07 6.486583e+06 
2.740204e+02 5.728765e+07 5.811399e+06 
3.179102e+02 5.864744e+07 4.629828e+06 
2.759969e+02 5.436059e+07 6.462470e+06 
3.213196e+02 5.312683e+07 6.486583e+06 
3.490707e+02 5.838834e+07 3.954645e+06 
3.060716e+02 5.776837e+07 5.136216e+06 
2.735914e+02 5.463783e+07 6.583038e+06 
3.291505e+02 5.243879e+07 6.197218e+06 
3.623055e+02 5.425080e+07 5.015648e+06 
3.372470e+02 5.887638e+07 4.147554e+06 
2.167881e+02 5.719583e+07 6.679492e+06 
2.680261e+02 5.489221e+07 6.583038e+06 
3.405490e+02 5.392348e+07 5.522035e+06 
3.589373e+02 5.751203e+07 4.436919e+06 
3.097948e+02 5.335056e+07 6.100764e+06 
2.586685e+02 5.783803e+07 5.907854e+06 
2.924241e+02 5.408746e+07 6.390128e+06 
2.951358e+02 5.399368e+07 6.100764e+06 
3.346725e+02 5.211965e+07 6.293673e+06 
3.326062e+02 5.309437e+07 5.907854e+06 
2.220549e+02 5.714267e+07 6.679492e+06 
2.148132e+02 5.736636e+07 6.679492e+06 
2.582486e+02 5.531419e+07 6.583038e+06 
2.395310e+02 5.661903e+07 6.679492e+06 
3.744575e+02 5.577820e+07 4.726283e+06 
3.288152e+02 5.703622e+07 4.943306e+06 
2.338117e+02 5.664006e+07 6.679492e+06 
3.128333e+02 5.589171e+07 5.232670e+06 
2.765204e+02 5.595538e+07 5.811399e+06 
2.480713e+02 5.840757e+07 6.004309e+06 
2.978908e+02 5.426954e+07 5.907854e+06 
2.128815e+02 5.766205e+07 6.679492e+06 
3.164887e+02 5.950998e+07 4.822738e+06 
4.046673e+02 5.469627e+07 4.943306e+06 
2.428067e+02 5.608375e+07 6.679492e+06 
2.480980e+02 5.584973e+07 6.583038e+06 
3.331525e+02 5.880163e+07 4.244009e+06 
2.569016e+02 5.546861e+07 6.583038e+06 
3.041952e+02 5.357318e+07 6.293673e+06 
2.614669e+02 5.600463e+07 6.293673e+06 
3.787557e+02 5.346220e+07 5.232670e+06 
2.902275e+02 5.791517e+07 5.522035e+06 

4.147970e+02 5.790879e+07 3.592939e+06 
3.400783e+02 5.145680e+07 6.462470e+06 
2.914460e+02 5.400136e+07 5.980196e+06 
3.485277e+02 5.231224e+07 5.883741e+06 
3.063712e+02 5.434654e+07 5.787286e+06 
3.314036e+02 5.468449e+07 5.594376e+06 
3.047322e+02 5.216940e+07 6.462470e+06 
2.573432e+02 5.529947e+07 6.679492e+06 
4.245233e+02 5.668190e+07 3.882303e+06 
2.982623e+02 5.325221e+07 6.173105e+06 
3.748704e+02 5.714287e+07 4.653942e+06 
3.544703e+02 5.706644e+07 4.846851e+06 
2.763794e+02 5.433692e+07 6.583038e+06 
3.234923e+02 5.193015e+07 6.366015e+06 
4.156100e+02 5.859880e+07 3.400029e+06 
3.277723e+02 5.320679e+07 5.787286e+06 
3.810330e+02 5.415052e+07 5.232670e+06 
2.806895e+02 5.417478e+07 6.679492e+06 
3.762998e+02 5.604749e+07 4.653942e+06 
2.985560e+02 5.634634e+07 5.232670e+06 
2.683259e+02 5.563042e+07 6.004309e+06 
2.811057e+02 5.388208e+07 6.679492e+06 
3.249155e+02 5.169089e+07 6.462470e+06 
3.063920e+02 5.214787e+07 6.462470e+06 
2.088588e+02 5.816221e+07 6.679492e+06 
3.538748e+02 5.263014e+07 5.690831e+06 
2.683070e+02 5.694094e+07 5.907854e+06 
3.685382e+02 5.627384e+07 4.750396e+06 
4.103905e+02 5.512082e+07 4.750396e+06 
3.358018e+02 5.155592e+07 6.366015e+06 
2.969486e+02 5.249760e+07 6.462470e+06 
3.925983e+02 5.888651e+07 4.364577e+06 
3.915079e+02 5.562668e+07 4.653942e+06 
3.004352e+02 5.237583e+07 6.462470e+06 
3.427243e+02 5.149630e+07 6.366015e+06 
2.587164e+02 5.519855e+07 6.679492e+06 
3.916164e+02 5.416001e+07 5.039761e+06 
2.858597e+02 5.326337e+07 6.366015e+06 
2.938002e+02 5.296401e+07 6.462470e+06 
2.807221e+02 5.736735e+07 5.425580e+06 
4.673843e+02 5.565046e+07 4.268122e+06 
2.201298e+02 5.769914e+07 6.583038e+06 
2.948563e+02 5.289783e+07 6.462470e+06 
2.912705e+02 5.722440e+07 5.232670e+06 
3.935838e+02 5.431240e+07 4.943306e+06 
4.102905e+02 5.640206e+07 4.461032e+06 
2.710647e+02 5.731193e+07 5.714944e+06 
2.748977e+02 5.643309e+07 5.714944e+06 
3.453129e+02 5.170568e+07 6.173105e+06 
2.228467e+02 5.689271e+07 6.679492e+06 
3.586156e+02 5.205712e+07 5.980196e+06 
2.363389e+02 5.657019e+07 6.679492e+06 
2.391306e+02 5.768065e+07 6.293673e+06 
2.632306e+02 5.451471e+07 6.679492e+06 
3.395608e+02 5.146766e+07 6.462470e+06 
2.820761e+02 5.369071e+07 6.366015e+06 
3.466060e+02 5.510436e+07 5.232670e+06 
4.088216e+02 5.865717e+07 3.785848e+06 
4.567596e+02 5.611287e+07 3.882303e+06 
3.607671e+02 5.229511e+07 5.787286e+06 
2.131555e+02 5.758369e+07 6.679492e+06 
2.782270e+02 5.691351e+07 5.618490e+06 
2.960163e+02 5.273045e+07 6.462470e+06 
2.335590e+02 5.749336e+07 6.390128e+06 
2.459106e+02 5.768401e+07 6.197218e+06 
2.535529e+02 5.662311e+07 6.197218e+06 
3.798322e+02 5.340556e+07 5.497922e+06 
2.613962e+02 5.551391e+07 6.293673e+06 
2.306808e+02 5.682488e+07 6.679492e+06 
4.049361e+02 5.747002e+07 4.075213e+06 
2.772665e+02 5.427659e+07 6.679492e+06 
2.165002e+02 5.722066e+07 6.679492e+06 
2.124258e+02 5.811341e+07 6.679492e+06 
2.292433e+02 5.707948e+07 6.486583e+06 
3.608177e+02 5.281996e+07 5.594376e+06 
2.326777e+02 5.671998e+07 6.679492e+06 
3.039460e+02 5.738473e+07 5.039761e+06 
4.440106e+02 5.627634e+07 3.496484e+06 
2.829101e+02 5.779335e+07 5.329125e+06 
2.496969e+02 5.591367e+07 6.679492e+06 
2.912707e+02 5.319557e+07 6.462470e+06 
3.698936e+02 5.396605e+07 5.425580e+06 
3.969731e+02 5.858289e+07 4.171668e+06 
3.998259e+02 5.822346e+07 3.978758e+06 
2.625361e+02 5.472191e+07 6.679492e+06 
2.947977e+02 5.783614e+07 5.039761e+06 
4.271229e+02 5.774253e+07 3.400029e+06 
3.276811e+02 5.161556e+07 6.462470e+06 
4.144532e+02 5.885681e+07 3.592939e+06 
2.588681e+02 5.749374e+07 6.004309e+06 
2.443110e+02 5.607521e+07 6.679492e+06 
2.917020e+02 5.308130e+07 6.462470e+06 
2.505426e+02 5.538587e+07 6.679492e+06 
4.045174e+02 5.442979e+07 4.846851e+06 
2.372469e+02 5.611209e+07 6.679492e+06 
2.205345e+02 5.710978e+07 6.679492e+06 
2.598773e+02 5.498038e+07 6.679492e+06 
2.135404e+02 5.737033e+07 6.679492e+06 
3.629555e+02 5.422660e+07 5.039761e+06 
3.110614e+02 5.558201e+07 5.618490e+06 

2.838151e+02 5.400829e+07 6.486583e+06 
2.448380e+02 5.616079e+07 6.583038e+06 
2.735070e+02 5.510465e+07 5.907854e+06 
4.020787e+02 5.500765e+07 4.846851e+06 
3.645826e+02 5.754725e+07 4.653942e+06 
2.162272e+02 5.724228e+07 6.679492e+06 
3.128475e+02 5.793559e+07 5.136216e+06 
4.225098e+02 5.363614e+07 5.232670e+06 
2.688902e+02 5.484375e+07 6.583038e+06 
2.462962e+02 5.775669e+07 6.197218e+06 
3.060178e+02 5.294048e+07 6.390128e+06 
3.941585e+02 5.639914e+07 4.461032e+06 
2.686916e+02 5.574155e+07 5.907854e+06 
2.841880e+02 5.699829e+07 5.522035e+06 
2.291799e+02 5.680886e+07 6.486583e+06 
2.492334e+02 5.558572e+07 6.486583e+06 
3.014591e+02 5.475313e+07 5.811399e+06 
2.955598e+02 5.617853e+07 5.522035e+06 
2.875422e+02 5.370814e+07 6.486583e+06 
3.434525e+02 5.424527e+07 5.714944e+06 
3.109615e+02 5.269343e+07 6.390128e+06 
2.907859e+02 5.419848e+07 6.197218e+06 
3.599988e+02 5.308872e+07 5.811399e+06 
3.798470e+02 5.384091e+07 5.039761e+06 
2.602300e+02 5.528399e+07 6.679492e+06 
2.088588e+02 5.816221e+07 6.679492e+06 
3.865585e+02 5.655234e+07 4.533374e+06 
2.876534e+02 5.361993e+07 6.486583e+06 
3.004351e+02 5.842306e+07 5.329125e+06 
3.696208e+02 5.257627e+07 5.907854e+06 
4.023821e+02 5.652054e+07 4.340464e+06 
3.332274e+02 5.398410e+07 5.811399e+06 
2.557993e+02 5.547588e+07 6.679492e+06 
3.203239e+02 5.468165e+07 5.714944e+06 
2.913561e+02 5.339840e+07 6.486583e+06 
3.002380e+02 5.309061e+07 6.486583e+06 
3.702038e+02 5.763095e+07 4.461032e+06 
3.454164e+02 5.525713e+07 5.425580e+06 
2.984881e+02 5.312529e+07 6.390128e+06 
3.917656e+02 5.709809e+07 4.436919e+06 
3.141304e+02 5.514476e+07 5.618490e+06 
2.639126e+02 5.637580e+07 6.004309e+06 
2.741497e+02 5.446720e+07 6.486583e+06 
2.345422e+02 5.747910e+07 6.293673e+06 
3.555617e+02 5.548930e+07 4.846851e+06 
2.791944e+02 5.558071e+07 5.811399e+06 
3.986696e+02 5.665450e+07 4.340464e+06 
3.420644e+02 5.646677e+07 5.039761e+06 
2.136894e+02 5.734928e+07 6.679492e+06 
2.721429e+02 5.450495e+07 6.583038e+06 
2.145082e+02 5.728728e+07 6.679492e+06 
3.918226e+02 5.325433e+07 5.618490e+06 
3.575629e+02 5.752961e+07 4.750396e+06 
2.558511e+02 5.784885e+07 5.907854e+06 
2.273440e+02 5.686985e+07 6.679492e+06 
2.211428e+02 5.696272e+07 6.679492e+06 
2.774181e+02 5.774097e+07 5.522035e+06 
4.056365e+02 5.766157e+07 4.244009e+06 
3.941212e+02 5.873872e+07 4.340464e+06 
3.641733e+02 5.470844e+07 5.232670e+06 
3.049539e+02 5.311120e+07 6.197218e+06 
3.014856e+02 5.863861e+07 5.232670e+06 
3.923574e+02 5.577309e+07 4.726283e+06 
2.445578e+02 5.642938e+07 6.293673e+06 
2.337462e+02 5.650585e+07 6.679492e+06 
2.175274e+02 5.719995e+07 6.679492e+06 
2.847803e+02 5.400096e+07 6.486583e+06 
2.113772e+02 5.756635e+07 6.679492e+06 
3.482435e+02 5.594789e+07 4.846851e+06 
2.814056e+02 5.409441e+07 6.486583e+06 
2.944802e+02 5.775849e+07 5.425580e+06 
2.773670e+02 5.426769e+07 6.583038e+06 
3.661005e+02 5.349139e+07 5.714944e+06 
2.622575e+02 5.501836e+07 6.679492e+06 
2.476843e+02 5.569333e+07 6.583038e+06 
2.893370e+02 5.500814e+07 5.811399e+06 
2.537170e+02 5.555022e+07 6.583038e+06 
3.687325e+02 5.470505e+07 5.136216e+06 
2.290988e+02 5.663901e+07 6.679492e+06 
2.119573e+02 5.747925e+07 6.679492e+06 
2.626641e+02 5.725592e+07 5.811399e+06 
3.395078e+02 5.596662e+07 5.232670e+06 
4.040866e+02 5.315063e+07 5.425580e+06 
2.713105e+02 5.457257e+07 6.583038e+06 
2.679534e+02 5.494956e+07 6.486583e+06 
2.701245e+02 5.478919e+07 6.486583e+06 
3.707348e+02 5.412542e+07 5.232670e+06 
3.317110e+02 5.644091e+07 5.425580e+06 
2.181236e+02 5.705004e+07 6.679492e+06 
2.465523e+02 5.747092e+07 6.004309e+06 
2.469695e+02 5.589420e+07 6.679492e+06 
2.343451e+02 5.622577e+07 6.679492e+06 
2.731755e+02 5.804027e+07 5.714944e+06 
4.057011e+02 5.273278e+07 5.618490e+06 
2.542419e+02 5.707908e+07 6.004309e+06 
2.846216e+02 5.421374e+07 6.293673e+06 
3.029805e+02 5.415682e+07 6.004309e+06 
3.523829e+02 5.343129e+07 5.907854e+06 
4.003209e+02 5.871421e+07 4.147554e+06 
2.869199e+02 5.386916e+07 6.486583e+06 

3.092751e+02 5.587181e+07 5.136216e+06 
2.371078e+02 5.646913e+07 6.679492e+06 
2.864257e+02 5.454760e+07 6.679492e+06 
3.431747e+02 5.657812e+07 4.509260e+06 
3.200542e+02 5.363517e+07 6.004309e+06 
2.423982e+02 5.632343e+07 6.486583e+06 
2.506375e+02 5.635505e+07 6.293673e+06 
2.861363e+02 5.456206e+07 6.486583e+06 
2.763736e+02 5.521826e+07 6.100764e+06 
2.673908e+02 5.497087e+07 6.486583e+06 
3.499847e+02 5.716628e+07 4.244009e+06 
4.029800e+02 5.586529e+07 3.858190e+06 
3.113158e+02 5.541740e+07 5.305012e+06 
2.893180e+02 5.451482e+07 6.679492e+06 
2.941922e+02 5.424003e+07 6.486583e+06 
2.983138e+02 5.508838e+07 5.618490e+06 
3.597179e+02 5.565531e+07 4.412806e+06 
3.117684e+02 5.325247e+07 6.486583e+06 
3.094362e+02 5.360793e+07 6.486583e+06 
3.063555e+02 5.391958e+07 6.100764e+06 
2.648479e+02 5.753451e+07 5.907854e+06 
3.136841e+02 5.615649e+07 5.112102e+06 
3.381064e+02 5.656037e+07 4.653942e+06 
2.955319e+02 5.402677e+07 6.486583e+06 
2.914975e+02 5.429065e+07 6.486583e+06 
2.088588e+02 5.816221e+07 6.679492e+06 
3.016280e+02 5.389538e+07 6.486583e+06 
2.951664e+02 5.417463e+07 6.486583e+06 
3.444726e+02 5.389796e+07 5.015648e+06 
4.250727e+02 5.351360e+07 5.087989e+06 
3.029918e+02 5.621549e+07 5.305012e+06 
2.755062e+02 5.702518e+07 5.811399e+06 
3.905289e+02 5.329069e+07 5.208557e+06 
3.241033e+02 5.295523e+07 6.486583e+06 
4.096239e+02 5.456593e+07 4.244009e+06 
2.864388e+02 5.654868e+07 5.618490e+06 
3.040118e+02 5.759896e+07 5.208557e+06 
2.839489e+02 5.572552e+07 5.714944e+06 
3.934157e+02 5.309594e+07 5.305012e+06 
2.946967e+02 5.661381e+07 5.425580e+06 
3.173991e+02 5.686647e+07 5.039761e+06 
2.922390e+02 5.656654e+07 5.522035e+06 
2.591561e+02 5.548995e+07 6.486583e+06 
3.502940e+02 5.344799e+07 5.208557e+06 
2.297978e+02 5.788876e+07 6.486583e+06 
3.484647e+02 5.510747e+07 4.629828e+06 
2.654605e+02 5.522098e+07 6.293673e+06 
2.253086e+02 5.699382e+07 6.679492e+06 
2.889677e+02 5.455038e+07 6.293673e+06 
3.978570e+02 5.598768e+07 3.858190e+06 
3.009269e+02 5.589886e+07 5.401467e+06 
3.248414e+02 5.302359e+07 6.293673e+06 
2.308439e+02 5.813038e+07 6.390128e+06 
2.190068e+02 5.715146e+07 6.679492e+06 
3.964680e+02 5.431940e+07 4.436919e+06 
3.510655e+02 5.313014e+07 6.100764e+06 
4.322734e+02 5.393277e+07 4.509260e+06 
4.033121e+02 5.583236e+07 4.051100e+06 
2.210288e+02 5.707556e+07 6.679492e+06 
4.090781e+02 5.404273e+07 4.316351e+06 
3.251753e+02 5.684877e+07 4.846851e+06 
3.736146e+02 5.539782e+07 4.219896e+06 
2.814611e+02 5.700748e+07 5.714944e+06 
4.054408e+02 5.488904e+07 4.051100e+06 
3.395040e+02 5.267646e+07 6.486583e+06 
2.481484e+02 5.550867e+07 6.679492e+06 
2.564011e+02 5.677908e+07 6.100764e+06 
3.852040e+02 5.679287e+07 4.051100e+06 
2.271261e+02 5.693865e+07 6.679492e+06 
2.409311e+02 5.814367e+07 6.100764e+06 
3.184955e+02 5.632505e+07 4.919193e+06 
4.254562e+02 5.359103e+07 4.895080e+06 
2.215088e+02 5.702882e+07 6.679492e+06 
3.313276e+02 5.290381e+07 6.486583e+06 
3.023344e+02 5.369615e+07 6.679492e+06 
2.614877e+02 5.717853e+07 6.004309e+06 
2.130911e+02 5.742028e+07 6.679492e+06 
3.266922e+02 5.383564e+07 5.570263e+06 
3.467171e+02 5.471078e+07 4.822738e+06 
3.968760e+02 5.298736e+07 5.401467e+06 
3.126090e+02 5.438026e+07 5.666718e+06 
2.192313e+02 5.712994e+07 6.679492e+06 
2.118523e+02 5.760386e+07 6.679492e+06 
3.318823e+02 5.506000e+07 4.919193e+06 
3.413032e+02 5.673492e+07 4.605715e+06 
3.605373e+02 5.694987e+07 4.219896e+06 
2.319622e+02 5.650535e+07 6.679492e+06 
4.208415e+02 5.363529e+07 4.702170e+06 
4.264370e+02 5.352906e+07 4.991534e+06 
2.161326e+02 5.728339e+07 6.679492e+06 
3.358621e+02 5.374837e+07 5.280899e+06 
3.999677e+02 5.273378e+07 5.305012e+06 
3.281074e+02 5.682036e+07 4.726283e+06 
3.936048e+02 5.478187e+07 4.244009e+06 
3.934035e+02 5.280983e+07 5.497922e+06 
3.968187e+02 5.671707e+07 3.978758e+06 
2.468056e+02 5.587432e+07 6.486583e+06 
2.213560e+02 5.745884e+07 6.583038e+06 
2.149110e+02 5.731633e+07 6.679492e+06 
3.065487e+02 5.364575e+07 6.486583e+06 

2.718276e+02 5.504472e+07 6.293673e+06 
2.680021e+02 5.486822e+07 6.679492e+06 
2.398882e+02 5.606893e+07 6.679492e+06 
3.029449e+02 5.399184e+07 5.859628e+06 
2.187974e+02 5.697858e+07 6.679492e+06 
3.127079e+02 5.284642e+07 6.679492e+06 
2.448445e+02 5.790320e+07 6.100764e+06 
3.033474e+02 5.776021e+07 5.208557e+06 
3.175250e+02 5.255711e+07 6.679492e+06 
3.167097e+02 5.277499e+07 6.076650e+06 
3.096907e+02 5.300286e+07 6.486583e+06 
2.753505e+02 5.433581e+07 6.679492e+06 
2.379574e+02 5.616008e+07 6.679492e+06 
2.534244e+02 5.821193e+07 5.907854e+06 
2.767597e+02 5.430171e+07 6.679492e+06 
3.166358e+02 5.291444e+07 5.956082e+06 
3.311020e+02 5.551632e+07 5.112102e+06 
3.509411e+02 5.644245e+07 4.943306e+06 
3.062355e+02 5.773008e+07 5.112102e+06 
2.242523e+02 5.746446e+07 6.583038e+06 
2.811646e+02 5.401341e+07 6.679492e+06 
3.457449e+02 5.800160e+07 4.364577e+06 
3.350013e+02 5.821246e+07 4.461032e+06 
3.442171e+02 5.739984e+07 4.461032e+06 
3.489305e+02 5.342258e+07 5.425580e+06 
2.837274e+02 5.389428e+07 6.390128e+06 
3.404115e+02 5.704571e+07 4.653942e+06 
2.669452e+02 5.496442e+07 6.679492e+06 
2.088588e+02 5.816221e+07 6.679492e+06 
2.953164e+02 5.420923e+07 6.100764e+06 
3.166933e+02 5.537192e+07 5.305012e+06 
3.009221e+02 5.581291e+07 5.497922e+06 
3.764601e+02 5.600500e+07 5.039761e+06 
2.776316e+02 5.415360e+07 6.583038e+06 
2.405957e+02 5.732891e+07 6.197218e+06 
3.419541e+02 5.399070e+07 5.329125e+06 
2.457184e+02 5.564135e+07 6.679492e+06 
3.413615e+02 5.487439e+07 5.208557e+06 
2.512790e+02 5.770747e+07 6.004309e+06 
2.578292e+02 5.520969e+07 6.679492e+06 
2.949286e+02 5.510409e+07 5.763173e+06 
2.463306e+02 5.651944e+07 6.390128e+06 
3.614910e+02 5.405728e+07 5.232670e+06 
3.849956e+02 5.655901e+07 4.846851e+06 
2.336162e+02 5.789431e+07 6.486583e+06 
2.350463e+02 5.657634e+07 6.679492e+06 
2.898173e+02 5.380981e+07 6.293673e+06 
2.700952e+02 5.451318e+07 6.679492e+06 
2.442478e+02 5.596165e+07 6.679492e+06 
2.313019e+02 5.659608e+07 6.679492e+06 
2.982263e+02 5.323844e+07 6.679492e+06 
2.682398e+02 5.466190e+07 6.679492e+06 
2.156320e+02 5.730436e+07 6.679492e+06 
3.351219e+02 5.292319e+07 5.666718e+06 
3.010834e+02 5.308552e+07 6.583038e+06 
2.297200e+02 5.683335e+07 6.679492e+06 
2.359909e+02 5.652110e+07 6.583038e+06 
3.444970e+02 5.701237e+07 4.750396e+06 
2.489815e+02 5.535423e+07 6.679492e+06 
3.118799e+02 5.296468e+07 6.679492e+06 
3.268874e+02 5.413789e+07 5.473808e+06 
2.872740e+02 5.575827e+07 5.907854e+06 
3.022764e+02 5.717007e+07 5.401467e+06 
2.927297e+02 5.332084e+07 6.366015e+06 
3.066633e+02 5.301864e+07 6.679492e+06 
2.485859e+02 5.585618e+07 6.583038e+06 
3.253997e+02 5.850403e+07 4.750396e+06 
3.325605e+02 5.269771e+07 5.859628e+06 
2.606431e+02 5.811497e+07 5.714944e+06 
2.116479e+02 5.769215e+07 6.679492e+06 
3.259747e+02 5.475437e+07 5.305012e+06 
2.686082e+02 5.657005e+07 5.907854e+06 
2.119694e+02 5.748210e+07 6.679492e+06 
3.471175e+02 5.339150e+07 5.594376e+06 
2.165991e+02 5.708281e+07 6.679492e+06 
3.136075e+02 5.630867e+07 5.112102e+06 
2.115137e+02 5.793346e+07 6.679492e+06 
3.299425e+02 5.775519e+07 4.653942e+06 
3.404513e+02 5.670246e+07 4.846851e+06 
2.640973e+02 5.499457e+07 6.679492e+06 
2.615824e+02 5.778969e+07 5.714944e+06 
2.902267e+02 5.687569e+07 5.522035e+06 
3.189714e+02 5.373590e+07 5.666718e+06 
2.357452e+02 5.824888e+07 6.390128e+06 
2.674199e+02 5.613400e+07 6.100764e+06 
3.821398e+02 5.354345e+07 5.232670e+06 
2.874861e+02 5.361295e+07 6.679492e+06 
3.186654e+02 5.759416e+07 4.943306e+06 
2.236311e+02 5.687742e+07 6.679492e+06 
3.089778e+02 5.759523e+07 5.015648e+06 
2.731370e+02 5.449277e+07 6.486583e+06 
3.216303e+02 5.246628e+07 6.583038e+06 
2.925306e+02 5.354240e+07 6.486583e+06 
3.592043e+02 5.309697e+07 5.618490e+06 
3.339181e+02 5.825166e+07 4.557487e+06 
3.091303e+02 5.446811e+07 5.473808e+06 
2.132071e+02 5.738635e+07 6.679492e+06 
3.169296e+02 5.269304e+07 6.583038e+06 
2.365365e+02 5.634996e+07 6.679492e+06 
3.002148e+02 5.756952e+07 5.425580e+06 

2.325875e+02 5.699576e+07 6.583038e+06 
2.123216e+02 5.762068e+07 6.679492e+06 
3.557049e+02 5.461007e+07 5.015648e+06 
2.835299e+02 5.662810e+07 5.811399e+06 
2.811496e+02 5.620795e+07 5.907854e+06 
3.534380e+02 5.480634e+07 4.846851e+06 
3.338021e+02 5.321861e+07 5.787286e+06 
2.562886e+02 5.561256e+07 6.679492e+06 
3.233277e+02 5.324396e+07 5.980196e+06 
3.338187e+02 5.763980e+07 4.653942e+06 
3.620924e+02 5.442142e+07 5.039761e+06 
2.765255e+02 5.568061e+07 6.173105e+06 
2.962091e+02 5.326978e+07 6.583038e+06 
3.132695e+02 5.431578e+07 5.714944e+06 
3.659064e+02 5.779996e+07 3.785848e+06 
3.688712e+02 5.748385e+07 4.268122e+06 
2.897254e+02 5.362282e+07 6.486583e+06 
3.262273e+02 5.524502e+07 5.136216e+06 
3.143188e+02 5.845961e+07 5.136216e+06 
3.255617e+02 5.320002e+07 6.100764e+06 
3.352967e+02 5.345511e+07 5.377354e+06 
2.088588e+02 5.816221e+07 6.679492e+06 
2.736074e+02 5.453413e+07 6.679492e+06 
2.549735e+02 5.575869e+07 6.679492e+06 
2.763564e+02 5.423649e+07 6.583038e+06 
2.804307e+02 5.783245e+07 5.714944e+06 
2.596597e+02 5.506710e+07 6.679492e+06 
2.621486e+02 5.500796e+07 6.679492e+06 
2.985607e+02 5.641352e+07 5.425580e+06 
2.514328e+02 5.583881e+07 6.679492e+06 
2.589600e+02 5.536909e+07 6.679492e+06 
2.490618e+02 5.631692e+07 6.390128e+06 
2.394216e+02 5.622608e+07 6.583038e+06 
3.106412e+02 5.742922e+07 5.232670e+06 
2.879367e+02 5.750166e+07 5.522035e+06 
2.484668e+02 5.590227e+07 6.679492e+06 
3.171166e+02 5.376364e+07 5.594376e+06 
3.362409e+02 5.501265e+07 4.991534e+06 
3.391110e+02 5.683277e+07 4.822738e+06 
2.345438e+02 5.652095e+07 6.679492e+06 
2.781543e+02 5.409145e+07 6.583038e+06 
3.965810e+02 5.771448e+07 3.785848e+06 
3.853975e+02 5.717359e+07 4.171668e+06 
2.389677e+02 5.728250e+07 6.390128e+06 
2.689349e+02 5.754217e+07 5.907854e+06 
3.400575e+02 5.243827e+07 6.076650e+06 
2.576935e+02 5.541552e+07 6.679492e+06 
3.204126e+02 5.472260e+07 5.377354e+06 
2.693277e+02 5.511745e+07 6.390128e+06 
2.534804e+02 5.578411e+07 6.583038e+06 
2.957669e+02 5.700291e+07 5.425580e+06 
3.489253e+02 5.638190e+07 4.653942e+06 
3.274805e+02 5.416560e+07 5.377354e+06 
2.265191e+02 5.705357e+07 6.679492e+06 
3.367876e+02 5.379540e+07 5.305012e+06 
3.591891e+02 5.800499e+07 4.171668e+06 
2.670139e+02 5.742734e+07 6.004309e+06 
2.831156e+02 5.390296e+07 6.583038e+06 
3.306718e+02 5.262587e+07 5.883741e+06 
3.547466e+02 5.602872e+07 4.461032e+06 
2.838996e+02 5.490979e+07 6.197218e+06 
2.593872e+02 5.522841e+07 6.679492e+06 
2.385096e+02 5.636267e+07 6.679492e+06 
2.666648e+02 5.667297e+07 6.100764e+06 
2.188756e+02 5.722660e+07 6.679492e+06 
2.612063e+02 5.505050e+07 6.679492e+06 
3.022857e+02 5.476414e+07 5.907854e+06 
2.133210e+02 5.727351e+07 6.679492e+06 
2.733067e+02 5.643525e+07 6.004309e+06 
3.309919e+02 5.527328e+07 4.919193e+06 
2.441508e+02 5.607020e+07 6.679492e+06 
3.873074e+02 5.725226e+07 3.882303e+06 
3.642599e+02 5.528555e+07 4.461032e+06 
2.886444e+02 5.576427e+07 5.907854e+06 
3.520282e+02 5.418737e+07 5.112102e+06 
2.204529e+02 5.709700e+07 6.679492e+06 
2.436829e+02 5.763667e+07 6.293673e+06 
2.746639e+02 5.449085e+07 6.679492e+06 
2.575017e+02 5.545388e+07 6.679492e+06 
2.819652e+02 5.404363e+07 6.679492e+06 
3.313726e+02 5.835821e+07 4.846851e+06 
2.933453e+02 5.376085e+07 6.293673e+06 
2.298396e+02 5.701483e+07 6.679492e+06 
2.261162e+02 5.803615e+07 6.486583e+06 
3.076875e+02 5.573786e+07 5.425580e+06 
3.076846e+02 5.808208e+07 5.232670e+06 
3.558204e+02 5.817115e+07 4.364577e+06 
2.121261e+02 5.772074e+07 6.679492e+06 
2.672944e+02 5.462120e+07 6.679492e+06 
2.653827e+02 5.494836e+07 6.679492e+06 
3.400901e+02 5.395924e+07 5.184444e+06 
3.329558e+02 5.254837e+07 5.883741e+06 
3.394562e+02 5.814479e+07 4.461032e+06 
2.362097e+02 5.826313e+07 6.390128e+06 
3.296138e+02 5.334160e+07 5.594376e+06 
3.841936e+02 5.702350e+07 4.268122e+06 
3.297441e+02 5.843575e+07 5.039761e+06 
3.362227e+02 5.244731e+07 5.883741e+06 
2.619962e+02 5.768092e+07 6.100764e+06 
3.286259e+02 5.309392e+07 6.173105e+06 

2.418039e+02 5.663501e+07 6.390128e+06 
3.709022e+02 5.767780e+07 3.882303e+06 
2.607008e+02 5.798790e+07 5.811399e+06 
2.700255e+02 5.757963e+07 5.714944e+06 
2.427744e+02 5.643411e+07 6.679492e+06 
3.722798e+02 5.289035e+07 5.690831e+06 
3.146761e+02 5.675646e+07 4.943306e+06 
3.716827e+02 5.376902e+07 5.305012e+06 
3.886866e+02 5.458348e+07 4.726283e+06 
2.259796e+02 5.680641e+07 6.583038e+06 
2.937155e+02 5.704627e+07 5.232670e+06 
2.792020e+02 5.402467e+07 6.583038e+06 
2.867326e+02 5.771836e+07 5.329125e+06 
3.560609e+02 5.685105e+07 4.268122e+06 
3.239709e+02 5.799384e+07 4.364577e+06 
3.683926e+02 5.557912e+07 4.750396e+06 
3.230520e+02 5.492509e+07 5.232670e+06 
3.865793e+02 5.684705e+07 4.075213e+06 
2.628770e+02 5.580411e+07 6.100764e+06 
2.810740e+02 5.397579e+07 6.486583e+06 
2.886787e+02 5.439314e+07 6.197218e+06 
2.966577e+02 5.345101e+07 6.583038e+06 
2.677594e+02 5.487486e+07 6.583038e+06 
2.088588e+02 5.816221e+07 6.679492e+06 
2.710056e+02 5.413827e+07 6.583038e+06 
3.233901e+02 5.545082e+07 5.039761e+06 
2.996069e+02 5.596722e+07 5.136216e+06 
3.069279e+02 5.526374e+07 5.425580e+06 
3.482419e+02 5.397807e+07 5.401467e+06 
3.144313e+02 5.315087e+07 6.293673e+06 
3.173391e+02 5.358053e+07 6.197218e+06 
3.116639e+02 5.316511e+07 6.293673e+06 
3.865985e+02 5.565620e+07 4.268122e+06 
2.390534e+02 5.807789e+07 6.197218e+06 
3.813482e+02 5.579172e+07 4.364577e+06 
3.314363e+02 5.708191e+07 4.364577e+06 
3.035146e+02 5.778774e+07 4.943306e+06 
3.666520e+02 5.412197e+07 5.305012e+06 
3.695517e+02 5.344126e+07 5.497922e+06 
2.141826e+02 5.756298e+07 6.679492e+06 
2.274904e+02 5.647294e+07 6.679492e+06 
3.144716e+02 5.407133e+07 5.883741e+06 
3.038067e+02 5.476077e+07 5.883741e+06 
3.283354e+02 5.611857e+07 4.846851e+06 
3.169835e+02 5.280355e+07 6.486583e+06 
2.253001e+02 5.682416e+07 6.679492e+06 
2.200975e+02 5.696733e+07 6.679492e+06 
3.184443e+02 5.757802e+07 4.653942e+06 
2.126732e+02 5.762076e+07 6.679492e+06 
3.337265e+02 5.763655e+07 4.268122e+06 
2.924473e+02 5.347779e+07 6.583038e+06 
2.505637e+02 5.785866e+07 6.004309e+06 
3.162282e+02 5.288834e+07 6.293673e+06 
3.157274e+02 5.808061e+07 4.750396e+06 
3.882187e+02 5.696220e+07 3.978758e+06 
2.648875e+02 5.624578e+07 6.004309e+06 
2.969973e+02 5.777662e+07 5.136216e+06 
2.327161e+02 5.763777e+07 6.390128e+06 
3.100953e+02 5.333189e+07 6.583038e+06 
2.729151e+02 5.731229e+07 5.618490e+06 
2.150508e+02 5.747928e+07 6.679492e+06 
3.617197e+02 5.815630e+07 4.171668e+06 
3.638256e+02 5.291295e+07 5.690831e+06 
3.261394e+02 5.845533e+07 4.268122e+06 
3.797276e+02 5.735008e+07 3.882303e+06 
2.814703e+02 5.648041e+07 5.522035e+06 
2.820577e+02 5.612466e+07 5.714944e+06 
3.500048e+02 5.344785e+07 5.690831e+06 
2.576621e+02 5.548921e+07 6.583038e+06 
3.147483e+02 5.860089e+07 4.846851e+06 
2.887637e+02 5.358677e+07 6.679492e+06 
2.592848e+02 5.530543e+07 6.583038e+06 
2.472226e+02 5.774521e+07 6.100764e+06 
2.156482e+02 5.724155e+07 6.679492e+06 
3.344114e+02 5.442656e+07 5.497922e+06 
2.171640e+02 5.717414e+07 6.679492e+06 
2.344110e+02 5.646807e+07 6.679492e+06 
2.654510e+02 5.513293e+07 6.583038e+06 
3.621222e+02 5.790030e+07 4.075213e+06 
2.220793e+02 5.797636e+07 6.583038e+06 
2.883396e+02 5.538128e+07 5.907854e+06 
2.868075e+02 5.372548e+07 6.486583e+06 
2.999300e+02 5.370411e+07 6.293673e+06 
3.880439e+02 5.731660e+07 3.882303e+06 
2.259865e+02 5.778744e+07 6.486583e+06 
3.053842e+02 5.336973e+07 6.679492e+06 
3.112946e+02 5.326885e+07 6.583038e+06 
2.116599e+02 5.769500e+07 6.679492e+06 
3.178211e+02 5.273735e+07 6.293673e+06 
3.783807e+02 5.436349e+07 5.112102e+06 
3.760743e+02 5.546220e+07 4.557487e+06 
3.319383e+02 5.392226e+07 5.690831e+06 
2.110219e+02 5.809794e+07 6.679492e+06 
2.540579e+02 5.786611e+07 5.907854e+06 
2.802841e+02 5.443799e+07 6.293673e+06 
2.488155e+02 5.716560e+07 6.100764e+06 
3.645471e+02 5.578584e+07 4.653942e+06 
3.019137e+02 5.339510e+07 6.583038e+06 
2.794413e+02 5.742268e+07 5.425580e+06 
2.435076e+02 5.593650e+07 6.679492e+06 

2.622831e+02 5.526353e+07 6.679492e+06 
2.263011e+02 5.786837e+07 6.486583e+06 
4.459197e+02 5.594080e+07 3.665280e+06 
3.199261e+02 5.182443e+07 6.679492e+06 
3.016572e+02 5.342733e+07 6.486583e+06 
3.319634e+02 5.529668e+07 4.919193e+06 
3.547135e+02 5.503514e+07 4.340464e+06 
3.121547e+02 5.402129e+07 6.004309e+06 
2.734664e+02 5.656183e+07 5.811399e+06 
2.847673e+02 5.413864e+07 6.679492e+06 
2.953042e+02 5.686346e+07 5.329125e+06 
3.196614e+02 5.208539e+07 6.679492e+06 
3.606223e+02 5.716572e+07 3.978758e+06 
2.322057e+02 5.669726e+07 6.583038e+06 
3.445086e+02 5.282048e+07 6.100764e+06 
3.229042e+02 5.414719e+07 5.329125e+06 
3.055480e+02 5.661500e+07 5.039761e+06 
3.431482e+02 5.502388e+07 4.436919e+06 
3.275976e+02 5.446489e+07 5.136216e+06 
3.052457e+02 5.291888e+07 6.679492e+06 
3.182399e+02 5.363922e+07 6.100764e+06 
4.172994e+02 5.636085e+07 3.472371e+06 
2.088588e+02 5.816221e+07 6.679492e+06 
2.955649e+02 5.390377e+07 6.679492e+06 
3.794623e+02 5.678112e+07 3.978758e+06 
3.025206e+02 5.473894e+07 5.522035e+06 
4.085907e+02 5.636143e+07 3.737622e+06 
2.631130e+02 5.517452e+07 6.679492e+06 
3.412719e+02 5.798847e+07 4.364577e+06 
3.460612e+02 5.155117e+07 6.486583e+06 
4.010851e+02 5.575412e+07 4.075213e+06 
3.272545e+02 5.148108e+07 6.679492e+06 
2.655563e+02 5.494663e+07 6.679492e+06 
3.160663e+02 5.672494e+07 4.846851e+06 
3.501157e+02 5.741037e+07 4.171668e+06 
3.126299e+02 5.742050e+07 4.943306e+06 
2.940990e+02 5.716637e+07 5.425580e+06 
2.440181e+02 5.796196e+07 6.197218e+06 
3.466884e+02 5.316569e+07 5.907854e+06 
3.428151e+02 5.472342e+07 4.726283e+06 
2.781188e+02 5.462925e+07 6.679492e+06 
3.705204e+02 5.457637e+07 4.340464e+06 
3.164037e+02 5.241642e+07 6.679492e+06 
2.755751e+02 5.750546e+07 5.714944e+06 
3.300548e+02 5.406447e+07 5.329125e+06 
2.456672e+02 5.557085e+07 6.679492e+06 
3.700135e+02 5.433513e+07 4.629828e+06 
2.948222e+02 5.403616e+07 6.679492e+06 
2.671424e+02 5.820224e+07 5.907854e+06 
2.355124e+02 5.636851e+07 6.679492e+06 
2.161326e+02 5.728339e+07 6.679492e+06 
3.128263e+02 5.569301e+07 5.136216e+06 
3.026764e+02 5.326615e+07 6.679492e+06 
2.942222e+02 5.464756e+07 5.907854e+06 
3.422903e+02 5.131029e+07 6.679492e+06 
2.971231e+02 5.342255e+07 6.679492e+06 
3.938949e+02 5.686527e+07 3.858190e+06 
2.490264e+02 5.726989e+07 6.100764e+06 
3.164831e+02 5.230106e+07 6.679492e+06 
2.955466e+02 5.728560e+07 5.136216e+06 
2.817727e+02 5.461178e+07 6.679492e+06 
3.373747e+02 5.298369e+07 6.100764e+06 
2.164036e+02 5.718287e+07 6.679492e+06 
3.377772e+02 5.598001e+07 4.557487e+06 
2.911246e+02 5.749118e+07 5.522035e+06 
2.611257e+02 5.541085e+07 6.679492e+06 
2.839808e+02 5.431281e+07 6.679492e+06 
2.310471e+02 5.688277e+07 6.679492e+06 
4.369873e+02 5.626577e+07 3.472371e+06 
2.737401e+02 5.551350e+07 6.197218e+06 
2.547335e+02 5.757741e+07 6.004309e+06 
4.050781e+02 5.612401e+07 3.978758e+06 
3.351496e+02 5.239851e+07 6.486583e+06 
3.844049e+02 5.425314e+07 4.244009e+06 
3.524654e+02 5.231554e+07 6.293673e+06 
3.078241e+02 5.262406e+07 6.679492e+06 
3.761141e+02 5.413504e+07 4.726283e+06 
2.987720e+02 5.613299e+07 5.329125e+06 
2.741488e+02 5.629875e+07 5.811399e+06 
3.368197e+02 5.718996e+07 4.750396e+06 
3.991000e+02 5.717413e+07 3.665280e+06 
2.125495e+02 5.739500e+07 6.679492e+06 
2.892213e+02 5.482143e+07 6.100764e+06 
3.634531e+02 5.393261e+07 5.329125e+06 
2.169988e+02 5.712078e+07 6.679492e+06 
2.193764e+02 5.697930e+07 6.679492e+06 
4.157674e+02 5.627764e+07 3.641167e+06 
3.510590e+02 5.352978e+07 5.714944e+06 
2.361728e+02 5.777015e+07 6.390128e+06 
2.984503e+02 5.385434e+07 6.486583e+06 
2.389344e+02 5.644711e+07 6.390128e+06 
2.433223e+02 5.573212e+07 6.583038e+06 
3.743716e+02 5.375820e+07 5.329125e+06 
2.588618e+02 5.546691e+07 6.679492e+06 
2.204536e+02 5.811227e+07 6.583038e+06 
3.651459e+02 5.367481e+07 5.522035e+06 
3.209457e+02 5.297293e+07 6.293673e+06 
2.429545e+02 5.823478e+07 6.293673e+06 
2.597564e+02 5.646478e+07 6.004309e+06 
3.820560e+02 5.422710e+07 4.653942e+06 

3.694134e+02 5.124835e+07 5.883741e+06 
3.254545e+02 5.228377e+07 5.763173e+06 
3.355753e+02 5.181145e+07 5.763173e+06 
2.764954e+02 5.569239e+07 6.004309e+06 
3.351254e+02 5.276355e+07 5.666718e+06 
2.399724e+02 5.581404e+07 6.583038e+06 
2.504460e+02 5.706401e+07 6.197218e+06 
3.211968e+02 5.653154e+07 5.039761e+06 
2.949663e+02 5.839017e+07 5.329125e+06 
2.356289e+02 5.677088e+07 6.679492e+06 
2.705144e+02 5.748141e+07 5.714944e+06 
3.480287e+02 5.299077e+07 5.618490e+06 
3.687481e+02 5.702188e+07 4.171668e+06 
3.310850e+02 5.193729e+07 5.763173e+06 
2.775223e+02 5.474927e+07 6.583038e+06 
2.970537e+02 5.383105e+07 6.269560e+06 
3.639387e+02 5.836082e+07 3.978758e+06 
3.757210e+02 5.694960e+07 3.978758e+06 
3.196919e+02 5.263933e+07 5.763173e+06 
3.486418e+02 5.774941e+07 4.557487e+06 
3.902262e+02 5.672741e+07 4.653942e+06 
2.784701e+02 5.501687e+07 6.173105e+06 
3.583234e+02 5.772231e+07 4.268122e+06 
3.385525e+02 5.576115e+07 4.822738e+06 
3.021815e+02 5.352577e+07 5.787286e+06 
2.593024e+02 5.492596e+07 6.679492e+06 
3.653851e+02 5.733104e+07 3.978758e+06 
2.817910e+02 5.739726e+07 5.522035e+06 
3.625202e+02 5.680511e+07 4.557487e+06 
2.088588e+02 5.816221e+07 6.679492e+06 
3.004767e+02 5.378022e+07 5.690831e+06 
3.778891e+02 5.894305e+07 3.882303e+06 
3.352455e+02 5.639624e+07 4.822738e+06 
3.480626e+02 5.540382e+07 4.822738e+06 
3.834732e+02 5.524833e+07 4.943306e+06 
3.827860e+02 5.868427e+07 3.882303e+06 
3.487824e+02 5.345726e+07 5.112102e+06 
2.672073e+02 5.534279e+07 6.293673e+06 
3.509229e+02 5.150028e+07 5.883741e+06 
3.315103e+02 5.191556e+07 5.763173e+06 
2.666500e+02 5.728922e+07 5.811399e+06 
3.498288e+02 5.164520e+07 5.883741e+06 
3.294555e+02 5.494982e+07 5.136216e+06 
3.499494e+02 5.325861e+07 5.305012e+06 
3.892184e+02 5.627747e+07 4.750396e+06 
3.205346e+02 5.391786e+07 5.377354e+06 
3.576320e+02 5.194105e+07 5.690831e+06 
3.504476e+02 5.872269e+07 4.268122e+06 
2.157641e+02 5.720762e+07 6.679492e+06 
2.833809e+02 5.645855e+07 5.618490e+06 
2.953483e+02 5.441423e+07 5.690831e+06 
3.506394e+02 5.176996e+07 5.763173e+06 
3.469207e+02 5.780256e+07 4.750396e+06 
2.678360e+02 5.669638e+07 5.907854e+06 
3.302964e+02 5.225832e+07 5.859628e+06 
2.201478e+02 5.701791e+07 6.679492e+06 
2.853771e+02 5.460257e+07 6.390128e+06 
3.073332e+02 5.348532e+07 6.076650e+06 
3.064968e+02 5.350539e+07 5.690831e+06 
3.113031e+02 5.321877e+07 6.076650e+06 
2.905206e+02 5.837312e+07 5.425580e+06 
3.130934e+02 5.435353e+07 5.305012e+06 
3.398174e+02 5.503707e+07 5.015648e+06 
2.629733e+02 5.486324e+07 6.679492e+06 
3.133694e+02 5.295154e+07 5.883741e+06 
2.252806e+02 5.781312e+07 6.583038e+06 
3.600784e+02 5.147351e+07 5.883741e+06 
3.027352e+02 5.452591e+07 5.497922e+06 
2.368101e+02 5.667324e+07 6.679492e+06 
2.360459e+02 5.757509e+07 6.390128e+06 
2.554962e+02 5.807138e+07 6.100764e+06 
2.387649e+02 5.618085e+07 6.679492e+06 
2.956431e+02 5.797384e+07 5.232670e+06 
3.473301e+02 5.787696e+07 4.653942e+06 
2.468926e+02 5.589508e+07 6.486583e+06 
2.592269e+02 5.831459e+07 5.907854e+06 
2.874312e+02 5.424328e+07 6.390128e+06 
2.117190e+02 5.722783e+07 6.679492e+06 
3.208247e+02 5.242813e+07 5.956082e+06 
2.503915e+02 5.659750e+07 6.293673e+06 
2.226826e+02 5.688875e+07 6.679492e+06 
2.939583e+02 5.421540e+07 5.883741e+06 
3.229668e+02 5.629926e+07 5.015648e+06 
3.056696e+02 5.518009e+07 5.305012e+06 
2.782676e+02 5.654237e+07 5.714944e+06 
2.474747e+02 5.751137e+07 6.293673e+06 
2.506373e+02 5.547902e+07 6.679492e+06 
2.671115e+02 5.477142e+07 6.486583e+06 
2.626821e+02 5.616397e+07 6.100764e+06 
2.465530e+02 5.568159e+07 6.583038e+06 
2.185737e+02 5.713859e+07 6.679492e+06 
2.762079e+02 5.752498e+07 5.618490e+06 
3.564788e+02 5.823340e+07 4.075213e+06 
3.363169e+02 5.374496e+07 5.208557e+06 
2.312613e+02 5.687350e+07 6.679492e+06 
2.569558e+02 5.520949e+07 6.679492e+06 
2.372631e+02 5.638034e+07 6.679492e+06 
2.268630e+02 5.741298e+07 6.486583e+06 
3.265381e+02 5.227445e+07 5.763173e+06 
3.299897e+02 5.330799e+07 5.497922e+06 

