8.539850e+03 3.441348e+07 1.057574e+06 
8.337950e+03 3.335277e+07 1.106554e+06 
6.472000e+03 2.696150e+07 2.298228e+06 
6.782950e+03 2.835660e+07 1.957750e+06 
8.076150e+03 3.269237e+07 1.319353e+06 
6.466950e+03 2.646654e+07 2.383347e+06 
7.903900e+03 3.216312e+07 1.361913e+06 
6.455200e+03 2.676998e+07 2.383347e+06 
7.631700e+03 3.164803e+07 1.830070e+06 
7.897050e+03 3.211982e+07 1.532152e+06 
7.791950e+03 3.214045e+07 1.404473e+06 
6.820200e+03 2.849379e+07 1.872630e+06 
6.529000e+03 2.696509e+07 2.213108e+06 
7.893450e+03 3.310661e+07 1.532152e+06 
6.755250e+03 2.841782e+07 1.957750e+06 
7.931850e+03 3.276508e+07 1.276793e+06 
6.742400e+03 2.833109e+07 2.127989e+06 
8.322550e+03 3.298212e+07 1.106554e+06 
6.418350e+03 2.639149e+07 2.468467e+06 
7.683550e+03 3.204951e+07 1.702391e+06 
6.755200e+03 2.832243e+07 2.127989e+06 
7.728700e+03 3.198434e+07 1.542791e+06 
8.392650e+03 3.315604e+07 1.057574e+06 
7.705600e+03 3.194463e+07 1.744951e+06 
7.732000e+03 3.178184e+07 1.574712e+06 

8.039150e+03 3.367341e+07 1.055261e+06 
8.131450e+03 3.400146e+07 1.191674e+06 
7.521200e+03 3.163312e+07 1.532152e+06 
7.103200e+03 3.009388e+07 1.702391e+06 
8.143650e+03 3.348029e+07 1.037375e+06 
7.093500e+03 2.972249e+07 1.872630e+06 
7.130050e+03 3.011743e+07 1.617271e+06 
7.566550e+03 3.159390e+07 1.361913e+06 
7.108750e+03 2.996929e+07 1.702391e+06 
6.588600e+03 2.750702e+07 2.213108e+06 
6.633500e+03 2.711493e+07 2.213108e+06 
7.531000e+03 3.158903e+07 1.447032e+06 
6.634050e+03 2.761249e+07 2.127989e+06 
7.113100e+03 2.975532e+07 1.702391e+06 
6.552500e+03 2.735190e+07 2.298228e+06 
7.137750e+03 2.973122e+07 1.787511e+06 
7.082550e+03 2.981308e+07 1.872630e+06 
7.018600e+03 2.939526e+07 1.957750e+06 
6.501250e+03 2.717502e+07 2.383347e+06 
8.024350e+03 3.336856e+07 1.191674e+06 
6.979800e+03 2.945997e+07 2.042869e+06 
7.004400e+03 2.958377e+07 1.957750e+06 
6.619000e+03 2.786925e+07 2.127989e+06 
8.059550e+03 3.335859e+07 1.106554e+06 
6.604800e+03 2.734245e+07 2.298228e+06 

7.505900e+03 3.089037e+07 1.532152e+06 
7.528700e+03 3.142355e+07 1.447032e+06 
7.577900e+03 3.148133e+07 1.361913e+06 
6.741000e+03 2.797592e+07 2.298228e+06 
8.163400e+03 3.280746e+07 1.359738e+06 
8.312650e+03 3.356944e+07 1.208656e+06 
7.293800e+03 3.073471e+07 1.787511e+06 
7.447500e+03 3.065254e+07 1.702391e+06 
8.337700e+03 3.376460e+07 1.133115e+06 
7.408700e+03 3.106266e+07 1.617271e+06 
7.518500e+03 3.129493e+07 1.510820e+06 
7.487550e+03 3.115632e+07 1.532152e+06 
6.752600e+03 2.789023e+07 2.298228e+06 
7.393600e+03 3.135915e+07 1.702391e+06 
7.445900e+03 3.063108e+07 1.787511e+06 
7.555150e+03 3.131387e+07 1.447032e+06 
6.690600e+03 2.789416e+07 2.383347e+06 
8.255300e+03 3.302156e+07 1.284197e+06 
6.732000e+03 2.779361e+07 2.383347e+06 
8.573650e+03 3.489177e+07 1.057574e+06 
8.233250e+03 3.305134e+07 1.284197e+06 
8.239250e+03 3.323827e+07 1.208656e+06 
6.783250e+03 2.789746e+07 2.213108e+06 
6.863350e+03 2.823581e+07 2.127989e+06 
6.737750e+03 2.798270e+07 2.298228e+06 

8.089500e+03 3.348548e+07 1.021435e+06 
7.981550e+03 3.356931e+07 1.106554e+06 
6.511200e+03 2.666810e+07 2.468467e+06 
7.809250e+03 3.297368e+07 1.208656e+06 
7.983300e+03 3.398968e+07 1.106554e+06 
7.582850e+03 3.214934e+07 1.361913e+06 
6.480300e+03 2.674558e+07 2.298228e+06 
7.917400e+03 3.294338e+07 1.208656e+06 
7.882550e+03 3.352158e+07 1.133115e+06 
6.509700e+03 2.670158e+07 2.383347e+06 
7.879950e+03 3.243855e+07 1.284197e+06 
7.122350e+03 2.932825e+07 1.702391e+06 
7.527950e+03 3.215313e+07 1.585351e+06 
7.117700e+03 2.957652e+07 1.787511e+06 
7.096550e+03 2.925868e+07 2.042869e+06 
6.531550e+03 2.675106e+07 2.383347e+06 
7.151300e+03 2.954625e+07 2.127989e+06 
7.575650e+03 3.256959e+07 1.447032e+06 
7.190750e+03 2.967950e+07 1.872630e+06 
7.651150e+03 3.265097e+07 1.361913e+06 
7.127650e+03 2.916175e+07 2.127989e+06 
6.518150e+03 2.648669e+07 2.468467e+06 
7.797950e+03 3.321846e+07 1.191674e+06 
7.731700e+03 3.313844e+07 1.276793e+06 
7.557850e+03 3.257150e+07 1.532152e+06 

7.255000e+03 3.064783e+07 1.532152e+06 
7.233400e+03 3.054467e+07 1.617271e+06 
8.318450e+03 3.417321e+07 9.820330e+05 
7.292700e+03 3.051685e+07 1.702391e+06 
7.903700e+03 3.216415e+07 1.361913e+06 
8.286850e+03 3.442101e+07 1.021435e+06 
6.854350e+03 2.886010e+07 2.042869e+06 
8.116900e+03 3.299883e+07 1.191674e+06 
7.937250e+03 3.254357e+07 1.276793e+06 
6.480200e+03 2.658951e+07 2.383347e+06 
8.179000e+03 3.317450e+07 1.133115e+06 
7.013750e+03 2.955604e+07 1.787511e+06 
7.921250e+03 3.256241e+07 1.276793e+06 
6.656900e+03 2.743156e+07 2.213108e+06 
8.307050e+03 3.313010e+07 1.133115e+06 
8.094300e+03 3.258648e+07 1.208656e+06 
6.948150e+03 2.915027e+07 1.872630e+06 
7.804350e+03 3.168292e+07 1.447032e+06 
8.226750e+03 3.315466e+07 1.133115e+06 
6.623000e+03 2.749754e+07 2.213108e+06 
6.834500e+03 2.914192e+07 2.127989e+06 
6.858800e+03 2.898480e+07 1.957750e+06 
8.169700e+03 3.296905e+07 1.191674e+06 
8.176000e+03 3.292592e+07 1.191674e+06 
6.599250e+03 2.729428e+07 2.298228e+06 

8.397400e+03 3.521579e+07 1.057574e+06 
8.288450e+03 3.536136e+07 1.106554e+06 
8.010700e+03 3.373201e+07 1.276793e+06 
7.642700e+03 3.105302e+07 1.702391e+06 
7.831700e+03 3.280536e+07 1.447032e+06 
7.813200e+03 3.268066e+07 1.532152e+06 
6.563650e+03 2.675506e+07 2.383347e+06 
7.690250e+03 3.172676e+07 1.617271e+06 
6.488950e+03 2.641849e+07 2.553587e+06 
7.400900e+03 3.065856e+07 1.957750e+06 
7.548500e+03 3.126051e+07 1.872630e+06 
7.869150e+03 3.244457e+07 1.532152e+06 
7.883950e+03 3.296828e+07 1.284197e+06 
8.307350e+03 3.487861e+07 1.021435e+06 
7.589600e+03 3.087135e+07 1.872630e+06 
7.858800e+03 3.267617e+07 1.532152e+06 
6.518750e+03 2.651632e+07 2.468467e+06 
7.474700e+03 3.061214e+07 2.042869e+06 
6.599100e+03 2.670117e+07 2.383347e+06 
7.905550e+03 3.271064e+07 1.447032e+06 
8.145850e+03 3.466933e+07 1.191674e+06 
8.174200e+03 3.428581e+07 1.191674e+06 
8.169950e+03 3.534126e+07 1.074634e+06 
8.203950e+03 3.479209e+07 1.276793e+06 
7.369100e+03 3.092259e+07 1.957750e+06 

8.039200e+03 3.389997e+07 1.208656e+06 
7.848600e+03 3.275192e+07 1.284197e+06 
6.707250e+03 2.764782e+07 2.127989e+06 
6.690400e+03 2.733908e+07 2.127989e+06 
7.658950e+03 3.182415e+07 1.617271e+06 
6.618500e+03 2.741887e+07 2.127989e+06 
7.746950e+03 3.299331e+07 1.447032e+06 
6.690850e+03 2.764704e+07 2.042869e+06 
7.672850e+03 3.184676e+07 1.532152e+06 
6.599650e+03 2.690037e+07 2.383347e+06 
7.645150e+03 3.216181e+07 1.532152e+06 
8.116150e+03 3.384593e+07 1.133115e+06 
7.673650e+03 3.176265e+07 1.532152e+06 
7.786000e+03 3.284569e+07 1.319353e+06 
7.586050e+03 3.246427e+07 1.510820e+06 
7.875450e+03 3.215831e+07 1.404473e+06 
7.544200e+03 3.141605e+07 1.574712e+06 
7.894850e+03 3.359429e+07 1.276793e+06 
7.763350e+03 3.236028e+07 1.489592e+06 
6.600550e+03 2.689908e+07 2.213108e+06 
7.806700e+03 3.234884e+07 1.284197e+06 
7.659950e+03 3.239805e+07 1.404473e+06 
7.732250e+03 3.285167e+07 1.284197e+06 
6.590000e+03 2.701323e+07 2.298228e+06 
6.656800e+03 2.717814e+07 2.213108e+06 

6.949250e+03 2.922710e+07 2.127989e+06 
6.785550e+03 2.824369e+07 2.383347e+06 
8.058650e+03 3.340191e+07 1.361913e+06 
7.355900e+03 3.073883e+07 1.500231e+06 
7.175450e+03 2.969612e+07 2.042869e+06 
6.828550e+03 2.846206e+07 2.213108e+06 
6.809850e+03 2.840366e+07 2.351427e+06 
7.126800e+03 3.016500e+07 2.042869e+06 
7.196650e+03 3.027914e+07 1.702391e+06 
6.773700e+03 2.788699e+07 2.553587e+06 
6.845600e+03 2.844814e+07 2.298228e+06 
6.863200e+03 2.842365e+07 2.298228e+06 
8.114750e+03 3.328280e+07 1.276793e+06 
8.197050e+03 3.377058e+07 1.057574e+06 
7.150200e+03 2.985656e+07 1.872630e+06 
6.745600e+03 2.788865e+07 2.553587e+06 
6.780500e+03 2.799599e+07 2.468467e+06 
7.237800e+03 3.070096e+07 1.532152e+06 
8.168450e+03 3.385714e+07 1.191674e+06 
6.802550e+03 2.793850e+07 2.468467e+06 
7.364850e+03 3.063734e+07 1.617271e+06 
6.821800e+03 2.790652e+07 2.468467e+06 
6.827100e+03 2.849489e+07 2.213108e+06 
6.788900e+03 2.819523e+07 2.383347e+06 
6.762150e+03 2.780535e+07 2.606786e+06 

8.104000e+03 3.347725e+07 1.133115e+06 
7.903050e+03 3.299345e+07 1.276793e+06 
6.543200e+03 2.739231e+07 2.553587e+06 
7.277400e+03 3.116886e+07 1.532152e+06 
7.659150e+03 3.186390e+07 1.284197e+06 
8.252500e+03 3.417530e+07 1.106554e+06 
7.075550e+03 2.986430e+07 1.872630e+06 
7.397100e+03 3.144987e+07 1.500231e+06 
7.032650e+03 2.933222e+07 2.181188e+06 
7.105700e+03 2.967108e+07 1.787511e+06 
7.148300e+03 2.990034e+07 1.702391e+06 
7.387150e+03 3.168334e+07 1.435279e+06 
8.139950e+03 3.364709e+07 1.191674e+06 
8.558450e+03 3.474522e+07 1.074634e+06 
7.400200e+03 3.157403e+07 1.447032e+06 
7.609900e+03 3.174283e+07 1.361913e+06 
7.094950e+03 2.968032e+07 1.787511e+06 
7.216100e+03 3.031268e+07 1.617271e+06 
7.675700e+03 3.169541e+07 1.361913e+06 
7.331100e+03 3.077692e+07 1.510820e+06 
8.014750e+03 3.306280e+07 1.208656e+06 
7.550550e+03 3.204348e+07 1.510820e+06 
7.328850e+03 3.113613e+07 1.532152e+06 
7.065650e+03 2.949491e+07 2.181188e+06 
6.992550e+03 2.946193e+07 1.957750e+06 

8.358300e+03 3.326658e+07 1.030698e+06 
7.178100e+03 2.964994e+07 1.617271e+06 
6.777800e+03 2.767986e+07 2.127989e+06 
6.614550e+03 2.728710e+07 2.383347e+06 
6.741750e+03 2.774416e+07 2.213108e+06 
6.753050e+03 2.770302e+07 2.213108e+06 
8.008800e+03 3.242681e+07 1.133115e+06 
6.972500e+03 2.896503e+07 1.702391e+06 
7.367200e+03 3.050620e+07 1.284197e+06 
6.644700e+03 2.736266e+07 2.298228e+06 
7.949200e+03 3.208850e+07 1.149114e+06 
7.998750e+03 3.269271e+07 1.057574e+06 
6.651800e+03 2.734319e+07 2.298228e+06 
7.804300e+03 3.221128e+07 1.191674e+06 
6.631400e+03 2.746148e+07 2.298228e+06 
7.949550e+03 3.205053e+07 1.191674e+06 
6.974250e+03 2.885627e+07 1.957750e+06 
6.755000e+03 2.801748e+07 2.042869e+06 
6.767250e+03 2.770081e+07 2.213108e+06 
8.046800e+03 3.241413e+07 1.133115e+06 
6.689400e+03 2.763101e+07 2.383347e+06 
6.769300e+03 2.778047e+07 2.170549e+06 
8.034350e+03 3.214483e+07 1.133115e+06 
6.608550e+03 2.744763e+07 2.425907e+06 
7.273550e+03 2.972867e+07 1.532152e+06 

