2.324928e+02 5.325473e+07 5.019651e+06 
2.468237e+02 4.901514e+07 4.015721e+06 
2.532809e+02 4.857291e+07 4.015721e+06 
2.655738e+02 4.744593e+07 3.212577e+06 
2.526984e+02 4.870065e+07 4.015721e+06 
2.494785e+02 4.868767e+07 4.015721e+06 
2.362714e+02 5.115985e+07 4.417293e+06 
2.759016e+02 5.462873e+07 2.610219e+06 
2.354681e+02 5.250981e+07 5.019651e+06 
2.536837e+02 4.836105e+07 3.814935e+06 
2.447083e+02 5.083625e+07 4.216507e+06 
2.716722e+02 5.616949e+07 2.724848e+06 
2.328014e+02 5.419180e+07 5.220437e+06 
2.565305e+02 4.807370e+07 3.413363e+06 
2.328134e+02 5.325946e+07 5.019651e+06 
2.566185e+02 4.901994e+07 3.212577e+06 
2.609676e+02 4.785955e+07 3.212577e+06 
2.429810e+02 5.095561e+07 4.417293e+06 
2.866138e+02 5.418791e+07 2.811005e+06 
2.514375e+02 4.877259e+07 3.614149e+06 
2.747224e+02 5.384919e+07 2.724848e+06 
2.467616e+02 4.943802e+07 4.216507e+06 
2.620239e+02 4.772768e+07 3.212577e+06 
2.562284e+02 4.903182e+07 3.212577e+06 
2.432826e+02 5.104525e+07 4.417293e+06 
2.554771e+02 4.830155e+07 3.614149e+06 
2.441415e+02 5.095132e+07 4.417293e+06 
2.734419e+02 4.688582e+07 3.614149e+06 
2.783085e+02 5.455657e+07 2.610219e+06 
2.591101e+02 4.761693e+07 4.015721e+06 
2.468857e+02 5.029942e+07 3.614149e+06 
2.545498e+02 4.966921e+07 3.212577e+06 
2.538059e+02 4.810503e+07 3.413363e+06 
2.760834e+02 5.369086e+07 3.011791e+06 
2.498588e+02 4.898636e+07 4.015721e+06 
2.379345e+02 5.121208e+07 4.216507e+06 
2.369061e+02 5.132949e+07 4.417293e+06 
2.814952e+02 5.418717e+07 3.011791e+06 
2.699412e+02 5.718629e+07 2.811005e+06 
2.413828e+02 5.134129e+07 4.015721e+06 
2.519719e+02 4.863741e+07 3.413363e+06 
2.354524e+02 5.272280e+07 4.818865e+06 
2.866761e+02 5.294504e+07 3.011791e+06 
2.446625e+02 4.919493e+07 4.216507e+06 
2.365703e+02 5.130253e+07 4.818865e+06 
2.507775e+02 4.997973e+07 3.212577e+06 
2.470417e+02 5.028094e+07 3.413363e+06 
2.356305e+02 5.139687e+07 4.417293e+06 
2.405025e+02 5.133709e+07 4.015721e+06 
2.414298e+02 5.099342e+07 4.417293e+06 
2.621579e+02 4.744188e+07 3.212577e+06 
2.467579e+02 5.059229e+07 3.814935e+06 
2.637225e+02 4.719122e+07 3.614149e+06 
2.400967e+02 5.107298e+07 4.216507e+06 
2.478772e+02 5.063234e+07 3.413363e+06 
2.456652e+02 5.068451e+07 4.417293e+06 
2.587489e+02 4.743712e+07 3.413363e+06 
2.401706e+02 5.119653e+07 4.216507e+06 
2.485756e+02 5.007421e+07 3.614149e+06 
2.584718e+02 4.768914e+07 4.015721e+06 
2.458546e+02 5.097552e+07 3.814935e+06 
2.737537e+02 5.445905e+07 3.011791e+06 
2.601605e+02 4.709794e+07 3.814935e+06 
2.525499e+02 4.851341e+07 3.814935e+06 
2.604258e+02 4.803218e+07 3.212577e+06 
2.661449e+02 4.701259e+07 4.015721e+06 
2.356356e+02 5.333761e+07 4.618079e+06 
2.463670e+02 4.996397e+07 4.015721e+06 
2.560154e+02 4.813840e+07 4.216507e+06 
2.584941e+02 4.787544e+07 3.413363e+06 
2.548266e+02 5.007732e+07 3.212577e+06 
2.406065e+02 5.109343e+07 4.618079e+06 
2.650928e+02 5.447454e+07 3.011791e+06 
2.584332e+02 4.796857e+07 3.814935e+06 
2.474213e+02 4.927995e+07 4.015721e+06 
2.586234e+02 4.873017e+07 3.212577e+06 
2.485242e+02 4.933297e+07 3.814935e+06 
2.570747e+02 4.834284e+07 3.212577e+06 
2.506907e+02 4.982619e+07 3.614149e+06 
2.632137e+02 4.731440e+07 3.413363e+06 
2.343409e+02 5.239375e+07 5.019651e+06 
2.703431e+02 4.631086e+07 3.413363e+06 
2.803229e+02 5.428284e+07 2.700734e+06 
2.793162e+02 5.287029e+07 3.011791e+06 
2.647289e+02 4.705227e+07 3.614149e+06 
2.743932e+02 5.536984e+07 2.811005e+06 
2.569370e+02 4.796447e+07 4.216507e+06 
2.809775e+02 5.531770e+07 2.610219e+06 
2.744437e+02 4.646901e+07 3.614149e+06 
2.578374e+02 4.760728e+07 4.015721e+06 
2.512425e+02 4.940539e+07 3.614149e+06 
2.663146e+02 5.560976e+07 3.011791e+06 
2.835757e+02 5.384746e+07 2.811005e+06 
2.616362e+02 4.728708e+07 3.814935e+06 
2.643822e+02 4.692851e+07 3.413363e+06 
2.709748e+02 5.780639e+07 2.811005e+06 
2.695256e+02 4.698696e+07 3.413363e+06 
2.463092e+02 4.959392e+07 4.417293e+06 
2.507173e+02 5.025360e+07 3.413363e+06 
2.487506e+02 4.889137e+07 3.814935e+06 

2.429484e+02 4.766319e+07 3.212577e+06 
2.508151e+02 4.600351e+07 2.811005e+06 
2.361252e+02 4.817289e+07 3.814935e+06 
2.367373e+02 4.862074e+07 3.614149e+06 
2.363383e+02 4.744215e+07 4.015721e+06 
2.575909e+02 4.563725e+07 2.811005e+06 
2.483809e+02 4.632710e+07 3.212577e+06 
2.694052e+02 4.559061e+07 2.811005e+06 
2.359931e+02 4.876206e+07 3.614149e+06 
2.521970e+02 4.590788e+07 2.811005e+06 
2.394439e+02 4.743100e+07 3.614149e+06 
2.661712e+02 4.564647e+07 2.797189e+06 
2.363178e+02 4.845356e+07 3.413363e+06 
2.638517e+02 4.555925e+07 2.811005e+06 
2.429392e+02 4.680580e+07 3.413363e+06 
2.421124e+02 4.696986e+07 3.011791e+06 
2.709288e+02 4.528759e+07 3.011791e+06 
2.455886e+02 4.646331e+07 3.212577e+06 
2.375741e+02 4.762385e+07 3.814935e+06 
2.682016e+02 4.547082e+07 3.011791e+06 
2.544383e+02 4.582814e+07 2.811005e+06 
2.467211e+02 4.650848e+07 3.011791e+06 
2.682772e+02 4.559044e+07 2.700734e+06 
2.570565e+02 4.563638e+07 3.011791e+06 
2.480420e+02 4.609434e+07 3.011791e+06 
2.528867e+02 4.590290e+07 2.811005e+06 
2.374720e+02 4.774451e+07 3.614149e+06 
2.602014e+02 4.595694e+07 2.797189e+06 
2.598400e+02 4.583936e+07 2.797189e+06 
2.404182e+02 4.771116e+07 3.413363e+06 
2.364840e+02 4.857222e+07 3.614149e+06 
2.372721e+02 4.778116e+07 3.814935e+06 
2.792382e+02 4.511779e+07 2.811005e+06 
2.412294e+02 4.698030e+07 3.413363e+06 
2.579989e+02 4.578106e+07 3.011791e+06 
2.492643e+02 4.613451e+07 2.811005e+06 
2.400889e+02 4.778461e+07 3.413363e+06 
2.357242e+02 4.843015e+07 4.216507e+06 
2.476125e+02 4.630017e+07 2.811005e+06 
2.384288e+02 4.685131e+07 3.614149e+06 
2.429818e+02 4.739516e+07 3.212577e+06 
2.656147e+02 4.557299e+07 2.797189e+06 
2.391919e+02 4.754765e+07 3.413363e+06 
2.562747e+02 4.580294e+07 2.811005e+06 
2.527258e+02 4.588528e+07 3.011791e+06 
2.409297e+02 4.767397e+07 3.212577e+06 
2.447998e+02 4.815766e+07 3.011791e+06 
2.409482e+02 4.795620e+07 3.212577e+06 
2.355791e+02 5.030146e+07 4.015721e+06 
2.578332e+02 4.556971e+07 3.011791e+06 
2.471887e+02 4.701712e+07 2.811005e+06 
2.684801e+02 4.556089e+07 3.011791e+06 
2.485335e+02 4.587886e+07 2.811005e+06 
2.416658e+02 4.715961e+07 3.413363e+06 
2.437648e+02 4.703895e+07 3.212577e+06 
2.389558e+02 4.762839e+07 3.614149e+06 
2.368140e+02 4.812947e+07 4.015721e+06 
2.543176e+02 4.588925e+07 3.011791e+06 
2.357877e+02 4.865727e+07 4.015721e+06 
2.395496e+02 4.746231e+07 3.614149e+06 
2.597496e+02 4.562660e+07 2.811005e+06 
2.817367e+02 4.555254e+07 3.212577e+06 
2.704033e+02 4.542050e+07 3.011791e+06 
2.424169e+02 4.672307e+07 3.011791e+06 
2.453203e+02 4.666939e+07 3.011791e+06 
2.741281e+02 4.548873e+07 2.811005e+06 
2.410371e+02 4.727502e+07 3.413363e+06 
2.380202e+02 4.766917e+07 3.614149e+06 
2.690022e+02 4.535602e+07 3.011791e+06 
2.462613e+02 4.671082e+07 3.011791e+06 
2.609539e+02 4.544382e+07 2.811005e+06 
2.366847e+02 4.761181e+07 3.814935e+06 
2.437824e+02 4.634376e+07 2.811005e+06 
2.609428e+02 4.572140e+07 2.811005e+06 
2.503372e+02 4.621539e+07 2.811005e+06 
2.793391e+02 4.523937e+07 2.811005e+06 
2.353114e+02 4.781517e+07 3.814935e+06 
2.353626e+02 4.958572e+07 4.015721e+06 
2.478083e+02 4.633392e+07 2.811005e+06 
2.382024e+02 4.865581e+07 3.413363e+06 
2.377803e+02 4.783363e+07 3.614149e+06 
2.445824e+02 4.671376e+07 3.212577e+06 
2.492342e+02 4.633249e+07 3.011791e+06 
2.498498e+02 4.610517e+07 3.011791e+06 
2.549966e+02 4.583375e+07 2.811005e+06 
2.653045e+02 4.552520e+07 2.811005e+06 
2.408977e+02 4.725571e+07 3.614149e+06 
2.387631e+02 4.770205e+07 3.614149e+06 
2.583773e+02 4.565044e+07 2.811005e+06 
2.659316e+02 4.598694e+07 2.700734e+06 
2.497417e+02 4.582894e+07 2.811005e+06 
2.357587e+02 4.826795e+07 3.814935e+06 
2.389163e+02 4.865465e+07 3.413363e+06 
2.371445e+02 4.787615e+07 3.814935e+06 
2.378790e+02 4.815466e+07 4.216507e+06 
2.750937e+02 4.580837e+07 2.797189e+06 
2.404095e+02 4.680452e+07 3.212577e+06 
2.346376e+02 4.878642e+07 3.814935e+06 
2.358997e+02 4.813672e+07 4.015721e+06 
2.381229e+02 4.765502e+07 3.614149e+06 

2.794533e+02 4.644011e+07 3.413363e+06 
2.777853e+02 5.255597e+07 2.604280e+06 
2.590715e+02 4.689022e+07 3.614149e+06 
2.391964e+02 4.949621e+07 3.614149e+06 
2.780831e+02 5.077994e+07 2.628393e+06 
2.760897e+02 5.345070e+07 2.604280e+06 
2.526620e+02 4.690619e+07 3.413363e+06 
2.450315e+02 4.735768e+07 3.814935e+06 
2.627927e+02 4.665718e+07 3.413363e+06 
2.404120e+02 4.905292e+07 4.015721e+06 
2.584986e+02 4.829314e+07 3.011791e+06 
2.366153e+02 4.975601e+07 4.216507e+06 
2.348055e+02 5.030677e+07 4.015721e+06 
2.860118e+02 5.086881e+07 2.610219e+06 
2.530286e+02 4.746893e+07 3.212577e+06 
2.564125e+02 4.825169e+07 3.011791e+06 
2.683871e+02 5.227561e+07 2.610219e+06 
2.393641e+02 4.940658e+07 4.015721e+06 
2.352677e+02 5.123083e+07 4.216507e+06 
2.765900e+02 5.283372e+07 2.604280e+06 
2.786402e+02 5.208688e+07 2.604280e+06 
2.756100e+02 5.095024e+07 2.610219e+06 
2.607059e+02 4.641522e+07 3.413363e+06 
2.569341e+02 4.726757e+07 3.212577e+06 
2.383879e+02 4.950156e+07 3.814935e+06 
2.381877e+02 4.932796e+07 3.814935e+06 
2.430537e+02 4.775766e+07 3.814935e+06 
2.409357e+02 4.891023e+07 4.417293e+06 
2.669075e+02 4.646492e+07 3.614149e+06 
2.468461e+02 4.752042e+07 3.814935e+06 
2.467370e+02 4.693965e+07 3.413363e+06 
2.599338e+02 5.178614e+07 2.811005e+06 
2.359951e+02 5.008858e+07 4.216507e+06 
2.466226e+02 4.763451e+07 3.614149e+06 
2.458969e+02 4.789061e+07 3.614149e+06 
2.354657e+02 4.972958e+07 4.015721e+06 
2.600836e+02 5.171829e+07 2.700734e+06 
2.445652e+02 4.809951e+07 3.212577e+06 
2.680528e+02 5.203400e+07 2.610219e+06 
2.427970e+02 4.835242e+07 4.015721e+06 
2.359986e+02 4.995239e+07 3.814935e+06 
2.499570e+02 4.748998e+07 3.212577e+06 
2.467298e+02 4.789392e+07 3.413363e+06 
2.538502e+02 4.737418e+07 3.212577e+06 
2.353653e+02 5.059556e+07 3.814935e+06 
2.443899e+02 4.866566e+07 3.614149e+06 
2.615904e+02 4.674760e+07 3.413363e+06 
2.642428e+02 4.639826e+07 3.413363e+06 
2.655780e+02 5.272663e+07 2.700734e+06 
2.562475e+02 4.709514e+07 3.212577e+06 
2.735959e+02 5.115784e+07 2.610219e+06 
2.509180e+02 4.746293e+07 3.212577e+06 
2.647735e+02 5.169773e+07 2.893644e+06 
2.381324e+02 4.954137e+07 3.814935e+06 
2.805554e+02 5.029380e+07 2.724848e+06 
2.584176e+02 4.678791e+07 3.413363e+06 
2.403251e+02 4.826721e+07 3.814935e+06 
2.344791e+02 5.108040e+07 3.814935e+06 
2.471031e+02 4.910162e+07 3.212577e+06 
2.512298e+02 4.742777e+07 3.212577e+06 
2.582432e+02 4.696048e+07 3.212577e+06 
2.417501e+02 4.814953e+07 4.015721e+06 
2.351847e+02 5.018423e+07 3.814935e+06 
2.401117e+02 4.928518e+07 4.015721e+06 
2.690412e+02 5.094907e+07 2.700734e+06 
2.460524e+02 4.792770e+07 3.413363e+06 
2.416061e+02 4.857433e+07 4.417293e+06 
2.788204e+02 5.215770e+07 2.604280e+06 
2.386427e+02 5.000656e+07 3.614149e+06 
2.372745e+02 4.983576e+07 3.814935e+06 
2.715228e+02 4.671954e+07 3.212577e+06 
2.416996e+02 4.956465e+07 3.614149e+06 
2.620732e+02 4.743350e+07 3.011791e+06 
2.780544e+02 5.254408e+07 2.604280e+06 
2.574468e+02 4.723880e+07 3.011791e+06 
2.754187e+02 5.121787e+07 2.610219e+06 
2.697500e+02 5.186076e+07 2.628393e+06 
2.664349e+02 5.126805e+07 2.797189e+06 
2.442129e+02 4.754851e+07 4.015721e+06 
2.508674e+02 4.703933e+07 3.614149e+06 
2.438055e+02 4.882681e+07 3.614149e+06 
2.397678e+02 4.928045e+07 3.814935e+06 
2.375973e+02 4.966641e+07 3.814935e+06 
2.466348e+02 4.779072e+07 3.814935e+06 
2.371157e+02 4.965815e+07 4.015721e+06 
2.476605e+02 4.716903e+07 3.413363e+06 
2.686500e+02 5.145950e+07 2.724848e+06 
2.707134e+02 5.167172e+07 2.610219e+06 
2.433025e+02 4.805212e+07 4.015721e+06 
2.474563e+02 4.733610e+07 3.814935e+06 
2.526110e+02 4.694240e+07 3.413363e+06 
2.444361e+02 4.788270e+07 3.814935e+06 
2.448434e+02 4.897332e+07 3.413363e+06 
2.607898e+02 5.182321e+07 2.811005e+06 
2.576069e+02 5.216283e+07 2.811005e+06 
2.622677e+02 4.664427e+07 3.212577e+06 
2.697623e+02 5.110294e+07 2.700734e+06 
2.442332e+02 4.749970e+07 3.814935e+06 
2.681578e+02 4.645240e+07 3.614149e+06 
2.354374e+02 5.038698e+07 4.015721e+06 

2.514026e+02 4.588160e+07 3.614149e+06 
2.314165e+02 5.068373e+07 5.019651e+06 
2.480478e+02 4.628498e+07 3.413363e+06 
2.356863e+02 4.957582e+07 4.216507e+06 
2.280248e+02 5.124796e+07 5.019651e+06 
2.321552e+02 4.959734e+07 4.417293e+06 
2.481133e+02 4.608029e+07 3.212577e+06 
2.448130e+02 4.911023e+07 3.413363e+06 
2.496650e+02 4.603827e+07 3.413363e+06 
2.359187e+02 4.930641e+07 4.216507e+06 
2.434095e+02 4.821948e+07 3.614149e+06 
2.434003e+02 4.771058e+07 4.216507e+06 
2.485873e+02 4.623558e+07 3.814935e+06 
2.399366e+02 4.880781e+07 3.814935e+06 
2.362817e+02 4.894832e+07 4.618079e+06 
2.507194e+02 4.589372e+07 3.614149e+06 
2.518634e+02 4.554431e+07 3.413363e+06 
2.469694e+02 4.695185e+07 3.413363e+06 
2.431016e+02 4.985096e+07 3.614149e+06 
2.604358e+02 4.523577e+07 3.212577e+06 
2.518760e+02 4.571591e+07 3.614149e+06 
2.623055e+02 4.505668e+07 3.413363e+06 
2.622233e+02 4.510157e+07 3.212577e+06 
2.373966e+02 4.920348e+07 4.618079e+06 
2.420085e+02 4.890569e+07 3.614149e+06 
2.561210e+02 4.545277e+07 3.212577e+06 
2.442274e+02 4.780715e+07 4.618079e+06 
2.470931e+02 4.676406e+07 3.814935e+06 
2.463166e+02 4.699135e+07 3.614149e+06 
2.260528e+02 5.076278e+07 4.818865e+06 
2.522707e+02 4.592478e+07 3.212577e+06 
2.556343e+02 4.581628e+07 3.212577e+06 
2.391170e+02 4.910516e+07 4.417293e+06 
2.299055e+02 5.129445e+07 4.618079e+06 
2.396340e+02 4.915364e+07 4.015721e+06 
2.335357e+02 5.061743e+07 4.216507e+06 
2.436012e+02 4.799458e+07 4.618079e+06 
2.326088e+02 4.981882e+07 4.417293e+06 
2.448882e+02 4.787740e+07 3.413363e+06 
2.363551e+02 4.926932e+07 4.216507e+06 
2.353189e+02 4.936918e+07 4.818865e+06 
2.355159e+02 4.915291e+07 4.216507e+06 
2.424602e+02 4.807672e+07 3.814935e+06 
2.414962e+02 4.820876e+07 4.015721e+06 
2.478346e+02 4.606573e+07 3.614149e+06 
2.309691e+02 5.056965e+07 4.818865e+06 
2.384918e+02 4.914301e+07 4.417293e+06 
2.382139e+02 4.918942e+07 4.618079e+06 
2.384671e+02 4.991624e+07 4.015721e+06 
2.395000e+02 4.989960e+07 4.015721e+06 
2.316090e+02 5.052168e+07 4.417293e+06 
2.360295e+02 5.004244e+07 4.015721e+06 
2.451948e+02 4.941994e+07 3.413363e+06 
2.491294e+02 4.604804e+07 3.814935e+06 
2.498683e+02 4.637072e+07 3.212577e+06 
2.342557e+02 5.089423e+07 4.015721e+06 
2.478887e+02 4.589422e+07 3.413363e+06 
2.482536e+02 4.791910e+07 3.212577e+06 
2.466190e+02 4.799288e+07 3.212577e+06 
2.263838e+02 5.141475e+07 5.019651e+06 
2.465179e+02 4.641856e+07 3.614149e+06 
2.423302e+02 4.785371e+07 3.814935e+06 
2.395876e+02 4.913448e+07 4.618079e+06 
2.288108e+02 5.192533e+07 4.818865e+06 
2.577624e+02 4.531294e+07 3.212577e+06 
2.328461e+02 5.000354e+07 4.216507e+06 
2.303990e+02 5.165874e+07 4.618079e+06 
2.451519e+02 4.671666e+07 3.814935e+06 
2.442295e+02 4.706320e+07 3.614149e+06 
2.408519e+02 4.883034e+07 4.618079e+06 
2.440888e+02 4.700714e+07 3.814935e+06 
2.442194e+02 4.759800e+07 3.614149e+06 
2.354459e+02 4.921076e+07 4.216507e+06 
2.319808e+02 5.061014e+07 4.818865e+06 
2.420857e+02 4.850282e+07 4.015721e+06 
2.354611e+02 5.000779e+07 4.015721e+06 
2.455978e+02 4.687888e+07 4.015721e+06 
2.447138e+02 4.728769e+07 3.814935e+06 
2.458313e+02 4.826922e+07 3.413363e+06 
2.454190e+02 4.667966e+07 4.015721e+06 
2.559039e+02 4.547435e+07 3.212577e+06 
2.543025e+02 4.552904e+07 3.413363e+06 
2.418996e+02 4.771571e+07 4.417293e+06 
2.475390e+02 4.654567e+07 3.614149e+06 
2.563963e+02 4.539665e+07 3.413363e+06 
2.526330e+02 4.563430e+07 3.413363e+06 
2.459240e+02 4.783174e+07 3.413363e+06 
2.506264e+02 4.598459e+07 3.614149e+06 
2.421819e+02 4.824960e+07 4.015721e+06 
2.445995e+02 4.752900e+07 4.216507e+06 
2.289943e+02 5.087378e+07 5.019651e+06 
2.403565e+02 4.868881e+07 4.417293e+06 
2.466274e+02 4.629575e+07 3.814935e+06 
2.478111e+02 4.680823e+07 3.413363e+06 
2.295673e+02 5.079700e+07 5.019651e+06 
2.437987e+02 4.776459e+07 3.814935e+06 
2.563886e+02 4.507126e+07 3.212577e+06 
2.405052e+02 5.039342e+07 3.814935e+06 
2.443243e+02 4.769018e+07 4.015721e+06 
2.306056e+02 5.093446e+07 4.618079e+06 

2.650302e+02 4.706791e+07 2.660414e+06 
2.590812e+02 4.686724e+07 2.700734e+06 
2.577352e+02 5.017057e+07 2.411370e+06 
2.454848e+02 5.068052e+07 2.797189e+06 
2.483745e+02 4.829440e+07 2.700734e+06 
2.323648e+02 4.604927e+07 3.814935e+06 
2.382696e+02 5.170941e+07 3.011791e+06 
2.352239e+02 4.689555e+07 3.614149e+06 
2.290374e+02 5.028951e+07 4.015721e+06 
2.391627e+02 5.470240e+07 2.610219e+06 
2.543199e+02 5.001036e+07 2.507825e+06 
2.827021e+02 4.925791e+07 2.411370e+06 
2.443290e+02 4.822793e+07 3.061987e+06 
2.539645e+02 4.745770e+07 2.700734e+06 
2.631566e+02 4.959563e+07 2.411370e+06 
2.308636e+02 4.746488e+07 3.814935e+06 
2.470113e+02 4.815858e+07 2.861201e+06 
2.331349e+02 5.359676e+07 3.212577e+06 
2.433585e+02 4.886049e+07 2.861201e+06 
2.568657e+02 4.817894e+07 2.604280e+06 
2.593149e+02 4.675606e+07 2.861201e+06 
2.803247e+02 4.918469e+07 2.459628e+06 
2.457187e+02 4.867940e+07 2.861201e+06 
2.610849e+02 4.722762e+07 2.660414e+06 
2.611955e+02 4.647948e+07 2.861201e+06 
2.283727e+02 4.893915e+07 4.417293e+06 
2.313852e+02 4.735598e+07 3.614149e+06 
2.388652e+02 4.630435e+07 3.614149e+06 
2.471191e+02 4.706927e+07 2.797189e+06 
2.600286e+02 4.957516e+07 2.459628e+06 
2.406358e+02 4.960124e+07 2.861201e+06 
2.527107e+02 4.766677e+07 2.700734e+06 
2.353949e+02 4.681640e+07 3.614149e+06 
2.517176e+02 4.988091e+07 2.660414e+06 
2.567546e+02 4.957766e+07 2.604280e+06 
2.404258e+02 4.964262e+07 2.861201e+06 
2.395436e+02 4.620318e+07 3.614149e+06 
2.608224e+02 5.011108e+07 2.411370e+06 
2.333674e+02 5.326998e+07 3.011791e+06 
2.326146e+02 5.151724e+07 3.413363e+06 
2.623485e+02 4.959511e+07 2.411370e+06 
2.350553e+02 5.301856e+07 3.212577e+06 
2.340193e+02 5.106168e+07 3.413363e+06 
2.561224e+02 4.816852e+07 2.797189e+06 
2.351048e+02 4.718264e+07 3.614149e+06 
2.411634e+02 4.888412e+07 3.061987e+06 
2.544980e+02 4.960622e+07 2.604280e+06 
2.299811e+02 4.768567e+07 4.015721e+06 
2.360323e+02 5.180731e+07 3.212577e+06 
2.374334e+02 4.640511e+07 3.614149e+06 
2.518676e+02 4.810864e+07 2.700734e+06 
2.300323e+02 4.725309e+07 4.015721e+06 
2.392229e+02 4.628413e+07 3.614149e+06 
2.355597e+02 4.938197e+07 3.262773e+06 
2.474653e+02 4.841337e+07 2.700734e+06 
2.378122e+02 4.606093e+07 3.814935e+06 
2.355792e+02 4.928486e+07 3.413363e+06 
2.393682e+02 4.599573e+07 3.614149e+06 
2.772878e+02 4.929049e+07 2.459628e+06 
2.518089e+02 4.821458e+07 2.700734e+06 
2.472863e+02 4.937632e+07 2.700734e+06 
2.575582e+02 4.977658e+07 2.459628e+06 
2.301356e+02 4.951543e+07 3.814935e+06 
2.398726e+02 4.864050e+07 3.413363e+06 
2.467830e+02 4.947722e+07 2.797189e+06 
2.301500e+02 5.191262e+07 3.614149e+06 
2.305073e+02 4.858021e+07 3.614149e+06 
2.361152e+02 5.208692e+07 2.811005e+06 
2.392592e+02 4.952480e+07 3.061987e+06 
2.542597e+02 4.686497e+07 2.700734e+06 
2.280787e+02 4.812075e+07 4.417293e+06 
2.371712e+02 5.174633e+07 3.212577e+06 
2.305539e+02 4.641643e+07 3.814935e+06 
2.666788e+02 4.903921e+07 2.507825e+06 
2.629436e+02 4.920872e+07 2.507825e+06 
2.529879e+02 4.961671e+07 2.604280e+06 
2.665303e+02 4.666107e+07 2.700734e+06 
2.294924e+02 4.783767e+07 4.015721e+06 
2.374867e+02 4.966730e+07 3.061987e+06 
2.583676e+02 4.856936e+07 2.604280e+06 
2.463396e+02 4.959568e+07 2.797189e+06 
2.307684e+02 4.686427e+07 4.015721e+06 
2.533662e+02 5.052722e+07 2.507825e+06 
2.493262e+02 5.208846e+07 2.660414e+06 
2.286505e+02 4.793533e+07 4.417293e+06 
2.365169e+02 4.661583e+07 3.614149e+06 
2.360900e+02 4.679164e+07 3.614149e+06 
2.368208e+02 4.916854e+07 3.413363e+06 
2.348087e+02 4.730559e+07 3.614149e+06 
2.469521e+02 4.741936e+07 3.061987e+06 
2.372602e+02 4.875228e+07 3.413363e+06 
2.782985e+02 4.916270e+07 2.459628e+06 
2.599729e+02 4.972275e+07 2.507825e+06 
2.527537e+02 4.952942e+07 2.660414e+06 
2.627142e+02 4.682222e+07 2.660414e+06 
2.713961e+02 4.938937e+07 2.459628e+06 
2.518258e+02 4.672085e+07 2.861201e+06 
2.324262e+02 5.406511e+07 3.413363e+06 
2.459015e+02 4.824327e+07 2.861201e+06 
2.296919e+02 5.019056e+07 3.814935e+06 

2.320418e+02 5.194868e+07 4.417293e+06 
2.358746e+02 5.030368e+07 4.216507e+06 
2.547501e+02 4.681681e+07 2.604280e+06 
2.408827e+02 4.928810e+07 3.413363e+06 
2.560573e+02 4.624357e+07 2.700734e+06 
2.400466e+02 4.997790e+07 3.212577e+06 
2.354524e+02 5.173500e+07 3.814935e+06 
2.667540e+02 4.788763e+07 2.411370e+06 
2.332338e+02 5.206000e+07 4.015721e+06 
2.826193e+02 4.785708e+07 2.411370e+06 
2.445809e+02 4.708894e+07 2.811005e+06 
2.600804e+02 4.658809e+07 2.507825e+06 
2.413298e+02 4.795060e+07 2.797189e+06 
2.355570e+02 5.125948e+07 3.814935e+06 
2.465085e+02 4.812239e+07 2.610219e+06 
2.402162e+02 5.051493e+07 3.413363e+06 
2.386967e+02 5.112171e+07 3.413363e+06 
2.457721e+02 4.712227e+07 2.811005e+06 
2.481366e+02 4.709409e+07 2.700734e+06 
2.383677e+02 4.980572e+07 4.015721e+06 
2.412609e+02 4.784818e+07 3.011791e+06 
2.634893e+02 4.789116e+07 2.424231e+06 
2.334351e+02 5.364093e+07 4.015721e+06 
2.721882e+02 4.779530e+07 2.411370e+06 
2.462783e+02 4.871393e+07 2.700734e+06 
2.343537e+02 5.177399e+07 4.216507e+06 
2.365191e+02 5.004030e+07 4.015721e+06 
2.580504e+02 4.710629e+07 2.507825e+06 
2.484710e+02 4.752105e+07 2.604280e+06 
2.414113e+02 4.756469e+07 3.011791e+06 
2.601410e+02 4.618642e+07 2.604280e+06 
2.421559e+02 4.785779e+07 2.811005e+06 
2.478515e+02 4.797776e+07 2.604280e+06 
2.458435e+02 4.787946e+07 2.610219e+06 
2.599503e+02 4.624840e+07 2.610219e+06 
2.477835e+02 4.740842e+07 2.610219e+06 
2.371151e+02 5.092434e+07 3.814935e+06 
2.574664e+02 4.661106e+07 2.507825e+06 
2.632824e+02 4.821466e+07 2.424231e+06 
2.448241e+02 4.763863e+07 2.700734e+06 
2.635534e+02 4.808519e+07 2.424231e+06 
2.439336e+02 4.716927e+07 2.797189e+06 
2.488225e+02 4.704345e+07 2.700734e+06 
2.451140e+02 4.690030e+07 2.700734e+06 
2.317323e+02 5.186044e+07 4.417293e+06 
2.507676e+02 4.747374e+07 2.604280e+06 
2.822479e+02 4.761331e+07 2.411370e+06 
2.433554e+02 4.771301e+07 2.811005e+06 
2.664793e+02 4.608949e+07 2.610219e+06 
2.353048e+02 5.036354e+07 4.216507e+06 
2.415631e+02 4.771904e+07 2.811005e+06 
2.527724e+02 4.666130e+07 2.610219e+06 
2.362125e+02 5.170917e+07 3.614149e+06 
2.508539e+02 4.692275e+07 2.610219e+06 
2.442609e+02 4.731986e+07 2.811005e+06 
2.383558e+02 4.966476e+07 3.814935e+06 
2.336132e+02 5.160520e+07 4.417293e+06 
2.510439e+02 4.656710e+07 2.610219e+06 
2.633005e+02 4.696692e+07 2.507825e+06 
2.603133e+02 4.647306e+07 2.604280e+06 
2.700404e+02 4.811645e+07 2.411370e+06 
2.582310e+02 4.643063e+07 2.610219e+06 
2.474837e+02 4.777860e+07 2.604280e+06 
2.506761e+02 4.672845e+07 2.700734e+06 
2.495126e+02 4.755771e+07 2.604280e+06 
2.340847e+02 5.200596e+07 4.216507e+06 
2.516492e+02 4.677963e+07 2.610219e+06 
2.401991e+02 4.976963e+07 3.212577e+06 
2.406076e+02 4.775439e+07 2.893644e+06 
2.464623e+02 4.713502e+07 2.610219e+06 
2.412528e+02 4.803921e+07 2.797189e+06 
2.353978e+02 5.292527e+07 3.814935e+06 
2.375765e+02 5.140843e+07 3.614149e+06 
2.796222e+02 4.770708e+07 2.411370e+06 
2.431511e+02 4.749309e+07 2.811005e+06 
2.436569e+02 4.837612e+07 2.700734e+06 
2.345073e+02 5.101296e+07 4.015721e+06 
2.361642e+02 5.021368e+07 4.015721e+06 
2.434956e+02 4.739666e+07 2.797189e+06 
2.431632e+02 4.843656e+07 2.700734e+06 
2.462025e+02 4.777133e+07 2.610219e+06 
2.413535e+02 4.842366e+07 2.811005e+06 
2.551860e+02 4.642883e+07 2.610219e+06 
2.439954e+02 4.739031e+07 3.011791e+06 
2.439805e+02 4.784718e+07 2.700734e+06 
2.412249e+02 4.876617e+07 2.811005e+06 
2.484159e+02 4.770729e+07 2.604280e+06 
2.490087e+02 4.692118e+07 2.700734e+06 
2.452604e+02 4.713033e+07 2.811005e+06 
2.509101e+02 4.696142e+07 2.604280e+06 
2.564322e+02 4.677219e+07 2.604280e+06 
2.410209e+02 4.819599e+07 3.212577e+06 
2.370222e+02 4.997439e+07 3.814935e+06 
2.431723e+02 4.733896e+07 2.797189e+06 
2.609478e+02 4.637761e+07 2.700734e+06 
2.353577e+02 5.095708e+07 4.015721e+06 
2.338363e+02 5.015567e+07 3.614149e+06 
2.440181e+02 4.949957e+07 2.700734e+06 
2.548311e+02 4.743386e+07 2.507825e+06 
2.379934e+02 5.046368e+07 3.614149e+06 

2.266735e+02 5.044636e+07 4.417293e+06 
2.280989e+02 4.843939e+07 4.618079e+06 
2.468944e+02 4.767817e+07 3.011791e+06 
2.291745e+02 4.803449e+07 3.814935e+06 
2.539560e+02 4.680515e+07 3.212577e+06 
2.455036e+02 4.817707e+07 3.011791e+06 
2.286507e+02 4.653156e+07 4.015721e+06 
2.560945e+02 4.644176e+07 3.413363e+06 
2.252485e+02 5.097876e+07 4.618079e+06 
2.376305e+02 4.540940e+07 3.614149e+06 
2.376824e+02 4.691726e+07 3.413363e+06 
2.477051e+02 4.747875e+07 3.011791e+06 
2.399622e+02 4.557549e+07 3.614149e+06 
2.274160e+02 4.879417e+07 4.818865e+06 
2.374809e+02 4.537778e+07 3.614149e+06 
2.443617e+02 4.683016e+07 3.212577e+06 
2.365257e+02 4.573395e+07 4.015721e+06 
2.351530e+02 4.601677e+07 3.814935e+06 
2.554281e+02 4.628347e+07 3.011791e+06 
2.343315e+02 4.721293e+07 3.413363e+06 
2.356148e+02 4.574010e+07 3.814935e+06 
2.372392e+02 4.553620e+07 4.015721e+06 
2.253550e+02 4.994810e+07 4.216507e+06 
2.303714e+02 4.613473e+07 3.814935e+06 
2.259152e+02 5.034900e+07 4.618079e+06 
2.498504e+02 4.828371e+07 3.011791e+06 
2.650809e+02 4.670889e+07 2.811005e+06 
2.466249e+02 4.764527e+07 3.011791e+06 
2.306281e+02 4.607774e+07 4.015721e+06 
2.545546e+02 4.679396e+07 3.212577e+06 
2.609295e+02 4.694051e+07 3.212577e+06 
2.285817e+02 4.705907e+07 4.417293e+06 
2.252640e+02 5.140034e+07 4.618079e+06 
2.474751e+02 4.729844e+07 3.011791e+06 
2.458922e+02 4.796589e+07 3.011791e+06 
2.356471e+02 4.727499e+07 3.413363e+06 
2.277972e+02 4.624183e+07 4.015721e+06 
2.272135e+02 4.888917e+07 4.216507e+06 
2.387546e+02 4.477201e+07 3.614149e+06 
2.305274e+02 4.596865e+07 4.015721e+06 
2.445810e+02 4.601384e+07 3.212577e+06 
2.354445e+02 4.714266e+07 3.413363e+06 
2.454197e+02 4.704737e+07 3.212577e+06 
2.501854e+02 4.653765e+07 3.413363e+06 
2.562245e+02 4.655476e+07 3.212577e+06 
2.296710e+02 4.722702e+07 3.614149e+06 
2.568290e+02 4.711937e+07 2.811005e+06 
2.272292e+02 4.783207e+07 4.216507e+06 
2.358919e+02 4.740225e+07 3.212577e+06 
2.335498e+02 4.589388e+07 3.814935e+06 
2.549174e+02 4.677518e+07 3.011791e+06 
2.278806e+02 4.657922e+07 4.015721e+06 
2.330845e+02 4.597731e+07 4.015721e+06 
2.348913e+02 4.589658e+07 4.015721e+06 
2.636747e+02 4.632864e+07 2.811005e+06 
2.322492e+02 4.613630e+07 3.614149e+06 
2.367589e+02 4.668351e+07 3.413363e+06 
2.490468e+02 4.722057e+07 2.811005e+06 
2.286395e+02 4.836547e+07 3.814935e+06 
2.375366e+02 4.597240e+07 3.814935e+06 
2.348315e+02 4.569235e+07 3.614149e+06 
2.306853e+02 4.864331e+07 3.614149e+06 
2.320792e+02 4.624100e+07 3.814935e+06 
2.521726e+02 4.852671e+07 2.811005e+06 
2.462987e+02 4.613642e+07 3.413363e+06 
2.549413e+02 4.665100e+07 3.212577e+06 
2.354710e+02 4.577127e+07 3.814935e+06 
2.335313e+02 4.760648e+07 3.413363e+06 
2.388232e+02 4.655929e+07 3.413363e+06 
2.598519e+02 4.608184e+07 2.811005e+06 
2.561036e+02 4.685670e+07 3.011791e+06 
2.248454e+02 5.159186e+07 4.618079e+06 
2.262859e+02 5.108236e+07 4.417293e+06 
2.319303e+02 4.678072e+07 3.614149e+06 
2.565798e+02 4.687533e+07 2.811005e+06 
2.256167e+02 5.071059e+07 4.818865e+06 
2.477591e+02 4.690153e+07 2.811005e+06 
2.296540e+02 4.680439e+07 3.814935e+06 
2.328110e+02 4.774281e+07 3.413363e+06 
2.277036e+02 4.985911e+07 4.417293e+06 
2.317857e+02 4.784256e+07 3.413363e+06 
2.315515e+02 4.626517e+07 3.614149e+06 
2.416227e+02 4.680832e+07 3.413363e+06 
2.433056e+02 4.757295e+07 3.212577e+06 
2.449123e+02 4.815505e+07 2.811005e+06 
2.317045e+02 4.751974e+07 3.413363e+06 
2.238290e+02 5.004577e+07 4.618079e+06 
2.611503e+02 4.653775e+07 3.011791e+06 
2.407524e+02 4.651616e+07 3.413363e+06 
2.387950e+02 4.712745e+07 3.212577e+06 
2.595313e+02 4.665747e+07 3.011791e+06 
2.342116e+02 4.594729e+07 4.015721e+06 
2.460624e+02 4.808182e+07 3.011791e+06 
2.285508e+02 4.623662e+07 3.814935e+06 
2.350755e+02 4.594768e+07 3.614149e+06 
2.421376e+02 4.660080e+07 3.413363e+06 
2.268133e+02 4.996671e+07 4.216507e+06 
2.433161e+02 4.747364e+07 3.212577e+06 
2.425016e+02 4.764692e+07 3.212577e+06 
2.314218e+02 4.648613e+07 3.814935e+06 

2.282848e+02 4.904919e+07 4.015721e+06 
2.442710e+02 4.858955e+07 3.413363e+06 
2.339201e+02 4.886707e+07 4.015721e+06 
2.560382e+02 4.691259e+07 4.216507e+06 
2.284806e+02 5.193801e+07 4.216507e+06 
2.442126e+02 4.757789e+07 3.814935e+06 
2.442321e+02 4.771164e+07 4.417293e+06 
2.345604e+02 4.840474e+07 3.814935e+06 
2.312650e+02 4.921378e+07 4.216507e+06 
2.276234e+02 5.249652e+07 4.216507e+06 
2.709683e+02 5.714592e+07 3.011791e+06 
2.712235e+02 5.744758e+07 3.212577e+06 
2.348518e+02 4.875894e+07 3.814935e+06 
2.718931e+02 5.626590e+07 3.011791e+06 
2.319373e+02 4.878032e+07 4.216507e+06 
2.823117e+02 5.600725e+07 3.212577e+06 
2.537373e+02 4.688115e+07 4.216507e+06 
2.750805e+02 5.608959e+07 3.011791e+06 
2.494684e+02 4.771044e+07 3.614149e+06 
2.700850e+02 5.601799e+07 3.212577e+06 
2.391684e+02 4.953171e+07 3.614149e+06 
2.278654e+02 5.383508e+07 4.618079e+06 
2.491242e+02 4.717489e+07 4.216507e+06 
2.362174e+02 4.834850e+07 3.413363e+06 
2.540176e+02 4.707277e+07 4.216507e+06 
2.635860e+02 4.694502e+07 4.216507e+06 
2.658760e+02 5.926155e+07 3.212577e+06 
2.307538e+02 4.888724e+07 4.015721e+06 
2.563650e+02 4.689173e+07 4.216507e+06 
2.680232e+02 5.857978e+07 3.011791e+06 
2.341593e+02 4.834127e+07 4.015721e+06 
2.467042e+02 4.764284e+07 3.614149e+06 
2.325248e+02 4.881267e+07 4.417293e+06 
2.513333e+02 4.694359e+07 4.015721e+06 
2.683677e+02 5.765164e+07 3.212577e+06 
2.593915e+02 4.682075e+07 4.015721e+06 
2.803183e+02 5.565685e+07 3.212577e+06 
2.538135e+02 4.710596e+07 4.216507e+06 
2.580344e+02 4.685867e+07 4.015721e+06 
2.412218e+02 4.868369e+07 3.413363e+06 
2.350013e+02 4.878369e+07 3.614149e+06 
2.374322e+02 4.805882e+07 4.216507e+06 
2.313343e+02 4.918822e+07 4.618079e+06 
2.552673e+02 4.701414e+07 4.015721e+06 
2.356574e+02 4.822479e+07 4.216507e+06 
2.320278e+02 4.916013e+07 4.417293e+06 
2.696567e+02 5.767200e+07 3.212577e+06 
2.344546e+02 4.844352e+07 4.417293e+06 
2.604153e+02 4.666906e+07 4.015721e+06 
2.378968e+02 4.798615e+07 4.015721e+06 
2.376439e+02 4.904136e+07 3.413363e+06 
2.686330e+02 5.680741e+07 3.212577e+06 
2.694344e+02 5.912314e+07 3.011791e+06 
2.303368e+02 4.933773e+07 4.015721e+06 
2.287083e+02 5.190431e+07 4.216507e+06 
2.657412e+02 5.849389e+07 3.212577e+06 
2.445040e+02 4.767283e+07 4.216507e+06 
2.692138e+02 5.666562e+07 3.212577e+06 
2.688230e+02 5.676504e+07 3.212577e+06 
2.565661e+02 4.664169e+07 4.216507e+06 
2.426234e+02 4.775794e+07 4.216507e+06 
2.705841e+02 5.763410e+07 3.011791e+06 
2.707963e+02 5.597193e+07 3.011791e+06 
2.685653e+02 5.757337e+07 3.212577e+06 
2.649912e+02 4.660841e+07 4.015721e+06 
2.322924e+02 4.923502e+07 4.015721e+06 
2.411450e+02 4.776390e+07 3.614149e+06 
2.334851e+02 4.854994e+07 4.417293e+06 
2.661043e+02 4.658918e+07 4.216507e+06 
2.301618e+02 4.949401e+07 4.417293e+06 
2.771606e+02 5.739870e+07 3.413363e+06 
2.455071e+02 4.740450e+07 4.216507e+06 
2.282172e+02 5.315514e+07 4.417293e+06 
2.690934e+02 4.654973e+07 4.015721e+06 
2.576079e+02 4.692912e+07 4.015721e+06 
2.363965e+02 4.772540e+07 3.614149e+06 
2.321364e+02 4.902288e+07 4.216507e+06 
2.288378e+02 4.995300e+07 4.216507e+06 
2.541013e+02 4.695003e+07 4.618079e+06 
2.521647e+02 4.734442e+07 4.015721e+06 
2.320604e+02 4.849890e+07 4.216507e+06 
2.501590e+02 4.768267e+07 3.614149e+06 
2.433814e+02 4.768164e+07 4.216507e+06 
2.415096e+02 4.817952e+07 3.413363e+06 
2.483231e+02 4.737302e+07 4.216507e+06 
2.573694e+02 4.693758e+07 4.015721e+06 
2.683136e+02 5.837975e+07 3.212577e+06 
2.391489e+02 4.893008e+07 3.413363e+06 
2.717864e+02 5.590246e+07 3.212577e+06 
2.349415e+02 4.835293e+07 4.015721e+06 
2.284474e+02 5.123753e+07 4.417293e+06 
2.600820e+02 4.750713e+07 4.015721e+06 
2.557910e+02 4.697334e+07 4.015721e+06 
2.519607e+02 4.749254e+07 4.015721e+06 
2.477306e+02 4.718218e+07 4.216507e+06 
2.539542e+02 4.665583e+07 4.015721e+06 
2.658066e+02 4.661160e+07 4.216507e+06 
2.363746e+02 4.828336e+07 4.216507e+06 
2.462151e+02 4.746916e+07 4.216507e+06 
2.522921e+02 4.728326e+07 4.015721e+06 

2.590510e+02 4.615323e+07 2.610219e+06 
2.414915e+02 4.684896e+07 3.011791e+06 
2.543476e+02 4.705855e+07 2.507825e+06 
2.548064e+02 4.694777e+07 2.507825e+06 
2.383871e+02 4.736534e+07 3.614149e+06 
2.471104e+02 4.659617e+07 2.811005e+06 
2.449601e+02 4.701687e+07 2.700734e+06 
2.352083e+02 4.870556e+07 4.015721e+06 
2.400885e+02 4.775057e+07 3.212577e+06 
2.383993e+02 4.763433e+07 3.413363e+06 
2.559225e+02 4.613876e+07 2.507825e+06 
2.605609e+02 4.644078e+07 2.507825e+06 
2.403610e+02 4.653445e+07 3.212577e+06 
2.391751e+02 4.855677e+07 3.212577e+06 
2.413222e+02 4.708085e+07 3.212577e+06 
2.536068e+02 4.615012e+07 2.610219e+06 
2.468784e+02 4.672390e+07 3.011791e+06 
2.385384e+02 4.741890e+07 3.212577e+06 
2.395798e+02 4.755778e+07 3.413363e+06 
2.409823e+02 4.745828e+07 3.212577e+06 
2.473560e+02 4.669147e+07 2.700734e+06 
2.348175e+02 4.877424e+07 4.015721e+06 
2.656569e+02 4.779039e+07 2.411370e+06 
2.542710e+02 4.631594e+07 2.610219e+06 
2.474244e+02 4.703951e+07 2.610219e+06 
2.329593e+02 4.931645e+07 4.618079e+06 
2.416430e+02 4.748009e+07 3.011791e+06 
2.513410e+02 4.647971e+07 2.610219e+06 
2.467906e+02 4.770360e+07 2.700734e+06 
2.342687e+02 4.946519e+07 4.417293e+06 
2.498740e+02 4.661957e+07 2.610219e+06 
2.512619e+02 4.655985e+07 2.700734e+06 
2.478308e+02 4.694169e+07 2.610219e+06 
2.581318e+02 4.654942e+07 2.507825e+06 
2.431767e+02 4.725011e+07 3.011791e+06 
2.464854e+02 4.657876e+07 2.811005e+06 
2.399030e+02 4.728998e+07 3.814935e+06 
2.381337e+02 4.757963e+07 3.814935e+06 
2.394672e+02 4.741446e+07 3.212577e+06 
2.581042e+02 4.640572e+07 2.604280e+06 
2.411350e+02 4.758584e+07 3.011791e+06 
2.456496e+02 4.770453e+07 2.700734e+06 
2.593804e+02 4.639826e+07 2.507825e+06 
2.398471e+02 4.732027e+07 3.614149e+06 
2.408877e+02 4.759037e+07 3.212577e+06 
2.435530e+02 4.716089e+07 2.811005e+06 
2.603030e+02 4.586152e+07 2.610219e+06 
2.433584e+02 4.674802e+07 2.811005e+06 
2.353400e+02 4.772699e+07 3.814935e+06 
2.457767e+02 4.685141e+07 2.811005e+06 
2.431790e+02 4.707465e+07 2.811005e+06 
2.350910e+02 4.769831e+07 3.413363e+06 
2.596763e+02 4.595982e+07 2.507825e+06 
2.412822e+02 4.786853e+07 2.811005e+06 
2.374145e+02 4.778060e+07 3.614149e+06 
2.385069e+02 4.807209e+07 3.212577e+06 
2.472541e+02 4.737884e+07 2.700734e+06 
2.430203e+02 4.661632e+07 3.212577e+06 
2.376282e+02 4.850095e+07 3.413363e+06 
2.410482e+02 4.759238e+07 3.011791e+06 
2.332832e+02 4.885085e+07 4.216507e+06 
2.529307e+02 4.637605e+07 2.610219e+06 
2.472793e+02 4.667455e+07 2.610219e+06 
2.344519e+02 4.839004e+07 4.015721e+06 
2.503075e+02 4.672358e+07 2.610219e+06 
2.496020e+02 4.644197e+07 2.811005e+06 
2.522976e+02 4.662629e+07 2.604280e+06 
2.512637e+02 4.623652e+07 2.610219e+06 
2.502281e+02 4.656983e+07 2.604280e+06 
2.358767e+02 4.785902e+07 3.614149e+06 
2.564384e+02 4.611419e+07 2.811005e+06 
2.459479e+02 4.671715e+07 2.811005e+06 
2.420238e+02 4.727880e+07 2.811005e+06 
2.544969e+02 4.662395e+07 2.604280e+06 
2.399782e+02 4.831271e+07 3.212577e+06 
2.532918e+02 4.632946e+07 2.811005e+06 
2.506325e+02 4.669104e+07 2.604280e+06 
2.431655e+02 4.684612e+07 3.011791e+06 
2.546269e+02 4.585782e+07 2.610219e+06 
2.417434e+02 4.729542e+07 3.011791e+06 
2.348151e+02 4.916210e+07 4.618079e+06 
2.346386e+02 4.948084e+07 4.216507e+06 
2.667559e+02 4.608411e+07 2.811005e+06 
2.506062e+02 4.638659e+07 3.011791e+06 
2.554416e+02 4.664954e+07 2.507825e+06 
2.442160e+02 4.689917e+07 2.811005e+06 
2.415544e+02 4.692370e+07 3.413363e+06 
2.351037e+02 4.698962e+07 3.413363e+06 
2.417392e+02 4.721673e+07 2.811005e+06 
2.417394e+02 4.835173e+07 2.811005e+06 
2.536782e+02 4.685300e+07 2.507825e+06 
2.396380e+02 4.777761e+07 3.011791e+06 
2.503751e+02 4.655718e+07 2.610219e+06 
2.358937e+02 4.758550e+07 3.814935e+06 
2.495607e+02 4.621003e+07 2.811005e+06 
2.405698e+02 4.749062e+07 3.011791e+06 
2.541332e+02 4.643469e+07 2.507825e+06 
2.346928e+02 4.939932e+07 4.417293e+06 
2.412643e+02 4.734040e+07 3.413363e+06 
2.506105e+02 4.662948e+07 2.610219e+06 

2.368730e+02 4.798424e+07 3.413363e+06 
2.408595e+02 4.668270e+07 3.614149e+06 
2.383893e+02 4.677155e+07 4.216507e+06 
2.604306e+02 4.900928e+07 3.212577e+06 
2.619256e+02 4.852683e+07 3.212577e+06 
2.417543e+02 4.607631e+07 3.614149e+06 
2.738386e+02 4.799582e+07 3.212577e+06 
2.361682e+02 4.720309e+07 3.814935e+06 
2.395160e+02 4.663015e+07 4.015721e+06 
2.712343e+02 4.792800e+07 3.011791e+06 
2.548004e+02 4.614828e+07 3.614149e+06 
2.381339e+02 4.696410e+07 3.614149e+06 
2.759404e+02 4.737461e+07 3.212577e+06 
2.345275e+02 4.710338e+07 4.015721e+06 
2.673206e+02 4.827990e+07 3.011791e+06 
2.637757e+02 4.587507e+07 3.814935e+06 
2.713216e+02 4.770335e+07 3.212577e+06 
2.404678e+02 4.675351e+07 3.413363e+06 
2.609147e+02 4.600172e+07 3.814935e+06 
2.649956e+02 4.804699e+07 3.212577e+06 
2.396596e+02 4.790838e+07 3.413363e+06 
2.361217e+02 4.678328e+07 4.216507e+06 
2.580600e+02 5.035403e+07 3.212577e+06 
2.599459e+02 4.849307e+07 3.212577e+06 
2.397720e+02 4.644269e+07 4.015721e+06 
2.642939e+02 4.601943e+07 3.614149e+06 
2.604421e+02 4.811133e+07 3.212577e+06 
2.648816e+02 4.883999e+07 3.011791e+06 
2.585069e+02 4.605330e+07 3.814935e+06 
2.395005e+02 4.773785e+07 3.413363e+06 
2.677534e+02 4.834416e+07 3.011791e+06 
2.481972e+02 4.632596e+07 3.614149e+06 
2.390598e+02 4.757455e+07 3.413363e+06 
2.525675e+02 4.590630e+07 4.015721e+06 
2.379119e+02 4.698703e+07 3.814935e+06 
2.321563e+02 4.717314e+07 4.015721e+06 
2.560489e+02 5.037296e+07 3.011791e+06 
2.765038e+02 4.807843e+07 3.011791e+06 
2.391919e+02 4.630749e+07 3.413363e+06 
2.649087e+02 4.819841e+07 3.212577e+06 
2.609393e+02 4.985640e+07 3.011791e+06 
2.331303e+02 4.847284e+07 3.814935e+06 
2.338910e+02 4.733205e+07 3.614149e+06 
2.496718e+02 4.608014e+07 3.814935e+06 
2.312857e+02 4.887791e+07 4.216507e+06 
2.687801e+02 4.811607e+07 3.011791e+06 
2.344405e+02 4.686790e+07 3.814935e+06 
2.561565e+02 4.563368e+07 3.814935e+06 
2.591468e+02 4.897594e+07 3.212577e+06 
2.705876e+02 4.793253e+07 3.011791e+06 
2.669361e+02 4.816140e+07 3.212577e+06 
2.550106e+02 4.599684e+07 4.015721e+06 
2.557525e+02 4.591462e+07 4.015721e+06 
2.300486e+02 5.024176e+07 4.618079e+06 
2.542794e+02 4.589693e+07 3.814935e+06 
2.393965e+02 4.693036e+07 3.814935e+06 
2.318801e+02 4.811270e+07 4.216507e+06 
2.595981e+02 4.873652e+07 3.011791e+06 
2.364060e+02 4.699899e+07 3.614149e+06 
2.323688e+02 4.727011e+07 4.015721e+06 
2.398334e+02 4.736194e+07 3.413363e+06 
2.534093e+02 4.597946e+07 3.814935e+06 
2.309064e+02 4.903837e+07 4.417293e+06 
2.752289e+02 4.757862e+07 3.212577e+06 
2.456811e+02 4.620972e+07 3.614149e+06 
2.284851e+02 4.996164e+07 4.417293e+06 
2.375090e+02 4.715358e+07 3.614149e+06 
2.364628e+02 4.780488e+07 3.413363e+06 
2.770691e+02 4.779170e+07 3.212577e+06 
2.628955e+02 4.579577e+07 3.814935e+06 
2.605169e+02 4.896003e+07 3.212577e+06 
2.395403e+02 4.743577e+07 3.413363e+06 
2.372663e+02 4.699043e+07 3.814935e+06 
2.293039e+02 4.815494e+07 4.417293e+06 
2.693994e+02 4.810267e+07 3.011791e+06 
2.376826e+02 4.700977e+07 3.614149e+06 
2.292169e+02 5.024877e+07 4.618079e+06 
2.671858e+02 4.788133e+07 3.212577e+06 
2.340486e+02 4.698321e+07 4.216507e+06 
2.556931e+02 5.082400e+07 3.212577e+06 
2.379673e+02 4.690320e+07 4.015721e+06 
2.314265e+02 4.810693e+07 4.417293e+06 
2.436267e+02 4.617478e+07 3.814935e+06 
2.667950e+02 4.607745e+07 3.614149e+06 
2.404831e+02 4.646407e+07 3.413363e+06 
2.365360e+02 4.688147e+07 4.216507e+06 
2.680376e+02 4.811919e+07 3.212577e+06 
2.312593e+02 4.774111e+07 4.015721e+06 
2.662063e+02 4.817592e+07 3.011791e+06 
2.308279e+02 4.944093e+07 4.417293e+06 
2.640741e+02 4.834363e+07 3.011791e+06 
2.522660e+02 4.600543e+07 3.814935e+06 
2.356311e+02 4.701234e+07 4.015721e+06 
2.338911e+02 4.740776e+07 3.614149e+06 
2.539470e+02 4.997866e+07 3.212577e+06 
2.401321e+02 4.669602e+07 3.814935e+06 
2.583219e+02 5.012756e+07 3.212577e+06 
2.457292e+02 4.615607e+07 3.814935e+06 
2.689387e+02 4.797578e+07 3.212577e+06 
2.373595e+02 4.719527e+07 3.614149e+06 

