3.265870e+02 7.337918e+07 6.751836e+06 
3.163833e+02 7.421293e+07 6.751836e+06 
3.207667e+02 7.679329e+07 6.173107e+06 
3.186323e+02 7.534903e+07 6.269562e+06 
3.196342e+02 7.509348e+07 6.366017e+06 
3.139668e+02 7.595305e+07 6.558926e+06 
3.258052e+02 7.359814e+07 6.751836e+06 
3.124841e+02 8.062621e+07 6.269562e+06 
3.406898e+02 7.641387e+07 6.076652e+06 
3.116650e+02 7.701744e+07 6.558926e+06 
3.537092e+02 7.948060e+07 5.497924e+06 
3.606481e+02 7.827173e+07 5.305014e+06 
3.179312e+02 7.815298e+07 5.883743e+06 
3.254378e+02 7.614139e+07 6.076652e+06 
3.093421e+02 7.841448e+07 6.366017e+06 
3.160600e+02 7.476094e+07 6.751836e+06 
3.129054e+02 7.439430e+07 6.751836e+06 
3.114832e+02 7.915382e+07 6.269562e+06 
3.435799e+02 7.629749e+07 5.787288e+06 
3.122314e+02 7.806916e+07 6.366017e+06 
3.157156e+02 7.494501e+07 6.366017e+06 
3.216467e+02 7.360232e+07 6.558926e+06 
3.140887e+02 8.028260e+07 6.076652e+06 
3.176009e+02 7.394718e+07 6.751836e+06 
3.637702e+02 7.991629e+07 5.305014e+06 
3.136550e+02 8.121687e+07 5.883743e+06 
3.138192e+02 7.953707e+07 6.076652e+06 
3.236528e+02 7.721223e+07 6.076652e+06 
3.182237e+02 7.982890e+07 5.883743e+06 
3.194329e+02 7.381850e+07 6.751836e+06 
3.643377e+02 7.844448e+07 5.594378e+06 
3.230530e+02 7.466772e+07 6.366017e+06 
3.109143e+02 7.738806e+07 6.751836e+06 
3.206418e+02 7.369952e+07 6.751836e+06 
3.138617e+02 7.610263e+07 6.558926e+06 
3.341170e+02 7.619585e+07 5.980198e+06 
3.473314e+02 7.816954e+07 5.594378e+06 
3.162151e+02 7.774234e+07 5.980198e+06 
3.120230e+02 7.590850e+07 6.944746e+06 
3.513363e+02 7.509832e+07 5.980198e+06 
3.328776e+02 7.762721e+07 5.980198e+06 
3.096311e+02 7.606224e+07 6.558926e+06 
3.209092e+02 7.660893e+07 6.173107e+06 
3.182760e+02 7.408717e+07 6.751836e+06 
3.259422e+02 7.882106e+07 5.883743e+06 
3.167832e+02 8.390791e+07 5.787288e+06 
3.261797e+02 7.458448e+07 6.462472e+06 
3.144240e+02 7.548782e+07 6.751836e+06 
3.510780e+02 7.661816e+07 5.787288e+06 
3.159819e+02 7.598579e+07 6.269562e+06 
3.595748e+02 7.963231e+07 5.401469e+06 
3.249885e+02 7.327475e+07 6.558926e+06 
3.538501e+02 7.541503e+07 5.787288e+06 
3.089093e+02 7.828223e+07 6.366017e+06 
3.529125e+02 7.652804e+07 5.690833e+06 
3.545733e+02 7.756236e+07 5.594378e+06 
3.610168e+02 7.793893e+07 5.208559e+06 
3.160733e+02 7.846062e+07 6.173107e+06 
3.112643e+02 7.733140e+07 6.751836e+06 
3.137462e+02 8.057020e+07 6.076652e+06 
3.197630e+02 7.766945e+07 6.076652e+06 
3.167854e+02 7.684373e+07 6.173107e+06 
3.623780e+02 7.867252e+07 5.594378e+06 
3.089293e+02 7.889381e+07 6.366017e+06 
3.140398e+02 7.558719e+07 6.848291e+06 
3.167958e+02 7.453113e+07 6.944746e+06 
3.362622e+02 7.645920e+07 5.980198e+06 
3.479985e+02 7.940787e+07 5.594378e+06 
3.119048e+02 7.739681e+07 6.462472e+06 
3.518997e+02 7.596866e+07 5.883743e+06 
3.419027e+02 7.673923e+07 5.690833e+06 
3.259175e+02 7.513091e+07 6.173107e+06 
3.191174e+02 7.377821e+07 6.558926e+06 
3.140763e+02 7.561874e+07 6.366017e+06 
3.118110e+02 7.516479e+07 6.848291e+06 
3.262243e+02 7.411034e+07 6.462472e+06 
3.386038e+02 7.815829e+07 5.787288e+06 
3.227664e+02 7.472282e+07 6.366017e+06 
3.140339e+02 8.242201e+07 5.883743e+06 
3.150309e+02 7.856197e+07 6.269562e+06 
3.209237e+02 7.357383e+07 6.558926e+06 
3.191962e+02 7.750315e+07 6.076652e+06 
3.172089e+02 7.407798e+07 6.558926e+06 
3.230037e+02 7.463969e+07 6.366017e+06 
3.130150e+02 8.174201e+07 6.076652e+06 
3.244046e+02 7.494079e+07 6.173107e+06 
3.118196e+02 7.818310e+07 6.462472e+06 
3.189604e+02 7.583879e+07 6.269562e+06 
3.134641e+02 7.704671e+07 6.366017e+06 
3.584142e+02 7.658862e+07 5.787288e+06 
3.160055e+02 8.043694e+07 5.980198e+06 
3.517412e+02 7.736963e+07 5.690833e+06 
3.157756e+02 7.861913e+07 6.173107e+06 
3.497178e+02 7.804199e+07 5.497924e+06 
3.123516e+02 8.305943e+07 6.173107e+06 
3.374893e+02 7.712535e+07 5.690833e+06 
3.548148e+02 7.698303e+07 5.690833e+06 
3.109285e+02 7.737048e+07 6.944746e+06 
3.555716e+02 8.038042e+07 5.401469e+06 
3.527033e+02 7.860023e+07 5.401469e+06 

3.290138e+02 7.971939e+07 6.366017e+06 
3.536215e+02 8.604042e+07 5.305014e+06 
3.612525e+02 8.257075e+07 5.497924e+06 
3.488585e+02 8.047725e+07 5.787288e+06 
3.347234e+02 8.179343e+07 5.980198e+06 
3.473222e+02 8.111583e+07 5.787288e+06 
3.508991e+02 8.445775e+07 5.497924e+06 
3.354892e+02 8.168499e+07 5.883743e+06 
3.385525e+02 8.113301e+07 5.883743e+06 
3.294691e+02 8.289726e+07 6.076652e+06 
3.285900e+02 8.015701e+07 6.366017e+06 
3.387407e+02 8.167398e+07 5.787288e+06 
3.260060e+02 8.052509e+07 6.269562e+06 
3.600283e+02 7.905195e+07 6.269562e+06 
3.542184e+02 8.388222e+07 5.497924e+06 
3.521682e+02 8.597300e+07 5.497924e+06 
3.358642e+02 8.473866e+07 5.690833e+06 
3.337647e+02 8.251991e+07 5.980198e+06 
3.583377e+02 8.301149e+07 5.497924e+06 
3.324424e+02 8.051066e+07 6.173107e+06 
3.543407e+02 8.367041e+07 5.497924e+06 
3.444909e+02 8.117371e+07 5.705301e+06 
3.679258e+02 8.265373e+07 5.401469e+06 
3.341070e+02 7.942028e+07 6.076652e+06 
3.303872e+02 8.216148e+07 6.076652e+06 
3.543229e+02 8.268227e+07 5.497924e+06 
3.368988e+02 8.247122e+07 5.883743e+06 
3.373253e+02 7.993487e+07 6.100766e+06 
3.431421e+02 8.195499e+07 5.787288e+06 
3.355348e+02 8.317999e+07 5.883743e+06 
3.367528e+02 8.043635e+07 5.980198e+06 
3.326995e+02 7.970543e+07 6.173107e+06 
3.417462e+02 8.108526e+07 5.872489e+06 
3.331602e+02 8.010278e+07 6.173107e+06 
3.428984e+02 8.390779e+07 5.594378e+06 
3.264230e+02 8.100934e+07 6.366017e+06 
3.595039e+02 7.937600e+07 5.883743e+06 
3.555618e+02 8.298256e+07 5.594378e+06 
3.361742e+02 8.082314e+07 6.100766e+06 
3.445395e+02 8.019404e+07 5.883743e+06 
3.492379e+02 7.989699e+07 5.883743e+06 
3.418394e+02 8.106551e+07 5.883743e+06 
3.437567e+02 8.240770e+07 5.690833e+06 
3.542581e+02 8.044058e+07 5.690833e+06 
3.319696e+02 8.073650e+07 6.076652e+06 
3.332764e+02 8.166117e+07 6.076652e+06 
3.305973e+02 8.105489e+07 6.173107e+06 
3.403267e+02 8.142956e+07 5.787288e+06 
3.555598e+02 8.230831e+07 5.497924e+06 
3.403998e+02 8.300543e+07 5.787288e+06 
3.388300e+02 8.091681e+07 5.883743e+06 
3.529872e+02 8.614776e+07 5.305014e+06 
3.550673e+02 7.912934e+07 6.076652e+06 
3.335466e+02 8.386414e+07 5.980198e+06 
3.300367e+02 8.006884e+07 6.269562e+06 
3.379918e+02 7.943704e+07 6.076652e+06 
3.698539e+02 8.398895e+07 5.401469e+06 
3.552799e+02 7.916889e+07 5.883743e+06 
3.444000e+02 8.202093e+07 5.705301e+06 
3.426221e+02 8.190867e+07 5.690833e+06 
3.352088e+02 7.992709e+07 6.269562e+06 
3.321378e+02 8.103296e+07 5.980198e+06 
3.317562e+02 8.251616e+07 6.076652e+06 
3.419419e+02 8.255663e+07 5.787288e+06 
3.400114e+02 8.006568e+07 5.883743e+06 
3.454346e+02 8.518151e+07 5.497924e+06 
3.818734e+02 8.365438e+07 5.401469e+06 
3.703552e+02 8.553939e+07 5.208559e+06 
3.504136e+02 7.919267e+07 6.269562e+06 
3.404872e+02 8.079195e+07 5.980198e+06 
3.323914e+02 7.986758e+07 6.076652e+06 
3.416445e+02 8.394633e+07 5.690833e+06 
3.576691e+02 8.304997e+07 5.497924e+06 
3.560056e+02 8.451297e+07 5.305014e+06 
3.536470e+02 8.421988e+07 5.497924e+06 
3.281932e+02 8.039160e+07 6.173107e+06 
3.702009e+02 8.531529e+07 5.208559e+06 
3.401119e+02 8.132706e+07 5.883743e+06 
3.455979e+02 8.030649e+07 5.787288e+06 
3.514236e+02 8.012512e+07 5.883743e+06 
3.374613e+02 7.970269e+07 6.269562e+06 
3.366490e+02 8.145301e+07 5.980198e+06 
3.266762e+02 7.915151e+07 6.366017e+06 
3.557943e+02 7.947933e+07 5.883743e+06 
3.405298e+02 8.317221e+07 5.594378e+06 
3.320460e+02 7.990049e+07 6.197220e+06 
3.290761e+02 8.047235e+07 6.293675e+06 
3.524316e+02 8.493005e+07 5.497924e+06 
3.400394e+02 8.312013e+07 5.787288e+06 
3.412777e+02 8.000668e+07 5.883743e+06 
3.490484e+02 8.637943e+07 5.497924e+06 
3.391659e+02 8.203570e+07 5.883743e+06 
3.284582e+02 8.315737e+07 6.173107e+06 
3.559009e+02 8.191768e+07 5.690833e+06 
3.425201e+02 8.348841e+07 5.690833e+06 
3.515767e+02 8.394354e+07 5.305014e+06 
3.350187e+02 8.541339e+07 5.883743e+06 
3.493135e+02 8.002202e+07 5.980198e+06 
3.343356e+02 8.128906e+07 6.076652e+06 
3.538190e+02 8.045411e+07 5.787288e+06 

3.415021e+02 7.893777e+07 5.883743e+06 
3.279974e+02 8.196564e+07 6.269562e+06 
3.877105e+02 8.736885e+07 4.919195e+06 
3.311636e+02 8.104043e+07 6.076652e+06 
3.719732e+02 8.772134e+07 4.848461e+06 
3.430788e+02 8.253202e+07 5.112104e+06 
3.378944e+02 7.899881e+07 5.594378e+06 
3.341487e+02 8.306936e+07 5.618492e+06 
3.476788e+02 8.170212e+07 5.208559e+06 
3.762023e+02 8.490478e+07 5.015650e+06 
3.384207e+02 7.996004e+07 5.497924e+06 
3.454687e+02 8.185652e+07 5.305014e+06 
3.457184e+02 7.992416e+07 5.401469e+06 
3.521258e+02 7.928201e+07 5.305014e+06 
3.772002e+02 8.968204e+07 4.919195e+06 
3.419545e+02 7.917016e+07 5.883743e+06 
3.319146e+02 8.314429e+07 5.883743e+06 
3.309920e+02 8.371206e+07 5.497924e+06 
3.749061e+02 8.504172e+07 5.015650e+06 
3.643908e+02 7.925573e+07 5.497924e+06 
3.493098e+02 8.379443e+07 5.015650e+06 
3.372929e+02 7.970911e+07 5.787288e+06 
3.423334e+02 8.074859e+07 5.497924e+06 
3.739840e+02 8.684567e+07 4.932055e+06 
3.285408e+02 8.103003e+07 6.076652e+06 
3.463158e+02 8.208192e+07 5.112104e+06 
3.402332e+02 7.974875e+07 5.690833e+06 
3.306635e+02 8.008925e+07 5.883743e+06 
3.685895e+02 8.303539e+07 5.112104e+06 
3.433139e+02 7.898905e+07 5.883743e+06 
3.612505e+02 7.868813e+07 5.305014e+06 
3.483216e+02 7.930050e+07 5.690833e+06 
3.922738e+02 8.703955e+07 4.822740e+06 
3.321855e+02 8.041961e+07 6.076652e+06 
3.428035e+02 8.119147e+07 4.919195e+06 
3.468300e+02 7.936526e+07 5.787288e+06 
3.862644e+02 8.474870e+07 5.015650e+06 
3.509092e+02 7.818207e+07 5.980198e+06 
3.458069e+02 7.845392e+07 6.173107e+06 
3.656216e+02 8.851653e+07 4.932055e+06 
3.277050e+02 8.285938e+07 6.269562e+06 
3.455417e+02 8.135826e+07 5.208559e+06 
3.463486e+02 7.992492e+07 5.497924e+06 
3.397044e+02 8.164096e+07 5.401469e+06 
3.685610e+02 8.827670e+07 4.848461e+06 
3.544957e+02 7.796560e+07 5.980198e+06 
3.263607e+02 8.013341e+07 6.076652e+06 
3.641338e+02 7.896843e+07 5.690833e+06 
3.797847e+02 8.678678e+07 4.932055e+06 
3.773064e+02 8.738177e+07 4.822740e+06 
3.702417e+02 8.892677e+07 4.764867e+06 
3.365976e+02 7.999951e+07 5.594378e+06 
3.280272e+02 8.277861e+07 6.173107e+06 
3.358480e+02 8.071020e+07 5.690833e+06 
3.358309e+02 8.169220e+07 5.497924e+06 
3.413413e+02 8.188375e+07 5.305014e+06 
3.523694e+02 7.908721e+07 5.594378e+06 
3.447703e+02 7.888548e+07 5.883743e+06 
3.332762e+02 8.227925e+07 5.690833e+06 
3.339948e+02 8.155190e+07 5.305014e+06 
3.448518e+02 8.136942e+07 5.305014e+06 
3.391956e+02 7.824183e+07 5.980198e+06 
3.370757e+02 8.033061e+07 5.690833e+06 
3.710160e+02 8.717733e+07 4.932055e+06 
3.387375e+02 7.927240e+07 5.980198e+06 
3.331300e+02 8.095944e+07 5.497924e+06 
3.410511e+02 8.112463e+07 5.401469e+06 
3.394717e+02 7.966724e+07 5.787288e+06 
3.498845e+02 7.824998e+07 5.980198e+06 
3.290591e+02 8.258433e+07 5.787288e+06 
3.714902e+02 8.653553e+07 4.932055e+06 
3.399882e+02 7.947668e+07 5.401469e+06 
3.313538e+02 8.175255e+07 5.980198e+06 
3.363292e+02 8.358617e+07 5.305014e+06 
3.406529e+02 8.012244e+07 5.594378e+06 
3.432334e+02 8.422063e+07 5.112104e+06 
3.558192e+02 8.069136e+07 5.401469e+06 
3.384672e+02 8.080389e+07 5.594378e+06 
3.618309e+02 8.060531e+07 5.401469e+06 
3.702112e+02 8.787363e+07 4.848461e+06 
3.297949e+02 8.338993e+07 5.787288e+06 
3.558618e+02 7.918799e+07 5.594378e+06 
3.320805e+02 8.092587e+07 5.787288e+06 
3.283285e+02 8.281847e+07 5.787288e+06 
3.443095e+02 7.858689e+07 5.690833e+06 
3.439664e+02 7.894438e+07 5.980198e+06 
3.453598e+02 7.866207e+07 5.980198e+06 
3.392311e+02 8.085772e+07 5.497924e+06 
3.362861e+02 8.070907e+07 5.883743e+06 
3.364042e+02 7.803042e+07 5.787288e+06 
3.272332e+02 8.040143e+07 6.462472e+06 
3.292017e+02 8.350903e+07 5.787288e+06 
3.317882e+02 8.075417e+07 5.787288e+06 
3.432833e+02 8.248099e+07 5.350026e+06 
3.356552e+02 8.009797e+07 5.980198e+06 
3.278957e+02 8.202760e+07 6.655381e+06 
3.368271e+02 8.085348e+07 5.497924e+06 
3.830835e+02 8.727912e+07 4.919195e+06 
3.402435e+02 8.207000e+07 5.208559e+06 
3.308413e+02 8.042346e+07 6.076652e+06 

3.551375e+02 7.999787e+07 5.305014e+06 
3.391722e+02 7.778886e+07 6.076652e+06 
3.788795e+02 8.206947e+07 5.015650e+06 
3.918357e+02 8.272043e+07 4.822740e+06 
3.330842e+02 7.835138e+07 5.980198e+06 
3.412174e+02 7.709087e+07 5.980198e+06 
3.530412e+02 7.621558e+07 5.787288e+06 
3.463187e+02 7.702584e+07 5.690833e+06 
3.554352e+02 7.709520e+07 5.594378e+06 
3.325320e+02 8.072105e+07 5.980198e+06 
3.541908e+02 8.870000e+07 5.305014e+06 
3.310174e+02 8.012230e+07 5.980198e+06 
3.383288e+02 7.699316e+07 6.173107e+06 
3.337222e+02 8.415245e+07 5.787288e+06 
3.411214e+02 8.044412e+07 5.497924e+06 
3.636278e+02 8.011462e+07 5.305014e+06 
3.310851e+02 7.865724e+07 6.173107e+06 
3.365038e+02 7.812424e+07 6.366017e+06 
3.383703e+02 7.979444e+07 5.690833e+06 
3.758779e+02 8.548885e+07 4.822740e+06 
3.835293e+02 8.161882e+07 5.112104e+06 
3.700746e+02 8.295398e+07 5.015650e+06 
3.348877e+02 7.732301e+07 5.980198e+06 
3.830037e+02 8.226222e+07 5.015650e+06 
3.497172e+02 8.045444e+07 5.401469e+06 
3.411311e+02 7.705118e+07 5.980198e+06 
3.790532e+02 8.002022e+07 5.401469e+06 
3.349074e+02 8.249914e+07 5.690833e+06 
3.408071e+02 8.273073e+07 5.497924e+06 
3.286502e+02 8.063451e+07 6.751836e+06 
3.310661e+02 7.884949e+07 5.980198e+06 
3.373076e+02 8.172472e+07 5.594378e+06 
3.777519e+02 8.063094e+07 5.208559e+06 
3.330032e+02 7.895695e+07 5.980198e+06 
3.436099e+02 7.759729e+07 5.594378e+06 
3.382642e+02 7.805436e+07 5.883743e+06 
3.304643e+02 8.303036e+07 5.787288e+06 
3.305069e+02 8.176389e+07 6.076652e+06 
3.884473e+02 8.299722e+07 4.726285e+06 
3.318368e+02 7.846671e+07 6.076652e+06 
3.822054e+02 8.102798e+07 5.015650e+06 
3.375620e+02 7.848467e+07 5.787288e+06 
3.323610e+02 7.851728e+07 5.980198e+06 
3.310452e+02 8.033806e+07 6.173107e+06 
3.294293e+02 8.260078e+07 6.462472e+06 
3.295880e+02 8.257566e+07 6.173107e+06 
3.392363e+02 8.412000e+07 5.497924e+06 
3.446014e+02 7.667893e+07 5.787288e+06 
3.719687e+02 8.260764e+07 5.208559e+06 
3.486335e+02 7.659409e+07 5.690833e+06 
3.725897e+02 8.022293e+07 5.208559e+06 
3.550969e+02 7.795063e+07 5.401469e+06 
3.306328e+02 8.072437e+07 6.173107e+06 
3.501307e+02 7.720270e+07 5.497924e+06 
3.310419e+02 7.891841e+07 5.980198e+06 
3.395894e+02 7.765909e+07 5.980198e+06 
3.469750e+02 7.809857e+07 5.497924e+06 
3.325538e+02 8.539652e+07 5.690833e+06 
3.338338e+02 7.825010e+07 6.366017e+06 
3.294818e+02 8.469383e+07 6.366017e+06 
3.382608e+02 7.839524e+07 5.690833e+06 
3.623999e+02 7.656096e+07 5.787288e+06 
3.436502e+02 7.638926e+07 5.690833e+06 
3.415975e+02 7.884186e+07 5.497924e+06 
3.507599e+02 7.845610e+07 5.497924e+06 
3.390089e+02 7.770643e+07 5.787288e+06 
3.347907e+02 7.904924e+07 5.883743e+06 
3.342565e+02 7.818487e+07 6.366017e+06 
3.424944e+02 7.732378e+07 5.883743e+06 
3.425943e+02 7.905291e+07 5.401469e+06 
3.867420e+02 8.114166e+07 5.015650e+06 
3.292026e+02 8.244403e+07 6.173107e+06 
3.299650e+02 8.102702e+07 6.366017e+06 
3.326774e+02 7.953864e+07 5.883743e+06 
3.359714e+02 8.086316e+07 5.594378e+06 
3.287607e+02 7.914311e+07 6.366017e+06 
3.525871e+02 7.696329e+07 5.594378e+06 
3.346986e+02 7.729152e+07 6.366017e+06 
3.447630e+02 7.730956e+07 5.690833e+06 
3.312928e+02 7.845057e+07 6.173107e+06 
3.749823e+02 8.212173e+07 5.112104e+06 
3.629042e+02 7.666475e+07 5.497924e+06 
3.413029e+02 7.918168e+07 5.594378e+06 
3.533293e+02 7.802081e+07 5.401469e+06 
3.292071e+02 7.876417e+07 6.173107e+06 
3.431981e+02 7.720997e+07 5.787288e+06 
3.417318e+02 7.941340e+07 5.497924e+06 
3.310039e+02 7.824225e+07 6.173107e+06 
3.863730e+02 8.351090e+07 4.822740e+06 
3.284237e+02 8.373116e+07 6.366017e+06 
3.802739e+02 8.297481e+07 5.112104e+06 
3.387615e+02 7.809768e+07 6.269562e+06 
3.752122e+02 8.436911e+07 4.822740e+06 
3.355094e+02 7.940852e+07 5.787288e+06 
3.524483e+02 7.711047e+07 5.594378e+06 
3.535507e+02 7.751732e+07 5.497924e+06 
3.571706e+02 7.814343e+07 5.305014e+06 
3.816674e+02 8.285237e+07 5.015650e+06 
3.736449e+02 8.109102e+07 5.208559e+06 
3.440099e+02 8.210245e+07 5.433620e+06 

3.345617e+02 8.049355e+07 6.655381e+06 
3.840749e+02 7.331358e+07 6.076652e+06 
3.371288e+02 7.939275e+07 6.848291e+06 
3.730906e+02 7.308299e+07 6.076652e+06 
3.399662e+02 7.724042e+07 6.269562e+06 
3.375147e+02 8.079314e+07 6.462472e+06 
3.428151e+02 7.671347e+07 5.787288e+06 
3.592084e+02 7.635220e+07 5.594378e+06 
3.839034e+02 8.150914e+07 5.287330e+06 
3.419374e+02 7.561209e+07 5.980198e+06 
3.381046e+02 7.513801e+07 6.751836e+06 
3.696389e+02 7.871273e+07 5.401469e+06 
3.414227e+02 7.457774e+07 6.076652e+06 
3.494977e+02 7.897038e+07 5.497924e+06 
3.568775e+02 8.175343e+07 5.305014e+06 
3.778890e+02 7.583783e+07 5.594378e+06 
3.655342e+02 7.710702e+07 5.497924e+06 
3.387669e+02 7.526429e+07 6.655381e+06 
3.634963e+02 7.604985e+07 5.497924e+06 
3.414139e+02 7.523654e+07 5.980198e+06 
3.615255e+02 7.590382e+07 5.690833e+06 
3.821628e+02 7.170222e+07 6.269562e+06 
3.528772e+02 7.447548e+07 6.076652e+06 
3.401947e+02 7.537495e+07 6.655381e+06 
3.415261e+02 7.464249e+07 6.366017e+06 
3.851041e+02 7.189744e+07 6.462472e+06 
3.575411e+02 7.736941e+07 5.690833e+06 
3.459044e+02 7.417939e+07 6.462472e+06 
3.571099e+02 7.386706e+07 6.269562e+06 
3.529121e+02 8.066456e+07 5.594378e+06 
3.573976e+02 7.752894e+07 5.690833e+06 
3.438498e+02 7.601626e+07 5.883743e+06 
3.863544e+02 8.508838e+07 5.015650e+06 
3.782646e+02 7.987498e+07 5.208559e+06 
3.570779e+02 7.648075e+07 5.787288e+06 
3.395143e+02 7.715374e+07 6.269562e+06 
3.355048e+02 7.996755e+07 6.751836e+06 
3.769287e+02 8.165611e+07 5.224634e+06 
3.623361e+02 7.363728e+07 6.462472e+06 
3.540465e+02 7.407038e+07 6.462472e+06 
3.462133e+02 7.418189e+07 6.751836e+06 
3.600410e+02 7.831623e+07 5.305014e+06 
3.767273e+02 7.609142e+07 5.497924e+06 
3.587430e+02 7.369263e+07 6.462472e+06 
3.332069e+02 8.020712e+07 6.655381e+06 
3.770635e+02 7.317742e+07 6.269562e+06 
3.531375e+02 7.846611e+07 5.690833e+06 
3.538106e+02 7.785700e+07 5.690833e+06 
3.614335e+02 7.360445e+07 6.462472e+06 
3.441248e+02 7.745407e+07 5.787288e+06 
3.578614e+02 7.824873e+07 5.594378e+06 
3.509309e+02 7.627686e+07 5.883743e+06 
4.078707e+02 7.139764e+07 6.462472e+06 
3.462364e+02 7.389818e+07 6.462472e+06 
3.812751e+02 8.109756e+07 5.305014e+06 
3.491083e+02 7.413576e+07 6.269562e+06 
3.822805e+02 7.278071e+07 6.462472e+06 
3.687950e+02 7.513121e+07 5.787288e+06 
3.754098e+02 7.302288e+07 6.076652e+06 
3.974615e+02 7.234796e+07 6.269562e+06 
3.781122e+02 7.286625e+07 6.269562e+06 
3.427155e+02 7.449481e+07 6.366017e+06 
3.665226e+02 7.498258e+07 5.980198e+06 
3.442794e+02 7.444397e+07 6.655381e+06 
3.339005e+02 7.846348e+07 6.848291e+06 
3.456381e+02 7.434040e+07 6.462472e+06 
3.736875e+02 7.409469e+07 6.076652e+06 
3.432320e+02 7.647806e+07 5.883743e+06 
3.450568e+02 7.425279e+07 6.462472e+06 
3.614455e+02 7.782183e+07 5.401469e+06 
3.549047e+02 7.500440e+07 5.980198e+06 
3.508476e+02 7.652315e+07 5.787288e+06 
3.727137e+02 7.267371e+07 6.269562e+06 
3.862153e+02 8.222516e+07 5.208559e+06 
3.403178e+02 7.710858e+07 6.269562e+06 
3.639398e+02 7.898489e+07 5.401469e+06 
3.672683e+02 7.407958e+07 6.076652e+06 
3.839328e+02 7.900704e+07 5.305014e+06 
3.570986e+02 7.496691e+07 5.787288e+06 
3.412295e+02 7.720704e+07 6.076652e+06 
3.754578e+02 7.959964e+07 5.391822e+06 
3.378941e+02 7.620927e+07 6.944746e+06 
3.404997e+02 7.682586e+07 6.269562e+06 
3.535844e+02 7.362783e+07 6.269562e+06 
4.106232e+02 7.160934e+07 6.462472e+06 
3.345758e+02 7.959132e+07 6.848291e+06 
3.341347e+02 8.150883e+07 6.848291e+06 
3.728023e+02 7.343515e+07 6.462472e+06 
3.800535e+02 8.264805e+07 5.015650e+06 
3.397678e+02 7.476473e+07 6.462472e+06 
3.368307e+02 7.606856e+07 6.655381e+06 
4.038925e+02 7.181696e+07 6.462472e+06 
3.620971e+02 7.932458e+07 5.401469e+06 
3.668458e+02 7.552112e+07 5.594378e+06 
3.521337e+02 7.889924e+07 5.497924e+06 
3.796057e+02 8.325464e+07 5.182838e+06 
3.555297e+02 8.083595e+07 5.401469e+06 
3.868300e+02 7.242109e+07 6.269562e+06 
3.755576e+02 7.325257e+07 6.269562e+06 
3.591189e+02 7.664134e+07 5.594378e+06 

3.567505e+02 8.341479e+07 4.726285e+06 
3.461221e+02 8.372913e+07 5.497924e+06 
3.435035e+02 7.927055e+07 5.787288e+06 
3.387255e+02 8.148934e+07 5.787288e+06 
3.408543e+02 7.939657e+07 6.269562e+06 
3.639423e+02 7.968837e+07 4.919195e+06 
3.559529e+02 7.646479e+07 6.366017e+06 
3.662997e+02 8.265622e+07 4.726285e+06 
3.484630e+02 7.773335e+07 6.173107e+06 
3.464616e+02 7.854405e+07 5.980198e+06 
3.861013e+02 7.905701e+07 5.112104e+06 
3.350305e+02 8.025505e+07 6.076652e+06 
3.365437e+02 8.606294e+07 5.787288e+06 
3.494919e+02 8.940875e+07 5.112104e+06 
3.389465e+02 8.794932e+07 5.594378e+06 
3.571536e+02 7.758121e+07 5.690833e+06 
3.425615e+02 8.004313e+07 5.883743e+06 
3.721596e+02 7.687365e+07 5.594378e+06 
3.751728e+02 7.993657e+07 5.036547e+06 
3.569309e+02 7.774879e+07 5.883743e+06 
3.547795e+02 8.049754e+07 5.594378e+06 
3.561211e+02 7.756712e+07 5.980198e+06 
3.393904e+02 7.992467e+07 6.269562e+06 
3.573558e+02 8.286011e+07 5.208559e+06 
3.422971e+02 7.958097e+07 6.076652e+06 
3.341196e+02 8.347202e+07 6.269562e+06 
3.552772e+02 7.689453e+07 6.076652e+06 
3.502675e+02 7.740237e+07 6.173107e+06 
3.652788e+02 7.770609e+07 5.208559e+06 
3.683832e+02 7.777176e+07 5.305014e+06 
3.396377e+02 8.122224e+07 5.690833e+06 
3.539323e+02 7.722076e+07 6.173107e+06 
3.448662e+02 8.337684e+07 5.594378e+06 
3.689752e+02 7.689292e+07 5.594378e+06 
3.568477e+02 7.947939e+07 5.497924e+06 
3.480403e+02 7.840866e+07 6.076652e+06 
3.573914e+02 7.794246e+07 5.594378e+06 
3.590768e+02 8.091849e+07 5.015650e+06 
3.500407e+02 8.311200e+07 5.497924e+06 
3.587206e+02 8.298581e+07 4.702171e+06 
3.461295e+02 8.220323e+07 5.594378e+06 
3.539472e+02 7.754410e+07 6.076652e+06 
3.439718e+02 7.807121e+07 6.269562e+06 
3.575652e+02 8.194083e+07 5.305014e+06 
3.751689e+02 7.962372e+07 5.015650e+06 
3.783092e+02 7.665689e+07 5.401469e+06 
3.557272e+02 7.894406e+07 5.594378e+06 
3.395927e+02 7.697749e+07 6.462472e+06 
3.500368e+02 8.084482e+07 5.594378e+06 
3.612097e+02 7.845858e+07 5.305014e+06 
3.413476e+02 7.665408e+07 6.462472e+06 
3.583500e+02 8.203659e+07 5.057445e+06 
3.547381e+02 7.953505e+07 5.690833e+06 
3.599288e+02 8.248895e+07 4.890257e+06 
3.326263e+02 8.600897e+07 6.076652e+06 
3.774175e+02 7.721627e+07 5.497924e+06 
3.453442e+02 7.606663e+07 6.462472e+06 
3.544807e+02 8.366536e+07 4.806663e+06 
3.482738e+02 7.739995e+07 6.269562e+06 
3.477444e+02 7.767208e+07 6.366017e+06 
3.716083e+02 8.297093e+07 4.822740e+06 
3.316415e+02 8.558314e+07 6.462472e+06 
3.609469e+02 7.876684e+07 5.497924e+06 
3.495750e+02 7.652366e+07 6.269562e+06 
3.535301e+02 8.288570e+07 5.015650e+06 
3.533900e+02 8.777599e+07 4.639474e+06 
3.688889e+02 8.170058e+07 4.890257e+06 
3.427175e+02 7.841891e+07 6.173107e+06 
3.782002e+02 7.661701e+07 5.594378e+06 
3.384024e+02 7.996211e+07 6.269562e+06 
3.559286e+02 8.029219e+07 5.497924e+06 
3.403191e+02 8.387246e+07 5.305014e+06 
3.563419e+02 8.274942e+07 5.305014e+06 
3.785822e+02 7.672875e+07 5.497924e+06 
3.611095e+02 7.769250e+07 5.401469e+06 
3.685988e+02 8.235927e+07 4.869359e+06 
3.380066e+02 7.842991e+07 6.462472e+06 
3.359239e+02 9.022226e+07 5.690833e+06 
3.596562e+02 7.931324e+07 5.208559e+06 
3.756322e+02 7.829095e+07 5.112104e+06 
3.632931e+02 8.433493e+07 4.726285e+06 
3.770887e+02 7.731980e+07 5.497924e+06 
3.688555e+02 7.623099e+07 5.787288e+06 
3.508101e+02 8.000636e+07 5.690833e+06 
3.587991e+02 8.254881e+07 5.015650e+06 
3.556794e+02 8.663538e+07 4.629830e+06 
3.595515e+02 8.286386e+07 4.919195e+06 
3.436429e+02 7.838828e+07 6.269562e+06 
3.494936e+02 8.426189e+07 4.869359e+06 
3.551694e+02 7.739066e+07 6.076652e+06 
3.481955e+02 7.789102e+07 5.787288e+06 
3.655924e+02 7.633183e+07 6.293675e+06 
3.551728e+02 7.729995e+07 6.076652e+06 
3.578333e+02 7.629715e+07 5.787288e+06 
3.488239e+02 7.776048e+07 6.076652e+06 
3.450698e+02 9.052748e+07 5.208559e+06 
3.577992e+02 8.310447e+07 4.726285e+06 
3.566537e+02 7.781741e+07 5.787288e+06 
3.653805e+02 7.699233e+07 5.594378e+06 
3.355417e+02 8.132652e+07 5.883743e+06 

3.582963e+02 7.288034e+07 5.883743e+06 
3.803131e+02 8.380639e+07 5.208559e+06 
3.554018e+02 7.409059e+07 5.690833e+06 
3.339900e+02 7.598228e+07 6.462472e+06 
3.397413e+02 7.686350e+07 6.173107e+06 
3.562437e+02 7.271974e+07 5.883743e+06 
3.580233e+02 7.799135e+07 5.401469e+06 
3.779925e+02 7.687617e+07 5.305014e+06 
3.507875e+02 7.977743e+07 5.594378e+06 
3.658953e+02 7.651694e+07 5.454518e+06 
3.344999e+02 7.881343e+07 6.173107e+06 
3.443050e+02 7.440123e+07 6.462472e+06 
3.457927e+02 7.800723e+07 5.690833e+06 
3.412663e+02 7.681910e+07 5.883743e+06 
3.625991e+02 7.604744e+07 5.401469e+06 
3.466960e+02 7.401254e+07 6.076652e+06 
3.491615e+02 7.476278e+07 5.883743e+06 
3.545726e+02 7.274699e+07 6.076652e+06 
3.385641e+02 7.476977e+07 6.462472e+06 
3.675690e+02 7.286709e+07 5.787288e+06 
3.510812e+02 7.684299e+07 5.497924e+06 
3.341117e+02 7.735965e+07 6.462472e+06 
3.498215e+02 7.630093e+07 5.690833e+06 
3.418828e+02 7.950833e+07 5.787288e+06 
3.797981e+02 7.767154e+07 5.305014e+06 
3.352336e+02 9.061430e+07 6.173107e+06 
3.541352e+02 7.628981e+07 5.538112e+06 
3.472573e+02 7.253730e+07 6.076652e+06 
3.411332e+02 7.696390e+07 5.883743e+06 
3.446616e+02 7.822810e+07 5.594378e+06 
3.679279e+02 7.402575e+07 5.690833e+06 
3.335953e+02 9.071938e+07 6.655381e+06 
3.583771e+02 7.696187e+07 5.497924e+06 
3.948463e+02 8.414247e+07 5.208559e+06 
3.389265e+02 7.457712e+07 6.269562e+06 
3.438322e+02 7.860644e+07 5.690833e+06 
3.572112e+02 7.262235e+07 5.980198e+06 
3.377527e+02 7.493138e+07 6.655381e+06 
3.559396e+02 7.237069e+07 6.173107e+06 
3.528724e+02 7.558199e+07 5.787288e+06 
3.768990e+02 7.615186e+07 5.401469e+06 
3.445936e+02 7.867577e+07 5.705301e+06 
3.415943e+02 7.438621e+07 5.980198e+06 
3.462284e+02 7.390149e+07 6.655381e+06 
3.322995e+02 7.663020e+07 6.583040e+06 
3.479043e+02 7.287728e+07 6.173107e+06 
3.447142e+02 7.691047e+07 5.787288e+06 
3.596236e+02 7.456837e+07 5.690833e+06 
3.478883e+02 7.373367e+07 6.076652e+06 
3.448257e+02 7.389476e+07 6.366017e+06 
3.412546e+02 7.548058e+07 5.883743e+06 
3.660943e+02 7.685557e+07 5.401469e+06 
3.587422e+02 7.640907e+07 5.497924e+06 
3.674834e+02 8.362194e+07 5.305014e+06 
3.603211e+02 7.862967e+07 5.401469e+06 
3.416055e+02 7.565820e+07 6.076652e+06 
3.564355e+02 7.401729e+07 5.787288e+06 
3.359510e+02 7.538156e+07 6.462472e+06 
3.493918e+02 7.742930e+07 5.690833e+06 
3.538574e+02 7.760479e+07 5.594378e+06 
3.485361e+02 7.689383e+07 5.705301e+06 
3.496574e+02 7.688739e+07 5.690833e+06 
3.422910e+02 7.489912e+07 5.883743e+06 
3.593581e+02 7.280755e+07 5.787288e+06 
3.509146e+02 7.637088e+07 5.705301e+06 
3.725475e+02 7.256480e+07 6.076652e+06 
3.618977e+02 7.256986e+07 5.883743e+06 
3.578807e+02 7.614112e+07 5.594378e+06 
3.477792e+02 7.821964e+07 5.690833e+06 
3.537766e+02 7.269728e+07 6.269562e+06 
3.564816e+02 7.239787e+07 6.076652e+06 
3.368470e+02 7.744624e+07 5.883743e+06 
3.456530e+02 7.542170e+07 5.883743e+06 
3.359987e+02 7.632361e+07 6.269562e+06 
3.402820e+02 7.642461e+07 6.076652e+06 
3.558823e+02 7.258343e+07 6.269562e+06 
3.519510e+02 7.347077e+07 5.883743e+06 
3.656571e+02 7.336426e+07 5.787288e+06 
3.364869e+02 7.701232e+07 5.883743e+06 
3.437322e+02 7.455652e+07 6.655381e+06 
3.459730e+02 7.417627e+07 6.462472e+06 
3.615156e+02 7.606189e+07 5.594378e+06 
4.010387e+02 8.714312e+07 5.112104e+06 
3.491083e+02 7.489665e+07 5.883743e+06 
3.487748e+02 7.312552e+07 6.076652e+06 
3.468329e+02 7.299803e+07 6.269562e+06 
3.744125e+02 7.607873e+07 5.594378e+06 
3.579281e+02 7.232619e+07 5.883743e+06 
3.845737e+02 8.429527e+07 5.208559e+06 
3.566670e+02 7.840706e+07 5.497924e+06 
3.380485e+02 7.702263e+07 6.076652e+06 
3.336744e+02 7.926408e+07 5.690833e+06 
3.498104e+02 7.325279e+07 5.883743e+06 
3.357579e+02 7.426028e+07 6.269562e+06 
3.554918e+02 7.314801e+07 5.980198e+06 
3.351043e+02 7.584384e+07 6.462472e+06 
3.664178e+02 7.628584e+07 5.497924e+06 
3.845807e+02 7.647764e+07 5.305014e+06 
3.478531e+02 7.384441e+07 6.269562e+06 
3.349648e+02 9.160644e+07 6.269562e+06 

3.503268e+02 7.897097e+07 5.787288e+06 
3.198358e+02 7.994128e+07 6.751836e+06 
3.530421e+02 7.966412e+07 5.690833e+06 
3.348506e+02 7.943682e+07 5.883743e+06 
3.279501e+02 7.812508e+07 6.269562e+06 
3.333130e+02 7.628022e+07 6.173107e+06 
3.422656e+02 7.827496e+07 5.980198e+06 
3.410164e+02 8.741963e+07 5.208559e+06 
3.450116e+02 8.069336e+07 5.690833e+06 
3.296196e+02 7.667525e+07 6.558926e+06 
3.354443e+02 7.589394e+07 6.269562e+06 
3.398059e+02 8.709031e+07 5.305014e+06 
3.239097e+02 8.461476e+07 6.173107e+06 
3.271011e+02 7.706671e+07 6.655381e+06 
3.249448e+02 7.966674e+07 6.173107e+06 
3.243918e+02 8.135804e+07 6.173107e+06 
3.578660e+02 8.094947e+07 5.497924e+06 
3.290641e+02 8.067111e+07 5.787288e+06 
3.333378e+02 7.932099e+07 5.980198e+06 
3.555095e+02 8.452508e+07 5.401469e+06 
3.242747e+02 7.912411e+07 6.366017e+06 
3.285968e+02 7.575946e+07 6.655381e+06 
3.226072e+02 7.845325e+07 6.655381e+06 
3.292715e+02 7.943141e+07 5.980198e+06 
3.372737e+02 7.691167e+07 6.076652e+06 
3.367302e+02 7.584695e+07 5.980198e+06 
3.456190e+02 7.454372e+07 6.269562e+06 
3.261286e+02 8.193146e+07 5.980198e+06 
3.349356e+02 8.118968e+07 5.690833e+06 
3.265926e+02 7.659827e+07 6.775949e+06 
3.421348e+02 8.579929e+07 5.401469e+06 
3.361833e+02 7.514602e+07 6.269562e+06 
3.229868e+02 7.993648e+07 6.462472e+06 
3.427342e+02 7.894560e+07 5.883743e+06 
3.546554e+02 8.033044e+07 5.594378e+06 
3.359428e+02 7.909222e+07 5.980198e+06 
3.363778e+02 7.616457e+07 6.366017e+06 
3.241880e+02 7.891547e+07 6.462472e+06 
3.303301e+02 7.755288e+07 6.076652e+06 
3.205475e+02 7.976132e+07 6.848291e+06 
3.300002e+02 7.896809e+07 6.076652e+06 
3.365215e+02 8.604102e+07 5.594378e+06 
3.252591e+02 7.817571e+07 6.173107e+06 
3.407468e+02 8.523021e+07 5.594378e+06 
3.286088e+02 7.977392e+07 6.076652e+06 
3.210373e+02 7.876727e+07 6.655381e+06 
3.246263e+02 7.773105e+07 6.655381e+06 
3.291795e+02 7.908743e+07 6.076652e+06 
3.531559e+02 8.610516e+07 5.305014e+06 
3.299596e+02 7.594925e+07 6.366017e+06 
3.516153e+02 8.658770e+07 5.305014e+06 
3.544925e+02 8.415763e+07 5.208559e+06 
3.262490e+02 8.184301e+07 5.893387e+06 
3.281474e+02 7.688822e+07 6.173107e+06 
3.233809e+02 8.089387e+07 6.269562e+06 
3.674723e+02 9.178345e+07 5.112104e+06 
3.409041e+02 9.168358e+07 5.208559e+06 
3.353241e+02 7.749118e+07 6.076652e+06 
3.458025e+02 8.400171e+07 5.497924e+06 
3.258865e+02 7.716853e+07 6.462472e+06 
3.417168e+02 7.503355e+07 6.269562e+06 
3.259440e+02 8.059357e+07 6.076652e+06 
3.305310e+02 7.588230e+07 6.462472e+06 
3.322398e+02 7.608445e+07 6.173107e+06 
3.239921e+02 7.921035e+07 6.366017e+06 
3.461079e+02 8.575721e+07 5.401469e+06 
3.242811e+02 7.943720e+07 6.269562e+06 
3.472221e+02 8.038641e+07 5.690833e+06 
3.405452e+02 7.558027e+07 6.173107e+06 
3.345167e+02 8.022522e+07 5.883743e+06 
3.200522e+02 8.039090e+07 6.462472e+06 
3.171299e+02 8.059573e+07 6.462472e+06 
3.380572e+02 8.602700e+07 5.594378e+06 
3.208724e+02 7.968554e+07 6.944746e+06 
3.515034e+02 8.190829e+07 5.497924e+06 
3.251077e+02 7.907389e+07 6.366017e+06 
3.383904e+02 8.540505e+07 5.594378e+06 
3.257581e+02 8.258202e+07 5.893387e+06 
3.702076e+02 9.310940e+07 5.112104e+06 
3.391996e+02 8.639609e+07 5.401469e+06 
3.241116e+02 8.016429e+07 6.269562e+06 
3.281185e+02 7.812981e+07 6.173107e+06 
3.445869e+02 8.414791e+07 5.497924e+06 
3.245290e+02 8.119356e+07 6.076652e+06 
3.510810e+02 7.950199e+07 5.594378e+06 
3.238709e+02 7.852003e+07 6.558926e+06 
3.350288e+02 7.569234e+07 6.462472e+06 
3.497899e+02 8.049276e+07 5.594378e+06 
3.367353e+02 7.599780e+07 6.173107e+06 
3.501986e+02 7.830581e+07 5.883743e+06 
3.647616e+02 8.490313e+07 5.305014e+06 
3.200279e+02 8.019694e+07 6.655381e+06 
3.447185e+02 8.760908e+07 5.208559e+06 
3.679366e+02 9.051606e+07 5.112104e+06 
3.504806e+02 7.927717e+07 5.787288e+06 
3.234885e+02 7.894462e+07 6.558926e+06 
3.528872e+02 7.847775e+07 5.883743e+06 
3.560303e+02 8.380536e+07 5.497924e+06 
3.423904e+02 8.438250e+07 5.538112e+06 
3.413013e+02 8.772678e+07 5.266432e+06 

3.259196e+02 8.148788e+07 5.497924e+06 
3.396452e+02 8.044763e+07 5.305014e+06 
3.151874e+02 7.985094e+07 5.980198e+06 
3.174234e+02 7.959860e+07 5.980198e+06 
3.173756e+02 8.007969e+07 5.787288e+06 
3.254200e+02 7.869638e+07 5.690833e+06 
3.365447e+02 7.806629e+07 5.684403e+06 
4.236515e+02 9.531959e+07 4.822740e+06 
3.475385e+02 8.027269e+07 5.401469e+06 
4.152091e+02 9.423333e+07 5.015650e+06 
3.237103e+02 8.217355e+07 5.497924e+06 
3.267308e+02 7.810756e+07 6.558926e+06 
4.502970e+02 9.780482e+07 4.726285e+06 
3.295250e+02 8.141061e+07 5.401469e+06 
3.322626e+02 7.808409e+07 5.684403e+06 
4.323199e+02 9.579502e+07 4.822740e+06 
3.303784e+02 7.918388e+07 5.594378e+06 
3.254169e+02 7.786480e+07 5.787288e+06 
3.203859e+02 7.866750e+07 5.980198e+06 
3.498160e+02 8.210009e+07 5.112104e+06 
4.275233e+02 9.712548e+07 4.822740e+06 
3.323084e+02 7.773788e+07 5.787288e+06 
3.402030e+02 8.358650e+07 5.208559e+06 
3.264698e+02 7.785724e+07 5.980198e+06 
3.408010e+02 7.953332e+07 5.401469e+06 
3.346178e+02 8.278886e+07 5.305014e+06 
3.284050e+02 8.073258e+07 5.497924e+06 
3.427560e+02 8.108425e+07 5.305014e+06 
3.289047e+02 7.791212e+07 5.787288e+06 
3.222185e+02 7.830828e+07 6.173107e+06 
4.301077e+02 9.221364e+07 5.112104e+06 
4.452802e+02 9.801219e+07 4.629830e+06 
3.428676e+02 7.919762e+07 5.401469e+06 
3.485773e+02 8.225632e+07 5.253437e+06 
3.414778e+02 8.276161e+07 5.208559e+06 
3.376854e+02 7.784907e+07 5.594378e+06 
3.279284e+02 7.906524e+07 5.690833e+06 
3.284133e+02 7.883909e+07 5.594378e+06 
3.130000e+02 8.035699e+07 6.944746e+06 
3.545962e+02 8.464547e+07 4.919195e+06 
3.218524e+02 7.789694e+07 5.980198e+06 
4.367880e+02 1.008984e+08 4.629830e+06 
3.267450e+02 7.813834e+07 5.787288e+06 
3.229950e+02 7.878022e+07 5.787288e+06 
3.447033e+02 8.275002e+07 5.208559e+06 
3.235455e+02 7.867651e+07 5.787288e+06 
3.221397e+02 7.995448e+07 5.690833e+06 
4.392767e+02 9.951997e+07 4.533376e+06 
3.168212e+02 7.956025e+07 6.366017e+06 
4.494415e+02 1.007218e+08 4.436921e+06 
3.300006e+02 7.788432e+07 5.980198e+06 
3.282980e+02 7.903982e+07 5.684403e+06 
3.540955e+02 8.150447e+07 5.208559e+06 
3.397412e+02 8.423456e+07 5.015650e+06 
4.247893e+02 9.378130e+07 4.919195e+06 
3.218926e+02 7.899676e+07 5.787288e+06 
3.202195e+02 7.862805e+07 6.173107e+06 
3.218190e+02 8.187640e+07 5.767997e+06 
3.181910e+02 7.957310e+07 6.173107e+06 
3.308813e+02 7.859205e+07 5.594378e+06 
3.138239e+02 8.034605e+07 6.558926e+06 
3.204596e+02 7.828894e+07 6.173107e+06 
4.182672e+02 9.241510e+07 5.015650e+06 
3.131118e+02 8.028523e+07 6.751836e+06 
3.294607e+02 7.938082e+07 5.497924e+06 
4.563887e+02 9.806994e+07 4.629830e+06 
3.403752e+02 8.230167e+07 5.208559e+06 
3.321016e+02 7.841289e+07 5.594378e+06 
3.190399e+02 7.941242e+07 5.787288e+06 
4.484877e+02 9.896490e+07 4.726285e+06 
3.228736e+02 8.225439e+07 5.594378e+06 
3.370419e+02 7.730074e+07 5.594378e+06 
4.370433e+02 9.929134e+07 4.726285e+06 
3.267191e+02 7.924647e+07 5.594378e+06 
4.342880e+02 1.002558e+08 4.726285e+06 
3.391691e+02 8.126864e+07 5.305014e+06 
4.425429e+02 9.922302e+07 4.629830e+06 
3.177456e+02 8.057591e+07 5.787288e+06 
3.236214e+02 8.136912e+07 5.594378e+06 
3.185370e+02 7.926195e+07 6.366017e+06 
3.294433e+02 7.827309e+07 5.690833e+06 
3.139099e+02 7.909520e+07 6.366017e+06 
3.252095e+02 8.104823e+07 5.594378e+06 
3.125572e+02 8.071361e+07 6.366017e+06 
3.485189e+02 8.087404e+07 5.305014e+06 
3.190394e+02 7.899267e+07 5.980198e+06 
3.129494e+02 8.111071e+07 6.366017e+06 
3.504555e+02 7.945960e+07 5.497924e+06 
3.239530e+02 8.225170e+07 5.401469e+06 
3.260658e+02 8.051103e+07 5.684403e+06 
3.261974e+02 8.039840e+07 5.594378e+06 
3.378478e+02 8.092765e+07 5.401469e+06 
3.402538e+02 8.321015e+07 5.208559e+06 
3.209102e+02 7.852591e+07 6.558926e+06 
3.142353e+02 7.983394e+07 6.751836e+06 
4.414139e+02 9.871346e+07 4.533376e+06 
3.436860e+02 8.025476e+07 5.419553e+06 
3.530755e+02 7.932746e+07 5.497924e+06 
3.479588e+02 7.899353e+07 5.497924e+06 
3.407300e+02 8.323082e+07 5.208559e+06 

3.680644e+02 7.791888e+07 5.787288e+06 
3.642859e+02 7.837011e+07 5.690833e+06 
3.527087e+02 8.466958e+07 5.690833e+06 
4.038769e+02 7.896756e+07 5.136218e+06 
3.589540e+02 9.058514e+07 5.401469e+06 
3.580064e+02 9.097696e+07 5.401469e+06 
3.631722e+02 8.218843e+07 5.401469e+06 
3.341311e+02 7.913784e+07 6.269562e+06 
3.988825e+02 8.495143e+07 4.932055e+06 
3.348612e+02 7.968859e+07 6.173107e+06 
3.342282e+02 8.120720e+07 6.173107e+06 
3.617049e+02 9.488298e+07 5.112104e+06 
3.495454e+02 8.938192e+07 5.787288e+06 
3.321999e+02 8.028898e+07 6.558926e+06 
3.527183e+02 8.397228e+07 5.787288e+06 
4.041848e+02 8.057067e+07 5.136218e+06 
3.515766e+02 8.558819e+07 5.594378e+06 
4.052627e+02 8.119257e+07 5.112104e+06 
3.996459e+02 8.138520e+07 5.039763e+06 
4.226743e+02 8.349633e+07 4.932055e+06 
3.784461e+02 7.996893e+07 5.305014e+06 
3.504729e+02 9.094709e+07 5.497924e+06 
3.312986e+02 8.126199e+07 6.076652e+06 
3.482850e+02 9.135366e+07 5.787288e+06 
3.290555e+02 8.252494e+07 6.269562e+06 
3.528765e+02 8.100210e+07 5.594378e+06 
3.685596e+02 8.042857e+07 5.401469e+06 
3.292111e+02 8.114398e+07 6.655381e+06 
3.513737e+02 8.071200e+07 5.883743e+06 
3.505155e+02 8.446970e+07 5.787288e+06 
3.608350e+02 7.810734e+07 5.690833e+06 
3.365874e+02 8.234705e+07 5.980198e+06 
3.597120e+02 7.835214e+07 5.787288e+06 
3.657129e+02 8.633490e+07 5.208559e+06 
3.973938e+02 8.174082e+07 5.112104e+06 
3.616706e+02 7.788374e+07 6.173107e+06 
3.593301e+02 7.840789e+07 5.787288e+06 
3.277783e+02 8.460120e+07 6.558926e+06 
4.282614e+02 7.933974e+07 5.401469e+06 
3.597193e+02 7.765497e+07 6.076652e+06 
4.205280e+02 8.041347e+07 5.039763e+06 
3.284691e+02 8.137479e+07 6.366017e+06 
3.809735e+02 7.897664e+07 5.497924e+06 
3.626501e+02 7.733400e+07 6.076652e+06 
3.536770e+02 8.036736e+07 5.690833e+06 
3.318693e+02 8.120024e+07 6.462472e+06 
3.708714e+02 8.140994e+07 5.401469e+06 
4.066204e+02 8.162207e+07 4.919195e+06 
3.626714e+02 8.616995e+07 5.401469e+06 
3.808298e+02 8.028134e+07 5.208559e+06 
3.494947e+02 7.872537e+07 6.269562e+06 
3.279773e+02 8.287934e+07 6.558926e+06 
3.667537e+02 8.486978e+07 5.208559e+06 
3.676795e+02 7.920009e+07 5.594378e+06 
3.271183e+02 8.398779e+07 6.366017e+06 
3.605475e+02 7.805805e+07 6.173107e+06 
4.231057e+02 8.073678e+07 5.015650e+06 
4.078361e+02 8.009606e+07 5.112104e+06 
3.652243e+02 7.712053e+07 6.076652e+06 
3.565444e+02 7.811716e+07 6.269562e+06 
4.113879e+02 7.940376e+07 5.208559e+06 
3.814751e+02 7.786229e+07 5.594378e+06 
3.552978e+02 8.245390e+07 5.497924e+06 
3.570127e+02 7.814925e+07 6.076652e+06 
3.591746e+02 7.800924e+07 5.883743e+06 
3.622006e+02 7.808967e+07 5.883743e+06 
3.585522e+02 7.812677e+07 6.076652e+06 
4.149438e+02 7.845235e+07 5.329127e+06 
3.560459e+02 7.863290e+07 6.076652e+06 
3.603088e+02 8.316969e+07 5.497924e+06 
3.608968e+02 7.793373e+07 6.076652e+06 
3.358242e+02 7.972445e+07 6.173107e+06 
3.532475e+02 7.929766e+07 5.883743e+06 
4.243697e+02 8.396432e+07 4.919195e+06 
4.098349e+02 7.956232e+07 5.136218e+06 
3.354454e+02 7.975472e+07 6.558926e+06 
4.258355e+02 7.956097e+07 5.015650e+06 
4.230713e+02 8.048713e+07 5.015650e+06 
3.612136e+02 7.890210e+07 5.690833e+06 
3.567561e+02 7.851069e+07 6.269562e+06 
3.980577e+02 7.926567e+07 5.522037e+06 
4.204425e+02 7.955971e+07 5.136218e+06 
3.333652e+02 8.081837e+07 6.462472e+06 
4.232133e+02 8.230488e+07 4.943308e+06 
3.480807e+02 8.396105e+07 5.883743e+06 
4.158384e+02 7.913789e+07 5.522037e+06 
3.493593e+02 9.018442e+07 5.787288e+06 
3.334241e+02 7.926527e+07 6.366017e+06 
3.677421e+02 8.215884e+07 5.305014e+06 
4.113498e+02 8.025993e+07 5.112104e+06 
3.577339e+02 8.010628e+07 5.594378e+06 
3.528941e+02 7.917239e+07 5.690833e+06 
3.511862e+02 8.865138e+07 5.594378e+06 
3.785035e+02 7.860581e+07 5.594378e+06 
3.660646e+02 7.752577e+07 5.883743e+06 
3.541606e+02 8.075535e+07 5.594378e+06 
3.581789e+02 7.954402e+07 5.594378e+06 
3.573282e+02 7.844888e+07 5.883743e+06 
3.799401e+02 7.817227e+07 5.787288e+06 
3.641652e+02 7.953489e+07 5.497924e+06 

