1.492031e+02 3.484639e+07 3.814935e+06 
1.769256e+02 3.222367e+07 3.814935e+06 
1.977339e+02 3.160874e+07 3.814935e+06 
1.701293e+02 3.275028e+07 3.814935e+06 
1.534551e+02 3.399252e+07 3.814935e+06 
1.980230e+02 3.154757e+07 3.814935e+06 
2.077514e+02 3.129228e+07 3.814935e+06 
1.777945e+02 3.220279e+07 3.814935e+06 
1.482747e+02 3.548508e+07 3.814935e+06 
1.482747e+02 3.548508e+07 3.814935e+06 
1.482747e+02 3.548508e+07 3.814935e+06 
1.482747e+02 3.548508e+07 3.814935e+06 
1.482747e+02 3.548508e+07 3.814935e+06 
1.482747e+02 3.548508e+07 3.814935e+06 
1.482747e+02 3.548508e+07 3.814935e+06 
1.482747e+02 3.548508e+07 3.814935e+06 
1.482747e+02 3.548508e+07 3.814935e+06 
1.482747e+02 3.548508e+07 3.814935e+06 
1.482747e+02 3.548508e+07 3.814935e+06 
1.482747e+02 3.548508e+07 3.814935e+06 
1.482747e+02 3.548508e+07 3.814935e+06 
1.482747e+02 3.548508e+07 3.814935e+06 
1.482747e+02 3.548508e+07 3.814935e+06 
1.482747e+02 3.548508e+07 3.814935e+06 
1.482747e+02 3.548508e+07 3.814935e+06 
1.482747e+02 3.548508e+07 3.814935e+06 
1.482747e+02 3.548508e+07 3.814935e+06 
1.482747e+02 3.548508e+07 3.814935e+06 
1.482747e+02 3.548508e+07 3.814935e+06 
1.482747e+02 3.548508e+07 3.814935e+06 
1.482747e+02 3.548508e+07 3.814935e+06 
1.482747e+02 3.548508e+07 3.814935e+06 
1.482747e+02 3.548508e+07 3.814935e+06 
1.482747e+02 3.548508e+07 3.814935e+06 
1.482747e+02 3.548508e+07 3.814935e+06 
1.482747e+02 3.548508e+07 3.814935e+06 
1.482747e+02 3.548508e+07 3.814935e+06 
1.482747e+02 3.548508e+07 3.814935e+06 
1.482747e+02 3.548508e+07 3.814935e+06 
1.482747e+02 3.548508e+07 3.814935e+06 
1.482747e+02 3.548508e+07 3.814935e+06 
1.482747e+02 3.548508e+07 3.814935e+06 
1.482747e+02 3.548508e+07 3.814935e+06 
1.482747e+02 3.548508e+07 3.814935e+06 
1.482747e+02 3.548508e+07 3.814935e+06 
1.482747e+02 3.548508e+07 3.814935e+06 
1.482747e+02 3.548508e+07 3.814935e+06 
1.482747e+02 3.548508e+07 3.814935e+06 
1.482747e+02 3.548508e+07 3.814935e+06 
1.482747e+02 3.548508e+07 3.814935e+06 
1.482747e+02 3.548508e+07 3.814935e+06 
1.482747e+02 3.548508e+07 3.814935e+06 
1.482747e+02 3.548508e+07 3.814935e+06 
1.482747e+02 3.548508e+07 3.814935e+06 
1.482747e+02 3.548508e+07 3.814935e+06 
1.482747e+02 3.548508e+07 3.814935e+06 
1.482747e+02 3.548508e+07 3.814935e+06 
1.851523e+02 3.213335e+07 3.814935e+06 
2.072764e+02 3.131239e+07 3.814935e+06 
1.859679e+02 3.190327e+07 3.814935e+06 
1.487959e+02 3.510931e+07 3.814935e+06 
1.556384e+02 3.383255e+07 3.814935e+06 
2.105406e+02 3.107901e+07 3.814935e+06 
1.590215e+02 3.344849e+07 3.814935e+06 
1.746841e+02 3.259820e+07 3.814935e+06 
1.646708e+02 3.314363e+07 3.814935e+06 
2.042621e+02 3.132937e+07 3.814935e+06 
1.511872e+02 3.412014e+07 3.814935e+06 
1.750768e+02 3.229757e+07 3.814935e+06 
1.493493e+02 3.460793e+07 3.814935e+06 
1.749397e+02 3.258617e+07 3.814935e+06 
1.535439e+02 3.391703e+07 3.814935e+06 
1.667100e+02 3.282369e+07 3.814935e+06 
2.038426e+02 3.136791e+07 3.814935e+06 
2.092607e+02 3.125057e+07 3.814935e+06 
2.179618e+02 3.104356e+07 3.814935e+06 
1.725850e+02 3.262477e+07 3.814935e+06 
1.640543e+02 3.314903e+07 3.814935e+06 
1.823174e+02 3.214349e+07 3.814935e+06 
1.565239e+02 3.373314e+07 3.814935e+06 
1.623472e+02 3.324490e+07 3.814935e+06 
1.706836e+02 3.274488e+07 3.814935e+06 
1.527024e+02 3.407588e+07 3.814935e+06 
1.604755e+02 3.327016e+07 3.814935e+06 
1.906887e+02 3.189321e+07 3.814935e+06 
1.488120e+02 3.504650e+07 3.814935e+06 
2.094711e+02 3.119283e+07 3.814935e+06 
1.637568e+02 3.324397e+07 3.814935e+06 
1.712696e+02 3.267096e+07 3.814935e+06 
1.604539e+02 3.340013e+07 3.814935e+06 
1.966386e+02 3.166776e+07 3.814935e+06 
1.654748e+02 3.313313e+07 3.814935e+06 
1.553410e+02 3.391587e+07 3.814935e+06 
1.984188e+02 3.145168e+07 3.814935e+06 
1.929556e+02 3.167901e+07 3.814935e+06 
1.491215e+02 3.483360e+07 3.814935e+06 
1.725776e+02 3.264461e+07 3.814935e+06 
1.567606e+02 3.348272e+07 3.814935e+06 
1.743195e+02 3.262068e+07 3.814935e+06 
2.167116e+02 3.101820e+07 3.814935e+06 

1.652731e+02 3.300302e+07 3.814935e+06 
1.494180e+02 3.523519e+07 3.814935e+06 
1.713716e+02 3.255203e+07 3.814935e+06 
1.499876e+02 3.467100e+07 3.814935e+06 
1.692133e+02 3.271839e+07 3.814935e+06 
1.577348e+02 3.346950e+07 3.814935e+06 
1.482747e+02 3.548508e+07 3.814935e+06 
1.482747e+02 3.548508e+07 3.814935e+06 
1.482747e+02 3.548508e+07 3.814935e+06 
1.482747e+02 3.548508e+07 3.814935e+06 
1.482747e+02 3.548508e+07 3.814935e+06 
1.482747e+02 3.548508e+07 3.814935e+06 
1.482747e+02 3.548508e+07 3.814935e+06 
1.482747e+02 3.548508e+07 3.814935e+06 
1.482747e+02 3.548508e+07 3.814935e+06 
1.482747e+02 3.548508e+07 3.814935e+06 
1.482747e+02 3.548508e+07 3.814935e+06 
1.482747e+02 3.548508e+07 3.814935e+06 
1.482747e+02 3.548508e+07 3.814935e+06 
1.482747e+02 3.548508e+07 3.814935e+06 
1.482747e+02 3.548508e+07 3.814935e+06 
1.482747e+02 3.548508e+07 3.814935e+06 
1.482747e+02 3.548508e+07 3.814935e+06 
1.482747e+02 3.548508e+07 3.814935e+06 
1.482747e+02 3.548508e+07 3.814935e+06 
1.482747e+02 3.548508e+07 3.814935e+06 
1.482747e+02 3.548508e+07 3.814935e+06 
1.482747e+02 3.548508e+07 3.814935e+06 
1.482747e+02 3.548508e+07 3.814935e+06 
1.482747e+02 3.548508e+07 3.814935e+06 
1.482747e+02 3.548508e+07 3.814935e+06 
1.482747e+02 3.548508e+07 3.814935e+06 
1.482747e+02 3.548508e+07 3.814935e+06 
1.482747e+02 3.548508e+07 3.814935e+06 
1.482747e+02 3.548508e+07 3.814935e+06 
1.482747e+02 3.548508e+07 3.814935e+06 
1.482747e+02 3.548508e+07 3.814935e+06 
1.482747e+02 3.548508e+07 3.814935e+06 
1.482747e+02 3.548508e+07 3.814935e+06 
1.482747e+02 3.548508e+07 3.814935e+06 
1.482747e+02 3.548508e+07 3.814935e+06 
1.482747e+02 3.548508e+07 3.814935e+06 
1.482747e+02 3.548508e+07 3.814935e+06 
1.482747e+02 3.548508e+07 3.814935e+06 
1.482747e+02 3.548508e+07 3.814935e+06 
1.482747e+02 3.548508e+07 3.814935e+06 
1.482747e+02 3.548508e+07 3.814935e+06 
1.482747e+02 3.548508e+07 3.814935e+06 
1.482747e+02 3.548508e+07 3.814935e+06 
1.482747e+02 3.548508e+07 3.814935e+06 
1.482747e+02 3.548508e+07 3.814935e+06 
1.482747e+02 3.548508e+07 3.814935e+06 
1.482747e+02 3.548508e+07 3.814935e+06 
1.482747e+02 3.548508e+07 3.814935e+06 
1.482747e+02 3.548508e+07 3.814935e+06 
1.488120e+02 3.504650e+07 3.814935e+06 
1.642811e+02 3.302384e+07 3.814935e+06 
1.541804e+02 3.412926e+07 3.814935e+06 
1.629599e+02 3.317211e+07 3.814935e+06 
1.804938e+02 3.240961e+07 3.814935e+06 
1.558348e+02 3.375709e+07 3.814935e+06 
1.594185e+02 3.343858e+07 3.814935e+06 
1.664473e+02 3.293801e+07 3.814935e+06 
1.490075e+02 3.494644e+07 3.814935e+06 
1.671606e+02 3.285206e+07 3.814935e+06 
1.973323e+02 3.189437e+07 3.814935e+06 
1.914025e+02 3.204667e+07 3.814935e+06 
1.560678e+02 3.357289e+07 3.814935e+06 
2.016774e+02 3.184613e+07 3.814935e+06 
2.170058e+02 3.131755e+07 3.814935e+06 
1.775135e+02 3.247529e+07 3.814935e+06 
1.865060e+02 3.225819e+07 3.814935e+06 
1.852735e+02 3.215173e+07 3.814935e+06 
1.500854e+02 3.462097e+07 3.814935e+06 
1.488120e+02 3.504650e+07 3.814935e+06 
1.964583e+02 3.194581e+07 3.814935e+06 
1.896774e+02 3.201974e+07 3.814935e+06 
1.575999e+02 3.346875e+07 3.814935e+06 
1.937187e+02 3.195849e+07 3.814935e+06 
1.499715e+02 3.473381e+07 3.814935e+06 
2.250596e+02 3.146425e+07 3.814935e+06 
1.491215e+02 3.483360e+07 3.814935e+06 
1.506098e+02 3.479688e+07 3.814935e+06 
2.048602e+02 3.180062e+07 3.814935e+06 
1.509677e+02 3.439555e+07 3.814935e+06 
1.676110e+02 3.282922e+07 3.814935e+06 
1.502155e+02 3.444532e+07 3.814935e+06 
1.497921e+02 3.477106e+07 3.814935e+06 
1.489098e+02 3.499647e+07 3.814935e+06 
1.597687e+02 3.327410e+07 3.814935e+06 
1.984823e+02 3.185613e+07 3.814935e+06 
1.532164e+02 3.434190e+07 3.814935e+06 
1.526435e+02 3.435442e+07 3.814935e+06 
2.032545e+02 3.152316e+07 3.814935e+06 
1.501016e+02 3.455816e+07 3.814935e+06 
1.630205e+02 3.303196e+07 3.814935e+06 
1.674040e+02 3.286965e+07 3.814935e+06 
1.742474e+02 3.254167e+07 3.814935e+06 
1.828196e+02 3.230065e+07 3.814935e+06 
1.533958e+02 3.430465e+07 3.814935e+06 

1.531154e+02 3.402459e+07 3.814935e+06 
1.495320e+02 3.512235e+07 3.814935e+06 
2.142704e+02 3.116613e+07 3.814935e+06 
2.156798e+02 3.107102e+07 3.814935e+06 
1.539404e+02 3.396051e+07 3.814935e+06 
2.110672e+02 3.130087e+07 3.814935e+06 
1.995546e+02 3.176770e+07 3.814935e+06 
1.482747e+02 3.548508e+07 3.814935e+06 
1.482747e+02 3.548508e+07 3.814935e+06 
1.482747e+02 3.548508e+07 3.814935e+06 
1.482747e+02 3.548508e+07 3.814935e+06 
1.482747e+02 3.548508e+07 3.814935e+06 
1.482747e+02 3.548508e+07 3.814935e+06 
1.482747e+02 3.548508e+07 3.814935e+06 
1.482747e+02 3.548508e+07 3.814935e+06 
1.482747e+02 3.548508e+07 3.814935e+06 
1.482747e+02 3.548508e+07 3.814935e+06 
1.482747e+02 3.548508e+07 3.814935e+06 
1.482747e+02 3.548508e+07 3.814935e+06 
1.482747e+02 3.548508e+07 3.814935e+06 
1.482747e+02 3.548508e+07 3.814935e+06 
1.482747e+02 3.548508e+07 3.814935e+06 
1.482747e+02 3.548508e+07 3.814935e+06 
1.482747e+02 3.548508e+07 3.814935e+06 
1.482747e+02 3.548508e+07 3.814935e+06 
1.482747e+02 3.548508e+07 3.814935e+06 
1.482747e+02 3.548508e+07 3.814935e+06 
1.482747e+02 3.548508e+07 3.814935e+06 
1.482747e+02 3.548508e+07 3.814935e+06 
1.482747e+02 3.548508e+07 3.814935e+06 
1.482747e+02 3.548508e+07 3.814935e+06 
1.482747e+02 3.548508e+07 3.814935e+06 
1.482747e+02 3.548508e+07 3.814935e+06 
1.482747e+02 3.548508e+07 3.814935e+06 
1.482747e+02 3.548508e+07 3.814935e+06 
1.482747e+02 3.548508e+07 3.814935e+06 
1.482747e+02 3.548508e+07 3.814935e+06 
1.482747e+02 3.548508e+07 3.814935e+06 
1.482747e+02 3.548508e+07 3.814935e+06 
1.482747e+02 3.548508e+07 3.814935e+06 
1.482747e+02 3.548508e+07 3.814935e+06 
1.482747e+02 3.548508e+07 3.814935e+06 
1.732067e+02 3.265502e+07 3.814935e+06 
1.653389e+02 3.302573e+07 3.814935e+06 
1.828065e+02 3.231186e+07 3.814935e+06 
1.663371e+02 3.296760e+07 3.814935e+06 
1.787604e+02 3.247601e+07 3.814935e+06 
1.767603e+02 3.261870e+07 3.814935e+06 
1.904186e+02 3.203694e+07 3.814935e+06 
1.972997e+02 3.178858e+07 3.814935e+06 
1.962619e+02 3.180888e+07 3.814935e+06 
1.826157e+02 3.228811e+07 3.814935e+06 
1.974596e+02 3.183909e+07 3.814935e+06 
1.522406e+02 3.416571e+07 3.814935e+06 
1.855413e+02 3.227137e+07 3.814935e+06 
1.707404e+02 3.281638e+07 3.814935e+06 
2.036450e+02 3.147124e+07 3.814935e+06 
1.893909e+02 3.189772e+07 3.814935e+06 
1.492515e+02 3.465796e+07 3.814935e+06 
2.023592e+02 3.152407e+07 3.814935e+06 
1.796605e+02 3.244231e+07 3.814935e+06 
1.684559e+02 3.294161e+07 3.814935e+06 
2.005581e+02 3.168572e+07 3.814935e+06 
1.485842e+02 3.527218e+07 3.814935e+06 
2.041189e+02 3.155077e+07 3.814935e+06 
1.811550e+02 3.242658e+07 3.814935e+06 
1.490398e+02 3.482082e+07 3.814935e+06 
2.198874e+02 3.085283e+07 3.814935e+06 
1.619804e+02 3.342210e+07 3.814935e+06 
2.016109e+02 3.168475e+07 3.814935e+06 
2.301907e+02 3.098971e+07 3.814935e+06 
2.117314e+02 3.127580e+07 3.814935e+06 
1.689391e+02 3.292479e+07 3.814935e+06 
1.556011e+02 3.371294e+07 3.814935e+06 
1.560584e+02 3.375000e+07 3.814935e+06 
1.489098e+02 3.499647e+07 3.814935e+06 
1.621956e+02 3.337207e+07 3.814935e+06 
1.686289e+02 3.284821e+07 3.814935e+06 
2.097769e+02 3.132063e+07 3.814935e+06 
1.562331e+02 3.345598e+07 3.814935e+06 
1.770922e+02 3.256828e+07 3.814935e+06 
1.517855e+02 3.442138e+07 3.814935e+06 
1.639526e+02 3.316058e+07 3.814935e+06 
1.869197e+02 3.211372e+07 3.814935e+06 
1.987237e+02 3.177221e+07 3.814935e+06 
2.106003e+02 3.134364e+07 3.814935e+06 
1.516061e+02 3.445862e+07 3.814935e+06 
1.527761e+02 3.423935e+07 3.814935e+06 
1.624956e+02 3.331556e+07 3.814935e+06 
2.162997e+02 3.113430e+07 3.814935e+06 
1.928126e+02 3.188959e+07 3.814935e+06 
1.495448e+02 3.450787e+07 3.814935e+06 
1.949830e+02 3.186229e+07 3.814935e+06 
1.700710e+02 3.282181e+07 3.814935e+06 
1.491376e+02 3.477079e+07 3.814935e+06 
1.542209e+02 3.393869e+07 3.814935e+06 
1.943406e+02 3.188396e+07 3.814935e+06 
1.490237e+02 3.488363e+07 3.814935e+06 
1.624000e+02 3.320969e+07 3.814935e+06 
1.744442e+02 3.266505e+07 3.814935e+06 

1.819817e+02 3.203863e+07 3.814935e+06 
1.636644e+02 3.321311e+07 3.814935e+06 
1.797191e+02 3.212480e+07 3.814935e+06 
1.736435e+02 3.249197e+07 3.814935e+06 
1.498899e+02 3.472103e+07 3.814935e+06 
1.975928e+02 3.151526e+07 3.814935e+06 
1.999133e+02 3.130413e+07 3.814935e+06 
1.486819e+02 3.522215e+07 3.814935e+06 
1.529137e+02 3.389530e+07 3.814935e+06 
1.482747e+02 3.548508e+07 3.814935e+06 
1.482747e+02 3.548508e+07 3.814935e+06 
1.482747e+02 3.548508e+07 3.814935e+06 
1.482747e+02 3.548508e+07 3.814935e+06 
1.482747e+02 3.548508e+07 3.814935e+06 
1.482747e+02 3.548508e+07 3.814935e+06 
1.482747e+02 3.548508e+07 3.814935e+06 
1.482747e+02 3.548508e+07 3.814935e+06 
1.482747e+02 3.548508e+07 3.814935e+06 
1.482747e+02 3.548508e+07 3.814935e+06 
1.482747e+02 3.548508e+07 3.814935e+06 
1.482747e+02 3.548508e+07 3.814935e+06 
1.482747e+02 3.548508e+07 3.814935e+06 
1.482747e+02 3.548508e+07 3.814935e+06 
1.482747e+02 3.548508e+07 3.814935e+06 
1.482747e+02 3.548508e+07 3.814935e+06 
1.482747e+02 3.548508e+07 3.814935e+06 
1.482747e+02 3.548508e+07 3.814935e+06 
1.482747e+02 3.548508e+07 3.814935e+06 
1.482747e+02 3.548508e+07 3.814935e+06 
1.482747e+02 3.548508e+07 3.814935e+06 
1.482747e+02 3.548508e+07 3.814935e+06 
1.482747e+02 3.548508e+07 3.814935e+06 
1.482747e+02 3.548508e+07 3.814935e+06 
1.482747e+02 3.548508e+07 3.814935e+06 
1.482747e+02 3.548508e+07 3.814935e+06 
1.482747e+02 3.548508e+07 3.814935e+06 
1.482747e+02 3.548508e+07 3.814935e+06 
1.482747e+02 3.548508e+07 3.814935e+06 
1.482747e+02 3.548508e+07 3.814935e+06 
1.482747e+02 3.548508e+07 3.814935e+06 
1.482747e+02 3.548508e+07 3.814935e+06 
1.482747e+02 3.548508e+07 3.814935e+06 
1.482747e+02 3.548508e+07 3.814935e+06 
1.482747e+02 3.548508e+07 3.814935e+06 
1.482747e+02 3.548508e+07 3.814935e+06 
1.482747e+02 3.548508e+07 3.814935e+06 
1.482747e+02 3.548508e+07 3.814935e+06 
1.482747e+02 3.548508e+07 3.814935e+06 
1.482747e+02 3.548508e+07 3.814935e+06 
1.482747e+02 3.548508e+07 3.814935e+06 
1.482747e+02 3.548508e+07 3.814935e+06 
1.482747e+02 3.548508e+07 3.814935e+06 
1.482747e+02 3.548508e+07 3.814935e+06 
1.482747e+02 3.548508e+07 3.814935e+06 
1.482747e+02 3.548508e+07 3.814935e+06 
1.482747e+02 3.548508e+07 3.814935e+06 
1.482747e+02 3.548508e+07 3.814935e+06 
1.482747e+02 3.548508e+07 3.814935e+06 
1.482747e+02 3.548508e+07 3.814935e+06 
1.653201e+02 3.305409e+07 3.814935e+06 
1.766258e+02 3.233734e+07 3.814935e+06 
1.660228e+02 3.304531e+07 3.814935e+06 
1.548928e+02 3.378746e+07 3.814935e+06 
1.689923e+02 3.278513e+07 3.814935e+06 
1.924454e+02 3.170778e+07 3.814935e+06 
1.507344e+02 3.427374e+07 3.814935e+06 
1.500693e+02 3.468378e+07 3.814935e+06 
2.090265e+02 3.115120e+07 3.814935e+06 
1.489421e+02 3.487085e+07 3.814935e+06 
1.570979e+02 3.356189e+07 3.814935e+06 
1.491215e+02 3.483360e+07 3.814935e+06 
1.564151e+02 3.367812e+07 3.814935e+06 
1.875119e+02 3.181382e+07 3.814935e+06 
1.897849e+02 3.172222e+07 3.814935e+06 
2.059252e+02 3.122216e+07 3.814935e+06 
1.497921e+02 3.477106e+07 3.814935e+06 
1.708978e+02 3.276888e+07 3.814935e+06 
1.955952e+02 3.157651e+07 3.814935e+06 
1.963607e+02 3.153530e+07 3.814935e+06 
1.583942e+02 3.347790e+07 3.814935e+06 
1.609840e+02 3.326072e+07 3.814935e+06 
1.485026e+02 3.525940e+07 3.814935e+06 
1.842533e+02 3.195134e+07 3.814935e+06 
1.502316e+02 3.438251e+07 3.814935e+06 
1.762752e+02 3.242687e+07 3.814935e+06 
1.486981e+02 3.515934e+07 3.814935e+06 
1.733981e+02 3.270469e+07 3.814935e+06 
1.662758e+02 3.282632e+07 3.814935e+06 
1.783706e+02 3.223323e+07 3.814935e+06 
1.982481e+02 3.132510e+07 3.814935e+06 
1.723945e+02 3.275409e+07 3.814935e+06 
1.730246e+02 3.274623e+07 3.814935e+06 
1.637146e+02 3.314843e+07 3.814935e+06 
1.553903e+02 3.376704e+07 3.814935e+06 
1.855988e+02 3.182892e+07 3.814935e+06 
1.783345e+02 3.227530e+07 3.814935e+06 
1.512058e+02 3.400671e+07 3.814935e+06 
1.763498e+02 3.234538e+07 3.814935e+06 
1.604465e+02 3.344745e+07 3.814935e+06 
1.841336e+02 3.195829e+07 3.814935e+06 

1.706657e+02 3.255702e+07 3.814935e+06 
1.621056e+02 3.310560e+07 3.814935e+06 
1.886748e+02 3.187202e+07 3.814935e+06 
1.535225e+02 3.415294e+07 3.814935e+06 
1.575166e+02 3.349104e+07 3.814935e+06 
1.534855e+02 3.415857e+07 3.814935e+06 
1.587633e+02 3.339719e+07 3.814935e+06 
1.490237e+02 3.488363e+07 3.814935e+06 
1.976310e+02 3.159444e+07 3.814935e+06 
1.482747e+02 3.548508e+07 3.814935e+06 
1.482747e+02 3.548508e+07 3.814935e+06 
1.482747e+02 3.548508e+07 3.814935e+06 
1.482747e+02 3.548508e+07 3.814935e+06 
1.482747e+02 3.548508e+07 3.814935e+06 
1.482747e+02 3.548508e+07 3.814935e+06 
1.482747e+02 3.548508e+07 3.814935e+06 
1.482747e+02 3.548508e+07 3.814935e+06 
1.482747e+02 3.548508e+07 3.814935e+06 
1.482747e+02 3.548508e+07 3.814935e+06 
1.482747e+02 3.548508e+07 3.814935e+06 
1.482747e+02 3.548508e+07 3.814935e+06 
1.482747e+02 3.548508e+07 3.814935e+06 
1.482747e+02 3.548508e+07 3.814935e+06 
1.482747e+02 3.548508e+07 3.814935e+06 
1.482747e+02 3.548508e+07 3.814935e+06 
1.482747e+02 3.548508e+07 3.814935e+06 
1.482747e+02 3.548508e+07 3.814935e+06 
1.482747e+02 3.548508e+07 3.814935e+06 
1.482747e+02 3.548508e+07 3.814935e+06 
1.482747e+02 3.548508e+07 3.814935e+06 
1.482747e+02 3.548508e+07 3.814935e+06 
1.482747e+02 3.548508e+07 3.814935e+06 
1.482747e+02 3.548508e+07 3.814935e+06 
1.482747e+02 3.548508e+07 3.814935e+06 
1.482747e+02 3.548508e+07 3.814935e+06 
1.482747e+02 3.548508e+07 3.814935e+06 
1.482747e+02 3.548508e+07 3.814935e+06 
1.482747e+02 3.548508e+07 3.814935e+06 
1.482747e+02 3.548508e+07 3.814935e+06 
1.482747e+02 3.548508e+07 3.814935e+06 
1.482747e+02 3.548508e+07 3.814935e+06 
1.482747e+02 3.548508e+07 3.814935e+06 
1.482747e+02 3.548508e+07 3.814935e+06 
1.482747e+02 3.548508e+07 3.814935e+06 
1.482747e+02 3.548508e+07 3.814935e+06 
1.482747e+02 3.548508e+07 3.814935e+06 
1.482747e+02 3.548508e+07 3.814935e+06 
1.482747e+02 3.548508e+07 3.814935e+06 
1.482747e+02 3.548508e+07 3.814935e+06 
1.482747e+02 3.548508e+07 3.814935e+06 
1.482747e+02 3.548508e+07 3.814935e+06 
1.482747e+02 3.548508e+07 3.814935e+06 
1.482747e+02 3.548508e+07 3.814935e+06 
1.482747e+02 3.548508e+07 3.814935e+06 
1.482747e+02 3.548508e+07 3.814935e+06 
1.482747e+02 3.548508e+07 3.814935e+06 
1.482747e+02 3.548508e+07 3.814935e+06 
2.004693e+02 3.154524e+07 3.814935e+06 
1.596450e+02 3.317981e+07 3.814935e+06 
1.791377e+02 3.197539e+07 3.814935e+06 
1.632539e+02 3.299962e+07 3.814935e+06 
1.673732e+02 3.283780e+07 3.814935e+06 
1.519810e+02 3.432132e+07 3.814935e+06 
1.637070e+02 3.296619e+07 3.814935e+06 
1.672417e+02 3.284310e+07 3.814935e+06 
1.684302e+02 3.267944e+07 3.814935e+06 
1.779763e+02 3.232159e+07 3.814935e+06 
1.643774e+02 3.290686e+07 3.814935e+06 
1.555339e+02 3.371907e+07 3.814935e+06 
1.487304e+02 3.503372e+07 3.814935e+06 
1.600150e+02 3.312605e+07 3.814935e+06 
1.744466e+02 3.244692e+07 3.814935e+06 
1.505464e+02 3.434288e+07 3.814935e+06 
1.719865e+02 3.250326e+07 3.814935e+06 
1.673984e+02 3.278655e+07 3.814935e+06 
1.778586e+02 3.239639e+07 3.814935e+06 
1.490560e+02 3.475801e+07 3.814935e+06 
1.527736e+02 3.417877e+07 3.814935e+06 
1.675244e+02 3.272127e+07 3.814935e+06 
1.778909e+02 3.233099e+07 3.814935e+06 
1.541127e+02 3.399185e+07 3.814935e+06 
1.562863e+02 3.351499e+07 3.814935e+06 
1.780552e+02 3.226326e+07 3.814935e+06 
1.536642e+02 3.406573e+07 3.814935e+06 
2.020612e+02 3.138467e+07 3.814935e+06 
1.542112e+02 3.380692e+07 3.814935e+06 
1.491538e+02 3.470798e+07 3.814935e+06 
1.747555e+02 3.243291e+07 3.814935e+06 
1.554137e+02 3.378705e+07 3.814935e+06 
2.200806e+02 3.118783e+07 3.814935e+06 
1.583986e+02 3.342100e+07 3.814935e+06 
1.766100e+02 3.240426e+07 3.814935e+06 
1.716531e+02 3.251442e+07 3.814935e+06 
1.748442e+02 3.241263e+07 3.814935e+06 
1.941162e+02 3.174215e+07 3.814935e+06 
1.559970e+02 3.364805e+07 3.814935e+06 
1.782033e+02 3.201671e+07 3.814935e+06 
1.493654e+02 3.454512e+07 3.814935e+06 
1.666188e+02 3.285118e+07 3.814935e+06 
1.744015e+02 3.246619e+07 3.814935e+06 

1.888690e+02 3.172112e+07 3.814935e+06 
1.498737e+02 3.478384e+07 3.814935e+06 
1.852118e+02 3.198110e+07 3.814935e+06 
1.491086e+02 3.544809e+07 3.814935e+06 
1.975205e+02 3.165927e+07 3.814935e+06 
1.726680e+02 3.259489e+07 3.814935e+06 
1.834492e+02 3.207655e+07 3.814935e+06 
1.580071e+02 3.353407e+07 3.814935e+06 
1.813292e+02 3.206176e+07 3.814935e+06 
1.651584e+02 3.310251e+07 3.814935e+06 
1.553755e+02 3.358307e+07 3.814935e+06 
1.535377e+02 3.406226e+07 3.814935e+06 
1.861097e+02 3.194163e+07 3.814935e+06 
1.613346e+02 3.336883e+07 3.814935e+06 
1.482747e+02 3.548508e+07 3.814935e+06 
1.482747e+02 3.548508e+07 3.814935e+06 
1.482747e+02 3.548508e+07 3.814935e+06 
1.482747e+02 3.548508e+07 3.814935e+06 
1.482747e+02 3.548508e+07 3.814935e+06 
1.482747e+02 3.548508e+07 3.814935e+06 
1.482747e+02 3.548508e+07 3.814935e+06 
1.482747e+02 3.548508e+07 3.814935e+06 
1.482747e+02 3.548508e+07 3.814935e+06 
1.482747e+02 3.548508e+07 3.814935e+06 
1.482747e+02 3.548508e+07 3.814935e+06 
1.482747e+02 3.548508e+07 3.814935e+06 
1.482747e+02 3.548508e+07 3.814935e+06 
1.482747e+02 3.548508e+07 3.814935e+06 
1.482747e+02 3.548508e+07 3.814935e+06 
1.482747e+02 3.548508e+07 3.814935e+06 
1.482747e+02 3.548508e+07 3.814935e+06 
1.482747e+02 3.548508e+07 3.814935e+06 
1.482747e+02 3.548508e+07 3.814935e+06 
1.482747e+02 3.548508e+07 3.814935e+06 
1.482747e+02 3.548508e+07 3.814935e+06 
1.482747e+02 3.548508e+07 3.814935e+06 
1.482747e+02 3.548508e+07 3.814935e+06 
1.482747e+02 3.548508e+07 3.814935e+06 
1.482747e+02 3.548508e+07 3.814935e+06 
1.482747e+02 3.548508e+07 3.814935e+06 
1.482747e+02 3.548508e+07 3.814935e+06 
1.482747e+02 3.548508e+07 3.814935e+06 
1.482747e+02 3.548508e+07 3.814935e+06 
1.482747e+02 3.548508e+07 3.814935e+06 
1.482747e+02 3.548508e+07 3.814935e+06 
1.482747e+02 3.548508e+07 3.814935e+06 
1.530607e+02 3.417392e+07 3.814935e+06 
1.693773e+02 3.275663e+07 3.814935e+06 
1.680210e+02 3.294019e+07 3.814935e+06 
1.543601e+02 3.385456e+07 3.814935e+06 
1.499060e+02 3.465822e+07 3.814935e+06 
1.510493e+02 3.440833e+07 3.814935e+06 
1.740116e+02 3.228135e+07 3.814935e+06 
1.508377e+02 3.457120e+07 3.814935e+06 
1.712832e+02 3.265921e+07 3.814935e+06 
1.771453e+02 3.226399e+07 3.814935e+06 
1.698848e+02 3.259850e+07 3.814935e+06 
1.841995e+02 3.205520e+07 3.814935e+06 
1.499715e+02 3.473381e+07 3.814935e+06 
1.518832e+02 3.437135e+07 3.814935e+06 
1.795709e+02 3.221567e+07 3.814935e+06 
1.684382e+02 3.285209e+07 3.814935e+06 
1.673642e+02 3.297863e+07 3.814935e+06 
1.526626e+02 3.421514e+07 3.814935e+06 
1.651458e+02 3.314446e+07 3.814935e+06 
1.672751e+02 3.297691e+07 3.814935e+06 
1.491615e+02 3.518771e+07 3.814935e+06 
1.678085e+02 3.296902e+07 3.814935e+06 
1.592909e+02 3.343056e+07 3.814935e+06 
1.637109e+02 3.323618e+07 3.814935e+06 
1.660549e+02 3.311402e+07 3.814935e+06 
1.493203e+02 3.528522e+07 3.814935e+06 
1.521950e+02 3.428548e+07 3.814935e+06 
2.126782e+02 3.146727e+07 3.814935e+06 
1.537702e+02 3.400073e+07 3.814935e+06 
1.495032e+02 3.480350e+07 3.814935e+06 
1.669384e+02 3.300197e+07 3.814935e+06 
1.693251e+02 3.283393e+07 3.814935e+06 
1.812838e+02 3.210185e+07 3.814935e+06 
1.798559e+02 3.214738e+07 3.814935e+06 
1.596168e+02 3.339996e+07 3.814935e+06 
1.491708e+02 3.497201e+07 3.814935e+06 
1.993708e+02 3.149664e+07 3.814935e+06 
1.588547e+02 3.345276e+07 3.814935e+06 
1.525417e+02 3.419565e+07 3.814935e+06 
1.566599e+02 3.371764e+07 3.814935e+06 
1.657066e+02 3.303370e+07 3.814935e+06 
1.507399e+02 3.462123e+07 3.814935e+06 
2.020417e+02 3.156356e+07 3.814935e+06 
1.610640e+02 3.323948e+07 3.814935e+06 
1.888194e+02 3.190995e+07 3.814935e+06 
1.908487e+02 3.174145e+07 3.814935e+06 
1.679035e+02 3.295202e+07 3.814935e+06 
2.045969e+02 3.147368e+07 3.814935e+06 
1.588102e+02 3.353919e+07 3.814935e+06 
1.748006e+02 3.236147e+07 3.814935e+06 
1.508538e+02 3.450839e+07 3.814935e+06 
2.085307e+02 3.142385e+07 3.814935e+06 
1.652277e+02 3.309874e+07 3.814935e+06 
1.643862e+02 3.316498e+07 3.814935e+06 

1.845065e+02 3.232180e+07 3.814935e+06 
1.670071e+02 3.296231e+07 3.814935e+06 
1.705903e+02 3.294204e+07 3.814935e+06 
1.781665e+02 3.251504e+07 3.814935e+06 
1.546198e+02 3.399268e+07 3.814935e+06 
1.493642e+02 3.468113e+07 3.814935e+06 
1.728169e+02 3.272606e+07 3.814935e+06 
1.482747e+02 3.548508e+07 3.814935e+06 
1.482747e+02 3.548508e+07 3.814935e+06 
1.482747e+02 3.548508e+07 3.814935e+06 
1.482747e+02 3.548508e+07 3.814935e+06 
1.482747e+02 3.548508e+07 3.814935e+06 
1.482747e+02 3.548508e+07 3.814935e+06 
1.482747e+02 3.548508e+07 3.814935e+06 
1.482747e+02 3.548508e+07 3.814935e+06 
1.482747e+02 3.548508e+07 3.814935e+06 
1.482747e+02 3.548508e+07 3.814935e+06 
1.482747e+02 3.548508e+07 3.814935e+06 
1.482747e+02 3.548508e+07 3.814935e+06 
1.482747e+02 3.548508e+07 3.814935e+06 
1.482747e+02 3.548508e+07 3.814935e+06 
1.482747e+02 3.548508e+07 3.814935e+06 
1.482747e+02 3.548508e+07 3.814935e+06 
1.482747e+02 3.548508e+07 3.814935e+06 
1.482747e+02 3.548508e+07 3.814935e+06 
1.482747e+02 3.548508e+07 3.814935e+06 
1.482747e+02 3.548508e+07 3.814935e+06 
1.482747e+02 3.548508e+07 3.814935e+06 
1.482747e+02 3.548508e+07 3.814935e+06 
1.482747e+02 3.548508e+07 3.814935e+06 
1.482747e+02 3.548508e+07 3.814935e+06 
1.482747e+02 3.548508e+07 3.814935e+06 
1.482747e+02 3.548508e+07 3.814935e+06 
1.482747e+02 3.548508e+07 3.814935e+06 
1.482747e+02 3.548508e+07 3.814935e+06 
1.482747e+02 3.548508e+07 3.814935e+06 
1.482747e+02 3.548508e+07 3.814935e+06 
1.482747e+02 3.548508e+07 3.814935e+06 
1.482747e+02 3.548508e+07 3.814935e+06 
1.482747e+02 3.548508e+07 3.814935e+06 
1.482747e+02 3.548508e+07 3.814935e+06 
1.482747e+02 3.548508e+07 3.814935e+06 
1.482747e+02 3.548508e+07 3.814935e+06 
1.482747e+02 3.548508e+07 3.814935e+06 
1.482747e+02 3.548508e+07 3.814935e+06 
1.482747e+02 3.548508e+07 3.814935e+06 
1.482747e+02 3.548508e+07 3.814935e+06 
1.482747e+02 3.548508e+07 3.814935e+06 
1.482747e+02 3.548508e+07 3.814935e+06 
1.482747e+02 3.548508e+07 3.814935e+06 
1.482747e+02 3.548508e+07 3.814935e+06 
1.482747e+02 3.548508e+07 3.814935e+06 
1.482747e+02 3.548508e+07 3.814935e+06 
1.482747e+02 3.548508e+07 3.814935e+06 
1.482747e+02 3.548508e+07 3.814935e+06 
1.482747e+02 3.548508e+07 3.814935e+06 
1.482747e+02 3.548508e+07 3.814935e+06 
1.801148e+02 3.243152e+07 3.814935e+06 
2.009481e+02 3.160981e+07 3.814935e+06 
1.490883e+02 3.473896e+07 3.814935e+06 
1.525821e+02 3.412105e+07 3.814935e+06 
1.718985e+02 3.275430e+07 3.814935e+06 
1.714104e+02 3.285185e+07 3.814935e+06 
1.755546e+02 3.265662e+07 3.814935e+06 
1.845208e+02 3.211845e+07 3.814935e+06 
1.583408e+02 3.371315e+07 3.814935e+06 
1.642837e+02 3.328654e+07 3.814935e+06 
1.814643e+02 3.241532e+07 3.814935e+06 
1.756675e+02 3.253294e+07 3.814935e+06 
2.005311e+02 3.210821e+07 3.814935e+06 
1.821491e+02 3.232278e+07 3.814935e+06 
1.560916e+02 3.385977e+07 3.814935e+06 
1.520572e+02 3.415132e+07 3.814935e+06 
1.790215e+02 3.247321e+07 3.814935e+06 
2.071892e+02 3.156759e+07 3.814935e+06 
1.620591e+02 3.344792e+07 3.814935e+06 
1.751967e+02 3.272016e+07 3.814935e+06 
1.537245e+02 3.411298e+07 3.814935e+06 
1.537875e+02 3.411116e+07 3.814935e+06 
1.644794e+02 3.313744e+07 3.814935e+06 
1.488120e+02 3.504650e+07 3.814935e+06 
1.622356e+02 3.331333e+07 3.814935e+06 
1.522592e+02 3.413522e+07 3.814935e+06 
2.078876e+02 3.143596e+07 3.814935e+06 
1.495966e+02 3.490664e+07 3.814935e+06 
1.504926e+02 3.435804e+07 3.814935e+06 
1.568118e+02 3.375624e+07 3.814935e+06 
1.939636e+02 3.172953e+07 3.814935e+06 
1.515468e+02 3.422034e+07 3.814935e+06 
1.553665e+02 3.394299e+07 3.814935e+06 
1.567722e+02 3.392635e+07 3.814935e+06 
1.491538e+02 3.470798e+07 3.814935e+06 
1.538424e+02 3.404272e+07 3.814935e+06 
1.588553e+02 3.355586e+07 3.814935e+06 
1.571223e+02 3.373686e+07 3.814935e+06 
1.488282e+02 3.498369e+07 3.814935e+06 
1.601943e+02 3.350047e+07 3.814935e+06 
2.197240e+02 3.145511e+07 3.814935e+06 
1.551357e+02 3.398076e+07 3.814935e+06 
1.922177e+02 3.198310e+07 3.814935e+06 

1.504110e+02 3.434526e+07 3.814935e+06 
1.619951e+02 3.338505e+07 3.814935e+06 
2.044709e+02 3.191822e+07 3.814935e+06 
1.487959e+02 3.510931e+07 3.814935e+06 
1.858758e+02 3.216463e+07 3.814935e+06 
1.482747e+02 3.548508e+07 3.814935e+06 
1.482747e+02 3.548508e+07 3.814935e+06 
1.482747e+02 3.548508e+07 3.814935e+06 
1.482747e+02 3.548508e+07 3.814935e+06 
1.482747e+02 3.548508e+07 3.814935e+06 
1.482747e+02 3.548508e+07 3.814935e+06 
1.482747e+02 3.548508e+07 3.814935e+06 
1.482747e+02 3.548508e+07 3.814935e+06 
1.482747e+02 3.548508e+07 3.814935e+06 
1.482747e+02 3.548508e+07 3.814935e+06 
1.482747e+02 3.548508e+07 3.814935e+06 
1.482747e+02 3.548508e+07 3.814935e+06 
1.482747e+02 3.548508e+07 3.814935e+06 
1.482747e+02 3.548508e+07 3.814935e+06 
1.482747e+02 3.548508e+07 3.814935e+06 
1.482747e+02 3.548508e+07 3.814935e+06 
1.482747e+02 3.548508e+07 3.814935e+06 
1.482747e+02 3.548508e+07 3.814935e+06 
1.482747e+02 3.548508e+07 3.814935e+06 
1.482747e+02 3.548508e+07 3.814935e+06 
1.482747e+02 3.548508e+07 3.814935e+06 
1.482747e+02 3.548508e+07 3.814935e+06 
1.482747e+02 3.548508e+07 3.814935e+06 
1.482747e+02 3.548508e+07 3.814935e+06 
1.482747e+02 3.548508e+07 3.814935e+06 
1.482747e+02 3.548508e+07 3.814935e+06 
1.482747e+02 3.548508e+07 3.814935e+06 
1.482747e+02 3.548508e+07 3.814935e+06 
1.482747e+02 3.548508e+07 3.814935e+06 
1.482747e+02 3.548508e+07 3.814935e+06 
1.482747e+02 3.548508e+07 3.814935e+06 
1.482747e+02 3.548508e+07 3.814935e+06 
1.482747e+02 3.548508e+07 3.814935e+06 
1.482747e+02 3.548508e+07 3.814935e+06 
1.482747e+02 3.548508e+07 3.814935e+06 
1.482747e+02 3.548508e+07 3.814935e+06 
1.482747e+02 3.548508e+07 3.814935e+06 
1.482747e+02 3.548508e+07 3.814935e+06 
1.482747e+02 3.548508e+07 3.814935e+06 
1.482747e+02 3.548508e+07 3.814935e+06 
1.482747e+02 3.548508e+07 3.814935e+06 
1.482747e+02 3.548508e+07 3.814935e+06 
1.482747e+02 3.548508e+07 3.814935e+06 
1.482747e+02 3.548508e+07 3.814935e+06 
1.482747e+02 3.548508e+07 3.814935e+06 
1.482747e+02 3.548508e+07 3.814935e+06 
1.482747e+02 3.548508e+07 3.814935e+06 
1.482747e+02 3.548508e+07 3.814935e+06 
1.818670e+02 3.247730e+07 3.814935e+06 
1.585283e+02 3.380561e+07 3.814935e+06 
1.489151e+02 3.513422e+07 3.814935e+06 
1.560112e+02 3.390995e+07 3.814935e+06 
1.570858e+02 3.377369e+07 3.814935e+06 
1.491376e+02 3.477079e+07 3.814935e+06 
2.161689e+02 3.166470e+07 3.814935e+06 
1.539451e+02 3.399047e+07 3.814935e+06 
1.780974e+02 3.263469e+07 3.814935e+06 
1.539525e+02 3.435494e+07 3.814935e+06 
1.985669e+02 3.193445e+07 3.814935e+06 
1.594782e+02 3.337834e+07 3.814935e+06 
1.828817e+02 3.237232e+07 3.814935e+06 
2.034628e+02 3.183735e+07 3.814935e+06 
2.052206e+02 3.175840e+07 3.814935e+06 
1.943923e+02 3.206532e+07 3.814935e+06 
1.651448e+02 3.332160e+07 3.814935e+06 
2.151172e+02 3.160793e+07 3.814935e+06 
1.586031e+02 3.368736e+07 3.814935e+06 
1.915097e+02 3.212220e+07 3.814935e+06 
1.957039e+02 3.246255e+07 3.814935e+06 
1.534791e+02 3.425793e+07 3.814935e+06 
2.074551e+02 3.167696e+07 3.814935e+06 
1.655751e+02 3.320573e+07 3.814935e+06 
1.489259e+02 3.493366e+07 3.814935e+06 
1.705994e+02 3.291342e+07 3.814935e+06 
1.688612e+02 3.320419e+07 3.814935e+06 
2.003057e+02 3.188771e+07 3.814935e+06 
1.695735e+02 3.313044e+07 3.814935e+06 
1.493170e+02 3.473355e+07 3.814935e+06 
1.652494e+02 3.331600e+07 3.814935e+06 
1.960282e+02 3.202428e+07 3.814935e+06 
1.827348e+02 3.251097e+07 3.814935e+06 
1.551031e+02 3.395632e+07 3.814935e+06 
1.571250e+02 3.374736e+07 3.814935e+06 
1.739392e+02 3.278312e+07 3.814935e+06 
1.536461e+02 3.408228e+07 3.814935e+06 
1.640954e+02 3.332253e+07 3.814935e+06 
2.242076e+02 3.152431e+07 3.814935e+06 
1.732834e+02 3.308393e+07 3.814935e+06 
1.754619e+02 3.271600e+07 3.814935e+06 
1.802188e+02 3.259630e+07 3.814935e+06 
1.500038e+02 3.460819e+07 3.814935e+06 
1.917623e+02 3.208368e+07 3.814935e+06 
1.598688e+02 3.356375e+07 3.814935e+06 
1.524965e+02 3.426605e+07 3.814935e+06 
1.501016e+02 3.455816e+07 3.814935e+06 

2.070186e+02 3.145895e+07 3.814935e+06 
2.074259e+02 3.137699e+07 3.814935e+06 
1.564129e+02 3.413842e+07 3.814935e+06 
1.486981e+02 3.515934e+07 3.814935e+06 
1.714992e+02 3.272548e+07 3.814935e+06 
1.482747e+02 3.548508e+07 3.814935e+06 
1.482747e+02 3.548508e+07 3.814935e+06 
1.482747e+02 3.548508e+07 3.814935e+06 
1.482747e+02 3.548508e+07 3.814935e+06 
1.482747e+02 3.548508e+07 3.814935e+06 
1.482747e+02 3.548508e+07 3.814935e+06 
1.482747e+02 3.548508e+07 3.814935e+06 
1.482747e+02 3.548508e+07 3.814935e+06 
1.482747e+02 3.548508e+07 3.814935e+06 
1.482747e+02 3.548508e+07 3.814935e+06 
1.482747e+02 3.548508e+07 3.814935e+06 
1.482747e+02 3.548508e+07 3.814935e+06 
1.482747e+02 3.548508e+07 3.814935e+06 
1.482747e+02 3.548508e+07 3.814935e+06 
1.482747e+02 3.548508e+07 3.814935e+06 
1.482747e+02 3.548508e+07 3.814935e+06 
1.482747e+02 3.548508e+07 3.814935e+06 
1.482747e+02 3.548508e+07 3.814935e+06 
1.482747e+02 3.548508e+07 3.814935e+06 
1.482747e+02 3.548508e+07 3.814935e+06 
1.482747e+02 3.548508e+07 3.814935e+06 
1.482747e+02 3.548508e+07 3.814935e+06 
1.482747e+02 3.548508e+07 3.814935e+06 
1.482747e+02 3.548508e+07 3.814935e+06 
1.482747e+02 3.548508e+07 3.814935e+06 
1.482747e+02 3.548508e+07 3.814935e+06 
1.482747e+02 3.548508e+07 3.814935e+06 
1.482747e+02 3.548508e+07 3.814935e+06 
1.482747e+02 3.548508e+07 3.814935e+06 
1.482747e+02 3.548508e+07 3.814935e+06 
1.482747e+02 3.548508e+07 3.814935e+06 
1.482747e+02 3.548508e+07 3.814935e+06 
1.482747e+02 3.548508e+07 3.814935e+06 
1.482747e+02 3.548508e+07 3.814935e+06 
1.482747e+02 3.548508e+07 3.814935e+06 
1.482747e+02 3.548508e+07 3.814935e+06 
1.482747e+02 3.548508e+07 3.814935e+06 
1.482747e+02 3.548508e+07 3.814935e+06 
1.482747e+02 3.548508e+07 3.814935e+06 
1.638920e+02 3.322608e+07 3.814935e+06 
1.799233e+02 3.232619e+07 3.814935e+06 
1.491538e+02 3.470798e+07 3.814935e+06 
1.839979e+02 3.224651e+07 3.814935e+06 
1.691849e+02 3.282185e+07 3.814935e+06 
1.973494e+02 3.160220e+07 3.814935e+06 
1.510332e+02 3.447114e+07 3.814935e+06 
1.651662e+02 3.314028e+07 3.814935e+06 
1.685054e+02 3.297268e+07 3.814935e+06 
1.595457e+02 3.359617e+07 3.814935e+06 
2.035332e+02 3.159554e+07 3.814935e+06 
1.664912e+02 3.305918e+07 3.814935e+06 
1.687871e+02 3.290808e+07 3.814935e+06 
2.135521e+02 3.133160e+07 3.814935e+06 
2.045750e+02 3.153332e+07 3.814935e+06 
1.619888e+02 3.342234e+07 3.814935e+06 
1.534119e+02 3.424184e+07 3.814935e+06 
1.725584e+02 3.271857e+07 3.814935e+06 
1.601788e+02 3.358280e+07 3.814935e+06 
1.823973e+02 3.230454e+07 3.814935e+06 
1.527252e+02 3.436720e+07 3.814935e+06 
1.569519e+02 3.375339e+07 3.814935e+06 
1.576399e+02 3.366757e+07 3.814935e+06 
1.837468e+02 3.225764e+07 3.814935e+06 
1.489098e+02 3.499647e+07 3.814935e+06 
2.219053e+02 3.120081e+07 3.814935e+06 
1.493654e+02 3.454512e+07 3.814935e+06 
2.162159e+02 3.132926e+07 3.814935e+06 
1.647869e+02 3.315385e+07 3.814935e+06 
2.187303e+02 3.122450e+07 3.814935e+06 
1.588473e+02 3.364901e+07 3.814935e+06 
1.957910e+02 3.179023e+07 3.814935e+06 
1.564290e+02 3.407561e+07 3.814935e+06 
1.875714e+02 3.204860e+07 3.814935e+06 
1.931187e+02 3.196681e+07 3.814935e+06 
1.542458e+02 3.420486e+07 3.814935e+06 
2.244626e+02 3.109319e+07 3.814935e+06 
1.855220e+02 3.213361e+07 3.814935e+06 
1.903948e+02 3.199661e+07 3.814935e+06 
1.483725e+02 3.543505e+07 3.814935e+06 
1.870605e+02 3.211544e+07 3.814935e+06 
1.624804e+02 3.333653e+07 3.814935e+06 
1.660134e+02 3.308470e+07 3.814935e+06 
1.520303e+02 3.445972e+07 3.814935e+06 
1.710789e+02 3.281482e+07 3.814935e+06 
1.607305e+02 3.346742e+07 3.814935e+06 
1.911347e+02 3.197407e+07 3.814935e+06 
1.532980e+02 3.435468e+07 3.814935e+06 
1.491053e+02 3.489641e+07 3.814935e+06 
1.758020e+02 3.238678e+07 3.814935e+06 
1.628080e+02 3.328272e+07 3.814935e+06 
1.931515e+02 3.195475e+07 3.814935e+06 
1.727961e+02 3.254243e+07 3.814935e+06 
1.846731e+02 3.219111e+07 3.814935e+06 
1.869836e+02 3.212565e+07 3.814935e+06 
1.625348e+02 3.330137e+07 3.814935e+06 

1.747443e+02 3.276262e+07 3.814935e+06 
1.516339e+02 3.441613e+07 3.814935e+06 
1.518832e+02 3.437135e+07 3.814935e+06 
1.659992e+02 3.321609e+07 3.814935e+06 
1.572690e+02 3.381691e+07 3.814935e+06 
1.667878e+02 3.308704e+07 3.814935e+06 
1.776206e+02 3.247314e+07 3.814935e+06 
1.513068e+02 3.448760e+07 3.814935e+06 
1.482747e+02 3.548508e+07 3.814935e+06 
1.482747e+02 3.548508e+07 3.814935e+06 
1.482747e+02 3.548508e+07 3.814935e+06 
1.482747e+02 3.548508e+07 3.814935e+06 
1.482747e+02 3.548508e+07 3.814935e+06 
1.482747e+02 3.548508e+07 3.814935e+06 
1.482747e+02 3.548508e+07 3.814935e+06 
1.482747e+02 3.548508e+07 3.814935e+06 
1.482747e+02 3.548508e+07 3.814935e+06 
1.482747e+02 3.548508e+07 3.814935e+06 
1.482747e+02 3.548508e+07 3.814935e+06 
1.482747e+02 3.548508e+07 3.814935e+06 
1.482747e+02 3.548508e+07 3.814935e+06 
1.482747e+02 3.548508e+07 3.814935e+06 
1.482747e+02 3.548508e+07 3.814935e+06 
1.482747e+02 3.548508e+07 3.814935e+06 
1.482747e+02 3.548508e+07 3.814935e+06 
1.482747e+02 3.548508e+07 3.814935e+06 
1.482747e+02 3.548508e+07 3.814935e+06 
1.482747e+02 3.548508e+07 3.814935e+06 
1.482747e+02 3.548508e+07 3.814935e+06 
1.482747e+02 3.548508e+07 3.814935e+06 
1.482747e+02 3.548508e+07 3.814935e+06 
1.482747e+02 3.548508e+07 3.814935e+06 
1.482747e+02 3.548508e+07 3.814935e+06 
1.482747e+02 3.548508e+07 3.814935e+06 
1.482747e+02 3.548508e+07 3.814935e+06 
1.482747e+02 3.548508e+07 3.814935e+06 
1.482747e+02 3.548508e+07 3.814935e+06 
1.482747e+02 3.548508e+07 3.814935e+06 
1.482747e+02 3.548508e+07 3.814935e+06 
1.482747e+02 3.548508e+07 3.814935e+06 
1.482747e+02 3.548508e+07 3.814935e+06 
1.482747e+02 3.548508e+07 3.814935e+06 
1.482747e+02 3.548508e+07 3.814935e+06 
1.482747e+02 3.548508e+07 3.814935e+06 
1.482747e+02 3.548508e+07 3.814935e+06 
1.482747e+02 3.548508e+07 3.814935e+06 
1.482747e+02 3.548508e+07 3.814935e+06 
1.482747e+02 3.548508e+07 3.814935e+06 
1.482747e+02 3.548508e+07 3.814935e+06 
1.482747e+02 3.548508e+07 3.814935e+06 
1.482747e+02 3.548508e+07 3.814935e+06 
1.482747e+02 3.548508e+07 3.814935e+06 
1.725647e+02 3.280897e+07 3.814935e+06 
1.621834e+02 3.352710e+07 3.814935e+06 
1.499715e+02 3.473381e+07 3.814935e+06 
1.550963e+02 3.412825e+07 3.814935e+06 
1.627513e+02 3.342243e+07 3.814935e+06 
1.923202e+02 3.197146e+07 3.814935e+06 
1.701814e+02 3.302300e+07 3.814935e+06 
1.552503e+02 3.399982e+07 3.814935e+06 
1.490398e+02 3.482082e+07 3.814935e+06 
1.488936e+02 3.505928e+07 3.814935e+06 
1.650211e+02 3.324132e+07 3.814935e+06 
1.630610e+02 3.328346e+07 3.814935e+06 
1.704499e+02 3.292499e+07 3.814935e+06 
1.492192e+02 3.478358e+07 3.814935e+06 
1.502809e+02 3.452091e+07 3.814935e+06 
1.629423e+02 3.337772e+07 3.814935e+06 
1.607889e+02 3.360373e+07 3.814935e+06 
1.901090e+02 3.214791e+07 3.814935e+06 
1.581796e+02 3.378072e+07 3.814935e+06 
1.618973e+02 3.353837e+07 3.814935e+06 
1.566407e+02 3.391274e+07 3.814935e+06 
1.821233e+02 3.239030e+07 3.814935e+06 
1.585633e+02 3.373378e+07 3.814935e+06 
1.775143e+02 3.262689e+07 3.814935e+06 
1.681555e+02 3.303962e+07 3.814935e+06 
1.591216e+02 3.364049e+07 3.814935e+06 
1.535097e+02 3.419181e+07 3.814935e+06 
1.509892e+02 3.450601e+07 3.814935e+06 
1.572624e+02 3.389823e+07 3.814935e+06 
1.487797e+02 3.517212e+07 3.814935e+06 
2.078393e+02 3.170878e+07 3.814935e+06 
1.500854e+02 3.462097e+07 3.814935e+06 
1.525942e+02 3.421602e+07 3.814935e+06 
1.886459e+02 3.221996e+07 3.814935e+06 
2.008890e+02 3.192930e+07 3.814935e+06 
1.535259e+02 3.412900e+07 3.814935e+06 
1.720806e+02 3.289405e+07 3.814935e+06 
1.626187e+02 3.346640e+07 3.814935e+06 
2.022471e+02 3.183092e+07 3.814935e+06 
1.618083e+02 3.358484e+07 3.814935e+06 
1.763760e+02 3.270975e+07 3.814935e+06 
1.850959e+02 3.228168e+07 3.814935e+06 
1.555647e+02 3.395212e+07 3.814935e+06 
1.518935e+02 3.432494e+07 3.814935e+06 
1.516061e+02 3.445862e+07 3.814935e+06 
1.664551e+02 3.311094e+07 3.814935e+06 
1.488762e+02 3.511602e+07 3.814935e+06 
2.011378e+02 3.184702e+07 3.814935e+06 

