311
4
Arcs	Cost	Risk_C1	Risk_C2	Risk_C3	Risk_C4
0	1	3.59712	834	667.38	1334.76	834
0	220	0.559493	5362	4290.30	8580.6	5362
1	0	3.59712	834	667.38	1334.76	834
1	2	0.4995	6006	4805.14	9610.272	6006
1	17	0.2997	10010	8008.56	16017.12	10010
2	1	0.4995	6006	4805.14	9610.272	6006
2	3	0.333	9009	7207.70	14415.408	9009
3	2	0.333	9009	7207.70	14415.408	9009
3	4	0.135196	22190	17752.31	35504.616	22190
4	3	0.135196	22190	17752.31	35504.616	22190
4	5	0.399574	7508	6006.42	12012.84	7508
4	219	0.147218	20378	16303.14	32606.28	20378
5	4	0.399574	7508	6006.42	12012.84	7508
5	6	0.18538	16183	12947.17	25894.344	16183
6	5	0.18538	16183	12947.17	25894.344	16183
6	7	0.666075	4504	3603.85	7207.704	4504
6	18	0.0813096	36896	29517.26	59034.528	36896
7	6	0.666075	4504	3603.85	7207.704	4504
7	8	0.317864	9438	7550.93	15101.856	9438
7	185	0.699301	4290	3432.24	6864.48	4290
8	7	0.317864	9438	7550.93	15101.856	9438
8	9	0.102831	29174	23339.23	46678.464	29174
9	8	0.102831	29174	23339.23	46678.464	29174
9	10	0.0499467	60064	48051.36	96102.72	60064
9	186	0.34965	8580	6864.48	13728.96	8580
10	9	0.0499467	60064	48051.36	96102.72	60064
10	11	0.102831	29174	23339.23	46678.464	29174
10	187	0.699301	4290	3432.24	6864.48	4290
11	10	0.102831	29174	23339.23	46678.464	29174
11	12	0.0685542	43761	35008.85	70017.696	43761
12	11	0.0685542	43761	35008.85	70017.696	43761
12	13	0.0720894	41615	33292.73	66585.456	41615
12	188	0.174815	17161	13728.96	27457.92	17161
12	226	0.0317844	94386	75509.28	151018.56	94386
13	12	0.0720894	41615	33292.73	66585.456	41615
13	14	0.261347	11479	9183.20	18366.408	11479
14	13	0.261347	11479	9183.20	18366.408	11479
14	15	0.277034	10829	8663.40	17326.8	10829
14	31	0.0461716	64975	51980.40	103960.8	64975
15	14	0.277034	10829	8663.40	17326.8	10829
15	16	0.100053	29984	23987.99	47975.984	29984
15	262	0.0729022	41151	32920.92	65841.84	41151
16	15	0.100053	29984	23987.99	47975.984	29984
16	257	0.461752	6497	5198.04	10396.08	6497
17	1	0.2997	10010	8008.56	16017.12	10010
17	223	0.189274	15850	12680.22	25360.44	15850
18	6	0.0813096	36896	29517.26	59034.528	36896
18	222	0.137112	21880	17504.42	35008.848	21880
19	20	0.4995	6006	4805.14	9610.272	6006
19	223	0.366972	8175	6540.32	13080.648	8175
20	19	0.4995	6006	4805.14	9610.272	6006
20	21	0.582751	5148	4118.69	8237.376	5148
20	37	0.209088	14348	11478.94	22957.872	14348
21	20	0.582751	5148	4118.69	8237.376	5148
21	22	0.999001	3003	2402.57	4805.136	3003
22	21	0.999001	3003	2402.57	4805.136	3003
22	23	0.225581	13299	10639.94	21279.888	13299
23	22	0.225581	13299	10639.94	21279.888	13299
23	24	1.1655	2574	2059.34	4118.688	2574
24	23	1.1655	2574	2059.34	4118.688	2574
24	25	0.333	9009	7207.70	14415.408	9009
24	224	0.102831	29174	23339.23	46678.464	29174
25	24	0.333	9009	7207.70	14415.408	9009
25	26	0.221992	13514	10811.56	21623.112	13514
26	25	0.221992	13514	10811.56	21623.112	13514
26	27	0.18538	16183	12947.17	25894.344	16183
27	26	0.18538	16183	12947.17	25894.344	16183
27	28	0.0699252	42903	34322.40	68644.8	42903
28	27	0.0699252	42903	34322.40	68644.8	42903
28	29	0.197889	15160	12128.76	24257.52	15160
28	46	0.0929627	32271	25816.93	51633.864	32271
28	253	0.112786	26599	21279.89	42559.776	26599
29	28	0.197889	15160	12128.76	24257.52	15160
29	30	0.0748727	40068	32054.58	64109.16	40068
29	47	0.0721431	41584	33267.46	66534.912	41584
30	29	0.0748727	40068	32054.58	64109.16	40068
30	31	0.159219	18842	15074.32	30148.632	18842
30	227	0.0629617	47648	38118.96	76237.92	47648
30	268	0.213098	14078	11262.42	22524.84	14078
31	14	0.0461716	64975	51980.40	103960.8	64975
31	30	0.159219	18842	15074.32	30148.632	18842
31	32	0.109067	27506	22005.04	44010.072	27506
31	261	0.0659602	45482	36386.28	72772.56	45482
32	31	0.109067	27506	22005.04	44010.072	27506
32	33	0.216435	13861	11089.15	22178.304	13861
32	261	0.0577145	51980	41584.32	83168.64	51980
32	264	0.148412	20214	16171.68	32343.36	20214
32	267	0.0800662	37469	29975.36	59950.728	37469
32	272	0.109934	27289	21831.77	43663.536	27289
33	32	0.216435	13861	11089.15	22178.304	13861
33	34	0.138517	21658	17326.80	34653.6	21658
33	260	0.082944	36169	28935.76	57871.512	36169
34	33	0.138517	21658	17326.80	34653.6	21658
34	35	0.0923446	32487	25990.20	51980.4	32487
34	260	0.134481	22308	17846.60	35693.208	22308
34	270	0.115429	25990	20792.16	41584.32	25990
34	272	0.138517	21658	17326.80	34653.6	21658
35	34	0.0923446	32487	25990.20	51980.4	32487
35	36	0.203707	14727	11782.22	23564.448	14727
35	270	0.230858	12995	10396.08	20792.16	12995
35	310	0.147362	20358	16287.19	32574.384	20358
36	35	0.203707	14727	11782.22	23564.448	14727
36	259	0.087668	34220	27376.34	54752.688	34220
37	20	0.209088	14348	11478.94	22957.872	14348
37	38	0.513787	5839	4671.66	9343.32	5839
38	37	0.513787	5839	4671.66	9343.32	5839
38	39	2.997	1001	800.86	1601.712	1001
38	195	1.25892	2383	1906.80	3813.6	2383
39	38	2.997	1001	800.86	1601.712	1001
39	40	0.817439	3670	2936.47	5872.944	3670
40	39	0.817439	3670	2936.47	5872.944	3670
40	41	2.24888	1334	1067.81	2135.616	1334
41	40	2.24888	1334	1067.81	2135.616	1334
41	42	0.528914	5672	4538.18	9076.368	5672
41	225	0.368053	8151	6521.26	13042.512	8151
42	41	0.528914	5672	4538.18	9076.368	5672
42	43	0.155392	19306	15445.08	30890.16	19306
43	42	0.155392	19306	15445.08	30890.16	19306
43	44	0.0499467	60064	48051.36	96102.72	60064
44	43	0.0499467	60064	48051.36	96102.72	60064
44	45	0.139854	21451	17161.20	34322.4	21451
45	44	0.139854	21451	17161.20	34322.4	21451
45	46	0.0932343	32177	25741.80	51483.6	32177
45	231	0.0514156	58348	46678.46	93356.928	58348
46	28	0.0929627	32271	25816.93	51633.864	32271
46	45	0.0932343	32177	25741.80	51483.6	32177
46	47	0.129455	23174	18539.68	37079.352	23174
46	232	0.0366104	81944	65555.78	131111.568	81944
47	29	0.0721431	41584	33267.46	66534.912	41584
47	46	0.129455	23174	18539.68	37079.352	23174
47	48	0.175336	17110	13688.17	27376.344	17110
48	47	0.175336	17110	13688.17	27376.344	17110
48	49	0.0902201	33252	26602.34	53204.688	33252
48	266	0.3463	8663	6930.72	13861.44	8663
48	278	1.10092	2725	2180.52	4361.04	2725
49	48	0.0902201	33252	26602.34	53204.688	33252
49	56	0.091469	32798	26238.92	52477.848	32798
49	65	0.0467428	64181	51345.08	102690.168	64181
49	275	0.164285	18261	14609.48	29218.968	18261
50	195	1.57398	1906	1525.44	3050.88	1906
50	196	3.14795	953	762.72	1525.44	953
51	61	0.599401	5005	4004.28	8008.56	5005
51	68	0.130702	22953	18362.48	36724.968	22953
52	53	0.0832455	36038	28830.82	57661.632	36038
52	71	0.12714	23596	18877.32	37754.64	23596
53	52	0.0832455	36038	28830.82	57661.632	36038
53	54	0.60036	4997	3997.62	7995.24	4997
53	62	0.155007	19354	15483.22	30966.432	19354
53	285	0.262077	11447	9158.18	18316.368	11447
54	53	0.60036	4997	3997.62	7995.24	4997
54	55	0.213038	14082	11266.02	22532.04	14082
54	233	0.182437	16444	13155.80	26311.608	16444
54	277	0.0943426	31799	25439.40	50878.8	31799
55	54	0.213038	14082	11266.02	22532.04	14082
55	56	0.155755	19261	15409.01	30818.016	19261
55	277	0.171086	17535	14028.01	28056.024	17535
55	281	0.165098	18171	14536.80	29073.6	18171
56	49	0.091469	32798	26238.92	52477.848	32798
56	55	0.155755	19261	15409.01	30818.016	19261
56	57	0.347584	8631	6904.98	13809.96	8631
56	275	0.0968335	30981	24785.24	49570.488	30981
56	279	0.0825491	36342	29073.60	58147.2	36342
56	281	0.0943426	31799	25439.40	50878.8	31799
56	282	0.0971188	30890	24712.56	49425.12	30890
57	56	0.347584	8631	6904.98	13809.96	8631
57	58	0.227739	13173	10539.18	21078.36	13173
57	279	0.103189	29073	23258.88	46517.76	29073
58	57	0.227739	13173	10539.18	21078.36	13173
58	59	0.0743697	40339	32271.70	64543.392	40339
58	309	0.0927529	32344	25875.50	51751.008	32344
59	58	0.0743697	40339	32271.70	64543.392	40339
59	309	0.0512733	58510	46808.50	93616.992	58510
60	61	0.199787	15016	12012.84	24025.68	15016
60	196	1.85185	1620	1296.62	2593.248	1620
61	51	0.599401	5005	4004.28	8008.56	5005
61	60	0.199787	15016	12012.84	24025.68	15016
61	62	0.065624	45715	36572.42	73144.848	45715
62	53	0.155007	19354	15483.22	30966.432	19354
62	61	0.065624	45715	36572.42	73144.848	45715
62	63	0.22477	13347	10678.08	21356.16	13347
62	231	0.699301	4290	3432.24	6864.48	4290
63	62	0.22477	13347	10678.08	21356.16	13347
63	64	0.147929	20280	16224.68	32449.368	20280
63	86	0.0485594	61780	49424.26	98848.512	61780
64	63	0.147929	20280	16224.68	32449.368	20280
64	65	0.183599	16340	13072.11	26144.216	16340
64	278	0.692681	4331	3465.36	6930.72	4331
65	49	0.0467428	64181	51345.08	102690.168	64181
65	64	0.183599	16340	13072.11	26144.216	16340
65	66	0.150928	19877	15902.15	31804.304	19877
65	265	0.692681	4331	3465.36	6930.72	4331
66	65	0.150928	19877	15902.15	31804.304	19877
66	67	0.0633781	47335	37868.68	75737.368	47335
66	263	1.38568	2165	1732.68	3465.36	2165
67	66	0.0633781	47335	37868.68	75737.368	47335
67	308	0.692681	4331	3465.36	6930.72	4331
68	51	0.130702	22953	18362.48	36724.968	22953
68	194	0.399574	7508	6006.42	12012.84	7508
69	70	0.263875	11369	9095.44	18190.872	11369
69	194	0.168501	17804	14243.80	28487.592	17804
69	197	0.537924	5577	4461.91	8923.824	5577
70	69	0.263875	11369	9095.44	18190.872	11369
70	252	0.0466171	64354	51483.60	102967.2	64354
71	52	0.12714	23596	18877.32	37754.64	23596
71	252	0.0932343	32177	25741.80	51483.6	32177
72	73	0.411353	7293	5834.81	11669.616	7293
72	85	0.953592	3146	2516.98	5033.952	3146
72	197	0.368053	8151	6521.26	13042.512	8151
73	72	0.411353	7293	5834.81	11669.616	7293
73	234	0.0568505	52770	42216.55	84433.104	52770
74	75	0.174815	17161	13728.96	27457.92	17161
74	234	0.134475	22309	17847.65	35695.296	22309
75	74	0.174815	17161	13728.96	27457.92	17161
75	76	0.116546	25741	20593.44	41186.88	25741
75	87	0.145681	20593	16474.75	32949.504	20593
76	75	0.116546	25741	20593.44	41186.88	25741
76	77	0.0852757	35180	28144.37	56288.736	35180
76	237	0.116546	25741	20593.44	41186.88	25741
77	76	0.0852757	35180	28144.37	56288.736	35180
77	78	0.0852757	35180	28144.37	56288.736	35180
77	236	0.0418714	71648	57318.41	114636.816	71648
78	77	0.0852757	35180	28144.37	56288.736	35180
78	79	0.2331	12870	10296.72	20593.44	12870
79	78	0.2331	12870	10296.72	20593.44	12870
79	80	0.0592593	50625	40500.43	81000.864	50625
79	89	0.699301	4290	3432.24	6864.48	4290
79	238	0.0852757	35180	28144.37	56288.736	35180
80	79	0.0592593	50625	40500.43	81000.864	50625
80	81	0.139854	21451	17161.20	34322.4	21451
80	239	0.0377977	79370	63496.44	126992.88	79370
81	80	0.139854	21451	17161.20	34322.4	21451
81	82	0.0971188	30890	24712.13	49424.256	30890
82	81	0.0971188	30890	24712.13	49424.256	30890
82	83	0.0431642	69502	55602.29	111204.576	69502
82	90	0.259	11583	9267.05	18534.096	11583
83	82	0.0431642	69502	55602.29	111204.576	69502
83	84	0.021716	138147	110518.13	221036.256	138147
83	91	0.699301	4290	3432.24	6864.48	4290
84	83	0.021716	138147	110518.13	221036.256	138147
84	93	0.174815	17161	13728.96	27457.92	17161
84	290	0.0205615	145904	116723.38	233446.752	145904
84	295	0.011953	250982	200786.04	401572.08	250982
85	72	0.953592	3146	2516.98	5033.952	3146
85	96	1.21065	2478	1983.07	3966.144	2478
86	63	0.0485594	61780	49424.26	98848.512	61780
86	87	0.449573	6673	5339.04	10678.08	6673
86	126	0.116546	25741	20593.44	41186.88	25741
87	75	0.145681	20593	16474.75	32949.504	20593
87	86	0.449573	6673	5339.04	10678.08	6673
87	88	0.0755496	39709	31767.29	63534.576	39709
87	97	0.221992	13514	10811.56	21623.112	13514
87	200	0.27972	10725	8580.60	17161.2	10725
88	87	0.0755496	39709	31767.29	63534.576	39709
88	89	0.0998934	30032	24025.68	48051.36	30032
88	237	0.699301	4290	3432.24	6864.48	4290
89	79	0.699301	4290	3432.24	6864.48	4290
89	88	0.0998934	30032	24025.68	48051.36	30032
89	90	0.0513743	58395	46716.60	93433.2	58395
89	277	0.162663	18443	14754.85	29509.704	18443
90	82	0.259	11583	9267.05	18534.096	11583
90	89	0.0513743	58395	46716.60	93433.2	58395
90	91	0.0864479	34703	27763.01	55526.016	34703
90	280	0.254001	11811	9448.92	18897.84	11811
91	83	0.699301	4290	3432.24	6864.48	4290
91	90	0.0864479	34703	27763.01	55526.016	34703
91	92	0.0802719	37373	29898.62	59797.248	37373
92	91	0.0802719	37373	29898.62	59797.248	37373
92	93	0.0587613	51054	40843.66	81687.312	51054
92	94	1.41576	2119	1695.96	3391.92	2119
93	84	0.174815	17161	13728.96	27457.92	17161
93	92	0.0587613	51054	40843.66	81687.312	51054
94	92	1.41576	2119	1695.96	3391.92	2119
94	95	0.168473	17807	14246.06	28492.128	17807
94	276	0.660502	4542	3634.20	7268.4	4542
95	94	0.168473	17807	14246.06	28492.128	17807
95	309	1.65107	1817	1453.68	2907.36	1817
96	85	1.21065	2478	1983.07	3966.144	2478
96	98	0.850581	3527	2822.06	5644.128	3527
97	87	0.221992	13514	10811.56	21623.112	13514
97	99	0.186474	16088	12870.90	25741.8	16088
98	96	0.850581	3527	2822.06	5644.128	3527
98	201	3.93701	762	610.18	1220.352	762
99	97	0.186474	16088	12870.90	25741.8	16088
99	100	0.0699252	42903	34322.40	68644.8	42903
99	199	0.263875	11369	9095.44	18190.872	11369
100	99	0.0699252	42903	34322.40	68644.8	42903
100	101	0.0842484	35609	28487.59	56975.184	35609
101	100	0.0842484	35609	28487.59	56975.184	35609
101	102	0.120564	24883	19906.99	39813.984	24883
101	242	0.0852757	35180	28144.37	56288.736	35180
102	101	0.120564	24883	19906.99	39813.984	24883
102	103	0.0920076	32606	26085.02	52170.048	32606
102	112	0.0932343	32177	25741.80	51483.6	32177
102	241	0.0463084	64783	51826.82	103653.648	64783
103	102	0.0920076	32606	26085.02	52170.048	32606
103	104	0.0834794	35937	28749.60	57499.2	35937
103	240	0.12714	23596	18877.32	37754.64	23596
104	103	0.0834794	35937	28749.60	57499.2	35937
104	105	0.0659051	45520	36416.16	72832.32	45520
104	296	0.0863583	34739	27791.28	55582.56	34739
105	104	0.0659051	45520	36416.16	72832.32	45520
105	106	0.119261	25155	20124.72	40249.44	25155
105	295	0.104351	28749	22999.68	45999.36	28749
105	296	0.0834794	35937	28749.60	57499.2	35937
106	105	0.119261	25155	20124.72	40249.44	25155
106	107	0.20871	14374	11499.84	22999.68	14374
106	295	0.0695668	43124	34499.52	68999.04	43124
107	106	0.20871	14374	11499.84	22999.68	14374
107	115	0.0894428	33541	26832.96	53665.92	33541
108	122	0.642261	4671	3737.33	7474.656	4671
108	201	0.310013	9677	7741.61	15483.216	9677
109	110	0.437063	6864	5491.58	10983.168	6864
109	198	0.2331	12870	10296.72	20593.44	12870
109	199	1.5544	1930	1544.51	3089.016	1930
110	109	0.437063	6864	5491.58	10983.168	6864
110	111	0.0776961	38612	30890.16	61780.32	38612
111	110	0.0776961	38612	30890.16	61780.32	38612
111	112	0.056392	53199	42559.78	85119.552	53199
111	125	0.34965	8580	6864.48	13728.96	8580
111	242	0.34965	8580	6864.48	13728.96	8580
112	102	0.0932343	32177	25741.80	51483.6	32177
112	111	0.056392	53199	42559.78	85119.552	53199
112	113	0.0776961	38612	30890.16	61780.32	38612
112	127	0.699301	4290	3432.24	6864.48	4290
113	112	0.0776961	38612	30890.16	61780.32	38612
113	114	0.104351	28749	22999.68	45999.36	28749
113	128	0.699301	4290	3432.24	6864.48	4290
113	244	0.0822662	36467	29174.04	58348.08	36467
113	303	0.0109239	274628	219702.60	439405.2	274628
114	113	0.104351	28749	22999.68	45999.36	28749
114	115	0.0556535	53905	43124.40	86248.8	53905
114	129	0.699301	4290	3432.24	6864.48	4290
114	296	0.626174	4791	3833.28	7666.56	4791
115	107	0.0894428	33541	26832.96	53665.92	33541
115	114	0.0556535	53905	43124.40	86248.8	53905
115	116	0.053285	56301	45041.04	90082.08	56301
115	130	0.298151	10062	8049.89	16099.776	10062
115	290	0.0424472	70676	56540.88	113081.76	70676
116	115	0.053285	56301	45041.04	90082.08	56301
116	117	0.192653	15572	12458.16	24916.32	15572
116	131	1.25261	2395	1916.64	3833.28	2395
117	116	0.192653	15572	12458.16	24916.32	15572
117	118	0.13611	22041	17633.09	35266.176	22041
117	291	0.169224	17728	14183.14	28366.272	17728
118	117	0.13611	22041	17633.09	35266.176	22041
118	119	0.329525	9104	7283.23	14566.464	9104
118	288	0.391338	7666	6133.25	12266.496	7666
119	118	0.329525	9104	7283.23	14566.464	9104
119	120	0.0736594	40728	32582.88	65165.76	40728
119	132	0.626174	4791	3833.28	7666.56	4791
120	119	0.0736594	40728	32582.88	65165.76	40728
120	121	0.127779	23478	18783.07	37566.144	23478
120	133	0.250438	11979	9583.20	19166.4	11979
120	289	0.0728032	41207	32966.21	65932.416	41207
121	120	0.127779	23478	18783.07	37566.144	23478
121	134	0.626174	4791	3833.28	7666.56	4791
122	108	0.642261	4671	3737.33	7474.656	4671
122	123	0.264434	11345	9076.37	18152.736	11345
122	202	2.62238	1144	915.26	1830.528	1144
123	122	0.264434	11345	9076.37	18152.736	11345
123	124	0.136221	22023	17618.83	35237.664	22023
124	123	0.136221	22023	17618.83	35237.664	22023
124	125	0.183486	16350	13080.65	26161.296	16350
124	136	0.259	11583	9267.05	18534.096	11583
124	198	0.34965	8580	6864.48	13728.96	8580
125	111	0.34965	8580	6864.48	13728.96	8580
125	124	0.183486	16350	13080.65	26161.296	16350
125	126	0.199787	15016	12012.84	24025.68	15016
126	86	0.116546	25741	20593.44	41186.88	25741
126	125	0.199787	15016	12012.84	24025.68	15016
126	127	0.157332	19068	15254.40	30508.8	19068
127	112	0.699301	4290	3432.24	6864.48	4290
127	126	0.157332	19068	15254.40	30508.8	19068
127	128	0.262238	11440	9152.64	18305.28	11440
127	244	0.2331	12870	10296.72	20593.44	12870
128	113	0.699301	4290	3432.24	6864.48	4290
128	127	0.262238	11440	9152.64	18305.28	11440
128	129	0.268336	11180	8944.32	17888.64	11180
129	114	0.699301	4290	3432.24	6864.48	4290
129	128	0.268336	11180	8944.32	17888.64	11180
129	130	0.125219	23958	19166.40	38332.8	23958
130	115	0.298151	10062	8049.89	16099.776	10062
130	129	0.125219	23958	19166.40	38332.8	23958
130	131	0.144488	20763	16610.88	33221.76	20763
130	294	0.127779	23478	18783.07	37566.144	23478
131	116	1.25261	2395	1916.64	3833.28	2395
131	130	0.144488	20763	16610.88	33221.76	20763
131	132	0.187829	15972	12777.60	25555.2	15972
131	292	0.56926	5270	4216.61	8433.216	5270
132	119	0.626174	4791	3833.28	7666.56	4791
132	131	0.187829	15972	12777.60	25555.2	15972
132	133	0.249335	12032	9625.79	19251.584	12032
133	120	0.250438	11979	9583.20	19166.4	11979
133	132	0.249335	12032	9625.79	19251.584	12032
133	134	0.313054	9583	7666.56	15333.12	9583
133	287	0.156527	19166	15333.12	30666.24	19166
134	121	0.626174	4791	3833.28	7666.56	4791
134	133	0.313054	9583	7666.56	15333.12	9583
135	202	0.817439	3670	2936.47	5872.944	3670
135	203	0.449573	6673	5339.04	10678.08	6673
136	124	0.259	11583	9267.05	18534.096	11583
136	243	0.2331	12870	10296.72	20593.44	12870
137	138	1.4985	2002	1601.71	3203.424	2002
137	150	1.79856	1668	1334.76	2669.52	1668
137	203	0.749251	4004	3203.42	6406.848	4004
138	137	1.4985	2002	1601.71	3203.424	2002
138	139	0.561903	5339	4271.23	8542.464	5339
139	138	0.561903	5339	4271.23	8542.464	5339
139	140	0.112381	26695	21356.16	42712.32	26695
140	139	0.112381	26695	21356.16	42712.32	26695
140	141	0.0971188	30890	24712.13	49424.256	30890
140	245	0.116546	25741	20593.44	41186.88	25741
140	246	0.174815	17161	13728.96	27457.92	17161
141	140	0.0971188	30890	24712.13	49424.256	30890
141	142	0.0971188	30890	24712.13	49424.256	30890
142	141	0.0971188	30890	24712.13	49424.256	30890
142	143	0.0329323	91096	72876.96	145753.92	91096
142	244	0.0475685	63067	50453.93	100907.856	63067
143	142	0.0329323	91096	72876.96	145753.92	91096
143	144	0.0373232	80379	64303.20	128606.4	80379
143	155	0.0248822	120568	96454.80	192909.6	120568
143	172	0.047647	62963	50370.84	100741.68	62963
143	307	0.0447882	66982	53586.00	107172	66982
144	143	0.0373232	80379	64303.20	128606.4	80379
144	145	0.030468	98464	78771.42	157542.84	98464
144	304	0.0746473	40189	32151.60	64303.2	40189
144	306	0.0622058	48227	38581.92	77163.84	48227
145	144	0.030468	98464	78771.42	157542.84	98464
145	146	0.030468	98464	78771.42	157542.84	98464
145	304	0.0457024	65642	52514.28	105028.56	65642
145	305	0.0861326	34830	27864.72	55729.44	34830
146	145	0.030468	98464	78771.42	157542.84	98464
146	147	0.0306767	97794	78235.56	156471.12	97794
146	175	0.0895763	33491	26793.00	53586	33491
146	302	0.0471453	63633	50906.70	101813.4	63633
147	146	0.0306767	97794	78235.56	156471.12	97794
147	148	0.0121048	247835	198268.20	396536.4	247835
147	175	0.0235727	127266	101813.40	203626.8	127266
147	301	0.0486831	61623	49299.12	98598.24	61623
147	302	0.0215327	139323	111458.88	222917.76	139323
148	147	0.0121048	247835	198268.20	396536.4	247835
148	149	0.0710934	42198	33759.18	67518.36	42198
148	297	0.0520797	57604	46083.96	92167.92	57604
149	148	0.0710934	42198	33759.18	67518.36	42198
149	287	0.0207351	144682	115745.76	231491.52	144682
150	137	1.79856	1668	1334.76	2669.52	1668
150	151	0.399574	7508	6006.42	12012.84	7508
151	150	0.399574	7508	6006.42	12012.84	7508
151	152	0.29756	10082	8065.76	16131.528	10082
151	156	0.342036	8771	7017.02	14034.048	8771
152	151	0.29756	10082	8065.76	16131.528	10082
152	153	0.215162	13943	11154.78	22309.56	13943
153	152	0.215162	13943	11154.78	22309.56	13943
153	154	0.139854	21451	17161.20	34322.4	21451
154	153	0.139854	21451	17161.20	34322.4	21451
154	155	0.056392	53199	42559.78	85119.552	53199
154	157	0.139854	21451	17161.20	34322.4	21451
154	246	0.184015	16303	13042.51	26085.024	16303
155	143	0.0248822	120568	96454.80	192909.6	120568
155	154	0.056392	53199	42559.78	85119.552	53199
155	170	0.0613535	48897	39117.78	78235.56	48897
155	246	0.116546	25741	20593.44	41186.88	25741
156	151	0.342036	8771	7017.02	14034.048	8771
156	160	0.699301	4290	3432.24	6864.48	4290
157	154	0.139854	21451	17161.20	34322.4	21451
157	167	0.699301	4290	3432.24	6864.48	4290
157	168	0.139854	21451	17161.20	34322.4	21451
158	167	0.699301	4290	3432.24	6864.48	4290
158	251	0.27972	10725	8580.60	17161.2	10725
159	168	0.152014	19735	15788.30	31576.608	19735
159	249	0.0896486	33464	26771.47	53542.944	33464
160	156	0.699301	4290	3432.24	6864.48	4290
160	161	1.4985	2002	1601.71	3203.424	2002
160	176	1.12402	2669	2135.62	4271.232	2669
161	160	1.4985	2002	1601.71	3203.424	2002
161	162	1.12402	2669	2135.62	4271.232	2669
162	161	1.12402	2669	2135.62	4271.232	2669
162	163	0.691722	4337	3470.38	6940.752	4337
163	162	0.691722	4337	3470.38	6940.752	4337
163	164	0.174571	17185	13748.03	27496.056	17185
164	163	0.174571	17185	13748.03	27496.056	17185
164	165	0.32694	9176	7341.18	14682.36	9176
164	204	0.2331	12870	10296.72	20593.44	12870
165	164	0.32694	9176	7341.18	14682.36	9176
165	166	0.199787	15016	12012.84	24025.68	15016
166	165	0.199787	15016	12012.84	24025.68	15016
166	167	0.333	9009	7207.70	14415.408	9009
167	157	0.699301	4290	3432.24	6864.48	4290
167	158	0.699301	4290	3432.24	6864.48	4290
167	166	0.333	9009	7207.70	14415.408	9009
167	168	0.179813	16684	13347.60	26695.2	16684
168	157	0.139854	21451	17161.20	34322.4	21451
168	159	0.152014	19735	15788.30	31576.608	19735
168	167	0.179813	16684	13347.60	26695.2	16684
168	169	0.137112	21880	17504.76	35009.52	21880
169	168	0.137112	21880	17504.76	35009.52	21880
169	170	0.0928793	32300	25840.36	51680.72	32300
170	155	0.0613535	48897	39117.78	78235.56	48897
170	169	0.0928793	32300	25840.36	51680.72	32300
170	171	0.0397135	75541	60433.10	120866.2	75541
170	248	0.0287103	104492	83594.16	167188.32	104492
171	170	0.0397135	75541	60433.10	120866.2	75541
171	172	0.383926	7814	6251.70	12503.4	7814
171	247	0.0344523	87077	69661.80	139323.6	87077
172	143	0.047647	62963	50370.84	100741.68	62963
172	171	0.383926	7814	6251.70	12503.4	7814
172	173	0.0928793	32300	25840.36	51680.72	32300
173	172	0.0928793	32300	25840.36	51680.72	32300
173	174	0.0895763	33491	26793.00	53586	33491
173	247	0.0242098	123917	99134.10	198268.2	123917
173	304	0.117864	25453	20362.68	40725.36	25453
174	173	0.0895763	33491	26793.00	53586	33491
174	175	0.0219549	136644	109315.44	218630.88	136644
174	304	0.179158	16745	13396.50	26793	16745
175	146	0.0895763	33491	26793.00	53586	33491
175	147	0.0235727	127266	101813.40	203626.8	127266
175	174	0.0219549	136644	109315.44	218630.88	136644
176	160	1.12402	2669	2135.62	4271.232	2669
176	178	0.408664	7341	5872.94	11745.888	7341
177	205	0.691722	4337	3470.38	6940.752	4337
177	250	0.0466171	64354	51483.60	102967.2	64354
178	176	0.408664	7341	5872.94	11745.888	7341
178	182	0.310013	9677	7741.61	15483.216	9677
179	180	0.580046	5172	4137.76	8275.512	5172
179	207	0.24975	12012	9610.27	19220.544	12012
180	179	0.580046	5172	4137.76	8275.512	5172
180	211	0.513787	5839	4671.66	9343.32	5839
181	182	0.408664	7341	5872.94	11745.888	7341
181	189	0.4662	6435	5148.36	10296.72	6435
182	178	0.310013	9677	7741.61	15483.216	9677
182	181	0.408664	7341	5872.94	11745.888	7341
182	183	0.134186	22357	17885.78	35771.568	22357
183	182	0.134186	22357	17885.78	35771.568	22357
183	184	0.179813	16684	13347.60	26695.2	16684
184	183	0.179813	16684	13347.60	26695.2	16684
184	213	0.817439	3670	2936.47	5872.944	3670
185	7	0.699301	4290	3432.24	6864.48	4290
186	9	0.34965	8580	6864.48	13728.96	8580
186	228	0.0437037	68644	54915.84	109831.68	68644
187	10	0.699301	4290	3432.24	6864.48	4290
187	226	0.0317844	94386	75509.28	151018.56	94386
188	12	0.174815	17161	13728.96	27457.92	17161
189	181	0.4662	6435	5148.36	10296.72	6435
189	190	0.411353	7293	5834.81	11669.616	7293
190	189	0.411353	7293	5834.81	11669.616	7293
190	193	0.34965	8580	6864.48	13728.96	8580
191	209	2.24888	1334	1067.81	2135.616	1334
191	213	1.2848	2335	1868.66	3737.328	2335
192	208	1.99867	1501	1201.28	2402.568	1501
192	212	1.5544	1930	1544.51	3089.016	1930
193	190	0.34965	8580	6864.48	13728.96	8580
193	220	0.25428	11798	9438.66	18877.32	11798
194	68	0.399574	7508	6006.42	12012.84	7508
194	69	0.168501	17804	14243.80	28487.592	17804
195	38	1.25892	2383	1906.80	3813.6	2383
195	50	1.57398	1906	1525.44	3050.88	1906
196	50	3.14795	953	762.72	1525.44	953
196	60	1.85185	1620	1296.62	2593.248	1620
197	69	0.537924	5577	4461.91	8923.824	5577
197	72	0.368053	8151	6521.26	13042.512	8151
198	109	0.2331	12870	10296.72	20593.44	12870
198	124	0.34965	8580	6864.48	13728.96	8580
199	99	0.263875	11369	9095.44	18190.872	11369
199	109	1.5544	1930	1544.51	3089.016	1930
200	87	0.27972	10725	8580.60	17161.2	10725
201	98	3.93701	762	610.18	1220.352	762
201	108	0.310013	9677	7741.61	15483.216	9677
202	122	2.62238	1144	915.26	1830.528	1144
202	135	0.817439	3670	2936.47	5872.944	3670
203	135	0.449573	6673	5339.04	10678.08	6673
203	137	0.749251	4004	3203.42	6406.848	4004
204	164	0.2331	12870	10296.72	20593.44	12870
204	251	0.0822662	36467	29174.04	58348.08	36467
205	177	0.691722	4337	3470.38	6940.752	4337
205	206	0.777001	3861	3089.02	6178.032	3861
206	205	0.777001	3861	3089.02	6178.032	3861
206	207	0.635728	4719	3775.46	7550.928	4719
207	179	0.24975	12012	9610.27	19220.544	12012
207	206	0.635728	4719	3775.46	7550.928	4719
208	192	1.99867	1501	1201.28	2402.568	1501
208	209	0.368053	8151	6521.26	13042.512	8151
209	191	2.24888	1334	1067.81	2135.616	1334
209	208	0.368053	8151	6521.26	13042.512	8151
209	210	0.561903	5339	4271.23	8542.464	5339
210	209	0.561903	5339	4271.23	8542.464	5339
210	211	0.899281	3336	2669.52	5339.04	3336
211	180	0.513787	5839	4671.66	9343.32	5839
211	210	0.899281	3336	2669.52	5339.04	3336
212	192	1.5544	1930	1544.51	3089.016	1930
212	214	0.777001	3861	3089.02	6178.032	3861
213	184	0.817439	3670	2936.47	5872.944	3670
213	191	1.2848	2335	1868.66	3737.328	2335
214	212	0.777001	3861	3089.02	6178.032	3861
214	215	0.777001	3861	3089.02	6178.032	3861
215	214	0.777001	3861	3089.02	6178.032	3861
215	216	0.101341	29603	23682.46	47364.912	29603
216	215	0.101341	29603	23682.46	47364.912	29603
216	217	0.166491	18019	14415.41	28830.816	18019
217	216	0.166491	18019	14415.41	28830.816	18019
217	218	0.411353	7293	5834.81	11669.616	7293
218	217	0.411353	7293	5834.81	11669.616	7293
218	219	0.34965	8580	6864.48	13728.96	8580
219	4	0.147218	20378	16303.14	32606.28	20378
219	218	0.34965	8580	6864.48	13728.96	8580
220	0	0.559493	5362	4290.30	8580.6	5362
220	193	0.25428	11798	9438.66	18877.32	11798
221	224	0.27972	10725	8580.60	17161.2	10725
221	256	0.399574	7508	6006.42	12012.84	7508
222	18	0.137112	21880	17504.42	35008.848	21880
222	256	0.285415	10511	8408.99	16817.976	10511
223	17	0.189274	15850	12680.22	25360.44	15850
223	19	0.366972	8175	6540.32	13080.648	8175
224	24	0.102831	29174	23339.23	46678.464	29174
224	221	0.27972	10725	8580.60	17161.2	10725
224	229	0.0874075	34322	27457.92	54915.84	34322
225	41	0.368053	8151	6521.26	13042.512	8151
225	230	0.0728403	41186	32949.50	65899.008	41186
226	12	0.0317844	94386	75509.28	151018.56	94386
226	187	0.0317844	94386	75509.28	151018.56	94386
226	227	0.0317844	94386	75509.28	151018.56	94386
227	30	0.0629617	47648	38118.96	76237.92	47648
227	226	0.0317844	94386	75509.28	151018.56	94386
227	228	0.0813096	36896	29517.26	59034.528	36896
227	255	0.0998934	30032	24025.68	48051.36	30032
228	186	0.0437037	68644	54915.84	109831.68	68644
228	227	0.0813096	36896	29517.26	59034.528	36896
228	229	0.0592593	50625	40500.43	81000.864	50625
228	256	0.0764214	39256	31405.00	62809.992	39256
229	224	0.0874075	34322	27457.92	54915.84	34322
229	228	0.0592593	50625	40500.43	81000.864	50625
229	253	0.104366	28745	22996.01	45992.016	28745
230	225	0.0728403	41186	32949.50	65899.008	41186
230	231	0.0971188	30890	24712.13	49424.256	30890
231	45	0.0514156	58348	46678.46	93356.928	58348
231	62	0.699301	4290	3432.24	6864.48	4290
231	230	0.0971188	30890	24712.13	49424.256	30890
231	232	0.129495	23167	18534.10	37068.192	23167
232	46	0.0366104	81944	65555.78	131111.568	81944
232	231	0.129495	23167	18534.10	37068.192	23167
232	254	0.0499467	60064	48051.36	96102.72	60064
233	54	0.182437	16444	13155.80	26311.608	16444
233	236	0.131938	22738	18190.87	36381.744	22738
233	252	0.0437037	68644	54915.84	109831.68	68644
234	73	0.0568505	52770	42216.55	84433.104	52770
234	74	0.134475	22309	17847.65	35695.296	22309
234	235	0.27972	10725	8580.60	17161.2	10725
234	252	0.116546	25741	20593.44	41186.88	25741
235	234	0.27972	10725	8580.60	17161.2	10725
235	236	0.131938	22738	18190.87	36381.744	22738
236	77	0.0418714	71648	57318.41	114636.816	71648
236	233	0.131938	22738	18190.87	36381.744	22738
236	235	0.131938	22738	18190.87	36381.744	22738
237	76	0.116546	25741	20593.44	41186.88	25741
237	88	0.699301	4290	3432.24	6864.48	4290
237	238	0.0822662	36467	29174.04	58348.08	36467
238	79	0.0852757	35180	28144.37	56288.736	35180
238	237	0.0822662	36467	29174.04	58348.08	36467
238	241	0.0608051	49338	39470.76	78941.52	49338
239	80	0.0377977	79370	63496.44	126992.88	79370
239	240	0.0416222	72077	57661.63	115323.264	72077
239	295	0.0406543	73793	59034.53	118069.056	73793
240	103	0.12714	23596	18877.32	37754.64	23596
240	239	0.0416222	72077	57661.63	115323.264	72077
240	241	0.0428994	69931	55945.51	111891.024	69931
241	102	0.0463084	64783	51826.82	103653.648	64783
241	238	0.0608051	49338	39470.76	78941.52	49338
241	240	0.0428994	69931	55945.51	111891.024	69931
242	101	0.0852757	35180	28144.37	56288.736	35180
242	111	0.34965	8580	6864.48	13728.96	8580
243	136	0.2331	12870	10296.72	20593.44	12870
243	245	0.174815	17161	13728.96	27457.92	17161
244	113	0.0822662	36467	29174.04	58348.08	36467
244	127	0.2331	12870	10296.72	20593.44	12870
244	142	0.0475685	63067	50453.93	100907.856	63067
244	307	0.0288956	103822	83058.30	166116.6	103822
245	140	0.116546	25741	20593.44	41186.88	25741
245	243	0.174815	17161	13728.96	27457.92	17161
246	140	0.174815	17161	13728.96	27457.92	17161
246	154	0.184015	16303	13042.51	26085.024	16303
246	155	0.116546	25741	20593.44	41186.88	25741
247	171	0.0344523	87077	69661.80	139323.6	87077
247	173	0.0242098	123917	99134.10	198268.2	123917
247	248	0.205663	14587	11669.62	23339.232	14587
248	170	0.0287103	104492	83594.16	167188.32	104492
248	247	0.205663	14587	11669.62	23339.232	14587
248	249	0.0499467	60064	48051.36	96102.72	60064
249	159	0.0896486	33464	26771.47	53542.944	33464
249	248	0.0499467	60064	48051.36	96102.72	60064
249	250	0.0635687	47193	37754.64	75509.28	47193
250	177	0.0466171	64354	51483.60	102967.2	64354
250	249	0.0635687	47193	37754.64	75509.28	47193
250	251	0.0971188	30890	24712.13	49424.256	30890
251	158	0.27972	10725	8580.60	17161.2	10725
251	204	0.0822662	36467	29174.04	58348.08	36467
251	250	0.0971188	30890	24712.13	49424.256	30890
252	70	0.0466171	64354	51483.60	102967.2	64354
252	71	0.0932343	32177	25741.80	51483.6	32177
252	233	0.0437037	68644	54915.84	109831.68	68644
252	234	0.116546	25741	20593.44	41186.88	25741
253	28	0.112786	26599	21279.89	42559.776	26599
253	229	0.104366	28745	22996.01	45992.016	28745
253	255	0.0776961	38612	30890.16	61780.32	38612
254	232	0.0499467	60064	48051.36	96102.72	60064
254	285	0.471772	6359	5087.88	10175.76	6359
255	227	0.0998934	30032	24025.68	48051.36	30032
255	253	0.0776961	38612	30890.16	61780.32	38612
256	221	0.399574	7508	6006.42	12012.84	7508
256	222	0.285415	10511	8408.99	16817.976	10511
256	228	0.0764214	39256	31405.00	62809.992	39256
257	16	0.461752	6497	5198.04	10396.08	6497
257	258	0.0629617	47648	38118.96	76237.92	47648
257	262	0.0675691	44399	35519.94	71039.88	44399
257	269	0.0501865	59777	47821.97	95643.936	59777
258	257	0.0629617	47648	38118.96	76237.92	47648
258	259	0.147362	20358	16287.19	32574.384	20358
258	261	0.10185	29455	23564.45	47128.896	29455
259	36	0.087668	34220	27376.34	54752.688	34220
259	258	0.147362	20358	16287.19	32574.384	20358
259	260	0.115429	25990	20792.16	41584.32	25990
259	269	0.205212	14619	11695.59	23391.18	14619
260	33	0.082944	36169	28935.76	57871.512	36169
260	34	0.134481	22308	17846.60	35693.208	22308
260	259	0.115429	25990	20792.16	41584.32	25990
260	261	0.0923446	32487	25990.20	51980.4	32487
261	31	0.0659602	45482	36386.28	72772.56	45482
261	32	0.0577145	51980	41584.32	83168.64	51980
261	258	0.10185	29455	23564.45	47128.896	29455
261	260	0.0923446	32487	25990.20	51980.4	32487
261	262	0.3463	8663	6930.72	13861.44	8663
262	15	0.0729022	41151	32920.92	65841.84	41151
262	257	0.0675691	44399	35519.94	71039.88	44399
262	261	0.3463	8663	6930.72	13861.44	8663
263	66	1.38568	2165	1732.68	3465.36	2165
263	264	0.0923446	32487	25990.20	51980.4	32487
263	265	0.0696056	43100	34480.33	68960.664	43100
263	274	0.13192	22741	18193.14	36386.28	22741
264	32	0.148412	20214	16171.68	32343.36	20214
264	263	0.0923446	32487	25990.20	51980.4	32487
264	265	0.0868734	34533	27626.62	55253.24	34533
264	267	0.0800662	37469	29975.36	59950.728	37469
264	273	0.142803	21008	16807.00	33613.992	21008
265	65	0.692681	4331	3465.36	6930.72	4331
265	263	0.0696056	43100	34480.33	68960.664	43100
265	264	0.0868734	34533	27626.62	55253.24	34533
265	266	0.138517	21658	17326.80	34653.6	21658
266	48	0.3463	8663	6930.72	13861.44	8663
266	265	0.138517	21658	17326.80	34653.6	21658
266	267	0.0796073	37685	30148.63	60297.264	37685
267	32	0.0800662	37469	29975.36	59950.728	37469
267	264	0.0800662	37469	29975.36	59950.728	37469
267	266	0.0796073	37685	30148.63	60297.264	37685
267	268	0.0685714	43750	35000.14	70000.272	43750
268	30	0.213098	14078	11262.42	22524.84	14078
268	267	0.0685714	43750	35000.14	70000.272	43750
269	257	0.0501865	59777	47821.97	95643.936	59777
269	259	0.205212	14619	11695.59	23391.18	14619
270	34	0.115429	25990	20792.16	41584.32	25990
270	35	0.230858	12995	10396.08	20792.16	12995
270	271	0.251847	11912	9529.74	19059.48	11912
270	310	0.307819	9746	7797.06	15594.12	9746
271	270	0.251847	11912	9529.74	19059.48	11912
271	272	0.0982383	30538	24430.79	48861.576	30538
271	308	0.0769527	38985	31188.24	62376.48	38985
272	32	0.109934	27289	21831.77	43663.536	27289
272	34	0.138517	21658	17326.80	34653.6	21658
272	271	0.0982383	30538	24430.79	48861.576	30538
272	273	0.288573	10396	8316.86	16633.728	10396
273	264	0.142803	21008	16807.00	33613.992	21008
273	272	0.288573	10396	8316.86	16633.728	10396
273	274	0.110812	27073	21658.50	43317	27073
274	263	0.13192	22741	18193.14	36386.28	22741
274	273	0.110812	27073	21658.50	43317	27073
274	308	0.0579565	51763	41411.05	82822.104	51763
275	49	0.164285	18261	14609.48	29218.968	18261
275	56	0.0968335	30981	24785.24	49570.488	30981
275	278	0.122299	24530	19624.68	39249.36	24530
275	282	0.165098	18171	14536.80	29073.6	18171
275	283	0.471772	6359	5087.88	10175.76	6359
276	94	0.660502	4542	3634.20	7268.4	4542
276	279	0.165098	18171	14536.80	29073.6	18171
277	54	0.0943426	31799	25439.40	50878.8	31799
277	55	0.171086	17535	14028.01	28056.024	17535
277	89	0.162663	18443	14754.85	29509.704	18443
277	280	0.366928	8176	6541.56	13083.12	8176
278	48	1.10092	2725	2180.52	4361.04	2725
278	64	0.692681	4331	3465.36	6930.72	4331
278	275	0.122299	24530	19624.68	39249.36	24530
278	283	0.117929	25439	20351.52	40703.04	25439
278	286	0.178486	16808	13446.54	26893.08	16808
279	56	0.0825491	36342	29073.60	58147.2	36342
279	57	0.103189	29073	23258.88	46517.76	29073
279	276	0.165098	18171	14536.80	29073.6	18171
279	280	0.183453	16353	13083.12	26166.24	16353
280	90	0.254001	11811	9448.92	18897.84	11811
280	277	0.366928	8176	6541.56	13083.12	8176
280	279	0.183453	16353	13083.12	26166.24	16353
280	281	0.0825491	36342	29073.60	58147.2	36342
281	55	0.165098	18171	14536.80	29073.6	18171
281	56	0.0943426	31799	25439.40	50878.8	31799
281	280	0.0825491	36342	29073.60	58147.2	36342
282	56	0.0971188	30890	24712.56	49425.12	30890
282	275	0.165098	18171	14536.80	29073.6	18171
282	285	0.275179	10902	8722.08	17444.16	10902
283	275	0.471772	6359	5087.88	10175.76	6359
283	278	0.117929	25439	20351.52	40703.04	25439
283	284	0.379555	7904	6323.51	12647.016	7904
284	283	0.379555	7904	6323.51	12647.016	7904
284	285	0.393133	7631	6105.46	12210.912	7631
284	286	0.264178	11356	9085.50	18171	11356
285	53	0.262077	11447	9158.18	18316.368	11447
285	254	0.471772	6359	5087.88	10175.76	6359
285	282	0.275179	10902	8722.08	17444.16	10902
285	284	0.393133	7631	6105.46	12210.912	7631
286	278	0.178486	16808	13446.54	26893.08	16808
286	284	0.264178	11356	9085.50	18171	11356
287	133	0.156527	19166	15333.12	30666.24	19166
287	149	0.0207351	144682	115745.76	231491.52	144682
288	118	0.391338	7666	6133.25	12266.496	7666
288	289	0.059346	50551	40441.10	80882.208	50551
289	120	0.0728032	41207	32966.21	65932.416	41207
289	288	0.059346	50551	40441.10	80882.208	50551
289	290	0.0574405	52228	41782.75	83565.504	52228
290	84	0.0205615	145904	116723.38	233446.752	145904
290	115	0.0424472	70676	56540.88	113081.76	70676
290	289	0.0574405	52228	41782.75	83565.504	52228
290	291	0.0934492	32103	25682.98	51365.952	32103
291	117	0.169224	17728	14183.14	28366.272	17728
291	290	0.0934492	32103	25682.98	51365.952	32103
292	131	0.56926	5270	4216.61	8433.216	5270
292	293	0.0993805	30187	24149.66	48299.328	30187
293	292	0.0993805	30187	24149.66	48299.328	30187
293	298	0.154599	19405	15524.78	31049.568	19405
294	130	0.127779	23478	18783.07	37566.144	23478
294	303	0.0339305	88416	70733.52	141467.04	88416
295	84	0.011953	250982	200786.04	401572.08	250982
295	105	0.104351	28749	22999.68	45999.36	28749
295	106	0.0695668	43124	34499.52	68999.04	43124
295	239	0.0406543	73793	59034.53	118069.056	73793
296	104	0.0863583	34739	27791.28	55582.56	34739
296	105	0.0834794	35937	28749.60	57499.2	35937
296	114	0.626174	4791	3833.28	7666.56	4791
297	148	0.0520797	57604	46083.96	92167.92	57604
297	298	0.0204512	146691	117353.34	234706.68	146691
297	300	0.0326918	91766	73412.82	146825.64	91766
298	293	0.154599	19405	15524.78	31049.568	19405
298	297	0.0204512	146691	117353.34	234706.68	146691
298	299	0.0814332	36840	29472.30	58944.6	36840
299	298	0.0814332	36840	29472.30	58944.6	36840
299	300	0.0407166	73680	58944.60	117889.2	73680
300	297	0.0326918	91766	73412.82	146825.64	91766
300	299	0.0407166	73680	58944.60	117889.2	73680
300	301	0.0772221	38849	31079.88	62159.76	38849
301	147	0.0486831	61623	49299.12	98598.24	61623
301	300	0.0772221	38849	31079.88	62159.76	38849
302	146	0.0471453	63633	50906.70	101813.4	63633
302	147	0.0215327	139323	111458.88	222917.76	139323
302	303	0.0952956	31481	25185.42	50370.84	31481
303	113	0.0109239	274628	219702.60	439405.2	274628
303	294	0.0339305	88416	70733.52	141467.04	88416
303	302	0.0952956	31481	25185.42	50370.84	31481
304	144	0.0746473	40189	32151.60	64303.2	40189
304	145	0.0457024	65642	52514.28	105028.56	65642
304	173	0.117864	25453	20362.68	40725.36	25453
304	174	0.179158	16745	13396.50	26793	16745
305	145	0.0861326	34830	27864.72	55729.44	34830
305	306	0.0246087	121908	97526.52	195053.04	121908
306	144	0.0622058	48227	38581.92	77163.84	48227
306	305	0.0246087	121908	97526.52	195053.04	121908
306	307	0.030468	98464	78771.42	157542.84	98464
307	143	0.0447882	66982	53586.00	107172	66982
307	244	0.0288956	103822	83058.30	166116.6	103822
307	306	0.030468	98464	78771.42	157542.84	98464
308	67	0.692681	4331	3465.36	6930.72	4331
308	271	0.0769527	38985	31188.24	62376.48	38985
308	274	0.0579565	51763	41411.05	82822.104	51763
308	310	0.133191	22524	18019.87	36039.744	22524
309	58	0.0927529	32344	25875.50	51751.008	32344
309	59	0.0512733	58510	46808.50	93616.992	58510
309	95	1.65107	1817	1453.68	2907.36	1817
310	35	0.147362	20358	16287.19	32574.384	20358
310	270	0.307819	9746	7797.06	15594.12	9746
310	308	0.133191	22524	18019.87	36039.744	22524
EndArcs
source	dest	demand	nbTrucks
262	173	943	13
209	105	178	28
210	112	681	22
204	245	506	26